497,346,351
256,253
257,27
212,261
0,258
193,909,916,885,823,984,698,831
935,420,511
788,878
768,797,989
624,433
736,1009,515
352,887
411,421,702
753,303
978,506,693
344,369
657,220,621
142,590
638,491,302
587,647
529,2,243
576,458
385,981,494
893,157
168,18,402,1013,479
184,65,407
224,291
104,399,337,370,26
512,101,79,245,377
322,333,215,441,414
40,207,87,376,442
242,438,238
602,611
90,29,701
363,31
882,603,927
929,855
129,456,284,155,156
177,1018,396
460,1023
408,244,430
51,332
357,901,375
165,942
246,55,537,218,30
971,22,311
57,306
91,348,838
804,735
667,780,435
419,423
46,110,38
32,995
513,548,222
219,588
674,675,626
924,926
681,154,649
473,530
296,113,14
818,362
137,138,404,572,861
424,77,405
425,66
170,10,28
16,897
336,749,589
729,324
3,166,6,457,74
281,713,489
361,527
307,843,595
1042,951
161,292,81,565,317
1029,71,767
493,69
318,559
323,229
75,445
72,724
5,342
73,449
80,9,7
395,12
505,538
746,543
568,194
700,564
248,468
608,490,301
300,13
545,17
488,114,20
498,53
24,646
48,629
42,34
584,36
49,35
627,44
43,47
41,50,37
45,39
54,999
56,486
309,198
58,205
398,183
280,297
481,355,454
299,60
640,633
410,61
992,409
732,791
89,252
88,63
312,211,68
216,76
416,358
130,147,102,106,78
514,366,1031
553,691
393,294
136,111
82,517
394,131
365,134
172,412
516,135
84,919
994,579
786,86,519
250,92
566,94
480,93
792,967
620,95
522,483
536,596
97,852
889,578
98,570
1008,99,710
755,718
171,403,533,974
320,103,200,319
353,451
345,105
128,247,472,107,461
339,108,341
225,706
223,455
112,547
632,115,231
950,239
240,817
960,959
116,615
496,234
340,117,287
152,121,118
120,123
122,390
360,151
938,124,677
869,934
126,127
418,285
432,434
417,426
182,431
617,185
810,775
132,598
392,616
492,447
139,476,203
204,141,199
446,663
851,716
144,690,338
961,145,764
378,556
259,255
914,146
213,181,383
298,382
148,389
384,892
949,550
720,386
380,660
293,381
314,180
387,188
475,150,286
737,777
153,591
160,448
308,158
521,637,903
592,162
806,622
560,593
164,373,374
856,230
228,167
922,867
227,844
873,886
169,467,631
290,531
221,173
585,557,175
186,459
187,654
400,552
986,708,1021
635,551
712,781
827,316
769,178
504,558
824,630
834,948
636,580
787,534
265,734
962,988
680,628
379,388,189
249,315
321,214
226,266
268,278
192,1005
273,269
190,271
195,651,325
196,862
756,653
833,829
201,241,463
236,525
478,206
267,532
202,327
208,900,853
704,930,928
1033,210
217,427,413
232,329,235
233,554
744,313,237
466,484,485
251,359
372,310
507,773,262
254,263
354,260,334
283,349
888,264,586
482,524
272,279
277,270
275,276
921,1019,356
274,678
676,670
738,282,805
288,599
872,765
917,799
546,510
437,343
364,295
368,304,795
614,439
326,695
601,562,331
450,694
863,583
581,607
328,495
650,523
541,535
330,955
609,964
539,605
705,612
666,859,717
575,335
347,947
555,350
474,763,367
1020,925
648,477
618,499
371,975
977,979
619,748
811,883
726,391
443,526
444,759
739,397
401,682,470
406,966,847
422,429,758
428,415
440,881,436
684,518
668,782
452,644
932,453
462,582
464,509,1022
469,471
1044,958
946,487
816,642
500,502
740,918
854,503
508,991
520,850
528,683,567
540,998
544,594
845,542
597,711
641,549
864,793
606,573,870
858,1034
728,561
832,877
659,766
563,742
993,569
688,604
625,571
1032,610
577,772
762,574
803,723
600,828
613,623
1000,785
1041,1010
752,634
953,1014
915,821
1011,820
703,733,639
745,662
722,643
661,815
1036,941
970,1035
802,645
652,686
784,725
658,655
656,774,895
800,699
696,715
835,879
860,837
664,890,757
1003,1007
952,1001
665,727
849,669
779,789
910,671
673,687
730,750
672,709
809,747,679
908,940,1046
1028,685
907,1030
714,839
689,770
985,692,813
697,1038
913,707,719
898,822,751
721,945
880,865,731
891,982
842,741
939,796
937,743
1025,836
840,841,819
896,754
760,957,1039
920,826
761,1006
771,884,783
944,980
848,905
776,825
778,846
1016,902,790
1012,997
904,943
1024,794
801,1027,894
983,807,911
812,933
931,814
876,830
857,956
866,987,965
868,871
1040,1015
954,874
1002,875,990
936,899,1004
1017,923
906,1043,963
968,973
969,972
976,1026,996
1037,1045
