261,351
256,257
0,212
258,27
843,797
890,1022
659,877
728,1034
571,502,615
610,963
626,436,854
440,978
881,954,415
753,562
611,157,238
242,235
411,540,397
738,739
193,496,528,213,214
602,795,500
443,581
232,233,583
329,582
1032,625,167
856,229
746,458,490,396,147
554,116,503
234,438
104,565,446
333,445
545,402,479
248,700
216,75,236
17,463
57,493,710
226,900
304,66,462
221,647
129,456,55,377,218
92,253,215
16,206
449,3,166,342,287
683,68,230
312,211
6,9,340,26,414
306,99,5
208,22
161,292,284,246,156
488,81,18,379,189
128,457,338,155,317
427,405,127
76,358
160,73,294
393,366
537,10,28
170,399
368,369,173
290,531
464,595,509
674,567
7,80,117,442,861
202,525,114
241,201
724,318,559
72,323
138,107,74,79,30
353,2,497
346,250
416,413,424
217,357
249,266,388
321,315
322,243,69
520,850
313,307,951
624,1042
332,77,430,370,572
897,412,308
448,158
130,102,106,78,472
281,874,759
713,526
267,20,478
532,327
906,1043,757
664,494
568,302
300,13
608,564
301,543
538,468
505,395
194,12
563,899,923
1004,742
866,927
929,90
29,574
362,364
577,762
936,1017
14,343
932,453
818,772
363,295
113,437
987,965
296,31
24,600,461,247
498,53,646
803,723,828
32,826,995
41,35
48,47
957,1039
760,761
38,39
45,37
920,1006
40,50
34,44
584,627
43,46
36,629
49,42
632,65
231,239
817,950
240,807
1012,740
144,1016
997,790
776,718
825,755
115,51
690,851
716,902
960,959
489,604,527
688,999
54,711
845,542
993,569
168,971,311
618,975
371,499
484,359
251,310
309,485
486,631
169,467
56,198
466,372
939,796,836
937,205
961,586
460,1023
58,404
280,297
480,566
792,967
355,299
1018,407
145,764
398,183
137,454
1025,743
481,60
93,94
264,482
888,524
633,410,974
640,61
732,791
992,409
184,470
252,471
89,469
325,693
88,63
401,682
195,651
153,71,591
737,777
394,172
517,111
82,131
785,821,1014
953,1041
752,1010
1000,819
896,754
840,841
515,919
859,84
717,575
666,335
621,702
729,590
506,589
634,915
177,547
225,786
994,579
222,223
224,588
336,324
512,513
519,87
706,749
219,101
112,455
548,86
1011,820
816,946,487
1044,958
714,770
345,887
642,668
644,893
354,947
91,347
736,518
352,804
451,782
555,350
105,348
684,452
344,283
838,735
260,349
689,839
146,507
378,263
259,334
914,773
262,255
556,254
97,620
889,95
98,570
536,596
522,483
578,852
320,319,533,200
403,171,103
339,110,847
789,669
966,406
849,779
108,341
619,883,220
120,701
360,121
657,726
809,747
977,979
679,391
118,390
408,151
441,122
152,123
811,748
337,677,207
812,814
931,933
938,934
124,869
985,894,801
813,126
909,671
429,910
435,780
419,420
882,989
428,758
1027,692
425,422
667,421
433,423
392,617
810,775
132,598
492,447
616,185
136,691,1031
553,134
516,365
514,135
763,1020,925
956,367
475,373,165
857,901,942
376,476,374
203,139,375
164,150,286
204,141,199
648,474,477
1002,990
875,1045
681,291
984,1037
576,529
698,823
530,878
473,981
587,511
784,649
658,655
652,725
142,686
154,491
181,550
892,383
298,180
381,382
148,660
314,949
386,293
188,389
384,380
720,387
521,162,637
622,903
560,806
592,593
1026,557
585,186
552,459
400,187
976,996
654,175
178,986,988
712,962
834,948
635,1021
824,708
827,630
265,316
504,580
680,636
628,734
769,558
787,534
781,551
432,285
182,431
418,434
417,426
921,274,356
603,973
276,277
190,271
678,670
270,279
272,638
192,269
1019,676
273,1005
245,278
244,268
969,275
968,972
196,653,663
756,829
833,862
210,853
704,1013
928,1033
227,844,886
873,922
867,228
788,573
744,237
561,606
613,623
793,282,998
444,303
361,805
288,599
765,799
872,917
546,510
439,614,855
385,865
913,719
707,822
945,751
721,898
880,731
326,695
601,863
523,331
607,495
328,450
650,694
864,955,605
539,549
705,330
964,541
641,535
609,612
722,508,1029
643,940
685,1030
907,908
1028,1046
767,991
544,778,597
768,594
733,703
745,662
830,639
730,815
675,941
673,802
794,661
1036,645
750,687
672,709
970,1035
656,699,895
800,774
696,715
835,879
860,837
952,741,1007
1001,1003
665,727
1009,868,846
697,1038
935,1015
1040,871
858,876,870
832,766
944,891,916
842,982
885,831
980,884
771,783
1008,848,983
930,918
905,911
1024,924,926
904,943
