257,497,253
256,261
212,351
0,346
258,27
385,193,420,494,831,887,698,927
433,515,797
882,989
984,885,909
511,823
657,421,638
473,935
693,701,1023
296,530
768,1009,303
369,647
576,995,396
491,302
2,348,735
344,91
458,1013,438
168,402
22,71,479
14,311
57,29,110
65,28
506,51,215
621,702
322,537,18,377,155
113,942,87
291,357
916,981,855
929,878
978,611,788
624,602
177,220,407
1018,460
489,971,46
40,649
26,38,55
512,104
408,306,603
32,244
184,242,157
753,238
674,926,626
675,924
101,137,74,442,414
424,333,405
425,66
3,6,457,138,30
16,897,399
170,10
129,79,207,337,861
818,363,90
362,31
161,456,81,565,218
336,729,749
324,590
736,804,838
352,893
589,901,375
376,165
667,780,435
419,423
681,154,529
587,142
513,548,588
224,222
332,77,430,370,572
243,69,1029
493,767
307,843,595
1042,951
292,156,246,284,317
713,411,527
361,281
441,404,166
219,245
449,559
5,229
73,323
72,445
724,318
75,342
80,9,7
568,746
538,543
505,395
248,468
700,12
194,564
490,300,301
608,13
545,17
488,114,20
498,53
24,646
48,43
34,47
49,42
584,36
35,629
627,44
41,45,39
50,37
54,999
56,486
309,198
58,205
398,183
280,297
355,299,454
481,60
640,791
992,409
410,61
633,732
89,252
88,63
312,211,68
216,358
416,76
130,147,102,106,78
691,134,1031
553,516
136,366
393,517
514,135
131,111
82,365
412,294
394,172
84,919
994,579
786,86,519
250,92
93,94
480,566
792,967
97,570
522,98
620,95
889,483
578,852
536,596
1008,99,710
755,718
403,533,974,319
320,171,200,103
353,451
345,105
128,247,472,107,461
339,108,341
455,223
225,706
112,547
960,632,959
817,950
115,231
240,239
116,615
496,234
340,117,287
152,121,118
120,123
122,390
360,151
938,124,677
869,934
418,126
432,434
417,426
285,127
182,431
392,617
616,185
492,775
810,132
598,447
203,476,139
204,141,199
144,338,851,446
690,716,663
961,145,764
378,556
259,255
914,146
892,180,949
314,213
181,550
298,383
148,382
660,381
386,293
387,389
720,188
384,380
475,150,286
153,591
737,777
160,448
308,158
521,162,637
622,903
560,806
592,593
164,373,374
867,230
844,886
856,922
873,227
228,167
169,467,631
290,531
221,173
585,459,557
186,187
552,400
654,175
986,962,988
178,834
948,1021
635,551
824,708
827,534
712,781
787,630
769,316
504,558
680,636
265,580
628,734
249,379,189
321,388
315,214
226,266
268,278
192,1005
273,269
190,271
195,651,325
196,756
833,862
829,653
201,241,463
236,525
267,206
202,327
532,478
208,900,853
704,1033,210
928,930
217,427,413
232,329,235
233,554
744,313,237
372,310,359
251,485
466,484
507,773,262
254,263
354,260,334
283,349
264,586,482
888,524
272,279
277,270
275,276
921,274,1019
356,678
676,670
738,282,805
546,599
288,765
917,510
872,799
437,343
364,295
368,304,795
614,439
326,695
562,863,583
331,694
601,607
650,495
328,450
523,581
541,535
330,955
609,964
539,605
705,612
666,859,717
575,335
347,947
555,350
474,763,925
1020,367
648,477
618,499
371,975
977,979
883,619
726,391
811,748
397,526
444,759
739,443
401,682,470
406,966,847
429,422,758
428,415
440,881,436
644,684
452,518
668,782
932,453
462,582
464,509,1022
469,471
946,958
1044,487
816,642
500,918
740,502
854,503
508,991
520,850
528,683,567
540,998
544,594
845,542
597,711
641,549
864,793
832,877,870
858,606
728,766
1034,573
561,659
563,742
688,604
569,993
625,571
1032,610
577,772
762,574
803,723
600,828
613,623
1000,1041
953,1011
1010,915
752,634
785,821
820,1014
639,733,703
745,662
722,643
1035,661
941,815
970,1036
802,645
652,686
784,725
658,655
696,699,895
800,715
656,774
860,837
835,879
664,890,757
1001,1007
952,1003
665,727
849,669
779,789
910,671
673,750
730,687
672,709
809,747,679
940,908,1046
1028,685
907,1030
689,839
714,770
985,692,813
697,1038
913,707,719
945,898,822
721,751
880,865,731
741,982
842,891
937,796
939,743
1025,836
896,841,754
840,819
920,760,957
826,1039
761,1006
884,980,783
944,771
848,905
776,825
778,846
1016,902,790
1012,997
904,943
1024,794
801,1027,894
983,807,911
812,933
931,814
876,830
857,956
866,987,965
1040,871
868,1015
954,874
1002,875,990
899,1004,923
936,1017
906,1043,963
968,973
969,972
976,1026,996
1037,1045
