497,27
0,253
346,351
568,746,12
194,564
608,300,13
545,284,17
16,10,28
537,170,55
48,41,34
49,35,46
42,44
36,47
32,38
37,45
40,50,39
489,874,999
604,527
688,54
993,569
56,57
306,22
309,198
280,404
355,454
58,398
137,138,299,370,60
184,693
195,325
88,651
89,63
312,503
211,68
234,582
72,5
724,166
73,449
75,6,559
74,3,79
416,414,77,358
216,332,76
994,579,84
93,967
480,94
97,483,95
536,596
98,620
522,570
345,348
353,105
117,110,287
108,341,340
786,101
112,588
219,223
513,87
267,292
496,327
116,438
201,206
152,220,118
123,500
120,121
129,869,207,442,124
333,405,126
810,775
617,132
393,553
516,134
136,111
82,365
961,145,764
344,146,555
298,213
148,382
139,476,150,286
203,204,141,199
408,122
360,441
390,151
737,493
153,243
850,322
512,161,193,456,9,106,18
130,102,103,7,171,78,147
376,164,373
374,375
901,165
857,475
956,942
230,167
168,169,486
467,631
412,517,366
394,294
131,172
314,180
293,381
144,181,383
285,182,127
297,460,481
205,183
187,175
186,557
552,459
380,389
386,387
720,188
245,278
244,190
192,268
273,271
269,1005
472,338,80,478
457,247,319
320,533,200
202,532,20
128,107,461
928,210,1022
26,261
250,92
258,212
249,189
214,215
424,217,427
290,531
221,173
547,455
224,519
548,222
225,86
403,53
266,308
208,99
448,900
160,226
873,867,227
922,228,886
229,323,445
342,318
51,231,861,959
488,329,554
232,235
233,462
156,218,236,317
81,114,565
241,525,463
1042,788
561,766
744,659
877,606
876,237
832,858
65,817,155,239
242,238,583
248,399
505,897
251,485,310
104,252,471
350,254
378,914
259,255
256,257,24
91,347,260
2,263
507,262
264,482
265,178
628,534
969,276
275,270
274,356,663
272,277,279
281,690,526
282,303
361,805
354,334
283,349
296,113,295
818,31
363,343
490,301,446
396,302
313,307
624,639
830,703
745,662
379,388
321,315
708,630
827,316
177,506
336,324
614,439
326,695
601,450,694
328,607
705,330,964
609,612
650,611
331,495
590,335
729,621
352,804
430,357,413
499,359
364,14,437,29,30
368,304,795
647,369,759
971,975
618,371
484,311
466,372
384,157,550
945,385,855
898,822
721,751
809,657,391
464,538
395,468
458,739
443,397
400,585,572,654
682,469
401,470
339,406
966,847
713,411
428,429,415
432,434
417,426
418,431
667,780,910
419,423
435,420
433,421
425,66,422
562,615
440,753
881,436
738,444,402
392,447
616,185
492,598
851,947,451
452,735
893,838
684,782
736,518
1017,923,899
936,932
563,742
1004,453
474,1020,367
648,925
763,477
644,668,958
1044,887
946,487
689,770
714,839
816,642
576,291,491
529,587
1036,494
926,943
673,794
904,675
1024,730
672,750
924,661
802,1035
970,941
645,815
709,687
716,740,911
918,502
504,734
769,558
473,511
1037,990
875,1045
698,823
981,878
984,1002
514,691
135,1031
841,515
840,1000
819,919
896,754
523,581
602,863
888,586,524
649,154
530,142
793,509
541,535
864,641
955,549
539,605
544,540,845
594,542,998
597,711
479,700,543
510,599
288,799
546,765
872,917
635,781
824,1021
948,551
797,556,773
792,566
528,683,567
625,571
1032,610
843,980
573,870
1034,831
884,783
944,771
362,762,772
577,574
859,717
666,575
889,578,852
787,580
680,636
627,995,629
584,43
706,589
69,246,71
520,777,591
377,637
592,593
521,162
595,733,951
498,646
803,723
600,828
728,842,623
952,613
885,727
665,916
1003,1007
1001,891
741,982
811,748
883,619
560,806
622,903
906,963,626
409,974,791
992,640
410,61
633,732
953,1011,785
1010,915
752,634
1041,821
820,1014
1029,991
508,767
722,643
681,658,655
652,686
784,725
196,756
833,653
829,862
800,715,895
656,774
860,837
892,660,949
664,807
890,757
849,669
779,789
921,638
678,670
1019,676
985,671
692,909
1027,894
801,813
674,1043
747,701,679
908,940,1046
1028,685
907,1030
696,879
835,699
954,1038
697,935
868,871
1040,1015
749,702
865,983,719
707,731
880,913
712,986,834
962,988
977,979,726
796,743
937,939
1025,836
755,710
1008,718
760,761,920
957,1039
826,1006
778,846
768,1009
848,825,158
776,905
1016,902,790
1012,997
337,938
933,814
931,812
677,934
856,844
978,854
90,927
929,866
987,965
882,989,758
1033,853,1013
704,930
960,240,632
115,950
603,973
968,972
976,1026,996
407,1018,1023
