257,497,253
256,261
212,351
0,346
258,27
193,909,916,885,823,984,638,831
788,702,511
515,420
768,361,402
1009,935
142,238,1013,693,218
753,2,1023
887,735
587,302,491
396,647
344,369,1018
713,407
624,603,981
385,971
425,66,421
882,989
376,441,91
576,348
818,460,438
929,14
337,657,110
306,207
104,537,377
245,430
220,1029,701
433,797
177,589,87
729,749
26,6,55
512,3
157,878,855
698,675
113,291,901
165,942
101,18,442,155,284
65,129,51,317,30
424,332,333
357,405
215,22,311
168,57
375,29,399
184,493
40,529,479
458,363
32,995,77
46,38
322,243,69
71,767
513,548,588
224,222
419,780,667
435,423
170,10,28
16,897
457,74,79,370,246
161,292,456,81,156
736,804,838
352,893
843,307,951
1042,595
489,411,303
281,527
674,926,626
924,494
927,90,31
296,362
336,506,590
324,621
978,611,565
242,602
137,138,572,861,414
649,154,681
473,530
408,219,244
404,166
323,229
724,559
5,318
75,342
73,449
72,445
80,9,7
395,12
505,538
746,543
568,194
700,564
248,468
490,300,301
608,13
545,17
488,114,20
498,53
24,646
49,629
48,627
34,44
42,47
35,36
584,43
41,50,37
45,39
54,999
56,486
309,198
58,205
398,183
280,297
299,355,454
481,60
640,791
633,732
410,61
992,409
89,252
88,63
312,211,68
216,358
416,76
130,147,102,106,78
514,691,135
136,111
366,294
134,1031
82,365
393,394
131,517
553,516
172,412
84,919
994,579
786,86,519
250,92
93,94
480,566
792,967
522,620
483,596
97,852
889,578
536,95
98,570
99,755,710
1008,718
403,533,974,319
320,171,200,103
353,451
345,105
128,247,472,107,461
339,108,341
112,706
547,223
225,455
632,817,115
950,231
240,239
960,959
116,615
496,234
340,117,287
152,121,118
120,123
122,390
360,151
938,124,677
869,934
434,127
285,126
418,182
432,431
417,426
392,617
492,775
616,185
810,132
598,447
476,141,199
204,203,139
144,338,851,446
690,716,663
961,145,764
378,556
259,255
914,146
892,660,949
314,180
380,550
720,386
384,188
387,213
181,389
298,382
148,383
293,381
475,150,286
737,777
153,591
160,448
308,158
521,162,903
560,637
806,622
592,593
164,373,374
228,167
873,922
856,867
227,844
886,230
169,467,631
290,221
531,173
552,459,557
585,175
400,187
186,654
986,962,988
834,534
787,948
712,781
178,558
635,628
708,734
824,316
827,636
680,630
504,769
265,580
1021,551
249,379,189
321,388
315,214
226,266
268,190
192,269
1005,271
273,278
195,651,325
196,756
833,862
829,653
241,201,463
236,525
267,206
202,327
532,478
208,900,853
704,930,210
928,1033
217,427,413
232,329,235
233,554
744,313,237
466,484,485
251,359
372,310
507,254,263
773,262
354,260,334
283,349
888,264,586
482,524
272,279
277,270
275,276
921,356,670
1019,676
274,678
738,282,805
288,599
872,765
917,799
546,510
437,343
364,295
368,304,795
439,695
326,614
601,694,583
562,581
607,495
523,863
328,450
650,331
541,605
539,955
705,609
964,535
330,612
859,717,335
666,575
347,947
555,350
763,1020,367
474,477
648,925
618,499
371,975
977,979
619,748
811,883
726,391
397,759
739,444
443,526
401,682,470
406,966,847
422,429,758
428,415
440,881,436
644,684
452,518
668,782
932,453
462,582
464,509,1022
469,471
642,958
1044,487
816,946
500,502
740,918
854,503
508,991
520,850
528,683,567
845,711
544,540
594,597
542,998
641,549
864,793
561,858,606
573,766
1034,659
728,870
832,877
563,742
688,604
569,993
625,610
1032,571
577,772
762,574
803,828
600,723
613,623
1000,785
1041,1010
752,634
953,1014
915,821
1011,820
703,733,639
745,662
722,643
661,815
1036,941
970,1035
802,645
652,686
784,725
658,655
656,774,895
800,699
696,715
835,879
860,837
664,890,757
727,1007
1001,1003
952,665
849,669
779,789
910,671
673,709
750,687
672,730
809,747,679
940,685,1046
908,1028
907,1030
714,839
689,770
985,692,813
697,1038
913,707,719
898,822,751
721,945
880,865,731
741,982
842,891
939,796
937,743
1025,836
896,841,754
840,819
760,826,920
957,1039
761,1006
884,980,783
944,771
848,905
776,825
778,846
1016,902,790
1012,997
904,943
1024,794
801,1027,894
983,807,911
812,933
931,814
876,830
857,956
866,987,965
1015,871
1040,868
954,874
1002,875,990
1017,899,1004
936,923
906,1043,963
968,973
969,972
976,1026,996
1037,1045
