497,346,351
256,253
257,27
212,261
0,258
736,385,768,193,935,1009,433,989
984,797,823
698,981
667,419,909
780,423
411,1013,701
104,1023
576,402,638
587,396
344,420,887
352,515
336,491,647
369,302
113,978,595
1042,885
529,589,702
681,242
753,602,238
624,307
537,245,494
40,377
291,438,479
363,14
184,28,46
29,110
458,2,1029
493,693
512,38,18,55,26
649,603,927
882,995
424,244,333
441,430
893,157,855
435,878
168,219,215
32,408
657,611,621
818,303
65,129,101,51,572
971,22,311
57,306
177,220,407
1018,460
324,749,590
729,506
137,370,404,30,414
457,74,138,337,155
332,77,207,376,442
674,675,626
924,926
91,348,838
804,735
161,456,81,565,218
322,69,767
243,71
296,362,90
929,31
3,166,6,79,861
281,713,527
489,361
473,154,511
530,142
224,548,87
513,588
425,357,405
66,421
292,156,246,284,317
942,901,222
165,375
16,897,399
170,10
788,831,951
843,916
229,318
75,5
342,559
73,449
72,445
323,724
80,9,7
505,395
568,700
746,12
194,564
538,543
248,468
608,490,301
300,13
545,17
488,114,20
498,53
24,646
584,627
43,629
42,36
48,47
34,44
49,35
41,50,45
37,39
54,999
56,486
309,198
58,205
398,183
280,297
481,60,454
355,299
640,791
410,61
633,732
992,409
252,63
88,89
312,211,68
216,358
416,76
130,147,102,106,78
691,134,1031
136,111
517,366
82,365
394,294
393,131
172,412
514,135
553,516
84,919
994,579
786,86,519
250,92
93,94
792,967
480,566
889,852
97,578
536,620
98,570
522,483
596,95
1008,99,718
755,710
320,200,533,319
403,171,974,103
353,451
345,105
128,247,472,107,461
339,108,341
706,547
112,223
225,455
632,817,950
960,959
115,231
240,239
116,615
496,234
340,117,287
152,121,118
120,123
122,390
360,151
938,124,677
869,934
426,126
432,418
182,431
285,127
417,434
392,617
616,185
492,775
810,132
598,447
203,204,139
476,141,199
144,690,338,446
851,716,663
961,145,764
378,556
259,255
914,146
892,660,949
213,293
381,550
384,181
386,389
387,380
148,382
720,188
298,383
314,180
475,150,286
737,777
153,591
448,160
308,158
521,622,903
637,806
592,593
560,162
164,373,374
867,230
844,886
856,922
873,227
228,167
169,467,631
290,221
531,173
585,186,459
557,654
187,175
400,552
708,1021,551
824,316
769,636
827,630
265,734
986,988
504,558
680,580
178,628
787,534
962,781
712,834
635,948
379,388,189
249,266
321,214
226,315
273,268
192,278
269,1005
190,271
195,651,325
196,756
833,862
829,653
241,201,463
236,525
267,327
202,206
532,478
208,900,853
704,210,930
928,1033
217,427,413
232,329,235
233,554
744,313,237
372,485,359
484,310
466,251
507,254,263
773,262
354,260,334
283,349
264,586,482
888,524
275,277
272,279
276,270
921,1019,356
676,670
274,678
738,282,805
288,872
546,510
765,599
917,799
437,343
364,295
368,304,795
695,439
326,614
562,863,583
331,694
601,607
650,495
328,450
523,581
539,612
605,535
705,955
964,541
609,330
666,859,717
575,335
347,947
555,350
474,763,925
1020,367
648,477
618,499
371,975
883,979
977,619
726,391
811,748
397,526
444,759
739,443
401,682,470
406,966,847
429,422,758
428,415
440,881,436
684,518
668,782
452,644
932,453
462,582
464,509,1022
469,471
958,487
946,1044
816,642
500,918
740,502
854,503
508,991
520,850
528,683,567
845,998
594,542
544,540
597,711
641,549
864,793
858,573,606
728,1034
870,766
561,659
832,877
563,742
688,604
569,993
625,571
1032,610
577,772
762,574
803,723
600,828
613,623
1000,821
1010,1011
752,953
785,915
1041,634
820,1014
639,733,703
745,662
722,643
661,815
1036,941
970,1035
802,645
652,686
725,655
784,658
835,774,879
800,715
656,895
860,837
696,699
664,890,757
1001,1007
952,1003
665,727
849,669
779,789
910,671
673,687
730,750
672,709
809,747,679
940,908,685
1028,1046
907,1030
714,839
689,770
985,692,813
697,1038
913,707,719
898,822,751
721,945
880,865,731
741,982
842,891
937,796
939,743
1025,836
840,841,819
896,754
920,826,957
760,1039
761,1006
771,884,783
944,980
848,905
776,825
778,846
1016,902,790
1012,997
794,943
1024,904
801,1027,894
983,807,911
812,933
931,814
876,830
857,956
866,987,965
1040,871
868,1015
954,874
1002,875,990
1017,899,1004
936,923
906,1043,963
968,973
969,972
976,1026,996
1037,1045
