2,130,900,647,520,393,1034,138,1042,659,147,405,157,797,290,554,427,683,173,562,307,436,438,951,440,313,567,57,318,446,321,193,582,843,333,78,208,81,978,595,854,728,217,346,102,615,233,106,877,238,624,881,497,243,116,502,503,249,1022
160,99,266,77,463,464,308,890,379,412
226,488,201,525,493,241,565,216,253,158
388,22,664,413,416,294,315,69,76,850,342,214,357,358,234,236,494,496,757
5,1032,906,1043,674,559,571,445,449,323,963,72,73,75,724,610,229,625,626
509,353,66,710,167,415,368,753,17,402,954,795,221,127
545,897,738,10,458,874,28,399,248,700,479
68,230,424,490,746,304,528,531,500,213,856
611,581,232,462,312,602
583,329,235,242,211
739,396,397,281,443,540
713,526,369,759,411
128,129,3,6,7,9,267,16,18,532,20,537,26,155,156,284,414,30,287,161,292,166,170,430,306,55,442,572,317,189,448,322,327,456,457,74,202,332,206,79,80,338,340,215,472,218,92,861,478,104,107,366,370,114,117,246,377,250
521,395,12,13,403,533,24,538,543,171,300,301,302,557,564,53,568,319,320,194,200,585,461,974,468,608,103,247,505
772,932,295,362,363,364,14,113,437,343,29
90,296,818,762,31
577,929,965,574,927
866,453,936,563,987
899,742,1004,1017,923
584,1039,995,920,32,34,35,36,37,38,39,40,41,42,43,44,45,46,47,48,49,50,1006,627,629,760,761,826,957
960,65,902,776,716,718,144,851,790,740,997,807,231,632,239,240,817,690,51,755,1012,950,115,1016,825,959
489,845,527,560,593,54,61
993,999,711,688,569,604,542
484,486,359,618,971,975,466,371,499,372,311
485,198,168,169,467,309,310,631,56,251
1025,137,145,404,280,792,796,937,939,566,961,836,967,93,480,743,1018,764,1023
407,481,482,355,454,264,297,586,299,460,205,398,524,183,888,58,60,94
195,325,682,651,401,693,469,471,470,89,88,252,184,63
512,513,519,548,821,840,588,717,336,84,86,87,859,219,222,223,224,101,634
579,1000,754,820,1014,953
896,994,515,841,819,919
752,1041,1010,915,1011,785
547,749,177,729,702,575
225,706,455,589,112,786
324,621,590,335,666,506
770,259,451,773,838,452,644,684,782,947,212,378,349
354,260,263,146,507,347
555,334,344,283,255
0,256,258,257,261,105,91,345,27,348,351
736,352,262,518,556,893
350,804,914,254,735
689,946,1044,887,668,958
642,487,839,714,816
97,98,483,578,522,620,852,596,536,889,570,95
966,779,108,110,847,849,339,789,341,406,669
390,391,657,977,979,726,151,408,152,220,121,679,360,809,811,619,747,748,883,118,120,441,122,123,701
420,421,429,431,882,758
801,433,985,989,894
813,910,435,692,667,671
1027,419,423,780,909
417,418,422,425,426,428,432,434,182,285,126
132,775,616,617,810,392,492,598,185,447
514,131,516,517,134,135,136,553,1031,394,172,365,111,82,691
901,199,648,139,203,141,204,1020,150,857,474,475,476,925,286,477,164,165,942,367,373,374,375,376,763,956
291,1002,875,491,1037,878,655,1045,981,823,984,698,990,511
576,681,587,652,529,530,154
649,686,142,784,658,725,473
298,949,181,382,383
384,387,550,148,660
293,180,314,892,381
386,389,720,188,380
834,962,551,712,680,781,178,787,948,534,986,635,988,1021
769,708,265,628,824,827,734
580,558,630,316,504,636
192,968,969,638,268,269,270,271,272,273,274,275,276,277,278,279,921,972,603,670,973,676,356,678,1005,244,245,1019,190
640,459,844,409,922,410,867,227,228,873,498,886
546,931,996,1033,653,573,606
613,744,237,623,561,788
793,282,992,805,998,934,361,303,444
385,614,719,945,721,822,855
898,326,695,751,439
865,707,880,913,731
650,523,654,400,288,552,175,694,186,187,450,196,328,331,207,337,853,599,601,863,607,495
864,641,704,955,549,646,1013,535,539,124,605
162,612,869,677,938
609,705,964,330,541
737,643,1028,1029,1030,71,777,907,940,908,685,591,722,1046,153,991,508,767
768,544,594,597,663,778
765,812,592,210,637,510,703
745,756,662,733,830,639
928,803,806,814,687,829,862,799
802,675,941,661,794
673,645,970,1035,1036
672,709,750,815,730
800,774,879,656,860,895
835,837,715,696,699
1026,976,665,791,633,732
741,1001,1003,1007,727,952
868,871,935,1038,846,1040,1009,1015,697
832,870,858,876,766
933,903,944,916,885,831
771,842,783,980,884,982
833,872,622,600,891,828
848,1008,930,918,983,905,911
1024,723,917,904,924,926,943
