290,900,585,170,396,332,141,207,208,974,308,244,245,408,441,187,476,446
608,194,10,490,300,301,12,13,16,17,746,302,564,55,568,537,28,543
173,718,210,567,762,797
577,772,90,574,31
281,999,489,874,361,395,526,527,569,282,604,542
993,711,845,688,54
544,998,594,597,540
545,897,458,399,468,248,505,538,700,479
325,682,651,401,469,693,471,88,89,470,252,63
483,710,583,425,500,758,509
66,422,415,428,429,127
160,65,34,234,557,654,337,115,438,184,312,190
488,236,525,110,175,463,241,464,853,565,158
195,196,122,392,268,269,271,496,400,278,186
450,68,582,328,233,462,495,211,694,601,607
896,547,548,515,840,1000,841,754,819,820,919,222
225,994,579,519,717,112,786,84,859,223
1041,1010,1011,785,1014
752,915,821,953,634
264,404,407,280,792,297,299,566,183,58,60,961,454,967,205,93,94,480,481,355,370,1018,1023
640,260,531,152,409,410,347,221,95,620,632,368,118,120,121,123
704,869,934,677,646,938,795,124
137,405,24,285,32,417,418,424,426,427,171,431,432,434,51,53,182,448,204,338,340,217,99,104,377,126
128,129,138,139,403,533,155,414,287,38,442,572,319,320,199,200,457,203,461,861,103,107,117,246,247
775,617,810,851,447
132,616,492,598,1022
514,131,516,517,134,135,136,1031,393,394,412,294,553,172,691,82,365,366,111
291,649,1002,875,681,1037,686,142,784,530,473,990
652,655,658,725,698,511
878,981,1045,823,984
482,743,586,524,888,764
1025,836,937,939,145,796
0,256,257,259,258,261,914,146,27,283,555,334,212,344,345,346,91,92,349,348,351,353,354,105,378,497,250,253,255
384,192,386,387,98,389,550,298,720,148,213,181,151,380,185,188,382,383
576,529,491,154,587
901,150,857,475,925,164,165,942,373,374,375,376,956
512,513,666,177,702,575,706,324,455,588,589,590,335,336,86,87,729,219,224,101,621,749,506
683,690,660,180,536,892,381
293,596,949,314,508,61
391,657,679,809,747,220,701
449,963,323,1032,906,844,724,342,856,922,610,867,227,228,229,167,230,873,559,625,626,886,571,445,318
1042,788,532,662,156,561,951,313,830,703,832,327,843,595,858,733,478,744,745,876,877,237,623,624,885,639
766,659,728,573,606
613,870,916,952,831
771,842,1034,727,665
741,1001,1007,982,891
1003,783,944,884,980
581,456,201,650,331,523,202,206,267,81,978,20,854,602,218,863,161,611,292,615,881,753,562,307,436,242,114,440,116,317
484,390,359,521,554,459,460,1005,144,528,466,372,310,599,251
485,232,329,522,235,552,360,398,304,273,498,503,570,286
992,773,262,556,254
2,263,238,507,350
769,580,680,265,558,178,787,628,1013,534,504,636,734
272,277,279,603,270
274,663,921,670,676,356,678,996,1019
275,276,968,969,972,973,638
641,705,964,647,713,330,9,397,80,18,284,535,793,411,539,541,605,30,864,609,738,739,612,805,549,303,369,443,759,955,444
371,499,467,631,311,618,971,975
928,708,712,824,316,1021
962,834,781,986,988
827,551,948,630,635
385,898,707,321,388,326,266,719,721,913,214,855,215,731,157,865,439,226,614,751,880,945,379,822,695,249,315,189
770,642,644,451,518,452,838,839,714,782,1044,26,668,735,736,352,804,487,684,816,689,946,947,887,893,958
578,648,852,474,477,97,367,763,1020
108,847,339,341,789
966,779,849,406,669
780,910,667,413,416,419,420,421,423,430,433,76,77,333,216,989,357,358,882
801,1033,911,976,435,791,889,732,671
814,918,983,825,828
930,803,931,933,600
1027,813,692,985,894
776,905,1008,723,502
1026,740,716,909,755
932,965,295,296,362,363,364,14,113,818,437,343,29
453,936,563,1017,923,927
929,866,899,742,1004,987
1024,3,645,709,5,904,6,970,1035,1036,72,73,74,75,79,1043,661,664,794,730,924,926,672,673,802,674,675,166,941,750,687,815,943,494,757,890
288,546,917,872,765,510,799
560,593,592,162,806,903,637,622
807,812,848,977,979,633
811,619,748,883,726
643,1028,1029,1030,520,777,907,908,1046,153,940,685,322,69,71,591,722,850,991,737,493,243,767
833,756,829,653,862
774,656,22,800,168,169,306,309,696,57,56,699,835,837,198,715,860,486,879,895
768,868,871,935,778,846,1038,1040,1009,402,1015,697,954
37,39,40,42,45,1006,1039,760,50,920,761,826,957
35,36,995,584,41,43,44,46,47,48,49,627,629
231,239,817,950,1016,959
960,997,902,240,1012,790
