2,130,900,5,647,1032,10,138,396,397,402,531,1043,147,664,411,28,795,157,415,290,674,308,57,954,443,571,446,449,66,193,710,713,458,73,77,333,78,208,856,221,738,739,99,610,106,494,368,369,497,243,500,625,757,759,502,890,509,127
528,413,416,160,294,424,427,304,307,69,81,213,217,346,353,229,358,490,746,248
520,393,405,22,167,315,700,445,321,323,72,75,850,724,214,479,357,230,249
897,388,266,399,17,412,158,545,559,318,202,76,464,342,216,226,493,379,253
128,129,3,6,7,9,267,16,18,532,20,537,26,155,156,284,414,30,287,161,292,166,170,430,306,55,442,572,317,189,448,322,327,456,457,74,332,206,79,80,338,340,215,472,218,92,861,478,102,104,107,366,370,114,117,246,377,250
615,1034,238,463,526,753,242,211,978,595,854,602,797,1022
581,906,683,562,281,540
963,874,173,626,567
611,68,582,583,232,233,329,235,554,462,312
488,201,234,236,525,496,241,116,565,438,503
440,881,436,951,728,313
843,877,624,1042,659
521,395,12,13,403,533,24,538,543,171,300,301,302,557,564,53,568,319,320,194,200,585,461,974,468,608,103,247,505
577,929,772,90,453,113,927,762,923,574,31
295,296,362,363,364,14,818,437,343,29
866,965,1004,1017,987
899,932,742,936,563
584,1039,995,920,32,34,35,36,37,38,39,40,41,42,43,44,45,46,47,48,49,50,1006,627,629,760,761,826,957
960,65,902,776,716,718,144,851,790,740,997,807,231,632,239,240,817,690,51,755,1012,950,115,1016,825,959
489,845,527,560,593,54,61
993,999,711,688,569,604,542
486,198,168,169,971,467,372,309,631,56,311
484,485,371,499,251
359,618,975,466,310
1025,137,145,404,792,796,937,939,566,58,961,836,967,93,480,743,1018,764,1023
407,481,482,355,454,264,297,586,299,460,205,398,524,888,183,280,60,94
195,325,682,651,401,693,469,471,470,89,88,252,184,63
513,666,820,702,575,706,579,324,589,590,335,717,84,729,859,994,749,621,506
224,512,225,547,548,101,519,455,588,112,177,786,336,86,87,219,222,223
515,840,841,754,819,919
896,752,915,821,953,634
1000,1041,1010,1011,785,1014
770,259,451,773,838,263,507
644,452,684,782,947,378
354,260,261,555,334,347,146,344,283,349,255
736,262,556,914,254,350
352,804,518,893,735
256,257,258,0,105,91,212,345,27,348,351
487,839,714,689,887,668
642,816,946,1044,958
97,98,483,578,522,620,852,596,536,889,570,95
966,779,108,110,847,849,339,789,341,406,669
390,391,657,977,979,726,151,408,152,220,121,679,360,809,811,619,747,748,883,118,120,441,122,123,701
801,419,1027,422,813,909,435,692,985,126,894
417,420,423,426,780,910,431,432,434,667,671
421,425,433,882,758,989
418,428,429,182,285
132,775,616,617,810,392,492,598,185,447
514,131,516,517,134,135,136,553,1031,394,172,365,111,82,691
901,199,648,139,203,141,204,1020,150,857,474,475,476,925,286,477,164,165,942,367,373,374,375,376,763,956
576,291,649,681,587,491,875,142,686,655,529,530,473,154
1002,1037,784,1045,984,990,511
652,878,658,725,981,823,698
384,720,949,892,383
387,550,188,380,381
389,298,148,181,382
386,293,660,180,314
834,962,551,712,680,781,178,787,948,534,986,635,988,1021
769,708,265,628,824,827,734
580,558,630,316,504,636
192,968,969,638,268,269,270,271,272,273,274,275,276,277,278,279,921,972,603,670,973,676,356,678,1005,244,245,1019,190
640,459,844,409,922,410,867,227,228,873,498,886
546,931,996,1033,653,561,788
613,744,237,623,573,606
793,282,992,805,998,934,361,303,444
865,898,326,614,695,855,439
707,719,880,913,731
385,751,721,945,822
650,523,654,400,288,552,175,694,186,187,450,196,328,331,207,337,853,599,601,863,607,495
864,704,162,612,677,646,549,869,938,1013,124
641,955,330,535,539
609,705,964,605,541
737,643,1028,1029,1030,71,777,907,940,908,685,591,722,1046,153,991,508,767
768,544,594,597,663,778
745,812,592,756,765,830,639
733,210,662,637,510,703
928,802,806,1035,1036,941,661,794
645,970,750,829,799
673,803,675,814,862
672,709,815,687,730
800,774,879,656,860,895
835,837,715,696,699
1026,976,665,791,633,732
741,1001,1003,1007,727,952
868,871,935,1038,846,1040,1009,1015,697
832,870,858,876,766
833,933,903,872,944,600
842,622,884,980,828,831
771,783,916,885,982,891
848,1008,930,918,983,905,911
1024,723,917,904,924,926,943
