804,518,782,946,887,61,735
642,770,487,816,1044,958
257,353,2,262,263,283,507,345,91,348,254
682,556,593,762,797,767
259,451,773,947,378
354,260,146,347,349,350
555,334,914,344,255
256,0,258,261,105,497,212,346,27,253,351
352,839,714,689,668,893
736,644,452,838,684
3,900,6,26,29,160,290,166,51,308,446,448,449,322,585,73,201,207,208,337,340,92,99,104,110,1013,377,250
267,525,20,532,161,292,175,565,438,53,187,317,327,456,202,206,463,81,478,488,234,236,496,241,114,116,503
227,5,230,75,844,559,625,626,342,856,445,318
674,906,653,1043,571
610,963,1032,757,890
930,740,943,983,664
802,1035,1036,941,794
323,228,229,867,167,72,873,724,886,922
673,806,814,889,732
1026,810,685,911,791
933,755,502,825,1017
936,716,1008,563,923
904,918,828,829,862
899,742,789,661,917
903,617,815,723,600
833,645,902,872,622
866,1028,976,987,669
1030,779,940,908,1046
905,907,1004,849,799
803,932,453,776,926
675,709,970,494,924
672,1024,750,687,730
128,129,130,7,9,138,139,18,403,147,533,155,284,156,414,30,287,171,442,572,319,320,199,200,457,74,203,461,974,79,80,78,338,472,218,861,101,102,103,106,107,370,117,246,247
897,527,402,542,688,818,54,55,711,594,339,604,993,612,869,998,999,1009,252
609,738,361,330,411,282,539
805,549,303,955,605
705,713,489,526,281
608,641,194,739,746,490,12,13,300,396,302,397,458,564,568,443,444
509,368,471,795,124,221,991
535,647,296,759,95
864,964,369,793,541
545,700,10,395,170,543,537,399,16,17,301,468,248,505,538,28,479
935,874,845,1038,697,569,954
544,768,778,597,540
868,871,846,1040,1015
514,98,516,134,294,136,393,553,135,172,365,1031,366,111,82,691,412
131,196,517,71,186,521,522,552,459,520,14,394,113,498,115,343,570
774,646,656,531,409,800,162,306,950,696,57,699,960,704,835,837,715,860,486,879,895
484,359,168,618,971,975,466,371,499,372,311
485,198,169,467,309,22,631,56,310,251
321,65,195,388,69,392,266,654,400,464,850,853,213,599,24,214,215,158,226,557,493,379,184,249,315,189
512,994,579,515,548,934,840,683,560,752,690,596,84,919,89,31
224,225,513,547,706,324,519,588,112,786,86,87,219,222,223
1041,754,1011,915,785
896,1000,841,1010,819
820,821,1014,953,634
455,589,336,177,666
717,590,335,729,702
621,749,506,859,575
32,153,38,40,42,363,108,632,1006,1039,50,920,341,760,761,826,957
34,35,36,995,37,39,584,41,43,44,45,46,47,48,49,627,629
1025,137,145,792,796,937,939,817,566,58,961,836,967,93,480,483,743,239,240,500,764
264,524,398,404,407,280,297,299,183,60,454,586,460,205,94,481,482,355,888,1018,1023
408,360,619,748,811,718,977,979,883,726,536,441,88,508,63
390,679,391,809,747,657,220,118,151,152,121,122,123,120,701
640,97,992,710,358,362,243,469,693,671
801,419,420,435,985
1027,813,909,692,894
780,910,667,285,416,421,423,429,430,433,76,77,332,333,216,989,357,882,758
405,413,415,417,418,422,424,425,426,427,428,431,432,434,182,66,217,126,127
233,238,462,753,978,854
615,881,562,242,601,602
771,592,952,665,831
1034,783,944,884,980
1007,916,885,982,727
741,1001,842,1003,891
870,775,756,663,440
745,843,436,573,606
68,582,232,329,554,235,331,211,694,312
997,966,492,307,639
624,1042,595,951,637
578,643,996,1016,733
744,662,313,830,703
807,848,722,788,633
1029,876,812,401,470
877,623,561,728,766
832,613,237,659,858
450,328,523,495,607
611,581,583,650,863
928,576,546,931,291,965,154,655,529,790,406,90,990
878,784,1045,823,511
1002,875,1037,984,698
132,847,658,1012,981
929,1033,852,598,927
681,587,652,491,530
649,142,686,725,473
165,325,777,651,204,141,364,591,528,304,437,375,376,763,476,477
164,901,648,1020,942,367,373,150,374,857,474,475,956,925,286
144,274,921,410,670,288,676,678,295,938,185,959,192,737,356,231,620,244,245,1019
268,269,270,271,272,273,275,276,277,278,279,190,968,969,972,973,603,1005,638
865,707,298,173,719,880,721,731,157
384,385,614,550,695
439,326,180,855,188
898,751,945,913,822
293,660,949,892,381
386,387,720,314,380
389,148,181,382,383
962,834,677,712,265,734,178,787,628,534,986,988,510
772,616,851,567,316,765,1022
577,580,680,210,574,447
769,551,558,630,504,636,1021
827,708,781,948,824,635
