353,354,642,451,2,816,946,947,1044,345,27,797,958
773,487,714,689,762,767
770,804,839,507,893
256,0,258,257,261,105,497,212,346,253,351
262,263,283,91,348,254
260,334,344,347,349
682,593,146,914,61,350
259,555,556,378,255
352,644,518,684,887,668
736,452,838,782,735
3,900,6,26,29,160,290,166,175,308,53,187,446,448,449,73,206,207,208,337,340,92,99,104,110,1013,377,250
267,525,532,20,161,292,51,565,438,317,322,327,456,201,202,585,463,81,478,488,234,236,496,241,114,116,503
610,5,167,75,844,559,625,724,342,856,445,318
1032,653,1043,918,571
674,963,906,626,890
806,1035,1008,849,732
617,1036,494,757,664
930,932,903,815,917
904,789,983,794,799
669,779,908,791,829
933,776,814,502,862
866,1004,825,730,987
899,453,742,563,923
936,905,872,622,723
802,803,740,902,828
1028,810,911,976,889
1026,907,940,685,1046
675,709,645,943,926
672,1024,673,750,687
867,228,323,230,229,72,873,227,886,922
1030,716,755,661,1017
833,970,941,600,924
128,129,130,7,9,138,139,18,403,147,533,155,284,156,414,30,287,171,442,572,319,320,199,200,457,74,203,461,974,79,80,78,338,472,218,861,101,102,103,106,107,370,117,246,247
647,396,13,12,402,537,545,935,300,302,564,55,568,194,713,458,608,739,746
609,303,369,818,339,759,795
738,397,471,443,444
549,955,330,539,605
897,700,10,395,543,170,490,399,16,17,301,468,248,505,538,28,479
964,869,252,991,124,221,95
641,296,368,793,509
864,705,612,535,541
768,868,778,846,527,1009,954
998,489,874,281,411
871,1038,1040,1015,697
805,711,361,845,526,282,604
993,999,688,54,569
544,594,597,540,542
514,516,134,135,136,393,553,294,172,365,1031,111,366,82,691,186,412
98,131,196,517,71,552,520,522,459,521,394,14,113,498,115,343,570
774,656,22,800,168,306,309,696,56,57,699,704,835,837,198,971,715,860,486,879,895
618,975,371,950,311,310
960,162,646,531,409
484,485,359,169,466,499,372,467,631,251
321,65,195,388,69,392,266,654,400,464,850,853,213,599,24,214,215,158,226,557,493,379,184,249,315,189
513,706,579,324,994,683,589,336,177,754,915,84,821,506,634,702
224,512,225,547,548,519,455,588,112,786,86,87,219,222,223
749,717,590,89,859
934,560,690,596,31
621,335,729,666,575
840,785,1010,1014,919
752,1041,1011,820,953
896,515,1000,841,819
32,153,36,38,40,363,108,632,1006,1039,50,920,341,760,761,826,957
34,35,995,37,39,584,41,42,43,44,45,46,47,48,49,627,629
1025,137,524,404,280,796,937,939,299,817,58,60,836,454,481,355,483,743,239,240,500
297,460,205,398,145,407,183,1018,764,94,1023
482,967,264,586,888
480,961,566,792,93
408,390,360,747,619,811,718,883,151,536,441,122,88,508,63
679,809,979,121,220
701,118,120,123,152
391,748,977,657,726
1027,909,671,801,417,419,420,813,430,435,692,710,76,333,77,332,216,985,243,894
640,992,97,362,469,693,989
423,780,910,433,667,415
421,422,428,429,882,758
405,413,285,416,418,424,425,426,427,431,432,434,182,66,217,357,358,126,127
68,582,583,328,233,232,235,329,554,462,242,312
843,238,978,562,854
581,881,753,602,863
615,1007,436,440,831
1001,1003,727,952,665
842,783,659,982,891
771,870,944,980,884
1029,848,788,663,633
741,613,807,876,623
643,812,722,1016,830
745,237,307,756,639
450,331,211,694,601
611,650,523,495,607
996,492,592,662,637
966,624,1042,595,703
578,997,775,470,313
744,401,951,858,733
1034,877,916,885,766
832,561,728,573,606
576,291,649,681,587,491,1002,142,847,529,530,154,990
928,875,406,790,598
929,1037,686,1045,473
132,965,655,852,1012
546,931,1033,90,927
652,784,658,725,698
878,981,823,984,511
325,165,777,651,204,141,364,591,304,528,437,375,376,763,476,477
164,901,648,1020,942,367,373,150,374,857,474,475,956,925,286
268,269,271,144,273,278,410,288,295,938,185,190,959,973,737,231,620,1005,244,245
270,272,274,275,276,277,279,921,670,676,678,192,968,969,972,603,356,1019,638
298,173,719,913,148,181,157,382,383
865,387,880,721,731
384,385,326,550,855
614,695,660,439,892
898,707,751,945,822
386,389,720,188,380
293,180,949,314,381
577,772,677,616,574,210,851,948,534,567,765,510,447
834,962,708,580,551,712,781,178,986,635,988,1021,1022
504,265,787,628,824,827,734
636,769,680,558,630,316
