642,451,2,487,91,816,497,946,212,344,347,349,767
354,782,593,689,283,797
770,839,714,1044,958
736,260,334,345,348,254
773,262,263,507,350
682,914,947,146,762,61
259,555,556,378,255
0,256,258,257,353,261,105,346,27,253,351
452,804,838,518,887,735
352,644,684,668,893
3,900,6,26,29,160,290,166,175,308,53,187,446,448,449,73,206,207,208,337,340,92,99,104,110,1013,377,250
267,525,532,20,161,292,51,565,438,317,322,327,456,201,202,585,463,81,478,488,234,236,496,241,114,116,503
610,227,167,906,75,1008,625,1043,789,917,983,571
674,709,757,664,890
1024,673,904,943,794
806,716,687,849,799
802,941,750,730,924
814,911,494,829,862
1026,810,685,755,889
653,976,1046,791,732
1028,1030,779,908,940
617,1036,723,918,828
930,872,970,1035,815
323,229,5,230,72,559,724,342,445,318
453,907,563,825,923
866,899,742,936,987
622,661,502,600,1017
833,740,645,902,903
675,933,776,905,669
672,803,932,1004,926
963,228,1032,844,626
867,873,886,856,922
128,129,7,9,138,139,18,403,533,155,284,156,414,30,287,171,442,572,319,320,199,200,457,74,203,461,974,79,80,338,861,101,103,107,370,117,246,247
402,537,795,545,296,818,564,55,458,339,471,221,95,991,869,368,124,252,509
897,700,10,395,543,170,301,399,16,17,490,468,248,505,538,28,479
608,194,739,713,746,759,396,397,302,303,13,12,300,535,568,411,605
868,711,594,281,282,604,542
993,999,489,527,688
805,998,361,526,54
935,874,845,1038,1009,569,954
544,768,778,597,540
871,846,1040,1015,697
641,964,647,369,443,793,539
609,738,549,955,444
864,705,612,330,541
98,131,196,71,520,521,552,522,459,366,14,113,498,115,570,343,186
514,516,517,294,134,136,393,394,553,172,365,135,111,1031,82,691,412
774,656,22,800,168,306,309,696,56,57,699,704,835,837,198,971,715,860,486,879,895
618,975,371,950,310,311
960,162,646,531,409
484,485,359,169,466,499,372,467,631,251
321,65,195,388,69,392,266,654,400,464,850,853,213,599,24,214,215,158,226,557,493,379,184,249,315,189
512,706,589,717,336,177,1041,785,820,915,1014,919,821,596,634,702
224,513,225,547,548,519,455,588,112,786,86,87,219,222,223
1000,754,819,84,953
896,841,752,1010,1011
994,515,579,840,859
934,683,560,690,31
749,335,506,666,575
324,621,590,729,89
153,995,38,39,584,363,108,632,1006,1039,627,920,341,760,761,826,957
32,34,35,36,37,40,41,42,43,44,45,46,47,48,49,50,629
1025,137,524,404,280,796,937,939,299,817,58,60,836,454,481,355,483,743,239,240,500
297,460,205,398,145,407,183,1018,764,94,1023
482,967,264,586,888
480,961,566,792,93
408,390,360,536,619,811,718,883,151,88,441,122,508,701,63
118,120,121,123,152
809,748,977,726,220
679,391,747,657,979
640,667,415,417,422,428,429,430,693,710,76,333,77,332,469,216,992,97,362,243
420,421,433,882,758,989,671
801,1027,813,692,985,894
419,423,780,909,910,435
405,413,285,416,418,424,425,426,427,431,432,434,182,66,217,357,358,126,127
68,582,583,328,233,232,235,329,554,462,238,312
615,753,242,881,978
581,562,854,602,863
870,783,436,727,831
771,1001,944,980,884
842,623,659,952,665
741,1003,1007,982,891
966,775,843,756,1016
745,307,440,858,639
450,331,211,694,601
611,650,523,495,607
1029,812,237,401,633
613,807,876,848,788
578,996,592,595,637
492,624,1042,951,733
1034,877,916,885,766
832,561,728,573,606
643,722,470,663,703
997,744,662,313,830
928,929,291,1002,875,491,1037,847,1045,406,790,598,990
576,686,529,473,154
681,649,587,142,530
132,965,655,1012,852
546,931,1033,90,927
652,784,658,725,698
878,981,823,984,511
165,325,777,651,204,141,364,591,528,304,437,375,376,763,476,477
164,901,648,1020,942,367,373,150,374,857,474,475,956,925,286
268,269,271,144,273,275,278,410,288,295,938,185,190,959,737,231,620,1005,244,245
270,272,274,276,277,279,921,670,676,678,192,968,969,972,973,603,356,1019,638
865,173,719,880,721,913,181,731,157
385,326,695,855,439
898,707,751,945,822
384,389,614,298,383
386,550,949,314,380
293,180,660,892,381
387,720,148,188,382
577,580,677,680,265,178,787,628,851,534,635,988,734
510,574,616,210,504,1022,447
769,772,558,567,636,765
962,551,712,630,986,316,1021
834,708,781,948,824,827
