497,346,348
0,91,351
345,353,105
194,10,564,538,568,746,12
608,897,300,13,399,468,537
545,395,301,17,248,505,479
26,261,250,27,92
818,29,343,31
296,113,14
40,41
50,36
42,34
32,37,38,39,45
44,46,47,48,629
35,584,43,49,627
489,527,54,604,510
993,999,874,688,569
198,306,309,22,56,57
137,138,370,280,58
184,195,325,63
88,89,651
288,68,144,211,599,312,185
322,69,71,850,243,246,153
448,403,166
377,340,533
5,6,73,74,366,79
994,579,367,84,919
929,866,965,90,987,927
888,967
480,93
264,586,524,94
97,578,620,852,889,570
98,483,522,596,536
512,112
513,588
225,87
219,101
496,116,206,292
201,267,532
414,332,77,430,405,216,126
555,765
344,146
148,181,213,214,249,298,382,383
199,139,203,141,204,150,475,476,286
193,147,30
456,18,7
130,102
106,78
161,171,9,103
648,376,1020,925
164,901,375
857,956,373
500,942
165,710
168,169,304,528,467,374,631
416,357,358,76,431,413
418,427,182,217,285
355,297,205,404,183
481,454,299,398,60
552,459,186,187,572
585,557,654,175,400
384,386,387,389,720,550,188,314,380
80,338,478
202,287,327
107,442,3,117
472,200,861,247
51,155,461,319
128,457,129,320
928,704,900,208,210,853,1013
258,212,446
337,290,253
160,226,99,266,974,207,308,53
488,233,236,462,463,565,438
615,876,613,623
832,877,788,237
218,317
156,20
81,114,241,525
583,329,650,235,242
485,938,82,531,310,251
104,252,471
773,556,254,797,350,255
256,257,24,464
2,507,262,263
509,869,270,368,275,276,221
603,356,638
274,1019,678
921,676,670
244,245,277,278,279
192,268,190,271
361,683,526,690,281
609,718,282,955,605
354,260,334,347,283,349
738,739,458,397,443
805,549,303,539,444
624,881,595,307,662,639
703,951
744,1042
745,733,830,313
321,315,189
379,388,215
551,178,630,534,635
708,824,827,316
439,326,614,695,157
582,232,554,234,694,503
450,328,495,601,607
705,612,964,330,795,541,95
611,523,331,562,863
177,575,666,859,717,335
352,259,804,914,378
486,359,618,975,371
835,971,879,466,696,699
800,484,499,372,311
385,898,945,721,822,855,751
682,401,469,470,693
759,713,411,647
417,426,333,434,127
419,420,435,423,667,415
421,428,429,433,758
66,422,424,425,432
436,238
440,753
392,492,598,447
451,782,947,893,735
736,452,838,518,684
923,933,502,755
936,1017,563,1004
899,932,453,742
1026,740,807,716,976,474,763,477
642,644,839,714,689,887,668
770,1044,958
816,946,487
610,645,1032,1035,1036,625,886,794,571
802,227,904,970,815
672,941,943,661,924
673,963,675,494,926
906,626,757,664,890
867,873,844,856,922
1024,709,750,687,730
655,784,823,473,698,990,511
1002,875,1037,878,1045,981,984
131,294,135,393,394,172,412
514,517,1031,365,691
516,134,136,553,111
840,841,515,996
896,1000,754,819
576,291,142
649,530,529
490,396,302,535
864,641,793,369
594,402,597,998,711,542
170,28,16,284,55,700,543
560,593,173,567
843,766,1012,858,606
870,561,659,728,573
577,362,437,762,574
363,364,772,295
602,124,581,934
224,548,86,729,222
519,621,590,223
803,646,498,723,600,828
132,775,616,617,810
811,747,979,883,220,701
391,619,748,977,726
162,806,903,521,622,592,637
640,992,410,791
633,409,732,61
1008,820,821,1014,953,634
1041,915,1011
752,785,1010
643,1029,520,777,493,591,722
681,491,652,587,686,658,725,154
833,196,653,756,829,862
656,837,774,663,812,715,860,895
679,809,441,657,152,121,120
390,360,118,151,408,122,123
293,180,660,949,892,381
902,872,1034,783,980,918,831
771,944,884,916,982
741,842,885,665,891
1001,1003,1007,727,952
669,110,847
849,779,789
966,108,339,341,406
546,931,780
910,671
449,1043,342,445,318
674,228,230,167,75
323,229,72,559,724
737,940,685,767,508,991
908,1028,1046
907,1030
801,894,1027,692,985,813,909
868,871,935,1038,1040,1015,697,954
706,455,786,506,702
547,324,589,749,336
865,814,917,983,799
707,719,880,913,731
769,834,558,628,504,1021
580,680,265,787,636,734
962,712,781,948,986,988
961,743,145,566,792,764
1025,836,937,939,796
760,995,920
911,761,826,957,1006,1039
768,544,778,845,846,1009,540
776,905,848,825,158
65,997,790
1016,959
115,239
960,231,240,817,950,632
978,851,677,854
882,989,1022
1033,930
968,969,973,1005
272,273,972,269
482,460,407,1018,1023
