2,130,647,393,138,396,526,528,402,531,147,281,411,540,795,157,415,797,290,424,427,683,173,304,567,57,954,700,318,446,321,66,193,710,583,713,458,333,78,213,217,346,221,479,353,738,746,874,106,490,368,369,497,243,500,502,759,509,1022
897,388,1032,520,906,266,10,399,17,1043,405,22,664,412,413,158,160,545,674,416,294,167,559,308,571,315,445,323,963,69,72,73,75,76,77,464,850,724,342,214,856,216,610,226,229,230,358,357,493,494,625,626,757,248,249,890,379,253
128,129,3,900,5,6,7,9,267,16,18,537,26,155,156,284,414,30,287,161,28,292,166,170,430,306,55,442,572,317,189,448,449,322,456,457,74,332,79,80,208,338,340,215,472,218,92,861,99,102,104,107,366,370,117,246,377,250
1034,525,397,1042,659,20,532,554,562,307,436,565,438,951,440,312,313,443,68,581,582,327,329,201,843,202,462,463,206,81,978,211,595,854,728,602,478,611,739,615,232,233,234,235,236,877,238,488,624,753,242,881,116,496,241,503,114,127
896,512,513,515,519,1041,785,915,786,919,24,666,32,547,548,35,39,557,177,819,820,821,56,953,702,575,706,579,324,455,840,841,588,589,590,717,335,336,84,853,86,87,88,729,859,219,222,223,224,225,994,101,1000,621,749,752,112,1010,1011,754,506,1014,1013,634
640,646,392,777,522,651,394,269,654,271,144,400,268,277,150,278,153,410,288,164,168,552,938,172,175,178,309,184,185,570,190,195,196,325,198,460,591,207,337,467,599,475,375,992,737,376,485,231,620,498,373,374,631,632,251
514,899,1029,1030,905,918,1046,921,672,563,693,696,828,957,833,983,600,986,603,988,740,872,617,1008,113,118,1017
272,787,279,152,409,677,295,811,817,437,310,955,959,704,82,466,220,734,97,483,359,363,364,111,239,883,123
901,395,1040,538,539,544,549,934,935,680,165,302,942,818,564,950,311,568,444,701,960,705,194,580,330,975,468,596,469,89,605,991,609,354,121,868,871,618,747,362,365,124,240,627,252,628,499,1015,120,505,629,372,508,767
1026,1027,1028,776,907,909,911,1039,536,285,670,801,418,932,421,422,933,805,426,810,428,429,814,431,432,433,434,303,182,825,829,835,453,712,972,973,845,716,718,594,851,985,474,857,477,862,1004,748,755,889,126,1019,638,763
1031,136,649,778,1037,142,781,653,529,530,657,791,920,154,671,928,291,419,803,807,681,682,940,685,558,439,698,576,578,834,711,587,847,848,593,977,981,473,987,990,866,996,613,504,616,1002,875,491,878,1006,760,633,1020,765
256,257,642,258,260,773,262,263,261,641,265,270,146,275,1044,276,535,793,283,668,541,296,425,556,816,946,947,956,958,451,452,964,584,334,212,471,344,345,91,347,348,349,350,351,95,864,612,484,869,487,105,371,507,254
1025,131,517,390,264,524,398,145,273,407,280,792,151,796,286,543,417,297,937,299,169,301,300,566,183,58,186,192,836,454,967,71,586,459,205,343,93,94,480,481,482,355,98,608,486,743,360,122,1005,115,888,1018,764,1023
384,385,386,387,768,389,643,135,892,774,775,511,518,656,913,401,274,660,148,663,895,667,804,293,550,423,678,420,298,812,945,180,181,822,695,314,188,707,326,719,720,722,470,726,731,352,736,356,997,614,380,381,382,383
1024,770,645,902,904,1035,1036,1038,661,1045,917,794,922,924,923,926,799,673,802,675,930,936,939,941,813,687,815,943,689,692,697,699,962,709,839,970,714,844,723,984,730,865,227,867,228,742,873,619,750,879,880,886,887,894
898,771,644,650,523,908,783,916,788,665,676,944,561,435,694,823,952,826,573,830,831,703,450,837,328,842,331,715,846,976,721,980,982,727,601,860,732,606,863,607,741,744,1001,1003,237,623,1007,495,751,1009,884,885,761,891
769,259,516,772,903,391,521,652,639,527,914,662,282,925,542,162,806,679,809,553,555,686,560,688,690,949,54,316,574,447,577,961,968,969,971,210,725,597,604,993,995,998,999,361,745,489,622,378,756,758,762,636,510,255
132,637,134,648,1033,779,780,910,655,784,782,658,1021,789,406,790,669,927,800,929,546,931,551,684,691,948,824,569,827,708,965,966,838,592,849,339,852,341,979,598,855,90,989,733,735,108,492,367,882,1012,630,1016,635,893
0,12,13,14,533,534,27,29,31,34,36,37,38,40,41,42,43,44,45,46,47,48,49,50,51,53,60,61,63,832,65,319,585,858,870,103,876,110,137,139,141,403,404,408,171,441,187,199,203,204,461,974,476,244,245,247,766
