257,26,250,27,92,351
0,346,212,253
497,261
256,258
353,2,345,105,348
449,3,5,342,166,73,318
16,10,55,537,170,28,399
568,458,402
479,543
746,12
194,564
396,13,410,608,490,300,301,302,304
113,29,14,343
897,545,395,17,468,248,505,538,700
81,114,290,20,488,201,974
198,486,306,309,22,57
168,169,467,631,56
690,762,818,718
577,772,574,31
34,41,42,46,47,48
584,627,44,629
49,35,36,43
32,50,37,38,39,40,45
65,51,861
489,845,281
361,874,527
993,998,526,594,282
544,711,597,540,542
999,688,54,569,604
404,460,297
205,398,183
280,137,58,299
481,355,60,454
791,633,732,61,1022
184,89,104,469
88,471,252,63
66,422,758,425,428,429,415
233,211,607,495
328,694,462,582
312,601,450,68
322,69
493,71
520,850
323,724,229,72,75,445,559
442,79,287
74,6
332,77,430,76,217,414
416,358,427,216,413
200,106,102
130,147,78
82,365,517,111
994,579,621,590,173,717
335,84,666,859,575
224,548,588,87,222
742,563,1017,90,987
929,866,453,965,927
899,932,936,1004,923
354,260,91,334,283,344,347,349
407,566,967,792,1018,93,1023
264,482,710,94
480,586,888,524
98,483,570,522,620,95
97,578,852,596,536,889
461,512,101
370,203
138,139,107,80,247,30
320,129,128,9,155
339,108,341,110
177,547,86,223
112,225,786,519
960,231,239,240,817,115,950,632,959
496,116,438,503,234
646,409,368,531,121,221
509,500,118,120,123,152
938,795,124
869,934,677
357,424,426,333,405,126,127
432,182,431
417,285
418,434
394,366,412,294
393,131,172
392,617,810,598,185
132,775,616,492,447
514,516,134,135,136,553,1031,691
681,491,142,530,725,154
649,652,686,655,784,658
961,1025,836,796,743,937,939,145,764
146,555
507,735
914,254
378,259,556,255
773,262
350,263
144,148,213,181,298,382,383
204,141,374,375,476
164,373,150,475,286
737,153,243,777,991,508,591
156,284,7
472,218,246
389,550,949,157,892,381
384,387,720,380,188
386,293,660,180,314
456,377,340,448
161,267,317
162,903,521,622,592
560,593,637,806
376,857,165,901
956,925,942
228,230,167,886,873,922
585,572
187,175
400,996,552,186,459,557,654
268,1005,271,244,245
192,269,273,278,190
292,206,478
202,532,327
337,53,207
900,1013
208,853
928,704,930,210,1033
321,498,388,214,249,315
513,99,408,24,219
679,391,809,657,151,441
390,360,747,122,220,701
226,266,215,379,189
610,1032,906,844,625,571
867,227,963,626,856
640,992,232,329,554,235
464,241,565,236,525,463
741,624,595,662,313,830,639
843,877,237,1042,733
832,876,766,561,606
870,1034,659,788,831
613,623,944,728,573
1001,916,885,952,665
842,1003,1007,982,891
771,783,884,980,727
744,745,951,858,703
753,238,583
242,307
611,615
440,436
484,485,971,975,499,311,251
359,618,466,371,372,310
178,787,580,628,534,265,734
603,275
272,277
276,270,279
921,356
274,1019
676,678,670
288,546,872,917,599,765,510,799
587,291
576,529
437,295,296,362,363,364
738,739,805,397,303,759
549,411,443,539,444
713,535,793,955,605
864,705,612,647,369
609,641,964,330,541
769,316,680,504,636,558
706,455,589,506,702
336,729,324,749
614,326,695,855,439
945,898,731,707
880,913,865,719
721,385,822,751
523,881,978,854,602
581,650,331,562,863
338,18
457,446
451,804,1044
816,352,487
736,893,958
946,714,642
838,684,782,947,887,668
770,452,644,518,839,689
663,648,474,763,1020,477,367
195,325,693,470
401,682,651
103,199,171,403,117,533,319
849,789,966,406,779,669,847
985,421,910
433,423
882,671
419,420,780,909,667,989
801,1027,813,435,692,894
674,904,494,1043,757,664,890
675,924,815
1036,661
673,802,970,1035,941
672,645,943,794,926
1024,709,750,687,730
981,823,473,698,990,511
1002,875,1037,878,1045,984
634,915,821,807
953,1010,820,919
840,841,515,752
896,1000,754,819
1041,785,1011,1014
528,683,567
708,630,824,986,988,1021
827,834,635,551
712,962,948,781
1026,911,976,755,502,983,600
803,740,716,1008,723,918,828
977,979,883,726,619,811,748
851,968,969,972,973,638
643,1028,1029,940,722,767
908,685,1030
907,1046
833,756,196,829,653,862
800,835,879,696,699,860
837,774,715,656,895
768,935,778,1009,697,954
868,871,846,1038,1040,1015
760,995
920,1039
761,826,957,1006
160,776,905,848,308,825,158
1012,997,902,790,1016
931,933,812,814,797
