0,290,346,253,446
194,10,564,568,746,12
608,300,13,301,399,17,537
545,897,395,468,248,505
26,261,250,27,92
48,49,44,47
43,35,629,46
42,50
34,36
40,41
32,37,38,39,45
993,489,567,569,510
688,604,54,999
198,306,309,22,56,57
280,370
58,398
137,138,404,60
184,195,325,63
88,89,651
288,68,144,599
312,517
528,211
322,69,71,850,243,246,153
448,166,340,533,572
5,6,73,74,79
994,579,516,134,691,84
295,296,362,363,364,437,927
929,866,965,818,90,987,31
482,586,460,407,93
888,524,94,967
97,578,620,852,889,570
98,483,522,596,536
497,351
345,91
353,347,348,105
225,513,547,101,455,112
512,588,86,87,219
292,496,114,116,438
81,267,532,206
129,869,934,207,442,124
414,332,77,430,405,216,126
132,775,616,617,810,185
193,7,456,171,18,147
9,161,30,103
130,102
106,78
164,199,139,203,204,373,476
942,150,375,376,925
165,901,374,475,286
648,1020,367,857,956
298,111,82,531,181,795,383
418,333,182,285,127
131,552,393,394,186
720,386,387,188,380,95
488,201,585,141,366,403,20,53,377
338,247,287,327
80,457
861,319
3,202,51,478
472,117,107,461
200,320,155,128
928,704,900,208,210,853,1013
258,294,172,654,400,464,212
99,266,974,110,308
160,226,175,187,412
233,236,462,463,565,503
613,237,877,623,1042,788
832,744,876,858,606
241,218,317
156,525
242,238,583
485,486,359,466,499,310,251
104,252,471
773,555,556,254,350,255
256,65,557
24,257
914,259,173,378
2,507,262,263
245,268,244,190
192,273,269,1005
509,270,368,275,276,500,221
274,356,797,663
271,277,278,279
738,739,549,361,526,759,281,444
805,710,136,718,303,282,539
354,260,334,146,344,283,349
595,307,662,313,733,830
745,624,703,951,639
379,315,189,215
321,388,249
178,316,1021,534
824,635,827,630
439,326,614,148,213,214,695,157
450,582,328,232,234,554,607
641,330,458,397,369,955
609,705,541,964,612,605
329,650,235,694,601
611,523,331,495
352,804,807
618,371,365,975
971,484
372,311
945,1031,855,751
721,385,822,898
391,809,657,151,408,441,120
390,360,118,152,121,122,123
682,401,469,470,693
713,527,851,411,765
432,413
434,431
417,426
416,357,358,427,76,217
421,423,429,433,758
66,422,424,425,428,415
615,881,753,436,440
647,490,396,535,479
864,793,443,302
392,492,598,447
451,452,947,838,684,782,735
453,936,1004,563,755,502
899,932,742,1017,923
168,169,459,304,467,631
740,872,716,976,918,474
514,1026,911,763,477
1044,799,983
958,887
946,770,917
816,642,487
689,714,839
672,673,675,904,844,943,794
873,494,626,571,926
867,227,886,856,922
1024,709,750,687,730
655,784,658,473,511
1037,981,823,698,990
1002,875,878,1045,984
706,324,840,589,336,506,575
896,515,1000,841,754,819
621,590,335,919,729,666
736,546,644,518,668,893
576,649,529
530,291
170,700,284,55
28,543
16,538
544,402,597,998,711,845,542
580,551,787,504,734
769,834,708,781,948
680,265,558,628,636
806,903,521,622,560
592,593,162,637
843,980,885,766,831
1034,561,659,728,573
771,870,783,944,884
690,581
562,683
602,863
577,762,574,113
772,29,14,343
803,646,498,723,600,828
679,619,811,748,883,220
747,977,979,726,701
633,409,732,791
640,992,410,61
717,1041,1010,785,1011,915,859
752,634,1014
953,820,821
643,1029,520,777,493,591,722
645,1032,970,906,941,757,924
610,963,625,664,890
1035,661,815
802,1036
681,491,652,587,142,686,725,154
833,196,653,756,829,862
996,774,135,553,656,895
842,1007,1008,916,982,891
741,1001,1003,727,952,665
966,779,108,339,341
847,849,789,406,669
921,638
969,670
1019,676,678
420,780,910,435,667,671
449,229,1043,342,445
674,323,228,230,167
72,75,559,724,318
737,940,685,991,508,767
908,1028,1046
907,1030
801,894,1027,692,419,985,813,909
800,835,837,715,879,696,699,860
868,871,935,874,1038,1040,1015,697,954
224,519,749,177,702
786,548,222,223
384,865,389,550,949,381,382
707,719,880,913,731
293,660,180,314,892
712,962,986,988
480,961,743,566,792,764
145,939,796
1025,937,836
995,584,627,920,760
761,826,957,1006,1039
768,778,846,1009,594,540
776,905,848,825,158
632,1016
115,959
817,239,231
960,997,902,240,1012,790,950
931,933,677,938,812,814,337
978,854
882,989,1022
1033,930
968,972,973,272,603
454,299,205,1018,1023
481,355,264,297,183
