2,130,5,1032,393,906,266,528,1043,405,22,664,795,412,157,797,160,290,674,167,424,683,173,559,308,567,57,571,318,446,66,323,963,583,73,333,342,214,856,216,353,610,226,229,230,493,494,625,626,497,243,757,502,248,249,890,379,253,1022
128,129,3,900,6,7,9,138,267,18,147,26,155,284,156,30,414,287,161,292,166,430,306,442,572,317,189,448,193,322,449,456,457,74,332,77,78,79,80,208,338,340,215,472,218,92,861,99,102,104,106,107,366,370,117,246,377,250
1034,525,1042,659,20,532,531,415,554,304,562,307,436,951,312,440,313,68,581,582,327,710,329,201,843,202,462,463,206,81,978,211,595,213,854,728,602,221,478,611,615,232,233,488,235,877,238,624,753,242,881,241,114,500,503,368,509,127
897,388,647,520,10,396,397,526,399,16,17,402,281,537,411,28,540,413,158,416,545,294,170,427,565,438,55,954,443,700,445,315,321,69,72,713,458,75,76,464,850,724,217,346,479,738,739,357,358,490,746,874,234,236,496,369,116,759
896,512,513,515,519,1041,785,915,786,919,666,547,548,177,819,820,821,953,702,575,706,579,324,455,840,841,588,589,590,717,335,336,84,86,87,729,859,219,222,223,224,225,994,101,1000,621,749,752,112,1010,1011,754,506,1014,634
931,869,933,934,677,938,812,814,207,337,124
640,643,517,774,777,522,511,656,529,274,407,791,410,288,418,34,36,678,807,168,169,46,47,49,691,948,437,693,576,192,325,586,587,460,205,591,847,848,341,470,90,603,860,732,97,363,108,1006,1012,631,632,633,895
1018,772,516,390,1029,649,638,524,145,530,658,406,151,152,409,279,1023,922,928,162,681,950,959,960,704,703,969,593,466,851,82,726,598,473,220,991,995,867,359,360,616,873,491,239,499,118,762,765,510,767
769,132,1031,1019,1033,776,779,908,781,653,907,787,920,796,669,670,927,800,929,546,803,676,806,551,937,940,685,558,824,826,827,834,965,453,837,712,715,976,977,981,987,734,866,878,755,628,630,761,635,1021
136,265,778,12,13,270,527,535,792,536,282,154,541,544,805,679,296,809,300,301,302,303,560,942,690,564,566,61,705,194,964,968,971,845,846,718,594,471,95,864,608,227,998,361,489,747,1009,504,636,381
768,135,775,655,784,401,657,788,662,790,663,542,553,682,561,573,830,832,961,578,708,966,711,328,722,979,852,597,858,733,606,607,996,613,870,997,744,745,356,876,237,492,623,760,756,1016,378,764,766,639
259,644,773,518,262,263,391,637,134,652,782,914,668,804,555,556,684,686,688,947,54,569,316,574,447,577,451,452,838,592,210,725,344,345,347,348,349,350,735,352,736,354,993,604,999,105,507,893,254,255
641,260,901,648,650,523,275,276,793,283,539,925,286,164,165,549,43,817,311,955,444,956,584,331,334,339,469,857,475,94,480,483,484,362,508,367,240,111,495,627,372,373,374,629,120,121,371,123,1020,888
384,385,386,387,898,389,892,142,146,660,148,31,293,550,680,298,945,818,180,949,695,439,314,188,701,580,326,967,330,972,973,844,975,720,596,855,89,93,605,863,609,612,614,618,365,751,252,380,382,383
646,264,780,910,144,272,277,150,153,667,285,671,417,419,420,421,422,423,295,425,426,428,429,44,431,432,433,434,435,181,182,694,568,310,450,467,601,91,989,737,482,228,485,231,620,364,882,758,886,251
