257,250,346,497,212,26,92
0,256,258,261,27,253,351
449,5,342,166,73,318,559
897,545,170,395,17,55
10,399,16,537,28
490,301,248,505,479
608,468,564,538,700
194,746,12,568,543
369,647,396,300,13,302
113,343,437,295,363,364,29,14
81,114,290,20,488,201,104
168,169,306,309,57
56,486,198,22
577,772,296,362,818,762,574,31
32,50,37,38,39,40,41,45
34,36,584,46,47,48,627
35,42,43,44,49,629
711,845,527,688,540
993,999,54,569,604
544,998,594,597,542
297,137,460,205,398,183,58
481,355,454,299,404,280,60
633,409,410
732,61,791
195,651,401,693,470,471,184
325,682,469,88,89,252,63
66,333,182
418,285,127
68,233,462,528,438
450,582,211,312,601
850,322,69,71,520,493
323,724,229,72,75,445
3,6,74,79,338,533,287
416,358,76,332,77,216,414
193,130,102,106,78,147
517,294
82,111
749,84,621,702
859,994,579
324,717,590,335,729,666,575
224,548,86,519,87,222
866,563,1017,90,927
899,742,936,1004,923
929,932,453,965,987
353,260,105,334,344,345
354,283,347,91,348,349
961,967,407,1018,1023
480,566,792,93,94
536,483,596,95
97,578,852,889,797
570,522,620,98
341,110
339,108
112,177,589
336,706,506
225,547,455,786,223
65,115,51
632,959,239
960,231,240,817,950
161,456,496,241,116,503
234,236,525,463,565
531,152,221,500,118,120,121,123,509
390,360,151,408,441,122
337,869,934,677,812,938,124,814
417,424,426,431,432,434,405,126
131,393,394,172,366,412
616,810
617,598
132,492,775,447
514,516,134,135,136,553,1031,365,691
138,18,370,472,284
7,200,203,80,246
129,139
155,199
681,649,142,530,725,473
652,686,655,784,658
145,939,764,743
1025,937,836,796
2,804,146,914,254,735
259,555,556,378,255
773,262,263,507,350
384,298,213,181,383
389,550,180,380,892
386,293,660,314,381
387,720,148,188,382
204,141,374,375,376,476
164,373,150,475,286
737,153,243,777,991,591
576,529,291,491,154,587
949,614,439,326,695,157
160,24,308,158
162,903,521,622,637
592,593,560,806
165,901,857,956,925,942
873,167
886,230
922,867,228,227
187,53,175
178,534
392,185
400,552,585,186,459,557,654
900,207,208,215,189
464,268,278
190,271
192,269,1005,273,498
292,532,218,156,317
327,202,267,206,478
928,704,930,210,853,1013,1033
266,226,379,214
249,315
321,388
357,427,430,217,413
512,513,101,588,219
391,657,679,809,747,220,701
843,1003,1007,952,665
870,1001,842,727,831
237,980,982,891,573
613,1034,876,916,885
832,623,561,728,766
877,659,788,858,606
771,741,783,944,884
328,329,554,235,650,232,753
611,583,331,495,242,694,607
448,340,245
377,244
320,457,247,572,30
103,171,442,861,319
128,9,107,461,117
484,485,359,466,467,372,310,631,251
888,264,646
482,524,586
265,787,734
680,628
769,580,558,504,636
969,276,277
272,968
972,973,270,275,279
356,676,274,603,638
921,1019,678,670
738,805,489,303,759,444
361,282,411,526
713,281
609,955
705,541
330,964
612,605
539,549
368,304,795
615,238,307,436,440
624,745,313,951
744,1042,595,733
703,662,830,639
708,630,986,316,1021
834,635,824,827,988
962,551,712,781,948
736,642,451,487,816,947,1044,958
352,452,838,518,714
644,684,782,668,893
770,839,689,946,887
648,474,763,1020,477,367
371,499,311,618,971,975
731,855
945,719
385,822,865
880,913,707
721,898,751
864,641,739,458,397,402,535,793,443
849,789,966,406,779,669,847
422,758,425,428,429,415
421,813,433,882,435,692,985
423,780,910,667,989,671
801,1027,419,420,909,894
664,494
674,687
890,757
802,941,661,794,924
673,675,1036,815,943
904,645,926
970,1035
672,1024,709,750,730
508,1029,767
288,546,917,599,872,765,510,799
823,981,511
878,1045,990
1002,875,1037,984,698
840,1010,820,821,919,953,634
896,515,1000,841,754,819
752,785,1041,1011,915,1014
881,978,854,863
602,562,523,581
683,173,1022,567
1032,625,610,571
905,911,755,502,983
1008,723,600,825,828
803,740,933,776,918
619,748,726,979
811,883,977
626,963,1043,856,906,844
992,403
640,974
643,907,940,722,1046
908,1028,685,1030
833,756,196,829,653,862
800,837,774,715,879
696,835,699
656,860,895
144,446
690,716
851,663
874,1038,1040,1009,1015,697,954
768,868,935,871,778,846
99,718,710
995,1006,1039,920,760,761,826,957
1012,997,902,790,1016
976,848,931
1026,996,807
