0,290,346,253,446
194,10,564,568,746,12
545,897,395,301,399,17,537
608,300,13,468,248,505
26,261,250,27,92
48,35,44,47
49,46
43,629
40,41
50,36
42,34
32,37,38,39,45
993,489,567,569,510
688,604,54,999
198,306,309,22,56,57
280,137,138,370
404,58,60,398
184,195,325,63
88,89,651
312,599
288,517
528,211,68,144
322,69,71,850,243,246,153
448,5,340,533,572
166,6,73,74,79
994,579,516,134,691,84
929,866,965,362,90,987,927
295,296,363,364,818,437,31
460,93,407
888,967
586,482,524,94
98,483,578,522,620,570
889,596,97
536,852
497,351
345,91
353,347,348,105
512,225,547,101,455,87
513,588,112,86,219
292,206,496,116,438
81,114,267,532
129,869,934,207,442,124
414,332,77,430,405,216,126
132,775,616,617,810,185
456,9,193
106,18,30
102,130,147,78
161,171,103,7
164,199,139,203,204,373,476
1020,375,376,956,286
648,942,367,857,925
165,901,374,150,475
298,111,82,531,181,795,383
418,333,182,285,127
131,552,393,394,186
720,386,387,188,380,95
488,201,585,141,366,403,20,53,377
472,457,80,200
128,320,107,247
338,3,117,287
202,861,478,327
51,155,461,319
928,704,900,208,210,853,1013
258,294,172,654,400,464,212
99,974,110,175,412
160,226,266,308,187
233,236,462,463,565,503
1042,788,237
832,613,623
744,876,877,858,606
241,156,525
218,317
242,238,583
485,486,359,466,499,310,251
104,252,471
773,555,556,254,350,255
24,257,557
256,65
914,259,173,378
2,507,262,263
245,268,244,190
192,273,269,1005
509,270,368,275,276,500,221
274,356,797,663
271,277,278,279
738,739,549,361,526,759,281,444
805,710,136,718,303,282,539
354,260,334,146,344,283,349
595,307,662,313,733,830
745,624,703,951,639
249,388,189,215
379,321,315
178,827,1021,534
824,635,316,630
439,326,614,148,213,214,695,157
450,582,328,232,234,554,607
641,330,458,397,369,955
609,705,541,964,612,605
611,329,523,235,495
601,650,331,694
352,804,807
618,371,365,975
971,484
372,311
385,1031,721,855
945,898,822,751
408,390,657,151,120,441,122
391,360,809,118,152,121,123
682,401,469,470,693
713,527,851,411,765
434,413
432,431
417,426
416,357,358,427,76,217
421,423,429,433,758
66,422,424,425,428,415
615,881,753,436,440
490,302,535,443,479
864,793,396,647
392,492,598,447
451,452,947,838,684,782,735
453,936,1004,563,755,502
899,932,742,1017,923
168,169,459,304,467,631
1026,740,911,976,474,477
514,872,716,918,763
1044,799,983
917,887
946,770,958
816,642,487
689,714,839
672,673,675,904,844,943,794
873,494,626,571,926
867,227,886,856,922
1024,709,750,687,730
784,658,981,473,511
1037,655,823,698,990
1002,875,878,1045,984
706,515,840,589,621,336,506
896,1000,841,754,819,919
324,590,335,729,666,575
736,546,644,518,668,893
576,649,529
530,291
28,284,55,543
170,538
16,700
544,402,597,998,711,845,542
580,551,787,504,734
769,834,708,781,948
680,265,558,628,636
162,903,521,622,593
560,592,637,806
843,659,884,573,831
771,783,944,980,885
870,1034,561,728,766
690,863
602,581
562,683
577,762,574,113
772,29,14,343
803,646,498,723,600,828
679,747,748,979,220,701
619,811,977,883,726
633,409,732,791
640,992,410,61
717,1041,1010,915,785,1011,859
752,634,1014
953,820,821
643,1029,520,777,493,591,722
645,1032,970,906,941,757,924
610,963,625,664,890
1036,661,815
802,1035
681,491,652,587,142,686,725,154
833,196,653,756,829,862
996,774,135,553,656,895
1008,916,982,727,952,665
741,1001,842,1003,1007,891
966,779,108,339,341
847,849,789,406,669
921,638
969,670
1019,676,678
420,780,910,435,667,671
449,674,167,75,1043
559,724,342,445,318
323,228,229,230,72
737,907,940,767,508,991
1028,685,1046
908,1030
801,894,1027,692,419,985,813,909
800,835,837,715,879,696,699,860
868,871,935,874,1038,1040,1015,697,954
224,548,786,222,702
177,519,749,223
384,865,389,550,949,314,382
707,719,880,913,731
892,180,660
381,293
712,962,986,988
480,836,939,566,792,764
145,961,796
1025,937,743
995,584,627,920,760
761,826,957,1006,1039
768,778,846,1009,594,540
776,905,848,825,158
1016,959
632,115
817,239,231
960,997,902,240,1012,790,950
931,933,677,938,812,814,337
978,854
882,989,1022
1033,930
968,972,973,272,603
454,299,205,1018,1023
481,355,264,297,183
