0,186,105,346,27
608,170,10,16,55,537,28
897,490,300,301,13,399,17
198,557,306,309,22,56,57
32,36,37,38,40,42
489,592,54,567,604,637,1022
993,999,874,527,688,569
195,104,651,88,89,184,63
68,488,81,114,211,565,312,601
322,69,71,520,493,850,243,153
199,457,156,338,246,442,155,284,287
103,107,203,79,117
171,461,247,472,30
3,6,74,139,319
320,129,128,200,80
416,358,76,77,332,430,216,414
706,589,749,84
515,994,579,702
480,469,94
108,341,110,340
196,234,654,400,464,498,116,570
509,368,500,123,221
483,118,120,121,152
392,185,598
617,810
132,775,616,492,447
136,691,294,135
553,516,365,134
394,412,82,111
393,131,172,517
386,389,214,249,379
387,148,382
388,189,215
390,360,151,408,441,122
160,99,141,308,24,476,572
448,585,204,366,403,533
161,193,456,9,106,18
130,102,7,78,147
98,552,522,459,528,631
325,486,168,169,304,467
660,293,180,213,314,892,381
646,298,620,144,531,181,383
297,137,138,205,370,183,58,60
384,720,188,321,550,315,380,157
256,257,258,26,497,212,250,92,253
217,290,427,446
512,219,101,455
225,547,588
513,86,87
208,266,900,207
226,187,53,175
867,227,230,167,844,856
228,5,873,724,886,922,445
449,166,73,75,342
323,229,72,559,318
235,693,238
232,329,554
236,532,292,463
267,478,327
615,237,1042,788,766
613,877,623,561,659
832,744,876,858,606
65,239,817,51,861
201,202,525,206,241,20,218,317
484,485,975,499,311,251
359,618,466,371,372,310
353,261,263,345,351
2,262,507,348,254
404,398
264,482
355,280,299,454
361,282,173
295,296,363,818,343,31
739,805,458,303,539
443,444,397
738,549
624,881,307,595,951,703
313,745,733
662,830,639
580,680,265,787,628,827,734
636,316,630,551
824,635,708
729,471,324,95
450,582,496,438,503
328,233,495,694,607
612,683,690,281,955
609,330,526,411,605
224,548,519,666,222
717,575,177,859,223
621,590,335,112,786
417,418,357,424,405,413,126
364,14,113,437,29
545,369,759,505,700,479
395,468,248,538,543
865,614,880,949,855,731
385,326,695,721,913,439
898,707,751,719,945,822
339,406,966,847
419,420,423,667,415
66,333,431,182,127
426,434,285,432
909,813,433,882,435,989
801,1027,692,985,894
523,753,242,436,440
611,583,650,331,562
736,452,838,146,344,91,349
518,684,782,893,735
354,260,334,283,347
453,965,936,563,1017,923,927
929,866,899,932,742,1004,987
374,375,376,857,474
165,901,942,956,925
164,373,150,475,286
648,367,763,1020,477
487,816,946,1044,958
352,642,804,887,668
451,555,556,947,378
259,773,914,350,255
770,644,839,714,689
494,625,626,661,664
673,675,943
904,794
802,709,815,924,926
970,1036,941
1035,645
672,1024,750,687,730
504,178,534
769,558
288,765,510,599
649,1002,875,1037,1045,823,984,990,511
514,1026,807,1031
976,889,911
481,586,460,524,888
705,641,964,535,541
864,647,396,12,793
194,746,302,564,568
544,768,845,663,540
594,402,597,998,711,542
872,546,917,799
162,521,560,593,377
792,536,566
97,571
1032,610
728,843,891,916
982,771,573,870
741,1034,842,885,952
1001,1003,1007,727,665
783,944,884,980,831
577,772,90,362,762,574
581,851,596,252,863
39,41,44,45,46,50
35,584,47,48,627
657,979,748,726
977,811
883,619
409,61,974
633,732,791
992,410,640
833,740,903,622,918,600,828
716,752,785,1010,1011,1014
1041,915
953,634
820,821
722,812,756
401,643,1029
576,529,154,291
686,142
652,725
681,491,587,655,784,658,530,473
696,971,895
699,837,879
800,835,774,715,656,860
779,829,849,723,789,983,669,862
270,272,277,279,638
274,275,276,603,670
921,356,678
1019,676
421,422,425,780,428,910,429,758,671
674,963,890
906,1043,757
737,1028,1030,907,908,685,1046
777,940,591,991,508,767
713,846,1038,1015,697,954
868,871,935,778,1040,1009
981,653,502
803,806
698,878
809,220,701
391,747,679
1021,986,988,781
712,962,834,948
1025,836,967,407,796,93,743,937,939
896,840,841,336,919,1000,754,819,506
1008,755,718,710
34,995,43,49,629,761
1006,1039,760,920,826,957
961,682,145,764,797
776,905,848,825,158
578,996,997,852,470,790,1016
931,933,677,869,934,938,814,337,124
978,462
602,854
704,928,930,1033,210,853,1013
902,115,1012,950,632
960,240,231,959
968,969,972,973,273,244,245
192,268,269,1005,271,278,190
1018,795,1023
