0,256,258,257,261,212,27,351
954,659,540,797
728,1034,843,877
615,683,624,440,1022
626,757,494
674,610
713,881,436,854,411
753,978,856,602,415
710,396,242,500,795
233,235,213
230,167
963,526,528,562,281
582,490,554,700,479
72,402,116,214,503
10,559,17,379,318
304,369,581
462,759
611,739,583,502,221
66,357,424,333,127
496,81,114,241,565
456,430,20,537,189
160,226,488,73,342
458,238,243,92,157
464,874,567
906,1043
292,30,55
104,129
448,161,9,26,414
366,438,248,253,158
206,208,22,215,57
99,900,306,308,28
416,427,405,217,413
290,173,368,531,509
353,2,250,497,346
457,442,572,861,287
68,232,329,211,312
193,102,80,218,155
449,3,5,166,6
1032,625,664,890,571
201,234,236,525,463
294,393,340,377,412
897,545,170,399,16
322,69,520,493,850
74,18,338,117,446
249,266,315
321,388
106,78,246
130,147
327,202,267,532,478
358,332,77,76,216
128,138,107,79,370
738,647,746,397,443
7,156,472,284,317
1042,307,595,951,313
323,229,75,724,445
194,395,302
538,301
505,468
608,300,13,12,564,568,543
364,14,113,29,574,31
929,965,90,923,927
899,742,936,563,1017
866,932,453,1004,987
577,772,296,818,762
362,363,437
343,295
600,498,646,247
24,53,461
803,723,828
995,38,584,760,826
627,49,43,629
35,40,42,46,48
1006,1039,920,761,957
34,36,41,44,47
32,37,39,45,50
740,997,718,851,51,790
902,807,776,755,825
716,144,690,1012,1016
65,817,115,632,959
960,231,239,240,950
711,489,845,527,688,542
993,999,54,569,604
618,971,975,371,499,311
198,372,309,631,56
168,467,486
169,485
484,359,466,310,251
480,137,586,524,407,888,93
482,264,460,205,183
481,297,398,280,58
967,792,1018,94,1023
355,454,299,404,60
961,1025,836,743,939
796,937,145,566,764
640,633,974
992,409,410
732,61,791
195,651,401,693,470,471,184
325,682,469,88,89,252,63
737,153,71,777,591
394,172,517
82,131,111
1041,785,915,821,634
896,1010,754,819,1014
515,579,840,841,919
994,717,84,859,575
706,749,335,219,702
621,590,336,177,666
225,547,112,786,223
512,224,101,519,588
1000,752,1011,820,953
513,548,86,87,222
324,455,589,729,506
451,262,263,105,507,345,91,348,349
804,773,334,254,350
352,487,556,146,958
642,816,946,914,1044
770,839,714,555,689
518,735,887,378,255
259,452,838,782,947
354,260,283,344,347
736,644,684,668,893
98,522,570
620,97,852
889,578,596
536,483,95
320,403,533,103,200,171,319
966,779,108,110,339,341
847,849,789,406,669
679,748,408,441,122
390,360,151,121,220
391,809,747,657,979
701,118,120,123,152
619,811,977,883,726
337,931,207
124,933,814
869,934,677,938,812
801,1027,894,985,126
419,813,909,435,692
420,423,780,667,671
421,910,433,882,989
422,425,428,429,758
185,775
617,810
132,492,598
392,616,447
514,516,134,135,136,553,1031,365,691
139,1020,374,375,376,956
648,367,474,763,477
199,203,204,141,476
901,165,942,857,925
164,373,150,475,286
291,655
698,511
1002,875,981,990
1037,878,1045,823,984
652,784,658,725,473
576,649,491,686,530
681,587,142,529,154
550,298,181,892,383
148,180,660,381,382
384,293,949,314,188
386,387,389,720,380
806,903,521,622,560
592,593,162,637
976,585,187
552,1026,996
459,557,654,175,400,186
712,178,948,534,827,316,1021
769,558,628,504,636
708,551,630,824,635
962,834,781,986,988
265,787,734
680,580
417,418,426,431,432,434,182,285
678,969,274,921,638
968,603,972,973
273,275,244,279
277,270
272,276
192,269,1005,190
245,278
268,271
356,1019,676,670
833,196,756,663,829,653,862
928,704,210,853,1013,1033
867,227,228,886,873,922,844
613,744,237,623,561,788,573,606
805,998,793,361,282,444,303
288,546,872,917,599,765,510,799
898,707,326,614,695,855,439
865,719,880,913,731
385,945,822
721,751
523,331,495,601,863
450,328,650,694,607
541,605
539,549
864,609,955
641,705,964,612,330,535
940,685,767,1046,991
722,643,508,1029
907,908,1028,1030
768,544,594,597,778
745,733,662
703,830,639
673,802,675,941,750,815
970,1035,1036,661,794
672,709,645,687,730
800,837,774,715,879
696,835,699
656,860,895
665,741,727,952,1001,1003,1007
868,871,935,1038,846,1040,1009,1015,697
832,870,858,876,766
842,783,916,982,891,831
771,944,980,884,885
848,1008,930,918,983,905,911
1024,904,924,926,943
