897,1026,1028,520,521,392,395,908,269,654,271,400,273,525,399,16,789,278,534,402,538,545,552,810,557,178,185,570,186,700,826,190,196,846,463,464,976,850,337,468,853,599,983,603,479,1005,493,497,498,243,248,505,122
640,390,777,522,528,144,150,151,153,410,286,543,288,164,300,301,304,564,568,312,192,194,710,329,458,459,591,211,601,474,475,477,608,992,232,360,746,235,620,632,490,233,238,753,242,115,373,374,375,376
899,643,773,1029,775,274,663,791,29,928,676,678,551,807,812,685,563,437,824,316,578,708,965,966,847,848,722,852,981,726,343,732,733,994,996,997,356,363,364,1006,367,113,1009,756,761,760,633,635,1021,1022
132,776,1033,648,907,779,1037,781,655,784,529,653,911,917,790,920,921,669,670,927,929,546,291,803,933,806,932,931,940,948,823,825,698,829,576,834,453,712,977,987,862,866,748,878,755,1012,502,1019,1020,511
901,646,649,651,272,401,530,787,531,277,795,797,677,165,295,682,938,558,942,693,694,959,960,447,450,325,583,587,462,978,851,341,470,854,473,602,220,734,991,737,484,869,231,616,362,491,239,240,629,638
1025,769,772,391,264,524,652,398,145,657,767,407,280,154,796,925,937,297,809,173,686,183,567,574,961,577,454,969,586,460,205,593,210,469,480,481,482,355,995,762,743,504,124,628,888,1018,764,765,510,1023
902,903,1030,905,1038,1039,1040,1045,1046,918,923,799,930,935,936,939,811,814,697,828,957,833,962,323,836,716,849,723,600,984,986,988,990,889,740,868,742,871,872,617,1002,875,619,1004,622,1008,883,1015,1017,763
774,650,270,656,275,276,279,409,800,162,168,169,296,817,309,310,311,696,950,699,704,835,837,198,328,971,715,331,466,467,339,471,860,221,607,483,611,485,486,359,879,368,495,499,372,500,631,251,509,895
384,385,386,387,898,389,388,636,265,523,913,148,157,680,298,683,428,560,945,690,949,181,439,695,822,315,188,321,707,581,326,968,719,720,721,213,214,855,731,865,614,365,751,880,627,249,379,892,382,383
770,259,644,642,262,518,263,260,2,258,782,914,1044,668,804,555,556,684,816,689,946,947,958,451,452,838,839,714,212,344,345,346,347,348,349,350,735,352,736,354,353,351,487,105,887,378,507,893,254,255
1027,780,909,910,405,792,667,285,413,671,415,801,418,419,420,421,422,423,424,425,426,427,550,429,813,431,432,433,434,435,692,417,182,416,333,334,718,985,217,857,679,989,681,357,358,758,126,508,894,127
896,515,519,785,1041,915,786,658,406,919,666,547,548,819,820,821,953,827,702,575,706,579,455,840,841,717,590,335,589,336,592,979,725,598,1016,90,859,1000,492,749,752,754,1010,1011,506,1014,630,882,634,637
514,131,516,517,134,135,136,1031,393,394,142,146,660,536,283,412,31,293,294,934,553,172,562,691,818,180,566,314,955,956,701,324,580,967,584,972,973,975,596,729,863,618,747,621,111,881,371,252,380,381
768,641,647,778,396,397,526,527,535,281,282,539,793,541,411,542,540,544,549,805,302,303,688,569,954,443,444,705,964,711,713,330,845,594,597,604,605,864,609,738,739,612,993,998,999,361,489,874,369,759
771,1034,783,1042,659,788,916,662,615,665,944,561,307,436,951,952,313,440,573,830,703,832,831,842,843,595,980,982,727,728,858,606,613,870,741,744,745,1001,1003,876,237,877,623,624,1007,884,885,891,766,639
1024,3,645,1032,904,906,1035,1036,1043,661,664,922,794,924,926,672,673,674,675,802,167,941,559,687,943,815,571,445,963,709,970,844,724,342,856,730,610,867,228,229,230,227,873,494,750,625,626,757,886,890
128,129,512,5,6,7,9,138,139,267,18,403,533,26,155,156,284,414,287,161,38,554,171,565,438,55,442,572,317,319,448,582,199,200,456,74,203,204,457,461,79,80,338,340,218,247,861,103,104,234,107,236,366,496,370,116,117,246,503,377
261,12,13,22,152,24,408,27,34,35,36,290,39,42,43,44,46,47,48,49,177,54,56,184,58,57,61,446,63,320,65,66,195,69,71,72,585,75,76,92,82,84,86,88,89,91,476,93,94,223,95,225,98,97,222,224,101,488,108,112,1013,118,245,120,121,123
256,513,257,900,137,10,266,268,141,17,20,532,404,537,28,158,160,32,292,37,166,40,170,299,45,430,175,306,51,308,53,50,441,187,60,189,318,449,322,68,327,201,202,73,332,77,206,207,588,81,974,208,215,87,216,219,478,226,99,110,241,114,244,250,253
