490,300,13,301,564,700,479
608,194,543
568,746,12
34,35,36,40,41,42,46,48,50
448,377,39
32,38
45,37
198,306,309,22,56,57
195,325,682,651,88,89,184,63
488,525,81,241,211,20
68,582,236,463,312,601
320,338,572,156,414
129,103,107,79,861
3,6,457,74,171
319,30,247
128,461
7,200,80,246,155
324,749,336,84,729,506
994,579,590,919,859,702
29,90,437,866
113,363,14,343
929,987,965,927
967,566,407,792,1018,93,94,1023
98,196
521,522
117,110,287
108,341,340
368,500,118,409,123
121,162,152,221,509
442,124,207
337,869,934
617,132
810,775
516,134,135,1031,553,111,412
294,393,394,172,366
131,517,136,365,82
390,360,151,408,441,122
164,139,204,141,373,476
230,167,72,559,599,445
304,528,467,486,631,168,169
384,660,293,550,180,949,314,892,381
288,181
144,383
417,66,76,333,405,182
418,426,431,432,434,285
297,370,183
137,138
640,386,389,298,148,213
387,720,380,188,382
158,278
464,190
199,9,106,203,18,218
130,102,78,147,472
160,99,308,214,249
358,332,430,127
217,126
416,427
786,101
219,223
512,513,588,87
227,228,724,886,922
449,323,5,229,166,73,75,342,318
233,234,462,116,565,438
546,613,877,623,1042,788
858,876,606
832,744,237
170,284
248,505
16,10,28,55
485,466,531,372,310,251
104,252,471
258,262,212,346,27,351
2,773,105,348,254
355,454,299,205,404
482,398
280,264
265,178
628,534
273,244,268,245
192,269,1005
356,274,756,663,797
277,271
270,279
281,738,444,526
641,710,718,282,539,549,805,361,303
703,307,615
624,595,951
733,830,639
745,662,313
388,189
379,215
266,321,226,315
328,232,495,242,607
450,329,554,235,694
705,612,458,955,605
330,541
609,964
455,717,335,86,666,225,547,621,575
353,257,26,345,250,92
256,0,261,497,253
352,354,804,334,347,344,91,349
216,290,446
77,357,413
311,359
371,499
618,971,484,975
647,396,302,369,759,795
385,157,855
402,443,397,739
401,693
469,470
864,713,535,793,411
667,419,420,421,423,428,429,435,758
238,881,753,436,440
185,492,598
392,616,447
762,362
577,1004
563,923,574
772,295,296,364,818,31
899,932,453,742,936,1017
545,897,395,399,17,468,537,538
649,291,473
530,587,142
576,529,154
374,150,376,1020,286,375
648,475,857,474,763,477
901,165,942,367,956,925
451,556,914,1044,378,350
452,644,782,947,668
770,816,946,887,958
642,487,839,714,689
489,592,210,1022,569,637,510
993,874,527,688,54,604
1008,661,494
1035,1036
970,645
802,675
941,815,917,825,829
904,943,983,794,799
673,709,776,502,862
514,716,755,924,926
672,1024,750,687,730
161,292,456,496,114,503
317,206
267,478
201,202,532,327
681,491,655,784,658,511
841,819,996,653
840,754,515,896
736,260,518,263,555,507,893
259,255,838,684,146,283,735
583,523,978,562,854,602
611,581,650,331,863
481,586,524,460,888,58,60
711,845,594,597,540,542,544,998,999
1021,691,630,551,824,635,316,781
928,806,870,843,659
728,561,573,766
677,683,173,560,851,567,765
867,873,571
1032,625,610
620,570,852,95
889,578,97
536,483,596
769,580,680,558,787,504,636,734
224,519
706,589
177,222
112,548
24,498,723,53
600,803,828,646
619,811,748,883,120
690,963
593,626
992,974,403,533,791,633,410,732,61
911,752,1041,785,1011
1000,1010,915,634
821,1014
953,820
322,69,520,493,850,722
643,1029,71,243,153
800,837,774,715,879
696,835,699
656,860,895
807,812,848,757,664,890
741,1034,916,885,891,831
842,783,944,884,982
771,903,872,905,980
833,740,1001,622,918
1003,1007,727,952,665
966,779,847,849,339,789,406,669
676,678,921,638,1019,969,670
424,425,910,422
415,780,671
674,906,844,1043,856
391,679,809,747,220,701
737,777,685,591,991
940,508,1046,767
907,908,1028,1030
813,909,433,882,989
801,1027,692,985,894
868,871,935,1038,1040,1015,697,954
652,878,686,981,1045,823,725
1002,875,1037,984,698,990
439,614,326,913,695
865,751,880,719,731
898,707,721,945,822
712,827,708,988
962,834,948,986
977,657,979,726
480,961,743,145,764
1025,836,937,939,796
760,627,920,47
584,49,44,629
995,761,826,43,957,1006,1039
778,846
768,1009
115,51
1012,997
902,790
65,817,632,1016,959
960,231,239,240,950
938,931,933,814
704,930,900,1033,208,853,1013
968,972,973,272,275,276,603
976,585
186,1026
187,175
552,459,557,654,400
