256,257,346,497,212,250,92
0,258,261,27,253,351
768,193,420,935,1009,788,984,511
698,893,823
981,878
515,421,657,855,638
647,491,621,142,369
576,587,396,302,18
168,155,376
402,291
104,624,595,1013,537
423,909,882,435,667
843,916,885,951,831
529,458,693
303,479
40,399,245,377,1023
460,978,407,1018,411
512,65,55,26,572
324,749,590,729,506
736,352,419,887,344
995,38,493,110,29
165,901,942,375,222
430,207,244,408,603
2,46,242,184,702
701,797,433,220,989
161,456,81,565,438
357,332,333,51,441
3,166,6,457,861
1029,69,71,243,767
385,780,494,1042,157
32,129,337,215,442
971,306,22,311,57
674,675,626,924,926
929,363,90,31,927
713,361,489,527,281
322,138,79,218,414
804,838,91,348,735
224,548,589,336,177
513,101,588,87,219
137,74,370,404,30
897,170,10,16,28
611,238,753,307,602
292,156,246,284,317
66,424,425,77,405
296,362,14,113,818
649,681,530,473,154
449,5,72,73,342,318
323,229,75,559,724,445
80,9,7
194,746,12,564,568,505
395,468,248,538,700,543
608,17,545,490,301,300,13
498,53
24,646
34,42,44,47,48,629
35,36,584,43,49,627
464,50,37,39,41,45
198,486,169,467,309,631,56
280,297,58
205,398,183
481,355,454,299,60
640,410
992,61
633,409,732,791
195,651,88,89,252,63
312,528,211,68
130,147,102,106,78
514,134,294,394,365,366,412
553,691,1031,135
393,131,172,517
136,82,516,111
480,566,967,792,93,94
620,852
889,97
536,522,570,98
578,483,596,95
1008,99,755,710,718
320,200,117,533,287
103,171,974,403,319
345,451,105,353
128,247,472,107,461
339,108,341,340
706,519,112,786,86
225,455,547,223
239,240,115,950,632
960,817,231,959
116,615
496,234
509,118,120,121,123,152
122,390
360,151
869,934,677,938,124
417,426,285,126,127
418,431,432,434,182
392,617,810,492,185
132,775,616,598,447
141,199,476,203,204,139
144,690,851,338,663,716,446
961,145,764
914,259,146,378,556,255
384,949,383
213,298,181
386,293,550,389,892
180,660,314,380,381
387,720,148,188,382
737,520,777,591,850,153
160,448
308,158
162,903,521,622,637
592,593,560,806
227,228,230,844,856
867,167,873,886,922
290,531,221,173
552,585,459,557,654,175,400,186,187
178,781,988,1021
986,962,708
580,824,630,504,827
769,680,558,316,636
265,787,628,534,734
834,551,712,948,635
321,379,214,249,315
226,266,388,189
192,268,1005,269,271,273,278,190
833,196,756,829,653,862
488,525
201,463
241,236
114,532,478,20,327,202,267,206
928,704,930,210,900,853,208,1033
416,358,427,76,216,217,413
329,233,462,503
232,554,235,582
744,876,237,881,436,440,313
484,618,975,371,499,310
485,359,466,372,251
773,262,263,507,254
354,347,260,283,349,334
482,888,264,586,524
272,275,276,277,500,279,270
274,676,356,678,921,1019,670
288,765,599,799
546,510
872,917
437,343
364,295
368,304,795
650,863
562,581
523,607,583
450,328,331,495,694,601
609,641,705,964,549,793
864,612,330,535,541
738,805,955,539,605
575,567,666,859,717,335
555,350
857,474,763,477,286
648,956,367,1020,925
164,373,374,150,475
619,883,811,979
977,748,726,391
739,759,443,444,397,526
406,966,847
801,1027,429,813,692,985,894
422,428,910,671,758,415
668,644,452,518,684,782
325,682,401,469,470,471
642,740,918,600,828
487,816,946,1044,958
998,688,597,282,540
544,711,845,594,542
993,999,54,569,604
832,1034,877,766,858,606
870,561,659,728,573
866,965,453,742,563,987
1032,625,610,571
577,772,1022,762,574
1000,1041
915,1011
752,785,634,1010
953,820,821,1014
745,733,662,854
703,830,639
722,643,508,991
802,815,661,757,664,890
1036,941,645
970,1035
652,686
784,658,725,655
800,774,879,656,860,895
835,837,715,696,699
665,727,952,1001,1003,1007
849,669
779,789
673,803,502,687
672,730,709,750
809,747,679
1028,1030,1046,940,907,908,685
770,839,714,689,947
697,874,1038
898,326,721,614,695,751,945,822,439
865,707,719,880,913,731
741,613,623
842,891,982
1025,836,743,937,939,796
896,579,840,841,84,919,994,754,819
760,920,761,826,957,1006,1039
944,771,980,884,723,783
776,825,905,848
1012,997,902,790,1016
904,943
1024,794
983,807,911
931,812,933,814
868,871,778,846,1040,1015,954
1002,875,990
899,932,936,1017,923,1004
906,1043,963
968,969,683,972,973
976,1026,996
1037,1045
