642,487,816,946,918
661,645
665,727
672,709,687,825,730
673,675,750
771,884,783
802,970,1035,941,815
944,980,952,1001,831
1044,958
842,1003,741,1007
924,1036
689,714
887,839
891,613
904,926
728,1034
634,821
865,707,719
770,668,518
1024,664,794,494,943
868,935
880,913
915,820,1014
1040,1038
659,573
606,623
698,878
721,822
385,751
752,785,1010,1041
561,870,766
945,898
923,899
932,453
1000,953
1002,990
1017,1004
1037,1045
801,692
1009,1015,871,697,846
894,1027,985,813,909
981,823,984,875,511
916,885,788,982,237
330,541
936,866,563,742
609,612
662,639
745,830,703
705,964
656,715
731,855
744,832,876
835,837
858,733
539,605
644,893
896,754
860,895
955,549
987,927
1028,685
313,951
435,420
793,535
667,423
736,352
1025,796,743
768,778
780,910
800,879
840,841,515,819
1042,843
624,595,307,877
929,90,965
994,579,1011,84,919
948,551
688,604
712,834
696,699,774
635,708,781
907,908,1030,1046
684,838,782
826,1039
180,293
326,439
361,526
386,188
890,757
738,805
954,874
569,54,999
281,411
660,381
882,419,671
735,452,804,556
694,607
594,540,711
883,748
760,920
937,836
864,369,759
722,940
962,986,988
597,845,998,542
316,1021
328,495
387,389
504,636
601,68
658,655
680,580
621,859,717,575
769,630,824,827,558
977,811
993,303,489,282,527
148,382,383
384,720,550,314,380
739,444,443
312,450,211
619,726,979
995,584,761,957,1006
1019,676,678
248,468
251,310
505,395
538,301
674,906
713,397
892,949
961,145,939,764
484,359
194,12
134,135
146,555
523,331,581
378,451
169,467
553,516
568,564
643,1029,767
652,686
608,746,543
1043,963
132,492
265,628
321,298,213,181
354,334
474,477
168,485
309,486
577,574
598,775
641,647,396,13,302
784,649,473,725
562,863
336,324
614,695,249,315,157
669,406
773,254,262
433,428
329,235
371,499
547,589
657,679
514,691,365,1031
809,747
617,810
921,356
922,867
972,276
88,63
154,142
873,228,886
466,372,311,618,975
432,417
252,471
818,762,31
440,881,436,753
35,36
49,42
270,279
280,183
347,348
729,506,749,590
616,185,447
1032,626
968,638
648,763,1020,367
969,274,973,670
787,734
177,706,666,702,335
434,182,426,285,431
544,490,458,300,479
121,123
413,358
233,462
529,530
554,503
496,116,582
849,779,847
242,611,602,583,650
238,615
72,75
230,167
198,22
217,357
323,229
272,277
73,318
344,91
416,427
425,415
342,559
625,610
264,888
914,259,283,350,255
93,967
256,27
345,105
112,223
152,118
269,190
0,353
424,418,66
201,478
482,524
897,700,17
339,789,966,341,108
989,421,422,758,429
44,46
532,327
449,724,5,445
89,401,469
786,519
306,631,56,57,971
792,480,586,94
234,565
362,295
373,374
388,214
297,398
978,854,438,232,463
947,260,263,507,349
216,405,126
333,77,127
267,206
488,525
220,391,360,120,701
1012,790
997,902
1016,817,959
34,47
591,71
253,351
857,901
481,355,58,460,205
225,548,86,455,222
273,1005,278
164,942
239,231
192,275,603,271
566,407,1018,60,1023
437,343
41,627,629,43
593,637
772,296,363,364,14
856,571,844,227
266,379
131,517
268,244
390,151
632,115
257,258,212,261,346
28,399
578,596
97,852
960,65,240,51,950
16,170
10,76,430,332
693,470
737,153,777,991
546,799
522,620
872,765
536,889,95
756,653
82,111
441,122
592,806,622,903
475,956,165,925
850,69
150,375,376,141,286
570,483,98
456,161,114,20
37,39
81,241,292,202,236
400,186
576,291,491,681,587
833,196,502,829,862
224,513
243,508,493
32,45
521,394,29,113
412,294
137,299,404,454
497,2
545,322,55,537,974
124,710,136,393,172
189,215
288,917,599,221,510
552,459,654,175
869,934
560,162,683,61
160,226,158,464
633,409
732,791
195,325,184,682,651
928,210
704,930
776,1033
219,588
640,992
48,50,38,392,40
931,933,814
178,534
585,187
528,304,498,520,410
512,92,101,87
337,677,567,938,812
144,663
690,851
1008,716
317,247
3,245
448,26
320,319
600,723,646
803,828,755
976,1026
403,533,103,200,171
340,366
996,24,572,557,110
203,199
204,377,139,476
166,6,74,79,207
848,807
905,911
461,53
795,509
290,446
99,308,718
208,900,1013
9,442
861,287
128,138
370,30
80,155
402,797,173
106,147
129,338
284,246
531,853,408,104,250
130,78
368,740,500,1022
457,117,414
472,18,107,7
193,102,983,218,156
