770,259,644,773,262,518,263,642,260,2,1029,782,146,767,1044,914,663,283,668,797,29,804,682,555,556,684,816,689,946,947,58,958,451,452,838,839,714,334,344,347,91,349,350,735,352,736,354,97,487,243,756,887,378,507,893,254,255
256,0,258,131,257,261,390,517,393,394,398,14,151,280,27,412,34,37,294,39,40,297,41,299,172,45,46,48,50,437,183,60,65,454,460,205,212,343,345,346,348,351,481,353,355,360,105,363,364,110,113,497,115,632,122,253
512,3,6,9,18,532,533,534,24,26,30,32,38,51,53,55,572,585,74,79,80,92,99,101,103,104,107,117,128,129,137,138,139,141,150,155,160,161,164,165,166,170,171,175,184,187,199,200,203,204,206,207,208,215,219,247,250,267,286,287,306,308,317,319,320,322,327,337,338,340,861,366,370,373,374,375,376,377,900,901,403,404,408,942,441,442,448,456,457,461,974,475,476,478
1024,5,645,1032,904,906,1035,1036,1043,661,664,922,794,924,925,926,672,673,802,674,675,167,941,173,943,815,559,687,571,445,318,61,449,963,323,709,72,73,970,75,844,593,724,342,856,730,610,867,227,228,229,230,873,750,494,625,626,757,886,890
768,897,778,395,396,13,12,1038,1040,17,399,10,402,16,537,538,540,28,543,544,545,935,300,301,302,564,568,569,954,697,700,194,580,458,845,846,468,597,479,608,868,871,746,874,490,1009,1015,248,505
641,647,265,397,526,527,535,281,282,411,539,541,793,542,549,934,805,303,688,54,955,956,444,443,705,964,711,713,330,594,596,604,605,95,864,609,738,739,612,993,998,999,361,489,369,628,252,759,124
771,1034,783,401,1042,659,788,916,20,665,292,944,561,951,952,316,573,831,832,582,966,842,843,202,592,81,722,980,982,727,728,858,733,606,613,870,741,744,1001,488,1003,876,237,877,623,1007,367,114,884,885,891,637,766
650,523,525,662,554,562,307,436,565,438,694,312,440,313,830,703,450,68,581,583,328,329,201,331,462,463,978,211,595,854,601,602,607,863,611,615,232,233,234,235,236,745,238,495,496,241,242,753,116,881,624,503,639
1026,1028,132,1030,903,776,905,774,1033,781,917,918,789,1046,799,930,803,931,933,806,546,551,810,940,814,825,57,828,829,833,962,834,712,716,849,723,852,983,600,986,988,477,862,740,872,617,635,622,1008,755,1013,502,889,763,1020,1021
643,775,648,907,908,653,779,911,656,22,791,669,800,807,168,169,812,685,948,309,310,311,696,56,699,578,835,708,837,198,715,971,975,848,976,466,467,470,474,860,732,484,485,486,359,996,618,879,371,499,372,631,633,251,895
1027,777,651,780,909,910,528,144,894,405,153,667,285,413,415,416,801,418,419,671,421,422,423,424,425,426,427,428,429,430,431,304,432,433,434,435,692,182,417,414,66,420,325,332,333,76,591,77,288,216,985,217,989,737,357,358,620,882,758,813,126,127
520,521,522,392,268,269,654,270,400,271,272,273,274,275,276,277,278,279,410,921,158,670,290,676,678,552,557,178,185,186,570,446,190,192,195,196,69,71,968,969,459,972,973,464,850,853,599,603,98,356,1005,493,498,244,245,1019,638
513,769,515,519,1041,785,786,547,548,558,560,819,820,821,567,575,579,324,840,841,588,589,590,335,336,851,84,86,87,859,616,621,112,634,896,915,919,666,677,680,683,177,690,953,702,706,455,717,729,222,223,224,225,994,1000,749,752,1010,1011,754,1014,504,506,765,510
640,1025,514,899,764,772,516,135,264,136,902,1039,784,145,787,407,536,792,795,923,31,928,36,932,936,553,938,939,42,47,563,693,566,957,574,63,447,577,959,836,718,210,82,88,857,734,992,482,995,762,742,743,1004,120,761,1018,636,1017,1023
646,391,524,657,531,152,409,162,35,679,296,809,295,811,43,44,817,818,49,950,701,704,960,710,967,584,586,339,469,726,341,89,220,93,94,991,480,483,869,231,362,747,748,619,365,111,240,239,108,883,627,500,118,629,888,121,123,508
134,1031,649,652,1037,142,655,529,658,530,1045,790,406,920,154,796,927,929,291,681,937,686,691,823,824,698,827,826,576,961,965,453,587,847,977,979,981,725,598,984,473,90,987,990,866,997,1002,875,491,492,878,1006,760,1012,630,1016,1022,511
384,385,386,387,388,389,898,509,892,266,913,660,148,157,293,550,298,945,180,949,822,439,695,181,314,315,188,189,321,707,326,719,720,721,213,214,855,471,731,221,865,226,614,751,880,368,249,379,380,381,382,383
