2,1032,393,906,520,528,1043,531,405,22,147,664,795,413,157,415,797,674,294,167,424,427,683,173,304,567,571,315,321,66,323,963,193,582,710,72,724,213,856,217,346,221,353,610,229,357,107,494,368,625,626,243,500,757,502,890,509,1022,127
128,129,130,3,900,6,7,9,138,18,26,155,284,156,414,30,287,545,290,292,166,430,306,57,442,572,317,189,446,448,449,322,457,74,332,333,78,79,80,208,338,340,215,472,218,92,861,102,104,106,366,497,370,117,246,377,250,379
388,5,266,412,158,160,416,559,308,55,443,445,318,69,73,75,76,77,464,850,342,214,216,226,99,358,493,249,253
897,647,10,396,397,526,399,16,17,402,281,537,411,540,28,170,954,700,713,458,479,738,739,746,490,874,369,759,248
1034,267,525,1042,659,20,532,161,554,562,307,436,565,438,951,312,440,313,68,581,583,327,329,201,843,202,456,462,463,206,81,978,211,595,854,728,602,478,611,230,615,232,233,234,235,236,488,238,877,496,753,242,241,116,881,624,503,114
896,512,513,515,519,1041,785,915,786,919,24,666,32,547,548,35,39,557,177,819,820,821,56,953,702,575,706,579,324,455,840,841,588,589,590,717,335,336,84,853,86,87,88,729,859,219,222,223,224,225,994,101,1000,621,749,752,112,1010,1011,754,506,1014,1013,634
1026,514,1028,1030,776,392,779,268,1037,654,1039,271,917,1046,918,278,921,923,669,930,803,932,291,936,810,172,814,175,563,184,698,828,829,957,190,833,195,709,716,207,337,983,600,599,990,613,617,1002,748,1004,622,1008,883,755,1017
640,643,132,1029,774,135,1031,777,651,780,511,907,656,529,401,274,791,410,670,927,288,928,929,933,678,807,806,553,812,940,693,696,185,576,835,453,848,722,981,470,726,603,860,732,992,97,364,1006,878,115,756,633,1019,895
901,773,270,530,277,150,279,152,409,162,164,165,677,681,938,942,311,704,587,718,466,339,82,469,341,471,851,475,220,991,482,483,484,869,376,359,362,491,123,108,111,499,372,373,118,375,120,121,629,763,1020,630,638,767
384,385,386,387,772,389,892,649,136,913,275,148,276,154,925,550,934,679,809,298,296,686,560,945,690,180,949,439,695,188,956,577,326,968,969,971,719,720,721,593,473,857,605,95,995,614,616,124,627,252,762,380,765,382
768,641,778,395,142,1040,660,535,536,793,282,539,541,542,549,805,935,293,302,303,818,54,568,314,955,444,701,705,964,584,330,972,845,973,975,594,468,596,89,864,609,612,998,999,361,489,618,747,365,1009,371,1015,508,381
131,517,390,521,522,394,269,400,273,151,538,286,543,168,552,169,300,301,817,564,309,950,437,186,570,959,960,192,194,196,325,198,71,459,591,467,343,608,98,997,486,360,363,1005,239,240,113,498,1012,374,631,632,505,122
769,516,637,134,391,265,652,781,527,655,784,658,406,551,680,558,688,178,691,824,569,827,316,574,447,834,578,708,580,966,712,847,592,210,979,852,725,598,1016,986,90,988,604,734,993,996,492,367,628,504,635,636,1021,510
1024,899,645,902,903,904,905,1035,1036,1038,661,1045,789,794,922,924,926,799,672,673,802,675,811,941,687,943,815,697,825,699,962,707,970,844,849,723,984,730,731,862,865,227,867,868,742,871,872,873,740,619,875,750,879,880
898,771,650,523,908,783,911,916,788,662,665,676,685,944,561,822,823,952,826,573,830,831,703,837,328,842,331,715,846,976,980,982,727,474,733,889,863,607,477,741,744,1001,745,1003,237,623,1007,495,751,884,885,761,891,639
256,257,770,259,644,642,262,263,260,258,261,782,657,914,146,1044,663,283,668,544,804,682,555,556,816,689,946,947,958,451,839,711,714,334,212,597,344,345,348,349,350,735,736,352,354,351,356,487,105,887,378,507,254,255
1025,646,383,264,524,398,272,145,144,787,407,792,280,153,796,295,297,937,939,299,181,566,183,310,694,58,961,450,836,454,967,586,460,205,601,91,347,93,94,480,481,737,355,228,485,743,231,620,886,888,1018,251,764,1023
1027,518,775,648,1033,909,910,653,790,920,667,285,671,800,801,418,419,420,421,422,423,417,425,426,931,428,813,429,431,432,433,434,435,692,948,182,546,452,965,838,977,855,985,987,989,606,866,882,684,758,760,126,893,894
0,12,13,14,533,534,27,29,31,34,36,37,38,40,41,42,43,44,45,46,47,48,49,50,51,53,60,61,63,832,65,319,585,858,870,103,876,110,137,139,141,403,404,408,171,441,187,199,203,204,461,974,476,244,245,247,766
