770,259,644,773,262,263,518,260,642,2,517,141,782,914,146,1044,283,668,29,804,39,555,556,684,816,689,946,947,560,61,958,189,451,452,838,839,714,334,974,593,337,215,344,345,346,347,348,349,350,735,736,352,354,91,353,487,105,887,378,507,893,254,255
256,257,258,131,388,261,0,392,393,394,266,651,654,14,400,534,24,27,412,158,32,160,34,37,294,40,41,299,172,45,46,175,48,557,50,178,308,53,184,315,187,65,321,69,454,464,850,212,853,214,343,351,226,493,110,113,497,375,376,249,122,379,253
512,513,3,6,7,9,10,16,17,18,532,533,537,26,28,30,545,38,51,55,572,585,74,79,80,92,99,101,103,104,107,117,128,129,137,138,139,155,156,161,166,170,171,199,200,203,204,206,207,208,218,246,247,250,267,284,287,290,317,319,320,322,338,340,861,366,370,377,897,900,395,399,403,404,408,414,430,441,442,446,448,449,456,457,461,468,472,476,1013
1024,5,775,1032,1035,1036,1043,791,794,286,802,807,812,815,559,571,318,578,323,72,73,75,844,591,848,342,856,610,867,360,873,363,625,626,886,374,632,633,890,643,645,390,904,906,661,151,664,922,924,926,672,673,674,675,167,941,943,687,437,445,963,709,970,724,470,730,732,227,996,997,228,229,230,750,494,757
768,778,1038,527,1040,526,402,281,282,411,540,542,544,805,935,683,303,688,690,564,54,569,954,697,711,845,846,594,597,89,604,993,868,998,999,871,489,361,874,1009,1015
641,647,12,13,396,397,535,793,538,539,541,543,549,300,301,302,568,443,700,444,955,705,194,964,713,458,330,605,479,608,864,738,739,612,609,746,490,369,759,248,505
771,1034,783,659,788,916,20,536,665,292,944,561,951,952,573,831,63,832,582,327,842,843,202,718,81,980,982,727,728,88,858,733,606,478,613,870,741,744,1001,488,1003,876,237,877,623,1007,508,114,884,885,891,636,766,767
650,523,525,1042,662,554,562,307,436,565,438,694,312,440,313,830,703,450,68,581,583,328,329,201,331,462,463,978,211,595,854,601,602,607,863,611,615,232,233,234,235,236,745,238,495,496,241,242,753,116,881,624,503,639
774,520,521,522,528,656,144,22,410,800,288,552,169,938,168,304,306,309,310,311,696,185,186,570,699,56,57,835,196,837,325,198,71,971,715,459,975,466,467,599,860,98,484,485,486,359,231,618,879,498,499,371,372,115,631,251,895
646,264,524,653,398,781,145,150,407,792,280,1046,796,35,36,164,806,295,297,937,42,44,47,49,566,183,58,60,961,834,967,586,460,205,341,213,475,93,94,480,481,482,355,108,620,364,755,373,888,1018,764,1023
1025,1026,1028,1030,902,903,777,905,907,908,776,779,911,917,918,789,153,669,799,930,803,933,810,939,940,685,814,825,828,829,833,962,836,712,716,976,849,723,983,600,986,988,862,737,740,743,872,617,622,1008,502,889
640,1027,780,909,910,894,405,667,285,413,415,416,801,417,418,671,421,422,423,424,425,426,427,428,429,813,431,432,433,434,435,692,693,182,419,66,420,710,332,333,76,77,469,216,985,217,989,992,97,357,358,240,882,243,758,126,127
769,515,510,519,1041,785,786,547,548,558,819,820,821,567,575,579,324,840,841,588,589,590,335,336,851,84,86,87,859,616,621,112,634,896,915,919,666,928,677,173,177,953,702,706,455,717,210,729,219,222,223,224,225,994,1000,749,752,1010,1011,754,1014,504,506,765,1022
265,268,269,270,271,272,273,274,787,275,276,277,278,279,409,921,795,670,162,676,678,817,950,190,959,960,704,192,195,968,969,972,973,471,603,221,734,991,483,356,869,1005,368,628,500,244,245,252,1019,124,509,638
132,1033,649,652,1037,142,655,784,529,530,658,531,1045,790,154,546,291,931,551,681,686,948,823,824,698,827,576,708,587,847,82,852,981,725,984,473,990,1002,875,491,123,878,111,239,1012,635,1021,511
384,386,387,516,389,901,391,136,637,134,1029,657,660,148,152,157,925,797,165,550,934,680,679,298,809,43,682,942,553,180,949,181,695,314,188,701,956,447,316,293,580,966,584,720,592,339,596,857,120,220,95,866,995,614,747,492,365,367,627,756,629,118,380,121,892,381,382,383
385,898,899,772,514,1031,648,135,1039,401,913,406,663,920,923,31,927,929,932,936,296,811,945,818,563,691,822,439,826,957,574,577,707,453,965,326,719,977,721,722,979,726,855,598,1016,90,987,731,474,477,865,742,362,619,1004,748,1006,751,880,883,761,630,760,1017,762,763,1020
