2,770,644,773,642,518,259,262,263,260,782,401,914,146,1044,917,283,668,27,804,555,684,556,175,816,689,946,947,958,451,452,838,839,714,334,212,344,345,347,348,349,350,735,736,352,354,353,91,487,887,378,507,893,254,255
1024,645,1032,904,906,1035,1036,1043,661,664,922,794,924,926,672,673,802,674,675,677,167,941,687,815,943,571,963,709,970,844,856,730,610,867,227,228,230,229,997,873,749,750,494,625,626,757,886,890
771,292,741,1001,842,1003,783,944,1007,884,982,727,952,665,891,831
646,9,1034,523,650,1042,659,916,788,662,156,38,561,562,307,436,951,440,313,573,830,703,832,581,583,843,331,978,595,980,854,728,858,602,476,733,606,863,611,613,870,615,744,745,876,877,237,623,624,881,753,242,885,766,639
1041,785,915,821,634
801,1027,419,423,813,909,692,985,894,671
880,945,913,731,719
721,326,614,822,751
896,752,840,841,1000
649,652,1037,142,655,784,529,658,530,1045,406,154,291,681,553,686,823,698,576,579,587,981,725,984,473,90,990,356,1002,875,491,492,878,1016,511
866,932,453,987,1004
688,993,54,999,604
706,515,324,717,590,589,335,336,84,919,729,666,859,994,621,177,1010,819,820,1011,754,1014,953,506,575
768,778,1038,526,1040,527,281,282,411,539,540,542,284,544,805,935,303,569,954,697,955,711,713,845,846,594,597,605,868,998,871,489,874,361,1009,1015
656,835,837,774,895
385,899,772,132,1031,648,1033,781,14,910,653,920,923,669,670,927,800,929,31,931,546,806,295,296,551,936,937,940,818,563,948,437,693,574,577,834,708,965,718,593,343,855,995,742,362,363,364,113,1012,502,1017,762,635,1020
1025,836,796,743,939,145,566,792,764,93
760,761,826,957,1039
433,421,667,780,989
384,509,898,387,388,386,389,892,266,275,660,276,148,535,793,157,162,293,550,298,43,180,949,181,439,695,314,315,188,189,321,707,720,339,213,214,471,215,221,864,865,226,484,249,121,379,380,381,382,383
369,964,759,330,541
450,694,328,607,495
738,739,549,443,444
643,1028,907,908,685
647,787,531,22,409,168,169,306,309,310,311,696,56,57,699,198,971,715,975,466,467,860,485,486,359,618,879,111,251,499,371,372,118,631,123
712,265,680,558,824,630,504,986,827,1021
1029,520,777,591,722,243,153,991,508,767
211,68,582,312,601
34,35,36,37,39,584,41,44,46,1006,47,49,48,627,337,629
391,657,979,679,809
194,397,746,13,302
514,691,516,134,135
608,395,396,301,300,468,853,248,538,700,543
432,417,434,426,126
901,150,857,474,475,120,925,286,477,164,165,422,425,942,367,373,375,376,763,956
116,438,329,554,235
66,415,428,429,127
112,225,786,547,223
897,641,10,12,270,399,16,17,402,536,795,28,545,934,170,564,568,701,63,960,705,580,967,458,972,973,596,89,479,95,609,612,869,490,747,365,497,628,252,505,124
390,264,524,272,144,277,407,408,151,279,152,285,418,938,811,42,182,441,704,455,586,977,341,726,220,737,482,483,231,360,233,619,748,620,108,239,883,500,888,122
416,357,358,1013,76,413
72,75,445,318,559
405,424,217,427,216
903,521,969,173,622,592,560,61,567,637
1026,902,776,905,779,911,918,791,930,420,676,678,807,810,431,435,825,828,833,333,976,848,723,470,600,732,889,740,872,617,1008,882,755,758,633
32,50,40,187,45
0,261,105,346,253
481,183,280,297,60
241,565,201,236,525
192,131,519,71,968,638,459,268,269,460,271,273,274,278,921,603,98,1005,115,244,245,632,185,186,1019,190
769,136,789,534,663,790,1022,797,799,928,803,933,682,683,812,814,690,178,316,829,447,961,962,578,966,716,847,849,210,852,598,988,862,734,996,616,756,636,765,510
20,478,327,202,206
161,114,532,472,456,267
256,257,258,513,392,137,394,398,654,400,404,29,158,160,548,299,172,430,184,58,442,446,65,195,69,454,457,205,463,464,79,850,724,342,222,94,480,355,234,493,110,1018,1023
512,224,3,101,588,366,403,86,87,219
640,517,1030,775,393,522,651,528,1046,410,288,552,304,817,950,570,702,959,323,196,325,710,462,82,851,469,599,983,88,351,992,97,232,238,496,368,240,498,374,503
900,488,332,77,207,81,308,53,412,317
290,99,51,294,974
208,166,24,585,557
448,449,322,5,6,199,73,74,203,204,141,461,338,340,533,537,26,247,92,218,287,117,55,377,250,572
128,129,130,320,193,7,200,138,139,78,80,18,147,155,861,414,30,102,103,104,106,171,107,370,246,319
