0,294,599,346,253
194,10,564,568,746,12
545,897,300,13,399,248
608,395,301,17,468,505
26,261,250,27,92
48,35,44,47
49,46
43,629
40,41
50,36
42,34
32,37,38,39,45
993,489,567,569,510
688,604,54,999
198,306,309,22,56,57
280,137,138,370
404,58,60,398
88,89,651,63
184,195,325
288,68,517,144,528,211,312
520,153,322,243
69,71
850,493
449,5,6,166,73,74,79
994,579,516,134,367,691,84
295,296,362,363,364,437,927
929,866,965,818,90,987,31
967,460,524,407,93
888,586,482,94
98,483,578,522,620,570
889,596,97
536,852
497,351
345,91
353,347,348,105
112,219,588,222
512,513,224,87
225,547,86,455
292,267,496,116,438
206,81,114,532,317
869,934,207,337,124
414,332,77,430,405,216,126
132,775,616,617,810,185
456,161,457
101,461
442,287
338,203,171,247
861,319
533,103
9,139,117,199
164,204,373,374,150,476
376,1020,375
475,942,286
648,956,925
857,901,165
298,111,82,531,181,795,383
418,333,182,285,127
131,552,393,394,186
720,386,387,188,380,95
900,488,201,141,974,20,53,441
3,327,202,51,377,478
448,585,366,403,340
928,704,208,210,853,1013
258,172,654,400,464,212
160,226,99,266,110,308,187,412
233,236,462,463,565,503
613,237,877,623,1042,788
832,744,876,858,606
290,525,446
241,175
242,238,583
485,486,359,466,499,310,251
104,252,471
773,555,556,254,350,255
24,257,557
256,65
914,259,173,378
2,507,262,263
1005,244,268,245
192,273,269,190
509,270,368,275,276,500,221
274,356,797,663
271,277,278,279
738,739,549,361,526,759,281,444
805,710,136,718,303,282,539
354,260,334,146,344,283,349
595,307,662,313,733,830
745,624,703,951,639
249,388,189,215
379,321,315
178,827,1021,534
824,635,316,630
439,326,614,148,213,214,695,157
450,582,328,232,234,554,607
612,458,397,369,955,605
609,641,705,964,330,541
611,329,523,235,495
601,650,331,694
352,804,807
618,371,365,975
971,484
372,311
751,1031
898,855
385,945,721,822
408,391,809,657,151,120,121
390,360,118,152,122,123
682,401,469,470,693
713,527,851,411,765
426,413
432,431
417,434
416,357,358,427,76,217
421,423,429,433,758
66,422,424,425,428,415
615,881,753,436,440
490,302,535,443,479
864,793,396,647
392,492,598,447
451,452,947,838,684,782,735
755,923
1017,563
1004,502
899,932,453,742,936
168,169,459,304,467,631
1026,740,911,976,474,477
514,872,716,918,763
983,487,887
917,799
770,1044,958
816,946,642
689,714,839
673,675,867,906,494,626,571
672,904,943,794,926
1024,709,750,687,730
227,873,844,856,922
655,1045,473,990,511
878,784,658,981,823
1002,875,1037,984,698
706,589,590
729,666,621
515,840,335,919,575
896,1000,841,754,819
736,546,644,518,668,893
576,530,291
649,529
537,170,538,55
28,543
16,700
544,402,597,998,711,845,542
781,558,628,504,636
580,680,265,787,734
769,948,708
834,551
806,903,521,622,560
592,593,162,637
843,561,885,766,831
1034,659,980,728,573
771,870,783,944,884
690,863
602,581
562,683
577,762,574,14
113,772,29,343
803,646,498,723,600,828
679,811,747,979,220,701
619,748,977,883,726
409,732,633,791
640,992,410,61
717,1041,1010,915,785,1011,859
752,634,1014
953,820,821
737,643,1029,777,591,722,508,991
625,963,924
941,661,815
610,1032,757,664,890
802,645,970,1035,1036
681,491,652,587,142,686,725,154
833,196,653,756,829,862
996,774,135,553,656,895
1008,916,982,727,952,665
741,1001,842,1003,1007,891
966,779,108,339,341
847,849,789,406,669
921,638
969,670
1019,676,678
420,780,910,435,667,671
674,72,559,1043,886
323,228,229,230,167
75,724,342,445,318
1028,1030,1046,940,907,908,685,767
801,894,1027,692,419,985,813,909
800,835,837,715,879,696,699,860
868,871,935,874,1038,1040,1015,697,954
324,519,749,506,702
548,336,177,786,223
384,865,389,550,949,314,382
707,719,880,913,731
381,892,293
660,180
712,962,986,988
480,836,939,566,792,764
145,961,743
1025,937,796
995,584,627,920,760
761,826,957,1006,1039
768,778,846,1009,594,540
776,905,848,825,158
632,817,115,1016
959,231,239
960,997,902,240,1012,790,950
931,933,677,938,812,814
978,854
882,989,1022
1033,930
968,972,973,272,603
454,299,183,1018,1023
481,355,264,297,205
