0,256,2,258,642,259,260,261,262,263,518,644,773,893,782,146,914,1044,27,668,283,770,804,555,684,556,816,689,946,947,958,451,452,838,839,714,334,212,344,345,346,91,347,348,349,350,351,352,353,354,735,736,487,105,887,378,507,253,254,255
772,132,135,776,265,781,655,784,657,530,658,406,792,920,154,797,928,546,803,677,934,679,551,681,682,806,933,824,827,961,834,580,710,584,718,847,851,852,469,598,983,603,220,93,94,95,480,734,97,376,492,627,628,252,630,1012,502,755,1018,635,124,1021,1023
392,651,524,654,271,400,398,270,275,276,278,407,280,279,158,288,34,291,165,37,39,41,298,942,46,48,47,178,49,817,693,185,58,570,956,190,959,576,195,196,587,464,599,471,857,120,481,239,240,498,500,629,888,1020
769,391,649,638,652,142,1022,536,925,927,31,929,296,809,680,683,173,686,558,560,818,563,690,566,567,316,701,574,63,447,577,966,967,968,969,972,973,592,593,210,596,88,89,90,473,995,616,362,747,504,762,636,765,510
514,516,134,774,136,775,394,511,779,653,648,1033,656,401,274,145,790,663,669,931,294,678,807,553,172,812,691,578,708,965,453,848,977,976,979,725,470,726,1016,474,987,477,866,996,997,356,365,1006,367,756,760,764,637,895
512,640,130,3,257,6,267,268,20,534,791,537,410,412,160,161,290,40,299,557,45,175,306,50,53,184,441,60,61,446,318,65,454,456,73,588,337,853,342,87,476,92,732,992,224,355,366,110,497,633,244,1013,375,377
384,385,386,387,388,389,509,901,266,531,148,660,787,152,409,795,157,162,293,550,938,43,180,949,950,439,314,315,188,189,704,960,326,82,339,214,221,121,226,483,869,614,123,491,111,368,118,380,249,379,892,381,382,383
128,129,7,9,138,139,18,147,403,533,26,155,284,156,30,414,287,292,38,171,55,442,572,317,319,320,193,448,199,200,457,74,203,204,461,78,974,80,79,338,340,472,218,861,101,102,103,104,106,107,370,117,246,247
131,517,390,777,522,521,393,269,14,528,144,273,405,151,667,413,415,416,419,420,421,422,423,424,425,297,427,428,429,552,433,183,186,321,66,325,459,76,333,332,343,216,217,475,98,357,358,231,1005,113,115,122,126,127
643,1029,646,520,264,272,529,277,150,153,285,286,417,418,35,36,164,295,42,426,940,44,432,304,434,181,182,437,192,69,71,586,460,205,591,850,722,213,341,991,737,482,360,363,364,493,620,108,243,373,374,632,508,767
513,900,5,137,141,16,404,532,22,408,24,29,32,166,168,169,170,430,51,308,309,310,311,56,57,187,449,322,198,327,585,971,77,206,975,208,207,466,467,215,219,99,484,485,486,359,618,499,372,371,245,631,250,251
768,897,778,395,12,13,1038,527,1040,17,399,402,538,540,28,542,543,544,545,935,300,301,431,688,10,564,435,54,569,954,697,700,194,711,458,845,846,336,594,468,597,600,604,479,608,993,868,998,999,871,489,874,490,619,617,622,1009,1015,248,505
641,515,519,647,396,397,526,786,535,793,666,539,411,541,281,282,547,548,549,805,302,303,177,568,443,444,955,702,575,705,706,579,324,964,455,713,330,589,590,335,84,86,729,605,222,223,864,225,738,609,612,739,361,746,749,621,112,369,759,506
771,1034,783,1042,659,788,916,665,944,561,951,952,313,573,830,831,703,832,68,201,842,843,202,81,980,982,727,728,858,733,606,478,613,870,741,744,1001,488,1003,876,237,877,623,1007,114,884,885,891,766
650,523,525,662,554,562,307,436,565,694,438,312,440,450,581,582,583,328,329,331,462,463,978,211,595,854,601,602,607,863,611,615,232,233,234,235,236,745,238,495,496,753,242,881,116,241,624,503,639
1024,645,1032,904,906,1035,1036,1043,661,664,922,794,924,926,672,673,802,674,675,167,941,687,815,559,943,571,445,963,323,709,72,970,75,844,724,856,730,610,867,227,228,229,230,873,750,494,625,626,757,886,890
1027,780,1041,785,1045,1046,801,811,813,819,820,821,822,828,833,836,840,841,859,865,872,875,879,880,634,894,896,898,902,903,905,909,913,915,918,919,923,671,930,936,939,945,692,696,953,699,957,962,707,717,719,720,721,984,985,988,990,994,740,742,1000,1002,751,752,1010,754,1011,1014,1017
899,907,1037,910,789,917,921,800,937,814,948,695,826,829,835,837,712,715,849,981,855,986,731,860,989,862,882,758,763
1025,1026,1028,1030,1031,908,1039,911,796,670,799,676,932,810,685,823,825,698,716,723,743,748,1004,878,1008,883,761,889,1019
