0,256,2,770,257,258,259,260,261,262,263,518,773,1029,782,255,1044,27,283,797,804,555,556,816,838,839,334,344,345,346,91,347,348,349,350,351,352,353,354,97,105,887,378,893,642,644,914,146,663,668,682,684,689,946,947,958,451,452,714,212,735,736,487,497,756,507,253,254,767
512,3,900,901,6,267,139,141,532,534,150,408,24,286,160,161,164,165,166,170,942,175,306,308,53,55,184,187,322,327,456,585,199,203,204,206,207,208,337,215,475,476,219,478,92,99,373,374,375,376,377,250
1024,5,645,1032,904,906,1035,1036,1043,661,664,922,794,924,925,926,672,673,802,674,675,167,941,173,943,815,559,687,571,445,318,61,449,963,323,709,72,73,970,75,844,593,724,342,856,730,610,867,227,228,229,230,873,750,494,625,626,757,886,890
768,265,10,778,12,13,1038,526,16,17,1040,527,535,537,538,539,28,541,540,542,544,543,545,282,549,805,300,301,302,303,564,54,568,569,580,330,845,846,594,596,597,604,605,95,608,609,864,612,868,871,361,874,369,628,124,641,897,281,647,395,396,397,399,402,793,411,934,935,688,697,954,955,700,956,443,444,705,194,964,711,713,458,468,479,993,738,739,998,999,489,746,490,1009,1015,759,248,505,252
771,1034,523,525,783,1042,20,788,292,554,561,562,307,565,312,313,316,573,830,831,832,68,581,582,583,328,329,842,843,331,592,81,595,854,601,602,858,606,607,863,611,613,870,615,876,877,623,624,367,114,881,116,884,885,891,637,639,650,401,659,916,662,488,665,1001,944,436,694,438,951,952,440,703,450,966,201,202,462,463,722,211,978,980,982,727,728,733,503,741,744,745,232,233,234,235,236,237,238,753,241,242,1003,1007,495,496,766
1026,1028,1030,774,775,1033,776,779,781,789,22,1046,791,799,800,546,803,806,551,807,810,812,814,309,310,311,56,57,825,828,829,833,578,834,835,837,848,849,852,600,860,862,359,872,617,618,622,879,371,372,631,633,889,635,895,643,132,903,648,905,907,908,653,911,656,917,918,669,930,931,933,168,169,940,685,948,696,699,962,708,198,712,715,716,971,975,976,466,723,467,470,983,986,474,732,988,477,740,996,484,485,486,1008,755,499,502,251,1020,1021,763
1027,777,651,780,909,910,528,144,894,405,153,667,285,413,415,416,801,418,419,671,421,422,423,424,425,426,427,428,429,430,431,304,432,433,434,435,692,182,417,66,420,325,332,333,76,591,77,288,216,985,217,989,737,357,358,620,882,758,813,126,127
520,521,522,392,268,269,654,270,400,271,272,273,274,275,276,277,278,279,410,921,158,670,290,676,678,552,557,178,185,186,570,446,190,192,195,196,69,71,968,969,459,972,973,464,850,853,599,603,98,356,1005,493,498,244,245,1019,638
513,769,515,519,1041,785,786,547,548,558,560,819,820,821,567,575,579,324,840,841,588,589,590,335,336,851,84,86,87,859,616,621,112,634,896,915,919,666,677,680,683,177,690,953,702,706,455,717,729,222,223,224,225,994,1000,749,752,1010,1011,754,1014,504,506,765,510
649,652,1037,142,655,784,529,530,658,1045,406,154,928,291,681,686,823,824,698,827,576,587,847,981,725,598,984,473,990,1002,875,491,492,878,630,1022,511
384,385,386,387,388,389,898,509,892,266,913,660,148,157,293,550,298,945,180,949,822,439,695,181,314,315,188,189,321,707,326,719,720,721,213,214,855,471,731,221,865,226,614,751,880,368,249,379,380,381,382,383
