130,2,5,1032,393,10,906,396,526,399,528,402,1043,664,281,795,28,157,411,797,540,290,674,167,683,173,308,567,57,954,571,446,963,583,73,458,713,76,214,856,479,353,610,99,230,490,874,494,625,626,497,243,757,369,759,502,249,890,1022
128,129,3,900,6,7,9,138,267,16,18,147,537,26,155,284,156,30,414,287,161,292,166,170,306,55,442,572,317,189,448,193,322,449,456,457,74,78,79,80,208,338,340,215,472,218,92,861,102,104,106,107,366,370,117,246,377,250
647,1034,397,659,20,532,531,304,443,710,327,201,202,206,81,213,728,221,478,738,739,232,488,746,877,368,114,500,509
1042,554,562,307,436,951,312,440,313,68,581,582,329,843,462,978,211,595,854,602,611,615,233,235,238,624,753,242,881
897,388,520,266,525,17,405,22,412,413,158,415,416,545,160,294,424,427,430,559,565,438,315,700,445,318,321,66,323,69,72,75,332,77,333,463,464,850,724,342,216,217,346,226,357,358,229,234,236,493,496,241,116,503,248,379,253,127
1025,264,137,524,398,145,404,407,280,792,796,297,937,939,299,566,183,58,60,961,836,454,967,586,460,205,93,94,480,481,482,355,743,888,1018,764,1023
896,512,513,515,519,1041,785,915,786,919,666,547,548,177,819,820,821,953,702,575,706,579,324,455,840,841,588,589,590,717,335,336,84,86,87,729,859,219,222,223,224,225,994,101,1000,621,749,752,112,1010,1011,754,506,1014,634
640,517,136,777,649,529,530,914,150,922,410,285,286,288,417,34,35,164,36,677,679,42,426,46,431,432,49,434,47,690,437,182,310,693,560,576,325,968,587,591,341,475,220,603,734,360,363,108,364,239,373,758,632,636,765
384,387,389,901,650,270,142,660,279,536,31,162,165,550,422,680,425,681,43,428,429,942,817,950,63,960,959,584,330,331,972,973,718,339,469,471,88,380,857,991,867,869,362,747,508,240,627,629,120,121,892,382
641,386,265,523,12,13,275,276,535,793,282,539,154,541,549,805,934,293,296,300,303,818,564,180,568,314,955,444,956,701,188,705,194,964,580,844,720,596,89,605,863,864,609,608,95,612,227,365,124,628,252,381
0,770,259,644,773,262,518,263,642,260,258,782,146,1044,283,668,27,804,555,556,684,816,689,946,947,958,451,452,838,839,714,334,212,344,345,348,349,350,735,352,736,354,351,487,105,361,887,378,507,893,254,255
646,272,144,787,148,277,152,153,409,418,295,169,298,938,44,302,181,694,311,704,450,328,975,466,467,82,601,347,91,607,737,483,484,485,228,359,231,873,618,123,620,491,111,495,499,372,371,118,631,886,251,383
