0,256,2,258,642,259,260,261,262,263,518,644,773,893,782,146,914,1044,27,668,283,770,804,555,684,556,816,689,946,947,958,451,452,838,839,714,334,212,344,345,346,91,347,348,349,350,351,352,353,354,735,736,487,105,887,378,507,253,254,255
514,643,1029,135,776,779,653,401,530,663,895,795,157,669,928,417,162,803,165,677,806,807,933,812,940,817,691,693,311,439,185,576,960,708,326,848,976,722,339,851,598,726,983,474,220,221,477,97,483,484,869,614,492,239,240,243,500,1012,502,755,123,1020,511
384,516,901,510,391,136,649,637,134,652,389,657,274,1022,279,925,797,550,679,809,681,683,682,173,686,942,560,553,690,818,949,567,447,966,710,968,969,971,718,592,593,210,469,725,473,603,356,616,367,499,892,765,638,767
517,390,777,522,528,529,277,150,151,667,285,286,415,288,419,164,421,423,424,425,426,427,428,429,169,168,432,433,434,304,44,182,192,66,325,71,459,591,467,213,341,217,475,98,486,360,108,115,373,374,631,632,122,127
640,257,388,392,520,521,268,269,654,400,273,18,532,791,280,410,413,158,416,290,291,294,557,56,61,446,319,318,193,321,196,69,198,588,333,76,853,87,472,216,218,599,732,992,224,226,357,358,104,493,1005,1013,375,376
509,386,387,772,270,142,275,276,660,536,154,31,293,934,422,296,563,180,437,314,956,701,574,188,63,577,453,972,973,975,596,343,88,89,471,857,95,991,362,363,364,618,365,747,508,113,368,371,252,124,120,762,380,381
513,3,900,5,266,267,141,16,20,534,408,24,537,412,29,160,292,166,170,430,175,306,51,308,53,184,441,57,187,189,449,322,65,327,585,73,332,77,206,207,208,337,342,215,219,476,92,99,110,497,244,245,250,379
646,272,144,531,148,920,409,152,153,32,34,35,36,37,418,295,40,41,42,43,938,45,46,47,48,49,50,298,181,310,950,959,704,584,587,82,466,737,995,485,231,359,491,620,1006,111,627,372,629,118,121,251,382,383
131,264,137,393,394,524,651,398,271,14,145,404,405,22,407,792,278,39,552,297,299,172,309,566,183,58,570,60,186,190,315,961,195,454,967,586,460,205,464,850,214,93,94,480,481,482,355,498,888,249,1018,764,126,1023
128,129,130,512,6,7,9,138,139,403,147,533,26,155,284,156,30,287,414,161,38,171,55,442,572,317,320,448,199,200,457,74,203,204,461,974,79,80,78,338,340,456,861,101,102,103,106,107,366,370,117,246,247,377
769,385,132,774,775,648,265,1033,781,655,784,656,658,787,790,406,927,929,546,931,420,678,551,680,558,178,824,827,316,834,578,580,965,847,977,979,852,470,1016,90,987,734,866,996,997,760,628,756,630,504,633,635,636,1021
897,515,519,10,395,12,1038,399,1040,17,786,402,666,538,28,543,545,547,548,301,431,177,435,564,700,702,575,706,579,324,455,458,589,590,335,336,84,468,86,600,729,222,223,608,225,609,479,868,871,617,490,619,749,621,622,112,1015,248,505,506
768,641,647,778,396,397,526,527,13,535,281,282,539,793,541,411,542,540,544,549,805,935,300,302,303,688,54,568,569,954,955,444,443,697,705,194,964,711,713,330,845,846,594,597,604,605,864,993,738,739,612,998,999,361,489,874,746,369,1009,759
771,1034,783,1042,659,788,916,665,944,561,951,952,313,573,830,831,832,703,582,842,843,202,81,980,982,727,728,858,733,606,478,613,870,741,744,1001,745,1003,876,237,488,623,1007,877,114,884,885,891,766
650,523,525,662,554,562,307,436,565,438,694,312,440,450,68,581,583,328,329,201,331,462,463,978,211,595,854,601,602,607,863,611,615,232,233,234,235,236,238,495,496,241,242,753,116,881,624,503,639
1024,645,1032,904,906,1035,1036,1043,661,664,922,794,924,926,672,673,802,674,675,167,941,687,815,559,943,571,445,963,323,709,72,970,75,844,724,856,730,610,867,227,228,229,230,873,750,494,625,626,757,886,890
1027,780,1041,785,1045,1046,801,811,813,819,820,821,822,828,833,836,840,841,859,865,872,875,879,880,634,894,896,898,902,903,905,909,913,915,918,919,923,671,930,936,939,945,692,696,953,699,957,962,707,717,719,720,721,984,985,988,990,994,740,742,1000,1002,751,752,1010,754,1011,1014,1017
1026,899,1031,908,910,917,789,921,796,800,676,937,810,685,814,948,695,698,826,829,837,715,855,860,989,889,882,758,761
1025,1028,1030,907,1037,911,1039,670,799,932,823,825,835,712,716,849,723,981,986,731,862,743,1004,748,878,1008,883,1019,763
