816,642,946,487,958
661,645
952,665,1001,727
672,709,687
673,730,675,750
771,783
802,941,815
944,980,884,885,831
970,1035
891,741,842,1003,1007
924,1036
689,1044
697,868
770,839
904,794
926,943
916,613,982
935,1015
1024,494
1040,1038
634,821
714,668,887
728,659
778,846,871
984,875
915,820
1045,990
698,1002,823
752,953,1014
561,1034
563,742
858,606
801,1027,692
865,707
880,913,731,719
721,822
785,1010,1011,1041
985,894,813,909
840,754
237,877
896,819
923,899
936,1017
945,751
1000,841
1037,878
866,453
635,551
832,870,573,766,623
639,703
830,745,662
744,876,788
893,518
385,898,439,326,855
981,655
987,1004,927
736,644
684,838
712,781
907,1028
929,90
908,1030,1046
435,419
515,579
594,542
667,423
708,630
733,951
451,782,735
1025,796,743
780,671
824,827
835,837
643,940
962,948,834
1042,843
624,313,595
705,541
993,527
539,605
761,826
282,303
361,526
386,389
444,549
540,845
597,998
641,793
666,859
696,879
656,774,895
577,932,965,762,574
986,988
994,84
609,612,330,683,955
420,989,910
864,369,964,535,647
688,54,999,569,604
883,619
800,971,860,699,715
738,443
352,804,773
937,836
621,575
324,590
1019,676
784,725
664,890,1043,757
298,382
489,874
601,68
607,495
411,759
760,957,1039
720,188,387,314,380
259,452,947,378,556
722,1029,508,685,767
148,181,383
328,450,611,694
474,477
768,544,1009,711,954
921,678
589,717,729,749,335
977,748,726
657,811
769,316,1021
504,636
562,436
674,963
680,558
949,614,695
652,686
882,758
892,180
283,334
260,349
372,359
384,550
568,397
434,426
473,658,511
146,555,255
608,564
648,763
650,523,863
638,356,670
1020,925,367
418,182
211,462
490,301
881,753,307,581,440
350,254
618,484
56,486
598,775
779,669
739,805,281,713,302
849,406
336,706,919,506,702
995,627,920,584,1006
961,145,566,939,764
134,135
466,251,310
507,262
818,772
344,914,347,354
888,94
234,116
432,417,285,431
499,975
553,1031
679,391
789,966,847
276,973
873,867,228
312,329,232,582
381,660,293,213,157
747,701
922,886,167
194,746,12,543
154,142
554,235
280,183
264,586
997,790
152,121
168,631
297,205
265,734
309,198
105,348
58,355,398
76,413
136,514
681,530
248,538
792,480
89,63
616,447
242,615,583,602,331
428,429
35,36
217,357
236,463
73,318
416,427
482,1023
496,438
617,810
969,270
258,27
296,362,295,31
120,123,220,118
132,392,185,492,637
467,485,22,311,169
488,201
241,525
433,421,422
481,299
1018,460,524
593,806
360,809,979,390
817,231
364,437
0,212
66,127
75,229
445,342
178,787,580,628,534
1032,571
227,844
547,455
88,252,471
112,225,223
82,691,516,365
625,610,626,856,906
14,343
978,854
700,300,396,13,479
401,469
49,629,42,43,46
239,959
256,497,261
345,346
1016,902
240,950,960
632,65,115,1012
17,399
358,405,126
897,545,468,505,395
529,113,164,363,29
353,2,351,263
323,230
272,275,279,968,972
449,724,5,72,559
592,560,622
192,274,277,603,1005
404,454,60
956,165
478,206
202,20,565,503
50,39
374,475,150
233,532,238,327
546,510
872,917
737,153,777,591
288,765,599,799
901,373,857,942,286
190,271
368,306,371,57,221
576,291,491,649,587
407,177,967,795,93
226,266
321,388,214
682,325,470,693
48,34,41,44,47
122,151
40,45
850,71
456,267
458,10
424,425,333,415,216
756,653
833,862,196,829,814
131,172
521,162,732,903
379,189
32,38,37,141
548,86
257,250,91,92,253
869,677
69,493,991
97,852
393,517,111
224,786,87,519,222
273,244,278,268,269
536,483,620,95
552,249,315,215
394,366,412,294
931,812,934
16,55,537,170,28
161,292,317
332,77
337,933,938,124,207
889,578,522,596
400,186,459,572,654,175
376,375
219,588
108,341
640,322,243,520,570
61,791
992,410
81,114,53,441,974
585,430
339,340,110
512,513,101
3,6
137,370
633,409,718
928,1033,210
704,930,900
976,1026,996,187,557
204,199
528,498,304,98
320,533
464,195,184,651,158
377,74,166,79
24,402
448,26
600,646
208,51,245
403,103,200,171,319
851,663
500,502
1008,716
825,740
755,710
776,803
983,911
173,567
509,797
160,308
139,117
107,461
1013,446
9,861
104,414
247,457,442,203,476
80,7
129,155
723,918,807,905,828
472,246
848,144,690,531,1022
290,99,853,408,287
18,102
130,147,218,106,78
128,156,338,138,284,30
