0,256,2,770,257,258,259,260,261,262,263,518,773,517,782,777,528,1044,27,283,797,34,804,555,556,816,560,61,838,839,334,591,593,344,345,346,91,347,348,349,350,351,352,353,354,360,105,363,364,887,631,632,378,893,642,644,914,146,668,169,682,684,173,689,946,947,437,958,451,452,714,467,212,475,735,736,485,487,497,243,507,253,254,255
1024,1026,5,1019,1032,776,1035,1036,779,1039,1043,794,802,803,806,810,559,815,823,825,571,318,576,323,72,73,75,844,342,856,610,867,873,878,625,626,886,889,890,645,904,906,911,661,664,922,410,924,669,670,926,672,673,674,675,933,167,941,687,943,698,445,963,709,970,716,724,981,730,474,477,227,228,229,230,750,494,1008,755,757,502,763
768,10,778,12,13,1038,526,16,17,1040,527,270,535,537,538,539,28,541,540,542,544,543,545,282,549,805,300,301,302,303,564,54,568,569,330,845,846,594,596,597,604,605,95,608,609,864,612,868,871,361,874,369,124,641,897,281,647,395,396,397,399,402,793,154,411,934,935,170,688,697,954,955,700,956,443,444,705,194,964,711,713,458,468,479,993,738,739,998,999,489,746,490,1009,1015,759,248,505,252
392,268,269,525,271,20,532,278,24,158,160,290,291,37,39,40,41,554,45,50,308,565,438,53,312,184,570,446,190,195,196,68,582,327,329,201,202,206,463,464,337,81,211,853,478,99,503,488,232,233,234,235,236,110,496,241,498,114,116,1013,375,376
640,1025,646,264,137,524,398,145,404,407,280,792,279,796,35,165,297,937,939,299,46,49,693,566,183,58,60,961,836,454,967,586,460,205,341,93,94,992,480,481,482,355,743,108,629,888,1018,764,1023
1027,521,522,780,529,273,277,285,286,801,36,42,813,304,48,419,66,420,325,332,333,76,77,98,357,358,882,373,374,894,126,127,651,909,910,405,150,667,413,415,416,671,417,418,164,421,422,423,424,425,426,427,428,429,430,431,432,433,434,435,692,182,192,216,985,217,989,1005,758
513,515,519,1041,785,530,786,547,548,819,820,821,567,575,579,324,840,841,588,589,590,335,336,851,84,86,87,859,616,621,112,634,638,896,649,915,919,666,925,683,177,690,953,702,706,455,968,969,973,717,729,473,219,222,223,224,225,994,995,1000,749,752,1010,1011,754,1014,506
514,899,1028,643,1030,1031,902,1033,905,907,908,653,144,917,790,791,920,153,927,288,929,546,931,676,677,295,940,685,814,47,826,828,829,833,962,453,976,987,732,990,737,866,740,231,1002,747,1004,237,1006,620,1012,761,1017,1020
772,901,1029,135,136,132,648,142,657,401,274,663,536,795,31,928,679,809,681,553,44,938,812,818,701,63,959,710,587,972,718,592,977,82,722,469,726,88,857,89,220,97,484,356,362,491,748,365,240,883,508,765,767
775,659,788,916,678,807,561,562,436,440,313,573,831,832,581,965,583,842,843,462,848,978,982,727,728,854,858,602,601,470,606,863,613,741,870,744,1001,615,1003,876,877,238,623,1007,881,753,242,885,760,633,891,766,511
774,650,523,656,272,531,152,409,800,296,43,817,310,311,950,694,704,960,450,835,837,328,971,715,331,975,466,339,471,860,221,607,991,483,611,869,359,618,123,111,368,495,239,371,372,499,500,118,120,121,251,509,895
769,771,265,1034,781,1037,783,787,1045,918,1046,789,921,665,923,799,930,932,680,936,811,558,944,563,948,696,952,699,957,834,580,712,849,723,980,983,984,600,986,988,734,862,742,872,617,619,875,879,628,884,504,636,1021
516,134,903,391,652,655,784,658,1042,662,406,1022,162,551,686,307,691,951,824,827,316,574,447,703,577,578,830,708,966,847,210,595,979,725,598,852,90,733,996,997,745,492,622,367,624,756,630,1016,762,635,637,510,639
384,385,386,387,388,389,898,892,266,913,275,660,276,148,157,293,550,298,942,945,180,949,822,439,695,181,314,315,188,189,321,707,326,584,719,720,721,213,214,855,215,731,865,226,614,751,880,627,249,379,380,381,382,383
