897,509,2,130,647,266,396,526,399,402,531,147,281,795,412,157,411,415,416,545,160,290,797,540,294,427,683,173,567,954,193,66,323,710,583,713,458,333,78,216,217,221,226,738,358,874,107,106,493,368,497,369,243,500,502,759,379,253,1022
128,129,900,7,9,138,267,10,16,18,537,26,155,284,156,414,30,287,161,28,292,170,430,306,308,55,57,442,572,317,189,446,448,322,456,457,74,332,77,79,80,208,338,340,215,472,218,92,861,99,102,104,366,370,117,246,377,250
3,388,5,6,1032,520,906,393,528,17,1043,405,22,664,413,158,674,166,167,424,559,304,571,700,445,318,315,449,321,963,69,72,73,75,76,464,850,724,213,342,214,856,346,479,353,610,229,230,357,490,746,494,625,626,757,248,249,890
1034,397,525,1042,659,20,532,307,951,313,443,327,201,202,843,206,463,81,595,728,478,739,232,488,877,624,241,114,127
554,562,436,565,438,312,440,68,581,582,329,462,978,211,854,602,611,615,233,234,235,236,238,496,753,242,881,116,503
1025,264,137,524,398,145,404,407,280,792,796,297,937,939,299,566,183,58,60,961,836,454,967,586,460,205,93,94,480,481,482,355,743,888,1018,764,1023
896,512,513,515,519,1041,785,915,786,919,666,547,548,177,819,820,821,953,702,575,706,579,324,455,840,841,588,589,590,717,335,336,84,86,87,729,859,219,222,223,224,225,994,101,1000,621,749,752,112,1010,1011,754,506,1014,634
640,517,777,529,530,787,150,410,27,286,288,417,34,35,164,677,165,681,938,43,42,426,46,47,431,432,434,49,437,182,693,314,959,576,325,587,591,82,469,475,220,603,734,735,360,362,491,108,364,363,240,373,629,632,251
384,636,901,136,765,649,650,142,660,535,536,154,31,293,550,934,680,679,428,429,942,560,818,690,180,701,63,960,580,584,968,844,972,973,718,596,88,89,857,863,991,869,747,365,508,124,627,252,628,758,892,381
646,272,144,277,279,152,153,922,409,285,418,36,295,169,298,44,817,181,310,694,311,950,704,450,328,975,466,467,341,601,607,737,483,228,485,359,231,873,618,620,111,495,239,499,372,371,886,631,118,123,382,383
641,386,387,389,265,523,12,13,270,275,276,148,793,282,539,541,162,549,805,422,296,425,300,302,303,564,568,955,444,188,956,705,194,964,330,331,720,339,471,605,95,864,609,608,227,612,484,867,361,120,121,380
0,770,259,644,773,518,642,262,263,260,258,782,914,146,1044,283,668,804,555,684,556,816,689,946,947,958,451,452,838,839,714,334,212,344,345,347,91,349,350,348,736,352,354,351,487,105,887,378,507,893,254,255
