256,250,497,346,92
0,253,261,351
257,258
27,212
385,916,193,927
698,788,885,831
929,515,1029,595,702
296,681,942,506,701
768,935,1009,753,797
369,1013,238
402,494
576,647,458,529,242
421,433,882,667,989
713,396,302,344,1023
14,638,6
168,113
512,332,693,537,26
291,548,69,245,405
2,602,91,348,735
981,823,984,473,511
101,456,104,246,55
361,621,590,657,154
3,244,408,377,603
110,995,38
46,207
166,77,430,51,441
177,978,404,1018,220
971,22,479
57,311
32,513,337,215,442
65,40,184,28,29
129,457,155,572,861
489,527,303,281,411
674,675,626,924,926
137,460,370,306,407
419,420,423,909,435
736,352,804,838,887
780,878,157,855,893
284,30,218,156,414
224,588,87,219,222
611,165,901,375,376
161,292,81,565,438
66,357,424,425,333
649,587,491,142,530
362,363,818,90,31
324,589,749,336,729
74,138,79,18,317
897,170,10,399,16
843,624,1042,307,951
322,71,493,243,767
449,323,229,72,724,342
5,73,75,559,445,318
80,9,7
505,700,12,543
248,538,395,468
194,564
568,746
608,17,545,490,301,300,13
24,498,53,646
48,34,627,42
49,35,36,47
584,43,44,629
464,41,37
50,45,39
205,398,183
280,297,58
481,355,454,299,60
992,410,640,791
633,409,732,61
89,469,471
88,252,63
68,554,304,211,312
130,147,102,106,78
514,517,134,365,366,111,82
516,1031,135,553,136,691
394,412,294
393,131,172
994,579,84,919
480,566,967,792,93,94
578,483,98,852,889,570
97,522,620,596,536,95
1008,99,755,710,718
103,200,974,117,287
320,171,403,533,319
345,451,105,353
128,247,472,107,461
339,108,341,340
706,547,455,86,223
112,225,786,519
960,231,239,240,817,115,950,632,959
496,234,116,615
390,151,152,360,118,120,121,122,123
938,795,124
869,934,677
418,427,434,216,217,285,127
416,358,76,413,126
432,426,182
417,431
392,617,810,492,185
132,775,616,598,447
448,141,199,476,203,204,139
144,690,851,338,663,716,446
914,259,146,378,556,255
384,298,181,949,213,383
386,293,550,389,892
180,660,314,380,381
387,720,148,188,382
164,373,374,150,475,956,286
806,903,521,622,560
592,593,162,637
230,167,873,844,856
867,228,227,886,922
198,486,169,467,309,631,56
290,531,221,173
552,585,459,557,654,175,400,186,187
680,712,988,534,827,316,1021
265,178,787,628,734
708,551,630,824,635
962,834,781,948,986
769,580,558,504,636
321,226,388,266,315,214,249,379,189
273,268,278,271
192,269,1005,190
195,651,325
833,196,756,829,653,862
241,503,488,201,236,525,463
202,114,478,206
267,532,20,327
208,900,853
928,704,930,210,1033
744,876,237,881,436,440,313
485,618,975,466,371,499
484,359,372,310,251
507,773,262
254,263
368,509,354,347,260,283,349,334
482,888,264,586,524
275,276,500,279
272,277,270
921,356
274,1019
676,678,670
738,282,805
288,546,872,917,599,765,510,799
364,437,343,295
326,695,614,439
232,650,462,583
328,233,863
601,450,495,607
331,562,523,581
329,235,694,582
864,549,955,330,535,793,539
609,705,541,964,612,641,605
575,666,859,717,335
555,350
477,648,857,474,763,1020,925,367
391,811,619,748,977,979,883,726
739,759,443,444,397,526
401,682,470
422,758,428,429,415
668,644,452,518,684,782
816,642,946,1044,740,918,487,958
737,508,991
520,153,850,591
528,683,567
544,998,711,845,594,597,540,542
832,1034,877,766,858,606
870,561,659,728,573
874,604,54,999
688,993,569
577,772,1022,762,574
600,803
723,828
1000,1010,1011
752,953,915
1041,634,785
820,821,1014
662,854,745,639,733,830,703
722,643,996
610,941,815,625,661,571
802,645,970,1035,1036
800,774,879,656,860,895
835,837,715,696,699
665,727,952,1001,1003,1007
966,779,847,849,789,406,669
910,671
672,673,709,1032,730,750,687
809,747,679
1028,1030,1046,777,940,907,908,685
770,839,714,689,947
801,1027,813,692,985,894
865,707,719,880,913,731
976,945,898,721,1026,822,751
613,741,842,623,982,891
1025,961,836,145,796,743,937,939,764
896,754,819,840,841
760,920,761,826,957,1006,1039
944,771,980,884,502,783
160,776,905,848,308,825,158
1012,997,902,790,1016
1024,904,943,757,664,794,890
983,807,911
931,812,933,814
868,871,778,1038,846,1040,1015,697,954
1002,875,1037,658,1045,990
652,686,655,784,725
866,453,742,965,1017,987
899,1004,923
936,563,932
906,1043,963
968,969,972,973
