746,399,16,468,568,537
897,545,194,395,12,13
198,557,306,309,22,56,57
577,772,683,690,762,31
32,36,37,38,40,42
713,411,604,993,999,489,688,54,569
137,138,398,370,280,58,60
195,104,651,88,89,184,63
144,211,599,312,601
288,528,68,325
24,850
322,69
3,6,80,338,246,442,572
457,461,117,472,319
103,74,107,171,79
199,203,139,247,287
128,129,320,200,155
416,358,76,77,332,430,216,414
994,579,749
706,84,666
589,621,702
592,756,90,637,574
480,469,94
256,257,497,345,27,253
353,105,346,348,351
108,341,110,340
513,547,101,455,86
512,219,588
112,225,87
14,113,343,29,30
234,496,81,114,116,438,218,156,317
98,122,360,552,522,459,570,151,186
66,418,424,405,182,285,127
392,185,810
617,598
132,775,616,492,447
294,553,172,366,412
393,394,131,517
136,82,365,111
691,516,134,135
961,682,797,663
401,145,764
344,146,555,765
379,181,214
298,148,382
388,189,215
161,193,456,9,106,18
130,102,7,78,147
660,293,180,314,381,383
404,183
355,205
297,299,454
386,213,249,315,380
321,387,389,720,188
0,258,250,212
26,92,261
217,290,427,446
403,53
266,226
533,141
448,974
99,585,204,476
867,227,230,724,445
228,167,873,886,922
449,166,73,75,342
323,229,72,559,318
488,329,292
202,267,478
532,206,327
232,201,235
175,236,654,463
876,238,623
613,788,237
65,239,817,51,861
241,20,308,525
208,187,900,207
484,485,486,168,169,372
466,467,310,631,251
2,262,263,507,254
259,773,556,914,378,350,255
354,260,347,531,91,349
481,460
264,482
178,580,628,534,680,265,636
739,805,361,526,303,282
283,334
296,818,95
490,10,170,301,17,284,55,28
615,624,881,307,436,440,703
745,733,313
662,830,639
630,824,827,316,1022
224,548,519,177,222
324,590,786,729,223
582,328,233,554,565,503
450,331,462,495,694,607
705,609,612,964,596,330,252
196,357,400,464,498,413
618,311,359
499,975
295,362,363,364,437
368,304,795
608,369,759,248,700
543,564,505,538,479
384,157,550,693
339,406,966,847
432,417,434,426,333,126,431
425,429,910,667,671
421,422,428,758,415
419,420,423,780,435
458,397,302
738,443,444
352,804,782,893,735
736,452,838,518,684
453,742,723,917,983,923,799
899,932,936,1004,563,1017
164,373,376,857,1020
165,901,942,956,925
150,374,475,286,375
648,367,474,763,477
451,1044,958
816,946
770,644,947,887,668
642,487,839,714,689
673,802,626,661,794
1036,494,943
1035,645
709,904,970,664,926
890,924,815
675,941
672,1024,750,687,730
769,558,787,504,734
976,514,1031,807
889,1026,911
896,1000,840,754,819,506
515,841,335,336,919
483,646,586,524,620,500,888
874,851,527
864,641,471,509,535,221,793,541
549,647,300,396,539,281,955,605
544,97,540,845
594,402,597,998,711,542
806,551
635,708
834,948,546,781
162,521,560,593,377
832,744,877,916,728,858,606
870,1034,561,659,885,573,766
792,536,566
610,5,1032,625,571
567,510,575
859,717,173
650,242,562
753,581,863
523,611,583
35,584,41,44,47,627
39,45,46,48,50
843,1042,595,951
391,809,657,977,979
811,619,748,883,726
640,992,410,633
409,732,61,791
752,1010,1011,716
1041,634,915,785
953,820,821,1014
643,1029,777,493,722
71,520,591,243,153
576,291,652,142,686,529,154
681,491,587,655,784,658,530,725,473
837,774,971,715,656,860,800,371,895
741,944,884,982,891,831
771,842,783,980,727
1001,1003,1007,952,665
849,669
779,789
1019,274,275,603,638
270,272,276,277,279
356,676,678,921,670
674,963,906,844,1043,757,856
408,441,701,390
120,747,220,679
152,121,123,118
907,940,508
737,991,767
1028,1030,908,685,1046
909,433,882,692,989
801,1027,813,985,894
872,622,696,918,600,828
833,835,740,903,879,699
768,868,778,846,1009,954
1040,697,1038
935,1015,871
803,653,878,981,502,698,829,862
898,855,913,949,439,731,892
865,707,719,880,721,822
385,614,326,751,945,695
962,712,986,988,1021
1025,836,967,407,796,93,743,937,939
1008,755,718,710
34,995,43,49,629,761
1006,1039,760,920,826,957
160,776,905,848,825,158
578,996,997,470,790,1016
931,869,933,814,337
677,934,938,812,124
649,1037,1045,984,990,1002,875,823,511
978,602,854
929,866,852,965,987,927
704,928,930,1033,210,853,1013
902,115,1012,950,632
960,240,231,959
968,969,972,973,273,244,245
192,268,269,1005,271,278,190
1018,1023
