0,256,258,257,261,497,212,346,27,253,351
512,513,2,3,515,1029,6,1018,10,14,527,16,529,18,1042,530,22,537,26,1023,28,29,30,31,32,548,38,40,46,51,565,55,57,572,576,65,66,69,71,74,587,588,589,590,77,79,81,595,87,602,603,90,91,611,101,104,621,110,624,113,626,638,129,647,649,137,138,142,657,154,667,155,157,156,161,674,675,165,166,168,681,170,177,693,184,698,701,702,193,713,207,215,729,218,219,220,222,735,736,224,749,238,753,242,243,244,245,246,767,768,780,788,281,284,797,291,804,292,296,302,303,818,306,307,823,311,317,831,322,324,838,843,332,333,336,337,855,344,348,861,352,357,361,362,363,878,369,882,370,885,887,375,376,377,893,897,385,901,396,909,399,402,916,404,405,407,408,411,924,926,927,414,929,419,420,421,935,423,424,425,942,430,433,435,438,951,441,442,456,457,458,971,460,978,981,984,473,989,479,995,489,491,493,494,1009,1013,506,511
449,323,5,229,72,73,75,559,724,342,445,318
80,9,7
194,746,395,12,568,564,468,248,505,538,700,543
608,490,301,300,13
24,498,53,646
34,35,36,584,42,43,44,47,48,49,627,629
50,37,39,41,45
56,309,198,486
183,280,297,58,205,398
481,355,454,299,60
992,640,633,791,409,410,732,61
88,89,252,63
312,211,68
130,147,102,106,78
514,131,516,517,134,1031,135,393,394,136,82,412,294,553,172,365,366,111,691
480,566,967,792,93,94
97,98,483,578,522,620,852,596,536,889,570,95
1008,99,755,710,718
320,103,200,171,974,403,533,319
345,451,105,353
128,247,472,107,461
339,108,341
112,225,706,547,455,223
960,231,239,240,817,115,950,632,959
496,234,116,615
118,120,121,123,152
360,122,390,151
869,934,677,938,124
417,418,426,431,432,434,182,285,126,127
132,775,616,617,810,392,492,598,185,447
141,199,476,203,204,139
144,690,851,338,663,716,446
961,145,764
914,259,146,378,556,255
384,386,387,389,892,720,660,148,213,293,550,298,180,181,949,380,314,188,381,382,383
737,153,777,591
160,308,158,448
162,806,903,521,622,560,593,592,637
867,227,228,230,167,873,844,886,856,922
290,531,221,173
552,585,459,557,654,175,400,186,187
636,769,962,834,708,580,712,265,781,787,534,986,988,734,551,680,504,635,558,178,948,628,630,824,827,316,1021
321,226,388,266,315,214,249,379,189
192,268,1005,269,271,273,278,190
833,196,756,829,653,862
241,201,236,525,463
532,478,327,202,267,206
928,704,930,210,1033
217,427,413
232,329,235
744,313,237
466,484,485,372,359,310,251
773,262,263,507,254
354,260,283,349,334
482,888,264,586,524
272,275,276,277,279,270
274,676,356,678,921,1019,670
288,546,872,917,599,765,510,799
364,437,343,295
368,304,795
450,581,583,328,650,331,523,495,562,694,863,601,607
705,609,612,964,605,330,535,539,955,541
575,666,859,717,335
555,350
477,648,474,763,1020,925,367
391,811,619,748,977,979,883,726
739,759,443,444,397,526
406,966,847
422,758,428,429,415
668,644,452,518,684,782
469,471
816,642,946,1044,487,958
544,998,711,845,594,597,540,542
832,870,1034,877,766,561,659,728,858,573,606
563,742
1032,625,610,571
577,762,772,574
1000,752,1041,1010,785,820,821,915,1011,1014,953,634
662,745,639,733,703
722,643
802,645,970,1035,1036,941,815,661
652,686
784,658,725,655
800,835,837,774,715,879,656,696,699,860,895
665,727,952,1001,1003,1007
849,779,789,669
672,673,709,730,750,687
809,747,679
1028,1030,1046,940,907,908,685
689,714,770,839
697,1038
945,898,721,822,751
880,865,731
842,891,741,982
1025,836,743,937,939,796
896,754,819,840,841
760,920,761,826,957,1006,1039
944,771,980,884,783
776,825,905,848
1012,997,902,790,1016
1024,794,904,943
983,807,911
931,812,933,814
1040,1015,868,871
1002,875,990
899,936,1017,923,1004
906,1043,963
968,969,972,973
976,1026,996
1037,1045
