0
8,7432,2316,1811,6548,5779,2457,2461,1952,1955,1452,5301,4150,6842,4284,3016,8402,5843,8404,5719,3671,6615,8813,8822,4215,2683
14
3593,7338,1740,6638,1970,2868,22,4892,2783
1248,1186,1827,2567,5095,5096,1694,1781,2328,3420,1246,30,1823
8032,1824,34,37,295,4078,2293,1017,1693
8832,7616,3459,6727,42,5744,4630,3642,2814,7999
8002,6307,5256,7691,3280,5617,5618,51,5236,7966
5632,2561,6146,4618,7690,1558,5655,5152,7712,6178,4133,5158,4138,5163,6701,8239,58,4667,3644,6717,4680,6220,2127,2128,6226,6738,8789,6244,3688,8297,4726,7799,8825,1662,7297,7304,3731,7829,3224,7333,5289,1709,7349,2745,7867,3778,7364,5324,1741,1742,8912,2771,6870,3292,7902,6878,7917,7407,3312,7411,7928,6394,1787,8447,7937,4871,6928,8464,7446,7450,3357,5918,3358,3883,1836,4911,3890,5943,6468,8004,1348,1353,4946,5975,3942,4457,7532,2927,7024,6514,2934,8568,3464,5513,7051,6035,5013,7587,1443,7078,4522,3501,4529,1977,1980,7101,1469,4543,5071,6097,8161,2024,7657,1516,8174,8688,6133,2039,7161,5116,8189
782,2162,3734,5080,63
68
74
81
88
5128,5129,98,94
97
99
108
8544,7809,6176,5829,2630,7527,8392,2377,6858,5423,2512,4853,1365,1686,117,953,150,2462
123
8096,2882,128,7703
3656,6305,133
135
8736,8441,5253,4841,7978,3820,140,8050,7796,5877,2296,8345,5242,7550
7172,8996,6374,8904,8905,9000,715,4524,7786,8303,6479,144,3637,1909,1147,6942
7064,1467,156,7758
160,5924,8141,5678,8719,6575,3825,8915,5111,3639,3832,7866,1117
165
169,962,7662,1391
640,3329,8576,8448,5765,7688,8842,8592,3474,8341,4373,2454,2331,6137,7709,7839,4515,2467,6308,2342,7717,6570,5420,175,8367,4913,2482,3123,438,3004,2240,8133,7752,6605,3406,8653,4947,7508,7257,3162,2265,5853,864,2016,7011,8167,6381,1774,7535,2169,6907,8444
181
184,2953,2156
4071,3751,8551,1682,5459,8500,7993,190
195
199
3578,2132,206
3207,1671,392,2823,1679,2069,5653,3607,3608,2582,4890,2841,2205,3102,3106,3237,1958,2087,1959,938,4523,2219,828,2751,834,2116,2248,3023,212,2645,852,218,859,475,4318,355,1380,743,2920,241,372,3452,510,3455
3105,1936,3185,2738,214,4216
2053,1543,4103,7696,2065,5137,2067,6677,8226,4643,2602,2603,4654,6192,3127,6207,8259,583,2644,3669,7255,2654,4707,7271,4204,7277,1142,4218,5755,2687,3713,4737,3719,3721,4748,3728,1681,3227,4767,2724,7334,8363,2221,1713,6325,694,1724,1215,3776,2754,4806,5318,3788,8397,1747,2773,6871,217,3801,5857,1767,2793,4843,7409,6898,5363,5878,5369,251,5886,4350,6401,5891,5892,4869,262,7950,4368,6933,7958,4379,8478,4394,5931,6958,6968,3898,1852,2885,4425,4942,4945,3413,4955,863,2914,4451,2917,6501,869,4453,4974,8565,2421,8056,1914,895,6018,2436,3977,7563,6027,3468,5519,6031,2962,3987,6549,6554,7578,1435,2973,1438,7583,424,4521,5548,2477,430,4017,2995,951,4026,3005,3010,7618,4050,1495,3032,477,7649,5090,3054,4593,4595,2559
8071,6669,6931,8596,7069,2077,1566,6181,3878,7215,1586,565,2233,1850,8783,1750,222,4320,4461,6134,8574
1921,227,2759,1933,1934,1717
2758,231,1929,5579,1519,1524
1025,1155,1674,2827,1548,1676,5008,3222,2585,1564,1052,929,3108,6436,1576,7592,2218,3760,2225,3382,3383,2107,2109,2237,706,2371,2372,2118,2251,3022,3279,848,593,853,3933,871,2919,5481,2666,235,3565,366,370,2679,376
1579,3115,236,5424,3126,2327,3931
237
243
6625,6626,6531,8169,4973,244,1525,1917
2307,247,4503
254
258
4356,1545,265,1677,5007,2842,2459,1565,927,1829,1834,2104,5310,8000,3142,6726,3402,978,1235,3283,3928,2778,862,1503,1377,738,1513,2923,3182,3186,4210,502,5367,379,2812,1918
5376,2570,267,4124,8477,1568,2082,2210,2084,3238,4393,2474,4531,5812,2750,3007,3269,841,844,3662,3791,846,1237,2520,4188,1373,4321,2922,6890,4976,1140,4086,4087,3577,3454
4996,4229,271,273,788,4006,1965,4539,2108,5573,7240,1994,2123,4049,5586,2780,737,5089,490,491,4076,4339,503,507,4605,4606
274
5856,8513,2338,2689,280,6049,5516,5854,465,6103,2647,8088,7513,3290,6075,7102
284
5088,289,836,3020,3025,3539,473,1466,955,4827
292
4550,294,3531,2828,7595,1784
736,1825,1022,297
3072,2042,872,873,300,303,6384,3856,3284,5207,5208,2553,5402,2041
712,7577,441,4684,2672,305,1689,443,3516
6338,5603,4647,7946,1968,6067,308,5141,4599,4059,7325
7554,5764,8873,5677,311,8379,8701
5425,314,6711,4135
317
320,4694,935
325
332
344,5482,7765
350
358
360,2978,2083
363,7052,1356,2062,472
2088,365,367,368,7417,5087
3204,646,1067,3021,814,1436,3184,817,4978,5780,6389,374,697,860,3199
643,3523,3461,2252,6194,380,2105,1434,3836,7423
5120,7853,6766,2292,2940,4669,382
387
838,395,1885,397
398
400
2273,7291,404,5581
408
412
417
6657,3753,426,5742,3675
434,6820
8965,5767,1932,1296,3861,4891,4514,549,4906,8106,1584,2354,1587,4402,7989,1847,8121,2235,956,1853,2236,2238,445,4545,2756,7876,5703,4040,1614,4814,2385,977,850,1108,981,3158,5081,6235,2011,1504,4449,2019,3183,5234,7539,6005
447
452
5613,454
459
466
3209,4241,5403,3360,5034,2999,1722,6335,3397,845,2384,721,469,5980,6366,2787,483,2918,5354,8559,3313,6263,3960,1278
1888,1863,3180,5198,7474,471,3705,5983
479
484
489,6675,509
492
1664,2629,2278,1831,8526,495,4592,6895,2226,6741,6198,1687,954,4221
5730,4875,5148,496,532,1144,3708
499
512,1320,3663,4208,504,4665,2782
513
6273,515,3270
519
8354,2731,524,5531,2965,1814,2967,4475,5532
526
5920,5955,909,7534,529,7030,8319
535
7681,6148,4613,8328,2699,6930,8084,4760,5017,540,5664,5793,5292,7217,4282,5693,3521,7493,2502,5065,1227,8934,3816,6124,7406,6003,2164,5884
2120,5329,543
547
553
556
559
4357,1191,6954,6474,6827,8139,3026,2550,6583,8950,569,3287,2012,1150
572
576
2288,585,5866,6028
4739,589,2061,4371,5971,4317
3782,842,591,1935,4598,1688,2811,829
5447,1608,7403,1101,2190,595,7455
599
604
612
7555,3844,6915,7558,3335,7685,8457,4363,7956,4116,1302,7575,5405,6050,1701,6443,7470,4788,2873,7486,3141,3654,2766,8655,2129,2769,7512,5212,619,4469,2298,8831
622
624
7288,4212,630,2623
8903,8107,5644,7089,632,3003,5214
3684,5639,8977,6387,2612,1173,635,3421
637
644,4998,2825,3090,1050,3739,3355,2844,1581,2742,9015,1721,2490,3783,2124,2255,5845,5239,7515,4322,4077,3566,2671,1015,1919
3552,3393,645,2318,3472,2491
649,6540,6797,6670,4245,6940,7581,5791,3362,3874,7489,6345,4306,5468,4189,3681,5733,4966,3561,4340,5881,8826
653
657
668
670
675,1893,4582,5448,6637,8590,7343,8911,9013,990,5941,7192,7897,5883,2302
678
685
689
857,2106,695
698
8962,4909,701,5479
704,732,1028,6659,7050,3759,3122,2587,4283,1820
832,7842,709,6121,1068,4108,3629,1840,6929,7348,6392,1595,3772,893
725
729
4900,734
740
745
748
5635,8422,6120,7272,7337,1450,750,3504,8249,5498,4414
753
761
762
763
768
773
6113,5729,1797,6567,779,3120,6290,5597
786,5043,6662,3303
8932,3462,1606,8265,2794,5011,790,8155
791
795
4444,799
802
4003,804,1223,1772,5050,6491
4062,807
6946,810,812,1294,6065,3252,4600
818
825,4590
830
5313,7885,855
858
4616,6665,6456,868
874,2044,4754
876
881
888
894
899
902
912,3545,1911
916
8647,5709,918,8856,8575
920,4689,7955
4664,923
932,1832,1833,3178,5101
937,3099
940
942
1665,4995,5607,1964,7053,946
6689,1542,2735,948,5847
2626,2499,3625,7667,4826,2554,2588,958
7296,7813,8838,6663,7305,3085,7058,1685,8086,4248,5281,5037,3889,8504,5946,5947,959,5312,5186,5193,7755,5325,8142,7504,8916,3028,4959,7904,3808,6371,7908,1511,5226,8554,8175,3439,6001,8817,7925,1526
5123,4420,965,5542,5735,3051,6609,7859,3443,6299
1408,4354,8330,8587,7821,3342,3858,7059,8854,2968,4381,3109,7589,8619,8621,7471,8496,7346,2615,3771,8393,970,8394,6864,2387,7635,7648,7420
3810,5643,974,8880,8434,7606,4733,7294,2655
3473,980
4650,983
987
993
998
1003
1007
3968,8198,8967,6920,5001,8458,2058,6284,5902,5778,8083,6425,5401,6687,3615,3744,1059,6317,5935,1329,4532,8245,6966,5431,5049,8257,5442,3908,4805,6089,5450,2508,4431,4943,5458,4819,1493,4185,3678,3551,6240,5986,7141,8294,4205,4847,1011,6515,4341,6776,8827,8060
1019
1030
1037
1038
1040
1042
1053
1058
1061
1065
1072,8289,7590,4718
6180,6117,5830,6789,2186,4397,1074,6619,5629,5151
1076
7939,7689,8715,7573,3876,3371,5810,6834,1078,4157,2493,8897,7882,6733,4304,7249,3665,7634,8042,4331,7660,7150,7663,3441,3702,6390
1080
1084
1088
1089,5255,4839,4716,4780,2767,3600,7929,6046,3263
1093
1097
1105
1110,2959
1115
1984,5510,5994,1805,7062,6459,1118
1120
1122
1126
1130
5476,8197,6877,3978,5578,1134,7311,3727,8497,6805,4246,4886,4477,2366,3775
1136
3233,3524,8389,8423,3050,4106,4364,5262,1143,7611
3585,2433,4615,8201,5642,6926,7443,5398,7837,6048,4771,3892,7096,3273,8907,8793,7390,4323,6500,4196,5622,6135,1146,8573
8548,2052,1152
1154
1795,1157,2314,5134,6287,7700,6550,3479,7320,3993,4258,7976,5673,5807,1202,1459,4919,6201,4795,7622,4429,8284,2397,5601,7393,8547,3568,8049,8442
1160
1163
1167
1170
1172
1176
1184
2514,1188
1194
4480,2694,3400,2121,7693,1198
1199
1205,3574
5825,7458,6724,1414,4903,6222,1210,8028,4701
1212
1216,2757,5712,1716,1887
1219
8752,4009,1221,7607
3257,4868,1225,5898,2573,7983,2161,5334,6520,7961,8794,5756
1229
6274,6685,7459,1231,5745,2451,7636,8443,3135,6015
1233
1234
1240,1588,6309
1242
1250,5648,5366,2488,1786
1251
2272,5444,1254,7597,1518,7408,5490,2740,4312,8318
1256
7098,1274,1262
1264
1266
1271
3700,4024,7194,1755,1277
1281
1284,7725,5489,7890,5784
4144,5788,1285
8704,2178,1286,7079,2090,7083,1338,8403,7286,8470,4602,1339
1288
1298
8833,8267,1300
1305,4622,8311
1307
1311
1314
1317
1323
1324
2122,1325
1326
4867,6275,7973,3526,3594,8011,3888,1331,7127,5500
5700,7179,6091,1332,8440,6845
1334
5061,8553,8883,1341,2463
1346
7266,5543,1357,7087,3567,7123,6102,5435,6620
1358
1361
1368
1370,4823
1381,1374
1376,7216,6972,2223
1384
1387
1394
1399
1403
2208,7686,4591,8914,6742,1405,6591
1411
1418
4122,1422,3239
8138,1427,5295
1429
3365,1439
1447
1455
2957,5168,8818,1461,5533
1473,7457,1481,8881,1463,7321,5978
1474,4803,8770,3401,2320,5522,5811,5112
8705,1476,8309,5412
4963,2276,1484,5230,1873,5880,5055,6203,7071
8834,1487
1490
1498,4403,5215,8535
1501
1506
1514
6624,1521
6952,1529
6640,1531,5628,6835
7488,3011,3140,8419,1535
1536
7378,1538
1540
1550
1554
3768,1561,4074,8469
8066,7848,8617,6730,2860,3503,5552,2833,1562
4738,6725,8232,8717,2227,3860,2646,1567
7841,1569,5432,6922,7726,8053,7544,4889,7293
1571
3041,1575,8627,4895,3581,6559
1589
1592
1596
1598
1601
4957,2747,1604,5837
1610
7072,7168,6433,8453,4039,2824,1612,8179,6772,1945
1616
1619
1623
1625
1629
1630
1631
1635
1640,7061
1642
1643
1646
1649
1653
1655
5761,7362,2946,5921,2373,1657
1660,3164
1667
2723,1668
3666,1683
1691
1692
1696,7651
1697
1699,5284,4037,7922,3797,4406,6970,2300,5437
1705,5570,8415
1706
6017,7265,5224,1718,5275
1719
5699,1727
1730
1733,7468,5297,2803,8278
1734
1738
1744,7028
1752,4139
1757
1759
1762
4121,1769
1770
6534,4525,1776,7221,2911,7167
1778,2188
1789
1791
1793
1796
1798
1801
6122,3611,1806
1807
1816
1818,1925
1821
1830
1838
1843
1849
1854
1857
3842,1860,3909
1865
6496,7812,5031,1868,6903,6584,3037
3528,8697,1869,4399
1874,8823
1878
1882
6144,1889,8258,2822,5415,1960,7315,6872,3423
6913,1891,8494,6544,7831
1898
1900
1905
1923
1928
1937
1940
6472,5537,1941
1944,2786,6237
1946
7120,2705,8604,1950
1957
1961,5630
1967
3048,8035,1972
1973
1986
1989
1991
1998
2000
2002
2007
2008
2014
2023
2027
2031
2034,3103
2038
2043
3634,3850,2045
4930,4365,8276,2046,7743
2048
4560,5121,2051
2056,8460
2071
2897,2074,6654
7375,7537,7130,6363,6140,2078
2080
2089
8763,2094,8958
2096
2102
4418,3554,8645,2894,4857,2110
6440,2111,5487
2113
2125
4802,7274,8652,2135,6362
2137,3846
2140
2145
2147,3301,7887
2149
2153
2158
8202,5707,5393,2167,6682
2173
8352,2177,3619,5702,7561,5609,6706,5527
2180
2184
8302,3285,8094,2194
2196
2199
2203
6773,2206
5068,2212
2216
2222
4828,2429,2350,2229
6912,2241,2688,4448,7373,5716
2242
2247
3176,2254
2256
2258
2262
2269
2274,8019,6302
7862,2279
2283,5149
2284
2286
2290
2294,5023
2299
2303
3097,2309
2313
2323,2813
2324,2326
2334
2339
2340
2344,6874,6963,6627
2347
2351
2352
2355
2359
8602,2362
5136,8322,2363,3564
5009,2364,6646
2367
3538,3042,2375
2378
6242,8708,4968,4969,8009,7340,4972,4332,2381,7856,7125,5305
2386
2390
2399
2402
2404
4192,6020,8711,2407,4632
2409
2412
2418,3131
6393,2422
2425
5606,8584,4617,7114,8146,2485,7414,7927,6648,4949,2431
2434
2437
2438
6073,2444,2583
2445
2744,2449
2762,2460,3853,3582
2465,3597
2469
2996,2471
5093,5862,2472,8079,6802,2901,6616,4601
4641,8388,6980,4808,2475
2478
4837,2495
2500
6109,8381,2693,2503
4520,2505
2510
2517
3305,2518,8310
2523,3838
2524
2525
2528
2530,6119,6791
2532
2535
2537
2539
2696,2541
2543
7855,3953,2546,6867,6680,6585,7133
6983,7431,2547,3352,6077
2555
2557
6953,7602,8372,2558
2563
2568,5249,3722
2571
2575
2578
2580
2589
2591
2595
2600,4967
2604
2606
2608
2610
2614
2617
2619
2624
2631
7754,2635,4724,5495,8987,5372
6588,2639
2642,4326
2659
2660,5772,4589,3315,7412,5332,6167
2661
2664
2667
2971,2669,2670
2674
2675
2680
2691
2692,3190,5368,7355,4860
2702
2704
7301,5766,3212,6672,6289,2706,3991,3998,4255,6174,9005,8633,5434,5183,6208,4551,6471,7753,7113,7384,7263,7903,5346,6756,6634,7147,3821,5358,8815,7665
2708
2710
2711
2714
5621,2715,2949
2716
2722,7979,6526
5760,8777,3298,2727
2728
2732
2733
2748
2761,4652
2765
2775
2789
2796
2799
3489,2804,8716,4717
2806
4516,7784,3724,4623,8848,7122,2809
2816,9004
2818,8861
2820
2829
6161,4938,2830,3095
8452,4104,4495,2831,4501,8746,7984,4401,3897,4295,5964,7761,5330,4952,3172,5610,5098,4089,7418
2834
2837
2845
2848
2850
2855
2856
2858
2862
2864
2866
4141,8143,7632,2867,4084,6007,4191
7073,5815,6830,4596,5397,2870,4790,4604
2875,3188,8534
8557,2877
2878
6060,2879
2883
2889
2891
2893
2895
2905
2906
2909
2916
2921,3187,4572
2924
2929
2932
2941
2943
5539,4756,2950
2956
2964,7653
2972
2976
2977
2980
2983
2989
2992
2997
3001
3013
8889,3018
3035
3038
3039
3045
3057
3059
8104,3064,8595
3065
3068,8222
3069
3456,3075
3077
3081,4030
3088
3091
3093
3100
8908,6716,7694,3111
3112
3117
3129
3132
3138
3139
3143
3144
3145
3146
3148
3153
3154
3160
4249,7941,3910,8204,3165,6039,5336,5753,6587,4125,8383
3166
3169
3171
5504,7427,7043,3174,3398,7816,8681,8052,4537,7710
3175
3179
6880,5474,6116,3736,8016,3192,6269
3193
7858,3196,8343
3201
3202
3208,6808
8659,3214,5775
3215
7944,4624,3216,6002,3483
3217,8843
3218,6723
3219
3223
3225,5052,6606
3226,3294
3229
3234
3242
8997,5062,7016,5545,5321,5804,3245,4369,5909,7893,4991
3247
3248
3253
3254
5748,3259,8796,7391
3261
3264
3266
3272,8906,8756
3277
5670,8301,3281,4852,8886,7231
3282
3286
3288
3296
3299
3302
3306
3308
3314,4866,4678
3317
3319
3321
3322
3325
3331
3337
3338
3339
3340
3346
3348
3356
3367
3369
3370,7591
6200,3374,8694
3375
6978,8585,3377,8115,8755,4182,7738,4700
3378
3379
5696,3384,6291,8894
3385
3388
3395
3403
3411
3415
3418
3419
3425,4233,4022,7960,6365
3427
3430
3433
3436
7673,3437
3438
3448
3449,8725,7430,8853
3450,4483
5561,3460
3466
3470
7875,4199,6795,4175,8210,3475,4473
7464,3477,4478
3480
3484
3487
3491
3493
8769,3495,4079,5524,7413,7157
3498
3507
3509
3510
3511
3518
3519
3520
6562,6919,3530,6032,4722,4763,5375
3533
7379,5053,7510,3535
3536
3540
3541
3542
3548
3550
3553
3557
3570
4561,3573,4438,8895
3586
3589
3592,4815
4034,3603
4609,8456,6126,3667,3604,5018
3609
3616
7187,3617,8971,8373
3621
6441,3623
3626
3628
8649,7243,3630
3632
3635
3641
3647
3649
3650
3651
3657
3659
3673
3682
3955,3686
3689
3692
3694
3695
6600,3696
3698
3704,7905,8920
3706
3710
8424,3711
4682,3715,7303
3716
3718
3738
3740
3748
3755,8503
4512,7722,5099,3756
3761,8882,4227
3763
7490,7655,7371,8207,6004,3765
3780
3785
3792
3793
3795
3798,6406
3803
3812
4456,6481,7756,3814
3818
5792,4058,3824
3826
3827,7677,7918
4504,3828
3831
3834
3840
3843
7713,3857
3864
3865
3871
3872
8775,3881,4303,7695,7570,4023,5114
6249,3882
3884
6536,8124,3886,6844,3935
3894
3896
3901
3904
3911
3913
3916
3917
3920,7826
3923,6477,7357
3925
3927
3934,7452,5582
3936
3939
3944
3947
3950
3952
3958
3964
3970
3971
3973
3974
3976,5505,5209
5850,3979,5917
4691,3982
3984
3989
3992
8992,3997,7366
4000,6286,8306,7314,7707
4011
4014
5506,6188,4016,5754,8347
4019
4020
4459,4027
4036
4041,7091,4685
4042
4044
4046
4052
4961,4939,4054,6074,7868
4060
4067
5708,5404,4070
4081
4082
4818,4085
4091
4092
4094
4097
4099
8626,4101
4348,4111
4112
4113,7845
4114,6283
4115
4117
4118
4127
4129
4134
7936,8101,4137,6259,4855,5082
4143
7473,4145
4146
4148
4153
4160
4163
4165
4167
7608,4169,7318,6855
4170
4172
4173
4177
4181
4183
4187
4193
4195
7084,4198
4213
4219
4222
4223
4224
4225
4230
4234
4236
4243
4251
4253
4257
4259
4528,4262
4264
4267
4271
4273
4275
4277
4279
4285,4965
4287
4290
4292
4293
4298,8723
4299
4302
4307,5587
4310
8314,4311
4316
4324
4327
4329
4333
4335
4338
4343
6744,4344,8918,6151
4346
4352
8001,4658,4359,7322
4360
4367
4376
5512,4377
4382
4383
4384
4386
4388
7377,4391
4392,8601,7054
8154,4395
4396
4407
4410
5441,8771,7494,7824,4413
4415
4416
4421
4424,7162
4427
4428
4434
4436
8891,4437
4439
4440
4445
4463
4464,7117
4466
4472
4474
4705,4482,7733
4485
4488,7410
4492
4497
4498,7331,6566
4499
4500
4505
4506
4508
4510
4517,7398
4534
4542
4548
4552
4553
4556,7021,8286,6487
4558
4563
4565
4569
4570
4575
4578
4579
4581
4585
4588
4597
6258,4607
4610
4625
4627
8956,8581,4631
4635
8164,5990,8268,8277,7126,4636
4637
5002,4639
4645
4648
4653
4656
4657
4661
4663
4670
4673
4674
4676
4688,5453
4693
4696
4698
4703
4704,6785,6118,5848,6236
4706
4708
7852,4709
4710
4713,5265
4720
7545,7531,5550,6809,4729
4732
4740
4741
4742
4744
4747,7075
8429,4752,5680,6231,7834
4758
4764
4766
4770
4772
4776
4777
7878,4782
4783
4786
4791
4797
4800
4809
4811,6708,5933,8159
4812
4813
6560,4817,7074,7838
4824
4831
4834
4836
6344,4844
5509,4846,6295
4849
4851
4861
4864
4872
4873
4877
4878
4880
4893
4896
4898
4902
4904,6990
4905
4915
4921
4922
4925
4926
4927
4932
4935
4936,8839
4954
5122,4956
7218,4958
4970,5571,6213,5438
4979
4980
4982
4983
4984,8213,5559
4986
4989
5627,4990
4992
4994
4999
5005
5016,7530
8899,5486,8368,6323,8660,5020
5022
5024
5026
5030
5032,8036,5839
5040
5046,7055
5047
8710,7239,5356,6196,5051
5057
5060
5063
5064,8126
5066
5070
5072
5074
5075
5078
5091,8462
5097
5100
5102
5103
5107
5115
5117
5119
5125
5130
5131
5132
6057,7507,6851,5135
5139
5142
5147
5155
5466,5156,8166,7063
5159
5164
5166
5171
5174
5181
5185
5188
5191
5195,7894
5202
5204
8928,5216,8151
5217
5220
5221
5223
5288,5869,5229
5232
5238
5241,6068
5244
7633,5245
5246
5257
5258
5260
5263
5264
5267
5269
5270
5271
5273
5276
5280
5282
6728,5286
5287
5293
5299
5303
5308
5322
5323
5328
5335
5339,8038
5342
5344
5347
5350
5352,6322
5353
5355
5361
5364
5365
5377
5380
5381
5382
5385,8874,6011
5386
5387
5391
5392
5395
5406
5407
5408
5410,6947,8648,6044,8287
5417
7259,5419,8061
5426
5428
5429
5436
7336,5785,8650,5439
5443
6080,8525,5445
5449,8290
5452
5454
5455
5457
5460
5464
5470
5471
5473
5477
5478
5480,6712
5484
5493
5497
8283,5502
5507
5508
6800,7211,5518,6951
5521
5529
5530
5535
5536
5541
5546,6303
5549
5553
5554
5557
5562
5563
5566
5575
5577,7164
5580
5583
5584
5588
5592,8702
5593,7553
5594
5595
5605
5612
5616
5619
5624
7448,5626
5633
5637
5638
5640
5646
6179,7565,5647
5649
5650
5654
5658
5660
5665
8841,5667,6563
5668
5671
5672,6355,6347
5675
5683
5685
5686
5688
5690
5694
5698
5704
5705
5706
5710
5713
5715
5718
5720
5722
5724
5725
5731
6328,7400,5736,6558
5739
5740,8564
6248,5750,6941,8230
5759
5768
5770
5773
5776,6276
7706,7628,5781
5786
5790
5794
5797
5799
5802
5805
5809
5817,8325
8081,5819
5820
8713,5823
5827
5831
8824,5834,8098
5840,5890
5841
5849
5852
5855
5859
5864
5865
5867,5957
5868,8244
5873
5879
5887
5893
5894
5897
5899,7476
5901
5905
7209,6828,5906,6998,7350
5907,6661
8163,7363,5911
5913
5915
5922
5925
5928,7213
5932
5936
5938
5950
5954
5956
5959
5960
5961
5965
5967
5968,7095
5970
5972,7767
5973
6651,5974
5984
5989
5991
5993
5995,6524
5996
5998
6008
6012
6014
6019
6021
8195,6022
6024
6026
6029
6034
6038
6040
6043
6045
6047
6403,6051,7967
6053
6061
8165,6729,6062,7899,7805
6064
6070
6079
6081
6084,6391
6085
6088
6093
6098
6100
6105
7762,6715,6107
6111
6114
6128
6129
6130
6131
6602,6139,8396,8511
6141
6142
6149
6152
6153
6154
6157
6160
6162,8223
6163
6165
6166
6168
6169
6170,6911
8976,6172
6183
6184
6187
6190
6191
6205
6206
6211
6215
6216
6217
6221
6224
6225
6228
6232
6233
6238
6243
6245
6250,6629
6251
6252
6254
6260
6262
7298,6457,7540,6265,8062
6267
6270
6278
6279
6280
6281
6282
7138,6292,8679
6293
6296
6298
6310
6311
6313
6316
6319
6324
6326
6330
6334
6340
6341
6346
6349
6351
6352
6354
6356
6359
6367
6369
6372
6375
6376
6379
6380
6385
6396
6398
6399
6405
6407
6409,7116
6411
6416
6418
6421
6423
6424
6426
7769,6428
6431
6432
6434,6917
6437
6445,8671
6446
6447
6450
6452
6454
8033,6458
6461
6462
6464
6465
6840,6466
6467
7170,7132,6470
6483
6486
6490,7042
6497
6498
6503
6507
6508
6511
6516
6518
6522
6528
6533
6535
6538
6539
6542
6545
6551
6556
6561
6568
6572
6574
6577
6578,6676
6579
6589
6592
6594
6597
6599
6603
6604
6607
6610
6612
6614
6617
6621
6623
8335,6631
6633
6635
6636
6639
6641
6642
6643
6647
6649
6650
6653
6655
8712,6658
6664
6667
6668
6673
6674
6681
6683
6691
6692
6695
6698
6699
6702
6704
6709
6710
6713
6720
6721
6731
6732
6735
6736
6739
6745,8875,7892,8510
6747
6749
6750
6752
6757
6759
6760
6761
6764
8362,6765
6767
6768
6769
6771
6774
6777
6780
6782
6786
6788
6790
6793
6796
6798
6803
6811
6813
6815
6817
6818
6821
6823
6826
6831
6833
6836
6837
6839
6841
6848
6850
6852
6853
6854
6857
6859
6860,8215
6862
6873
6876
6882
6885
6887
8499,6892,8390
6893
6894
6896
6899
6901
6904
6905
6906
6909
6916
6923
6934
6936
6944
6948
6955
6961
6965
6967
6973
6976
6979
6982
6984
6985
6986
6992
6994
6997
7001
7002
7006
7009
7010
7013
7014
7017
7019
8120,7475,7020
7023
7026
7889,7029
7031
7032
7033
7034,8332
7037
8046,7039
7040
7044
7046
7047
7057
7065
7067
7076
7080
7081
7082
7088
7090
7092
7093
7097
7100
7104
7107
7108
7111
7124
7128
7134
7136,8432
7139
7140
7142
7143
7145
7151
7152
7154
7159
7169
7171
7175
7177,7930
7181
7183
7186
7189
7404,7790,7190
7191
7193
7195
7197
7198
7201
7203
7205
7206
7207
8296,7210
7220
7223
7226
7229
7232
7233
7236
7237
7241
7246
7247
7251
7253
7258
7260
7264
7268
7269
7270
7273
7276
7280
7281
7282
7283
7285
7289
7292
7517,7295
7299
7300
7307
7309
7312
7319
7323
7326
7328
7330
7341
7344
7351
7353,7354,7870
7358
7360
7367
7369,8191
7370
7372
7376
7380
7382
7383
7386
7388
7395
7396
7397
7415
7419
7422
7424
7425
7428
7433
7434
7437
7439
7441
7447
7451
7454
7462
7465
7467,8172,7619
7469
7472
7477
7478
7479
7480
7481
7482
7483
7485
7487
7492
7495
7496
7497,8924
7499
7500
7502
7509
7511
7518
7519
7521
7523
8307,7525,7542
7526
7528
7529
7536
7541
7546
7548
7549
7551
7552
7556
7566
7568,8502
7569
7572
7579,8158
7580
7593
7596
7598
7599
7600
7604
7609
7612
7614
7620
7623
7626
7629
7638
7641
7642
7643
7644
7646
7652
7659
7664
7666
7668
7669
7671
7672,8178
7674
7675
7682
7699
7704
7715
7718
7719
7720
7724
7727
7728
7731
7732
7734
7736
7737,9006
7739
7740
7745
7747
8338,7748
7749
7750
7757
7759
7764
7766
7770
7771
7772
7773
7774
7776
7777
7779
7781
7782
7783
7789
7793,8078
7794
7801
7802
7803
7804
7806
7807
7815
7817
7818
7819
7822
7827
7832
7833
7835
7836
7840
7846
7849
7850
7854
7864
7865
7869
7871
7872
7881
7883
7891
7895
7901
7906
7910
7913
7915
7916
8747,7919
7923
7924
7931
7932
7933
7935
7942
7947
7948
7949
7951
7952
7954
7962
7965
7969
7971
7975
7982
7986
7987
7988
7991
7992
7994
7996
8003
8007
8008
8012
8015
8017
8022
8024
8026
8030
8034
8037
8039
8041
8043
8642,8045
8047
8048
8051
8054
8057
8064
8067
8068
8070
8075
8076
8077
8085
8087
8092
8095
8099
8103
8105
8109
8111
8112
8116
8117
8118
8123
8127
8128
8129
8130
8132
8134
8137
8144
8148
8149
8150
8152
8153,8519
8156
8180
8181
8182
8183
8185
8188
8190
8192
8194
8203
8205
8212
8214
8217
8220
8224
8227
8461,8231
8234
8236
8238
8240
8242
8243
8247
8251
8252
8254
8255
8937,8260
8262
8263
8264
8270
8271
8279
8280
8282
8288
8291
8292
8300
8305
8312
8316
8321
8323
8324
8327
8334
8339
8340
8342
8348
8351
8355
8356
8357
8360
8364
8365
8366
8369
8370
8371
8374
8376
8380
8382
8384
8385
8386
8399
8400
8401
8405
8407
8409
8411
8413
8417
8426
8431
8435
8437
8438
8439
8446
8449
8451
8454
8465
8466
8868,8938,8468
8471
8472
8474,8501
8476
8479
8483
8485
8486
8487
8489
8492
8495
8505
8508
8512
8515
8516
8520
8521
8523
8527
8530
8532
8537
8539
8541
8542
8543
8549
8550
8552
8555
8556
8561
8563
8569
8570
8572
8579
8580
8582
8588
8591
8593
8598
8599
8603
8605
8606
8607
8609
8614
8615
8618
8622
8623
8628
8629
8631
8634
8636
8637
8638
8639
8640
8643
8651
8656
8658
8661
8663
8667
8668
8672
8674
8677
8678
8683
8685
8690
8692
8695
8698
8700
8703
8706
8707
8709
8714
8720
8722
8724
8726
8727
8728
8730
8733
8735
8737
8739
8741
8743
8745
8748
8749
8750
8751
8753
8754
8758
8759
8760
8761
8762
8764
8765
8767
8768
8772
8773
8774
8776
8778
8779
8780
8781
8784
8786
8787
8788
8790
8791
8792
8798
8799
8800
8801
8802
8803
8804
8805
8806
8807
8808
8809
8810
8820
8821
8829
8830
8836
8844
8846
8847
8849
8850
8851
8852
8855
8857
8862
8865
8866
8871
8872
8877
8879
8884
8885
8887
8888
8893
8896
8898
8901
8902
8909
8910
8913
8917
8922
8923
8926
8927
8929
8930
8931
8933
8940
8941
8943
8945
8946
8947
8948
8953
8959
8963
8966
8968
8969
8970
8972
8973
8974
8975
8979
8981
8982
8983
8986
8989
8993
8994
8998
9002
9008
9010
9011
9014
