0
8,7432,2316,2957,6673,5779,3864,2461,1952,5419,1452,1455,5168,5301,4150,1461,6842,3016,8402,5843,8404,3671,6615,6887,8813,8818,8822,4215
14
4892,2472,3593,7338,1740,1970,22,6646,2364,2783
1248,1186,1827,2567,5095,5096,1694,1781,2328,3420,1246,30,1823
8032,1824,34,37,295,4078,2293,1017,1693
8832,7616,3459,6727,3337,42,5744,4630,3642,2814,7999
8321,6657,7555,3844,7941,7558,3335,5256,7299,6915,7685,8204,7691,8974,8457,7824,7956,4116,1302,7575,7966,6307,1701,3753,426,8747,51,4788,2873,7486,8383,8002,6470,3654,2766,8655,3280,2129,2769,5970,5336,5212,4324,619,5742,7919,5617,5618,5236,4469,2298,8831
5632,6146,4618,7690,1558,5655,5152,7712,4133,6701,8239,58,4667,3644,6717,4680,6220,2127,2128,6226,3666,6738,8789,3688,8297,4726,7799,3731,7829,3224,7838,6823,5289,1709,7349,7867,8891,3778,7364,5324,1741,1742,8912,4817,2771,3292,7902,7398,7917,7407,3312,7411,6901,7928,6394,1787,8447,7937,4871,8464,7446,7450,3357,5918,3365,1836,4911,5943,6468,8004,1353,4946,5975,3942,4457,7532,2927,7024,6514,2934,8568,3464,5513,7051,5009,6035,5013,1439,6560,7074,7587,1443,7078,1961,4522,3501,1977,1980,7101,1469,4543,5071,6097,8161,7657,1516,8174,8688,2039,7161,8189,5630
5080,2162,3734,63
68
74
81
88
5128,5129,98,94
4103,5137,6677,8226,4643,3108,2603,4654,6207,3669,7255,97,4707,7271,4204,7277,2679,4218,5755,5244,2687,3713,1155,3719,4748,2188,3728,7827,2724,7334,8363,1713,1215,3776,4806,5318,3788,8397,3279,2773,3801,729,5857,740,7409,5369,4350,5893,7950,4368,7448,8478,6958,6968,3898,2372,2885,4425,853,3413,3933,2914,6501,4453,8565,8056,1914,895,2436,7563,6027,5519,6031,6549,7578,1438,424,4521,7592,5548,6572,430,4017,2995,3010,7618,1989,4050,3032,7649,5090,4593,4595,5626,2559
99
108
1664,7809,6658,1411,150,2710,1686,1687,2462,1831,5423,6198,953,954,8126,2629,2630,5829,5064,2377,6858,8392,5453,8526,2512,4688,1365,6741,5339,1374,8544,1381,2278,7527,495,4592,6895,117,4853,4221
123
128,8096,2882,4867,4837,3526,8011,3888,7127,1331,7703,2495
3656,6305,133,135
8736,6340,5253,6953,7978,4841,3820,140,4815,8050,7796,5877,1719,2296,8345
7172,8996,6374,8905,7786,715,5195,3950,8303,6479,144,3637,1909,1147,6942
7064,1467,156,7758
160,7523,5924,5678,8719,3825,8915,5111,3639,3832,7866,1117
165
169,962,7662
8576,3329,8448,4483,1795,5765,7688,3474,8341,4373,2454,2331,6137,7839,4515,2467,6308,2342,7717,6570,5420,175,8367,4913,2482,3123,438,2105,3004,2240,8133,7752,6605,3406,8653,7508,7895,7257,3162,2265,5853,864,2016,7011,8167,6381,1774,7535,8444,2169,3450,6907,3836,7423
181
1984,1925,8230,1818,2953,5994,1805,7759,7062,184,5754,6459,1118
4071,3751,8551,3934,1682,5459,8500,4343,7452,190
195
8343,3196,199
3578,2132,206
3207,1671,392,2823,1679,2069,5653,3607,4890,2205,3106,6309,938,4523,2219,2751,2116,2248,3023,212,2645,852,1240,859,475,4318,355,1380,743,372,3452,3455
214
1025,2053,1543,1548,2065,2067,5139,2585,1564,1052,1576,2602,6192,3127,2107,2109,2118,593,2644,1625,2654,2666,1142,4737,3721,1676,1681,3222,3227,4767,2218,2221,3760,2225,694,1724,2237,2754,2251,1747,6871,217,1767,235,4843,1778,6898,5363,5878,251,4869,262,2827,4379,4394,5931,3383,1852,2371,4942,848,4945,4955,863,4451,2917,869,2919,871,5481,366,4974,370,2421,376,3977,5008,2962,3987,1435,2477,951,4026,3005,3022,1495,477,3565
834,3237,510,2087,2920,1958,1959,1677,241,2582,3102,3608,2841,218,2459,828,862
4320,4740,6181,3878,6669,4461,2158,1586,6931,8596,565,1750,2233,1850,7069,222
1921,227,2759,1933,1934,1717
2758,231,1929,5579,1519,1524
1579,3115,236,5424,3126,3931
237
1888,3748,358,1863,3180,5198,7474,243,471,3705,894,5983
6625,4578,6531,6626,4391,8169,6061,4973,244,1525,1917
2307,247,4503
254
258
4356,1545,265,5007,2842,1565,927,1829,1834,2104,5310,8000,3142,6726,3402,978,1235,3283,3928,2778,1503,1377,738,1513,2923,3182,3186,4210,502,5367,379,2812,1918
5376,2570,267,4124,1568,2082,2210,2084,3238,4393,2474,4531,5812,2750,3007,3269,841,844,3662,3791,846,466,1237,4572,1373,4188,4321,2921,2922,6890,4976,3187,1140,4086,4087,3577,3454,6399
5089,4229,7240,490,491,4076,1994,271,273,5586,4339,4539,4605,4606
274
280
284
644,4998,3090,1050,3355,2844,3739,289,2742,695,9015,1721,2106,955,836,3783,2124,3020,2255,3025,5845,473,857,4827,7515,5088,4322,4077,1262,2671,3566,5239,2557,1919
292
294
736,1825,1022,297
3072,2042,872,873,300,303,6384,3856,3284,5207,5208,2553,5402
3075,712,7577,441,4684,2672,305,1689,443,3516
6338,5603,4647,7946,1968,6067,308,5141,4059,7325
311
5425,314
317
320,3411,4694,935
325
332
344
350
360,2978,2083
2693,2503,363,7052,1356,6542,2062,8381,472,6109
3456,2088,365,367,368,7417,5087
3204,646,1067,3021,814,1436,3184,817,4978,5780,6389,374,697,860,3199
640,3523,643,3461,6194,2041,1434,380
5120,3460,7853,6766,2292,7930,2940,382
387
838,395,1885,397
832,2916,709,6121,3629,398,7348,6392,4506,1595,3772,893
400
404
408
412
417
434,6820
8965,5767,1932,1296,3861,8471,4891,4514,549,4906,1584,2354,1587,1588,4402,1847,8121,2235,956,1853,2236,2238,445,2756,7876,5703,1614,2385,977,850,1108,981,3158,5081,6235,2011,1504,4449,2019,3183,5234,7539,6005
447
452
454,2943
459
5856,8513,2689,6049,5575,5516,5854,465,6103,2647,7513,3290,7102
7169,4241,3360,5034,2999,1722,6335,3397,845,2384,721,3539,469,5724,6366,2787,483,2918,5354,8559,3313,5361,6263,3960,1274,1278
479
484
489,509
492
5730,4875,5148,496,532,1144,3708
499
737,2780,4996,5573,2123,1965,788,503,507,2108
3663,4208,504,4665,2782
512
513
6273,515
519
8354,2731,524,5531,2965,1814,2967,4475,5532
526
5920,5955,909,7534,529,7030,8319
535
5664,4613,4585,4760,540
2120,4139,5329,1752,543
547
553
556
559
4357,1191,6474,6954,6827,8139,3026,2550,6583,8950,569,5149,1150
572
576
929,706,6436,583,1674,6933,6554,2973
2288,585,5866,6028
4739,589,2061,4371,5971,4317
3782,842,591,1935,4598,6454,1688,2811,829
7552,5447,7403,1101,2190,595,7455
599
604
612
622
624
8711,4212,630,7288,2623
8903,8107,5644,7089,632,3003,5214
3684,5639,8977,6387,2612,1173,635,3421
637
3552,3393,645,2318,2491
649,6540,6797,6670,4245,6940,7581,5791,3362,3874,6345,4306,5974,5468,4189,3681,5733,4966,3561,8826,6651
7298,6457,653,7540,6265,8062
657
668
670
8911,675,5543
678
685
689
8547,1157,6631,5673,2314,3979,5807,8049,1202,7700,6550,4919,698,3993,8442,4795,6201
8962,4909,701,5479
704,732,1028,6659,1019,3882,7050,3759,3122,2587,4283,1820
725
4900,734
745
748
750
753
761
762
763
768,2660,5772,4589,4622,3315,7412,5332,6167,1305
773
7681,6148,1797,8328,2699,779,6930,5017,6813,5793,6567,5292,3120,7217,6326,4282,5693,7493,5065,1227,6113,8934,3816,6124,6003,2164,5884
2748,782
786,5043,6662,3303
8932,1606,8265,2794,6452,790,8155
791
795
799
802
4003,804,1223,1772,7189,5050,6491
4062,807
6946,810,812,1294,6065,3252,4600,3100
818
825,4590
830,6623
7885,855
858
4192,868,7652,4616,6665,6456
874,2044
876
881
888
899
902
3448,3545,912,1911
6274,6275,7459,7973,1231,2451,916,3135,6015
8647,5709,918,8856,8575
4965,4689,7955,920,4285
4664,923
932,1832,1833,3178,5101,7871
937,3099
940
942
1665,2147,4995,3301,5607,1964,7053,7887,946
6689,1542,2735,948,5847
2626,2499,7667,4826,2554,2588,2269,958
7296,7813,8838,6663,7305,3085,7058,1685,8086,4248,5281,4641,2475,5037,3889,8504,959,5312,5186,8388,6980,4808,5193,7755,5325,7504,8916,3028,4959,7904,3808,6371,7908,5226,8554,8175,3439,6001,8817,7925,1526
5123,4420,965,5542,5735,3051,7291,5581,6609,7859,3443,6299
1408,4354,8330,8587,7821,3342,8079,6802,3858,7059,8854,2968,4381,7589,8875,8619,8621,7471,7346,2615,3129,3771,8510,8393,970,8394,6864,2387,7635,2901,6616,6745,7648,5093,5862,7420
3810,5643,974,8880,7606,4733,7294,2655
3473,980
4650,983
987
2113,4582,5448,6637,8590,7343,4782,9013,990,5941,7897,5883,2302
993
998
1003
1007
3968,8198,8967,6920,5001,8458,2058,6284,5902,5778,8083,6425,5401,6687,3615,3744,1059,6317,3630,5935,1329,4532,8245,6966,5431,5049,8257,5442,3908,4805,6089,5450,7243,2508,8649,4431,4943,5458,4819,1493,4185,3678,6240,5986,7141,8294,4205,4847,1011,6515,4341,6776,8827
2490,1581,1015
1030
1037
1038
2208,7686,6183,6857,6655,4591,1040,8914,4499,5972,1405,6591
1042
1053
1058
1061
1065
1068
1072,7590
6180,6117,5830,6789,2186,2283,4397,1074,6619,5629,5151
1076
7689,8715,7573,3876,3371,4656,5810,6834,1078,8897,7882,6733,4304,3665,7634,8042,4331,7660,7663,3441,3702,6390,7033,6909
1080
1084
1088
1089,5255,4839,4716,7725,4780,2767,7929,6046
1093
1097
1105
1110,2959
1115
1120
1122
1126
1130
5476,8197,6877,3978,5578,1134,3727,8497,7253,4246,6805,4886,4477,2366
1136
3233,3524,8389,8423,3050,4106,4364,5262,1143,7611
2433,4615,8201,5642,6926,7443,5398,7837,6048,4771,7096,3273,8907,6098,8793,7390,4323,6500,4196,5622,6135,1146,8573
1152
1154
1160
1163
1167
1170
1172
1176
1184
2514,1188
1194
4480,2694,3400,1198
1199
1205,3574
7458,6724,1414,4903,6222,8726,1210,8028,4701
1212
1216,2757,5712,1716,1887
1219
5380,1221,4199,4009,8752,7607
2161,1225,5756,2573
1229
1233
1234
1242
5648,1786,1250,5366
1251
2272,5444,8390,3239,5288,1254,6892,5869,1422,1518,7408,7597,5490,8499,5229,4312,8318
1256
1264
1266
1271
3700,4024,7194,1755,1277
1281
5784,5489,4052,1284
7976,4144,5788,1285
8704,2178,1286,7079,2090,4811,1338,5933,7083,8403,7286,8470,4602,1339,8159
1288
1298
1300
1307
1311
1314
1317
1320
1323
1324
2122,1325
1326
5700,7179,6091,1332,8440
1334
5061,7901,8553,3214,1341,2463
1346
7304,6928,6244,1348
7266,7878,1357,7087,3567,7123,6102,5435,6620
1358
1361
1368
1370,4823
1376,6972,2223,5553,7260
1384
1387
1391
1394
1399
1403
1418
8138,1427,5295
1429
1447
8768,5635,8422,6120,7272,7337,6443,1450,3504,8249,4414
5601,1459,6287
1463
2825,1466
1473
1474,4803,3401,2320,5522,5811,5112
8705,1476,8309,5412
7457,1481,8881,7321,5978
1484,5230,1873,7071,6203,5055
8834,1487
1490
1498,4403,5215,8535
1501
1506
1511,3551
1514
1521
6952,1529
6640,1531,5628,6835
1535
1536
7264,1538,3953,2546,6867,6585
1540
1550
1554
3768,1561,4074,8469
7301,5766,3212,6672,2833,2706,8213,3991,1562,3998,6174,1569,5559,5434,5183,6208,4551,6471,7113,7384,7263,7903,6634,7147,7020,3821,7665,4984
1566,5164,6134,2077,8574
4738,6725,8232,8717,2227,3860,2646,1567
1571
3041,1575,8627,4895,3581,6559
1589
1592
1596
1598
1601
2747,1604,5837,6998
1608
1610
7072,7168,6433,8453,4039,2824,1612,8179,6772,1945
1616
1619
1623
1629
1630
1631
1635
5670,1640,8301,3281,4852,8886
1642
1643
1646
1649
1653
1655
5761,2946,5921,3716,2373,1657
1660
6162,1662,8223
1667
2723,1668
1683,4524
1691
1692
1696,7651
1697
1699,5284,4037,7922,3797,4406,3675,5437
1705,5570,8415
1706
5224,7265,6017,1718
5699,1727
1730
1733,7468,5297,2803,8278
1734
1738
1744,7028
1757
1759
1762
4121,1769
1770
6534,7312,1776,7221,2911,7167
4550,3531,2828,1784,2905
7369,3538,1789,2375
7311,1791,8743
1793
1796
1798
1801
1806
1807
1955,2820,1811,6548,2457,2683,4284,5533
1816
1821
1830
1838
1840
1843
1849
2692,3190,5368,7355,4860,1854
1857
3842,1860,3909
1865
6496,7812,5031,1868,3037,6903,6584,5498,7773
3528,1869,4399
4113,1874,7845
1878
1882
1889
1891,3172,4295,5610,7984,3358
7192,1893
1898
1900
1905
1923,6206
1928
3105,1936,3185,2738,4216
1937
1940
6472,8185,5537,1941
1944,2786,4413,6237
1946
7120,8604,1950
1957
6144,1960,2822,5415
1967
3048,8035,1972
1973
1986
1991
1998
2000
2002
2007
2008
2012
2014
2023
2024,5163,6878
2027
2031
2034,3103
2038
2043
3634,3850,2045
4930,4365,8276,2046,7743
2048
4560,5121,2051
8548,2052,7237,3710
2056,8460
2071
2897,2074,6654
7375,7537,7130,6363,6140,2078
2080
2089
6633,2094,3892,8763,8958
2096
2102
3554,4099,8645,5805,2894,3540,4857,2110
6440,2111
2121
2125
4802,7274,8652,2135,6362
2137,3846
2140
2145
2149
2153
2156
5393,8202,5707,2167
2173
2177,3254,5702
2180
2184
8302,2194,3285,8026,8094
2196
2199
2203
2977,6773,2206
5068,2212
2216
2222
2226
4828,2429,2350,2229
2688,2241,4448
2242
2247
3176,2252,2254
2256
2258
2262
2273
2274,6302
2276
7862,2279
2284
2286
2290
7054,2294
2299
2300
2303
3097,2309
2313
2323,2813
2324,2326
2327
2334
2338
2339
2340
6627,2344,3881,6963,4023
2347
2351
2352
2355
2359
2762,6328,2362,2460,3582
5136,8322,2363,3564
2367
2378
4968,4969,8009,4972,4332,2381,7856,4081,7125
2386
2390
4258,3437,6607,3568,7673,2397
2399
2402
2404
6562,6919,2407,3530,6032,4722,4763,5375
2409
2412
2418,3131
6393,2422
2425
5606,8584,4617,7114,8146,2485,4949,7927,6648,5147,2431
2434
2437
2438
3625,6073,2444,2583
2445
2744,2449
2465,3597
2469
2996,2471
2478
2488
9000,5116,2493
2500
3521,2502
2505
2510
2517
3305,2518,8310
2520
5091,8462,8537,2523,3838
6702,2524,4652,6872
2525
2528
2530
2532
6508,2535
2537
2539
2541
2543
8485,6983,7431,2547,3352
2555
7602,2558
2561
2563
2568,5249,8569
2571
2575
2578
2580
2589
2591
2595
2600,3901,4967
3617,8971,2604,8373,5850,5917
2606
2608
2610
2614
2617
2619
2624
2631
7754,2635,4724,5495,8987,5372
6588,2639
2642,4326
2659
2661
2664
2667
2971,2669,2670
2674
2675
2680,8443
2691
2696,6730,8487
2702
2704
2705
2708
2711
2714
2715,5621
2716
2722,7979,6526
8777,3298,2727
2728
2732
2733
2740
2745
2761
2765
7753,6477,3923,2775,7357
2789
2793
2796
2799
2804,8716,4717
2806
4516,7784,3724,4623,8848,7122,2809
2816
2818,8861
2829
6161,4938,2830,3095
4104,5098,4495,2831,5330,4501,3897,4952,4089,7418
2834
2837
2845
2848
2850
2855
2856
2858
6756,2860,8372,8633,4255
2862
2864
5497,2866,2980
8143,7632,2867,6007,4191
2868
2870,7073,5397,4790
2875,3188,8534
5890,8557,2877
2878
6060,2879
2883
2889
2891
2893
2895
2906
4034,3603,2909
2924
2929
2932
2941
2949
5539,2950,6248,4756,6941
2956
2964,7653
2972
2976
2983
2989
2992
2997
3001
7249,3011,7939,4022
3013
3018
3035
3038
3039
3042
3045
3054
3057
3059
5840,3064,8595,8104
3065
3068,8222
3069
3077
3081,4030
3088
3091
3093
4601,3109
6716,7694,3111
3112
3117
3132
3138
3139
7488,8419,3140
7512,7170,4363,3141
3143
3144
3145
3146
3148
3153
3154
3160
3164
4512,3910,7952,4125,4249,6587,7132,3165
3166
3169
3171
5504,7427,3174,3398,7816,8681,8052,4537,4922,7710
3175
3179
3192,3287
3193
3201
3202
3208
3209
3215
7944,4624,3216,6002,6324,3483
3217
3218
3219
3223
7848,6606,3503,5552,8120,3225,5052
3226,3692,3294
3229
3234
3242
3245
3247
3248
3253
3257
5667,6563,8841,5748,3259,8796
3261
3263
3264
3266
3270
3272,8906,8756
3277
3282
3286
3288
3296
3299
3302
3306
3308
3314,4866,4678
3317
3319
3321
3322
3325
3331
3338
3339
3340
3346
3348
3356
3367
3369
3370,7591
3374,8694
3375
6978,8585,7177,3377,8115,8755,4182,7738,4700
3378
3379
3382
5696,3384,6291,8894
3385
3388
3395
3403
3415
3418
3419
3423
7960,3425,4233,6365
3427
3430
3433
3436
3438
3449,8725,7430,8853
3462
3466
8515,3468,7183
3470
3472
7875,6795,4175,8210,3475,4473
7464,3477
5406,3479
3480
3484
3487
3489
3491
3493
8769,3971,3495,4079,5460,7157,5524,7413
3498
3507
3509
3510
3511
3518
3519
3520
3533
7379,5053,7510,3535
3536
3541
3542
3548
3550
3553
3557
3570
4561,8579,3573,4438
3585,4084
3586
3589
3592
3594
3600
4609,8456,6126,3667,3604,5018
3609
6122,3611
3616
8352,8323,3619,5609,5132,6706,5527
3621
3623
3626
3628
3632
3635
3641
3647
3649
3650
3651
3657
3659
3673
3682
3955,3686
3689
3694
3695
6600,3696
3698
3704,7905,7536
3706
8424,3711
3715
3718
3722
6880,5474,6116,8016,3736,6269
3738
3740
3755,8503
7722,5099,3756
3761,8882,4227,5989
3763
7490,7655,7371,6004,3765
3775
3780
3785
3792
3793
3795
3798,6406
3803
3812
4456,6481,7756,3814
3818
5792,4058,3824
3826
3827,7677,7918
4504,3828
3831
3834
3840
3843
3853
7713,3857,8399
3865
3871
3872
3883,6870
8452,4138,3884,5964,5936,7761,4401
6536,8124,3886,6844,3935
3890
3894
3896
3904
3911
3913
3916
3917
6936,7826,3920
3925
3927
3936
3939
3944
3947
3952
3958
3964
3970
3973
3974
3976,5505,5209
4691,3982
3984
3989
3992
8992,3997,7366
4000,6286,8306,7314,7707
4006
4011
4014
4016,5506,8347,6188
4019
4020
4027
4036
5223,4040,8106,4814,7989
5062,7016,5545,5321,4041,4685,4369,7091,5909,7893,4991
4042,7492
4044
4046
4049
4939,4669,4054
4060
4067
5708,5404,4070
4082
4818,4085
4091
4092
4094
4097
8626,4101
7819,6764,4108,7806
4348,4111
4112
5881,4114,6283
4115
4117
4118
4122
4127
8105,4129
4134
6711,4135
7936,6723,4137,6259,4855
4141
4143
7473,4340,4145
4146
4148
4153
8904,7545,4157,7894
4160
4163
4165
4167
4169
4170
4172
4173
4177
4181
4183
4187
4193
4195
7084,4198
4213
4219
4222
4223
4224
4225
4230
4234
4236
4243
4251
4253
4257
4259,5350
4528,4262
4264
4267
4271
4273
4275
4277
4279
4287
4290
4292
4293
4298,8723
4299
4302
4303
4307,5587
4310
8314,4311
4316
4327
4329
4333
4335
4338
6744,4344,8918,6151
4346
4352
8001,7322,4359
4360
4367
4376
5512,4377
4382
4383
4384
4386
4388
4392,8601
7424,8154,4395
4396
4407
4410
4415
4416
4418
5680,6170,4421,4752
4424,7162
4427
4428
4429
4434
4436
4437
4439
4440
4444
4445
4459
4463
4464,6191
4466
4472
4474
4478
4705,4482,7733
4485
4488,7410
4492
4497
4498,7331,6566
4500
4505
4508
4510
4517
4520
4525
4529
4534
4542
4545
4548
4552
4553
4556,7021,8286,6487
4558
4563
4565
4569
4570
4575
4579
4581
4588
5346,6830,4596,5815,4604
4597
4599
7465,4607
4610
4625
4627
8956,8581,4631
4632,6020,8141
4635
4636,8277,5990,8268
4637
5002,4639
4645
4648
4653
4657
8976,4658
4661
4663
4670
4673
4674
4676
4682,7303
4693
4696
4698
4703
4704,6785,6118,5848,6236
4706
4708
5960,7852,4709
4710
4713,5265
4718
4720
4729,6809,7531,5550
4732
4741
4742
4744
4747,7075
4754,6612
4758
4764
4766
4770
4772
4776
4777
4783
4786
4791
4797
4800
4809
4812
4813
4824
4831
4834
4836
6344,4844
5509,4846,6295
4849
4851
4861
4864
4868,5898,7983,7961,5334,6520,5849,8794
4872
4873
4877
4878
4880
7841,8066,8617,6922,9005,7726,8053,7544,4889,7293
4893
4896
4898
4902
4904,6990
4905
4915
4921
4925
4926
4927
4932
4935
4936,8839
8842,4947,8998
4954
5122,4956
6828,4957
7218,4958
4961,6074,7868
5880,8289,4963
4970,5571,6213,5438
4979
4980
4982
4983
4986
4989
5627,4990
4992
4994
4999
5005
5011
5016,7530
8899,8368,6323,8660,5020
5022
5023
5024
5026
5030
5032,8036,8772,5839
5040
5046,7055
5047
5051,6196,8710,7239
5057
5060
5063
5066
5070
5072
5074
5075
5078
5082
5097
5100
5102
5103
5107
5114,7695,8775,7570
5115
5117
5119
5125
5130
5131
5134
6057,5135
5142
5155
5466,5156,8166,7063
5158
5159
5166
5171
5174
5181
5185,7187
7608,5188
5191
5202
5204
8928,8833,5216,8267,8151
5217
5220
5221
5232
5238
5241,6068
5242,7668
7633,5245
5246
5257
5258
5260
5263
5264
5267,8046,7039
5269
5270
5271
5273
5275,5886
5276
5280
5282
6728,5286
5287
5293
5299
5303
5305,6242,7340,8708
5308
5313
5322
5323
5328
5335
5342
5344
5347
5352,6322
5353
5355
5356
6403,5358,7967
5364
5365
5377
5381
5382
5385,6011,8751
5386
5387
5391
5392
5395
5403
5405
5407
5408
5410,6947,8648,6044,8287
5417
5426
5428
5429
5432,6289
5436
7336,5439
5441,7890,8639
5443
6080,8525,5445
5449,8290
5452
5454
5455
5457
5464
5470
5471
5473
5594,5477
5478
5480,6712
5482,7765
5484
5486
5487
5493
5500
8283,5502
5507
5508
5510
5518,6951
5521
5529
5530
5535
5536
5541
5546,6303
5549
5554
5557
5561
5562
5563
5566
5577,7164
5580
5582
5583
5584
5588
5592,8702
5593,7553
5595
5597,6845,7406
5605
5612
5613
5616
5619
5624
5633
5637
5638
5640
5646
6179,7565,5647
5649
5650
5654
5658
5660
5665
5668
5671
5672
5675
7554,5764,8873,6380,5677,6768,8379,8701
5683
5685
5686
5688
5690
5694
5698
5704
5705
5706
5710
5713
5817,5715,8325
6912,5716,7373
5718
7190,5719
5720
5722
5725
5729
5731
5736,6558
5739
5740,8564
5745,6685
5750
5753
5759
5760
5768
5770
5773
8659,5775
5776,6276
7706,7628,5781
5785,7082
5786
6729,5790,6062
5794
5797
5799
5802
5804
5809
8081,5819
5820
8713,5823
5825
5827
5831
8824,5834,8098
5841
5852
5855
5859
5864
5865
5867,5957
5868,8244
5873
5879
5887
6401,5891,8164,7126
6018,5892,6855,8722,7318
5894
5897
5899,7476
5901,7397
5905
7209,5906,7350
5907,6661
8163,7363,5911
5913
5915
5922
5925
5928,7213
5932
5938
5946,7150
5947,8142
5950
5954
5956
5959
5961
5965
5967
5968,7095
5973
5980
5984
5991
5993
5995,6524
5996
5998
6008
6012
6014
6019
6021
8195,6022
6024
6026
6029
6034
6038
6039
6040
6043
6045
6047
6050
6051
6053
6064
6070
6075
6077
6079
6081
6084,6391
6085
6088
6093
6100
6105
7762,6715,6107
6111
6114
6119,6791
6128
6129
6130
6131
6133
6602,6139,8396,8511
6141
6142
6149
6152
6153
6154
6157
6160
6163
6165
6166
6168
6169
7709,6172,8901
6176
6178
6184
6187
6190
6200
6205
6211
6215
6216
6217
6221
6224
6225
6228
7834,8429,6231
6232
6233
6238
6243
6245
6249
6250,6629
6251
6252
6254
6258
6260
6262
6267
6270
6278
6279
6280
6281
6282
6290,8084
6292
6293
6296
6298
6310
6311
6313
6316
6319
6325
6330
6334
6341
6346,7333
6355,6347
6349
6351
6352
6354
6356
6359
6367
6369
6372
6375
6376,8823
6379
6385
6396
6398
6405
6407
6409
6411
6416
6418
6421
6423
6424
6426
7769,6428
6431
6432
6434,6917
6437
6441
6445,8671
6446
6447
6450
8033,6458
6461
6462
6464
6465
6840,6466
6467
6483
6486
6490,7042
6497
6498
6503
6507
6511
6516
6518
6522
6528
6533
6535
6538
6539
6544,6913,7831
6545
6551
6556
6561
6568,8205
6574
8227,7892,6575
6577
6578,6676
6579
6589
6592
6594
6597
6599
6603
6604
6610
6614
6617
6621
6624
6635
6636
8449,6638,8494,8496,7604
6639
6641
6642
6643
6647
6649
6650,6860,7511,8215
6653
6664
6667
6668
6674
6675
6680,7133
6681
6682
6683
6691
6692
6695
6698
6699
6704
6708
6709
6710
6713
6720
6721
6731
6732
6735
6736
6739
6742
6747
6749
6750
6752
6757
6759
6760
6761
8362,6765,8871
6767
6769
6771
6774
6777
6780
6782
6786
6788
6790
6793
6796
6798
6800
6803
6808
6811
6815
6817
6818
6821
6826
6831
6833
6836
6837
6839
6841
6848
6850
6851
6852
6853
6854
6859
6862
6873
6874
6876
6882
6885
6893
6894
6896
6899
6904
6905
6906
6911
6916
6923
6929
6934
6944
6948
6955
6961
6965
6967
6970
6973
6976
6979
6982
6984
6985
6986
6992
6994
6997
7001
7002
7006
7009
7010
7013
7014
7017
7019
7023
7026
7889,7029
7031
7032
7320,7034,8332
7037
7040
7043
7044
7046
7047
7057
7061
7065
7067
7076
7080
7081
7088
7090
7092
7093
7097
7098
7100
7104
7107
7108
7111
7116
7117
7124,7764
7128
7134
7136
7138,8679
7139
7140
7142
7143
7145
7151
7152
7154
7159
7171
7175
7181
7186
7191
7193
7195
7197
7198
7201
7203
7205
7206
7207
8296,7210
7211
8071,7215,8783
7216
7220
7223
7226
7229
7231
7232
7233
7236
7241
7246
7247
7251
7258
7259
7268
7269
7270
7273
7276
7280
7281
7282
7283
7285
7289
7292
7517,7295
7297
7300
7307
7309
8258,7315
7319
7323
7326
7328
7330
7341
7344
7351
7353,7354,7870
7358
7360
7362
7367
7370
7372
7376
7377,8061
7378
7380
7382
7383
7386
7388
7391
7393
7395
7396
7400
7404,7790
7414
7415
7419
7422
7425
7428
7433
7434
7437
7439
7441
7447
7451
7454
7462
7467,8172,7619
7469
7470
7472
7475
7477
7478
7479
7480
7481
7482
7483
7485
7487
7489
8771,7494
7495
7496
7497,8924
7499
7500
7502
7507
7509
7518
7519
7521
7525,8307,7541,7542
7526
7528
7529
7546
7548
7549
7550
7551
7556
7561
7566
7568,8502
7569
7572
7579
7580
7583
7593
7595
7596
7598
7599
7600
7609
7612
7614
7620
7622,8335
7623
7626
7629
7636
7638
7641
7642
7643
7644
7646
7659
7664
7666
7669
7671
7672,8178
7674
7675
7682
7693
7696
7699
7704
7715
7718
7719
7720
7724
7727
7728
7731
7732
7734
7736
7737,9006
8003,7739
7740
7745
7747
8338,7748
7749
7750
7757
7766
7767
7770
7771
7772
7774
7776
7777
7779
7781
7782
7783
7789
7793,8078
7794
7801
7802
7803
7804
8165,7899,7805
7807
7815
7817
7818
7822
7832
7833
7835
7836
7840
7842
7846
7849
7850
7854
7855
7858
7864
7865
7869
7872
7881
7883
7891
7906
7910
7913
7915
7916
7923
7924
7931
7932
7933
7935
7942
7947
7948
7949
8781,7951
7954
7958
7962
7965
7969
7971
7975
7982
7986
7987
7988
7991
7992
7993
7994
7996
8007
8008
8012
8015
8017
8019
8022
8024
8030
8034
8037
8038
8039
8041
8043
8642,8045
8047
8048
8051
8054
8057
8060
8064
8067
8068
8070
8075
8076
8077
8085
8087
8088
8092
8095
8099
8101
8103
8109
8111
8112
8116
8117
8118
8123
8127
8128
8129
8130
8132
8134
8137
8144
8148
8149
8150
8152
8153
8156
8158
8180
8181
8182
8183
8188
8190
8191
8192
8194
8203
8207
8212
8214
8217
8220
8224
8461,8231
8234
8236
8238
8240
8242
8243
8247
8251
8252
8254
8255
8259
8937,8260
8262
8263
8264
8270
8271
8279
8280
8282
8284
8288
8291
8292
8300
8305
8311
8312
8316
8324
8327
8334
8339
8340
8342
8348
8351
8355
8356
8357
8360
8364
8365
8366
8369
8370
8371
8374
8376
8380
8382
8384
8385
8386
8400
8401
8405
8407
8409
8411
8413
8417
8426
8431
8432
8434
8435
8437
8438
8439
8441
8446
8451
8454
8465
8466
8868,8938,8468
8472
8474,8501
8476
8477
8479
8483
8486
8489
8492
8495
8505
8508
8512
8516
8519
8520
8521
8523
8527
8530
8532
8539
8541
8542
8543
8549
8550
8552
8555
8556
8561
8563
8570
8572
8580
8582
8588
8591
8592
8593
8598
8599
8602
8603
8605
8606
8607
8609
8614
8615
8618
8622
8623
8628
8629
8631
8634
8636
8637
8638
8640
8643
8650
8651
8656
8658
8661
8663
8667
8668
8672
8674
8677
8678
8683
8685
8690
8692
8695
8697
8698
8700
8703
8706
8707
8709
8712
8714
8720
8724
8727
8728
8730
8733
8735
8737
8739
8741
8745
8746
8748
8749
8750
8753
8754
8758
8759
8760
8761
8762
8764
8765
8767
8770
8773
8774
8776
8778
8779
8780
8784
8786
8787
8788
8790
8791
8792
8798
8799
8800
8801
8802
8803
8804
8805
8806
8807
8808
8809
8810
8815
8820
8821
8825
8829
8830
8836
8843
8844
8846
8847
8849
8850
8851
8852
8855
8857
8862
8865
8866
8872
8874
8877
8879
8883
8884
8885
8887
8888
8889
8893
8895
8896
8898
8902
8908
8909
8910
8913
8917
8920
8922
8923
8926
8927
8929
8930
8931
8933
8940
8941
8943
8945
8946
8947
8948
8953
8959
8963
8966
8968
8969
8970
8972
8973
8975
8979
8981
8982
8983
8986
8989
8993
8994
8997
9002
9004
9008
9010
9011
9014
