0,2053,4103,2065,2067,8226,6192,2107,2109,6207,8259,2118,6216,4169,74,8268,2125,8271,6228,8277,94,97,98,4204,6254,6262,8312,4218,6267,4230,2188,8351,4259,8360,2218,8363,2221,2225,6325,2237,8382,2251,8397,217,235,4335,251,4350,6401,262,6409,6411,4368,6418,6421,280,4379,8478,2338,6436,4394,4395,8513,8515,2371,2372,4424,4425,4427,4451,6501,4453,6507,2412,366,370,8565,2421,376,2425,2436,2438,4492,6549,6554,8609,2471,424,4521,8618,6572,2477,430,447,454,4558,2510,465,4565,8667,2523,477,4581,8677,2537,8683,4593,4595,8702,2559,519,8716,8722,6677,2585,4636,4643,6695,2602,2603,6709,583,8780,593,2644,2647,8798,4703,2654,4707,2666,2679,2687,4737,2689,4748,4767,2724,2728,694,706,2754,6851,4806,6855,2773,6871,729,6882,740,2793,4843,6898,8948,2804,2806,4869,2827,8973,8979,6933,8983,804,6958,6968,4925,2885,4942,848,4945,853,4955,863,2914,4965,869,2919,871,2917,4974,2932,4989,895,5008,2962,2973,929,5026,2995,2996,951,5050,3005,7102,3010,7116,3022,7126,3032,7128,5090,3054,5114,7162,1025,3077,5128,5129,5135,7183,5139,7189,7194,1052,7201,3108,3127,3138,5188,5191,1097,7255,7271,7277,1142,5244,5245,1155,3222,7318,3227,3229,7334,3242,1215,5318,1223,3277,3279,3290,5350,7409,5363,7415,5369,1277,7424,1288,5387,7447,7448,7469,3382,3383,5436,1346,1358,7507,3413,7513,5481,5487,1399,3466,7563,5516,3468,5519,7578,1435,1438,7583,3489,3493,7592,5548,7598,5554,7608,7618,5575,5580,7633,1490,1495,7649,3557,5612,5613,3565,5626,1536,1543,1548,7696,5654,7704,1564,1576,5688,3647,7749,5713,3669,5718,1625,3698,3700,5755,3713,3719,3721,1674,1676,5773,3728,1681,7827,5799,3760,1713,7865,1724,3776,3788,1747,3795,3801,5856,5857,1767,1772,1778,5878,7932,5886,3838,5891,5892,5893,7950,7958,5931,7991,3898,1852,3917,3933,5990,8039,8043,8056,1914,6018,3977,6027,6031,3987,8087,8088,6049,8099,4003,6053,6057,4017,4024,4026,6075,1989,1991,6093,2002,4050,6103,8154,8164,8180,6142
2820,8,7432,6536,2316,8461,6673,5779,6548,7190,3864,2457,2461,8095,5280,1952,1955,8231,1452,1455,5301,4150,1973,1461,6842,6844,4284,5566,3016,8402,5843,8404,6997,5719,4440,6615,8926,3935,5347,7269,2789,6887,7910,8685,7790,8813,5616,6896,8822,4215,2683
7681,7553,6148,1797,4741,8328,7433,2699,779,8205,14,6290,8084,5793,6567,6568,7720,5292,3120,4282,5693,6845,3521,6594,7493,5065,1227,3792,3925,5597,8030,6113,5729,8934,3816,6124,7406,6003,2164,5884
4892,2472,3593,7338,6283,1740,6638,1970,2868,22,6646,2364,2783
1248,1186,1827,292,2567,5095,5096,1694,1246,1781,2328,3420,1757,30,1823
8032,1824,34,387,1250,37,4900,295,4078,2293,5366,1017,1786,1693,734
3459,5155,6727,3337,42,6837,3642,2814,7999
6657,7170,7685,6152,7691,8204,8720,6163,4116,4125,8747,51,8768,3141,3654,2129,2137,3675,5212,3165,619,5742,5236,5753,8321,7299,5256,8334,4249,6307,1699,1701,5284,3753,1199,4788,7353,7354,8383,2766,3280,2769,3797,5336,8931,4324,7919,7922,761,2298,2300,6915,3844,7941,3846,3335,6916,8457,4363,8974,7952,7956,1302,6934,5915,5405,2845,7966,6443,7470,4406,2873,6970,5437,7486,4927,8002,6470,3910,5970,7512,5471,3433,1898,3955,4469,1911,3448,7555,7558,912,7575,6039,6043,6050,426,6587,4037,8655,3545,7132,1501,5617,5618
5632,8705,8194,6146,2561,4618,7690,4112,1558,5655,8214,5152,7712,6178,7205,4133,5158,4138,5163,6701,8239,7218,8243,7220,6712,58,4667,3644,6715,6717,3656,4680,1610,8779,6220,2127,2128,6225,6226,3666,2132,8789,4181,6738,6739,8280,5209,7772,4704,6244,3688,8809,8297,8309,4726,7799,8825,2173,3711,7297,133,7304,4233,1160,8849,3731,7829,3224,8348,7838,6305,7333,6823,5289,1709,6833,7349,2229,2745,7867,8891,8895,3778,3780,7364,6346,5324,1741,206,1742,8912,4817,2771,6870,3292,6365,7902,6878,7398,4327,8424,4329,7917,7407,3312,8189,7411,6899,6901,7928,6394,1787,8956,8447,7937,8449,4871,5899,4877,6928,8464,7446,7960,7450,5404,3357,5918,3358,6944,5412,3365,7464,3883,1836,9006,4911,5936,3890,7476,5943,6468,8004,1348,1353,4946,4437,5975,4958,3425,3942,5480,7528,4457,8556,7532,2927,7024,2929,6514,7536,2934,8568,5505,8581,3976,5513,3464,7051,7566,5009,6035,5013,3477,1439,6560,7074,7587,7078,1961,4522,3501,4529,7604,5557,1977,1980,7101,1469,4543,452,1476,4046,5071,6097,8149,8161,998,6118,2024,7657,1516,8174,8688,6133,2039,7161,3578,5116,2045,5630
5408,8580,782,2162,3734,5080,3226,3294,63
8066,6922,7955,4889,3225,6051,7848,8617,2860,7726,3503,5552,5432,8123,5052,8128,68,6730,6606,4689,6497,7293
81
88,3635
99,3305,7918,1042,499,3827,8310,2518,3510,7677
108
1664,7809,6658,1411,8324,2571,150,2710,3480,4251,2462,6176,5423,2226,6198,7992,8126,1727,8130,5829,2630,5064,2377,6858,2891,8392,8526,2512,8017,1365,6741,5339,2525,1374,8544,1381,8038,2278,7527,4592,8692,117,4853
123
128,6274,6275,4867,3594,2451,916,7703,6685,7973,5166,3888,1331,3135,2495,2882,3526,8011,7636,7127,4837,5745,2680,8443,5500,6015
6785,4868,135,5898,2573,7961,156,3257,5817,1467,1225,7758,5334,5849,6873,8794,7651,2161,5756
5253,3592,140,8736,7846,6953,2858,7978,3498,1719,1596,6340,6215,4938,4815,8784,7894,8792,5220,4841,3820,8050,7796,5877,7668,2296,8441,5242,7549,7550
8996,9000,4713,144,5265,8178,8920,1662
8706,6020,902,4616,6665,8719,4117,7064,4632,5530,5022,160,5924,5678,5297,8370,3639,6456,6458,7866,4163,6982,5706,8141,8915,1117,4192,3169,8033,7523,7652,2286,3825,5111,3832,6141
165
962,169,7662,1391,3288,4346
8710,7688,8203,7709,7717,4658,3123,6194,6196,2105,7232,7239,7752,4172,6736,7257,3162,6771,2169,8829,8830,640,643,5765,8842,8341,7322,7839,6308,6313,175,8367,2240,2252,7895,2265,5853,5356,6381,1774,6907,3836,8444,7423,8448,3329,4359,4373,2331,8998,2342,5420,4913,3378,8001,5449,3406,4947,7508,864,7011,7535,8054,7032,3450,380,8576,4483,3461,7055,8592,3474,2454,1434,4515,2467,7593,6570,2482,5046,5051,3004,3523,8133,8653,6605,7641,2016,8167,6129,6137,4091
181,7439
515,8836,3843,1923,2953,5002,1805,3597,4111,2702,1554,8466,7062,3609,7193,4127,4639,2465,802,3367,4139,4014,2351,6831,8247,184,6459,6206,1984,6976,6466,6854,3270,7496,7241,7881,7757,7759,6994,8658,8022,3160,7258,7642,6621,8542,1118,8929,7009,3812,5994,2156,7154,5754,7292,5887
6661,4071,3751,8551,7081,5582,5328,5841,1682,5907,8724,5459,8500,4343,3934,7993,7452,190
195
6498,8803,199,7858,8343,3196
1542,3207,1671,392,2823,1679,2069,5653,3607,3608,2582,4890,2841,2205,3102,3106,6309,3237,2087,1958,937,1959,4523,2735,948,828,2751,834,2116,2248,3023,212,2645,852,1240,218,859,475,4318,355,1380,743,2920,2669,2670,241,372,3452,510,3455
3105,8714,1936,3185,2738,214,408,4216,7965
4740,8071,6669,6931,8596,7069,2077,1566,5502,6181,3878,5164,7215,1586,565,2233,1850,8129,8527,8783,1750,8283,222,4320,4461,2158,3694,5238,6134,1403,8574
1921,227,2759,1933,1934,4597,1717
2758,231,1801,1929,5579,1519,1524,7931
3143,3115,3692,236,1579,5424,6641,6610,3126,2327,3896,3834,3931,1692
1219,4516,6184,553,7784,3724,237,4623,8848,7122,2809
2180,2437,6535,2972,3748,5541,2089,2478,7474,4277,825,5954,1863,5198,3705,7382,471,7001,4187,5983,1888,7906,358,3180,4590,243,2038,8057,2043,8316,894
6625,4578,6211,6531,6626,8774,5091,4648,8169,4391,6061,4973,8462,7377,1521,244,1525,1917
3099,6689,1571,7203,549,4652,6702,1584,1587,1588,7736,2617,3131,5703,1614,1108,3158,6235,1629,5217,4706,3175,5223,3183,5234,1655,4225,5767,1167,6811,6311,2235,2236,5308,2238,2756,7876,4809,4814,2262,1770,6391,247,6906,2307,8965,1296,2834,3861,8471,4891,4906,2354,4402,7989,1847,7996,1853,6465,2385,850,7006,4449,7539,6005,3964,1932,6551,4503,2971,4514,2469,8106,8121,7100,445,956,4545,6084,4040,977,981,8663,5081,2011,1504,3553,2019,7159,7675,8188
6624,5761,5921,7362,3716,4165,2946,2373,6416,7728,6423,1657,6396,254
4873,258
4356,1545,265,1677,5007,2842,2459,1565,927,1829,1834,2104,5310,8000,3142,6726,4935,3402,978,1235,5074,3283,3928,2778,6876,862,1503,1377,738,2923,3182,2418,3186,4210,502,379,2812,1918
5376,6533,5640,267,6040,4124,2210,4393,2474,8234,4531,5812,7609,3007,3519,3395,8519,8909,3662,2520,3673,8153,4321,7782,8305,1140,4086,6649
5089,5573,490,491,271,273,5586,4339,4605,4606
274,3542
3072,5125,3856,5402,284,2041,4262,300,303,4528,3785,3284,5207,5208,872,873,4588,6384,2553,2042
644,4998,2825,2444,3090,1022,2583,1050,3355,2844,1691,3739,1825,289,6310,297,2862,3253,2742,9015,695,6073,2106,955,2490,1721,1466,836,3397,3783,2124,3020,845,2255,3025,3539,5845,469,473,4570,4827,7515,857,3550,736,5088,4322,2659,2918,4077,1262,2671,3566,1015,5239,1274,1278,1919
7108,294,4550,6281,3531,2828,7595,7982,6639,1105,3282,3348,4213,3927,1784,2905,7962
3075,712,7577,441,4684,2672,305,1689,443,3516
6338,5603,4647,7946,1968,6067,308,5141,4599,7801,4059,7325
7554,2434,5764,8873,6380,5677,5967,8595,311,3064,8379,5535
4135,2992,5425,6711,314
317
320,3411,4694,935
7689,8715,8847,6161,7573,4631,3095,3876,3371,3884,2350,4656,5810,6834,1078,4157,2493,8897,325,6909,7882,5708,6733,4304,3665,7634,4828,7905,4070,8042,4331,7660,7150,7663,3441,3702,6390,3704,7033,2429
332
344,5482,6426,7765
350
2978,2083,360,2539,8117
2693,2503,363,7052,1356,6542,2062,472,6109
3456,2088,365,367,368,7417,2203,5087
3204,646,5780,2715,1436,1067,814,7599,817,697,3021,5847,860,3184,4720,4978,6389,374,3199
5120,3460,5382,5960,7853,6766,2292,7477,5561,4698,2940,382
5057,7270,838,395,8651,397,3984,6516,6461,1885
2048,3586,398,6929,2578,5142,4506,6303,8607,7842,2856,1068,3629,1840,4148,7348,1592,8761,1595,3772,4542,832,7233,709,8902,8523,1229,1623,7771,2916,1384,6121,492,6769,6392,893
8899,5070,5486,400,8368,6323,8660,5020
2273,5123,4420,965,5542,4101,5735,7291,3051,5581,6609,7859,404,3443,6299,1598
8197,3978,7822,3727,6805,4886,4246,412,8098,8497,2366,3775,4552,5834,5578,7253,6877,5473,8291,8824,1134,6008,4477
417
6820,8357,8103,8041,2313,7915,7023,434
438
459
2570,1821,1568,2082,2084,3238,2750,3269,841,844,846,3791,1616,466,7891,1237,4188,1373,4572,2922,6635,6890,4976,3187,4087,3577,3454
479
7169,8707,6021,5980,4744,3209,8970,4241,8851,5403,6556,8479,3360,7969,5797,4777,5034,2355,3894,2999,6841,7098,1722,6335,7236,7620,8134,4167,2500,5961,4812,4813,2384,721,3415,6233,3418,8409,7644,5724,1115,8543,3039,8417,6366,2787,7396,6757,7519,1759,483,5354,8559,7280,8945,2799,7283,4851,5361,3313,6263,3960
484
489,1324,6675,6359,509
2629,8712,5453,495,4688,6895,689,954,4221
3708,5730,7019,4875,5148,496,532,1144,5852,2589
6786,899,4996,4229,788,4006,685,1965,8758,4539,2108,8765,5950,3319,7240,1994,2123,4049,7380,2780,737,3299,4076,5996,503,507
512,1320,3663,4208,504,4665,2782
513,3427,8932,3462,1606,8265,2794,7307,4141,5011,6452,790,8155,4223
8354,7623,2731,7404,3117,524,2967,6130,8603,5531,1814,2007,2965,3321,4475,5532
526,4383
6602,8396,7534,529,7030,6139,8511
3585,8322,2433,3970,4615,8201,5642,6926,5136,7443,5398,535,7837,5149,4510,4771,2094,3892,7096,2363,8763,7229,3273,8907,8143,6098,8793,7390,4191,4323,6500,4196,6760,6633,4084,5622,6135,1146,8573,8958
5664,2212,4613,2502,7495,4585,5068,2606,1271,4760,540
7719,2120,8969,5329,1752,543
8640,547,4517,5740,8564,6424
556
5938,987,559,2071
4357,3736,7454,1696,1191,6954,6827,7468,7093,6583,569,1733,6474,8139,8016,2386,3026,8278,3287,6880,5474,6116,8950,2550,3192,6269,1150
572
576,8871,6154,8362,6765,8505,8541,5119
585,5866,6028,2288,8759
4739,1667,589,2061,4371,5971,4317
8472,5507,3782,1769,7530,842,1688,591,1935,2324,4598,6454,5016,4121,2326,2811,829
7552,5447,1608,7403,1101,2190,595,7455
2402,5635,8422,6120,5865,7272,7337,7870,1450,750,7088,3504,599,8249,5498,7803,4414,8639
604
612
622
624
8711,8431,4212,630,3223,7288,2623
5024,8903,8107,5644,7632,7089,6007,632,3003,5214
8290,3684,5639,8977,6387,1940,2612,1173,635,3421
637
3552,3393,7872,645,2318,3472,1264,1298,1242,2491,4797,1755
649,6540,6797,6670,4245,6940,7581,5791,3362,3874,7489,6345,4306,5974,5468,4189,3681,5733,4966,3561,5881,8826,6651
7298,6457,1037,653,1967,6647,6265,8062
6242,4968,4969,8009,4972,4332,2381,7856,4081,7954,657,7125
668
5570,6821,5638,8808,1705,7770,4092,670,8415
675,5543,1357,3567,5941,5435,6620
6464,4000,8579,8325,6662,3303,678,4561,7314,5043,786,3573,4438,7707
1795,1285,1157,3081,2314,3979,8332,8972,8846,8335,5648,3857,6287,5134,8852,3989,6550,3479,7320,3993,7700,1170,5406,7713,4770,4258,7976,5673,2600,2604,3628,5807,4144,1202,1459,8373,4919,2488,6201,698,4795,3901,8254,4030,6848,7622,3659,4556,4429,8399,1233,7509,6487,8284,2397,8286,1631,5601,7393,8547,3939,4967,6631,8442,7021,3437,8049,7794,8563,8435,2422,6393,7034,7807
8962,5479,8138,5295,4786,1427,2708,8501,3541,8474,2748,701,8158
704,732,1028,6659,6407,8008,6249,3882,7050,1019,3759,7281,3122,2587,4283,1820,5790
7172,5913,6942,4524,3637,8904,8905,5195,715,6479,2012,7774,8933,6374,7786,3950,8303,1909,7031,1147,8446
725
6080,5445,745,8525,2299
748
753
762
763
768,6948,7044,2660,3686,6088,5772,4589,4622,3315,7412,5332,6167,1305,7836
773
791
4939,795
7300,8380,4410,4444,799
4062,807
6946,8776,810,812,1294,6065,3252,4600,6105,3100
5698,5868,818,8244,6839,8152,8735
4994,2866,3828,7198,4504,5722,830,6623
5313,7276,7885,942,855
3616,858,7268
2976,5377,6562,5375,868,2407,6919,3530,2830,6032,4722,7251,2803,4763,7517,7295
874,6612,2044,4754
876
881
888
4992,7301,5766,2696,3212,909,6672,6289,2706,4498,2833,8213,5911,3991,1562,3998,7967,5920,4255,6174,7084,9005,6322,7475,8372,5559,8120,8633,5434,4285,5183,6208,5955,4551,6471,7113,7384,7263,7903,5346,8163,6756,8802,4198,5352,6634,7147,7020,3821,8815,7665,4984,8319
8647,5709,918,8856,8575
920,1569,7841
2950,8584,4617,4756,5147,923,5539,5417,2485,4664,7114,8146,4949,8800,5606,7414,7927,6648,4348,2431
932,1832,5257,3178,1833,5101,8700,7871
6224,938,7502,5367
940
1665,2147,4995,3301,5607,1964,7053,7887,946
953,1831,1686,1687
6081,2626,2499,3625,6252,4302,5562,7667,8148,7766,3261,4826,2554,2269,958,8703
7296,8068,7813,8838,6663,7305,3085,4114,7058,1685,8086,4248,4766,5281,4641,2475,5037,3889,8504,7737,5946,5947,959,5312,5186,8388,6980,4808,5193,7755,5325,8142,7504,8916,3028,4959,7904,3808,6371,7908,1511,5226,8554,8175,3439,6001,8817,7925,1526
1408,4354,8330,8587,7821,3342,8079,6802,3858,7059,8854,2968,4381,8355,3109,7589,8875,8619,8621,7471,8496,3634,7346,2615,3771,8510,3911,8393,970,8394,6864,2387,7635,2901,6616,6745,1630,7648,5093,5862,4601,7420
3810,8454,5643,974,8880,8434,8085,7606,5078,4733,7294,2655
5249,2568,3722,6731,3473,6385,980,8569
8695,4650,1843,983
8590,2959,8975,7192,4782,7087,7343,4275,9013,8893,2113,7878,5448,8911,7123,6102,1110,8790,7897,990,7266,1893,4582,6637,5883,2302
993
1376,8384,6972,2889,3755,1003,2223,5553,6614,8503,7260,1311
7080,1007,2909,8007
3968,8198,8967,6920,5001,8458,2058,6284,5902,5778,8083,6425,5401,3615,6687,3744,1059,5671,6317,3630,5935,1329,4532,8245,6966,5431,5049,8257,5442,3908,4805,6217,5450,7243,6089,2508,8649,4431,4943,5458,4819,1493,4185,3678,3551,6240,5986,7141,8294,4205,4847,1011,6515,4341,6776,8827
1030
1038
7686,1040,4499,6169,7451,2208,8865,6183,6591,5060,6857,7500,8914,6742,3286,8539,5731,4591,5107,1405,6526,6655
1053
5984,7425,1058,1088,7082,8650,6029,5785,1849
1061
3842,1860,3909,1065,7802
1120,8289,7590,4718,1072
8993,8804,6117,6180,5830,6789,2186,2283,4397,3535,5053,1074,2867,7379,7510,6619,5629,5151
6528,7072,7168,6433,5957,8453,7815,4039,2824,6790,3339,8179,6772,1076,1945,1946
5792,7303,8487,4682,3824,7063,1080,4058,6012
1370,1084,4823
1089,5255,4839,8364,4716,4780,2767,3600,7929,6046,3263
1093
1122
1126,8656,7217,6930,5017
1130
1136
3233,4610,3524,8389,8423,5066,3050,4364,4106,5262,1143,7611
1152,8548,7237,6788,2052,5521,3710
1154
1163
1172
1176
4480,1184,5381,2694,3400,4392,2121,7693,8078,5998,1198,7793,7054,2294,8376,8601,1307,5023
1188,1796,8263,7057,2514,4926
7104,1194
7875,5380,1221,4199,4009,6795,8588,4175,8752,8210,3475,7988,1205,3574,7607,4473,2941
5825,7458,6724,1414,4903,3111,5355,8908,6222,6286,7694,8116,1210,8028,4701,6716,6815
3936,6144,3331,4293,2822,5415,1960,2829,8593,6100,6872,7065,1212,3423
1216,2757,1798,8521,5712,1716,1887
7459,6131,1231
1234
1251
1422,5660,6045,3239,5288,8499,2740,2883,5444,8390,2272,1254,6892,5229,5869,1518,5490,8439,8318
1256
6692,8582,7819,6764,4108,1266,4436,7806
1281
5441,1284,7494,4905,7725,7824,5489,7890,4052,5784
8704,2178,7781,1286,7079,2090,4811,1338,5933,7083,4627,8403,6708,7286,8470,4602,1339,8159
7040,7619,7467,8172,1300,7579
4738,1314,6725,8232,8717,2227,3860,2646,1567
2219,1317
1323
2122,1325
1326
1793,5700,5867,7179,6091,4338,1332,8440,6813,6111
1334
6085,5061,8553,3947,3214,5775,8659,8883,6068,5241,1341,7901,8217,2463
1361
4961,6280,7273,6379,5260,6604,7864,4054,1368,6074,5627,7868,4669,4990
1387
1394
1418
1429
7600,1443,1683
1447
8896,1473,7457,1481,7497,8881,1463,7321,5978,8924
6114,4803,1474,5670,6728,3401,1640,8301,3281,5522,5811,8886,5112,7231
4963,2276,8070,1484,5230,1873,5880,5055,6203,7071
8834,1487,4663
4932,4983,4403,8535,1498,7518,5215
1506
1513,2340
5720,5457,1514,6205
8104,1529,6952,8077
6640,1531,5628,6835
7488,8419,3140,1535
7378,1538
1540
2661,1550
3201,4388,8262,4074,8469,3768,1561,5855
3041,1575,6894,8627,4500,4895,3581,6559
1581
1589
1601,4609,2692,4708,8456,3436,6126,3667,3604,3992,3190,5368,4474,7355,4860,1854,5018
1604,7653,7209,6828,5837,5906,2964,7350,6998,2747,4957
1612
1619
1635
1649,1642
2177,8323,6149,7561,5132,2320,7061,5527,3356,8352,3619,5286,6187,6706,8634,8770,5702,4173,8927,5609,1643,2290,7669,8183
3974,3272,8906,1646,8756
1653
7430,5991,3164,8725,8853,3449,1660
7360,2723,1668,6859,8530
1697,3617,8971,4303,8728,5850,5788,5917
7289,1706,8356,6278
6017,7265,4264,6440,8520,5224,4717,5232,6491,1718,5275,2111
1730
1734
1738
1744,8672,7028
1762
6019,6534,7916,4525,7312,1776,4831,3219,6643,7221,7167,2911
1789
7311,1791,7487,8743
6122,3611,1806
1807
2957,3886,8252,5168,8818,1811,3671,4508,8124,5533
1816
1925,8230,6248,2000,5750,1818,6941,4287
1830
7472,1838
1857,6782,7862,2279
1865
6496,4097,8866,8771,7812,6245,5031,1868,3037,6903,6584,7773
4257,3528,1869,4399,8697
7845,7014,6376,5484,4113,1874,8823,4824,8953,4732
1878
1882
1889,8844
6913,7138,1891,5156,8166,8679,8494,6544,6162,3826,5715,6292,7831,5466,7197,8223
1900
1905
1928
5040,1937
5537,7462,6472,3913,1941,4791,8185,6330
2786,4234,1944,4413,6237
2532,5509,4846,6190,7120,2705,8631,6295,8604,3325,1950
1957
3048,8035,1972,4999
1986
4227,5989,2023,1998,4657,3761,8882
2008
2014
2027
2031
2034,3103
4930,6759,8236,4365,8276,2046,7743
4560,5121,7282,2051
8642,2056,8843,8460,8045,3217,8282,4415
2074,2339,3491,2897,7674,6654
7747,7375,7537,7130,6363,6140,2078
2080,6853
2096
2102
3554,5805,2894,3540,4857,2110
4802,3112,7274,8652,2135,7672,6362
2140
2145,6965,8701
2149
2153
8552,8202,5707,5393,4915,2167,6682
2184
4352,8302,8626,2194,3285,8026,8094
7042,4369,2196,5909,8997,5545,5804,3245,7091,5062,5321,4041,4685,7893,6490,7016,2924,5115,4991
5353,2199
2977,2274,5649,8019,6773,2206,6302
2216,8508,5685
2222
4416,2688,2241,4448,5365,8888,5563
2242
2247
3176,2254
5840,5890,2256,5879
2258
2284
6048,3564,2303
8868,2309,8938,8468,3097
7971,5287,2535,6508,8015,2323,2813
2334
6627,8739,7013,8775,2344,3881,7695,7570,6963,4023,6874,7869
2347
2352
2359
6467,5063,2762,3853,8602,2895,9014,2362,2460,3582
2367
3538,3042,2375
2378
2390
2399
2404
4512,2409,7722,5099,5905,7835
2837,2445,3718
2744,2449
4520,2505
2517
2761,3403,4653,4118,2524,8862
2528,4710
2530,6119,6791
7073,5815,2541,6830,4604,4596,8661,2870,4790,5592,5397,6236
2543
8451,7818,4878,8338,6680,2722,3234,7979,7855,4146,6585,7358,7748,3916,6732,6867,3419,7133,7134,7264,7779,7529,3953,2546
8485,6983,2547,3352,5820,6077
2555
7076,2557,4902
3520,7602,2558
2563,8270
2575
2580
2588
2906,2591
2595
2608
5665,6818,6372,2610,4979
3338,8046,5968,2614,7095
2619
5504,2624,7427,7043,5478,3174,3398,8681,7816,3146,8052,4537,4922,7710
2631
7754,2635,4724,5495,8987,5372
4497,6588,2639
7139,4326,6796,2642,8413
8400,2664,8807
2667
2674
2675,8821
2691
2704
2711
2714,5270
2716
5760,8777,3298,2727
2732
2733
2765
7753,6477,3923,2775,7357
2796
2816,9004
2818,5973,3650,8861
7171,8452,4104,7951,4495,2831,4501,6296,8737,8746,8111,7984,4401,8885,3897,4295,5964,8781,6349,7761,6481,5330,5848,4952,6107,3172,3814,4456,5610,5098,4089,7418,4478
2848
2850
2855,6951,7211,8877,5518,6800
2864
2875,3188,8534
6885,7930,8557,2877
2878
3057,6060,2879,7975
2893
7840,8195,2980,7428,6022,5894,2921,6251,8690,3803,6399
4818,4085,2943
8292,4428,5621,2949
2956,5131,6780
2983
2989
2997
5696,6291,3384,3001,8894
8674,3011,7939,3850,7249,4022
3013
8889,3018
3035
3038
6761,3306,3045,8238
3059
3065,8438
8532,8222,3068
3069
3088
3091
3093
3129,8678
3132
3139
7187,5185,5595,3144
3145
4936,3148,8839
3153
4360,3154
3166
8922,3171,7883
3179
3193
3202,5956
3208,3649,6808
3369,3215
7944,4624,4273,6002,3216,6324,3483
7936,5082,4290,6723,5633,5477,4137,3218,6259,4855,5594
3247
3248
7097,3254
8841,4376,6170,7834,5667,6563,3259,4421,6231,8796,7391,7525,3689,8429,8307,5748,7541,7542,6911
3264
3266
3296
3302
3308
4866,4678,8750,4783,3314,8981
7107,3317
3322
3340
3346
3370,7591
6603,3374,8694,6200,6524
4466,3375
6978,8585,7177,3377,8115,8755,4182,7738,4700
3379
3385,8923
3388
9002,3430
3438
3470
3484
3487
8769,3971,8606,3495,6984,6539,7629,6574,4079,7441,5460,7157,5524,7413,4893,3518
3507
9010,3509,7383,8698,7580,7485
6561,3511,4459,6860,8215,6650,4027,7511,6047
3533
3536
3548
5546,6607,3568,7762,5047,7673
3570
6432,3589
4034,7186,3603,5605
3621
6441,3623
3626
4864,8132,5508,3632,4219
3641
3651
3657
7386,3682
3695
6600,3696
3706
3715,8036,8772,5032,5839
3738
3740
3756
5386,3763,6462
7490,7655,7371,8207,6004,3765
8369,3793,6166
6674,3798,6406
5993,3818,4463
8076,3831
3840
3865
3871
3872
3904
6936,7826,3920
3944
3952
3958
3973
4691,3982
8992,3997,7366,8959
8258,4011,7315
6273,5506,6188,4016,8371,6840,8347
4019
4020,7783
4036
4042,7492
4044
4060
7923,4067
4082
6356,7309,4094
4099,8645
4115,8101
7408,5497,4122,5699
4129
4134
4143
6798,8048,4145,7473,4340
4153
4160
4170
4177
4183
4193,6636,8989
4195
4222
4224
4236
7226,4243
4909,5202,7195,4253,7551
4267
4271
4279,5455
4292
4298,8723
4299
4307,5587
4310
8314,4311
4312,5739,7597,7942
4316
7336,4333,5439
4673,6151,8671,6744,7372,6445,8913,8918,4344,8799
4367
5512,4377
4382
4384
4386
4396
4407
4418
4434
4439
4445
8192,4464,7117,6191
4472
4705,4482,7733,6518,8311
4485
4488,7410
4505
4534
6752,4548
4553
4563
4569
4575
4579
7465,6258,8182,4607
4849,4625
8832,5744,4630,7616
6817,4635
4637
4645
4654
4661
4670
4674,5293,4986
4676,7638
4693
4696
7852,4709
7545,7531,5550,6809,8791,4729
4742
4747,7075
5680,4752
4758
5584,4764
4772
4776
4800,7483,7614
4834
4836
6344,4844
6985,4852
4861
4872
4880
4896
4898
4904,5672,6347,6990,6355,6905
4921
4954,6316
5122,4956
5571,6213,6664,4970,5438
4980
4982
5005
5030
5072
5097,5075
5100
5102
5103
5117
5130
5137
5159
5171
5174
5181
5204
8928,8833,5216,8267,8151,7699,8727
5221
5246
5258
5263
5264
6947,8648,7090,5267,6747,6044,8287
5269
6691,5271
5273
5276
8465,5282
5299,8255
5303
5305,7340,8708
5322
5323
5335
6520,5342,7983
5344
6403,5358
5364
5385,8874,8751,8917,6011
5391
5392
5395
6720,5407
5410
7259,5419,8061
5426
5428,8118
5429
5443
5452
5454
5464,7207
5470
5476
5493
5510
5529,8570
5536,8561
5549
6179,8550,5577,7565,5647,7319,7164,8190
5583
5588
5593,6326
5619
5624
5637
5646
5650
5658
5668
5675
5683
8486,5686
5690
5694
5704
5705,7715
5710
6912,5716,7373,7046
5725
7400,5736,8492,7151,8405,6328,6558
5759
5768,8212
5770
5776,8386,6276
7706,7628,5781
5786
5794
5802
5809
8081,8762,5819
8713,8555,5823
5827
5831
5854
9011,5859
5864
5873
5897
5901,7397
5922
5925
5928,7213
5932
5959
5965
5972,7767
5995
7913,8730,6014
6024
6026
6034
6955,6038
8165,6729,6062,7899,7805
6064
6070
6599,7682,6079
6128
6153
6157
6160
6165
6168
8901,8940,8976,7833,6172
6221
6232,7369,8191
6699,6238
6243
6250,6629
6260
6270
6279
6282
6354,6293
6298
6319
6334
6341
6351
6352
6367
6369
6375
6398
6405
7769,6428
6431
6434,6917
8537,6437
6446
6447
6450
6483
6486
6503
6511
6522
6538
6545
7331,6566
8227,7892,7756,6575
6577
6578,6676
6579
6589
6592
6597
6617
6642
6653
6667
6668
6681
6683
6698
6704,8966
6710
6713
6721
6735
6749
6750
6767
6768
6774
6777
6793
8034,6803
6826
6836
6850
6852
6862
6893
6904
8745,6923
6961
7136,8432,6967
6973
6979
6986
6992
7002
7010
7017
7026
7889,7029
7037
7039
7047
7067
7419,7092
7111
7789,9008,8820,7124,7764
7140
7142
7143
7145,7388
7152
7175
7181
7191
7206
8296,7210
7216
7223
7246
8637,7247
7285,7478
7323
7326
7328
7330
7341
7344
7351
7544,8306,7363,8053
7367
7370
7376
7395
7422
7431
7434
7437
7479
7480
7481
7482
7499
7521
7526
7540
7546
7548
7556
7568,8502,8327
7569
7572
7596
7612
7626
7643
7646
7659
7664
7666
7671
7718
7724
7727
7731
7732
7734
8003,7739
7740
7745
7750
7776
7777
7804
7817,8340
7832
7849
7850
7854
7924
7933
7935
7947
7948,8788
7949
7986,8437
7987
7994
8012
8024
8037
8047
8051
8060
8064
8067
8075
8092
8096
8105,8629
8109
8112
8127
8137
8144
8401,8150
8156
8181
8220
8224
8240
8242
8251
8937,8260
8264
8279
8288
8300
8339
8342
8345
8365
8366
8374
8381
8385
8407
8411
8426
8947,8476
8477
8483
8489
8495
8512
8516
8549
8572
8591
8598
8599
8605
8614
8615
8622
8623
8628
8636
8638
8643
8668
8709
8726
8733
8741
8748
8749
8753
8754
8760
8764
8767
8773
8778
8786
8787
8801
8805
8806
8810
8831
8850
8855
8857
8872
8879
8884
8887
8898
8910
8930
8941,8943
8946
8963
8968
8982
8986
8994
