0
8,7432,2316,2957,6673,1811,5779,2461,5533,1952,1955,5419,1452,1455,5168,5301,4150,1461,6842,4284,8402,5843,3671,6615,8813,8818,8822,4215,2683
14
4892,2472,7305,3593,7338,1740,6638,1970,2868,22,6646,2364,2783
1248,1186,1827,2567,5095,5096,1694,1781,2328,3420,1246,30,1823
8032,1824,34,37,295,4078,2293,1017,1693
8832,7616,3459,6727,42,5744,4630,3642,2814,7999
6657,6307,6916,3654,3335,3753,2766,7919,2129,51,5236,4406,3545,7354,7966
5632,2561,6146,6663,4618,7690,1558,5655,5152,4641,7712,6178,4133,5158,8239,58,4667,3644,6717,3656,4680,5193,7755,6220,2127,2128,6226,6738,2132,8789,6739,5209,6244,3688,8297,5226,4726,7799,8825,2173,1662,3711,7297,7304,4233,3731,7829,3224,4248,7838,6823,1709,7349,7867,8891,5312,3778,7364,4808,5324,1741,1742,5325,8912,4817,2771,8916,6870,3292,6365,7902,6878,6371,7908,7398,8424,7917,7407,3824,8189,3312,7411,6901,7928,6394,8447,7937,4871,6928,8464,7446,7960,3357,5918,3358,3365,3883,1836,4911,3889,3890,5943,8504,5947,6468,8004,1348,6980,1353,4946,4437,5975,3425,3942,4457,8554,7532,2927,7024,2934,8568,5505,3976,5513,3464,7051,5009,6035,5013,8086,1439,6560,7074,7587,1443,7078,1961,2475,5037,3501,7600,5557,1977,1980,7101,1469,4543,959,8142,5071,6097,3028,8149,8161,2024,7657,1516,8174,8175,8688,6133,1526,2039,7161,3578,5116,2045,5630
782,2162,3734,5080,63
7363,68,6922,7726,8053,7544
74
81
88
5128,5129,98,94
1025,2053,1543,4103,1548,7696,2065,5137,2067,5139,6677,2585,1564,1052,8226,4643,3108,1576,4654,6192,3127,2107,2109,6207,8259,4678,583,2118,593,2644,3669,97,4707,7271,5224,2666,4204,7277,1142,2679,4218,5755,5244,2687,3713,4737,1155,3719,3721,1676,4748,2188,3728,1681,7827,3222,3227,4767,2724,7334,2218,8363,2221,3760,1713,2225,694,1724,2237,1215,3776,706,4806,5318,2251,3788,8397,1747,2773,6871,217,3801,5857,740,1767,2793,235,4843,7409,1778,3314,2804,6898,5878,5363,5369,251,4350,7424,6401,5891,4869,262,5893,2827,4368,6933,7448,4379,8478,4394,6958,3382,3383,6968,3898,1852,2371,2372,2885,4425,4942,4945,3413,3933,863,2914,4451,2917,6501,2919,869,5481,871,4453,366,4974,370,8565,2421,376,8056,1914,895,6017,2436,3466,7563,6027,5519,5008,6031,2962,3987,6549,6554,7578,1435,2973,1438,7583,3493,424,4521,7592,5548,6572,430,7598,2477,4017,2995,951,4026,3005,3010,7618,1989,3022,4050,1495,3032,477,7649,5090,3565,4593,4595,5626,2559
99
108
7809,150,2710,2462,5423,2226,6198,8126,1727,5699,2629,2630,5829,5064,2377,6858,8392,8526,2512,1365,6741,5339,1374,8544,1381,8038,2278,7527,495,6895,117,4853
123
8096,2882,128,7703
6305,133
135
8736,5220,8441,5253,4841,7978,3498,3820,140,4815,8050,7796,5877,2296,8345,5242,7550
7172,8996,6374,8904,8905,9000,715,4524,5195,3950,8303,6479,144,7786,3637,1909,1147,6942
7064,1467,156,7758
160,6456,7523,5924,6665,5706,8141,5678,8719,3825,5111,3639,3832,7866,1117
165
169,962,7662
640,3329,8576,643,8448,3461,7688,3474,8341,4373,2454,1434,2331,7709,7839,4515,2467,6308,2342,7717,6570,5420,175,8367,4913,2482,3123,6194,438,2105,2240,3523,8133,7752,6605,3406,8653,7508,7895,7257,5853,864,2016,7011,8167,6381,1774,8444,380,6137,6907,3836,7423
181,7439
184,2953
4071,3751,8551,3934,1682,5459,8500,4343,7452,190
195
199
4522,206
3207,1671,392,2823,1679,2069,5653,3607,3608,2582,4890,2841,2205,3102,3106,6309,3237,2087,1958,937,938,4523,1959,828,2751,834,2116,2248,3023,212,2645,852,1240,218,859,475,4318,355,1380,743,2920,241,372,3452,510,3455
214
4740,8071,6669,6931,8596,7069,2077,1566,6181,3878,5164,7215,1586,565,2233,1850,8783,1750,222,4320,4461,2158,6134,8574
1921,227,2759,1933,1934,1717
2758,231,1929,5579,1519,1524
1579,236,5424,3126,2327,3931
237
1888,3748,1863,3180,7474,243,471,3705,5983
6625,4578,4391,8169,4973,244,1525,1917
247,4503
254
258
4356,1545,265,1677,5007,2842,2459,1565,927,1829,1834,2104,5310,8000,3142,6726,4935,3402,978,1235,3283,3928,2778,862,1503,1377,738,1513,2923,3182,3186,4210,502,5367,379,2812,1918
5376,2570,267,4124,8477,1568,2082,2210,2084,3238,4393,2474,4531,5812,2750,3007,3269,841,844,3662,3791,846,1237,2520,4572,1373,4188,4321,2921,2922,6890,3187,1140,4086,4087,3577,3454
5089,4229,490,1994,4076,271,4049,5586,4339,273,4539,4606
274
280
284
5088,289,836,3020,3025,473,1466,955,4827
292
4550,294,3531,2828,7595,1784,2905
736,1825,1022,297
3072,2042,872,873,300,303,6384,3856,3284,5207,5208,2553,5402,2041
3075,712,7577,441,4684,2672,305,1689,443,3516
6338,5603,4647,1968,6067,308,5141,4599,4059,7325
7554,8873,6380,5677,6768,311,8379
2992,5425,314
317
320,3411,4694,935
325
332
344
350
358
360,2978,2083
363,7052,1356,2062,472
3456,2088,365,367,368,7417,5087
3204,646,1067,3021,814,3184,817,4978,5780,6389,374,697,1436,3199
5120,7853,6766,2292,2940,4669,382
387
838,7270,395,397,1885
398
400
404
408
412
417
7170,7299,3844,6915,7558,7685,8457,4363,7956,4116,1302,7575,5405,6050,1699,5284,1701,426,8747,7470,2873,7353,7486,8002,3141,6470,8655,3797,7512,3675,5212,7132,619,5742,5617,5618,7922,4469,2298,2300,8831
434,6820
8965,5767,1932,1296,3861,8471,4891,4514,549,4906,1584,2354,1587,1588,4402,1847,8121,2235,956,1853,2236,2238,445,4545,2756,7876,5703,1614,2385,977,850,1108,981,3158,5081,6235,2011,1504,4449,2019,3183,5234,7539,6005
447
452
454,2943
459
8513,465
466
2787,483,3397,2918,1274,845,4241,3313,2999,469,6263,1722,5980,1278
479
484
489,6675,509
4605,491,5573
492
5730,4875,7019,5148,496,532,1144,3708
499
737,2780,4996,4006,2123,1965,788,503,507,2108
512,1320,3663,4208,504,4665,2782
513
6273,515,3270
519
8354,2731,524,5531,2965,1814,2967,4475,5532
526
5920,5955,909,7534,529,7030,8319
535
5664,4613,2502,4585,4760,540
2120,5329,543
547
553
556
559
6880,6116,4357,6954,6474,8139,3736,8016,3026,2550,6583,3192,569,3287,6269,1150
572
576
2288,585,5866,6028
4739,589,2061,4371,5971,4317
3782,842,591,1935,4598,1688,2811,829
5447,1608,7403,1101,2190,595,7455
599
604
612
622
624
7288,4212,630,2623
6139,8903,6602,8107,8396,5644,7089,632,3003,5214,8511
2169,635,2265,5765
637
644,4998,2825,3090,1050,3355,2844,3739,2862,2742,695,9015,1721,2490,2106,2241,3783,2124,2255,857,7515,4322,4077,1262,2671,3566,1015,1919
3393,645,2318,3472,2491
7813,8838,649,6540,6797,6670,4245,6940,5791,3362,3874,7489,6345,4306,5974,5468,4189,7904,3681,5733,4966,3561,8826,6651
6457,7298,6265,653
657
668
670
675,5543,1357,3567,5941,5435,6620
678
685
689
1795,1157,3081,2314,8332,5134,6287,7700,6550,3479,7320,3993,4258,7976,5807,1202,1459,4919,6201,698,4795,3901,4556,4429,6487,8284,2397,1631,5601,7393,8547,6631,8442,7021,3437,8049,2422,6393,7034
8962,5479,4909,5202,8501,8474,701,8158
704,732,1028,6659,1019,3882,7050,3759,3122,2587,4283,1820
2048,7771,709
721
725
729
4900,734
745
748
5635,8422,6120,7272,7337,1450,750,3504,8249,7870,8639
753
761
762
763
768,2660,5772,4589,4622,3315,7412,5332,6167,1305
773
5017,779
786,5043,6662,3303
8932,1606,8265,2794,3154,790,8155
791
795
799
802
4003,804,1223,1772,7189,5050,6491
4062,807
6946,810,812,1294,3252,3100
818
825,4590
830
832,7233,6121,1592,1068,3629,6929,6392,1595,3772,893
848,4955,853
7885,855
858
860
8915,868
874,2044,4754
876
881
888
894
899
902
912
6275,7973,3526,3594,8011,5166,3888,1331,916,7127,5500
8647,5709,918,8856,8575
4965,4558,4689,7955,920,4285
4664,923
929,1674,6436,3279
1832,1833,3178,932
940
942
1665,4995,3301,5607,1964,7053,7887,946
6689,1542,2735,948,5847
1831,1686,1687,953,954
2626,2499,3625,4302,4826,2554,2588,2269,958
2273,5123,4420,965,5542,5735,7291,3051,5581,6609,7859,3443,6299,1598
1408,4354,8330,8587,7821,3342,8079,6802,3858,7059,2968,3109,7589,8875,8619,8621,7471,8496,3634,7346,2615,3129,3771,8510,8393,970,8394,6864,2387,7635,2901,6616,6745,7648,5093,5862,4601,7420
3810,6276,5643,974,8880,7606,4733
3473,980
4650,1843,983
987
2113,7266,4582,7878,5448,6637,8590,7343,4782,8911,9013,6102,990,7897,2302
993
998
1003
1007
3968,8198,8967,6920,5001,8458,2058,6284,5902,5778,8083,6425,5401,6687,3615,3744,1059,6317,5935,1329,4532,8245,6966,5431,5049,8257,5442,3908,4805,6089,5450,7243,2508,8649,4431,4943,5458,4819,1493,4185,3678,3551,6240,3808,5986,7141,8294,4205,4847,1011,4341,8827,8060
1030
1037
1038
2208,7686,6183,6857,6655,4591,1040,8914,5972,6742,1405,6591
1042
1053
1058
1061
1065
1120,8289,1072,7590
6180,6117,5830,6789,2186,2283,4397,1074,6619,5629,5151
1076
7689,8715,7573,3876,3371,6834,1078,2493,8897,3140,7882,5708,4304,3665,7634,8419,8042,7660,7663,3441,3702,6390,7033,6909,1535
1080
1084
1088
1089,7619,5255,4839,7467,4780,7725
1093
1097
1105
1110
7169,8707,3209,8970,5354,1115,8559,2384,5361,3960,5403,5724,6366,6335
1984,1925,6854,5510,7759,7062,1818,6459,1118,5887
1122
1126
1130
5473,8197,6877,3978,5578,1134,7311,3727,8497,7253,6805,4886,6008,4477,2366
1136
3233,3524,8389,8423,3050,4106,4364,5262,1143,7611
3585,2433,4615,8201,5642,6926,7443,5398,7837,5149,4771,7096,3273,8907,6098,8793,4323,6500,4196,5622,6135,1146,8573
1152
1154
1160
1163
1167
1170
1172
3684,5639,8977,6387,2612,1173,3421
1176
1184
2514,1188
2386,1191
1194
4480,2694,3400,2121,7693,1198
1199
1205,3574
1210
1212
1216,2757,5712,1716,1887
1219
5380,1221,4199,4009,8752,7607
3257,4868,1225,7983,2161,7961,5334,6520,5849,8794,5756
3521,5793,7681,6148,8934,8328,5065,1227,7406,6003,2164,4282,5884
1229
7459,1231,5745,2451,7636,6015,8443,6685,3135
1233
1234
1242
1250,5648,5366,2488,1786
1251
2272,5444,8390,3239,5288,1254,6892,5869,1422,1518,7408,5229,5490,2740,4122,8318
1256
1264
1266
1271
3700,4024,7194,1755,1277
1281
1284
3617,1285,4144,8373,5850,5788
2178,1286,7079,2090,4811,1338,5933,7083,8403,7286,8470,4602,1339,8159
1288
1298
8833,8267,8172,1300
1307
1311
1314
1317
1323
1324
2122,1325
1326
5700,7179,6091,1332,6845
1334
5061,8553,3214,8659,8883,1341,2463
1346
1358
1361
1368
1370,4823
1376,8384,6972,2223,7216,5553,7260
1384
1387
1391
1394
1399
1403
1411
1414
1418
8138,1427,2748,5295
1429
1447
7457,1481,8881,1463,7321
1473
1474,4803,3401,2320,5522,5811,5112
8705,1476,8309,5412
4963,1484,5230,1873,5880,6203,7071
8834,1487
1490
1498,4403,8535
1501
1506
8817,5163,3085,1511
1514
1521
6952,1529
6640,1531,5628,6835
1536
7264,1538,7855,2546,6867,6585
1540
1550
1554
1561
4255,1569,6756,7301,6471,4551,6634,8815,7665,7903,2706,2833,8633,1562,3998,5183
4738,6725,2227,3860,2646,1567
1571
3041,1575,8627,4895,3581,6559
1581
1589
1596
1601
4957,2747,1604,5837
1610
7072,6433,8453,4039,2824,1612,8179,1945
1616
1619
1623
2754,3977,5931,2647,1625,2654
1629
1630
1635
5670,1640,8301,3281,4852,8886
1642
1643
1646
1649
1653
1655
6624,5761,2946,5921,2373,1657
1660
4688,4592,5453,1664
1667
2723,1668
3666,1683
5281,8388,3439,6001,7058,1685,4959
1691
1692
1696,7651
1697
1705,5570,8415
1706
1718
1719
1730
7468,1733,8278
1734
1738
1744,7028
1752,4139
1757
1759
1762
4121,1769
1770
6534,4525,7312,1776,7221,7167
1787
1789
1791
8440,1793,6813,6111
1796
6113,5729,1797,6567,3120,5597
1798
1801
8658,1805
6122,3611,1806
1807
1816
1821
1830
7472,1838
1840
1849
2692,3190,5368,7355,4860,1854
1857
3842,1860,3909
1865
7812,5031,1868,3037,6903,6584,7773
3528,1869,4399
4113,1874,8823
1878
1882
1889
1891,3172,4295,5610,7984
7192,1893
1898
1900
1905
4249,7941,5256,7691,8204,3280,1911,5336,5753,4125,8383
1923
1928
3105,1936,3185,2738,4216
1937
1940
1941
1944,2786
1946
2532,7120,2705,8604,3325,1950
1957
6144,4293,2822,5415,1960
1967
3048,8035,1972
1973
1986
1991
4227,1998,3761,8882,4657
2000
2002
2007
2008
2012
2014
2023
2027
2031
2034,3103
2038
2043
4930,6759,4365,8276,2046,7743
4560,5121,2051
8548,2052,7237,5445,8525,3710
2056,8460
2071
2897,2074,6654
7375,7537,7130,6363,6140,2078
2080
2089
8763,3892,2094,8958
2096
2102
4418,8645,2894,3540,4857,2110
6440,2111
2125
4802,7274,8652,2135,6362
2137,3846
2140
2145
2147
2149
2153
7336,2156
5393,8202,5707,2167
8352,2177,3619,5702,5609,6706,5527
2180
2184
8302,2194,3285,8026,8094
2196
2199
2203
2977,6773,2206
5068,2212
2216
2219
2222
4828,2429,2350,2229
2242
2247
3176,2252,2254
2256
2258
2262
2274,8019,6302
2276
7862,2279
2284
2286
2290
2294,5023
2299
2303
2307
3097,2309
2313
2323,2813
2324,2326
2334
5856,2689,2338,6049,5575,5516,5854,6103,8088,7513,3290,7102
2339
2340
2344,6963,6627
2347
2351
2352
2355
2359
2762,3853,8602,2362,2460
5136,8322,2363,3564
2367
3538,2375
2378
6242,8708,4968,4969,8009,7340,4972,4332,2381,7856,7125,5305
2390
2399
2402
2404
4192,6020,8711,2407,4632
2409,7722,5099
2412
2418,3131
2425
5606,8584,4617,7114,8146,2485,4949,6648,5147,2431
2434
2437
2438
6073,2444,2583
2445
2744,2449
2457,6548
2465,3597
2469
2996,2471
2478
4837,2495
2500
6109,8381,2693,2503
2505
2510
2517
3305,2518,7677,7918
8537,2523,3838
3403,2524
2525
2528
2530
2535
2537
2539
2541
2543
8485,6983,7431,2547,3352
2555
2557,4902
2558
2563
2568,5249,3722
2571
2573
2575
2578
2580
2589
2591
2595
2600,4967
2602,2603
2604,8286
2606
2608
2610
2614
2617
2619
2624,7427,7043,3174,8681,4537
2631
7754,2635,4724,5495,8987,5372
6588,2639
2642,4326
2655
2659
2661
2664
2667
2971,2669,2670
2674
2675
2680
2688
2691
2696,6730,8487
3816,2699
2702
2704
2708
2711
2714
2715
2716
2722,7979,6526
5760,8777,3298,2727
2728
2732
2733
2745
2761,4652
2765
4716,2767,3600,7929,6046,3263
2769,6443,4788
2775
2789
2796
2799
5297,2803
2806
4516,3724,4623,8848,2809
2816
2818
2820
2829
2830
8737,4104,5098,8746,4495,2831,5330,4501,3897,4952,4089
2834
2837
2845
2848
2850
6951,2855,8877,5518,6800
2856
2858
7848,2860,6606,3503,5552,3225,5052
2864
5497,2866,2980
2867
2870
2875,3188,8534
5890,8557,2877
2878
6060,2879
2883
2889
2891
2893
2895
2906
2909
2911
2916
2924
2929
2932
7875,6795,4175,8210,3475,4473,2941
5621,2949
5539,4756,2950
2956
2959
2964,7653
2972
2976
2983
2989
2997
3001
8710,7239,7535,6196,3162,5051,3004
3011,7939,3850,7249,4022
3013
3016
3018
3035
3038
3039
3042
3045
3054
3057
3059
5840,3064,8595,8104
3065
3068,8222
3069
3077
3088
3091
3093
6161,4938,3095
3099
7458,6724,3111,4903,6222,7694,8726,8028,4701,6716
3112
3115
3117
3132
3138
3139
3143
3144
3145
3146
3148
3153
3160
3164
4512,3910,7952,6587,3165
3166
3169
3171
3175
3179
3193
7858,3196,8343
3201
3202
3208
7113,3212
3215
4624,6002,3483,3216
3217,4415
3218
3219
3223
3226,3294
3229
3234
3242
8997,5062,7016,5545,4041,4685,3245,4369,7091,5909,4991
3247
3248
3253
3254
3259
3261
3264
3266
3272,8906,8756
3277
3282
3286
3288
3296
3299
3302
3306
3308
3317
3319
3321
3322
3331
3337
3338
3339
3340
3346
3348
3356
3360
3367
3369
3370,7591
3374,8694
3375
3377,4939
3378
3379
5696,3384,6291,8894
3385
3388
3395
5504,3398,7816,8052,7710
3415
3418
3419
3423
3427
3430
3433
3436
3438
3448
3449,8725
3450,4483
5561,3460
3462
8515,3468,8382,7183
3470
7464,3477,4478
3480
3484
3487
3489
3491
6539,3495
3507
3509
3510
3511
3518
3519
3520
3530
3533
7379,5053,7510,3535
3536
3539
3541
3542
3548
3550
3552
3553
3554
3557
3568,7673
3570
4561,3573,4438,8895
3582
3586
3589
3592
4034,3603
4609,8456,6126,3667,3604,5018
3609
3616
3621
6441,3623
3626
3628
7581,3630
3632
3635
3641
3647
3649
3650
3651
3657
3659
3673
3682
3955,3686
3689
3692
3694
3695
6600,3696
3698
3704,7905
3706
3715
3716
3718
3738
3740
3755,8503
3756
3763
7490,7655,7371,6004,3765
3768,4074,8469,8262
3775
3780
3785
3792
3793
3795
3798
3803
3812
4456,6481,7756,3814
3818
6208,5346,5766,7753,7147,3821,5358,3991,4984,8213,5559,7384,5434,7263
3826
3827
4504,3828
3831
3834
3840
3843
7713,3857
3864
3865
3871
3872
3881
8452,4138,3884,5964,5936,7761,4401
6844,6536,8124,3886,4508,3935
3894
3896
3904
3911
3913
3916
3917
6936,7826,3920
3923,6477,7357
3925
3927
3936
3939
3944
3947
3952
3953
3958
3964
3970
8769,3971,4079,5524,7413,7157
3973
3974
8971,3979,5917
4691,3982
3984
3989
3992
8992,3997,7366
4000,6286,6544,8306,7314,7707
4011
4014
4016,5506,8347,6188
4019
5537,7462,6472,4020,8185
4023
4027
4030
4036
4037
5223,4040,8106,4814,7989
4042
4044
4046
5784,5489,7890,4052
4961,6074,7868,4054
5792,4058
4060
4067
7893,4070
4081
4082
4141,8143,7632,4084,6007,4191
4818,4085
4091
4092
4094
4097
4099
8626,4101
6764,4108,7806
4111
4112
5881,4114,6283
4115
4117
4118
4127
4129
4134
6711,4135
4137,6259
4143
7473,4340,4145
4146
4148
4153
4157
4160
4163
4165
4167
4169
4170
4172
4173
4177
4181
6978,8585,8115,8755,4182,7738,4700
4183
4187
4193
4195
7084,4198
4213
4219
4221
4222
4223
4224
4225
4230
4234
4236
4243
4246
4251
4253
4257
4259,5350
4528,4262
4264
4267
4271
4273
4275
4277
4279
4287
4290
4292
4298,8723
4299
8775,7695,4303,7570,5114
4307,5587
4310
8314,4311
4312,7597
4316
4324
4327
4329
4331
4333
4335
4338
4673,6151,7372,8913,8918,4344
4346
4348
4352
8001,4658,4359,7322
4360
4367
4376
5512,4377
4381
4382
4383
4384
4386
4388
4392,8601,7054
8154,4395
4396
4407
4410
7824,5441,4413
5498,4414
4416
4421,4752,5680,6170,6911
4424
4427
4428
4434
4436
4439
4440
4444
4445
4448,6912,5716,7373
4459
4463
4464,6191
4466
4472
4474
4705,4482,7733,8311
4485
4488,7410
4492
4497
4498
4499
4500
4505
4506
4510
4517
4520
4529
4534
4542
4548
4552
4553
4563
4565
4569
4570
4575
4579
4581
4588
7073,6830,4604,4596,5397,4790,5815,6236
4597
4600
7465,6258,4607
4610
4616
4625
4627
8956,8581,4631
4635
8164,5990,8268,8277,7126,4636
4637
5002,4639
4645
4648,6211
4653
4656
4661
4663
4670
4674
4676
4682,5404,7303
4693
4696
4698
4703
4704,6785,6118,5804,5848
4706
4708
5960,7852,4709
4710
4713,5265
7265,4717
4718
4720
5377,6562,5375,6919,6032,4722,4763,7517,7295
7545,7531,5550,6809,4729
4732
4741
4742
4744
4747,7075
4758
4764
4766
4770
4772
4776
4777
4783
4786
4791
4797
4800
4809
4812
4813
4824
4831
4834
4836
6344,4844
5509,4846,6295
4849
4851
7936,6723,8101,4855,5082
4861
4864
4866
4867
4872
4873
4877
4878
4880
8128,7841,8066,8617,9005,4889,7293
4893
4896
4898
4904,6990
4905
4915
4921
4922
4925
4926
4927
4932
4936,8839
8842,4947,8998
4954
5122,4956
7218,4958
4970,5571,6213,5438
4976,5299
4979
4980
4982
4983
4986
4989
5627,4990
4992
4994
4999
5005
5011
5016,7530
8899,5070,8368,6323,8660,5020
5022
5024
5026
5030
5032,8036,8772,5839
5034
5040
5046,7055
5047
5055
5057
5060
5063
5066
5072
5074
5075
5078
5091,8462
5097
5100
5101
5102
5103
5107
5115
5117
5119
5125
5130
5131
5132
6057,6851,5135
5142
5155
5466,5156,8166,7063
5159
5171
5174
5181
5185
5186,5899,7476
5188
5191
5198
5204
5215
8928,5216,8151
5217
5221
5232
5238
5239
5241,6068
7633,5245
5246
5257
5258
5260
5263
5264
7095,5267,8046,7039
5269
5270
5271
5273
5275,5886
5276
5280
5282
6728,5286
5287
5289
5292,6124,7493
5293
5303
5308
5313
5321
5322
5323
5328
5335
5342
5344
5347
5352,6322
5353
5355
5356
5364
5365
5381
5382
5385,8874,6011,8751
5386
5387
5391
5392
5395
5406
5407
5408
5410
5417
5426
5428
5429
5432,6289
5436
8321,5437
5785,8650,5439
5443
5449,8290
5452
5454
5455
5457
5460
5464
5470
5471
5474
5476
5477
5478
5480,6712
5482,7765
5484
5486
5487
5493
8283,5502
5507
5508
5521
5529
5530
5535
5536
5541
5546
5549
5554
5562
5563
5566
5577,7164
5580
5582
5583
5584
5588
5592,8702
5593,7553
5594
5595
5605
5612
5613
5616
5619
5624
5633
5637
5638
5640
5646
6179,5647,7565,7319
5649
5650
5654
5658
5660
5665
8841,5667,6563
5668
5671
5672,6355,6347
5673
5675
5683
5685
5686
5688
5690
5693
5694
5698
5704
5705
5710
5713
5715
5718
7404,7790,5719
5720
5722
5725
5731
6328,5736,6558
5739
5740,8564
8429,5748,6231,7834,8796
5750
5754
5759
5764
5768
5770
5773
7901,5775
5776
7706,7628,5781
5786
8165,6729,6062,7899,7805,5790
5794
5797
5799
5802
5805
5809
5810
5817,8325
8081,5819
5820
8713,5823
5825
5827
5831
8824,5834,8098
5841
5845
5852
5855
5859
5864
5865
5867,5957
5868,8244
5873
5879
5883
6018,5892,6855,8722,7318
5894
5897
5898
5901,7397
5905
7209,6828,5906,6998,7350
5907,6661
8163,5911
5913
5915
5922
5925
5928,7213
5932
5938
5946,7150
5950
5954
5956
5959
5961
5965
5967
5968,6044,8287
5970
5973
5978
5984
5989
5991
5993
5994
5995,6524
5996
5998
6012
6014
6019
6021
8195,6022
6024
6026
6029
6034
6038
6039
6040
6043
6045
6047
6048
6403,6051,7967
6053
6626,6531,6061
6064
6065
6070
6075
6077
6079
6080
6081
6084,6391
6085
6088
6093
6100
6105
7762,6715,6107
6114
6119,6791
6128
6129
6130
6131
6141
6142
6149
6152
6153
6154
6157
6160
6162,8223
6163
6165
6166
6168
6169
8976,6172
6672,6174
6176
6184
6187
6190
6200
6205
6206
6215
6216
6217
6221
6224
6225
6228
6232
6233
6237
6238
6243
6245
6248,6941
6249
6250,6629
6251
6252
6254
6260
6262
6267
6270
6274
6278
6279
6280
6281
6282
6290,8084
6292
6293
6296
6298
6303
6310
6311
6313
6316
6319
6324
6325
6326
6330
6334
6340
6341
6346
6349
6351
6352
6354
6356
6359
6367
6369
6372
6375
6376
6379
6385
6396
6398
6399
6405
6406
6407
6409
6411
6416
6418
6421
6423
6424
6426
7769,6428
6431
6432
6434,6917
6437
6445,8671
6446
6447
6450
6452
6454
8033,6458
6461
6462
6464
6465
6840,6466
6467
6483
6486
6490,7042
6496
6497
6498
6503
6507
6508
6511
6913,6514,6701,7831
6776,6515
6516
6518
6522
6528
6533
6535
6538
6542
6545
6551
6556
6561
7331,6566
6568,8205
6574
8227,7892,6575
6577
6578,6676
6579
6589
6592
6594
6597
6599
6603
6604
6607
6610
6612
6614
6617
6621
6623
6633
6635
6636
6639
6641
6642
6643
6647
6649
6650,6860,7511,8215
6653
7992,6658
6664
6667
6668
6674
6680,7133
6681
6682
6683
6691
6692
6695
6698
6699
6702
6704
6708
6709
6710
6713
6720
6721
6731
6732
7488,6733
6735
6736
6744
6747
6749
6750
6752
6757
6760
6761
8362,6765
6767
6769
6771
6772
6774
6777
6780
6782
6786
6788
6790
6793
6796
6798
6803
6808
6811
6815
6817
6818
6821
6826
6827
6831
6833
6836
6837
6839
6841
6848
6850
6852
6853
6859
6862
6872
6873
6874
6876
6882
6885
6887
6893
6894
6896
6899
6904
6905
6906
6923
7217,6930
6934
6944
8648,6947
6948
6953,7602,8372
6955
6961
6965
6967
6970
6973
6976
6979
6982
6984
6985
6986
6992
6994
6997
7001
7002
7006
7009
7010
7013
7014
7017
8120,7475,7020
7023
7026
7889,7029
7031
7032
7037
7040
7044
7046
7047
7057
7061
7065
7067
7076
7080
7081,7993
7082
7123,7430,7087
7088
7090
7092
7093
7097
7098
7100
7104
7107
7108
7111
7116
7117
7122
7124
7128
7134
7136
7138,8679
7139
7140
7142
7143
7145
7151
7152
7154
7159
7162
7168
7171
7175
7177,7930
7181
7186
7187
7190
7191
7193
7195
7197
7198
7201
7203
7205
7206
7207
7210
7211
7220
7223
7226
7229
7231
7232
7236
7240
7241
7246
7247
7251
7255
7258
7259
7268
7269
7273
7276
7280
7281
7282
7283
7285
7289
7292
7294
7296
7300
7307
7309
8258,7315
7323
7326
7328
7330
7925,7333
7341
7344
7348
7351
7358
7360
7362
7367
7369,8191
7370
7376
7377
7378
7380
7382
7383
7386
7388
7390
7391
7395
7396
7400
7414
7415
7418
7419
7422
7425
7428
7433
7434
7437
7441
7447
7450
7451
7454
7469
7477
7478
7479
7480
7481
7482
7483
7485
7487
7492
8771,7494
7495
7496
7497,8924
7499
7500
7502
7504
7507
7509
7518
7519
7521
8307,7525,7542
7526
7528
7529
7536
7540
7541
7546
7548
7549
7551
7552
7555
7556
7561
7566
7568,8502
7569
7572
7579
7580
7593
7596
7599
7604
7608
7609
7612
7614
7620
7622,8335
7623
7626
7629
7638
7641
7642
7643
7644
7646
7652
7659
7664
7666
7667,8703
7668
7669
7671
7672,8178
7674
7675
7682
7699
7704
7715
7718
7719
7720
7724
7727
7728
7731
7732
7734
7736
7737,9006
7739
7740
7745
7747
8338,7748
7749
7750
7757
7764
7766
7767
7770
7772
7774
7776
7777
7779
7781
7782
7783
7784
7789
7793,8078,8774
7794
7801
7802
7803
7804
7807
7815
7817
7818
7819
7822
7832
7833
7835
7836
7840
7842
7845
7846
7849
7850
7854
7864
7865
7869
7871
7872
7881
8922,7883
7891
7894
7906
7910
7913
7915
7916
7923
7924
7927
7931
7932
7933
7935
7942
7944
7946
7947
7948
7949
7950
8781,7951
7954
7958
7962
7965
7969
7971
7975
7982
7986
7987
7988
7991
7994
7996
8003
8007
8008
8012
8015
8017
8022
8024
8030
8034
8037
8039
8041
8043
8642,8045
8047
8048
8051
8054
8057
8061
8062
8064
8067
8068
8070
8075
8076
8077
8085
8087
8092
8095
8099
8103
8105
8109
8111
8112
8116
8117
8118
8123
8127
8129
8130
8132
8134
8137
8144
8148
8150
8152
8153
8156
8180
8181
8182
8183
8188
8190
8192
8194
8203
8207
8212
8214
8217
8220
8224
8230
8461,8231
8232
8234
8236
8238
8240
8242
8243
8247
8251
8252
8254
8255
8937,8260
8263
8264
8270
8271
8279
8280
8282
8288
8291
8292
8296
8300
8305
8310
8312
8316
8323
8324
8327
8334
8339
8340
8342
8348
8351
8355
8356
8357
8360
8364
8365
8366
8369
8370
8371
8374
8376
8380
8385
8386
8399
8400
8401
8404
8405
8407
8409
8411
8413
8417
8426
8431
8432
8434
8435
8437
8438
8439
8446
8449
8451
8454
8465
8466
8868,8938,8468
8472
8476
8479
8483
8486
8489
8492
8494
8495
8499
8505
8508
8512
8516
8519
8520
8521
8523
8527
8530
8532
8539
8541
8542
8543
8549
8550
8552
8555
8556
8561
8563
8569
8570
8572
8579
8580
8582
8588
8591
8592
8593
8598
8599
8603
8605
8606
8607
8609
8614
8615
8618
8622
8623
8628
8629
8631
8634
8636
8637
8638
8640
8643
8651
8656
8661
8663
8667
8668
8672
8674
8677
8678
8683
8685
8690
8692
8695
8697
8698
8700
8701
8704
8706
8709
8712
8714
8716
8717
8720
8724
8727
8728
8730
8733
8735
8739
8741
8743
8745
8748
8749
8750
8753
8754
8758
8759
8760
8761
8762
8764
8765
8767
8768
8770
8773
8776
8778
8779
8780
8784
8786
8787
8788
8790
8791
8792
8798
8799
8800
8801
8802
8803
8804
8805
8806
8807
8808
8809
8810
8820
8821
8829
8830
8836
8843
8844
8846
8847
8849
8850
8851
8852
8853
8854
8855
8857
8861
8862
8865
8866
8871
8872
8879
8884
8885
8887
8888
8889
8893
8896
8898
8901
8902
8908
8909
8910
8917
8920
8923
8926
8927
8929
8930
8931
8933
8940
8941
8943
8945
8946
8947
8948
8950
8953
8959
8963
8966
8968
8969
8972
8973
8974
8975
8979
8981
8982
8983
8986
8989
8993
8994
9002
9004
9008
9010
9011
9014
