3776,2773,3801,3898,1215
3010,4394,3005,4945,3933
4393,3662,4531,4086,3454
738,4356,2923,4210,2842
844,846,3577,1373,3007
1025,1767,951,4955,2973
834,2920,2104,2812,927
1504,4514,2823,2385,1853
706,3719,6027,2995,4350
5089,490,4076,4339,2108
483,644,3397,4241,1278
1380,3207,1679,2069,2751
850,372,475,956,3455
3237,1958,1959,2841,3102
2116,743,4523,4890,4318
4707,4103,5519,6677,5626
1543,2218,3565,2221,5878
2087,1834,862,3186,1918
1614,4402,1235,1847,3928
3783,2255,1721,473,1919
4906,1584,5081,6235,2238
1155,740,2372,7592,2679
737,4996,7240,2123,1965,4208,5586,503,507,2780
871,3760,2225,2107,2109
6501,4204,848,1435,477
289,4077,469,2742,7515
873,300,303,5208,5402
5234,3158,4891,2236,1565
4449,6726,1296,241,2354,379,3861,2778,2459,3452
2106,845,857,2490,3355
841,2921,466,3187,2520
2630,4853,953,954,2462
1381,2629,5829,495,5423,2226,117,1686,1687,1374
4737,2917,2919,5481,3987
869,583,424,5008,593,6192,1747,2065,3413,1564
3523,643,3461,6605,6194
1377,4040,1545,3183,3607
2825,3090,6263,3739,2844,3360,3105,2999,9015,1722,955,836,4550,2384,3025,5239,5088,4322,2787,2918,3566,2671,5361,3313,1015
1568,4321,2210,2082,5376,3238,267,3791,1140,1237
3721,4050,4595,2644,853
4869,1674,1676,1681,2067,3222,3227,1052,6436,3383,1852,2371,2118,2251,3788,4942,217,863,97,2793,235,4843,4974,366,1142
640,4515,5420,438,3836
712,2672,305,1689,3516
3072,872,1576,6384,3856,6898,3284,694,2553,2042
8576,2467,3684,2105,7423
3968,8967,2058,4205,5778
7489,3681,5733,649,3561
5856,2338,5854,7102,2654
1665,1671,392,2567,1932,1677,5007,2582,3608,2971,2205,3106,1829,2088,937,946,1587,1588,3131,2235,828,445,8000,704,2756,3141,3142,5703,3402,3023,977,3283,212,2645,1108,852,1240,472,859,2011,1503,1248,355,5095,365,3182,7539,502,5367,510
2316,6548,2683,4284,2461
5986,4805,8294,5049,3678
1952,3671,2731,1811,2967
3713,4451,2603,430,5363
1955,7432,2957,5843,4215
4969,4972,4332,7856,7125
4966,5974,8826,6651,6940
8449,8708,4104,7689,657,4248,3357,5289,7340,6701,8494,3501,8496,7604,2745,5305,6717,3140,8009,8394,1740,2381,1741,5071,4304,3665,1742,2771,3292,7902,3425,6242,4968,4081,7928
5164,6669,6134,2077,1566
524,2965,1814,4475,5532
1186,1827,5415,5096,1694,5790,1781,2328,3420,30
4738,6725,2227,3860,1567
3874,6670,1011,6966,4185
6915,7555,2766,5617,5618
3109,8393,2615,2968,3771
4808,5193,2475,4532,8086
6345,6687,6317,6515,5791
5312,4641,6980,3889,5947
6017,8397,7950,1713,2687
6240,6920,5001,3630,5935
5857,2914,3032,7578,7583
6756,7301,8815,8633,5183
2240,5765,8710,7535,6387,8444,6196,1434,635,3004
4740,2646,1750,7069,222
2053,2373,376,2585,94
2178,5933,4602,8403,1338
7941,3910,4125,6587,3165
8079,6802,6616,4601,2783
1408,7648,7589,970,7059
6307,3753,2129,51,4469
2831,7984,4401,3897,7418
8838,3439,8175,3441,8504
5573,4229,1994,4049,4605
5318,6958,2804,3669,8478
6606,3503,8053,1562,7293
6626,4578,4973,244,1917
3204,3184,5780,374,860
5964,909,7534,7030,8319
3393,5761,2946,1657,1277
5123,4420,5581,6609,7859
8422,7337,1450,2769,7922
7649,98,5129,2602,1548,2188,2962,3127,6871,251
4354,4811,6864,7635,4381
5281,1511,6001,1329,3551
3744,1059,7141,6284,5401
4739,1028,589,2670,2061,5971,948,3896,4317,1887
6180,5830,4397,6098,5151
2208,5891,2436,8363,7126
8419,7663,7634,7573,1535
2660,5772,4622,3315,7412
7170,4839,5256,5255,4716
4320,3233,6181,8071,7215,6931,8596,2233,1850,8574
2016,7717,1173,2169,6907
7587,6220,8621,3858,3615
6536,3886,6673,8402,8822
7937,2561,5542,5735,7291
7305,7755,3028,7925,959
2827,3022,1724,2237,1950
4930,5610,7532,4495,5330
2147,4995,3301,5607,7887
5419,1452,5779,5301,4150
8996,9000,4524,3950,2493
4866,4678,3306,3314,7827
8161,4331,7829,7450,7838
2503,1356,6542,3759,6109
3362,3908,6797,5902,4847,4306,5431,5468,4189,7581
6913,7333,7690,5324,1787
3162,7239,175,3450,5051
6208,6634,5358,8213,7263
3808,8388,8554,1516,1685
6049,8268,2647,3290,4636
7523,6665,8141,5111,1117
1925,2120,4139,1466,1118
6496,1868,6903,6584,3037
8226,4806,6031,1495,7448
512,6786,5892,3977,7563,1294,271,3728,273,5137,788,4379,3100,1693,1438,929,34,2978,4006,295,5548,8758,4665,4539,2885,1223,3279,2523,1755,2782,2272,5601,4453,491,1772,2421,504,5755,4606,895
4196,5642,5398,1146,2363
8107,8396,7089,6139,5214
1701,7558,619,5742,7956
2626,2499,2554,4826,958
320,810,812,3411,8821
5284,4780,2767,7929,6046
5013,4022,3224,7033,3578
4326,2444,2583,6073,5980
4911,8912,3666,7420,4543
1250,5648,5366,2488,1786
4704,6880,5804,3535,5848
3688,8297,7338,5116,6878
8897,3371,7051,1078,3702
8354,1797,8,8207,5168,8818,1461,6615,2457,3935
3456,1216,3075,292,2757,1019,441,1964,591,2735,5653,247,1688,7577,443
7266,7878,8590,7087,7897
3782,7530,1935,2811,829
7243,7150,1147,4828,1469
4192,2407,6032,7517,7295
1376,6972,2223,7216,7260
5639,7688,8167,8367,8977
7837,6926,6135,7096,8573
1699,6120,8457,4788,7870
3459,6727,4630,2814,7999
2342,6570,1774,2454,7322
4871,4680,4817,2039,6394
4609,8456,6126,3190,5018
2161,6520,5849,8794,5756
4867,7973,3594,3888,7703
4000,5156,8325,6514,7831
3172,3303,3464,3824,7411
4357,1191,6827,8016,3026
1219,7784,237,4623,7122
6401,8164,804,4425,2559
5700,3816,7179,6091,1332
4512,3174,8204,1911,1944
5482,8688,8789,5655,5372
5249,2083,360,3722,2539
6659,8165,3882,2524,7805
5632,6028,6928,6226,6870
5603,1968,4599,4059,7325
7172,5195,715,6479,144
6144,646,5767,2822,4363,2062,2587,1823,6689,549,1579,4652,814,5424,8121,5310,4545,4935,2248,3021,4814,981,3931,1757,1246,2019,2669,367,6005,4598
1824,4900,4078,1017,734
3521,5793,5292,6290,5884
8390,3239,1422,8318,1727
6278,4976,4504,7289,8255
5257,3178,1833,5101,4593
2694,7693,1198,8078,2294
8544,1664,8392,4688,2512
5673,2314,8332,1459,6487
8932,1606,2794,3154,790
6724,965,4903,6222,6299
7073,6830,4790,5559,4984
6018,5114,262,4748,3468,5516,2318,4368,7570,4499,6549,7318,8088,5275,4767,4643,3108,2724,2344,1586,2996,6968,698,1595,4026,6207,3400,7120,5207,6103,8154,5853,7265,5090,4218,7271,5224,2666,1518,7409,370,1778,8565,5369,1914
6625,4391,8169,6061,6712
231,1801,1929,1524,1022
4448,4418,7373,3540,4857
6953,7602,8372,8441,2558
2177,2320,3281,5522,7231
6766,8755,8115,2292,4700
7458,1414,3111,7694,8028
8352,3619,1640,5132,4852
6338,3528,1869,4399,308
7875,1221,4175,8752,8210
3567,8911,6102,5435,6620
5441,7824,7890,5784,8639
6117,8143,7632,6007,4191
6113,6845,7406,6003,5597
3531,2828,4213,1784,2905
3011,7364,7205,3883,7446
802,7947,3185,214,1818
5730,4875,532,1144,5148
6274,6275,8011,5745,6685
3842,2052,3909,1067,817
5034,1262,5403,6366,6335
7016,5321,4685,4369,5909
1353,4522,206,8568,7101
227,3269,874,1933,1934
5696,4868,6291,156,8894
1889,8258,4293,1960,7315
6470,7816,3280,7952,7132
6050,7043,7710,7966,7486
1921,8195,2084,6022,2568,2474,2570,830,5812,4087,6040,5497,4188,1821,2750
3329,7011,3474,8341,7257
6672,5552,8120,6174,4255
4037,426,8974,4249,5437
5920,8904,7531,5550,6809
2502,1227,2699,8084,6326
5313,3493,7885,4654,855
4456,7756,8050,7668,5242
832,2916,1840,6392,3772
5444,1254,6892,7408,4312
3617,1285,8971,3979,5788
4097,8771,6245,5031,4414
1709,8464,4724,5495,2045
2094,7443,3892,7510,8793
5539,5606,8146,2485,7927
8962,5635,750,7733,701
8239,2387,3644,5630,3711
1820,368,8471,7417,732
7079,3976,3593,22,2364
6252,4302,7667,8148,2269
5474,1733,2283,5149,6269
3272,7978,4815,5877,7550
8705,8302,7476,3285,8094
838,3793,6166,4410,4444
4963,1484,5230,1873,6203
4938,6161,7796,7894,8345
3585,2433,4323,5622,7390
4359,5449,5578,3406,4373
7618,5931,2477,6933,7513
5346,3923,3991,5434,7357
7713,7622,3437,3568,4919
1893,5448,6637,7192,990
8736,8711,7758,4632,2623
8198,5325,7024,8916,1526
4965,5135,7507,7955,4285
2692,4708,3436,3992,4860
6178,5513,5866,5163,5009
8585,7177,4939,7853,382
8096,128,4837,3526,7127
6403,8236,4365,2046,7743
6785,8322,7379,4952,5053
6118,6733,7346,1210,8189
7076,6698,8076,3831,2557
7876,912,3448,3545,3710
3365,7274,8174,1558,6365
4070,7303,4682,5708,7893
5825,7464,8908,6286,3477
5766,2696,5911,5815,6236
7809,6658,8038,6895,2710
8202,5707,5393,2167,6682
8384,1314,4520,8232,8717
8824,1134,8918,4344,6877
4618,6544,5557,5466,8891
6795,1205,3574,7607,6490
3810,6276,974,7606,4733
7682,1346,7334,6572,7187
5152,4329,4138,7867,6205
5122,7651,7983,7064,4956
8513,8775,465,7608,6267
454,807,4062,7358,1630
4003,5837,7189,5050,6491
7236,8745,6796,2642,8413
7575,6039,5753,7354,8383
1825,489,5354,3539,509
1476,3876,1348,8875,4529
5442,8649,5450,5706,2508,7821,8142,4431,5037,8330,7471,8083,4819,1493,8159
1991,7598,6325,5886,2111
1989,7277,7696,1202,5490
7072,7168,8179,6772,1945
3530,5297,2803,7866,4763
2722,2546,8338,6680,7133
5155,3337,42,6837,6015
4582,5011,9013,3449,5883
645,3916,2740,4024,7194
5955,7331,8617,2350,8697
1769,5712,6454,4121,8989
515,4617,1805,7759,5147
8389,6823,8424,6640,5628
782,5295,4786,8501,7579
6798,5455,8048,7473,4340
3524,6217,6540,5881,6140
2689,2254,4303,2705,7518
5091,8462,1717,8537,3838
8647,4079,7765,8825,8575
768,3686,6088,4589,7836
8487,5352,2833,7314,3573
7905,7655,7404,8404,3765
6464,4112,3472,6322,1080
8423,4106,5262,7029,1143
5924,902,4616,3639,6456
5061,8553,3214,5775,8535
2883,5288,5229,8499,4122
6563,8841,5680,5748,6231
8452,5158,7407,7218,8149
1152,2786,6788,8548,7470
8099,434,6998,3382,729
2882,7629,8443,5500,3135
4961,6604,3377,4054,6074
6657,7299,3844,1575,7272,6443,5336,7353,2298,5405
5921,7728,1521,6423,7451
5385,8874,8751,8889,6011
2977,1668,5356,7055,3068
5510,2156,184,8347,6941
8259,6820,2471,2762,4395
8036,8772,8166,3884,5839
2340,5223,1513,6224,7989
8194,8581,8243,6035,8026
8448,6308,7752,8842,6381,4913,2482,6805,6137,3421
6887,779,3120,5593,5017
6372,8648,4979,4664,923
8770,4803,8323,6706,8886
8386,5776,8085,8534,2875
1536,6474,8139,4437,8950
6305,2288,6899,4631,8956
4071,3048,3751,496,1776,1682,5907,8500,1972,5841,4343,3934,7993,7452,190
2422,7320,8442,3901,7034
2761,8591,6391,2327,8381
8128,6051,7363,4889,8893
8737,4295,2127,2132,8223
8809,2929,5810,7157,6363
1068,3629,6929,2578,7348
4258,6550,6201,2397,5406
3748,8970,1581,8409,8479
6769,3538,8692,7992,4221
7918,3827,3510,8310,7677
5570,7554,8873,1705,8415
8197,5834,8497,7253,4477
3780,6346,7537,1970,2078
3853,8602,2362,2460,3582
5664,8485,4613,5068,540
2402,6152,2409,7722,5099
8321,6916,4324,5970,2137
7686,7377,6169,3419,6655
1569,6471,7753,6730,5052,3821,9005,7726,7665,2706,4561,5397,5432,4604,7967
5506,5002,7757,6840,4639
7910,8685,1455,3864,8926
675,2664,1357,2959,7123,8725,5941,3164,893,2302
8929,8230,6648,3768,3483
8834,8901,6129,1940,8830
7653,1625,2747,4957,6142
4135,7852,5425,6711,314
6855,7145,3466,6295,5244
8130,7527,5064,2377,8526,4592,1365,150,5339,8126
4480,3489,6409,8716,7958
5120,5960,7477,4182,4698
3971,6539,6574,7413,4893
8679,2924,7695,8306,5715
8677,6695,3054,4846,2941
7841,7171,8579,8652,8781
1088,6947,8262,4074,7095
5377,7042,4464,7774,8446
5191,8054,858,6172,4925
4706,2307,1655,4503,7996
7201,5350,2728,7255,3647
8163,3112,2541,8661,2775
4904,5672,6347,6355,6905
2980,7428,5894,8343,3803
7845,6376,4113,4824,4732
7939,4133,6374,4457,6097,6834,5043,7799,7960,1980
6860,8215,7511,6650,4027
513,6280,5260,4669,4990
3321,5739,6507,8759,6649
7457,8906,3826,7545,4157
5166,6803,6131,7669,2680
8899,1941,7190,6330,5020
6407,8334,1199,6934,4406
6287,4144,8563,7700,3993
7842,8902,6121,398,4506
4741,7431,2547,3352,5820
6085,3947,2125,8883,6068
7936,6723,8101,4137,6259
2339,2897,7542,6654,6911
4958,6739,404,7321,1598
2789,4791,7806,2007,5566
3143,3692,3374,8694,3294
4896,6433,7815,5867,6735
5868,6316,818,8244,4954
4384,5554,1298,3317,3738
4290,7117,3245,5112,5115
6466,4650,1843,983,4348
6534,2992,8595,7221,7167
8035,2276,4999,3018,6713
4421,7525,8307,4376,7391
5729,8356,8519,1706,8153
6497,6292,4181,1596,7772
3427,2889,4141,2135,4223
8804,7492,8884,535,3519
7748,6917,3242,1358,6867
3911,6215,3498,4656,8792
8928,2818,7088,7699,8158
7620,4813,3927,6233,4570
6311,1167,6906,1212,1629
6440,5487,4528,7862,284
6848,1793,4770,3659,8972
1898,3761,2162,6970,2845
5638,8808,5130,6965,7770
8003,5989,2023,1998,8882
8743,8671,6445,2639,7487
7781,8468,6708,8348,4989
5760,3298,2727,8777,5594
2465,3843,7241,7642,5887
6526,5773,6065,7388,8382
7969,5864,1324,6675,3894
8739,3881,6963,8180,7869
6952,5649,6771,1529,2206
6183,3257,1467,5245,6815
8399,6393,8284,3997,1631
6019,8774,2399,311,5535
8933,4713,7600,8881,7889
6692,1384,8523,7819,6764
5736,7400,6800,6558,2591
2469,3756,7736,3099,5308
6731,3473,7891,980,8927
8741,6418,7415,7932,3229
4877,9006,8626,7737,6426
1126,7720,1101,8656,4338
4610,7822,3775,630,2303
8773,6857,5107,5238,7767
4259,5125,2412,3091,6070
8871,8505,8541,7614,5119
8832,4360,8458,6283,5899,3342,4114,2451,916,3731,4501,6425,7459,1331,2868,8245,6328,3642,8510,2495,7616,5062,585,5709,2765,1231,4943,6990,6238,8549,5862,5093,2024,5098,3051,5744,8817,6776,7801,8060
5477,7369,6955,7638,5082
4230,6416,2932,5592,8312
3234,8451,7779,7529,7378
7745,8067,3694,8527,8283
8650,3597,6002,7258,6621
8550,7565,5647,7164,8190
8041,1264,8660,7509,7134
3592,8075,7023,8979,9011
7014,5484,6833,7223,8953
4193,4905,4234,4986,5915
7082,6029,1849,6841,1759
8640,2535,3217,5561,2813
4011,8593,181,7065,3423
6912,2688,3554,2241,5541,7046,8645,2894,7028,5365
1608,7403,7662,1271,7455
547,6486,8539,5819,5022
1120,2216,4718,6588,2589
1003,7789,689,6614,1311
2043,2089,5198,4187,5983
4129,8008,6578,8629,6811
3115,236,6641,3126,6524
4172,5328,3378,7833,8829
6114,5286,7561,1643,8634
3433,5293,6163,6043,4927
2145,5764,2256,5879,2877
274,7987,3542,5529,3261
4257,4198,7479,5913,3518
899,1320,8941,685,8765
736,7169,3209,395,3020,5579,2862,5845,3960,5724
160,6978,6562,868,6919,2830,3825,4722,7288,7738
6752,2532,5998,6190,4177
2438,8683,8271,5713,4703
8417,7280,5267,6260,3253
1160,2286,8913,8370,344
5792,6371,6116,7078,2472,6954,4364,3736,5975,6583,3192,569,7707,4892,8447
8454,7528,1514,5078,2655
4802,7908,4199,7304,4041,2186,8201,7761,2934,6619,2296,1977,6362,6107,5629
4163,5221,1738,7472,7764
2858,8784,8885,1719,7549
6624,7362,8547,4521,280,6585,2074,2491,6396,3129
998,1610,6225,8214,6428
7075,3657,7213,3989,7128
7044,6636,5016,7739,8861
3520,4992,7846,8938,8123
387,5705,5580,7469,2425
5479,8681,8747,4909,8052,5332,8249,5498,7195,2300
6674,5587,8663,2617,2203
5665,6850,8486,5968,7090
5185,1697,3628,8728,8254
2367,7319,8730,6014,479
2624,4674,5675,5521,7006
5408,4970,5995,8720,5438
7040,773,5865,2708,7551
7818,4980,4183,8476,7454
3367,6831,8022,8247,6206
7591,7849,3277,8376,1307
1957,6757,4777,4367,7644
7264,1538,2855,6951,6732,8877,5518,1234,4146,5460
8291,4552,553,2196,7483
99,8483,8360,9014,7646
8836,4014,6994,6324,7193
8674,7626,5323,8847,7093
3169,1473,2386,3286,4407
4377,1646,7441,7769,987
492,8017,4436,3480,3385
3077,6411,6254,8948,5428
7397,5901,5486,7854,5070
7298,1474,6647,6149,5702,3401,5609,4553,4173,653,7540,7061,3254,5527,6265
7297,4327,8587,2128,6067,7892,2229,5946,4701,1662
8776,5364,4694,8760,3641
3939,5859,8618,8435,6709
6462,3586,8780,5142,6398
8992,7433,1170,4696,8030
7681,7553,6148,5957,8934,6631,6567,3081,2604,8205,7021,8813,6930,6004,6813
3132,8943,3319,5688,8156
2437,358,1863,8584,3625,7595,4590,721,8570,1691
3403,7628,4653,8862,5781,4118,6872,7706,7355,7899
962,7269,8238,5616,1882
3264,5344,8552,6600,4844
8866,6948,8314,7803,5471
2351,4273,7154,3160,4287
417,5938,2071,8983,7323
2505,6511,6612,5722,6623
6122,4111,3375,3509,2909
7108,6221,5805,7982,3348
4195,7942,8937,8439,7704
1058,3270,3338,3216,4127
2976,3223,5530,6141,8606
6760,4488,8183,7229,4510
8034,4709,7370,6446,1368
8385,3430,5066,4693,7771
2056,8460,3247,8282,4415
1984,6854,2950,543,5329,8658,1554,7062,5785,2431
8192,6191,2290,8754,8790
3649,3208,2606,1361,6808
3331,8264,1065,8844,3964
1798,8521,1770,3635,8188
5347,6984,1973,8920,8411
5057,7300,7270,8651,6461
864,8001,4483,1795,8133,8653,3727,8592,3123,6773,5046,7895,7032,7709,7839
6561,3470,4335,2002,3001
5505,133,7657,8042,4233,1836,3085,3312,4946,6738,7349,5943,7161,4667,4959
1667,2184,8872,6603,6894
6080,8965,5445,8525,7599,5074,6389,5847,6876,3199
5504,4482,1284,7685,3846,7691,3600,5905,4116,1302,1305,4895,8627,4413,63,3654,8138,4052,3541,3797,5080,3675,5212,1501,5216,4705,8172,5489,8311,8831
3763,4148,1660,7933,4542
8426,8340,8820,8437,6232
612,745,7376,6610,3834
2563,4388,1923,4466,5686
6691,8714,5584,4764,7965
6340,5253,5220,4841,3820,8856,7536,7504,3218,1683,3095,6133,8726,5141,8280
8803,4878,3088,6258,5759
5991,8879,8400,1623,4383
6761,4783,6228,8981,7481
8801,2404,4267,748,5426
4099,3623,4082,1619,4982
6721,2180,8134,6923,8851
678,5457,753,4627,6165
7747,7623,3117,14,8251
2956,2034,8118,6780,254
2530,1796,6119,7057,4625
3145,3958,2008,8698,3550
3872,8994,4676,8495,4607
8224,4663,8077,2711,2879
7360,6859,7832,8857,3871
2080,4034,5605,7367,5395
7490,8231,1612,8461,7790,4017,6130,5299,5719,8252
7521,7210,7572,2326,7835
576,6354,8787,3511,6047
2500,4744,2799,4851,4661
5768,8212,8117,4153,8986
4615,4752,3475,5524,8470,7834,6170,6560,5667,8997,8746,7083,3259,8895,4292,7754,7384,6745,8796,1891,8429,7541,6646,7674,4991
8144,8723,7092,3219,8724
8802,7113,5898,7147,7084,5644,6602,529,6162,7063,7544,3225,7162,5215,7903
6852,8805,165,8374,4253
5699,5893,4747,5869,7183,8722,8914,1874,6262,6045
3171,6629,4818,4085,8922
7136,5322,6653,2014,8543
2661,1550,5391,9010,7383
8609,8047,5588,2806,6782
4548,7309,7986,6356,7037
2273,8098,5476,4647,7311,7220,4886,6744,8987,5246
2693,2949,7050,6676,6551,5273,1436,7203,5802,2219,8106,6062,3122,1716,697,7100,8768,6465,1860,6084,6729,4170,4691,2262,5087,5217,3553,6249,4720,4978,5621,7159,5368,7802,7675
5640,3724,8848,4754,4124,7840,7858,3395,7107,3673,4572,6498,7782,2922,6635,6251,8305,6385,3196,6399
8324,2571,5263,8601,4251,6176,1443,932,1831,5553,6452,6198,1339,2754,1604,5575,8265,6858,2891,5453,5972,6741,8155,2525,3042,3942,2278,2537,4461,2158,1399,8056,1405,8702,8191
8561,7283,4823,1370,2878
1601,2691,1317,3175,4474
6535,4873,8945,4243,8057
7328,8810,2674,6836,3166
484,3818,4463,5171,4346
135,4009,1225,8905,3850,7566,7633,7762,5817,5404
7247,8240,5967,8637,670
8833,4225,7427,5507,1542,3335,265,7052,7053,3982,7439,5264,5117,2834,4371,2324,3604,1427,3734,8474,2715,6309,8105,938,7467,3504,4537,2873,4283,1089,8002,3398,4809,842,8267,4684,8655,978,3667,6100,3798,7512,218,6237,8931,363,2418,3955,5236,3581
2723,6053,8327,7976,2856,4108,4689,4023,1592,6874
1635,8709,7732,6839,4797
8150,5270,6681,2714,5407
3491,5809,8051,5429,6298
3013,5831,4299,7151,2359
8289,8706,2051,3460,7273,8713,8555,8557,6768,4560,8564,8508,5627,2940,5823
7425,5794,4645,7850,2608
1888,4902,6310,2758,297,397,1105,2738,2355,695,408,1050,1115,6556,3415
1986,8588,8622,5619,4921
6093,6351,5103,7026,7351
8704,3978,8217,3358,2463,6048,5545,2090,3890,3637,2173,6716,1341,5186,2635,8659,1498,4089,7901,3814,5480,4729,5241,2429,1150
2445,1394,2837,5271,7548
258,1030,4396,7001,6431
7175,2122,7502,4534,6750
8129,3557,3878,519,3050,8973,3917,5906,3795,5502
6944,452,2309,6633,7946,8303,8178,4084,4855,8958
3589,8966,6250,1387,4316
4224,1418,8366,5583,7671
7047,7817,7913,942,8342
7232,2274,6531,6279,4648,7593,6826,8104,6765,8976,7923,8222,3064,4505,6302
7330,3202,5417,1900,5075
6024,1037,526,624,4115
5954,3533,3282,7962,4382
7776,7971,5454,8015,795
2820,8453,1157,2190,5134,4508,4282,6842,6077,6983,3016,5065,7371,4429,8286,4967,1391,2164,3704,7673
4579,6447,8339,6516,8220
6437,1130,8109,1429,6367
2983,2378,7948,3148,5464
8865,6982,7526,7500,8719,2964,4117,8667,8604,6591
6853,7659,8432,6967,6589
6790,2279,6793,3305,8492,2895,8368,499,5654,8823
5443,459,5683,791,123
8707,4998,1936,4756,8469,5754,7336,4016,7098,6459,1084,5439,5961,7114,5716,4949,471,1752,3418,4827,7519,2659,7139,6248,8046,1519,4216,1274,7931,8703
2595,8839,5353,5131,6704
3970,6146,6789,5136,6942,1439,7712,7074,4771,1961,5678,1074,3003,8004,3273,8907,5334,3287,5209,4058,7904,7398,5226,7660,4596,1909,7286,4212,632,6390
7813,6662,6663,1286,5265,7058,2194,786,8854,918,7961,5412,8619,3634,6835,58,2366,7488,8257,3778,6468,4551,3656,6089,7249,5458,6481,2901,4438,6244,6500,4473,7786,3564,7917,6638,8827,8309,4726,4341,3832,6901,2550,1531,4478
6597,5040,2258,5047,1053
7777,2850,7143,4434,2038
5030,5097,8369,725,5694
2848,5897,5658,8923,8092
3904,5925,1865,4279,1176
5959,8012,3865,6522,8605
4872,6667,6767,7924,6904
4994,5509,6554,2331,8477,7198,8351,5023,4516,5670,1447,1832,4392,8234,3755,8103,2866,5811,3252,8503,7609,6457,8124,3138,7749,199,6216,2759,6985,7116,8909,7372,8783,1616,8277,6742,4060,5990,6890,8301,8690,3828,3700,2809,2044
0,4165,1830,4262,8520,935,2675,7991,4600,3325
3682,8806,5873,1589,4670
8512,3153,6483,2199,7386
6179,8039,1288,6599,5577,8043,2121,4558,8087,8631
7268,3045,7366,7207,7979,7916,8852,6421,8373,5436
4134,2352,8438,5303,2619
4864,2816,8132,8749,2222
3651,3632,8407,4219,317
8642,2434,6885,4742,6380,7246,4143,9008,5840,4831,2323,7864,8379,8701,6079
5282,1807,8465,3193,7612
3266,8292,1323,1325,7546
6369,2631,3952,4880,7734
5380,7430,8582,6151,7951,8975,8853,3097,6303,5543,5546,7468,4782,1967,7343,4145,6575,4275,8116,2113,7233,8769,8779,8530,1110,6873,4569,7138,8807,8062
4227,4500,3226,6559,8364,7341,7725,7478,6200,2748,3263,3650,7619,5571,6213,5973,599,5478,1642,1649
3840,5121,5637,8070,4497,4246,7081,6313,4525,4658,5060,4298,2252,5582,8290,5993,7019,8940,4591,5880
8800,3201,7009,7719,6639,3603,7414,8287,8542,799
7499,2027,5102,5072,5725
1251,6375,3695,8623,4019
6893,7731,5335,5690,3038
1326,3379,1334,7480,6334
7552,3974,8328,2824,5386,3339,4492,7447,3479,1946,8603,5531,8733,5917,3487,5533,2041,8095,7855,4020,6844,5693,447,1857,7493,6472,3913,4169,1097,2510,6997,4440,3288,5850,8032,4067,7013,6124,8045,2031,5232,6896,8185,4092,8061
4485,3302,3944,2667,3322
4352,8868,3621,7783,7497,5355,5643,8111,3920,8434,8947,3188,1878,1463,6296
6592,7395,8615,6777,7002
2242,7017,2733,3093,6973
3179,7437,5005,2997,5174
2528,4710,4812,3438,2514,3507,5562,4635,8764,4926
993,2989,6319,4439,5276
5026,5731,2149,8357,6341,8489,4588,7276,7344,3248
1154,4772,881,8753,2102
3296,1540,6577,3548,6270
7296,8066,6020,4101,8068,5512,6922,8715,140,2573,2449,8081,4498,6936,5918,3998,6566,3495,2860,5936,7091,2870,3384,7611,7868,68,8903,6349,4046,7375,8915,8276,7130,5978,2012,5473,6759,4459,7020,2293,7031,6008,6012,6909,7294
3936,8930,3369,5932,2829,6862,7281,4657,4307,8472
1734,5710,8112,637,4222
8516,4936,7307,8748,6508,4271,7282,6710,8152,7641
6273,8963,6021,6405,6281,2953,4624,3984,8466,7191,3611,2972,7580,6818,294,7474,4277,2614,825,5563,7485,4416,6976,5956,1093,4167,3536,7382,6359,6747,5855,5994,3180,622,1905,3705,762,8316,894,7039
7424,3716,5387,7054,8335,3857,1403,5139,920,1184,8998,2600,3370,5807,4915,2612,8502,4795,7871,6211,6851,3785,4427,6607,1233,1490,8019,8532,4565,5718,6105,2265,8798,5612,7793,7794,3698,1525,4091,380
4836,3973,3718,7496,1163,8365,4333,8695,3065,2140
5922,6026,332,2704,7422
1730,5668,7140,4861,9002,6187,2284,6642,5204,3069
4160,6441,8300,108,4044,6352,81,6545,8599,8024
6432,8037,7434,6538,940,6157,876,6986,7152,1194,6450,6038,572,4094,8959
5890,5382,2313,5650,8855,6424,5660,7197,8993,4517,5671,6060,8750,5950,8896,5698,8260,7251,5720,7010,7915,5740,6379,7930,7807
6528,5381,8846,8850,1042,3616,6568,2347,7724,1076,7104,8643,2247,1229,6992,4563,8788,8405,2518,1242
7812,8580,6406,6664,6668,4236,1038,3215,6160,3346,1300,8598,8727,1816,6167,2588,1692,4386,1571,2732,6702,2864,4922,1854,8127,6720,195,7237,7494,3146,2124,4428,8401,5202,8151,4311,88,7773,350,3041,8296,5100,3308,8559,1007,7919,7285,6518,761,2299
3715,3212,8849,6289,7826,4245,3356,412,4766,8735,1696,6946,8355,8227,5032,6057,7848,7597,559,8880,2867,8756,7475,1718,7350,2744,7865,6458,6715,8763,8511,325,4424,6728,7882,1481,6477,7636,7508,8791,8924,5342,8033,6627,7652,8556,2927,3443,7672,5375
4800,1122,7556,2153,556,5549,1838,5392,8946,4472
6791,8969,7949,1172,5269,2580,1188,5797,8614,7080,2610,8371,8887,8888,7226,8380,3388,7750,8263,5704,8672,6503,1256,7664,4849
4758,8982,3740,4637,7465,7211,7596,7994,8636,5181,7111,3144,6344,7883,5965,8910,5595,4834,3299,7142,5996,3059,4597,7804,7935
6153,8843,5646,2716,6821,7206,6184,8362,1072,8242,8628,5827,4036,2375,8778,4310,604,6749,1762,6243,8678,6128,3057,6643,4983,888,3706,7419,8572,763
1411,6661,6533,8712,6154,8203,5770,7568,7312,400,7326,7071,5537,7715,37,7590,5928,5677,6323,8638,5055,4030,6467,5188,709,4932,5447,8137,1487,5459,4947,8917,2517,7380,7259,5852,2911,3552,7393,6882,8551,3176,5613,3696,5493,8440,8569,3708,1789,1791
8064,5633,2048,5508,3462,5128,1040,4760,668,8607,5024,6434,7718,5799,4264,7209,6699,6828,9004,4403,7988,565,5685,7097,8761,6075,8762,7740,4673,6594,8515,74,4042,4556,7124,8278,8279,3035,4445,8799,4581,4585,4717,8431,3953,7410,1266,8049,6774,8700
1281,7944,1928,3340,7181,1806,2702,2575,7569,6034,7186,6168,3609,1561,5786,6044,3484,5410,5159,4776,6188,2478,2096,6961,7482,2110,6081,8007,7881,8270,2000,1744,8786,7766,2390,6617,1885,3039,5984,8288,7906,7396,3812,1136,3570,243,8181,5750,2555,7292
8968,5258,6282,1937,7954,6293,7067,6683,2334,3103,5280,2212,1061,7462,7975,169,3626,7727,6064,7217,6579,7872,8898,3139,6979,5063,7495,4039,5452,2893,3663,6736,3792,595,3925,2906,7643,8668,5470,4575,6111,1506,3689,2796,2543,7666,1653,8182,5624,2943
5536,6817,4898,5287,8767
