0,1536,7682,3077,519,5128,8716,7183,7696,5137,8722,5650,7189,5654,6677,7704,7194,4636,7201,8226,4643,7715,6695,2603,4654,6709,8251,6207,3647,3138,8259,5188,7749,583,6216,5705,4169,1097,8780,8268,5191,8271,5713,3669,5718,2647,7255,8277,8798,97,7265,4707,7268,7271,5224,4204,4717,6254,7277,5232,6262,8312,4218,6267,5755,5244,2687,2689,3713,4230,3719,5770,4748,5773,2188,3728,7827,7318,5275,3229,7326,8351,2724,6820,7334,5799,2728,4264,3242,8357,8360,8363,7344,1713,6325,1718,7865,8382,1215,3776,4806,5831,1223,6855,5318,3788,7885,3277,8397,3795,2773,3801,729,1755,3290,5854,5856,5857,6882,1772,4335,7409,2804,8948,2806,7415,5369,5886,4350,7424,6401,5891,5892,5893,1288,6409,5387,8973,7950,4368,6421,7958,8983,280,7448,6933,8478,804,2344,4395,7469,6958,7991,6968,7481,3898,4925,8513,1346,8515,2885,8520,4425,1490,4427,3917,8532,3413,7513,6491,2914,7013,6501,8039,5990,4453,6507,8043,7023,2932,8565,1399,8056,2425,1914,2941,4989,895,6017,6018,2436,3974,2438,3466,7563,5516,6027,4492,5519,6031,6549,8088,6554,7578,2973,1438,7583,6049,3489,4003,8099,6053,3493,8103,424,4521,8618,2471,5548,6572,430,7598,4017,5554,434,2995,4024,7608,5050,6075,7102,447,3010,7618,1989,5575,1991,6599,7116,5580,2510,465,2002,4563,4050,4565,7126,6103,7128,3032,8154,8667,7649,5090,8164,4581,8677,3557,8683,5612,3054,4593,4595,8180,5626,6142,2559
8,5046,4215
7681,7553,6148,4741,8328,7433,2699,14,1937,6930,8084,5017,6813,5793,7720,5292,7217,6326,4282,5693,3521,7493,5065,1227,3792,8656,3925,5593,8030,8934,1126,3816,6124,7406,6003,2164,5884
4892,3593,7338,1740,6638,6162,1970,2868,22,6646,2364,2783
1248,1186,1827,292,2567,5095,5096,1694,1246,1781,2328,3420,1757,30,1823
8032,1824,34,387,4900,37,295,4078,2293,1017,1693,734
8832,7616,3459,5155,8549,6727,3337,42,5744,6837,4630,3642,2814,7999
6657,7170,7685,6152,7691,8204,8720,6163,4116,4125,8747,51,8768,3141,3654,2129,3675,5212,6237,619,5742,5236,5753,8831,8321,7299,5256,4234,8334,4249,6307,1699,1701,5284,3753,1199,4788,7353,7354,8383,2766,3280,2769,3797,5336,2786,8931,4324,7919,7922,761,2298,2300,6915,3844,7941,6916,3335,8457,4363,8974,7956,1302,6934,5915,5405,2845,7966,6443,7470,4406,2873,6970,5437,7486,4927,8002,6470,5970,7512,350,3433,1898,3955,4469,1911,3448,4482,7558,912,7575,1944,6039,6043,6050,426,4037,8655,3545,7132,1501,5617,5618
5632,2561,8194,6146,4618,7690,4112,1558,5655,8214,8223,7712,6178,5156,7205,4133,5158,4138,5163,6701,8239,7218,8243,7220,6712,1080,58,6715,3644,6717,3656,4680,1610,8779,6220,5709,2127,2128,6225,6226,3666,6738,7765,8789,4181,6739,8280,5209,4704,6244,4199,3688,4713,8809,8297,4726,7799,8825,2173,1662,3711,7297,133,7304,4233,1160,8849,1683,7829,7831,3224,8348,7838,5792,6305,7333,6823,5289,1709,6833,7349,2229,2745,7867,8891,3780,7364,6346,5324,1741,1742,8912,4817,2771,6870,3292,6365,7902,6878,7398,4327,8424,7917,7407,3824,3312,7411,6899,6901,7928,6394,1787,8956,8447,7937,6913,8449,4871,5899,6928,8464,7446,7960,7450,5918,6944,3365,7464,3883,1836,5936,3890,7476,5943,6468,8004,1348,1353,4946,4437,5975,344,5466,4958,3425,3942,5480,7528,5482,4457,7532,2927,7024,2929,6514,2934,8568,6012,8575,5505,8581,3976,5513,3464,7051,7566,5009,6035,5013,918,3477,1439,6560,7074,7587,1443,7078,1961,4522,3501,7600,4529,7604,5557,4022,1977,1980,7101,1469,4543,4046,5071,6097,8149,4058,998,6118,2024,1516,8174,8688,6133,2039,7161,5116,8189,5630
5408,8580,782,2162,3734,5080,63
8066,6922,529,4889,3225,1569,7841,6051,7848,8617,2860,7726,3503,5552,3384,5432,8123,5052,8128,7363,68,6730,6606,8053,7544,7293
74,4932,2125,7518
81,6777
88,3635
4737,4869,262,1543,2053,3977,3721,5129,2065,2962,1681,3987,5139,2067,4379,3227,1435,4767,3616,2602,4394,5931,2477,6192,2996,694,951,3127,4026,1852,3005,1724,2754,4942,4945,1747,2644,6871,1495,217,1625,4955,855,477,2654,94,863,4703,98,4451,869,2917,1767,2793,4843,4974,6898,3698,5363,2421,5878,1142,1778,251,1277
99,3305,7918,1042,499,3827,8310,2518,3510,7677
108
1664,7809,6658,1411,8324,8712,2571,5263,150,2710,1686,1687,4251,2462,6176,1831,5423,689,2226,6198,7992,953,954,8126,1727,8130,5699,2629,2630,5064,2377,6858,8392,5453,8526,2512,4688,1365,6741,5339,2525,1374,8544,1381,8038,2278,7527,495,4592,6895,8692,117,4853,4221
2137,123,3846
128,2882,4837,6699,7629,7703,6238
6785,4868,135,5898,7983,6873,7961,5334,6520,5849,8794,6815
5253,3592,140,8856,8345,8736,7846,6953,7978,3498,8756,1596,6340,6215,3272,8906,4815,8784,7894,5220,4841,3820,8050,7668,5877,2296,5242,7549,7550
7172,144,5265,6942,8996,9000,4524,2094,3637,8763,8904,5195,715,6479,8920,7774,8933,6374,7786,3950,8303,8178,1909,1147,8446
5696,1696,7651,1225,6157,7758,2573,2161,7762,156,3257,1467,5756
6020,902,8719,4117,4632,5530,5022,160,5924,5678,6575,8370,3639,6458,4163,6982,5706,8141,8915,1117,8033,7523,2286,3825,5111,3832,6141
8003,5989,165,2023,1998,3761,8882,6674
962,169,7662,1391,6128,1361,4346
8710,7688,8203,7709,8222,7717,6194,3123,6196,2105,7232,7239,7752,4172,7257,3162,6771,2169,8829,8830,640,643,5765,8842,8341,7839,6308,6313,175,8367,2240,8901,7895,2265,5853,5356,6381,1774,6907,3836,8444,7423,8448,3329,4373,2331,8998,2342,5420,4913,3378,5449,3406,4947,7508,864,7011,7535,7032,3450,380,4483,3461,7055,8592,3474,2454,1434,4515,2467,6570,2482,438,5051,3004,3523,8133,8653,6605,7641,2016,8167,6137,4091,3068
181,7439
3843,1925,5510,2953,3597,1554,8466,7062,3609,1818,2465,8230,3367,4014,6831,8247,184,6459,4287,1984,6976,6854,7757,7759,3160,7258,7642,6621,1118,8929,7009,5994,5887
6661,4071,3048,3751,8551,7081,5841,1682,5907,5459,8500,1972,4343,3934,7993,7452,190
195
8195,5640,2570,4124,1568,2082,5668,2084,8234,3577,3662,1616,3673,4188,7782,6251,8305,3187,1140,3196,8343,7840,2210,3238,7858,5812,2750,3269,199,8909,3791,7891,1237,3803,4321,6890,748,3317,6399,5376,7428,5894,267,1821,8477,4393,3395,8519,841,844,846,1373,6498,2921,2922,5497,3454,6533,6022,6040,2980,1447,2474,4531,7609,3007,3519,7107,466,2520,8153,4572,6635,8690,4086,4087,6649
3578,2132,206
1542,3207,1671,392,2823,1679,2069,5653,3607,3608,2582,4890,2841,3102,3106,6309,3237,2087,1958,937,938,4523,2219,1959,2735,948,828,2751,834,2116,2248,3023,212,2645,852,1240,218,859,475,4318,355,1380,743,2920,2669,2670,241,372,3452,510,3455
3105,6691,1030,8714,1936,3185,2738,4216,5584,214,408,4764,7965
222
1921,227,2759,1933,1934,1717
2758,231,1801,1929,7659,5579,1519,1524,7931,2014
1025,1155,1674,2827,1548,1676,5008,3222,7447,2585,1564,1052,929,2338,3108,6436,1576,7592,2218,3760,2225,3382,3383,7351,2107,2109,2237,706,2371,2372,2118,2251,3022,3279,848,593,853,858,6874,3933,740,871,2919,5481,2666,235,3565,366,370,3700,2679,376
1418,3115,236,1579,8591,5424,6641,6610,3126,2327,3896,3834,3931,1692
1219,4516,7784,3724,237,4623,8848,7122,2809
2180,6535,3748,5541,2089,2478,7474,4277,1863,5198,3705,7382,471,7001,4187,1888,7777,7906,358,3180,243,8057,2043,8316,894
6625,4578,6211,6531,6626,4391,4648,8169,6061,4973,8061,7377,244,1525,1917
3099,6689,1571,7203,549,4652,6702,1584,1587,1588,7736,2617,3131,5703,1614,6224,1108,3158,6235,1629,5217,4706,5223,3183,5234,1655,4225,5767,1167,2235,2236,5308,2238,2756,7876,4814,2262,6391,247,6906,2307,8965,1296,2834,3861,8471,4891,4906,2354,4402,7989,1847,7996,1853,6465,2385,850,7006,4449,7539,6005,3964,1932,4503,6551,2971,4514,8106,8121,7100,445,956,4545,6084,4040,977,981,8663,5081,2011,1504,3553,2019,8188,5117
5761,2946,3716,2318,6416,6423,5921,7728,5428,8118,2491,7872,3393,7362,2373,4165,6624,1657,6396,254
4873,258
4356,1545,265,1677,5007,2842,2459,1565,927,1829,1834,2104,5310,8000,3142,6726,3402,978,1235,5074,3283,3928,2778,6876,862,1503,1377,738,2923,3182,2418,3186,4210,502,5367,379,2812,1918
273,4605,271
6081,2626,2499,3625,6252,5562,274,7667,6836,3542,4826,2554,3261,958,8703
3072,2042,872,873,3785,300,4588,303,3856,6384,3284,5207,5208,2553,5402,284,2041
7169,8707,3090,6675,2583,1050,8745,1581,4661,2106,2124,2642,6233,1115,5724,2659,6757,2671,7280,6263,5239,644,3209,4241,8851,3739,1691,5797,3253,2742,695,1721,1722,6841,3783,4812,4813,2255,721,5845,8409,4827,6366,1759,736,8417,4322,2787,7396,4326,5354,1262,3313,5361,4851,1274,1278,6405,2825,8970,5403,2844,3355,8479,3360,289,1825,7969,297,3894,9015,836,3397,5961,845,2384,3415,857,3418,7515,7519,2918,3438,8559,3960,1919,4998,2444,6556,1957,5034,2999,6073,7098,955,2490,1466,7620,2500,8134,3020,3025,3539,469,473,4570,7644,3039,5088,7139,483,489,5100,4077,3566,1015,509,1022
7108,294,4550,3531,2828,3533,7982,6221,6639,1105,3282,7595,3348,4213,3927,1784,2905
3075,712,7577,441,4684,2672,305,1689,443,3516
6338,5603,4647,7946,1968,6067,308,5141,4599,4059,7325
7554,5764,6885,7975,5535,8873,6380,5677,5967,6768,311,8379,8701,8767
4135,2992,5425,6711,314
317
320,3411,4694,935
7939,7689,8715,7573,4631,3876,3884,2350,4656,5810,6834,1078,4157,2493,7488,8897,3011,3140,325,6909,7882,5708,6733,4304,7249,3665,7634,4828,7905,8419,4070,8042,4331,7660,7150,7663,3441,6390,3704,7033,2429,1535
332
2978,2083,360,2539,8117
4705,2503,8872,363,7052,5932,6542,2062,1356,7733,6518,8381,472,6109
3456,2088,365,367,368,7417,2203,5087
3204,646,5847,1067,3021,814,7599,3184,817,4978,1436,5780,6389,374,4720,697,860,3199
3460,8585,7177,7853,6446,3377,8115,8755,7477,7738,6978,4182,4698,4700,7776,6766,2292,7930,2940,382
5057,4579,7270,838,395,8651,397,6447,3984,8339,6516,6461,1885
3586,398,5142,7842,2856,1068,1840,7348,1592,1595,3772,7740,4542,832,7233,709,8523,1229,5965,7771,2916,1384,6121,6769,6392,893,6398
8899,8041,5070,5486,400,8368,6323,8660,5020
2273,8674,5123,4420,965,5542,5735,7291,3051,5581,6609,7859,404,3443,6299,1598
8197,3978,7822,7311,3727,6805,4886,4246,412,8743,8497,2366,3775,4552,7253,4183,6877,5473,8291,5476,1134,6008,4477,5246,1791
417
452,7303,4682,5404,7197
3171,3013,454,807,5258,2956,5613,3148,8850,4062,3286,7358,2943
459
6179,8550,5577,7565,5647,7986,7319,7164,8190,479
484
6786,899,4996,4229,788,4006,685,1965,8758,4539,2108,3132,8765,5950,3319,6341,5573,7240,1994,2123,4049,5586,7380,2780,737,5089,3299,490,491,4076,8941,5996,8943,4339,503,507,4606
492
3708,5730,7019,4875,5148,496,532,1144,5852,2589
512,1320,3663,4208,504,4665,2782
513,3427,8932,3462,1606,4360,8265,2794,3154,6452,790,8155,4223
6273,515,3270,3338,7292
8354,7623,2731,7404,3117,524,2967,6130,5531,2965,1814,2007,3321,4475,5532
526,4383
8855,3850,1646,3634,535,2045
5664,2212,4613,2502,7495,5068,1271,4760,540
7719,2120,4139,2351,5329,1752,543
8640,547,4517,5740,8564,6424
553,7372,6279
556
8068,7813,8838,6663,7305,3085,7058,1685,8086,4248,4766,5281,2475,5037,559,3889,8504,5946,5947,959,5312,5186,8388,6980,4808,5193,7755,5325,8142,7504,8916,3028,4959,7904,3808,7908,1511,5226,8554,8175,3439,6001,8817,7925,1526
8067,4740,8071,6669,6931,8596,7069,1566,6181,3878,5164,7215,1586,565,2233,1850,8129,8527,8783,1750,4320,4461,2158,3694,5238,6134,1403,5502
4357,5911,3736,5149,7454,1191,6954,6827,7093,4407,6583,569,6474,8139,8016,2386,3026,3287,6880,5474,8163,8950,3192,6269,1150
572
576
585,5866,6028,2288,8759
4739,1667,589,2061,4371,5971,4317
8472,3782,1769,7530,842,1688,591,1935,5973,4598,6454,5016,4121,2811
7552,5447,1608,7403,1101,2190,595,7455
2402,5635,8422,6120,7272,7337,1450,7870,750,3504,599,8249,5498,7803,4414,8639
604
612
622
624
8711,8431,4212,630,3223,7288,2623
5024,6139,8903,6602,8107,8396,5644,7089,632,3003,5214,8511
8290,3684,5639,8977,6387,2612,1173,635,3421
637
3552,1242,1298,645
649,6540,6797,6670,4245,6940,7581,5791,3362,3874,7489,6345,4306,5974,5468,4189,3681,5733,4966,3561,8826,6651
7298,6457,653,1967,6511,7540,6647,6265,8062
6242,8708,4968,4969,8009,7340,4972,4332,2381,7856,4081,7954,657,7125,5305
2816,668,9004
670
7430,8590,2959,8975,5011,7192,675,5543,4782,7087,7343,4275,9013,5941,5435,8893,2113,7878,5448,1357,8911,7123,6102,1110,7897,6620,990,7266,1893,4582,6637,3567,5883,1660,2302
678
1795,1157,3081,2314,3979,8972,8846,8335,6287,5134,1170,8852,3989,6550,3479,8728,7320,3993,7700,1697,4770,4258,7976,2600,3628,5807,1202,1459,4919,6201,698,4795,3901,8254,4030,7622,3659,4556,4429,6607,1233,7509,6487,5595,8284,2397,8286,1631,5601,7393,8547,4967,6631,7021,8049,7794,8435,2422,6393,8442
8962,5479,5865,4909,7088,5202,1300,8501,3541,8474,701,8158
704,732,1028,6659,6407,8008,6249,3882,7050,1019,3759,2587,4283,1820,5790
725
1152,6080,8548,7237,5445,6788,2052,745,8525,3710
7296,5152,4329,753,5720,6205
762
763
768,6948,7044,2660,3686,6088,5772,4589,4622,3315,7412,5332,6167,1305,8311
773
6113,5729,1797,6567,779,3120,6290,5597
6464,6662,8487,3303,4561,7314,5043,786,3573,4438,7063,8895
791
4939,795
7300,7949,3793,6166,4444,4410,8380,799
5794,802,7947,2702,3958
6946,8776,810,812,3100,1294,6065,6105,3252,4600,3641,8668
5698,5868,818,8244,6839,8735
825,4590,7143
829
4994,7718,4520,2505,830,2866,3828,4504,5722,7198,6623
4192,8706,6456,868,7652,4616,6665,7064
874,6612,2044,4754
876
881
888
4992,6403,7301,5766,2696,3212,909,6672,6289,4498,6291,2833,8213,3991,1562,3998,7967,5920,4255,6174,7331,6566,9005,7602,6322,8372,5559,8120,8633,5434,7357,5183,6208,3520,5955,4551,6471,7753,7113,6477,3923,2775,7384,7263,7903,8802,5346,6756,5352,6634,7147,7020,3821,5358,7534,8815,7665,7030,4984,2558,8319
6274,6275,4867,3594,2451,916,6685,7973,5166,3888,1331,2495,3135,3526,8011,7636,7127,5745,5500,6015
4965,4558,4689,7955,920,4285
5665,6372,2610,4979,4664,923
932,1832,5257,3178,1833,5101,8700,7871
940
942
1665,2147,4995,3301,5607,1964,7053,7887,946
1408,4354,8330,8587,7821,3342,7059,8854,2968,4381,3109,7589,8875,8619,8621,7471,8496,7346,2615,3129,3771,8510,3911,8393,970,8394,6864,2387,7635,7892,6745,1630,7648,7420
3810,6276,8454,1514,5643,974,8880,3188,8534,7606,5078,2875,4733,2655
5249,2568,3722,6731,3473,6385,4115,980,8569
8695,4650,4333,1843,983
5938,987
993
1376,8384,6972,2889,1003,2223,7216,6614,7260,1311
2909,1007
3968,8198,8967,6920,5001,8458,2058,6284,5902,8083,6425,5401,3615,3744,1059,5671,6317,3630,5935,1329,4532,8245,6966,5049,8257,5442,3908,6217,5450,7243,6089,8649,4431,4943,5458,4819,1493,4185,3678,3551,6240,7141,8294,4205,4847,1011,6515,4341,6776,8827,8060
1037
1038
7686,1040,4499,6169,7451,2208,8865,6183,6591,8773,6857,7500,8914,6742,8539,7526,4591,5107,1405,6526,6655
1053
1088,7425,1058,7082,8650,6029,5785,1849,5439
1061
3842,1860,3909,1065,7802
1120,8289,7590,8713,8555,4718,1072,5823
2433,6789,8201,5642,2186,6926,7443,5398,7837,5151,6048,8993,6180,4397,1074,3892,7096,5053,5830,3273,8907,7371,3535,6098,7379,7510,8793,6619,7390,4323,6500,6117,8804,6633,2283,5622,8573,5629,2303
4896,5957,7815,5867,6735,1076
1370,1084,4823
7040,1089,7619,5255,4839,7467,8364,7725,4716,2767,3600,4780,7929,6046,3263
1093
1122
1130
1136
3233,4610,3524,8389,8423,5066,3050,4364,4106,5262,7889,7029,1143,7611
3564,5136,1146,2363,4510
1154
3201,1923,5417,1163,2608,6206
8076,1172,3831
1176
1184,4141,8143,7632,2867,4084,6007,4191
1188,1796,8263,7057,2514,4926
7104,1194
4480,2694,3400,7849,4392,2121,7693,8078,5998,1198,7793,6351,7054,2294,8376,8601,1307,5023
7875,5380,1221,4009,6795,4175,8752,8210,3475,7988,1205,7607,4473,5342
5825,7458,6724,1414,4903,3111,5355,8908,6222,6286,7694,8116,3574,8726,1210,8028,4701,6716
3936,6144,8258,3331,4293,2822,5415,4011,2829,8593,7315,6100,6872,7065,1212,3423
1216,2757,1798,5712,1716,1887
7459,1231
2855,6951,7211,8877,5518,6800,1234
1250,5648,5366,2488,1786
1251
1422,4122,5660,6045,3239,5288,7597,8499,2740,2883,5444,8390,4312,2272,1254,5739,6892,5229,5869,1518,7408,5490,8439,8318
1256
1264
1266,4506
1281
4097,5441,1284,7824,5489,7890,4052,5784,4413
5185,3617,3939,1285,3144,8971,2604,4144,7187,8373,5850,5788,5917
8704,2178,7781,1286,7079,2090,4811,1338,5933,7083,4627,8403,6708,7286,8470,4602,1339,8159
4384,4738,1314,6725,8232,8717,2227,3860,2646,1567
1317
1323
1324
2122,1325
1326
1793,5700,7179,6091,4338,1332,8440,6845,6111
1334
6085,5061,2463,8553,3947,3214,5775,8659,8883,6068,8535,5241,1498,1341,7901,8217,5215
1358
4961,7273,7370,6379,5260,6604,7864,4054,1368,6074,7868,4669
1387
1394
8138,8172,5295,4786,1427,7579,2748
1429
2820,7432,6536,2316,8461,8207,6673,1811,6548,5779,7190,3864,2457,2461,5280,1952,1955,8231,5419,1452,1455,5301,4150,3765,6842,6844,8252,5566,4284,7490,3016,8402,5843,8404,6997,3671,5719,4440,6615,7259,8411,8926,3935,2789,7910,6887,7655,8685,7790,8813,5616,6896,6004,8822,2683
2957,3886,5168,8818,1461,4508,8124,5533
8896,1473,7457,4488,1481,7497,8881,7410,1463,7321,5978,8924
1474,7596,1653
8705,1476,8309,5412
4963,2276,4999,1484,5230,1487,1873,2517,5880,5055,6203,6172,7071
1506
1513,2340
1521
6952,1529,8077
6640,1531,5628,6835
7264,1538,3234,7748,7779,2722,7979,3916,4878,3953,7378,6867,6680,6585,7133,7134,5759
1540
2661,1550
4388,8262,4074,8469,3768,1561,5855
3041,1575,6894,8627,4500,4895,3581,6559
1589
1601
1604,7653,7209,6828,5837,3248,5906,2964,7350,6998,2747,4957
6528,7072,7168,8453,6790,4039,2824,3339,1612,8179,6772,1945,1946
1619
1623
1635
6114,4803,5670,6728,3401,1640,4553,8301,3281,5522,5811,4852,8886,5112,7231
3143,1642,6603,3692,1649,3226,3294
2177,8323,6149,7561,5132,2320,7061,5527,3356,8352,3619,5286,6706,3254,8634,8770,5702,6985,4173,3035,7140,5609,1643,2290,7669,8183
7360,8530,2723,1668
5570,6821,5638,8808,1705,5130,6965,7770,7419,4092,8638,8415
1706,7289,7994
1719,4938,2830,6161,3218,3095
7936,5082,1730,6723,4290,5477,8101,5633,4137,6153,4855,5594
3169,6116,1733,7468,5297,2803,8278
1734
1738
1744,8672,7028,8561
1762
1770
6019,6534,7916,4525,7312,1776,8144,3219,6643,7221,4831,7092,7167
3042,2375,7145,7369,3538,6232,7388,1789,8191
3812,7881,8969,1805,8658
6122,3611,1806
1807
1816,7210,8296
1830
7472,1838
4708,3190,5368,7355,4860,1854
1857,6782,7862,2279
1865
6496,8866,8771,7812,6245,7494,5031,1868,6903,6584,3037
4257,3528,1869,4399,8697
3740,7845,7014,5484,4113,1874,8823,4732,7869
6434,6917,1878,2334
1882
1889,8844
1891,3172,4295,5610,7951,7984,4401,3358
1900
1905,9010,3509,8698,7485
1928
6129,1940
5537,7462,6472,3913,4020,1941,4791,8185,6330
2532,6190,7120,2705,4177,8631,8604,3325,1950
1960,5507
1973
1986
8800,5539,5606,8584,6248,7114,4617,2000,8146,2485,5750,7927,6648,4949,5147,6941,2431
2008,7414
2012,2550
2027
2031
2034,3103
2038
4930,6759,8236,4365,8276,2046,7743
2048
5120,5121,5122,2051,4560,4956
2056,8642,8460,8045
2071
2074,2339,3491,5809,2897,5429,7674,6654
2077,8574
7375,3920,7537,7826,6936,7130,6363,6140,2078
2080,6853
2096
2102
4418,3554,4099,8645,3623,6441,5805,2894,3540,4982,4857,2110
6440,5487,2111,8087
4802,8678,3112,7274,8652,2135,7672,6362
2140
2145,5890,2877,8557
2149,4904,5672,6347,6990,6355
2153
7336,2156,8022
8552,8202,5707,5393,4915,2167,6682
2184
4352,8579,8709,6426,4877,8302,4911,2194,3731,3285,8026,8094
7042,2196,5909,8997,5545,5804,3245,7091,5062,5321,4041,7117,4685,7893,6490,7016,2924,5115,4991
5353,2199
2469,2205,4935
2977,2274,5649,8019,6773,2206,6302
2216,8508,5685
2221
2222
6912,2688,2241,4448,7046,7373,5716,5365,8888,5563,2878
2242
7031,8947,4980,2247
3176,5588,2252,2254
2256
2258
2269
2284
2299
3097,2309
2313
7971,5287,6508,8015,2323,5561,2813
2324,2326
2347
2352
2355
2359
6467,2762,3853,8602,2895,2362,2460,3582
2367
2378
2390
5091,8741,8774,8462,8495,8787,8342,8537,2523,3838,2399
2404
2976,5377,6562,5375,2407,6919,3530,6032,4722,7251,4763,7517,7295
2409,7722,5099,3756,3308,5905,7835
2412,4259,5350,5470
2434
8570,2437
2837,2445,3718
8806,8081,2449,2744,5819
8355,5093,5862,2472,8079,6802,2901,6616,4601
4641,5986,4805,2508,5778,5431,6687
2761,3403,7628,4653,5781,7706,2524,8862
2528
2530,6119,6791
7282,2535
2537,3468,4103
7073,5815,2541,6830,4604,4596,8661,2870,4790,5592,5397,6236,8894
2543
8451,7529,6732,7855,2546,8338
8485,7431,6983,2547,3352,5820
5529,2555
7076,8614,2557,4902
2563,8270
2575
2578,3629
2580
2588
2906,2591
2595
4585,6594,2606
8046,5968,2614,7095,7039
2619
5504,2624,7427,7043,3174,3398,7816,8681,5478,8052,4537,4922,7195,7710
2631,8843,8240,3217,4415
7754,2635,4724,5495,8987,5372
4497,6588,2639
8400,2664
2667
2674,6310
2675,8821
2680,8443
2691
2692
2693
2704
2706
2708
2711
2714,5270
5621,2715,2949
2716
5760,8777,3298,2727
2732
2733
2765
4747,2796,7075
2799
2818,8861
7171,8452,4104,4495,2831,4501,6296,8737,8746,8111,8885,3897,5964,8781,6349,7761,5330,5848,4952,6107,5098,4089,7418,4478
2848
2850
8792,8441,2858
5704,7193,8365,2862
2864
6060,2879
8017,2891,8643
2893
2911
4756,2950
2972
2983
2989
2997
3001
3018
3038
4866,3045,4678,3306,8238,8750,3088,3314
3057
3059
5840,3064,8595,8104
3065,8438
3069
3091
3093
3122
3139
3145
3146
3153
8807,8725,8790,8853,3449,3164
4512,3650,3910,3215,7952,8374,6587,3165
3166
3175
3179
3193
3202,5956
3208,3649,6808,5221
7944,4624,4273,6002,3216,6324,3483
3247
5667,6563,4421,7834,8841,8429,4752,5457,5680,6911,5748,6231,4376,6170,3259,8796,7391
3264
3266
3288,7923,4067
3296
3302
3322
3340
3346
3357
3369
3370,7591
3371
6200,3374,8694
4466,3375
3379
3385,8923
6281,7548,3388
9011,4146,5859,3419
3430
3436
3568,7673,3437,5047
3470
3472,4797
3480
3484
5452,3487
8769,3971,8606,3495,6984,6539,6574,4079,7441,5460,7157,5524,7413,4893,3518
3507
3511,4459,6860,8215,6650,4027,7511
3536
3548
3550
3570
3585,8322,4771,4196,8958
3589
4034,5605,7367,7186,3603,5395
4609,8456,6126,3667,3604,4118,5018
3621
3626
4864,8132,5508,8749,3632
3651
3657
3682
3689
3695
6600,3696
3702
3706
4000,3715,8494,6544,7707
3738
3755,8503
5386,3763,6462
3778
7376,3798,6406
8227,3814,4456,7756,6481
3818,4463
7545,7531,5550,6809,3826,8791,4729
3840,8001,4359,8976,4658,8054,7833,7322
7713,7807,3857,8399
3858
3865
3871
3872
6627,8775,3881,4303,7695,7570,6963,4023,5114
3904
3944
3952
3970,6135,4615
3973
4691,3982
3992
8992,3997,7366,8959
5506,6818,7241,5002,6188,4016,8371,8347
4019
4036
4042,8884,7492
4044
4060
4082
4818,4085
6356,4094
7737,8626,4101,9006
6692,8582,7819,6764,4108,4436,7806
4348,4111
5881,4114,6283,7801
4127
4129,6311,8105,8629,6811
4134
4143
7473,4340,6798,4145
4148
4153
4160
4167
4170
4193,7773
4195,6851,4424,6057,5135,6418,7507,7162,8702
7084,4198
4219
4222
4224
4227
4236
7226,4243
4253
4528,4262
4267
4271
4279,5455
4292
4298,8723
4299
4302
4307,5587
4310
8314,4311
4316
4673,7487,6151,8671,6744,6445,8913,8918,4344,8799
4367
6497,7772,4369
5512,4377
4382
4386
4396
4403
6840,6466,4416,7496
4428
4434
4439
4445
8192,4464,6191
4472
4474
4485
4505
4534
7913,4548,6014
4569
8512,4575
4597
7465,6258,8182,4607
4849,4625
6817,4635
4637
5754,4639
4645
4657
7789,9008,8820,7124,7764,4663
8905,4667,7475,8847
4670
4674,5293,4986
4676,8605,7638
4693
4696
5960,7852,4709
4710
4742
4744
4758
4772
4776
4777
4783
4800,7483,7614
4809
4824,6376
4834
4836
6344,4844
6752,5509,4846,6295
4861
4872
4880
4898
4905
4921
4936,8839
6280,4954,5627,4990
5571,6213,6664,4970,5438
4976,5299,6278,8255
4983
5005
5026
5030
8036,8772,8166,5032,5839
5040
5060,6079
5063
5072
5075
5097
5102
5103
8362,6765,8505,8541,5119
5125
5131,6780
5159
6568,5171,8205
5174
5181
5204
8928,8833,5216,8267,6668,8151,7699,8727
7633,5245
5264
5410,6947,6850,8648,7090,5267,6747,6044,8287
5269
5271
5273
5276
5282
5303
5313
5322
5323
5328,8834,6749,5582
5335
5344
5347
5364
5381
5382
8035,5385,8874,6713,8751,8889,6011
5391
5392
8563,5406
6720,5407
5426
8898,5436
5443
5454
5464,7207
5471
5493
5521
5536
5546,6303
5549
5553
5578
5583
5619
5624
5637
5646
5658
5673
5675
5683
8486,5686
5688
5690
5694
5710
5817,8306,5715,8325
5725
5731
7400,5736,8492,7151,8405,6328,6558
5768,8212
8386,5776,8434,8085,7294
5786
5802
5827
5829
8824,5834,8098
5864
5873
5879
5897
5901,7397
5913
5922
5925
5928,8572,7213
5954
5959
5972,7767
8836,5980,6021
5983
5984
5991
6597,5993,8917,8070
5995,6524
6024
6026
6034,7987
6955,8437,6038
6561,6047
8165,6729,6062,7899,7805
6064
6070
6077
6093
6131
6154
6160
6165
6168
6184
6187
6228
6243
6250,6629
6259
6260
6270
6282
7138,6292,8679
6354,6293
6298
6316
6319
6334
6335
6352
6359
6367
6369
6371
6375
6411
7769,6428
6431
6432
6433
6437
6450
6483
6486
6503
6522
6538
6545
6577
6578,6676,7159
6579
6589
6592
6617
6636,8989
6642,8927
6653
6667
6681
6683
6698
6704,8966
6710
6721
6736
6750
6760
6761,8981
6767
6774
6793
6796,8413
8034,6803
6826
6848
6852
6859
6862
6893
6904
6905
6923
6929
6961
6967
6973
6979
6986
6992
6994
7002
7010
7017
7026
7034,8332
7037
7047
7067
7080
7097
7111
7136,8432
7142
7152
7154
7175
7181
7191
7206
7223
7229
7236
7246
8637,7247
8603,7269
7276
7281
7283
7572,7285,7478
7307
7309
7323
7328
7330
7341
7383
7386
7395
7422
7434
7437
7479
7480
7482
7499
7502
7521
7525,8307,7541,7542
7536,8161,8556,8647
7546
7551
7555
7556
7568,8502,8327
7569
7580
7593
7612
7626
7643
7646
7657
7664
7666
7671
7675
7724
7727
7731
7732
7734
7739
7745,8283
7747
7750
7766
7783
7796
7804
7817,8340
7818
7832
7836
7850
7854
7866
8922,7883
7915
7924
7932
7933
7935
7942
7948,8788
7962
8007
8012
8024
8037
8047
8048
8051
8064
8075
8092
8095
8096
8109
8112
8127
8137
8148
8401,8150
8152
8156
8181
8220
8224
8242
8937,8260
8264
8279
8282
8288
8292
8300
8356
8366
8369
8385
8407
8426
8465
8868,8938,8468
8476
8483
8489
8516
8521
8542
8543
8576
8588
8598
8599
8607
8609
8615
8622
8623
8628
8636
8724
8730
8733
8739
8748
8753
8754
8760
8761
8762
8764
8778
8786
8801
8803
8805
8810
8857
8871
8879
8887
8902
8910
8930
8940
8945
8946
8953
8963
8968
8979
8982
8986
8994
9002
9014
