0,12803,2052,2567,5128,4108,5136,7700,11796,2068,9763,8229,6697,11817,3122,10808,2617,7739,1083,7227,4675,4164,8262,3148,2131,12372,2643,10838,10324,4692,9819,9820,9310,5214,611,10342,6247,3175,11369,7283,630,11895,4732,9341,3710,12422,135,7815,5772,9357,4238,3212,3216,4753,5777,6803,1172,7313,6806,151,7836,8351,671,12449,10915,7843,12456,11432,2219,8370,12467,9396,8375,3767,11959,9400,2238,1215,12481,3779,10444,1740,6862,8912,2257,10966,2268,11997,6367,12515,7400,6376,7912,2285,7410,10483,2291,252,8450,2312,4360,7948,3341,784,8465,1296,5905,7959,2329,6436,3367,5419,9003,8493,10030,7987,9012,821,12597,9013,3897,10042,7993,2366,11584,5958,9543,11594,6990,9039,7505,7506,11089,340,11610,12125,7518,11102,11103,9058,6499,2404,6502,9064,1386,4972,7539,4979,5493,4469,6516,11126,2939,1403,9603,10116,8069,7560,11144,5520,9619,11669,9629,5021,2462,5025,12712,425,4015,9648,1968,5554,1464,953,954,5054,4031,3521,4547,6086,461,9168,6608,12754,10194,6100,5594,9697,8163,8675,2020,3046,12263,4584,5098,6124,4590,11246,12270,8692,4597,8182,8697,7164
5476,902,7,647,1262,1198,915,2168
5234,12,1006,3575
11824,9774,22,5567
8132,7941,43,1880,10168,10680,24,9438
41,4594,7362
8207,7186,10270,12320,6176,12322,12327,42,2090,12335,5167,7216,10290,9266,3125,10295,4156,7238,10311,11335,9289,12362,76,5199,5200,11347,9300,11353,12382,12386,11364,12389,4200,11372,12399,1136,6257,4216,1146,11387,1149,12416,12417,7297,9353,12426,10382,9358,11408,11411,10389,8342,7317,12440,4248,5269,11416,11419,11420,9383,8361,12459,10417,12470,2233,11451,6338,11460,12485,11464,7368,12490,7369,12494,12508,10463,227,12517,11496,9448,7405,3310,11503,245,12534,11510,9463,6396,12543,9473,8457,12554,11536,12562,5394,11545,12570,11547,1307,3358,3363,8489,12587,6444,6445,12591,12593,6451,10550,4407,10554,9538,11587,11595,8530,4437,7509,8539,7517,6494,3423,8550,8566,10616,2425,12666,8572,8582,10631,9606,7559,12685,10637,10638,10652,9628,9632,10658,11683,12710,3494,2472,12717,2478,10671,10672,10673,7601,11702,9654,11705,1465,10689,11713,2503,10699,5581,12752,471,11737,8666,12769,11746,11747,484,6632,5612,5613,2545,11761,10742,2550,1528,2554,10758,5642,6668,12815,8721,12819,11795,12822,6681,5658,2587,8732,2588,5662,3615,10788,2599,4662,8763,6719,8769,9796,12870,10854,11881,11888,12913,3697,11890,3701,10871,3703,635,10877,6786,10882,12934,12935,11911,1681,9876,11927,10908,6816,7842,10916,5796,10932,5812,11958,11964,3773,10943,11967,1730,8900,11972,2764,3797,6876,5863,12007,6889,10985,3816,12013,9969,7922,9973,2815,8963,12045,11022,8975,4880,10001,1809,4888,11036,4896,1825,8997,11045,3878,10027,7979,1844,11062,1847,11073,12098,12099,5959,9036,1869,11090,9050,5981,8042,9073,3958,8054,12153,11130,891,6012,12157,8065,7053,6030,11153,12177,11155,6039,7065,1951,5029,11173,7079,939,12207,12208,12209,9138,10159,9143,4024,7098,11194,10173,11200,3010,11221,7130,10203,9180,990,8159,11234,4066,2021,12265,3050,3051,11242,10221,10227
9224,5384,10121,8201,10256,402,8855,6810,7196,8350,10911,11425,9507,5412,4389,4262,4132,8488,3753,3240,7205,302,4783,48,1200,3506,4788,8506,2747,7100,3392,9921,10566,6856,6731,588,9421,6221,6997,7894,9943,11736,1114,11616,4327,3433,4457,7915,11500,1645,9964,879,9968,11378,4853,8437,2935,10745,6907
6272,6468,54
4097,8199,9228,9248,4650,9781,7222,3128,5182,9278,5185,10821,5190,71,4678,9298,6228,9301,9816,6233,12378,7264,8804,6248,4201,3177,9326,11376,7282,11901,5246,9858,1666,7810,2189,11919,7825,2710,8349,1185,9890,5800,6825,10930,12471,11448,3769,1210,3256,10941,8896,4805,7877,9419,8397,7375,4308,9947,7409,9470,6915,6916,10507,11019,7947,1807,2320,10513,11537,10015,804,2343,3879,9002,8492,2869,2870,12089,5434,9529,7996,10557,8514,11077,10569,9546,3918,5457,851,2388,1877,3923,12633,9564,3933,10083,4452,8551,2921,8044,4973,4463,7024,12146,1395,9586,10105,7035,10107,12168,6028,9615,7568,401,8083,6548,9114,10138,8603,5539,9638,2985,8106,7082,7087,2480,9649,7613,6591,7105,7621,968,5069,7639,5079,5599,4064,2528,10207,2015,2025,9706,10220,10223,10738,2034,8180,12276,8185
12294,4105,12299,8204,2061,4110,12307,12309,12312,10264,8219,12316,10271,12325,10279,10289,8242,12343,8247,8252,6206,4160,12356,10309,8263,2119,8265,74,10321,10322,12371,8276,10329,4187,8286,10338,12390,8299,12397,12398,4206,10352,12401,12402,10353,10364,2178,10372,10373,139,12435,6291,4244,12438,10408,12457,12458,10410,8365,12463,180,10421,10436,8390,10438,2246,10441,2248,12493,10445,10447,10449,12498,211,6360,12507,10459,12512,12518,8423,12522,10477,2288,241,10482,8435,10484,12537,12538,12542,12546,8451,12547,6403,4354,4358,8459,10508,10509,2316,4373,12567,12573,6435,10531,8485,12583,10536,4400,4402,10546,8501,2357,12599,8507,12603,12604,12605,10559,6464,12612,12613,2372,328,330,8523,6475,10572,10575,12624,10576,10581,8534,8537,10587,8541,12640,10598,8556,8557,10614,12667,10620,12677,10632,8586,408,6553,12699,10651,12709,10662,8617,12714,4524,8623,12723,10683,12735,10692,8645,12741,12744,12746,8651,6602,4558,10710,10712,473,12762,10715,4573,12766,10717,12772,12774,12775,8683,12780,12784,10743,6650,12795,508,6653,10749,8701,12802,10756,2564,12806,10759,8716,12813,10764,4623,531,10771,8725,10774,6684,12830,6704,10807,10813,575,10816,2625,8775,2634,10827,10830,10836,599,6743,2647,8796,10845,6750,10846,4705,10849,2664,2665,10875,8829,639,8834,8839,6792,10887,6794,10889,10892,10895,8853,10901,10905,2718,6815,6821,4773,4774,10920,8875,6851,10949,8904,8905,2761,6859,8910,720,8913,6872,8921,8928,10976,4836,743,10986,10991,10992,6897,2803,10995,6902,767,11007,11010,8966,6922,4876,11028,11033,2844,8988,11042,4899,8999,11047,11052,11053,6958,6959,9009,6965,2871,11064,6973,9024,833,6978,11074,837,9037,11092,11097,11098,7003,4959,9059,4967,11112,7017,2923,11117,9071,11119,11122,888,4987,11134,2945,898,9091,11140,7046,9101,11151,11158,920,9113,11163,2988,9132,9134,5039,11182,9140,2998,7096,5052,957,9150,5056,9155,11204,7110,9160,9162,7117,974,11218,9175,11230,11237,11240,9197,3056,11249,3059,11251,11254,3063,11260,7165,11261,7171,3080,1033,7176,5129,11273,1040,7184,3091,11283,1046,11291,9244,11293,11297,5154,3108,5157,7207,5161,11311,9263,9275,11324,11329,11330,9281,11332,9284,9286,7235,7239,11337,7240,5194,11340,11342,11345,9309,11358,11359,11360,1124,7270,5225,11370,11373,9329,3193,11390,11391,3199,11400,9352,11402,3210,11406,7311,1169,9363,9373,1183,5280,9377,7329,11427,9380,11435,9393,11443,7349,11446,7359,7361,11458,11459,9412,9415,7370,9426,3283,7380,5334,11480,11481,7386,11484,9436,1250,7395,9445,5350,5358,9455,7407,9457,11511,11514,3323,9469,11522,5380,11524,3334,9480,7433,5388,11541,9493,9495,11544,9497,7447,3355,7448,5406,5407,7457,11557,11558,11563,11568,5426,1335,11580,9539,1348,1351,7498,7499,11600,11605,11611,9569,9572,11622,9575,1384,9576,9578,7530,11629,9583,1393,7537,11640,11647,7551,7556,11654,9608,7561,5515,11659,5519,7569,9621,3481,3484,5534,11679,5538,9634,9636,7587,11699,3507,9653,5558,3519,9665,11716,11717,5578,9675,11725,9677,11728,7635,11733,9687,11739,11749,7655,11754,9707,9709,9712,9718,11771,11772,5628,3579,7678,3587,7683,7686,9735,11785,11786,9739,5646,7694,3602,7698,3605,11799,11802,3610,7716,11813,5672,11818,9771,5676,5679,9775,9776,7730,3636,5689,9788,5693,9791,11841,11843,5700,11845,11847,11850,11851,9804,11854,7759,7760,7762,11859,5719,7768,9818,11867,3679,9823,9844,9849,5756,11903,7807,9857,9865,9866,11917,5775,9877,9880,11929,7832,9883,1694,11935,3746,9895,11948,11949,9903,11955,5811,11957,5815,9913,7865,9916,11965,11969,11970,9924,7876,11975,9927,5838,7887,1744,11988,11992,3804,11998,9951,5858,12004,5861,12006,3817,12010,9961,7921,12021,9978,9982,5887,7939,9991,5897,5899,12044,3857,10002,12052,12055,12056,12057,12063,12066,12070,10022,3881,10031,12083,10037,12088,12092,12095,10047,10048,3907,12108,12109,5966,12111,10060,12114,5972,10073,10074,1882,5982,10079,8035,12135,8041,12138,10091,8043,1901,10094,3952,12145,3956,10102,10103,8057,10106,6014,12159,10113,6023,12174,10127,12176,12178,10130,6036,8082,10134,12185,8096,12193,12195,12196,12200,12201,10152,10157,8111,6065,4019,10164,8118,12214,8120,10166,10171,12225,10179,12233,12235,12237,4046,12242,10200,10204,12255,10211,10216,10219,4079,10224,6131,12281,12287
11777,4353,8196,5381,10502,3845,7946,7693,5138,10258,12053,3095,9756,12078,7728,12084,3380,9019,8764,7489,2630,9801,11005,75,4941,11343,8528,10840,1633,10593,1128,7788,4720,8560,5235,11123,10366,9854,5761,10883,10374,1927,12170,11915,2700,653,7309,9102,10384,2453,10391,9370,8347,8090,6305,4008,6828,9644,7597,6575,432,3249,10675,8373,9398,7605,7869,7614,4034,10435,10181,8138,5068,11472,7888,7890,6609,7893,10967,3296,9954,10980,6373,9959,7401,7403,3564,237,8429,11756,5615,753,4341,4086,4856,5113,3067,1789,2302,5631
2692,1925,8388,8005,8776,4873,6921,8076,9549,8398,8271,84,1814,5718,1498,10202,5980,10848,6242,3555,1852,7786,4272,625,5299,3957,5430,11319,8636,5885,9214
1537,10498,261,9477,10248,4616,1806,7951,11025,8213,9977,8216,4377,10232,10012,7964,8230,10024,9770,3377,7219,820,9277,5439,6725,4938,8011,3924,86,11862,7000,3422,6495,8031,5217,9833,3438,6770,9332,2421,3463,7304,8329,8332,1932,6800,10643,10645,10393,5017,6811,6046,7839,3744,6564,9640,5291,5293,6830,2989,8625,7091,9652,2236,5820,1474,4804,2758,4298,5834,3535,12243,10965,9685,4828,4576,1761,8932,8167,5099,3566,240,10228,1270,7928,2297,4346,8191,9471
325,711,6672,7248,3090,10132,10453,11607,5848,8792,9950,94,5024,8867,9699,4006,3751,6953,12009,11120,9072,9330,4603,11897,1978,12347
97,10596,5767,9832,4364,8142,2607,10193,3954,7732,9338,3675,12284,6333
9249,9094,11528,3657,2669,113,11096,9242
7553,7938,6275,3340,2066,4115,6676,8726,7194,3738,8733,12062,5417,12333,941,1969,10292,3383,10043,9915,12476,9918,6734,9807,12115,9813,9559,3545,4829,1634,5474,5986,9956,3942,11113,9835,751,2929,1522,6773,8565,119,1145,6782
8193,5188,8006,4806,3848,7054,12240,6292,11676,2782,12191,7648,7201,5859,121,11774
1282,134,10250,8592,2580,1431,9111,10141,2339,7203,5925,3237,8874,11822,1327,4782,9905,11188,7607,2744,1085,4543,11327,3780,978,8786,472,11864,2649,5593,9821,3427,11236,6125,10478,7279,8689,7794,2547,1399,5882,9723,1532,8958
9280,12354,6981,206,145,9748,11925,9556,9061,8235,10092,10158,5106,12793,11835,10814
327,8136,1547,12365,12305,10515,147,5716,6871,8605,9505,9057,1188,999,3179,4460,9901,10681,5946,7995,8317,11006
154,4957
162,7859,869,5797,3934
163,2742
6336,6752,9666,8864,10855,173,9230,5584,4818,244,855
182,9567,5673,11146,5598,2639
4352,12032,8708,10246,518,11016,10249,10768,8978,11807,2594,12324,8998,4904,12330,11312,10553,11834,11070,1342,9545,10061,10318,3069,9810,4700,8798,9826,6252,7020,10351,4472,8832,6542,11671,11940,8358,9129,11437,9389,10933,9910,11963,188,11710,2754,12227,1222,7879,5576,4047,9427,11219,11989,6875,7644,10210,8674,8164,8165,12005,3303,2538,9965,11760,5618,7421
3104,291,1027,4677,5475,4071,191
5120,10753,7430,12039,6664,10763,11787,10251,8974,8722,12308,3096,9240,3354,8738,8739,10284,3117,8753,9783,11833,6458,4924,12023,9812,12629,10584,859,8802,6245,11877,11880,7795,9076,1913,7293,9601,12167,651,10896,1937,2966,12443,8862,12446,10145,12451,12713,10923,9387,11179,7342,12464,12726,7611,11709,12738,12483,10948,10691,10178,4550,5575,12745,7631,208,11473,10709,729,10713,3291,12761,11745,11750,7918,12528,6903,9720,2553,11770,6908
3938,8134,11852,2160,6741,213,8854,9658,6747
236,885,1306,12908,4124,8047
11266,9219,8202,8714,10510,7699,10008,281,6939,285,8742,7726,1587,310,4921,9787,2879,5698,8520,12105,4684,1612,3916,7247,10577,10578,3921,12116,2134,856,5976,7771,2908,11104,11363,8567,4730,10110,7299,2436,389,8072,8841,11913,8079,6805,9623,10137,3748,5798,11688,10926,9397,4025,5051,10429,4800,6854,10952,5833,4811,9164,2511,8400,7636,12756,3032,8925,8426,6639,4852,9717,246,11767,6905,4604,10494
247,11461,3102,7942
4739,9027,966,9994,3342,8019,12182,8409,6175,6048,9379,6250,1898,10028,6253,3571,248,2107,4861
8384,7009,8898,9635,312,8456,10252,5744,7800,4155,254
256,5139,7045,8455
258,6853,7750,1322,1584,5778,1267,4850
7801,273
12033,12809,12041,10766,12304,9746,11540,10518,5143,11288,10006,11032,6938,296,6699,9772,5165,11308,10802,6202,10556,10819,7752,5717,10583,2653,1630,12126,12385,9837,10349,8563,12405,12149,6775,12407,12663,11136,2437,5511,9607,9372,7332,10917,11431,10407,5032,12203,946,8115,8885,6838,9912,10937,6072,7870,9409,6083,4552,12492,8654,12499,12244,11222,10972,7389,9182,7399,6892,12527,6384,11250,9203,9206,12282,12283,10239
298,3476
3680,1505,322,12165,1421,7089,5969,4242,7153,12310,569,7900,3837,6143
9729,3588,8709,9736,520,11788,5648,4625,9747,6686,9759,12832,8223,9762,11299,9255,10792,11820,12338,6707,9268,4658,9271,9784,10296,9786,571,12349,578,7756,8785,3157,1622,10839,11871,4192,3681,3682,5220,4710,4198,10861,9842,12403,10354,3189,6777,3707,8831,7808,11393,6783,11907,8836,11396,6278,2185,11916,11918,3732,8343,10909,6814,12448,9889,12452,9892,10405,9897,6317,8879,8880,9395,7347,4790,7863,9914,10432,10945,12482,8386,11463,9928,10953,8915,10970,5853,8418,11494,5866,5867,12012,8431,3313,9458,10487,3835,11519,10496,7428,10504,5390,11027,9494,10011,8476,4382,7969,3874,8484,11044,12069,10535,7473,6450,6963,10548,10038,11063,829,11581,8511,326,7496,6984,9547,9553,2386,1875,4953,11105,9062,7016,10089,11114,11115,2925,11125,4982,6519,10618,12671,10625,11137,7558,5512,10633,12680,6026,9104,1939,12194,7595,11693,8112,6578,9139,436,10677,7606,9142,1983,6084,8646,6601,9174,476,11232,8161,12770,12771,10724,10214,8678,10735,8688,9713,9714,8691,12790,8184,6139
2688,1029,9222,6279,10377,6290,11157,10902,5015,5144,11035,2465,8353,11171,9511,9512,10922,3632,9530,10811,10812,10944,7880,11465,11468,9678,334,9936,10198,10975,9187,3557,10982,8552,10603,7660,12654,3824,9202
6144,11009,514,7301,7048,5001,11914,4620,12173,9742,3724,10898,5523,10770,7061,11926,8214,11423,1824,12067,10019,10149,680,10925,6576,2681,12216,8891,11069,445,10174,3009,8387,8009,10319,8657,9433,1373,11617,3169,2402,359,8807,7658,2796,5357,6766,12782,5236,5492,12279,7161,10490
4227,2824,4367,9234,5398,5275,9499,8412,10336,10532,1062,7336,8746,363,12204,4848
1155,12551,7623,3465,6793,6283,6474,5970,4374,9751,5846,1881,1186,942,6449,6898,7603,9267,628,2230,372,9334,4221,7292,5181,6910
4993,9413,10956,10254,9554,1971,1750,378,1247
11921,9841,422,7526,7531,1598,399
5377,6147,4229,8393,12619,5197,5134,11023,5649,1812,9366,407,7255,8154,11803,9117,11040,9639,10472,11306,2859,2349,9967,9525,3190,12730,6780
7307,2475,10443,11755,6320,6385,3260,6807,442,1691,9596,9693,7422
10369,2818,1667,2435,7954,1430,5754,8472,10523,8107,11184,11700,7093,4154,11199,11840,6079,10690,1988,2374,4166,3789,2258,467,6103,2654,2540,2798,7278,1390,752,4208,3316,1653,5626,9725
4608,6021,6534,8454,6152,6025,9738,8461,12306,5270,1692,12579,4004,7976,6312,9005,5939,950,2102,11192,1081,2618,7866,9407,4162,7364,12103,2889,11210,12620,12110,10958,9428,8917,9814,9940,5851,3164,6109,11999,2144,4065,4579,11108,8421,486,3436,10348,2800,5616,8952,9075,12533,11639,12024
5376,5891,11526,11655,6536,2057,10765,7566,5782,3739,4509,9630,10014,10017,4513,4387,2727,5671,11049,1194,11307,3628,7086,9521,3892,11321,2361,3643,6076,1980,6459,12611,7620,1095,9672,8396,11981,2894,2769,12241,7892,8662,5979,11357,3165,8029,9825,2662,5991,491,7791,9199,10611,4475,4094
6182,2278,7754,523,5266,10899,1208,5435
11008,11107,1915,11333,2862,8655,12302,11380,9270,6455,536,11543,8571,12408,8542
540,7078
545,7426,9503,10761,10649,11695,5489,4820,10456,2265,8218,8668,10878,10847
546,6343,3466,2111,9054,6159
9476,10247,8712,8330,8075,10124,4492,6160,2322,12054,6679,2330,8604,9504,9252,7721,4779,10539,559,818,2485,4533,6328,4293,5830,5322,11212,1873,1362,3155,11729,8661,1499,6108,3550,7520,4068,11625,4715,5486,3574,12151,3582,5495
10565,4615,7945,6987,5943,9422,11407,9424,10962,5845,8024,11673,3226,7001,9215,10910,6687,6756,8549,9514,7211,11826,4787,563,1845,1079,6071,9274,7103
582,7038
7170,5443,9863,10315,9035,4944,9232,8155,7708,8861,10140,11869,8352,7910,617,10987,5110
8643,11731,1779,1494,7193,622,2047
6784,8770,4613,3145,4815,7504,8341,1404,4889,10461,4707,8297,4970,9710,10864,627,2166,7542,9017,5500
6574,631
5123,5571,1382,3347,10419,12180,633,10334,6015
1026,4742,7177,10263,12698,12059,7328,9761,10791,2728,8745,9768,9773,2350,4911,4912,11313,944,5556,4544,3267,12355,6726,4042,7116,5967,5843,5332,3930,11483,8289,6885,9446,8037,10346,5100,634,4989,7166
3524,646
1127,9193,650,4176,5912,3186,4568,7288
6884,9349,2056,4430,10255,663,10488,7643,2269,3870
672,10018,11011,6852,3543,3799
900,7812,9098,5901,5262,2833,9361,7955,6550,5271,5400,7450,11037,6052,678,3755,8363,10541,945,1970,3252,6580,8123,2621,11456,9667,7363,7495,1480,975,4949,7382,6490,6619,5473,2530,4722,3060,8313
9600,6146,8258,3973,8525,2318,1784,9496,9754,11263,11168,5793,8099,11172,9125,4581,5351,9513,6633,11839,10799,11569,691,952,10359,7224,6394,8380,4287
8828,4610,7107,10437,4934,6225,9170,11603,11924,10455,9368,10072,12187,12828,5211,12638,8608,10402,7933,9131,4141,4723,7989,693,11575,12662,12028,9527
7552,10497,11650,1669,12425,12172,12238,9935,2766,10066,5459,12500,7128,12376,3801,11994,5221,7527,10537,9517,3245,11002,8306,8051,2613,695,11769,11578
12480,11626,701,2334
8001,9986,2948,12415,11658,12234,714,9295,1232,8468,5911,5784,986,2845,8606,5213,2910,5216,10021,8682,2028,10414,4270,11438,881,7991,9016,2813,6654,10431
2201,722,9851
6508,724,10990
4611,12035,10053,12679,5227,1581,749,5742,11732,9845,1112,6685,10526
7714,10087,7050,5580,755,2675,1752,11993,2203,7742
10323,9236,8089,10078,5282,10978,5989,1895,5992,9321,12076,7665,761,2038,8951,7481
3152,769,10740,1797,7927,10093,9262
10115,779,7435,9868,11789,6671,2321,5907,6675,7963,3742,10784,2337,4641,9765,11942,3495,10280,11176,11954,7476,6581,8760,4794,4538,6721,7233,11849,3405,11599,6095,11857,9811,8406,12250,10974,4063,863,6625,9953,5347,6501,12266,10605,11118,1648,10096,8820,1526,5623,9976,6270
12160,3328,1600,11076,12421,9673,782,9487,7570,10773,7190,7705,6170,11164,12765,3039,11424,11808,5091,5540,1637,5222,11304,3123,12286,9719,6265,10235,6398
786,5245
2560,788
11265,8003,806,1008,12465,2195,3539,9939,10394,10172
1088,7425,10050,4291,10314,1035,844,7630,1813,11743,10082,8227,8612,10984,9067,9406
9536,4225,10306,2124,1935,7503,4051,5076,7895,8923,6812,12061,2907,5152,10529,2661,6694,935,2984,9453,2032,9336,5881,1850,2110,895
7512,897,8004
901,6791,2792,3335,3026,7414,5274,4798
11909,11782,4488,11657,905,12814,12692,8598,6559,9260,5677,4530,8759,9911,2488,10427,5437,9283,9028,12740,12229,12615,9544,5705,9683,10835,11479,6879,12128,8033,6116,8805,8166,10215,9831,9702,10601,10475,4717,12141,11502,12015,1905,6259,4470,11513
1153,12644,917,3928,12409,6207
9472,9152,3719,8639,6539,3022,8463,7696,11546,6300,926,2470,7853,6637,7796,5375
993,9207
7881,1002
7940,11141,2951,8585,5002,9867,2839,9239,9879,3103,7845,11564,7471,11828,8887,12228,4167,10567,7629,11856,6097,2002,8016,4693,10842,10332,6881,8290,7145,1009,7799,2552,11644,7423
3642,1018,3500,2823
5617,1020,4535,8395,6380,6413,7903
1050,9651
2563,1060
12017,4546,11698,5209,1068
4673,8658,5460,1365,7830,10331,7516,8991,1726,11697,3057,1074,8179,6066,2039,3961,11198
8962,10503,10760,1099,8464,8466,9938,10068,12571,3292,6173,11294,7454,3617,9081,11322,3964
9218,12036,5765,12171,9620,10005,11414,12183,9752,3993,10142,8735,5536,5410,12077,10669,10678,12473,10169,11065,11455,10176,11457,4801,7875,11334,10183,11848,1483,10833,10837,12118,1110,12251,10844,11229,7778,10723,6500,12155,3304,10728,10474,11627,9708,3062,9335,10491,11388,12799
6466,8518,11398,6105,2524,1122,5730,8868,4517,1513,4778,9580,4718,8048,8562,9078,4796,1918
2363,1135
12353,9090,9922,12739,11588,8711,12488,7628,9292,9038,10511,6476,11665,10579,7199,10530,5348,6520,10345,11116,4078,10734,1138,2227,1142,1782,3832,4733
12288,7232,9171,5733,1143,7576,7864
3040,10466,10275,1859,2309,4134,7114,10860,2062,9362,9593,1147,4763,9118
7456,2182,4232,3563,6172,1150
8224,6850,8803,7139,4359,8808,8873,12074,2893,1167,9297,7059,1301,2840,7135
8964,1189,8326,8937,2256,9779,3348,10493,7647
5319,7208,5259,6860,7437,1998,3823,10415,1202,4946,1429,10040,10299
9920,6122,9802,5644,9645,7765,12406,10458,1213
1217,11874,10428
1219,4789
4737,6114,7588,8773,9992,9482,10122,7852,4237,5166,11662,12400,1242,5661
6089,9981,4500,1463,7289,7418,1243,11645,4126
10775,4045,4494,2832,11793,1299,8055,4249,1246
8481,8740,5669,4999,1707,11404,1356,8589,2836,1269,3445
7138,8389,8870,1287,9288,5961,1321,4925,10350,12496,10544,6739,11766,4284,8285
6661,5286,11945,10730,11533,10225,6322,11187,11031,1311
1312,6491
1315,4542
2592,1316,3658,9805,8849,11892,5786,9946
2496,3137,7586,12384,6977,4265,2608,10260,10420,12150,1364,7513,5055
8581,9097,4559,11539,9941,6296,4891,12060,5278,1374,4771,11555,10023,12649,9194,12331,3118,8240,6644,11000,5497,8444,3455
11013,1381,9385,4329,10863,11059,9907,10585
9526,5019,1414
3450,1419
9641,6586,4003,1423
1428,3140
1433,7484
2483,1453
4420,9829,8357,3721,9449,10571,11214,1458,10386,3763,10261,10776,4634,4668
1473,10055,10955,4541,3054,8767
9795,7366,11977,11338,7565,6040,8153,2715,8102,2024,1515,3372,3373,7663,8496,9201,8434,10291,6772
9533,1519
4930,8322,4871,8519,7817,8594,6933,9430,5208,7930,6949,5030,7142,9390,1523,5304,4218,4414
8748,1524,8399
2517,5639,2183,8473,1531,8509
1538,3203,5186,5317,4101,7780,10564,9931,10412,4397,12921,12541
2491,1575
1576,4170,7844
11781,12198,5462,10903,1592,3981,5565
8989,1599
8593,1623
3808,1676
1699,7652
1731,2500,2663,2603,5232,5937,2974,5814,11095,10262,2489,8093,7710,2655
2897,1765
11552,10594,7333,11046,12071,7782,3274,8971,1775,10607,7121,11223,11193,10300
1776,6530,11863,6759
1801,7651
9696,4865,9031,1832,11720,4426,8266,3214,5362,5909,7702,1941,8766
11778,10755,1861,8583,11466,9611,7884,2589,8158,10335,3424,6313,5036,2543,4207,6642,10231,4667
1922,4484,12484,10119,6535,8211,10007,11099,10524,10781,8413,12514,10403,10979,6757,3114,8116,6518,9467,12732,9726,10687
1936,9089,10205
4536,1953,8570
5204,1982
7258,2003,10325
8522,2004,2332
5760,7491,9962,12300,6319,8783,2486,2008,7160
8601,2045
2073,6402,7047
7040,11202,8328,2121,9618,11284,10748,7385,2104,9440,8737,9980,9316,8809,6196,2932,4340,5750,8376,11899,9724,12670
2120,6911
9147,10822,7944,10090,6059,3408,6809,2132,3989,5397,12375,9304,7157,9307
12068,8074,2731,5657,10362,11933,2174,6463
4870,11663,9585,8532,10165,11348,2228,5498,8379,9053
2242,2532,6087,2734,8303,2992,9949,7486,7711
3712,6917,5701,7163,2698,6863,10704,2262,2968,2586,6298,6371,10217,3754,8491,7467,10473,6961,10872,5049,6843,12414,8895
7008,2274,8851,5759
12321,2289,5746,9461,10486,8679,3614
9592,6538,3275,6091,10062,10063,11984,11666,9874,6546,6098,3541,8856,8729,9176,10209,8354,6179,11811,8613,10340,11562,10413,11952,10481,2293,5237,11576
8752,2299
5338,2307
7152,10161,11314,2314,10381
9728,2335,4901,7781,3295
2385,3708
2457,6230
2497,10278,9096,10906,10317
3337,2502
2533,5239
7684,2535,10186,8876,9558,10809,10780,10301
3361,7459,9891,2570,9853
10360,2596,9637,8823
9923,5127,6920,5386,2642,10522,5469,10591,4642,10787,8486,5611,8749,6324,11129,4413
4872,2743
3520,10754,10568,10505,8970,3850,11979,5647,10703,12120,11100,10398,11809,10722,11490,9573,5478,6189,10543,11631,3828,9205,10230,8445,2750
2772,7911
3281,11651,2854,4851
2864,6392,5000,9595,3548
3138,2979,8059,11205,9317,5163,2958,4881,6326,7803,7357
7325,2991
7296,9313,11109,10858,10954,8458,7341,4813,9231,3024,6929,4626,3093,6198,11004
6181,10731,3086,3889,7957,12665,6558,9535
4441,7602,7179,3126
5368,3143
10697,3162,7085
5331,3219,4917,5788,4990,4415
3272,7306,4869
8788,3287
11619,3294,9518
3728,3302,9279
7441,5378,6545,6835,8842,3308,7133
9082,3322,7455
8641,5117,3332,11723,10045
3649,3362
8321,3375
11169,3388,9047,8233,4618,7404
6512,3396,11224,8777,6605,11197
3464,10101
9824,3482,10938,6886
3502,9420,5173,6214
6677,3510,11450,8251,9437
3688,10921
8385,8198,8843,6799,8784,9492,6423,9241,6617,11931,9945,10786,5602,9060,8933,11111,5095,3694,9200,12273,7546,8315,5821
3704,8961,8902
10520,3714,5413,11048,9425,8177,5592,10527
3794,4963,10642,4408,8378
8040,3806
5789,3814
8577,3886
3896,11101,12598
12192,10451,10294,4023,12650,3898
3953,3965
5952,3955
3976,6556
6497,6439,4007,11722,7755,4976,6930,12211
10128,7857,8758,4087,11132,4142
11983,4095
5066,11298,4136,8650,10125
4145,6407
8141,4158
5944,11190,9063,4215,11579,11515
10851,7932,4259,5781
4275,7228
4280,12561,8221
4305,8372,10533
12064,9700,10409,12106,8778,4332,10801,11763,11383,9690
10826,9331,4339
11209,6865,4345
4456,5790
12163,4612,9541,9926,9095,5963,9356,11346,11609,11556,8676,11174,8038,5929,10993,11442,8307,5685,7925
6129,4630
6096,6325,6935,4664,12553,7837
5048,7275,4756
6434,4947,11893
12081,7124,6405,9004,5005
5817,6258,6099,5092
6120,6943,5102,9975
5105,7095
11827,7027,5109,9894,10440
11636,5174
6588,7931,8580,5191
5297,10994
5318,7934
6736,5324
8245,5326
5529,12727
11529,5666
5732,6647
5849,9468
5900,8420
5974,5918
6352,6050,10059,8845
8296,11034,6064,9847
9793,6090,8918
6130,9127
6209,6411
7637,6237
6266,10803
6595,9998
6824,7051,6614
6667,11445
6753,7914
9166,6951
11554,6999
10378,7026
7575,7604,7151
10714,7159
9085,7230
7427,9557
8225,7677
7680,8034
8614,10462,9669,7774
11601,8066,9988
8098,9303
8170,11244
9188,12445
9221,11382
9732,11278
11121,10789
11003,12231
12600,11439
