32,3591,970,618,6000,4213
819,7508,741
4561,3947
3018,5508,87
787,5020
4081,6390,3935
763,2719
4125,6869,2430
394,6310
1642,5710,4506
8170,3562
3969,2244,4446
2,2615
7127,4100,3847
7707,2981
3288,884,7262
6187,37
1248,4089,5272
3490,2340
2105,3652,3031
3577,4204
994,8627,1238
4745,9730
6923,771,1435
2225,4067
1221,3133,5046
3120,1635
2757,2509,454
1320,5450
4258,60,4566
424,6395
808,6802,1563
7748,3503
4754,739,3771
1620,613
5920,5124,2846
5240,2096
6682,1732,1076
7904,6031
912,6362,2205
1353,8169
4432,1377,2186
1253,703
506,107,3765
4058,10396
7641,4228,8014
202,623
4290,7642,4239
4689,46
924,2861,4485
4600,443
1472,877,2685
4945,2689
608,5179,3416
1450,4682
600,411,3238
5149,2677
9088,1090,4434
2304,6469
5241,290,6316
3185,3940
2279,6004,4223
1780,7511
2704,553,8407
7274,4378
938,3626,3853
123,435
4527,10283,3127
5284,3325
2768,6937,8471
2336,5403
5016,3884,1022
1720,3899
2331,1012,3173
3994,3467
10056,4501,1055
6088,6346
2188,4686,3863
3453,3894
9056,6928,8992
457,482
10003,2837,661
2408,5371
6424,4481,4322
5652,6327
1993,1682,4381
5353,4118
2240,7585,4151
6133,6063
1227,4726,3975
4645,3183
6864,2017,1005
937,452
4555,6526,9715
6210,1821
2001,2394,2325
6321,4026
2809,2323,2390
4795,5670
9689,2467,3071
352,3967
7784,1466,542
4139,155
3523,5916,1837
10641,7554
6600,1999,3527
4102,2679
2251,5359,4751
2644,6839
8907,6151,2551
3865,2874
3259,3700,3759
1380,509
4923,1955,2405
1640,5061
2811,5261,3135
5416,6566
7080,4986,3052
3430,2927
5840,8441,8228
6389,2901
2622,3025,886
2808,2544
5034,8355,4349
9498,6155
1360,2216,1263
8938,5541
5656,2753,2903
1313,4195
682,4995,842
3914,8301
9850,7917,8287
7690,8335
2736,6132,4605
7835,8719
4656,2100,29
2218,2799
25,1946,5059
1616,6236
4808,4875,6670
2088,4433
1096,4780,1471
7129,5251
346,2629,6183
2099,231
2777,1562,10779
3248,7069
6044,2044,1039
848,2969
648,2326,3015
5321,3606
4816,2154,3196
11542,1759
1527,814,1679
2376,3999
4281,2356,4935
2817,781
1400,7394,115
11080,2660
1754,7458,5254
2449,4043
7763,8941,4974
4864,4585
320,4442,951
6696,4679
6280,1441,6483
2458,2775
10856,1014,4143
760,733
489,5037,4510
1492,2495
1273,2521,4439
2558,2838
4728,5721,4080
1960,7204
4056,5728,200
5268,5557
4711,6438,4903
1457,1964
2756,6062,927
1173,3757
3129,1836,3134
4424,4135
4696,18,5723
4392,2429
4385,3209,3807
2971,4479
655,7593,4743
3586,6531
1216,1865,2940
1275,3174
277,3661,3202
3699,3572
419,2086,5655
3625,4306
5480,3840,1245
1257,3515
1632,3116,103
4578,3349
8564,3963,1508
2019,437
2498,6899,143
5281,7261
4451,428,8383
4992,2091
6074,1589,3685
7144,6268
1984,2697,543
1950,4486
1354,141,3551
4235,4655
4496,2515,1663
940,4607
3849,4276,1295
2014,5606
2113,3745,573
3180,2646
2505,5516,6861
1594,78
5352,1867,7355
6465,3061
4528,4893,1447
2720,841
6620,7118,766
6932,7535
4036,3611,260
5522,8147
3441,381,3159
1001,3234
2931,4716,10286
2590,1479
306,2499,7974
4698,3084
7712,5596,3621
449,5795
8696,4661,5582
4565,2079
7873,1469,10390
2083,908
8848,2451,991
7209,3538
584,2900,598
8920,5028
3674,2765,271
8448,5945
3756,8053,8774
3200,235
1337,8980,5831
8838,6942
7056,4465,8986
5418,7813
6488,1626,6727
2657,6006
5168,8698,775
1747,1372
6477,3910,2359
4016,3451
6626,1298,2510
2914,4855
4531,1436,4253
3720,1488
1972,539,2676
314,5637
852,1478,3932
4760,447
7475,6733,1367
1058,3387
4514,6666,8884
3329,7474
1376,9987,4405
3633,7109
3370,8291,1862
3635,2261
5196,7743,5807
4224,1762
8977,2690,4459
3609,6572
3088,1331,3731
3170,1916
7162,5115,684
1945,1511
8424,2610,2791
736,3224
7640,4569,3647
242,621
3419,516,534
1130,3331
3872,8236,1503
1438,5854
5306,3228,7757
537,645
3792,8940,4663
5566,3607
2702,349,1774
5488,6364
4153,6673,110
9800,2260
2232,8314,3980
4619,1109
2441,4729,2051
3669,1791
2392,7986,2659
5915,4319
3786,3715,2423
8793,7431
7088,5108,6607
8827,4029
1061,7013,4222
738,4261
2508,2637,2126
2537,2938
1289,6849,2852
3264,1553
458,8730,1468
2913,4918
2641,1235,8495
2967,5183
5513,6590,478
4632,2858
3033,3651,2164
1425,1793
5178,5619,1535
7169,7413
1665,1572,638
229,5526
4178,2276,3038
8309,14
1073,5083,6094
9417,3151
7392,8504,1727
4075,8939
1985,10597,4797
7849,1543
4617,7146,5035
4874,3028
4769,1388,7478
802,172
1104,4948,4895
1451,6693
11135,4286,719
4706,8356
267,7253,7627
6768,3233
624,9703,5111
1028,718
6330,5914,1804
1340,7286
1848,6523,1900
3036,5518
2137,1883,4879
5635,5711
3305,3321,2793
9388,453
560,7073,218
1987,789
1656,9044,5614
5785,4621
4712,1896,759
2946,9508
7523,4292,3678
4131,2199
5276,4317,6223
483,8559
3487,1933,2671
1272,4144
3401,2035,6702
8364,7381
2184,7675,3412
6163,2175
1792,7746,6808
6795,7461
9996,5215,10815
9258,6603
2976,1737,3004
1722,2418
4252,8212,3364
6058,555
1107,996,6630
9402,6723
4963,982,459
5126,2830
4602,1811,3094
2141,5045
1378,5684,7538
9984,8117
4640,3568,830
2054,8255
8272,9154,7770
3554,2771
7862,4526,7039
6509,734
1573,1549,8790
8736,1917
4186,6178,1551
73,2601
5950,4,4766
5141,10639
292,1292,2542
5041,1071
7828,9276,5238
2672,1516
2049,3027,977
929,5563
9491,2221,1303
1889,6009
1113,2881,9489
9001,3806
5096,9828,9896
5008,2902
4499,1004,2431
332,3262
529,988,4324
6344,5975
4785,2955,6878
7548,4309
289,2714,5447
1371,4653
4210,9171,973
5454,11279
812,7197,1588
1171,5871
9348,2197,342
6354,469
2041,2149,4654
3875,3891
6256,7010,3565
1856,2990
872,1445,374
2701,3350
5072,5633,594
3098,1853
4013,6582,4823
3042,847
160,3646,9399
6571,909
7172,8452,2271
5953,9780
8128,3962,1550
2864,9308
4998,669,3622
5132,1229
9158,1678,1487
570,836
4012,7125,1957
850,9484
7113,2474,5962
1721,8653
2740,2972,7181
6893,6374
3160,2632,1701
6085,6479
4440,1787,5007
3913,7155
9305,5195,5574
875,6627
128,33,9123
4209,676
7126,6286,8039
4365,9447
3360,5090,7284
338,7294
976,4010,3631
5645,3479
5944,3369,6337
3619,5805
512,7377,5774
5329,1786
2964,10077,7094
3043,190
1433,1116,8367
3741,2534
3277,2241,1909
6969,308
2395,8771,710
7490,387
7379,1756,1254
9777,6611
3986,3171,1165
3984,6606
7864,4627,2224
4128,1193
5000,2267,2884
3473,2006
3802,7250,2922
3314,1876
4169,4474,7571
4001,1710
1565,3006,6167
6331,3559
6713,8275,3734
3945,5484
6736,1406,1439
3829,1557
5432,361,5023
6024,6417
5985,746,2245
3648,6080
6945,5829,4902
3640,9055
2153,4321,2963
6128,7007
7676,1567,6991
5732,6613
2353,7245,7071
6891,1687
3265,6126,959
2841,3273
6677,10308,6093
3408,1175
4897,7217,1871
2848,2082
6592,1065,3112
3977,983
1369,4588,1286
451,4981
6289,9435,5453
713,4595
1948,31,3783
1986,606
524,8548,2005
3933,7534
4601,4683,7151
2206,5855
8064,6809,7727
5446,8135
4032,882,4435
2457,111
3154,1718,1126
440,5171
2730,2853,5423
8987,2380
228,4647,4631
1668,8687
2905,8801,164
1140,7823
7584,2194,2157
1605,2878
6419,5494,903
7337,1830
7218,52,3950
3016,9226
3082,3110,3575
4393,4147
3696,3777,7223
8113,4537
3229,10446,3991
4112,4325
9960,2324,1470
1244,4749
8402,4947,3218
5874,6148
1224,2875,4288
125,4117
2674,3909,919
5555,3668
1066,1843,1092
5510,7167
7360,5889,4049
7373,7798
4529,3106,955
4988,3156
8121,2579,8061
5147,6308
7388,7574,2583
8525,2446
2448,9600,493
9264,3437
4851,4613,8551
2235,4343
7195,580,8734
6993,4060
2129,156,2030
174,7790
3581,2598,798
5704,2751
1281,1067,8982
9688,9598
4409,7412,5420
2912,4867
1512,962,8094
6482,7666
2896,1858,383
11172,916
3168,1395,7139
185,430
9997,3099,149
1536,5316
4313,2036,3013
6843,8439
1816,6453,1965
695,6431
1624,2563,5125
2572,4103
10,4020,7367
3632,1121
10939,2189,11191
11216,11154
3440,3722,4091
4915,7782
6480,6803,8013
417,7351
4480,3618,7031
5010,5172
5561,6962,6988
5188,8830
168,7984,604
5073,5987
3926,7115,6998
6057,1319
378,3790,5127
6260,1247
10612,213,2582
1998,6887
3379,1995,287
8545,2300
3937,5290,9723
7481,5690
3856,4300,1277
700,7004
10975,3582,4279
4068,3574
80,8018,8269
401,1196
2305,2338,2207
3901,1807
3377,2250,1699
7965,158
3109,5758,4519
8282,4916
7061,7030,9535
3889,9566
2369,9364,6709
1817,93
1714,4796,3718
329,967
896,7452,3140
1713,1686
1769,1690,786
9547,3943
2093,3942,6127
6473,3799
5088,1778,1539
7449,1206
5769,2786,3142
4256,2492
8634,3452,5685
4770,6099
2592,9259,5439
8712,2613
2209,4859,11038
8569,6558
11763,4196,4086
3738,10636
1051,3458,6867
6514,2643
6382,3726,7654
4665,6647
3065,3086,10831
4320,6069
7176,4787,9766
48,6687
9504,5311,2015
3316,5310
3530,3290,5527
6306,5295
9841,7026,6139
3557,5390
7793,1650,7183
6350,5078
8392,966,8872
5602,2623
7338,1091,7397
8300,3798
4267,468,2215
2904,339
9184,7691,1822
1240,2724
4584,248,1902
6237,2166
4952,954,2023
4108,7886
6984,2524,119
2386,2580
4379,5180,4982
8691,6828
5473,2236,678
11025,6174
8648,2585,9577
4419,3971
1936,3763,92
4668,3077
2200,3841,4542
548,1318
2334,6150,4383
4889,8557
5068,5308,1523
4976,1927
6066,6421,1974
6105,6511
7384,2120,6412
644,6228
3483,9932,9582
5003,2407
4367,12204,5935
9106,1062
1440,5547,380
5825,2763
10226,7132,324
4768,2781
11695,2741,2975
3208,3835
11766,3398,486
8937,476
2292,5053,8606
9397,5271
2032,11650,1669
1820,9293
8256,5499,3103
6097,2951
3608,210,2411
7634,894
3008,4057,1520
4233,6375
3465,6474,942
7292,4221
1016,6385,9682
4408,5632
2658,8259,5094
7525,5790
2412,7630,2223
6437,2709
4586,5692,3509
4638,4191
5437,7301,879
4558,9438
5571,2718,3495
8258,1806
4832,2849,3954
1696,3346
11059,9527,4495
8593,6543
2272,4208,70
9624,6495
8464,7233,9458
8773,3118
1592,1617,2075
6659,6615
5449,3826,6690
5396,8637
3128,259,7934
1660,8492
7362,22,6430
5653,3919
9033,58,4756
1401,795
656,9787,4350
3845,4062
3497,4809,5173
3330,10566
2824,4546,5318
363,8468
1634,4781,1431
2960,5986
817,3838,887
883,4364
8972,1662,7599
2464,6195
1872,7682,3167
1403,708
2996,6540,5770
2002,2789
673,5998,3966
7729,3220
3576,377,2469
3897,4445
1443,4532,1501
1155,7980
2882,948,4332
8226,9124
4449,5012,671
9603,4255
1194,7963,8350
6978,6173
2296,3725,5087
1673,6262
5138,8660,2788
1618,8325
2008,7684,4134
10809,5603
8777,10786,5286
9296,4593
1312,7906,403
11398,1703
3704,5140,9252
6160,6679
4242,8429,5919
7128,6605
4554,7915,1622
4192,1598
5228,9754,7100
9202,4813
2173,5789,4646
4212,8085
2066,5122,9461
5746,3694
1256,3818,3566
1356,7877
7344,8404,4598
7758,4263
1880,5651,11931
2289,8679
2925,6405,5221
4305,6756
6225,7145,4783
3525,3335
5490,27,5550
1408,6253
7459,9732,7950
6113,4038
10250,5245,1639
3732,7780
3556,6140,2548
1674,6359
4594,2589,1167
3011,4404
1929,3543,4079
4160,10359
11011,3388,6918
4675,5435
9690,6100,7726
10680,7299
7859,8684,6351
7142,6119
415,3534,3079
2439,4327
3955,2148,6213
5664,5293
3266,6235,8926
196,5004
6858,6956,7999
6242,981
9496,6780,3478
10072,3069
2242,7892,1839
2127,7991
720,4227,5117
7536,11129
8592,2497,326
10906,2318
2987,132,4158
3475,7276
1207,1474,6711
9299,1879
7409,6219,9273
1582,6422
7085,9221,10503
5368,1153
7745,947,3221
4725,2566
1812,6013,4503
2539,1534
3433,837,6231
7473,4187
4456,6201,8786
9949,3486
6826,614,3222
1417,1026
1841,1645,2678
7213,3302
409,6692,5881
11168,3657
5760,753,7491
6305,75
3658,11892,10430
7956,5599
1242,434,188
6595,10334
3985,7414,6791
9472,4564
2401,612,405
6552,2385
6182,4547,3342
7297,5925
1362,4084,10349
1053,6734
7721,2012,7796
4176,5793
5464,370,2102
3832,3728
1610,3214,4695
749,1941
6506,8195,1052
582,631
9811,2132,6661
2357,7199
3269,10879,3879
8427,804
7224,5716,4063
5500,9230
367,10332,2575
6278,5615
6357,2738,6021
8812,8885
2890,396,9181
1296,3983
5754,11404,2540
2435,1653
6683,1581,9239
546,7423
3793,1978,4003
8880,94
2226,811,9406
12076,334
4850,9499,1322
258,7750
4136,7163,1559
3203,9236
2625,1282,5478
7570,3059
7298,6532,5022
1361,7225
10221,6786,1365
1600,43
6929,8458,2766
4389,8142
6186,3820,7887
9986,8758
6721,5297,7455
4330,6095
3150,2282,4278
2843,3339
6300,4869,11575
945,3870
6761,2835,35
4681,1507
6019,1284,6415
7008,5753
6470,9870,5151
1172,4231
1008,11113,2195
8003,3383
1873,1637,559
4715,12151
3952,220,325
6939,8612
11224,7369,9819
1250,7107
10168,800,1309
761,5236
9835,4045,4999
3177,12471
5032,8737,9303
10880,11278
3936,5750,2870
3445,10223
7280,7724,2046
1538,3730
10018,7059,4206
9297,2893
9282,3332,5375
9922,4078
5456,1461,7718
5608,9695
1750,10254,9807
11265,4492
5543,5170,3871
6583,8319
6137,6492,1151
6258,3411
8400,8024,4798
3032,5213
4616,5946,5099
4828,6279
3417,4553,4847
8409,823
4618,8580,8839
5460,5397
7178,11019,6530
7357,7222
1048,7884,6909
121,8899
6497,4034,5103
6439,10487
2488,11004,8783
9673,7755
968,170,4395
6825,10015
6490,7363,4346
4397,3719
10306,2470,3550
8661,926
6963,2836,532
10765,2662
1954,2611,5749
5594,5703
8979,941,5430
9641,9915
8245,8357,399
6707,4132
6852,2564,10605
8219,5052
9317,724,10989
4881,8493
953,1017,1741
464,7436
6336,9666,5628
7513,173
2872,2994,7856
5476,4070
3624,6401,1657
2347,2684
3256,6011,6190
8524,5055
6152,6637,10381
6905,2028
1547,4693,2839
1009,4167
8416,1032,5568
3280,7783
6466,7091,7954
2219,4718
2888,8689,722
5926,1430
806,10620,10174
7017,5039
8576,4827,7147
1120,2007
4930,4414,8855
9921,9964
9049,2561,5997
5973,5638
8033,8298,1990
1044,3053
2496,6494,4047
8539,5511
9564,7445,4303
4345,9468
12044,5157,855
7341,6766
2320,9385,9166
9858,5181
10409,7754,5662
3848,6091
1409,5277,4670
2040,870
5833,9742,9063
8082,9395
8073,5235,7596
1736,1265
992,8849,2447
9090,7732
347,2924,1211
273,9549
10315,1877,5079
5434,6028
7620,2278,9047
4673,11187
9036,1374,3614
3057,10855
616,3573,5879
2072,7090
633,9978,9802
10331,2998
9064,3861,1199
9146,2243
12128,10419,8820
8828,7110
1169,206,5815
10394,7171
10008,2845,10493
691,5798
6392,7484,7045
9595,3548
9104,10970,3588
10649,5853
4946,6654,5106
2665,1335
9608,10905,1342
8552,1202
4533,8902,8845
8961,10107
6065,4579,829
8227,7628
1545,5979,1191
8025,7785
1270,4993,782
6830,9471
12288,2211,8332
4611,9805
8384,6539,1973
5400,4778
10314,7629,8870
11856,5002
8089,2003,6883
10325,7503
2513,5787,265
3201,4914
7936,7817,6397
3240,1882
5804,7323,8004
3808,9453
2577,1554,7215
6833,796
985,4018,2295
2187,6468
10336,5139,3164
3921,162
10568,5377,10260
2608,8134
8177,1691,8463
5024,10053
4581,11466,9125
6026,3938
8547,8380,556
6793,4339
6144,3484,920
10481,1429
8856,2090,2460
8645,11774
5280,7386,9380
7678,5775
5202,4380,3517
7057,1297
1114,6907,4829
4853,6997
8184,7496,8296
6578,9714
602,1370,1215
2473,4740
7401,3067,7693
4720,4517
3249,5778,7614
1267,7597
1584,3260,5262
8123,7812
1921,963,1524
3690,701
10944,10321,5639
2945,9678
7378,1204,2020
2312,9554
10352,1648,5581
2688,8120
11200,3602,2974
2425,9998
8138,1796,562
10458,1914
4794,3323,6030
3610,898
6850,8132,7135
8224,4359
680,6491,7683
3009,9366
3641,1530,8268
6147,1011
4475,3469,3078
3920,4990
11626,11117,359
10811,10125
10717,7830,957
9155,12108
3472,788,438
8509,4549
6136,322,7565
3448,11665
5129,2178,8998
8096,11622
6311,3843,8191
240,2297
2193,6716,3102
2265,3317
5993,3477,558
9840,4391
2603,7405,8294
1531,2655
2929,4852,1423
3545,7566
11722,9844,7694
7448,3108
3138,244,2374
10256,4154
1992,4109,8701
6189,5285
2737,147,8918
8317,2543
1035,1300,5870
3764,8878
5865,8482,2774
7315,2190
9241,5274,9111
9891,6799
6555,5846,2311
5531,4348
7240,3600,7037
11984,1731
5818,7042,7486
6633,2802
843,427,2735
3737,1405
5058,2068,4709
6948,198
7089,11338,9413
9946,3396
4114,5907,2230
3145,6898
3794,4494,6782
5017,1246
9501,1525,3638
5314,5708
432,6609,5381
10603,4941
8144,11419,2596
11382,3143
1040,785,6451
3907,1198
5026,4123,2140
4130,11319
9604,5814,8028
6970,7710
1225,2916,8694
10100,4814
856,4530,8029
7771,3739
8496,7870,6838
8115,5165
2330,10539,6036
8585,11212
10734,11893,2302
7489,5348
563,6860,7607
9866,5943
1329,540,8279
4512,690
10122,7588,11662
9992,4737
6602,12010,8459
9874,4573
2489,7421,5959
9791,9583
11547,8572,10567
5578,5358
2258,2798,6103
1667,1390
8154,4362,4535
1505,2826
3628,8565,1006
2769,1095
1570,3476,5391
5458,7043
6874,1187,84
6400,6378
5044,2052,6309
961,6203
4811,2436,8925
8714,1587
10323,6933,2110
4141,5989
9945,5474,3748
7304,2201
3601,2772,2559
2409,2556
3424,11116,8486
6476,861
8417,4061,561
4050,11756
7800,8570,2363
8456,2322
5880,341,1685
6648,784
10731,3300,7957
5123,6181
11064,7530,5644
12225,6815
4274,9002,3683
9890,6990
8312,964,8445
11802,6493
5667,6445,902
915,2550
8952,3252,11197
4162,5163
8911,9470,6719
2857,4966
9801,9425,8326
12028,3751
9122,658,1658
6393,7897
3091,5756,11031
5211,518
4291,9436,2183
7941,767
6930,2391,71
9396,9228
0,1932,630
9649,12310
10165,3294,3295
4901,7781
688,4900,3367
1305,5958
9078,8868,3438
5834,9685
4888,9393,6403
9480,9377
6257,4610,9681
933,7383
1576,4170,6550
7450,1068
5738,2299,3247
3336,8621
9503,5413,9031
8764,2511
3553,5794,4398
8993,1209
5100,869,6087
1088,743
2168,12780,76
3169,10373
3320,4201,7095
5105,2138
4457,285,9381
11921,302
4473,3842,10398
2750,5647
10704,11579,6917
11515,6371
6040,4490,9916
6653,2061
5443,9612,1381
3457,10205
8328,2921,8215
2869,4463
6650,10364,3636
2754,7117
8746,5275,10926
4848,8567
113,5091,8767
3328,3427
3881,8118,10311
9457,4774
9793,1404,8341
11942,9710
2361,4509,3742
4818,9630
1299,6635,8055
4249,7307
1200,5851,11037
1996,950
5376,8662,11526
12064,4513
1937,5278,9057
12483,7404
9545,5426,3797
11818,8247
256,1177,6742
4218,643
10329,8437,8358
8201,9651
8562,7170,5669
6656,8518
8257,4666,1103
6921,1574
2560,835,6789
3494,8103
7652,4262,9279
5384,7526
5812,7509,575
10768,3193
8161,9193,5486
5512,1127
8418,11299,6317
7969,5866
2281,6204,3886
1651,9446
5405,3390,2863
1608,1446
10231,8390,1287
1321,8389
5897,3686,2879
24,2734
9249,10113,5911
7096,3010
1612,3695,9407
10578,1692
6681,12508,1183
6475,5519
5845,10533,7279
7211,1399
5891,4115,5492
10956,7791
4589,2747,4733
881,714
1219,4076,2918
10770,4789
2416,10625,9089
6449,7230
6538,7674,6823
1029,7742
9530,9309,5863
9448,9197
1544,890,679
4111,8295
6307,6516,1934
3181,2895
2121,5970,7027
11284,6951
1707,9420,839
1676,7093
8851,4556,10235
4259,10087
7880,6777,9187
9512,10902
9473,7716,1262
3481,2647
8315,8276,8198
6617,5821
4944,11827,10070
10987,9894
11298,11387,4623
11867,6206
11027,7399,1983
2185,4382
1185,1749,1118
8595,4159
10202,3318,4335
3830,2959
6675,11970,5867
7808,11459
5742,6322,10518
946,6775
9225,3953,7615
1835,3460
11907,10909,10735
520,9897
1476,10263,4831
5546,5556
6301,6110,3982
1129,3663
7537,11580,7053
2372,8853
7048,1513,6108
8048,6521
2024,2715,10511
10345,10579
1142,7366,4415
5788,7663
2321,7407,1825
491,10814
6783,11477,711
8792,3090
3753,4788,9943
3392,422
2530,2907,2661
5598,2639
9433,1083,6862
312,901
5225,9636,5693
2402,9412
5616,2979,5797
5939,4949
10217,2004,12414
8522,2823
4065,7794,8230
1532,134
10161,1188,9717
3179,11644
1875,5109,5782
9912,4634
769,4650,4911
3587,3372
227,5700,1951
11069,7
10322,11340,10279
4524,7270
2713,5419,9204
2059,7227
1956,10813,3005
10416,5174
4400,10658,3643
9176,4066
8016,6949,6325
11828,7940
7866,4876,8974
11049,3355
498,8044,2343
7996,2710
11676,4806,5887
5859,6292
8352,8321,8193
935,3375
7832,10001,5811
8204,8775
7238,10318,3423
10338,3199
7306,2621,10453
3681,8867
5244,1800,10236
11552,4722
10631,7079,5199
10290,8900
3080,11468,3701
11733,10749
4779,5005,2485
11528,7124
6352,4541,3039
10059,2062
536,3274,10653
5347,10140
2472,11171,15
9924,4437
1752,6865,7819
11781,9669
569,6827,4862
2097,5355
10417,7467,9132
8921,9373
9404,9021,4407
12745,647
7893,9644,1789
1128,2630
905,6747,8598
402,6879
3706,3555,9660
5665,6369
10792,1623,2687
12600,11439
1689,7370,9683
8650,7447
5761,7138,6851
241,2594
11222,9182,10006
1630,9607
8265,11849,10280
330,6973
2983,12814,7207
9383,3615
7553,3789,751
8864,1522
12457,8034,8047
9028,7517
1480,6639,975
672,4639
8560,4341,2453
653,10502
2570,7603,3836
2628,525
10000,2309,9118
4763,9700
6889,11445,1846
11746,6667
12400,5661,4237
6114,9482
4691,4571,7275
5048,232
5969,5529,6685
261,8454
8641,2445,4822
9313,10045
5457,8397,8589
8481,1269
8896,3236,9070
8225,8603
6176,7730,11335
7698,247
5209,5730,1189
11698,5398
42,9654,12007
651,9358
1392,1352,7878
1280,151
9849,7807,9903
11458,8623
10193,8083,5813
97,2607
5363,3645,3887
3997,5119
4978,5565,2238
8180,9278
10522,2642,1782
12017,5786
3410,5483,6589
6556,2991
10577,9219,2908
10137,10510
9370,9756,10391
7403,12084
11408,635,11964
484,9796
2545,7130,3050
8093,10270
6575,8251,1079
571,7637
4931,8748,2158
3968,2493
2984,2124,3502
8923,6694
6416,2123,1422
465,4411
6892,5964,8799
5304,10335
1232,6380,3126
5408,986
11824,1895,8951
9321,7558
9826,7428,5717
10504,7347
5394,5269,8759
1528,11503
68,9102,8500
4989,3599
4105,7938,6275
2844,1046
5323,7340,109
3965,3023
3650,6989,1797
3656,2202
3272,7907,6413
9845,8766
8098,1311,10863
6196,8861
4064,9781,11205
11376,8804
10294,11581,9142
11232,9729
12620,3436,11639
11210,8421
11173,2478,2503
12517,3358
6576,8387,5523
8009,7658
1672,8563,11100
6434,7021
9539,12343,10103
3063,1351
1050,2069,7439
9611,9421
4776,4042,9923
9773,9205
3672,1947,461
794,252
3915,637,1366
7251,5101
2934,1773,8718
625,6282
6396,7485,11095
2500,990
2681,7161,5357
5001,2796
1473,9905,2269
1081,6884
6250,12667,6076
8666,3310
5113,11778,4667
9918,9455
6433,9510,8966
5388,12493
7121,2554,10116
5136,4597
4970,627,11118
11176,4353
9097,3117,4095
6664,9941
2527,7019,5335
5905,3341
9234,7546,5266
8843,9492
16,269,9334
3680,1704
10220,9556,7575
1761,7714
8753,9053,9518
5498,3964
4225,8179,2782
5076,6812
2552,8363,9596
7844,6807
6632,1753,6121
7051,4942
9114,7947,6762
1666,2388
455,925,7087
7082,10941
1980,12,4094
12333,3165
9304,5324,1213
4420,5326
1464,3979,1163
1498,4714
9082,12579,2227
3837,11631
639,2517,12055
10459,8035
9824,1033,3482
3226,6886
1561,5462,4863
4387,3711
9096,5282,10078
10317,10278
6946,3507,1491
1730,12363
4370,6668,11406
9544,9260
4452,2958,10207
3769,5246
3929,7515,1958
2942,5687
7177,3306,5900
7504,101
6792,5588,4205
1744,8361
5744,4426,4155
7009,12115
1970,5961,9098
6619,7382
5392,10101,4671
5689,10851
6360,3564,11671
5899,7655
8216,8625,5351
1537,6972
8664,11529,5161
7457,11927
7081,5733,8678
3898,9747
1210,11307,10151
2057,5991
9913,10389,8975
9712,7865
6745,246,6071
281,7945
263,1863,7631
6448,3571
11144,2034,6548
9248,10557
11625,1859,10780
10816,3896
4441,254,7951
7602,7179
1568,2274,7328
5019,4007
3096,10760,10896
8962,11619
10073,10037,12445
408,7876
7973,5972,885
8601,4275
6512,1057,10158
12320,4216
8266,11540,5909
3714,436
10096,3934,6159
6312,2618
3944,1137,4145
834,4694
9424,11450,8549
9437,3510
8672,11465,10801
12362,2021
8489,12211,7212
4200,10916
8682,4270,3422
11793,2475
8604,5322,10204
10643,6821
11448,9341,4742
9947,4973
12160,8778,9854
11164,6398
7065,10637,4406
4896,7228
298,2606,1967
3322,6726
12177,9876,10742
11045,7559
10673,667,44
11034,10173
10642,7869,7422
1060,6853
8343,12650,8431
4625,10548
5649,5477,4031
3924,1775
11169,12649,6588
6296,10068
10952,7699,5051
11104,12756
1580,7549,6446
2627,3148
4950,10093,7966
979,9262
1485,5595,9109
11040,6376
4664,5849,7364
4608,5270
1784,6920,5469
6324,3973
9147,12149,8654
6083,10583
11461,1869,3125
11464,12045
7258,747,895
10529,7895
4873,628,10645
8106,1925
9016,10787,9652
4576,4298
5884,7669,4868
9627,6845
5912,3155,7288
650,3186
6536,7332,11357
10017,6459
6568,10232,6508
6811,10990
1680,13,1590
2906,2011
11065,9050,3814
9973,10758
8898,9331,11244
11723,10252
99,1339,4692
7948,6461
362,9300,6614
939,2045
6872,6546,9038
9592,9150
7665,7942,2599
6731,9463
2800,2889,6025
6109,12103
1832,3029,8112
578,6084
5465,11761,4637
10671,12399
4833,2546,4991
4866,1757
2298,827,9525
3981,2815
6313,6642,8818
1861,8583
5800,5069,5190
851,9301
7216,6012,10672
8763,8159
11840,10513,9725
11184,5584
8784,6059,7333
10440,9409
8420,2077,1591
2638,238
11787,10709,5575
10697,3162
1515,6772,8102
10505,9795
10393,11347,9639
1681,611
8930,1260,2182
5796,3958
4880,6156,3749
6089,622
10616,12098,10550
10699,1847
8887,5334,10431
5380,7845
4272,7670,8231
12611,5980
3675,4877,6591
8514,5182
3904,5057,7733
3595,1852
7105,6020,5252
1186,9751
3649,646,2089
3362,1564
11288,9889,3189
11788,4023
7226,9419,5501
1705,7613
8528,1953,4536
10883,3095
7700,2941,2350
897,2567
4098,6172,642
6824,5657
7137,9188,12613
9937,9606
8313,5291,2758
8329,10244
249,3670,3415
5995,5781
1328,2673,6651
8074,2973
4856,12059,12533
2728,8037
8488,10227,4871
1136,9073
6320,6580,6143
41,8917
9640,2434,6911
10498,9635
6050,7114,12598
3040,1147
7928,4708,3767
3813,8398
12081,1135,10775
1971,9004
4184,356,8399
12480,7313
666,2491,1758
2797,7958
7689,4126,191
3119,5239
11192,10388,11108
4004,9428
11416,11062,12543
8721,11795
3912,7786,8932
10848,9833
11146,182,9567
5673,8740
6272,12125,54
6248,8697
8376,11700,9316
9618,2932
5433,7410,2259
7505,6164
11432,2114,135
2268,12079
4280,4289,1519
7289,8221
2329,8685,11102
12754,2462
3528,914,416
1906,5590
1064,2172,11103
6499,7815
9011,204,6463
5613,11933
1931,3524,572
1504,4520
450,619,1197
3882,659
7604,9390,12207
145,8519
3400,2171,1020
2692,1509
8289,7078,5967
4544,634
2617,7539,8860
9012,10030
9138,3051,8207
7368,8042
209,1233,157
169,61
8393,12306,12335
2233,5234
3225,6,911
108,2087
2337,10461,7542
6784,6501
2832,7001,1845
9274,9422
1540,965,1463
146,1770
6881,12228,10903
10554,3773
10994,10908,3878
9353,12819
8,865
50,503
874,187
662,862
304,463
266,365
610,166
20,5806,3895
284,1078
117,1077
316,686
677,39
660,892
1278,47
56,668,758
336,893
5093,4277
3489,62
4431,391
4793,3987
9650,7470
3996,5620
4587,3655
2636,1094
1571,7967
5735,1855
4464,4315
3000,8822
1644,7764
6456,1455
1106,871
4120,3970
64,1803
66,5203
7709,3158
74,5237
82,1302
310,86
88,809
90,1647
2026,95
2355,2381
1671,1943
1808,725
460,629
194,1453
3822,215
4312,105
354,126
499,1015
130,500
522,998
1944,592,860
398,2159
609,1231
137,1684
10992,139,11948
4899,10807
3283,9775
11053,12174
8834,7587
152,2365
488,369
792,675
586,772
154,591
1003,357
3282,1619
1886,2694
163,3101
4872,4417
2557,2742
5296,2743
176,3366
1904,4883,3949
178,4083
1384,5406
4402,180
183,3442,5463
186,3418
1611,348,511
192,709
10584,11745,10691
11833,1913
8738,7611
208,8739
9812,7293
9720,12446
9240,12451
11473,12167
9601,9783
3354,11877
12464,6908
11709,12726
10753,11770
6252,8725,1222
211,4836
217,1324
222,6102
224,5365
226,470,439
233,2977,997
11536,236
12561,4124
1306,12908
10258,237
11155,2588,245
251,932
5146,1358
8250,275
565,7797
2214,279
291,5475,4071
7273,294,3215
296,6072
1416,300,3263
577,1101,1502
474,318
8605,999
4460,6871
10681,11006
12305,9901
8136,12365
9505,327
328,7635,8807
8501,12325
1315,340,821
737,1602
344,2760
496,351
1881,9267,7623
372,12551
6227,375
385,6771
8426,11767
4800,389
12105,4730
704,393
4739,6564
1526,7639
3850,407
9994,1421
5520,9400
4957,9039
840,413
2115,791
7836,2332
3450,2285
425,8675
3779,8996
442,4215
6553,9709,445
10369,9851
752,6079
10523,8107
2654,7278
2818,467
1988,11199
5232,8457,3363
8473,1149
471,2663
1085,4782
5593,7203
2649,2339
3780,11822
11188,8958
472,6125
978,11327
5882,3237
11236,10141
11864,8874
10002,10827
12057,3956
9739,12813
12573,9735
12309,10759
12806,12567
12498,12547
11522,12052
11218,11291
6435,11725
12316,10710
12677,11654
10683,11772
11992,12830
12772,12063
12507,7551
11297,9951
473,12762
12235,11813
12784,8485
9352,11998
5672,11558
12744,10022
6131,12583
12699,11047
12200,11311
12193,6959
5350,10031
8905,6965
11400,12518
12604,2871
10572,12092
11841,12214
7762,11330
833,12612
9677,9718
12004,2119
12537,9162
10976,12371
12746,9804
8928,12735
10889,12114
11097,6794
12281,10892
10632,11359
7569,4959
12640,4244
12390,11679
11481,9101
12774,12135
3746,11514
9576,12522
9578,9895
12458,2923
11435,11629
12723,1901
12402,11699
10219,11443
4987,11965
12542,3519
12802,10179
11140,9415
1347,475
2612,5604,2222
480,3166
2680,2482
2443,3854
481,2780
589,494
3512,5401,4699
3677,501
1777,2037
2208,4525
857,5198
3376,2911
5542,510
505,8699
508,974
888,11969
12714,599
12216,10149,8214
12173,12782
3724,10925
514,10019
523,10923
3361,11107
1208,10899
4926,527
6842,4652
2144,531,2669
545,10878
8218,8668
550,8151
6232,3592,4219
3906,3666
2253,4878
1482,1412
7913,551
5562,4502
7801,1628
971,4318
2954,3885
10156,2487
3298,2364
2176,4009
4041,567
11736,588,2935
8506,6810
11616,3506
7205,7894
9224,5412
595,1606
4363,596
2147,9108,615
617,12012,11869
7708,7910
4487,641,5063
4428,3414
10488,4430
663,10255
2056,9349
3048,665,5819
10437,693
11924,12828
12187,12662
697,1291
728,699,2212
2301,4150
1387,6294
6528,3386
8529,8791
5696,707
4334,5135
1857,5990
7664,716
3499,726
12738,10284,7430
2553,859
729,10251
8802,11750
9128,731
744,6388
754,1771
3064,1252
8347,755
6332,757
6107,9590
3664,2950
2667,1765
6585,4027
3293,4311
5243,1452
6345,3315
2569,774
5409,5910
4522,1102
4121,7084
1729,2873
2146,1892
1448,777,1228
825,1586
1190,1518
6270,11599
779,863
10784,7476
6328,8075,5830
10099,5495
12054,10247
8330,1499
818,9476
3213,6046
3923,820
2170,6175
6426,6701
6048,4861
826,8652,6205
6524,5924
854,831
10050,8683,11743
10082,844
10984,7425
9067,1813
6008,867
891,6039
7816,6052
11456,3755
9361,900
2466,2619,1542
2722,1002
1794,1134
2752,1419
907,1829
1481,1258
2549,1655
1220,1541
2668,910
1428,934
2136,2410
2520,1890
2420,1919
3928,12644,917
922,3827
3394,6533
930,1735
2822,943
944,5332
2992,2700
1824,952
960,2165
980,6387,1156
3995,1132
8208,8890,2471
8788,3287
2501,1613
7908,6999
8842,10684
7441,6835
6120,11554
8442,7133
4933,5102
3308,989
6545,5378
6943,9975
993,8577,9207
3642,1018,3500
1025,5683
3104,1027,4677
2400,1031
5601,1389,1037
6224,2133
1042,4932
10033,3613
1069,8293
1074,7050
2393,1711,3271
3251,1084
5112,3035,1086
6297,3034
8405,1093
4568,11294
11322,1099
1100,6478
3993,10844,11455
9752,1110
12077,11414
10474,9708
5765,10183
6500,12036
1112,5227
11732,12679
1122,9580,1918
1124,6581
2104,1138,12035
1141,2957
2574,3007
2651,1614
1868,1959
2514,1355
1768,1654
7576,7232,1143
4025,6854,1145
10714,1146,4500
9533,7159
1243,9981
7418,11645
3563,9116,1150
7456,4232
3470,1911
1738,1157
1158,5367
1160,2778
1162,5923
3644,1164,4660
4744,8478
8056,1174
4165,6414
4937,6267
8122,7148
3612,2286
4890,6645
5060,2191
7992,3131
1332,5342
6425,3855
5104,4985
8304,4955
4906,1179
1201,1181
1212,1276
1217,11874,10428
5294,3959
1493,1230
4713,5902
1234,3420,4357
3187,5214
1259,2807
1467,3076,2071
3432,3217
2562,1454
3468,1261
3037,2397
4185,4491
3001,2652
2162,4316
3344,3772
3243,1596,1975
1274,1885
8371,1294
3859,5878
8808,8803,1301
8873,12074
1307,9180
7352,1308,3431
6440,2733,1310
4377,1316
4687,1326,1615
1790,4351
11273,6455
9075,4612
10515,1327
11544,8978
2288,11260
6922,7759
3232,2101,1334
7002,1683
7032,1345,3504
6859,1348
1819,3852
2419,1359
3552,1962
2065,3205
4265,1364,12150
3137,7586
12384,10420
4538,1373,7686
3347,1382,6015
6233,4164
1386,3918
3521,3175
6436,5718
1521,5493
8451,11237
8537,11511
3579,11799
1393,11988
11917,8111
7561,10986
10536,10309
3161,1397
1402,5487
10034,5668
7883,8222
8780,8239
8946,3020
1725,4055
7308,2749
1603,2691
3908,5918
5974,1414
9526,5759
1427,8190
7393,2518
3925,2438,3727
1444,7502
1458,9829,11214
10776,3721
1899,1459
5937,1465
11457,9335
10837,10678
1483,9620
5536,5410
1976,1490
1779,1494,2047
3176,1495
2682,2143
2490,2428
2962,1742
1496,1575
2252,1772
5193,1497
1556,2108
4241,1578
3195,1795,1733
1597,2773
8989,1599
1604,1677,3766
8220,1621
1723,1629
1633,8090,11123
6517,3951
6276,3055
9852,6157
1659,3750
11010,10771
8829,1694
10171,5719
9160,10134
5538,5861
1700,3307,6244
3665,6819,2294
4704,5569
5065,5219
4928,3030
5344,7619
4980,1709
2933,6975
2112,6967
1888,6840
5624,3149
1716,6180
1907,1719
11697,1726
3961,8991
8658,7516
6138,1740
7494,1743
4082,4940,2396
2098,1767
1776,11863,6759
1898,1799
9208,7266,6142
1801,7651
1809,10882
4024,12593
9129,1814,8271
8636,3957
1827,4462
1834,6612
11090,1844
7601,5981
1850,10172
3480,1866
1893,2094
2856,3284
3073,1894,7174
3429,6263
1897,5827
1905,4717,4470
1908,2348
2748,2060
1912,2204
1915,11380
8571,8542
9270,8655
2862,12302
12408,11543
11008,11333
9726,10687
8211,9467
6757,6535
1922,4484
12061,12405
9336,1935
9536,10197
5152,4051
1939,12069,11519
1968,4360,11126
9629,5054
6676,8726
9813,8733
1969,9559
3340,6773
10043,12476
7194,12062
2180,1982,5204
1989,7719
2352,2342
2179,1997
2010,3046
2025,9586
11901,9615
12633,10738
7024,10930
9706,8199
11077,7621
4097,10083
8097,2029
2131,4172
2033,4229
3778,2291
2161,4149
6915,2038
5992,10978
2039,4087
5210,2042
5681,7068
2081,4337
2048,2939
2053,7687
6363,2055
2073,11003,12231
6402,7047
2085,2213
7964,9967
8760,2257
10105,2107
2928,6162,2450
5809,4910
6027,6678
5451,4644
4857,5027
5605,5422
6597,5622
2307,2109
3522,5338
6112,3474
5224,3654
2111,9054,6343
2134,8079
2794,2139
2427,2413,2150
2152,2398
2156,4399
6741,8854
2160,11852
3002,2310
2645,2494
2605,3319
2519,2383
3905,3516
2346,2163
3136,2502
3747,3821
10362,12068
2731,2174
2273,2198
11993,5580
2675,2203
2228,6214
2246,10581,6958
2248,11052
11249,9495
12195,4358
2256,9779,3348
8964,7647
5049,5701
2586,2262
2698,6863
10872,3712
8491,8895
2264,5949
8729,10209,10413
11576,2293
11952,8613
2306,2706
11314,9623
7152,2314
4354,2316
6207,2335
11209,2349
2784,2354
2358,2620,3446
6014,2366
2378,8942
3385,2399
5043,4804
5160,2382
3785,4972
2404,5772
6628,2414
11242,2421
8716,2989
2432,8461
12282,9372,5110
9746,2437
2444,5573
3589,2455
7281,2507
9466,2459
2465,4340
6900,8588,2477
10138,5539
7825,9529
7264,2480
9546,7282
2723,2483,3255
2481,3357
2920,3239
2484,5893,6038
7995,2486
3374,2526
7512,2528
2532,6885
10921,2533
3688,5666
2535,8455
11975,10415
8674,2538
10938,2547
2578,4812
2587,11972
2947,2604,4835
3593,4493
2624,8109
8011,9019
2634,6423
7184,2988
10802,10556
12304,11032
12809,10766
12041,9203
12499,12283
7752,10819
12203,12663
6699,11308
12033,12527
12385,12244
6938,11431
10972,12407
6384,2653
11250,7389
11136,6202
2664,9877
11112,9771
12538,12083
10482,10091
12138,4773
11033,10271
4373,12294
5056,10692
5629,2670
2696,2876
3087,4127
2712,3434
6051,2717
3684,8669
2721,3141
9521,11981,11321
3892,2727
12241,11655
2744,9821,4543
11640,9961
2761,5534
11737,12153,2764
2787,5175
2792,11658
3464,2803
3345,2805
12234,2813,10414
5784,8001
8288,2829,9966
8472,2833
2840,8229
2851,2891
12456,3281
11651,2854
3930,5197
2859,10324
3337,2860
4429,3286,2943
3492,7847
2867,4356
4497,10339
3107,4347
3019,2877
4840,2885
6002,2886
3801,12435,2894
2897,4979,4015
3212,4590
3584,4469
2898,4659
2948,9295
5216,2910
4913,2915,3404
3074,2919
2953,5591
2961,5894
9387,2966
3296,9696,2968
11546,7932
12192,6586
6281,2970
2985,11537
3012,3124
7696,3022,8639
9152,7853
7296,4626,9231
3024,3093
10858,6198
10954,11109
4921,3026,6221
3041,3866
3045,3462,3047
10955,3054,10055
3056,11293
9667,3060
12155,12171,10142
10169,12183
11627,3062
4801,11334
4633,5525
3072,3717
6302,4174
6042,7326
7465,7066
3113,4759
8616,5739
6882,3254
9245,4750
3114,12732,10007
3122,4603,9699
5540,12286,9719
6265,12765
3123,7190
11304,9487
11808,12421
3130,4307
4161,8092
8840,4954
6003,7269
3147,7396
3152,10740,7927
11916,12790
10432,7595
6814,9759
4953,11918
9736,12671
12832,3874
10618,10405
9762,9271
11105,8836
12482,12770
4790,11463
3682,3157
11871,7863
11494,10839
12771,11063
4710,8831
9713,9786
11393,11125
12730,9117
12619,3190
3206,5983
3285,3207
7498,3334,3210
5249,3211
7400,3216
5331,3219,4917
7874,3227
4929,8531
5713,5537,3231
3992,4297
3241,3324
3242,3834,6166
4146,3382
8000,3244
11994,12238
10537,3245
10497,9517
5955,7527
7552,11578
11769,11002
8306,9935
12172,12500
12425,10066
8512,6299,3596
3261,7015
6955,3459
3708,7821
6562,9483
6704,3267
3275,10372,9910
10713,3291
9938,12571,7454
9081,3617
8466,3292
11437,6542,3303
11848,11388,8735
12473,10491
10833,10005
3304,12251
9218,7875
7076,3309,3862
3313,10773
6370,8050
6010,3508
3931,6669
4194,3391
4251,4005
9032,9172
5064,5709
4028,4188
3803,10199
3662,4022
5822,9855
5586,3590
7592,7372
5714,5395
5385,3788
4220,3326
3883,9127
5312,3352,3327
3768,3770,4375
4450,3815
3667,3343
3365,4703
4072,5337,4427
3371,3691
5077,5934
9201,8434,3373
11977,10291
5676,3380
4563,7221
3403,7052
3405,5623
5081,3426
6153,3443
11555,3455,4559
12331,12060
11000,6644
5217,10012
10248,5820
9477,3463
7219,11862
9770,12243
3466,10965
7038,5343
6427,8924
6749,5389
7779,6636
5932,7838
5896,4821
7302,6599
7649,4844
6060,3671
8480,3693
6913,3471
4444,6199
8088,4575
5883,3547
8187,6222
7885,5503
4180,4326
6776,5258
5116,6230
4369,4629
5387,6303
7841,7319
4467,8693
8752,5965
3496,4421,4599
4002,4107,4523
4416,3514
3585,4567
4396,4958
3520,8970
12120,11809
3828,10230
10543,10703
10754,11979
3529,3867
6800,3535
3537,4858
12465,3539
11811,3541
6888,3570,4965
10509,3605,7879
12307,10845
7361,6098
3860,3630
3796,5780,6420
5641,3676
4967,5838,3679
6836,3692,3710
11601,12198,3697
11153,8530
10262,3703
10011,3707,4198
5648,8688
4786,3900,6295
3709,3839
6467,4423
6409,4515
3736,5206
3744,7922,8342
10473,3754,6298
3762,7706
3776,4073
7020,3804
11121,3857
11760,9776
3816,10854,12470
3817,4019
10040,10299
7208,7437
5259,3823
3824,10812
3864,8235,10652
9280,7765
3873,4830
4824,4505,4651
5098,3893
5025,5021
4732,4758
3916,6373
4592,7416,3939
5857,4310
9238,9750
4746,4557
8249,6657
3976,5414
6192,6379
7112,7901
9449,3989
5075,4294,5471
5080,4905
5521,4636
5712,4842
5257,5372
4748,3990
5184,4283
5715,4630
6652,7988
7814,3998
4017,4643
4458,4199
11120,10132,4006
7788,10366
11472,5631
7888,12170
4008,10374
4092,4044
4046,8423
11407,10565,4615
4053,7103
10962,9215
6418,4093
6485,4886
4101,12541
5186,5317
12921,10564
10094,7359
9024,8041
9009,4110
5679,7239
4137,9727
4649,4138
10128,7857
11132,4142
7186,4156
4166,5095
7321,6818,5260
4171,5013
4736,5481
8021,4189
4956,4190
10755,5036,4207
7466,8611,4236
6563,8615
6169,6655
8267,4302
8152,4622
4792,6284
5288,4308,4805
5554,4238
4753,5169
5201,4245
6161,4539
4248,9538
4282,6314
4925,10350
12496,4284
9288,6739
11569,6146,10799
8099,4287
9513,11839
7426,8484,4293
4304,4461,4518
9728,10585,10486
12321,4329
4331,5548
11016,6875,11807
8164,12005
5576,10061
10249,10246
11963,10933
4904,12324
12227,8165
12032,9810
11989,11710
7644,9389
9965,8798
11312,11070
10553,10210
4352,11834
4413,4374
5298,5549
6353,5545
4422,6486
6728,5231
4436,4951
4454,5847
6722,8346
6200,5327
4961,4483
12355,11940
4472,5618
4488,5705,11502
11513,9911
12692,12015
12141,10215
11782,12615
9283,11909
4752,4516
6442,5572
6458,9076,8862
12761,12443
8722,7918
12713,4550
10145,4924
4552,9837
8145,4572
4734,4583
11688,4684,12116
4604,10429
8841,11913
8072,11266
4620,10830
9113,6179
6104,6797
6377,4635
4641,4815
6977,7035
8153,10591
5386,5611
8297,7803
4642,8749
4658,11013
8406,4662
8008,7074
6569,8700
6995,8772
9120,4802
8425,4884
5933,6847
7971,5559
5264,5869
5504,4674
5185,12089
10507,4678
4680,6510
4697,4887
10289,4700
12312,4705,6750
9017,4707,5612
10864,8770
11603,9557,7989
9368,4723
9131,12638
7427,10455
8608,4934
5817,9701
5553,6367
4761,8071
9003,6829
7560,9542
7896,9214
4771,10023
11539,8581
10761,5489,4820
5609,4825,6462
7104,5229,4838
4841,6234,7318
4865,5362
11720,7702
8379,4870
9585,11348
8532,11663
8240,4891,11983
5497,8444
7881,8244,8150
6323,10237
9441,6365
7314,4909
9761,5843
11483,7116
4912,7166
12698,10791
6090,7839
7000,4938
5156,4943
5842,5747,4962
8353,11035
6290,5015
7660,10982
9936,5144
10922,12654
10377,9222
8963,5029
5208,8322,7930
5030,9430
6961,5066,11796
5682,5725,5071
5092,7325
5120,10821,5848
5128,5729,7626
10410,11023
11306,5134
10472,11803
10239,10917,10407
10937,9772
9206,5143
5145,8339
12546,5154,12398
5162,5307
7852,5166
10943,5167
5177,5212
7931,5191
8904,5194,8541
10200,11851
8617,11786
11524,12775
9665,7395
5200,11372
5220,9174
6170,5222
7979,9628,5230
9418,8755,9862
6043,6366
5424,7550
10257,8591
5507,5532
5482,8175
5248,5627
5938,6399
5250,8967
5256,10328,6976
5941,8631
5279,5583
5354,6047
5289,5445
5952,5299
5544,5302,7767
6193,5577,5313
5505,6077
8076,5319
5356,10910
5858,5407
5976,5417
5442,7740
8066,5459,9988
5514,6452
7768,5515,9493
6471,7519
6754,5551
7810,5558
9774,5567
5570,8981
5592,10520
11048,10527
5610,7981,5877
7962,7747
7336,8412
5617,8395
6525,7605
6129,8185
7610,9027
10739,6391
8632,8795
6411,8005
8419,6502
8852,7983
8344,5988
6947,8375
8944,5764
6130,7283
7860,5621
7739,6086
10112,8815
8465,6158
5626,7643
7483,7029
8882,7972
8633,5654
5640,6738
8065,10027
7098,6876
5642,8566
8769,7842
10788,8997
5966,5646
9632,5658,11420
11411,11702
10014,5671
9672,10611
10835,12229,11479
6259,5677
11657,9831
12740,8805
6185,5686
7028,5695
5697,9506,6529
7890,5698
7899,7391
6968,7583
5726,9359
10206,8503
7067,7924
6032,7141
7872,7501
5748,8781
9233,5751
9861,6574
10032,8800
8731,7327
6608,6924
7677,7063
5752,8385,8933
12273,9060
9200,11111
9338,9638,5767
12284,6333
9832,10596
8776,7506
5777,5885
8825,9052,7469
8889,8596
8985,7034
5844,8156
6658,5799
9485,7175
5823,7254,7735
5824,9235
5852,6220
5886,6277,6342
7955,5901,7495
11609,5929,8307
11346,7925
11442,9356
5963,11174
9926,9095
9541,8038
6832,6082,5931
7419,9086
7961,5940
6770,6347
6288,8338
7077,7806
8761,6925
9196,6247
8984,7914
9291,7468
7818,7935
6755,6075
8479,9183
6124,6447
7432,9460
7329,7349,5982
5994,9083
7235,10421,6023
6064,9847
6096,7837
6116,8166
10569,10110,6903
8233,6122
9748,9062
10633,6725
7939,11749
6573,7334,9887
6209,6577
9465,7070
6217,7609
7697,8810,6238
11179,10948,6245
10608,6266,10803
6408,6274,9999
6816,6283
6291,11427,9175
12178,8435
9675,11557
10436,10789
7160,9962,6319
8059,6326
11496,6338
6394,11157
7680,6407
6444,10295
6450,6686,8511
6464,9883
11402,9469
10828,7645
7662,9319
6496,10148
7290,6691
7529,8893
6513,6674
11545,8413,6518
11099,10524
10403,10119
10979,12484
7756,6519
7016,6601
6520,11588
9005,10958
12024,6534
7044,6557
8594,6559
6616,7353,7346
8723,6779
6624,6561
8745,7150
9379,7518
6584,8916
10342,9543
6598,7390
10120,6610
6623,6663,10959
6625,7435,6671
12250,10974
11857,11789
12266,9765
7229,6662
6672,11897
9072,6953
9950,11607
12009,12347
12021,10575
9427,6684
9212,8069,8535
6936,8141
6697,8284
7041,6724,7206
7149,7055
8286,6743
6752,8167
7257,6753,9734
8049,8806
6916,6806
6769,9619
9853,6805,11438
6848,7415
6856,9332
6866,7594
7003,7046
11929,6897
10531,6902
7320,7356,7398
6906,6986
8732,6910
12553,6935
8440,6960
6979,7438
12793,10092
11835,6981
12354,9061
9865,11261
7921,9653
10048,6985
11240,9634
11673,11826,6987
7267,6996
7040,7385,9440
11202,12670
9980,9724
7648,7054,12240
7933,7086
7201,9307
7153,7900,12165
10822,12375
7944,7157
7912,7164
7311,11659,12463
11568,7165
10224,9244
11122,8988
11600,10264
11850,11391
10152,12088
10441,9275
8010,7214
7191,8447
7193,8643,11731
11194,7196
7804,7247
7248,9330
7959,7255
8373,7309
7317,10463
10932,8550
11880,7342,12023
10826,7375
8523,7380
7898,7911
7408,8640
9908,7581
8337,8877
9320,8544
8704,8320
9569,7433
10842,8290
11564,7471
9867,11141
7492,8782
7760,7499,7556
7520,9514
7531,7636
7568,9326
8105,8163,7975
7713,7582
8040,8370
7606,8999
8360,7625,8477
7657,8540
8824,8865,7671
10730,8372,11101
7705,9511
12665,11115
10159,12710,7711
10840,12053
10980,9959
7728,10593
8614,10462,7774
8032,7776
10114,7789
7778,12327,12799
12587,11229
10728,12118
12528,7795,12308
9507,7799
9697,7843
10443,7903
10024,9658,7946
7968,8610
7976,9940
12449,7987
7993,8692
9763,11895
12712,10915
12372,12270
9648,9168
11594,12467
12803,12422
8450,12515
12481,12597
8006,12191
10996,12182
8019,10028
9357,8031
8057,8043
8051,9199
9803,8052
9266,8054
12514,8116,10781
9827,8124
9968,8155
8582,8158
8349,8351
8388,8182
9058,9013
10953,10690,10535
10748,10494
10544,11500
10532,8196
9879,9863
9035,10526
11378,12415
8202,9164
9977,8213
12452,8223
12680,9928
11396,8646
10945,9255
8785,9914
12338,10724
11137,10451
9892,11820
10089,12403
11114,8915
8476,10861
12349,8879
12194,10677
10496,9553
8238,8871
9426,8651,9788
8242,9286
10353,9823
8507,8252,8365
11997,8262,12263
10124,8263
8285,9575
8796,8709
8299,12766
10203,8303
8705,8310
10875,8910,11342
8354,11219
8378,8396
8386,11693,10038
9006,9790,8391
8520,11363
8875,8534
8586,9091
9059,8556
11009,10490,10319
8657,11926
8676,11556
10993,12163
10376,8703
8708,10063
10178,8711
9298,8742
9323,10020,8750
8809,10378
8816,8866
10360,9637,8823
8832,10756,9982
8876,9558
10186,10301
11914,8891,11423
12067,12279
11617,10898
8912,9820
9953,9037
8913,10887
8971,10300,10607
11193,11046
9000,9041,9755
10074,9687,9071
9085,11198
11096,9242,9094
10477,9134,12287
12448,9139,9268
10995,11903
9140,10060
11130,11958
9969,9143
11888,10382
12013,12685
12417,11234
9170,9194,10198
9232,11999
10047,12006,9263
9573,10228,9277
9880,9281,11092
9284,9621
9363,9445
9289,10689
12488,10530,12739
12353,9292
9310,9302
9784,9939,9956
9329,9818
10456,10090
10354,9494
9593,10466,10275
9362,10860
10285,9367
10967,9398,11343
9497,9707,10062
10211,10079
10216,9572
12401,12406
9920,9645
11755,9693
9825,9702
9738,12110
9768,9814
9816,10587
10214,10846
10296,9842
11563,11716,10662
9857,10157
9976,9868
9907,11190
12512,9927
9931,10412
9954,10675
9991,10743
11771,11204
12066,11845
10292,10021
10042,11669
10808,12727
10483,10838
11089,10194
11817,11369
10920,12330,10764
11283,12438
11028,10102
10130,10106
10164,10166
10402,10115,10348
10745,10121,11729
11358,10559
10408,10127
10176,10723,10669
11915,11005,12078
10435,10181
10384,11777
10225,11945,11533
10594,10261,10386
10651,11484
12624,10715
11754,10351
11329,10340
11042,12709
11074,12356
11313,10346
10427,10475
10438,11158
11584,10444
11332,10598
10445,11605
10576,11859
10447,11647
10712,10546,10774
12196,12070
11163,12599
10901,11151
12201,11611
11370,10484
11251,11949
12299,12397
10449,11324
12145,11446
10614,10991
11345,12605
12603,12111
11843,12255
10849,12741
11739,11373
12159,11119
12795,11254
12233,11847
12237,11717
11390,11007
11728,11854
11785,10949
10571,10478
11480,12185,10508
12180,11364,10541
10601,11899
10638,10871
12666,10877
12409,12109
11954,10847
10763,10966
12376,10722
11044,11957
11610,11246,10823
10836,11134
11810,10895
11425,10911
10985,11221
11353,11460
12099,11022
12570,11036,11890
11073,11510
11424,11076
11098,11490
12056,11955
12176,11337
12242,11182
11223,12071
11230,11935
11360,11263
12106,11383
11451,11541,12534
11562,11666
11881,11587,11911
11713,11683
12386,11747
11595,12382
11636,12485
12208,11705,12554
12378,12276,11919
12168,12146
12492,12300,12126
12769,11925
12095,11959
12265,12157,11967
12209,12494
12459,12717
12490,12389
12416,12322
12629,12039
12440,12426
12562,12822,12591
12752,12913
12815,12935
12870,12934
