32,3591,970,618,6000,4213
819,5020,741
3947,5508
4561,3018,3935
6869,9703
1642,4125,6390
2244,2719
4081,3969,5710
2,763
2241,4100,4446
3562,4506
7127,7508,3847
6310,2615
7707,3029,2981
994,11244
4089,37,1337
3288,2340
1248,3652,5935
60,5046
4745,9730,411
600,6802
3577,6004,2105
4258,8014
5272,7641,4067
3765,1238
3490,771,3503
1435,1076
4434,1635,3133
4290,2685
107,623,3863
2251,3853
5920,1492,924
9305,6031
6923,6395,3771
424,6469
1221,5241,4485
937,2225
553,7642,2927
1720,46
3120,2689,6327
506,1732
1472,1353,2509
912,6316
3940,8980,1701
9056,5149
290,2757,1022
3453,4239
4204,10396,2188
7904,5124
7763,1780,2677
6088,3419
5179,4645,3183
4689,7274
2096,1012,2205
3626,703
1320,3416,1620
5240,1450
1227,3127,3975
10283,8287
1563,8979,1055
2017,2331
4481,7748,3441
2086,2279
2240,4228,5061
3430,1663
10003,1469,10286
2768,2837
2505,202,4605
2704,4151
443,6133,7511
8938,5371
608,6362,2336
760,739
8169,6346,4501
2304,4432
10056,123,10390
1883,4223
5728,454,1478
8471,4527
457,4682,2846
5016,1984
1400,2429,4118
1754,4532
4864,3715,231
7984,419
9088,3238,3031
6937,1955
394,5499,2430
8256,7262
6155,3700,5359
3994,3467
6183,613,3159
4600,1380
4385,6187,2629
8367,991
2408,5450,2861
2088,2544
6864,3259,6006
2644,2325
2323,4555,2390
2051,9715
5723,2467,5670
9689,7195
7784,2724,4479
1986,2395
3865,3586,3277
2874,1549
459,452,1837
10641,3523
6928,6465,5284
2356,1253
2971,1116,2830
1130,5516
1632,6858,8907
8992,3349
1640,4306,5196
1331,4381
4656,2394,4026
3792,2001
7690,5774,6839
2641,7394
2099,8884,3999
6236,6526
6600,682,2679
4716,669
8441,2811,103
5034,7862
951,8627,1999
2441,7554
5840,2901,2799
1360,2216
4322,1804,1973
8495,1727
1104,4433,9996
1867,6566
2848,2186,260
6682,1005
2218,1508,6733
1318,2903
2955,6389,2622
1377,2164
940,155,1964
7458,4653
4440,5403,3759
5432,3894
2809,1466,3551
1836,3052
4362,5916,7253
3329,2079
808,3305,8147
4392,5416
4795,3509,143
5652,3015
5541,5254,1263
7056,7917
3129,3116,7413
4566,3606
2697,8940,2551
1573,1503
938,3756,775
7873,9850
3914,2508,6438
4080,4139
4349,1014,3663
4602,3071
4056,1821,7118
7080,3173
11080,2690,1626
1096,4578
4514,604,4879
1624,6727
2498,6899,1678
3913,7261
4153,1039,5215
1216,7475
3025,8268,3757
3849,4893
6062,814,4439
5962,1372
848,8771,11542
3088,3196
2137,7431,4751
5711,8719
1016,4451,4526
6620,2940
5096,1058,8053
4393,6268
6074,4766,2646
1835,3932
4016,482,4619
3572,3661
7209,3786,8383
908,532
449,3180,3783
4178,4565
3370,332,1004
4147,1862
5914,267,2590
2451,2765
1488,1436,4253
7640,4531
25,1254,1447
1946,6509
4945,4058,6151
2091,884
7042,1468,29
2326,823
4424,509,4135
6670,3967
2449,5028,4607
3233,1438
841,8698,719
842,4486
5596,3006,6942
5854,6823
200,5945,8301
676,7039
2793,3150,4647
3033,3185
2154,1762,2405
3937,3170
621,2702,3647
5108,2199
3625,1589,1679
4528,5807
2657,1594,2561
9800,573
6736,5008,1439
3457,2534
2276,7030,8982
6337,2610
8696,3674,156
5926,6063
5656,1319,4743
1993,435
6696,534,4855
3635,8972
7088,3079,6607
5083,606
10856,1061,1461
2817,738
1793,4405,1774
9498,11135
8392,308,10597
1985,6713
5408,218,909
560,580
4698,1388,5526
4212,3668
1811,661,3807
3515,4895
4754,4661,4918
3530,6479
6808,4,1839
1792,5420
5290,1948,6991
1224,92
210,2054,5103
6795,5141
115,5171,8335
2967,3487
1289,3042,8734
3538,3734
570,5484,1367
4075,6613
4874,9508,5582
1553,781
9001,3325,4143
1443,5758
4696,3731,3142
8448,3527
4816,3568,2495
3472,919
5073,2572,3919
5987,2447
2775,734,903
4776,2376
1565,4923,645
7746,7757
8028,3711,8255
2049,3027
4409,10831,8407
4286,4535
6344,4210,5454
8275,4324
2912,1987,4117
3720,6626
1853,8653,4303
8064,2875
314,6635,1956
3387,4663
6506,3581,11279
9226,1235
7538,747,3741
6521,5684
2209,8838,5831
8939,4060
5126,6174,271
1067,1567
5874,8547,342
8228,9566
2046,4665,7798
7280,6210
5072,8452,2271
3330,9535
8128,1769,4012
4473,7674
988,2431,4103
8848,8402
1562,4995,2791
437,5950
1378,1340,1479
10308,4279
2964,3777,812
4897,7743
489,2900,3460
4808,4706
2777,338,2756
4102,7599
2882,12204,7245
3945,6893
2632,1841,8291
1281,7676
3608,4233,4992
1992,6375
2853,3229,7071
4112,4320
3082,5494,5010
684,349
1737,451,847
1272,1865
2369,4797,3806
3745,886
4195,7204,387
6891,5555
1240,4499,7571
1660,4365
2298,7109,5855
1376,3633
7449,3228,5353
5115,1871
1616,4978,3559
3401,4585
9960,2678,894
2730,4749
3669,7478,2423
320,33
8073,4627,6167
3209,6419
5281,8314,6606
9777,3611
1001,4186,2260
2601,9987
9364,8061,7031
5147,9527
1153,5195,2583
875,2446
4169,4001,367
4474,2751
73,7986,10430
3704,5953
6483,5795,6716
2044,4974
1848,7523,1960
1173,5518
259,7197,3575
346,5655
2808,2542,6223
7849,4036
2931,4859,8117
6709,9766
5132,4317,31
4632,8793
6702,3899,7126
4875,9484
10077,1229,3086
3889,6181
1193,5690,14
4084,4367
9264,6482,7956
3826,1284
6768,598,1791
3234,7627
1273,1417,1778
6488,2838
5127,93,5183
2224,4850
2960,6962,7684
5635,5603
7181,2902,6430
172,4869
7288,9723,7727
4305,10446
786,438,3943
2994,1639
9688,3574,2030
7362,4564
3600,787,4780
7139,383
5168,2113,8236
5306,1747
8730,1171,10639
2720,4847
9276,453,3151
7675,6572
6677,5805,8767
563,6405
1354,9123,1245
9417,5637
8827,7835,3884
7712,2637
2232,584,7412
3412,277
7585,5602,5125
7392,5295
361,242,58
1714,7980
8113,2221,3110
4128,8774
3099,5316,9997
10533,8439
2153,4594,695
10809,7306
4020,1965,6431
1690,1822
1121,6932,8790
9204,3991
1313,4276,1028
733,4981
6849,8525,1830
9600,5109
7337,1588,9447
2852,1445
8251,2211,655
3632,2589
1817,7593,2492
6058,555
9896,7286,4823
4769,9303
48,4313,9828
1634,4134
6656,5985,746
3648,3316
4915,835,10939
11216,11191
3722,213,7061
4068,5221
6993,1645,11038
8309,3510
1520,6843,3078
3013,7574
1369,1275,3134
612,6998
7481,8524,1605
2515,4325
6969,3321,1129
3451,1909
3200,4510,4319
8355,3036
7001,2563,3369
6756,1062
5088,6833,6611
4601,1539
3651,2324,7167
3106,973
7250,2499,3202
2987,9124
2596,2412,4070
6627,2012
6809,6093,3557
4634,2826
7057,2972,1582
6219,3517
11763,10612,6887
2334,6543
2245,6126,4519
4114,430
4976,5437,1309
2539,1523
4032,2841,3265
3273,10879
306,7828,3607
7548,1535
5993,1572,8637
6330,6615
1699,5574,9171
4379,1998
1392,5889,2736
539,7965
4851,942,4495
2235,4343
7176,1598,3751
9841,4554
4809,6988,8830
9504,5188
6417,7155,4655
6024,7298
1623,6582,2359
8593,7026
5721,2771,2006
4832,2392
7864,9984,4781
4963,125
6160,11172,5390
9547,6139
5473,4683,8878
2411,2206
352,3269,3135
2905,10636
3718,6190,6883
3160,9612
4640,3331,6590
2737,2171
4281,7338,287
4931,4725
3016,52,1718
3154,3950
1843,4935,1295
4998,4903
1053,3942,7351
5561,5986
8872,8482,7439
2082,7094
2129,11650,2093
4404,174
7008,7377,2660
7146,5458
6745,6603,3835
6148,2951
2416,3408,1406
5397,4982
4553,2194,4255
1066,1451
10151,119,1543
8569,3790
6020,7132,5566
4049,1430
2008,4796,3103
2386,2580
6080,1060,5653
9472,5053
6114,7085,3118
9482,10122
2272,3458,963
2207,6583
1425,4595,3220
6369,2863
1953,5235,9598
1362,10975
962,8987,2582
10,3094
2032,3290,8606
6984,5881
872,381,149
1512,1722
7474,6132,6286
8356,5599
6066,1669,4206
9932,94
8144,11619,9221
8464,3294
1927,4537,1303
5068,4086
3208,11766,6422
476,6734
3737,5045,7615
3910,927
9388,1109,6878
1113,7147
1114,10566,559
4132,7942
2353,4900,5087
377,2007
5793,2250,3719
8712,6679
2585,4419,5094
4227,4109
4408,7233,2457
4435,111
4224,5865,3043
2577,7379
4490,1990,8298
1044,3053
3248,5251,7069
6044,7813
4144,4902,8559
3264,6711
3300,2709,399
7301,879
5308,5213,3398
8024,9397
6201,87,5543
5449,4549
9458,7491,1431
8258,4558
1954,292,158
2672,9154
1736,5769,1756
8648,5059
9273,417,2127
1297,3730
1527,2996,2215
966,2166
6673,2659,1687
228,5638
836,10815,6647
992,2888
8777,7963,9252
9296,6838
2592,7081,6978
5733,8350
3186,8867,10018
5571,7630
3802,3726,2558
5557,3631
6723,9780,2941
6514,8319
1312,9754,5228
5498,4813
265,7378,2175
6448,1863
3576,710,2295
2938,3933
11169,6059,7781
7100,9461
10250,5651,4327
3732,7780
648,2075,2019
7729,1858
896,7226,6094
10416,850
7218,5111,415
7223,9503
9293,5173,5527
1978,749
8786,1618,6119
5138,8259
6113,3738,6127
9106,8691
537,4465,3695
5418,1204
6909,614,6069
10731,4038
6095,7142,1167
7991,4063
5117,6939,325
3952,220
6105,1933,11398
4192,2524
4728,2835,4235
5244,1934
1576,7459,941
9641,5716
4536,6385,11931
8468,3694
4613,9259,4013
5633,6437
8177,1194,5453
2066,10070
6693,8013,5510
1298,229
7172,5261,8094
3621,5023
2521,7162,4309
4569,4029
736,3699,5829
4617,5619
9835,2621,9158
5944,6178
1545,3534,8799
8025,594
2537,4621,6359
4529,4966
5608,7536,5870
7634,6351
1544,2671,8295
5396,2005
3904,9348,2184
8226,5447
1929,3543,4079
4160,10359
7129,7666,1471
8548,3388
7224,409,6692
3657,5274
7128,4345,6439
5464,370
6473,8937,9438
9787,6791
9202,11059,5746
7796,5685
378,2363,8055
6306,6260
3872,1073,132
8920,7445
7089,6097,5919
4785,8684
168,4426,1622
1008,11168
656,5435,6918
11011,9949
10680,10068,6780
4270,10503
5550,1277,678
1713,5314
5456,3171,4711
6552,7397
9496,10760,7059
720,3069
7115,7004,2100
5522,8926
5433,498,4131
4760,4442
8592,2318,6231
8048,11113
458,3028,525
3836,543
7770,9044,5614
2858,3830
4330,8612,10349
2330,326
1721,7010,4034
8570,2718
1873,4187,837
188,10334
5321,1876,5119
6761,870
11466,7954,5311
722,2893
5297,5946,6595
7179,11515
3482,5310,5943
11450,7211
10072,2002,3335
6225,8585
2193,3437,4321
8672,6421
5368,6588,3964
6173,3143
3706,1292,766
1196,1685
9308,7373,5975
1187,1211
1672,5140,542
3962,1511
6321,2015,1807
2540,8551
7793,1650,4654
6203,6213
1057,18,556
10779,5446
6305,2195,486
8427,8902
3696,1916,2598
1440,3845
8296,1936,3214
1941,8357
8282,2261,1247
8687,751
7945,4787,3619
2832,1079
8522,1090,8557
8121,5123
9682,4798,4695
7934,5271
1433,7213,3582
2864,2083
3400,3856,5513
5003,1703
788,5037,8294
5667,3820
478,1118,3167
5004,5749
7785,4947,5964
2069,190
3224,2658,7007
6128,1554
8839,5925,9807
1637,10902
5180,5853,22
4668,711
6336,9905,3090
8689,11265
3112,4681,4378
2197,4261
9425,4618,334
9297,9945
3920,8424,7691
529,2990
3280,7355,3622
8801,7490
9811,2132,9406
9921,6182
6929,4930,8870
8458,2357
4136,3203,8580
9236,1559
2872,800,2460
2625,7570
75,6492,8899
1473,1026
5352,4209,2914
4445,701
1282,3059,10221
43,8855
1395,10107,8492
7409,2189
11224,5979,7887
4715,4397
7473,7124,7279
2925,8343
5480,2802,2510
2401,447
1257,1957,2126
1972,2975
7369,9125,11382
8409,6799
3011,4533,8758
5460,1365
5825,7906,7163
6721,2474
7549,7974,3479
3475,6253
2643,852,1686
27,3871
8033,1250,3588
7107,5052
1902,6099,1974
2226,811
8400,363,4003
2824,3260
1880,7145,6278
546,7363
10168,8389,7607
6578,5236
3912,8564,341
2282,2347
3891,1165,9435
679,7183
329,2236,11025
9078,10254
2488,8184,8783
11212,10620
6872,2564,11004
7135,5039
7384,5262,2575
258,6412
6690,4675,2884
3346,6100
644,3262,4679
5170,468
9282,6852,10605
3155,8219
571,926,10487
4176,9321
673,2918,4631
3840,4278
4530,6108,5511
12288,7017
6163,3980,263
4123,516
9986,10539,5732
1600,7915
6777,9866,5157
12044,4047
4237,6766,3614
113,4779
3332,829,7486
8082,8227
7436,1812,1741
1017,3814
8986,4380,877
6826,982
9577,5790,7217
8660,2623
2701,70,4391
916,2380
1547,7299,6021
3748,7726
10409,11419,5662
8132,9047
5512,11187,1374
8161,6860
1048,6424,7892
403,3686
5632,9090,11892
11477,4718
8418,8565,6150
2594,7870
8849,2613,405
2766,5439
4970,4332,806
3145,4889
11129,4547,5615
7489,7401
9978,6491,7794
5693,2998
6235,2036,789
3901,4862
3818,11676,2639
1256,3808
6683,3525,3870
11027,2102
1673,428,198
1945,3377
4208,3678,1879
882,7013
2738,7307,2662
12,4045
5909,8766,1423
5024,6963
967,1806,7999
5099,782
7808,5866,3938
7969,5867
3832,2361,7859
3424,9922
7584,4916,7654
6827,5238
8332,10053,1750
4828,3973
5754,9964,3138
7093,2374
6905,5833,6637
8952,6152
12128,11299,1006
7938,7110
3240,5529,1581
7138,6949
3465,4221,9166
1404,5181
1441,206,5815
11528,10394
4946,8701,1095
2665,1335
624,4729,4708
1155,1405
5106,3383,12151
7620,4492
8504,1900,9894
5488,7230
9241,1068,6685
6830,5742
3057,10161,6828
4673,2278
6867,3164,8885
11828,7629
4556,7525,7455
3628,7125
2753,164,7461
6497,6661
5178,933,7783
5664,4770
7073,2878,8977
248,1665
1516,6350,5703
3685,493
6325,3302,7151
7817,6881
9802,5172,3573
4480,7090
8737,2230,2687
12600,9385
10905,1202,2554
8552,9608
9651,1189,1206
8488,4389
2932,6357,8918
9395,10765
339,2267,1917
843,1051
6009,1052,3886
1889,8195
3497,5859,9420
3848,9826
2090,2603,7367
2769,9036
9717,6666,4141
761,8089
1513,6466,5628
10314,8868
3656,436,1300
3650,4950
4952,8272,2548
4986,1107
2289,1557,8245
9732,2292
6144,6786,3484
920,1342
9402,2881,1674
3672,1501
3128,6228,7877
8961,5443
4726,7884,3102
6308,3317
9491,796,6364
3168,827
11774,6445,8390
8645,5775
6280,4078,1759
9184,4990
905,7386,7678
10321,9380
2945,6091,10909
8459,1983
6256,3690,3098
5568,8269
1610,955,5717
6480,2242
3763,5324,5326
9304,1213
520,1648,5581
8120,10735
121,3971,6331
8818,8325
1009,6025,9468
162,2839
5770,964,5478
8880,6493
4720,4042,5032
3067,8764
8201,402,7043
3753,422
2969,5851,3452
1538,11827
3440,3955,959
6474,3004
2425,981,5423
11200,3478
9624,3601,4191
2409,5078
11856,7178,6530
5163,1287
945,2530,8454
11037,950
7169,7758,5998
5044,3174
35,2148,1507
4449,2713
2448,1103,7535
5041,4459
3545,8029,7950
4170,4475
976,8300,2684
5276,6532
10352,898,8431
3602,6275
7683,6030,6775
9433,3610
7553,9230,855
9666,173
6898,1246,8215
627,9710
10431,8380,5351
3681,6654
680,3965,10125
3009,11117
2300,2741,1950
2904,5477
1033,6258,9258
1561,6453
5474,691,4852
856,10493
8266,9187,7428
9897,11907
7404,9142,7215
9729,11581
10504,9669,11445
6667,957
5329,3411,7693
1796,4517
7800,5730,8198
2297,6633
3714,7347,6951
11439,9031
11404,4382,1356
2185,7170
7297,12108,3181
6257,3898
4593,1947,2141
2173,9870
4098,204,10717
9155,11622
3050,6494,8103
2545,6789
7144,2963,2407
8812,1487
10792,3077,8679
1875,4420
1704,3963,8595
3314,4159
4573,10518,6415
6036,8998
8003,7323,9915
10306,6782
6707,1524,1092
1169,8039
10906,11459,1175
5760,6933
1996,9564,11631
8312,6605
713,5026,374
2097,3156
4496,3177,4794
804,3879
9941,11232,12613
8096,10294
946,2436,3218
1692,5798
1370,6307,6477
4346,2735
3553,7113,1329
540,631
8778,9844,7694
7448,5225
11984,3108,10006
3907,8678
2843,483,2916
6401,3997
5129,6065,7628
1035,4359
7405,2655,5639
1531,902
12010,6451,7037
1040,6602
1409,5430,1551
6617,6242
3417,548,3841
8576,4263
5400,8341,7566
2979,2511
2489,10994,7421
9874,9583
3061,4062,7294
185,4383
11970,8572,10567
11547,5959
569,5090,9501
3360,5645
1995,7732,4948
1787,5973
3896,4541,2062
1859,10780
1937,915,11526
5376,4513
8135,4115,6783
10970,5165
9489,947,1668
1696,1896
2907,4806,2110
2782,7503
7240,4579,7742
3323,743
3249,8138,7614
5761,7597
3793,9499,10453
8326,11575
8364,996,4814
7515,7381
5915,6147,5012
3982,6110
2040,2041,1065
5606,9695
1534,469,3350
8634,3379
9801,10458,6204
432,6292
5578,5358,1046
11064,9150
817,2890,196
3266,10236
7513,9453,5055
8923,2124
2559,6862,6719
8682,1270
8753,5644,518
12225,6815
9317,1188,7357
3794,3739
5211,6540,5035
9409,3091
12400,4737,5661
9992,8773
8925,7790,4639
3799,6639
4888,6403,2183
9436,767
3427,1532,8317
9057,147
289,794,2243
5594,1574
2473,2338,4111
4712,8416
9393,4827,4091
9182,8358
9480,10373,6821
3169,9377
2763,4941,4831
6920,10603
1321,3550,5486
10332,2485
5017,396,4503
9033,795
2168,8276,7941
12780,10364
5563,2797,1199
7878,9399
11552,9049,4588
2849,887
3032,1587,6747
10008,4811
3636,7117,3494
2754,6650
110,5813,8142
3954,10987
2003,6812,10325
4616,2661
7315,8437,6374
1126,1191
9457,1689,8598
3881,10311
948,7078,798
5794,2439
4456,1980,7966
9331,6317
10100,4789,8694
7897,1658
2570,9891,5363
6793,5818
9545,12483,8118
10329,4774
4833,11818,2546
5426,5492
2458,4162,3222
8496,3448
5500,6380,1749
8932,3126
3193,76,3797
5812,8247
1361,2138,4196
4610,7383
6475,12508,7509
10113,575
2946,8539,983
7782,8191
2200,4130,5007
7928,5022
9448,9249,9700
6681,5863
4043,4364,4638
170,6675
10770,9309,9197
6538,7716
9473,4252,4863
3670,2647
3272,3985,7399
7496,1127
2688,9530,1029
10944,9678
1207,1932,1215
8736,1408
5704,1591,3599
2302,8279
3433,10786,8746
285,7422
11665,3658,5519
10579,9791
1457,4242,9805
4611,9038
4881,5002,8820
10481,4509
11387,7053,6206
10338,4623
11298,11867,11580
7537,7407
10814,8853,5789
9412,2372
5756,11031,1311
5750,5286
6026,1882,2543
5280,4288
1592,1825,1951
227,9636
5897,8404,324
4057,708
5880,3336,2035
2896,2942
10568,10174,2496
9742,10087
7940,6861,78
9793,4167
2120,11284,3038
8376,6449
562,380,1914
4512,8420
440,5546,2223
2281,11756
1225,2924,7958
7886,6262
10322,3355,9998
5700,10318
4524,830,7079
3199,10279
10816,10658,7270
11340,10813
8562,6300,5375
4778,2219
5665,1580,3247
1921,5738
9176,6531,5391
4400,5995
7504,3306,582
6433,2077
4768,3609,8018
3897,10226
4691,3843,7670
4944,5692
12098,8204,5887
4876,8775
7832,7212,15
8664,4406
1816,7276,7388
6803,3483
9649,2418,2870
11019,10223
5113,11778,4667
7341,9918
7096,2618,869
6851,5911
769,3587,10158
3010,3934
968,2320,1877
3256,10015
633,4788,6558
10419,7957
6296,10001,11733
5811,10749
6057,6378,6470
84,2628
10290,11468,8085
11927,10631
7730,3701,247
3080,241
5057,9660,2014
7225,7292
2913,3554,2491
3798,8518
16,128,8231
2674,5151
9053,8974,5575
10697,3162
4666,6523,4598
2627,3983
2472,9924,8900
8921,11171
7304,1011,5268
6400,986
9912,2121,10989
5413,4094
6874,7251,5101
1608,637
4259,3364,4671
6019,3415
11695,2190,10231
8856,2983
4877,10260,6085
2608,6301
8528,6653,8567
4848,1612
714,4650,1797
9313,5199
4218,7596,6742
643,6892
7721,10059,4763
8845,9118
5689,6726,1967
11802,2606
2201,2258,1653
3789,6103
5202,4414,1682
5969,6731
10315,2869,5079
9858,6028
7754,3924,9471
5744,5469
347,6309,5293
5419,5323
8650,42,9132
12745,9685
2984,5076,6694
10529,4225
4415,1142,3423
11338,7366
1322,5381,7750
1267,8123
4023,1895,8951
9747,7558
464,3683,2023
953,3556
24,6609,6087
2734,2879
536,10653,3742
8662,9407
322,5348,8941
11116,9413
5048,5785,8911
232,5871
5649,7866,5939
6312,11192
3936,5347,9781
1505,8917
5616,666,4292
1305,71
11210,12620,9383
3436,8421
2072,2715,6136
2024,3618
8315,6076,5821
4441,7602
6050,7114,12598
3040,1147
5483,8500,4398
8417,5547
4201,9396,3367
2921,9228
7360,977,2059
2305,3915
6282,4914,2922
1773,4335
784,3929,6945
6648,3640
6973,9373,7447
7370,330
8352,7258,839
8193,935
1536,6990,759
1140,6948
5100,7893,3495
1789,2630
8321,11146,8004
1676,3375
6889,12457,3615
11746,7207
1872,1339,724
6189,182
9592,3179,4733
4353,10855
9021,11335,11639
6664,9404
9146,638,1758
44,4542
5304,9916,9421
6040,1050
7530,10323,3566
7091,5989
8784,8170,4291
1088,5377
11205,925,455
11376,8804
9946,9554,6476
2929,4993
883,6140,630
7082,10116
1401,5905,2527
7019,5335
10522,9644,4989
2642,10787
8560,1128,4341
2453,10502
8429,8486,10511
10345,861
6176,4350,9358
11964,9654
3065,7714,3372
8102,7199
512,6324,68
9923,9773
11722,9890,7755
7048,6930
2974,8509,1198
1731,4407
10280,5907,11942
2321,11118
5669,2836,3165
1522,3445
4999,10513,4463
9002,2343
240,4154,11700
1667,1390
3084,2157,671
3201,4571
2435,7996,10335
6642,9611
2798,1299,4494
4249,7222
7856,5245,2550
5814,7710
1856,2114,6511
3342,2959
10649,8115,6237
2265,7637
1476,10263,4911
9370,9756
1352,10202,151
11307,3926
5000,3564,7484
256,3548
9673,5091,10235
3328,3039
6392,5139,7045
6360,9595
9849,11458,11034
8265,8623
5476,1262,7
4066,647
7745,9796,3221
11408,2566
651,4637,12007
635,484
11781,5565,3981
4387,5462
2714,8603,8044
7105,2710
1064,7340,2149
2556,3140
4065,9690,9111
312,12306
2259,1286,3767
4756,9070
1528,1244,6013
434,5394
6137,101,9582
4544,3410
9104,10625,578
4625,9714
8154,8445,10734
8393,9366
12517,2478,2503
11173,5269
1784,5834,9903
6546,3438
2889,3921,10381
10336,4783
929,4222,1657
9299,9549
8601,2011,13
6946,1846
9028,8759,6879
9683,12814
6322,7333,11222
6083,9607
6568,4300,2469
80,3838
700,4267,5708
1530,6311
401,4867,3565
1185,6956
802,2789,2750
3842,11100
7065,7973,3749
6156,10637
8851,3476,3358
4608,9539
4901,10165,3295
8962,9518
1210,5891,5991
4064,2057
985,524,6630
6571,7087
3813,356,9725
11626,8083
11921,9381,10926
4457,2061
11540,6413,5782
11288,10642
3396,261,12471
5788,11197
3252,5005,8463
6490,6539
6250,3571,7542
6784,10461
3953,5884,6845
4586,7669
3008,6416,2123
4411,1422
1662,5490,9470
8896,2976
9234,1691,7812
41,5275
1242,7588,4437
10417,11662
9082,2227,3837
4664,6159
7051,1260,4942
2089,2087
1280,602,1485
5595,9109
10204,7364,990
9455,10103
97,427,141
5997,1710
8993,9390,9510
5556,5967
9096,7665,5282
2497,10278
3728,7652,7526
4693,4262
7682,2772,3909
2312,3023
3473,8621,3005
99,1525
5778,12084,2470
753,7403
6825,3725,3390
5405,1446
8098,10140,8861
9089,10205
5849,6382,7575
7604,9556
8016,2475,9239
2552,6807
5970,7951,11319
8328,7631
8563,7021,12310
6772,1782
1209,1651,4061
8289,9446
10768,10578,2269
9219,10388
6186,8093,1470
2560,7130
5786,5318,6143
7450,6550
3318,7534,3887
1656,10193
3595,5277,4670
6555,8718
8230,9635,2758
8313,7830
1091,1083,2781
5122,6468
2178,10851,3310
8666,2500
1800,2385,11040
4740,9639
3339,558,5687
890,3477
11529,6396,2517
6632,5270
3977,2187,2676
3984,3641
1680,6121,4205
3649,8034
4050,6556,6589
5900,2638
2464,8493,6911
9640,10498
7284,6164,718
6659,3861
3320,2388,9278
9114,8180
1584,6619,8363
1480,975
7936,8519,2823
2004,6397
4584,8106,3986
8216,2238
5355,3148,8685
1403,2052
4216,9260,12103
2800,8975
2296,0,2020
1172,3109
9819,1707,8397
5457,1269
4184,1537,9181
1296,7947
10317,7238,9463
12076,11503
6811,4108,9055
9205,5647
9604,6970,6668
10270,11095
6592,10643,4452
8625,6972
9544,10801,10389
8361,9428
10704,10217,12414
6371,6917
2402,5523,302
5001,11069
3944,4145,1137
7137,4694
6512,12320,11933
11465,2021
12064,5234,491
11049,7791
1265,5019,4007
1568,249
2673,6651,1463
1328,8074
1232,2028,7414
2845,901
12362,834,4991
4200,12445
1786,2579,8583
12059,10883
4646,9652,3638
7121,954
8489,10916,8047
9876,885
4395,4076,1958
1617,3966
6376,2611,4597
2068,5246
3769,5058,6516
6508,461
4018,3875,5958
7275,10207
785,1491,10742
12363,2973
5136,8329,8384
8456,254
6921,1163,1071
1464,3979
1081,11893,7663
6434,6109
4274,9603,10557
9248,2034
9840,6289,2299
4988,7823
7344,8545,6548
1666,11108
12667,5388,1351
12493,8966
2202,979,2445
6989,4822
1770,642,5239
6824,4880
3481,10459,12343
639,12055
9064,6393,2391
3624,658
1177,2786,5753
5392,2274
8714,11644,7423
7845,8887
1705,5501,4031
1474,1366
1120,7227,2740
11144,9627
4722,5291,8134
10393,8898
5105,667,9681
10673,7095
6354,109,2895
9947,1550
8661,10078,7895
11824,895
8257,1498,2692
3680,4231
160,4873,4158
1020,3422
12177,10173,7559
1869,11045
10577,7771,9943
10137,10510
145,1515,7565
10505,9795
11464,12228,9606
3051,3125
1753,4370,9300
939,2045
961,4686,10990
688,2172
8387,2796,5781
8009,7658
6459,3322,3643
6536,10017
7603,5069,9334
11448,4973
1752,8035,1429
3507,359
8641,12045,11065
12579,10045
4256,298,8212
7328,1570
3968,6461,2493
8748,2158
7699,2908,5051
11104,10952
10232,625,1925
628,1509
6495,5190,2607
9618,3675
11579,10101,9063
5161,11406
8792,8828,11671
5899,12028
408,9712,10037
1744,7457
690,561,634
238,2991
2857,10398,54
6195,7467
10073,4818,244
6792,12333
5384,4853,1200
6907,6997
5266,11461,7655
4105,2844
6865,7819,9525
4871,10903
611,9341,4742
851,9301
9016,4546,11698
5209,12017
1032,9225,6446
7452,3341
465,2788,3486
7724,5285
12611,12115,9630
11357,7869
9050,10758,2599
11761,9973
11723,3764,7718
10093,9262
4576,3274,252
8225,6762
5465,4275,2182
10671,12399
7027,6196,1381
9316,10863
6576,7161,7880
2681,5357
4004,4949,6853
7009,6580
273,1186,3236
4714,3555
4589,2747,10941
881,4155
2728,7177,1151
12533,8037
9512,4298,2322
10811,6279
5531,5846,2311
4348,2140
9122,1219,269
5980,3646
8864,2434,1371
5584,11793
616,235,3469
7485,5879
9274,9437,6886
9824,653
11840,1761,10220
11184,10256
1681,2815,8159
10672,7216
6011,5804,8589
8481,1820
7948,4709,1775
7700,4692
11154,10252,5398
4339,7844
4010,4868,9751
4272,5252
6272,7313,2567
12125,2350
5800,2958,5182
6248,6591
281,5797,9279
6884,246
3528,3362,3119
1564,646
1931,572,6614
4520,3524
7410,3645,5174
7505,8697
8843,7876,3095
7546,9492
672,10331,8179
3392,4829
8763,7517,10550
11347,6012
135,2268,12079
11432,11102
12480,2233,10699
1847,8399
11176,2337,11849
10096,6501
362,965,622
1504,7228
10616,9011,1136
9073,10227
1757,5588,9188
9937,4866
6352,10000,11164
12160,6398
11416,11062,12543
8721,11795
2906,5613,6463
5657,1730
5434,9419,8514
897,7613
5796,3958,191
4896,6172
1832,7907,9845
6320,9596
10848,5787,1852
7733,2934
5673,3502,9567
8740,5598
5322,9004,10775
12081,1135
12649,3117,4095
9097,5278
3226,134,6687
8549,4581
9913,7171,7865
5380,5972
10896,10709,2774
3096,11787
3225,450,1590
659,1197
7289,8221,1519
4280,4289
3882,914,1540
416,1906
6089,8930,5590
7689,4126
10554,3773,12207
9353,12335
7368,8042,8207
9138,10908
5845,1845,6071
9424,9422
10880,9147,3829
7332,11278
12754,6499,8398
2329,7815
1233,619,157
209,61
10440,1630,10583
12149,8654
5961,1970,7382
9098,12756
1971,10645,1183
10956,10244
8112,10548,3189
12650,6084
9102,9854,6575
4856,10391
8224,6850,7698
5334,3063
169,108,6
146,911
2513,7786,7539
9833,8860
9012,2462,11103
2617,10030
6313,12819,1861
12211,3878
11625,1399,7807
8604,2309
9889,650,11788
5912,9193
8,187
874,50
304,862
266,463
865,610
166,503
365,662
20,5806,3895
686,39
316,1078
117,677
660,892
284,1077
1278,47
56,668,758
336,893
4793,4277
3000,9650
4315,3987
4587,871
3489,3655
7764,1855
391,4431
1571,7470
7967,5735
4120,1094
1106,2636
5620,8822
6456,1455
3996,5093
3970,1644
4464,62
64,1803
66,5203
7709,3158
74,5237
82,1302
310,86
88,809
90,1647
2026,95
2381,1671
629,1943
460,725
1808,2355
194,1453
3822,215
4312,105
354,126
500,998
499,1015
522,130
592,860,398
2159,1231
137,609
1944,1684
10992,139,11948
4899,10807
3283,9775
11053,12174
8834,7587
152,2365
488,369
586,591
154,772
792,357
675,1003
4417,3282
1619,1886
2694,2743
2557,2742
163,3101
4872,5296
176,3366
1904,178,4083
4883,3949
1384,5406
4402,180
183,3442,5463
186,3418
192,1611,348
709,511
11745,10691,9783
11833,1913
8738,7611
208,8739
9812,7293
9720,12446
11473,12167
9240,6908
9601,11877
12464,3354
10584,12451
11709,12726
10753,11770
6252,8725,1222
211,4836
217,1324
222,6102
224,5365
226,470,439
233,2977,997
11536,236
12561,4124
1306,12908
10258,237
11155,2588,245
251,932
5146,565
7797,1358
8250,275
2214,279
291,5475,4071
7273,294,3215
296,6072
1416,300,3263
474,1101,1502
577,318
12305,8605
4460,6871
10681,11006
8136,9901
12365,999
9505,327
328,7635,8807
8501,12325
1315,340,821
737,1602
344,2760
496,351
1881,9267,7623
372,12551
6227,375
385,6771
8426,11767
4800,389
12105,4730
704,393
1526,9039
3850,9994
4739,1421
7639,407
9400,4957
5520,6564
840,413
2115,791
3450,2332
8675,2285
7836,8996
425,3779
442,4215
6553,9709,445
9851,6079
752,8107
10523,2654
10369,7278
2818,467
1988,11199
5232,8457,1149
8473,3363
471,2663
11864,4782
5593,7203
2339,1085
2649,11822
3780,8958
11188,6125
472,5882
978,11327
10141,3237
8874,11236
10002,12063
3956,12813
9739,9735
12052,12309
12806,10759
12498,12547
12057,11522
11218,11291
11297,11772
10710,12567
11813,11725
11992,12573
11400,473
12677,12830
12316,11654
11998,6959
6435,5350
12507,10022
12762,9951
12235,8485
12744,11558
12193,8905
5672,6131
12699,12583
11047,7551
12772,11311
10827,10031
6965,12518
12604,12214
9352,2871
10683,12092
11841,10572
12784,11330
833,7762
12612,9677
12200,9718
12004,2119
12537,9162
10976,12371
12746,9804
8928,12735
10889,12114
11097,6794
12281,10892
10632,11359
7569,4959
12640,4244
12390,11679
11481,9101
12774,12135
3746,11514
9576,12522
9578,9895
12458,2923
11435,11629
12723,1901
12402,11699
10219,11443
4987,11965
12542,3519
10179,11140
12802,9415
1347,475
2680,2612,3166
5604,2222
480,2482
2443,3854
481,2780
589,494
3512,5401,3677
857,501
1777,5198
4699,4525
2208,2911
5542,510
3376,2037
505,8699
888,974
11969,508
12714,599
12216,10925,8214
12173,12782
3724,10149
514,10019
523,10923
3361,11107
1208,10899
4926,527
6842,4652
2144,531,2669
545,10878
8218,8668
550,8151
6232,4219,2253
3592,7913
1482,551
3666,4878
3906,1412
971,4502
7801,2954
1628,3885
2176,2487
4009,4318
10156,2364
5562,567
4041,3298
6810,588,8506
11616,2935
3506,7205
11736,7894
9224,5412
595,1606
4363,596
2147,9108,615
617,12012,11869
7708,7910
641,3414,4487
4428,5063
2056,4430
10488,663
9349,10255
3048,665,5819
10437,693
11924,12828
12187,12662
697,1291
728,699,2212
6528,4150
3386,2301
6294,4334
707,8791
8529,5135
5696,1387
7664,716
1857,5990
3499,726
859,10284,7430
729,2553
12738,10251
8802,11750
9128,731
744,6388
3064,1252
754,1771
8347,755
6107,6332
757,9590
3664,2950
2667,1452
4027,1765
4121,1102
1729,2873
3293,4311
6585,5243
4522,7084
3315,774
5409,5910
2569,6345
2146,1892
1448,777,1228
1190,1518
825,1586
10784,6270
779,863
7476,11599
10099,8075,5830
6328,5495
12054,10247
8330,1499
818,9476
3923,6175
6048,6426
4861,6046
2170,820
6701,3213
826,8652,6205
6524,5924
854,831
7425,8683,11743
10050,844
10984,10082
9067,1813
6008,867
891,6039
7816,6052
11456,3755
9361,900
2466,2619,1890
2722,1002
1794,1134
2752,1419
907,1829
1481,1542
2549,1655
1220,1541
2668,910
1428,934
2136,2410
2520,1258
2420,1919
3928,12644,917
922,3827
3394,6533
930,1735
2822,943
944,5332
2992,1824
952,2700
960,2165
1156,6387,980
3995,1132
8208,1613,2471
10684,989
8890,4933
8842,3287
8442,5378
6120,9975
6835,8788
7908,7133
5102,6943
11554,2501
7441,3308
6545,6999
993,8577,9207
3642,1018,3500
1025,5683
3104,1027,4677
2400,1031
6224,1389,1037
5601,2133
1042,4932
10033,3613
1069,8293
1074,7050
2393,3271,1711
3251,1084
5112,3035,1086
6297,3034
8405,1093
4568,11294
11322,1099
1100,6478
10844,9708,11455
9752,3993
1110,11414
10474,12077
5765,10183
6500,12036
1112,5227
11732,12679
1122,9580,1918
1124,6581
2104,1138,12035
2574,3007
2651,1959
2514,1141
1768,1355
1868,1614
2957,1654
7576,7232,1143
4025,6854,1145
10714,11645,7159
1146,9533
1243,4500
7418,9981
3563,9116,1150
7456,4232
1157,3470
1738,1911
1158,5367
1160,2778
1162,5923
3644,1164,4660
4744,8478
8056,1174
4165,6414
1179,7148
4937,3612
7992,6645
2286,2191
8304,1332
3131,6267
6425,4890
4985,5342
8122,4955
5104,4906
5060,3855
1201,1181
1212,1276
1217,11874,10428
5294,3959
1493,1230
4713,5902
1234,3420,4357
3187,5214
1259,2807
3432,2652,2071
3217,3468
2562,3076
4491,2397
3344,1261
2162,3772
4185,1454
3001,4316
1467,3037
3243,1596,1975
1274,1885
8371,1294
3859,5878
8808,8803,1301
8873,12074
1307,9180
7352,1308,3431
6440,2733,1310
4377,1316
4687,1326,1615
1790,4351
11544,6455
9075,4612
10515,1327
2288,8978
6922,11260
11273,7759
7002,1683,1334
3232,2101
7032,1345,3504
6859,1348
1819,1359
2419,3852
2065,3205
3552,1962
4265,7586,1364
3137,12150
12384,10420
4538,1373,7686
3347,1382,6015
5493,3918
1521,4164
3521,5718
1386,3175
6233,6436
11988,11237
8537,11511
3579,11799
1393,8111
10986,11917
10536,7561
8451,10309
3161,1397
1402,5487
10034,8239
1603,4055
7883,5668
2691,2749
8946,8222
8780,1725
7308,3020
3908,5759
9526,5974
1414,5918
1427,8190
7393,2518
3925,2438,3727
1444,7502
10776,1458,11214
3721,9829
1899,1459
5937,1465
10837,9335
9620,10678
5410,1483
5536,11457
1976,1490
1779,1494,2047
3176,1495
2428,1575
1496,2962
2490,2682
1742,2143
2252,1772
5193,1497
1556,2108
4241,1578
1733,1795,2773
3195,1597
8989,1599
1604,1677,3766
8220,1621
1723,1629
1633,8090,11123
9852,6517
1659,3951
6276,3055
6157,3750
10771,10171
8829,1694
10134,5719
9160,5861
5538,11010
1700,3307,6244
5344,7619,4980
4704,5219
5065,2294
1709,6975
6819,6967
2112,3030
4928,2933
1888,6840
5624,3149
3665,5569
1716,6180
1907,1719
7516,1726
11697,8991
3961,8658
6138,1740
7494,1743
4082,2396,4940
2098,1767
1776,11863,6759
1898,1799
9208,7266,6142
1801,7651
12593,10882
4024,1809
9129,8636,1814
3957,8271
1827,4462
1834,6612
11090,1844
7601,5981
1850,10172
3480,1866
3284,2094
2856,1893
3073,1894,7174
3429,6263
1897,5827
1905,4717,4470
1908,2348
1912,2060
2204,2748
1915,11543
8571,8542
9270,8655
2862,12302
12408,11380
11008,11333
1922,10687
9467,9726
8211,6535
4484,6757
9336,12405
10197,1935
9536,12061
5152,4051
1939,12069,11519
1968,4360,5054
9629,11126
9813,8726
6676,8733
1969,9559
3340,6773
10043,12476
7194,12062
2180,1982,5204
1989,7719
2352,2342
2179,1997
2010,3046
9586,8199
11901,9615
12633,10738
7024,10930
2025,9706
11077,7621
4097,10083
8097,2029
4172,4229
2291,4149
2033,2131
2161,3778
5992,6915
10978,2038
2039,4087
5210,7068
2081,4337
5681,2042
2048,2939
2053,7687
6363,2055
7047,6402,12231
2073,11003
2085,2213
7964,9967
8760,2257
10105,2107
2450,5027,4644
6112,2928
4857,4910
5224,5605
3474,3654
3522,2307
6162,5622
5809,5422
6027,6678
5451,2109
5338,6597
2111,9054,6343
2134,8079
2794,2139
2427,2413,2150
2152,2398
2156,4399
6741,8854
2160,11852
3002,2346
2494,2310
2605,3319
2519,2383
2645,2502
3516,3821
2163,3747
3136,3905
10362,12068
2731,2174
2273,2198
11993,5580
2675,2203
2228,6214
2246,10581,6958
11249,11052
2248,9495
12195,4358
2256,9779,8964
3348,7647
5701,6863
5049,2262
2698,2586
3712,8895
10872,8491
2264,5949
11576,8729,10413
2293,8613
11952,10209
2306,2706
2314,9623
7152,11314
4354,2316
6207,2335
11209,2349
2784,2354
2358,2620,3446
6014,2366
2378,8942
5160,2399
5043,4804
3385,2382
3785,4972
2404,5772
6628,2414
11242,2421
8716,2989
2432,8461
12282,9372,5110
9746,2437
2444,5573
3589,2455
7281,2507
9466,2459
2465,4340
6900,8588,2477
2480,10138
7825,9529
7264,5539
9546,7282
2483,3357,3255
2723,3239
2920,2481
2484,5893,6038
7995,2486
3374,2526
7512,2528
2532,6885
5666,2533
3688,10921
2535,8455
8674,10415
2538,11975
10938,2547
2578,4812
2587,11972
2947,2604,4835
4493,8109
2624,3593
8011,6423
2634,9019
7184,2988
10802,12407
12304,11032
12809,10766
12041,2653
12499,12283
12385,12663
6384,7752
10819,6699
12033,12527
12244,11431
6938,12203
10972,11308
11250,10556
9203,7389
11136,6202
9771,9877
11112,12538
10482,12083
12138,10091
2664,4773
11033,10271
5056,4373
10692,12294
5629,2670
2696,2876
3087,4127
2712,3434
6051,2717
3684,8669
2721,3141
11321,11981,9521
12241,2727
3892,11655
2744,9821,4543
11640,9961
2761,5534
11737,12153,2764
2787,5175
2792,11658
3464,2803
3345,2805
12234,2813,10414
5784,8001
8288,2829,9966
8472,2833
2840,8229
2851,2891
12456,3281
11651,2854
3930,2859
10324,5197
3337,2860
7847,4429,2943
3107,4356
10339,2867
4497,3492
4347,3286
3019,2877
4840,2885
6002,2886
3801,12435,2894
2897,4979,4015
3212,4590
3584,4469
2898,4659
2948,9295
5216,2910
4913,2915,3404
3074,2919
2953,5591
2961,5894
9387,2966
9696,11546,2968
3296,7932
12192,6586
6281,2970
2985,11537
3012,3124
7696,3022,8639
9152,7853
7296,4626,9231
3024,3093
10858,6198
10954,11109
4921,3026,6221
3041,3866
3045,3462,3047
10955,3054,10055
3056,11293
9667,3060
10169,12171,10142
12155,12183
11627,3062
4801,11334
3072,4633
5525,3717
6042,4174
7066,4750
3113,6882
5739,3254
8616,6302
9245,4759
7465,7326
3114,12732,10007
3122,4603,9699
5540,12765,12286
6265,9719
3123,7190
11304,9487
11808,12421
3130,4307
4161,7269
8840,4954
6003,7396
3147,8092
3152,10740,7927
11916,4710
10432,12790
12832,7595
9762,9759
6814,11918
9736,12671
4953,3874
10405,9271
10618,11871
11105,8836
12482,12770
4790,11463
10839,7863
3157,11494
12771,11063
3682,8831
9713,9786
11393,11125
12730,9117
12619,3190
3206,5983
3285,3207
7498,3334,3210
5249,3211
7400,3216
5331,3219,4917
7874,3227
4929,8531
5713,5537,3231
3992,4297
3241,3324
3242,6166,3834
4146,3382
8000,3244
11994,8306
10537,3245
9517,12238
10497,5955
7552,7527
11769,11578
11002,9935
12172,12500
12425,10066
9483,3708,7821
8512,3261
6955,3596
6299,7015
6562,3459
6704,3267
3275,10372,9910
10713,3291
9081,9938,7454
3617,12571
8466,3292
11437,6542,3303
11388,10005,8735
12473,10491
11848,10833
3304,12251
9218,7875
7076,3309,3862
3313,10773
6370,3508
6010,8050
5064,5709
7592,6669
5714,5395
9172,5822
4251,4005
7372,4028
9032,3788
4220,4022
4194,3391
3931,3662
4188,9855
3883,10199
5385,9127
5586,3590
3803,3326
5312,3352,3327
3768,3770,4375
4450,3815
3667,3343
3365,4703
4072,5337,4427
3371,3691
5077,5934
9201,8434,3373
11977,10291
5676,3380
4563,7221
3403,7052
3405,5623
5081,3426
6153,3443
11555,12060,4559
12331,3455
11000,6644
5217,10012
10248,5820
9477,3463
7219,11862
9770,12243
3466,10965
4369,7885
6060,5932
8088,6427
5116,4326
6636,6199
5258,7319
7038,4575
8187,7838
8752,4180
7779,8693
5896,3693
7841,4629
7649,5503
3547,5343
4467,4821
5387,4844
6913,6303
4444,3671
6749,5965
5389,3471
8480,6599
5883,6222
6230,7302
6776,8924
3496,4421,4599
4107,4523,4396
4002,3514
4416,4958
3585,4567
3520,8970
12120,11809
3828,10230
10543,10703
10754,11979
3529,3867
6800,3535
3537,4858
12465,3539
11811,3541
6888,3570,4965
3605,10509,7879
12307,10845
7361,6098
3860,3630
5780,3796,6420
5641,3676
4967,5838,3679
6836,3692,3710
11601,12198,3697
11153,8530
10262,3703
10011,3707,4198
5648,8688
4786,3900,4423
6409,4515
6295,3839
6467,3709
3736,5206
3744,7922,8342
10473,3754,6298
3762,7706
3776,4073
11121,3804
3857,7020
11760,9776
3816,10854,12470
3817,4019
10040,7437
7208,3823
10299,5259
3824,10812
3864,8235,7765
9280,10652
3873,4830
5098,4651,3893
5025,5021
4824,4505
4732,4758
3916,6373
4592,7416,3939
8249,4310
9238,9750
5857,4557
6657,4746
7112,6379
6192,3976
7901,5414
9449,3989
4905,5715,3990
4748,5471
5372,4294
4842,4630
5184,4636
5521,5257
5712,5075
5080,4283
4017,3998
4643,6652
4458,4199
7988,7814
11120,10132,4006
10366,5631
7888,11472
7788,10374
4008,12170
4092,4044
4046,8423
10565,4053,4615
7103,11407
10962,9215
6418,4093
6485,4886
12921,4101
5317,12541
5186,10564
9009,5679
8041,4110
10094,7359
9024,7239
4137,9727
4649,4138
7857,11132
10128,4142
7186,4156
4166,5095
7321,6818,5260
4171,5013
4736,5481
8021,4189
4956,4190
10755,5036,4207
7466,8611,6655
6169,4236
8152,4302
6563,8615
8267,4622
4792,6284
5288,4308,4805
5169,5554
4753,4238
5201,4245
6161,4539
4248,9538
4282,6314
4284,4925
12496,10350
9288,6739
11569,6146,4287
8099,10799
9513,11839
7426,8484,4293
4304,4461,4518
9728,10585,10486
12321,4329
4331,5548
11016,6875,9965
8164,12005
5576,10061
10249,11807
9810,11963
8165,10246
12324,10933
12032,12227
11989,11710
4904,7644
9389,8798
11312,11070
10553,10210
4352,11834
4413,4374
5298,5231
5545,5549
6728,6486
6353,4422
4436,4951
8346,6722
6200,5327
4454,5847
4961,4483
5618,12355
4472,11940
4488,11513,5705
12692,9911
11502,12015
12141,10215
9283,12615
11909,11782
4752,4516
6442,5572
6458,12443,8862
12761,9076
8722,7918
12713,4550
10145,4924
4552,9837
8145,4572
4734,4583
11688,4684,10429
4604,12116
11913,11266
8072,8841
9113,6179
4620,10830
6104,6797
6377,4635
4641,4815
6977,7035
8153,5386
8297,7803
5611,10591
4642,8749
4658,11013
8406,4662
8008,8425
7074,8700
6569,7971
8772,5933
4802,5559
9120,6995
4884,6847
5264,5869
5504,4674
12089,10507
5185,4678
4680,6510
4697,4887
10289,4700
12312,4705,6750
9017,4707,5612
10864,8770
7427,11603,7989
9368,4723
9131,12638
9557,10455
8608,4934
5817,9701
5553,6367
4761,8071
9003,6829
7560,9542
7896,9214
4771,10023
11539,8581
10761,5489,4820
5609,4825,6462
7104,5229,4838
4841,6234,7318
4865,5362
11720,7702
8532,4870
9585,11348
8379,11663
8240,4891,11983
5497,8444
8244,6365,8150
7314,4909
7881,6323
9441,10237
9761,12698
4912,5843
11483,7116
7166,10791
6090,4938
7000,7839
5156,4943
5842,5747,4962
11035,10982
6290,5015
5144,7660
9936,12654
10377,10922
8353,9222
8963,5029
5208,7930,8322
5030,9430
6961,5066,11796
5682,5725,5071
5092,7325
5120,10821,5848
5128,5729,7626
10410,11023
11306,5134
10472,11803
10407,10937,10239
9772,10917
9206,5143
5145,8339
12546,5154,12398
5162,5307
7852,5166
10943,5167
5177,5212
7931,5191
5194,7395,8541
10200,11851
8617,11786
8904,12775
9665,11524
5200,11372
5220,9174
6170,5222
7979,9628,5230
9418,5532,9862
8755,6043
5424,6366
5507,8591
5248,5250
5482,5627
7550,8967
10257,8175
5938,6399
5256,10328,6976
5941,8631
5279,5583
5354,5445
5289,6047
5952,5299
5544,5302,7767
5505,6077,6193
5313,5577
8076,5319
5356,10910
5858,5407
5976,5417
5442,7740
8066,5459,9988
5514,6452
7768,5515,9493
7519,6471
6754,5551
7810,5558
9774,5567
5570,8981
11048,5592
10520,10527
5610,7747,5877
7962,7981
7336,8412
5617,8395
6525,7605
8185,9027
8795,8005
6129,6411
7860,8375
6947,6086
10739,6502
6158,6391
10112,5764
8344,8632
8465,7283
6130,7983
5988,8852
7610,8419
8944,8815
7739,5621
5626,7643
7483,7029
8882,7972
8633,5654
5640,6738
8065,6876
7098,8566
5642,8997
8769,7842
10027,10788
5966,5646
9632,5658,11420
11411,11702
10014,5671
9672,10611
10835,9831,11479
6259,5677
11657,8805
12740,12229
6185,5686
7028,5695
5697,9506,6529
7890,5698
6968,7583
5726,10206
6032,7924
9359,7391
7141,8503
7872,7501
7067,7899
5748,8781
9233,6574
8800,9861
7327,5751
6608,10032
8731,6924
7677,7063
5752,8385,8933
12273,9060
9200,11111
9338,9638,5767
12284,6333
9832,10596
8776,7506
5777,5885
8889,9052,8985
8596,9485
7034,7469
8825,7175
6658,5844
8156,5799
5823,7254,7735
5824,9235
5852,6220
5886,6277,6342
7955,5901,7495
5929,11346,8307
11609,7925
11442,9356
5963,11174
9926,9095
9541,8038
6832,6082,5931
8761,9086
7419,5940
7961,6770
8338,6347
6288,7806
7468,7077
8984,6247
7432,6447
7914,8479
9460,9183
6075,6124
9291,7935
9196,6925
7818,6755
7329,7349,5982
5994,9083
7235,10421,6023
6064,9847
6096,7837
6116,8166
10633,6122,10110
10569,6725
8233,11749
9748,6903
7939,9062
6577,6573,7334
6209,9887
9465,7070
6217,7609
7697,8810,6238
11179,10948,6245
10608,6266,10803
6408,6274,9999
6816,6283
6291,10436,9175
12178,8435
9675,11557
11427,10789
7160,9962,6319
8059,6326
11496,6338
6394,11157
7680,6407
6444,10295
6450,6686,8511
9883,9469
6464,11402
7290,10828
6691,7662
6496,9319
7529,7645
10148,8893
6513,6674
11545,8413,6518
11099,10524
10403,10119
10979,12484
7756,6519
7016,6601
6520,11588
9005,10958
12024,6534
7044,6557
8594,6559
6616,7346,6624
6561,8723
7353,6779
7518,7150
8745,9379
6584,8916
10342,9543
6598,7390
10120,6610
6623,6663,10959
6625,7435,6671
12250,10974
11857,11789
12266,9765
7229,6662
9072,11897
6672,6953
9950,11607
12009,12347
12021,10575
9427,6684
6936,9212,8069
6697,8284
8141,8535
7041,6724,7055
7149,7206
8286,6743
6752,8167
7257,6753,9734
8049,8806
6916,6806
6769,9619
9853,6805,11438
6848,7415
6856,9332
6866,7594
7003,6902
6897,7046
11929,10531
7320,7356,7398
6906,6986
8732,6910
12553,6935
8440,6960
6979,7438
11835,10092
12793,6981
12354,9061
9865,11261
7921,9653
10048,6985
11240,9634
11673,11826,6987
7267,6996
7040,7385,9980
11202,12670
9440,9724
7648,7054,12240
7933,7086
7201,9307
7153,7900,12165
10822,12375
7944,7157
7912,7164
7311,10441,12463
9244,7165
10224,11568
10264,8988
12088,11122
11600,11659
11850,11391
10152,9275
8010,7214
7191,8447
7193,8643,11731
11194,7196
7804,7247
7248,9330
7959,7255
8373,7309
8550,10463
10932,7317
11880,7342,12023
10826,7375
8523,7380
7898,9908
7408,8877
9320,7911
8640,7581
8544,8337
8704,8320
9569,7433
8290,9867
10842,11564
11141,7471
7492,8782
7760,7499,7556
7520,9514
7531,7636
7568,9326
7713,8105,8163
7582,7975
8040,8370
7606,8999
8360,7625,8477
7657,8540
8824,8865,7671
10730,8372,11101
7705,9511
12665,11115
10159,12710,7711
10840,12053
10980,9959
7728,10593
8614,10462,7774
7776,10114
8032,7789
7778,11229,12327
12587,12799
10728,12118
12528,7795,12308
9507,7799
9697,7843
10443,7903
10024,9658,7946
7968,8610
7976,9940
12449,7987
7993,11594
12712,9763
10915,11895
9648,12270
9168,12372
12467,8692
12803,12422
8450,12515
12481,12597
8006,12191
10996,12182
8019,10028
9357,8031
8057,8043
8051,9199
9803,8052
9266,8054
12514,8116,10781
9827,8124
9968,8155
8582,8158
8349,8351
8388,8182
9058,9013
10953,10748,10494
10544,11378
11500,8196
12415,10535
10690,9863
9035,10526
10532,9879
8202,9164
9977,8213
9914,10677
10089,8223
9928,8879
12680,8646
10945,11396
11137,9255
12338,12452
8785,9892
10451,10724
11114,8915
8476,11820
10861,12349
12194,12403
10496,9553
8238,8871
8651,9788,9286
9426,8242
10353,9823
8507,8252,8365
11997,8262,12263
10124,8263
8285,9575
8796,8709
8299,12766
10203,8303
8705,8310
11342,8354,8910
10875,11219
8378,8396
8386,11693,10038
9006,9790,8391
8520,11363
8586,8875
9091,8534
9059,8556
10490,11926,10319
11009,8657
10993,8676
12163,11556
10376,8703
8708,10063
10178,8711
9298,8742
9323,10020,8750
8809,10378
8816,8866
10360,9637,8823
8832,10756,9982
8876,9558
10186,10301
12067,8891,11423
11914,12279
11617,10898
8912,9820
8913,9953
9037,10887
10300,11046,10607
11193,8971
9000,9041,9755
10074,9687,9071
9085,11198
11096,9242,9094
10477,9134,12287
12448,9139,9268
10995,11903
9140,10060
11130,9143
9969,11958
11888,10382
12013,12685
12417,11234
9170,9194,10198
9232,11999
10047,12006,9263
9573,10228,9277
9880,9281,11092
9363,9445
9284,9621
9289,10689
12488,10530,12739
12353,9292
9310,9302
10456,10090,9939
9818,10354
9329,9956
9784,9494
9593,10466,10275
9362,10860
10285,9367
10967,9398,11343
9497,10062,10079
9707,10211
10216,9572
12401,12406
9920,9645
11755,9693
9825,9702
9738,12110
9768,9814
9816,10587
10214,10846
10296,9842
11563,11716,10662
9857,10157
9976,9868
9907,11190
12512,9927
9931,10412
9954,10675
12066,10743
11771,9991
11204,11845
10292,10021
10042,12727
10808,10838
10483,11669
11089,10194
11817,11369
10920,12330,10764
11283,12438
11028,10102
10130,10106
10164,10166
10402,10115,10348
10745,10121,11729
11358,10559
10408,10127
10176,10723,10669
11777,11005,12078
11915,10181
10384,10435
10225,11945,11533
10594,10261,10386
11484,10351
10715,10651
12624,11754
11329,10340
11042,12709
11074,12356
11313,10346
10427,10475
10438,11158
11584,10444
10576,11332
10445,10598
11859,11605
10447,11647
10712,10546,12159
12201,12070
11163,12196
10901,10774
12233,12603
12299,11151
11728,11949
11324,10484
12397,11446
12605,11254
10449,12599
11843,11390
11345,11370
12795,12255
11611,11373
11739,11119
10849,12741
10991,11847
12145,11251
11717,10614
12237,11007
11854,12111
11785,10949
10571,10478
11480,12185,10508
12180,11364,10541
10601,11899
10638,10871
12666,10877
12409,10847
12376,10966
10722,11957
11954,10763
11044,12109
11610,11246,10823
10836,11134
11810,10895
11425,10911
11353,10985
11460,11221
12099,11022
12570,11036,11890
11073,11510
11424,11076
11098,11490
12056,11337
12176,11955
12242,11182
11223,12071
11230,11935
11360,11263
12106,11383
11451,11541,12534
11562,11666
11881,11683,11911
11713,11587
11747,12382
12386,11595
11636,12485
12208,11705,12554
12378,12146,11919
12168,12276
12492,12300,12126
12769,11925
12095,11959
12416,12157,11967
12209,12494
12459,12717
12265,12490
12322,12389
12629,12039
12440,12426
12913,12822,12591
12752,12562
12815,12935
12870,12934
