738,451,1221
1064,5990
2312,4972
2131,1740
9697,8700
6124,9310
6624,8375
4753,8370
6990,5214
0,1215
5419,8916
6697,9013
4584,2643
5128,340
5594,7739
8163,6803
7506,4675
7283,284
10324,8351
784,8465
5098,8675
3212,671
6376,2052
5493,3046
4732,5021
3521,151
2291,6367
2257,2939
6436,8182
4547,6100
3897,4108
3779,3148
1403,4590
7227,6862
2020,4164
7560,4031
266,9357
1296,4469
5905,9603
5958,6166
9400,5554
6502,6086
9619,7397
9064,954
7843,9543
1464,9003
7836,6599
9819,8493
252,821
4979,6247
1172,357
5777,4238
9396,10342
1386,9058
6608,3175
953,7518
10116,630
2068,4015
5025,3367
2219,2238
3341,461
425,2285
8736,3216
11144,3122
611,8229
1083,9341
4692,4597
7948,11796
7700,2366
8069,3710
5932,6806
10966,2567
6516,11959
12456,7400
7313,3767
8697,12125
7505,10444
7410,135
11432,2268
11246,7959
7912,11102
7164,2462
6776,5520
2329,12754
11610,6499
11584,7815
5772,11103
5136,7539
2404,10030
9629,9039
4360,2617
11817,11369
10042,5054
10808,1968
10194,9012
10838,11126
11089,10483
7987,11669
12449,11997
8262,12263
8912,9820
9168,7993
12712,12467
9648,11594
9763,12597
12515,8692
10915,12270
12372,11895
12803,12422
12481,8450
1197,8294,9703
5476,757
9011,7
902,647
915,1198
2168,1262
1281,10151
6488,5854
6236,3829
6069,3575
6113,1006
5234,12
11824,4716,4781
4564,4279
1479,3919
3818,2431
6692,1340
3985,6883
6306,22
9774,5567
10680,763,9438
1880,43
24,10168
8132,7941
6955,5541
8939,6566
7362,1227
2848,6421
1156,7439
8025,1132
4137,2082
4897,7315
4553,2983
41,4594
4780,7979,9628
891,10221
5613,10637
7297,8732
6257,6786
7369,8539
6816,6039
3958,5662
11419,76
9036,6719
2425,2554
11200,5581
12426,11411
2090,7405
6445,6494
9632,939
12440,5658
11420,11702
8572,8582
4888,7517
3797,10311
12508,1844
6681,5863
1825,11387
9266,7238
10673,1730
2545,10270
9473,1146
6444,10631
4896,4880
11927,8207
3010,8900
10001,8042
3701,9463
12666,10638
10295,1951
2472,4437
11364,7509
11536,5199
10877,10871
10417,9383
7368,3615
11746,4662
245,11335
6176,6889
7922,3423
11964,484
11408,9796
8342,9654
2550,3494
635,12007
12934,12815
12752,12822
11173,12382
9289,11747
9448,12386
10689,12870
1307,5959
11595,12935
12913,12562
1528,5394
11372,9358
12517,5269
5200,227
2478,2503
7065,12591
11194,990
8666,3310
7130,4407
5796,9300
11451,8975
5812,3703
4216,12534
11045,10389
8361,12485
12320,12362
4200,12769
8489,10916
12177,9876
9180,6668
11155,10742
1465,3050
11547,7559
1869,10173
3816,11090
12710,10159
11153,10203
11464,5612
3125,10854
9050,10758
11242,9973
5029,2599
4248,11761
8963,10671
12399,2815
11972,6030
1681,9538
11496,7216
6338,8159
6012,11503
6632,4066
11890,11036
12570,11347
10699,10550
2233,7053
8054,1847
10616,9073
12045,3358
12153,2764
10658,6396
11737,10227
12587,12327
11416,8721
10882,11062
11545,12543
10672,8763
11795,12335
1136,6451
11022,12207
11705,42
7601,5981
3697,8530
10554,3051
2587,2588
12208,12554
10290,10943
11888,12685
12417,11130
11234,1471
9969,4156
12013,9143
8457,3363
7186,10382
2021,11958
10985,5167
3600,8548
4024,3773
12322,10652
1149,471
12593,11221
9138,9606
12265,12470
6876,10463
12098,7079
1809,12490
12099,12494
11073,12209
11510,8550
10908,11967
11713,12819
12416,9353
12459,10932
11587,7317
12389,11911
11881,11460
12157,3878
11353,11683
8065,12717
8769,5642
8997,8566
7098,7842
10027,10788
7641,419
4128,4306
7213,6991
48,5831
2747,1645
1114,7915
6962,4132
8350,879
7100,4327
10745,3433
4389,4783
9921,6997
10121,4262
8488,1200
10256,9507
8201,6221
7196,9943
3240,10566
4457,9964
402,4788
9968,6856
6907,4853
11500,8437
11378,9421
3392,5384
3753,10911
6731,8855
7021,2935
11425,302
6810,588
3506,8506
11616,7205
11736,5412
9224,7894
2205,1295
5785,6244
6696,8750
4219,292
54,1071
840,6900
7974,862
7070,7599
4916,7478
265,1292
1521,8239
6272,6468
5240,1259,2822
4186,6899
7535,215
3061,9319
170,5599
2015,8551
3933,3414
1395,7639
10107,4308
6228,8492
3128,5457
6825,7877
2300,9564
10105,401
4650,6916
11376,3879
8185,1807
896,6233
3177,10821
12471,10223
9649,11019
2320,7222
9781,4638
7409,8349
3167,10015
968,1141
3256,9470
9858,2869
6028,5079
5434,1877
9298,8804
9002,2189
4064,10220
9890,71
2921,1210
3923,9228
9816,4201
10569,4463
10513,2343
6915,7996
8603,4805
7105,7082
804,7087
8896,8083
2388,8180
1185,9114
8106,7947
9638,5246
3769,10941
9248,7810
4452,10207
6548,10557
2710,9278
9947,4973
11448,5190
2528,5069
851,7375
1666,9301
2034,8397
6248,5182
8514,3918
5800,2870
5185,9419
12089,10507
7613,6591
2985,7035
11537,8044
12378,4678
12146,9326
5539,11919
2480,7282
12168,7264
10138,12276
7568,9546
9529,7825
9586,9615
7024,11901
2025,11077
10738,10083
10930,7621
12633,9706
4097,8199
6946,7212
6008,2799
5713,5550
1244,4565
7176,4206
2179,8557
3952,5686
6978,2718
4160,4079
5228,6918
720,5147
6970,837
2625,2357
9849,3059
1250,8219
6872,1882
1289,8082
7017,2564
12435,5157
5396,9204
9978,2998
1124,5693
5897,7110
7171,9276
1169,12044
5815,1335
2665,5343
4144,9608
2709,4375
6065,8390
3484,4558
920,8645
5280,7386
4905,9380
4814,7678
10321,8459
531,7887
10352,3602
7683,7807
11802,5775
2178,11117
9155,12108
5129,6036
8096,12613
3108,7694
2945,4573
7448,9844
5225,3587
7240,4044
5695,5087
4862,9575
1040,5689
6602,12010
9150,9791
1046,10743
5358,8263
4161,6815
12225,7530
7939,5756
3091,10587
9436,4421
11541,767
8701,6014
11360,9961
5578,6821
898,3907
8913,9377
9480,10717
12780,3636
11260,7759
11273,6922
10477,743
5052,7117
9329,9818
11957,12766
10846,7686
12401,11098
4354,2316
10329,4774
8247,8839
7433,3193
7184,575
10438,12095
10113,1183
2634,2988
10338,9309
3481,7716
8716,2647
9776,6684
7537,6553
11480,9866
11640,11580
9412,2372
9636,8853
10756,9982
8120,5519
10289,8276
3355,5700
10322,3199
9197,10575
10279,8423
4524,7270
12066,9991
10620,9788
3804,4623
11771,10813
3323,5558
8651,11204
3857,9709
8242,10211
12307,11845
5676,6750
12312,4876
11329,7361
12624,10074
4705,9687
8910,9071
11484,8775
10509,9583
5811,10845
4400,5887
3605,11293
3056,11733
10749,4967
3080,9924
11754,10651
8523,7349
7096,6851
6859,5838
8921,3679
1348,5982
7329,7380
9132,11647
12242,10447
7760,7556
10353,7499
11182,7447
10216,9883
330,9823
8265,10079
11042,11074
12709,3334
12356,8725
8829,8623
211,4836
12457,7207
6475,10715
11818,7407
5628,1694
11010,10134
9160,5538
10171,5719
2288,3610
9865,5861
4110,9903
10581,6958
2246,11230
8041,9009
7921,11948
10048,9653
180,11261
4402,139
1384,9634
10992,5406
9539,12343
74,10204
9455,1351
10764,10103
10920,9373
12667,5407
10771,8966
5858,12493
7561,11917
10995,12055
9877,11799
10536,8111
8451,639
7730,7046
10531,11511
9569,1393
7768,11988
8537,10546
11283,974
9024,7239
11028,10102
12438,5679
10094,7359
11052,8286
11332,6743
11112,2248
7587,12174
10807,10895
3283,11053
8834,9775
3709,10271
10264,10484
12196,8534
10224,9263
11785,11717
12299,11854
11843,9059
12201,12111
11728,10445
6464,9572
8365,10166
1744,12159
12145,12605
10712,9445
9771,5646
10164,11151
3817,12006
4019,9244
10152,8252
8507,12397
11251,12255
5161,11237
11373,9621
888,9880
11033,11391
8875,11749
11064,12138
10091,8556
6897,12237
11568,8586
8035,9284
2803,508
7698,10364
3507,11622
5515,6902
9134,12287
12185,10508
9281,4105
11240,3579
6403,12070
9913,11850
11345,10441
6206,10887
10614,11007
7865,12714
11600,11254
11122,10037
11370,12795
10130,10106
11092,10901
11611,11390
12083,9091
10047,7311
8057,11949
11458,2844
7003,9363
11659,11739
10459,10774
11969,8999
10410,10986
11163,4773
11929,10692
8988,5966
10849,10449
6973,10991
9707,8683
12176,2664
408,11847
8043,11459
12512,4899
10482,12603
12233,8118
6792,11324
11903,11975
10073,11446
7876,7165
11337,12599
5388,11935
5194,9927
599,12775
11249,9495
9275,9493
12178,5380
8435,9175
6291,9675
11427,10436
11557,10662
11859,11605
12537,12316
12309,11558
957,11654
12402,10219
12538,4373
6131,4244
12235,2061
8904,9665
9352,9804
10976,11400
10875,11342
3746,4046
12522,12507
5426,8204
10559,10127
5334,3063
12699,12806
11330,11772
11435,12723
10200,8541
7235,10421
12547,4187
11481,11629
7832,11406
7569,12583
12774,12518
12784,12458
12193,10683
10373,12677
12498,7655
11514,10827
12746,9415
12772,5972
9578,12390
10905,12546
10816,11851
11841,11218
9037,9286
11992,11297
9739,11725
12741,10949
9426,12021
12088,12463
12744,10889
10632,12735
11522,9718
12612,5039
12371,11965
12195,4358
8905,11140
4987,12214
9162,9951
12114,4959
9857,10372
12004,12063
833,6794
5154,12398
7370,10309
9712,9393
11998,7551
11970,7762
2923,12573
8617,11786
11544,6704
241,11955
3956,10157
1901,9735
10179,11679
9457,6023
10836,12109
9113,10830
9916,6653
11291,8485
12056,11340
10031,9895
8928,10710
7457,11134
12052,10022
1033,11158
5672,9101
2761,5534
12200,9677
10408,11358
6650,12813
11402,9469
10576,10598
473,2119
10572,10759
5350,11311
6360,11119
7635,8501
10002,11716
11699,12830
9497,5899
5056,12294
2871,3519
8299,8796
9140,10060
12762,10892
12640,3881
9576,12057
11867,12092
328,12325
3035,12135
7395,11524
12604,11047
11097,12567
3210,7498
11443,12542
12281,11813
11359,6959
12802,6435
11563,6965
641,6716
4224,6828
5196,4086
5138,5894
5068,1927
4034,3845
753,3067
8528,3937
7693,7614
3016,4537
1786,3380
5761,7597
7890,7869
8138,5235
6609,75
1633,11123
8090,8429
7697,2700
432,5113
10258,237
3296,4941
3564,5381
7946,6373
9019,2579
4720,7605
7309,5902
7401,6305
2630,3095
1789,8373
3950,5615
4353,8764
11756,7893
9644,2439
7489,4341
8560,10502
9370,2453
3249,9756
12084,653
7403,10391
2302,6575
9102,9398
10840,10967
9854,11343
10384,10883
10435,11005
11915,12078
10980,9959
4856,12053
7728,10181
10593,11777
8347,10366
4008,9801
11472,12170
7888,10374
7788,5631
9954,10675
1128,8196
4281,6133
8355,1700
4713,3661
3418,9323
4337,5557
7609,4619
5321,1551
4929,2627
5210,3798
3666,3263
7068,5591
8824,10156
3912,4347
3624,7671
5668,5238
5077,6199
4121,5910
160,2146
4231,5175
3241,4135
2682,4399
4123,8150
8388,9549
3552,2749
2464,7847
3968,5531
5299,84
6577,3906
3555,6571
4130,5885
7610,2562
9214,4159
6242,5430
10202,11319
8776,6555
6921,2692
1498,1852
3314,1911
4873,8076
625,8005
1925,5718
10848,5980
4272,8398
7786,1814
8636,3957
4868,8271
9056,3377,4043
2760,1474
4804,6046
7554,8631
2297,6564
6770,8031
7928,11025
7304,5293
3242,6967
1806,7951
8332,820
3924,3422
3233,3038
8932,6495
4828,1270
6830,5439
3566,9471
5099,6811
5017,8191
10228,2758
1932,7964
10965,8167
240,4346
4680,1761
5809,9685
9640,10498
5834,6725
3438,8230
4377,7839
8011,2989
10024,5923
4616,86
8216,2236
1537,261
3744,9332
8625,4298
7091,9277
10643,9652
10393,10645
7000,4938
4576,8329
5291,3535
9000,6347
10232,9833
2421,8213
6800,9977
10248,5217
5820,9477
10012,3463
7219,12243
9770,11862
2657,6006
2447,3751
1978,8117
5024,5848
8867,325
5635,1439
9699,94
4514,4603
5603,10453
8792,711
7248,9330
3090,10132
11120,4006
9072,11897
6672,6953
12009,11607
12347,9950
1720,4682,1319
817,3611
4633,141
5915,4319
3836,5638
3641,5522
7732,1710
3954,498
4364,110
9506,405
7713,8926
744,5973
5813,8142
843,5997
10193,97
1800,1129
5075,6085
3675,2607
9338,5767
10596,6333
12284,6301
9832,4572
11528,231
2279,5711
3657,5690
9249,2669
113,9094
11096,9242
6937,4499,4445
3098,3635
4032,532
4184,2794
963,3261
3545,5986
1634,3942
3738,119
4829,941
9835,6734
5417,10292
2066,9915
11113,751
2929,1522
5474,3383
1145,9807
7553,4115
8565,6782
7938,9956
6275,12333
12115,9918
6676,8726
9813,8733
1969,9559
3340,6773
12476,12062
7194,10043
6000,2931,9293
121,5804
1256,4661
7201,5188
11676,12191
11774,839
5859,8006
3848,4806
6292,2782
7648,8193
12240,7054
2348,1549,2199
8786,2580
9484,5823
5609,1431
8592,10250
8689,5925
1305,7828
4768,5543
1282,9111
5449,7167
9905,7279
10478,7607
3427,9723
1532,6845
4770,8052
7794,134
5003,1399
2547,4782
5593,7203
9501,1085
2649,2339
3780,11822
11188,8958
978,11327
472,5882
6125,3237
11864,8874
10141,1327
11236,4543
2744,9821
9689,4490,10814
4840,7862
7917,1263
3053,6509
1990,6823
8298,1044
7445,1647
7819,4303
2306,370
7674,206
5106,10158
9748,11925
9280,9556
145,8235
10092,9061
12793,11835
12354,6981
4465,5588
8424,7666
2091,5115
3366,10831
3161,2444
2458,4038
5010,1445
5316,5140
4480,5308
5946,4330
5464,5141
7995,5494
147,8317
5354,10515
1417,4363
4309,2702
2072,9057
3365,1511
3065,8605
5482,5490
4460,6871
5446,2990
3222,3078
10681,1547
1188,5103
3448,3962
8136,9901
5465,4991
12305,999
11006,327
9505,12365
3179,5716
1320,5124,3325
233,997
5703,511
58,109
7764,8503
154,4423
7860,4957
3947,1565
7859,2724
3218,2886
1240,1778
162,5797
2432,8684
869,3934
3282,5508,2694
5296,2742
163,3101
6869,855,2719
8980,31
6336,9230
6752,9666
173,10855
8864,4818
5584,244
4600,7511
2977,1964
5673,1684
1816,584
4017,377
4491,3996
2473,910
524,1943
985,1705
3717,1231
865,892
857,707
825,7175
8761,5569
977,9172
11146,2639
182,9567
1065,3055
3768,8535
1758,1359
339,1957
5715,1190
4180,5598
8056,4696,2805
728,1354
6153,4665
8595,3726
3069,4622
2690,8559
2538,188
2594,4047
8674,9826
5852,1342
3344,5829
4472,8708
5618,8998
6542,3303
4002,7421
8978,518
1819,1220
11940,8358
2754,11437
9129,5116
8832,9545
10768,11671
4416,5504
9427,4700
11760,10318
11219,7020
7879,10351
6252,1222
12330,9910
11016,12005
4267,6875
10032,9183
10553,8164
11312,10249
10246,11807
7644,11070
4904,10061
8165,11989
12032,10933
5576,11963
10210,9965
11834,12324
12227,9389
9810,11710
4352,8798
1931,659,191
1680,146
1027,5475
3104,911
4677,965
291,4071
5120,7019,704
5284,3622
6331,4966
4985,1767
4617,4900
1993,6611
6572,7958
10178,5575
5248,6094
6245,7631
5264,6832
1937,4318
7342,6903
6332,5526
7066,558
8753,10763
1834,12308
6294,12023
11880,12483
3931,10923
5060,1446
12745,8974
12629,12039
6664,8085
8088,3117
7360,4797
10896,651
10709,7094
8152,1252
3096,9387
2966,7430
6458,11787
4082,5988
10691,10284
10713,3291
8722,10251
12713,7918
12738,4924
8802,4550
12761,7814
2553,8862
10145,12443
729,859
9076,11750
4593,11745
1913,7611
208,11833
8739,4636
8738,11877
6584,665
11179,10948
11473,3354
9240,9720
10753,9783
6925,7886
12464,10584
11770,12451
12528,7795
6986,12726
9812,11709
7293,7806
9601,12167
6908,12446
5122,1958
6344,8992,213
8061,7662
125,7351
3938,8134
9658,6747
2160,8854
11852,6741
3225,885
1906,1540
1504,1564
1306,362
236,8047
12908,4124
285,6183
2629,1862
3786,5215
3856,5073
6337,1822
1067,6174
4627,9086
2585,6148
6939,6639
9717,9397
3032,8400
9787,7299
3748,7726
3921,6905
10008,5833
5698,6805
4025,6854
5976,2511
4852,5798
10926,310
7771,8742
856,281
4921,9623
2436,246
10110,2879
1587,8925
8714,7636
4811,10494
3916,8567
8520,1612
10578,11363
2134,8079
10577,9219
10137,5051
10510,7247
9164,2908
11104,8202
10952,4730
4800,7699
8426,12756
12105,11767
11688,389
11913,4684
8841,4604
8072,10429
11266,12116
7129,6102
7037,1447
2069,8799
4528,3625
594,6492
4313,5655
7942,247
11461,3102
5241,3116,4645
3904,3802
4317,4621
8730,4055
9027,2499
4497,3980
1898,4861
2873,5229
6048,4348
2817,3997
4739,6253
1482,2922
277,1894
966,6175
248,2107
2787,3166
6250,9379
8409,3342
2114,3571
9994,8019
10028,12182
6864,7800,5061
9088,3994
8440,9282
8384,9635
312,5744
8456,10252
7009,254
8898,4155
2083,3196,4694
4320,4147
4393,4
256,908
5139,2996
7045,8455
4864,2641,8941
10226,2751
258,4850
6853,7750
1322,5778
1584,1267
1472,6888,8471
4458,1014
7712,7801
7273,5389
713,7501
4395,7935
128,273
666,1709
937,6838
8885,8790
10349,4527
5032,5511
795,5165
7870,7399
6892,5717
10518,6775
11540,10006
7664,12405
12492,12126
9409,9746
9372,9182
11222,9607
8563,1630
7793,4076
11288,8654
9912,4552
9837,5143
12282,2437
10937,10583
6072,6083
296,10917
9206,10407
8115,12149
9772,4391
7332,10239
11032,10802
6938,6699
11250,9203
12304,10766
12809,12041
2653,12527
12244,12407
12203,11308
11136,12663
12283,10972
6202,10556
6384,3991
10819,12499
7752,12385
7389,11431
12033,946
9850,3183
8288,2413
555,6531
1561,7125
298,3476
2689,82,661
5294,12310
7089,1562
3837,1421
569,322
3680,4242
1505,6143
5969,7900
7153,12165
600,6026,4982
1875,3835
9547,5390
6984,6139
2386,8691
571,2925
9458,476
5853,10487
4192,1622
3732,6278
7347,8484
11027,326
8880,10625
4658,9395
9104,7558
6963,10535
7473,10953
9062,6783
7606,8343
6707,3588
10792,10970
7496,6578
9714,10038
3313,6777
10633,6450
11115,8511
8161,829
5512,9174
8184,8418
3681,10354
9784,9494
9268,8709
5866,11044
6317,10214
7808,7969
5867,11693
8386,6686
11299,5220
2185,9139
10296,436
12448,9842
12012,4382
10909,10735
520,8431
9897,11907
7428,9142
10504,11581
11232,9729
9747,8678
10548,11788
4625,3189
9889,10011
10724,8646
5648,11137
8915,11820
8879,6519
10945,10861
8112,8476
8688,8223
12194,11396
3707,12349
9914,12403
10496,9255
8785,6601
12338,4198
12680,12452
6084,9892
9928,10677
9553,7756
11114,578
7016,12069
1939,11519
10432,12790
7595,11916
12832,9762
11063,9271
9736,9713
9786,10405
11494,12671
10618,6814
11105,11463
10839,9759
4953,11918
11871,8831
3682,11125
11393,12770
12482,3874
12771,4710
10089,1983
8836,3157
4790,7863
3674,2971,6290
4785,5516
4879,7727
6473,1678
5632,6745
6988,8734
2250,3557
3632,10975
2465,9202
7804,10198
11157,6279
9187,10902
1029,334
9530,11468
11171,9511
8552,10603
10944,11465
2688,9678
7880,10811
9512,10812
3824,5015
11035,10982
5144,7660
9936,10377
8353,9222
10922,12654
1137,7301,7061
1121,1086
9296,5236
10174,9742
7048,6766
1824,6144
680,9433
3009,4620
359,8807
3169,445
10770,5492
2402,11069
11914,5523
7161,5001
2796,10319
8009,11617
5357,12279
10898,12067
2681,11009
8891,1373
8657,11926
7658,11423
6576,8387
10490,3724
10149,8214
10925,12782
12216,514
10019,12173
7336,4434
2395,5261
2876,1527
9106,4171
1224,4367
12204,1062
10336,4227
9499,363
2824,8746
4848,5398
9234,8412
5275,10532
8169,7603
3894,6670
6321,4706
3776,2325
1876,8301
573,5758
1201,3479
6185,2578
7147,7798
6462,2007
1388,1438
9441,6674
2194,6020
4286,4343
7132,5151
6283,5230
1155,6910
6474,7292
5181,5846
3465,2230
6449,4221
6898,942
5970,9334
1509,4374
1186,5252
628,7623
6793,9751
1881,372
9267,12551
8569,8979,5453
378,1247
6412,10254
9554,1750
10956,9413
4993,1971
814,8014
9841,1598
7724,7966
6375,399
7536,7526
6416,7531
11921,422
6928,2225,3663
8010,435
1245,4229
6780,1485
8154,407
5197,3910
5377,9967
6147,1812
3676,9366
6057,11306
8393,5134
5649,4884
11803,9525
7255,11023
10472,2859
2349,9117
11040,9639
6620,1790
12619,5355
12730,3190
156,1900,2685
1691,1543
6385,7307
7422,6807
10443,2475
3260,9596
11755,9693
6320,442
2258,2927
10856,922
6673,719
882,6691
3316,8687
4208,1430
7954,2540
1653,2374
5754,7093
2435,11700
8472,4154
9725,6103
3789,1390
1667,2798
5626,10690
11184,4166
11840,6079
752,10523
8107,2654
10369,7278
2818,467
1988,11199
7707,950
9041,486
8402,3164
8952,4579
5851,8917
8461,11999
5616,5939
6025,884
6152,6021
2102,8454
12579,10348
1692,9407
12306,9814
1081,2618
4162,9075
2889,4065
11192,4004
4945,7866
12533,6109
6312,3436
2144,12620
11210,8421
4608,11639
7364,5270
2800,12103
9738,12110
7976,9428
9940,10958
9005,6534
12024,11108
3120,1194,621
7892,10765
2662,2894
5979,7620
3739,8029
4509,1095
2769,5991
2361,5782
8396,7086
3628,4094
6076,1980
4387,8662
2057,11307
5376,9199
4513,11526
5891,7566
3165,7791
9825,12611
3643,4475
11049,491
6536,9630
10611,11357
10017,10014
9672,5671
9521,6459
12241,2727
11321,11981
3892,11655
2521,4349
1096,385
5435,8653
6182,2278
7010,7754
5266,523
1208,10899
3699,3442,6635
2085,919
2304,8531
2081,6455
4075,5022
7334,1318
536,11107
2200,1163
8226,1467
1915,2862
9270,8655
8542,12302
12408,8571
11333,11543
11008,11380
1729,9750
5857,9233
5714,4714
5994,7709
6425,3170
4752,7229
6968,3650
540,1052
5794,2598
5112,9258
8008,6137
4512,7078
6866,7318
5940,1591
5825,4831
5704,7483
1440,8500
5729,2077
4523,1476
4050,4502
1448,5546
1837,10847
3082,4766
8982,11695
2265,9503
5489,10649
10761,7426
10456,4820
8218,10878
545,8668
2784,8109
6424,6795
5088,1929
1618,9158
1987,1999
546,6357
2901,2111
9054,6343
3466,6159
2697,3900,4125
9504,1853
1362,3582
6160,4068
4012,4062
559,6679
7721,4492
9252,3550
8712,1873
2330,3574
2322,8661
3155,4715
10539,11212
5322,6108
2561,4779
2485,5486
7520,12151
11625,4293
10124,8604
9800,2272
8075,4533
11729,12054
6328,5830
5495,10247
8330,1499
818,9476
3512,3369,4446
8696,10446
8024,3619
3110,6687
7001,4787
6756,6071
563,5845
10565,1079
7211,5943
7945,9274
3226,9422
9424,8549
9514,1845
6987,10910
11673,11826
4053,4615
10962,7103
11407,9215
3472,4350,582
3749,2221
12363,596
3722,3644
7038,1151
1209,9510
1721,3411
4486,1022
5145,3430
105,1879
9232,3638
8352,8985
7170,10315
10987,9863
1017,5443
4944,5577
8155,8861
9035,10140
5110,8815
5683,629
617,4877
8924,7708
947,7910
3136,11869
210,4683,1461
2829,4109
2153,2518
622,1494
1779,2047
11731,8878
731,3764
7193,8643
6682,3259,1404
1380,4518
29,4613
5500,2166
4889,4970
3145,8341
627,9710
7504,10461
6784,7542
8297,4815
9017,4707
10864,8770
1732,8981
380,6574
68,631
8884,3999
7245,10334
3224,5855
8610,1946
5123,3971
2577,7109
3211,4405
7594,7215
633,5571
10419,7687
3633,1382
3347,6015
6128,1554
12180,1677
4601,7007
440,506,5556
8289,10263
634,5967
8745,6726
944,5332
1026,3930
4544,9446
4042,9773
7328,6885
5100,4989
4742,4911
9768,3267
12059,2350
2728,12355
7177,8037
11313,10346
4912,9761
5843,7116
11483,7166
12698,10791
3524,13,646
7288,411,1127
4176,3186
4568,9193
5912,650
1973,4151
2830,4103
1624,8495
332,3870
7643,2269
10488,4430
9349,663
2056,10255
6603,6884
1337,174
10018,3799
11011,6852
672,3543
2677,2429
1848,6223
669,2030
1944,2621
6178,5125
6893,5271
570,678
945,5473
5400,2530
7450,6550
8363,11037
7363,5901
2833,7495
7955,3252
1970,4949
6580,10541
9624,5445
9667,3060
4722,8123
8313,7812
6490,5262
1480,975
9098,6619
6052,7382
3755,900
11456,9361
7593,9418,1563
9483,8525
9600,11172
5793,6633
11168,8258
7224,9754
9496,10359
3973,2318
8380,9125
6394,691
1784,4581
5351,11263
952,6146
11569,4287
8099,11839
9513,10799
3288,2017,11575
6225,9381
10072,9527
5211,7933
9170,10402
7107,693
4610,4141
8828,11924
12187,12028
12828,12662
10437,7989
9368,11603
4723,12638
8608,4934
9131,10455
3684,4743
4647,1367
2075,6613
5221,695
4092,4461
5132,3790
7128,11650
1820,1669
1857,4965
2963,3255
3987,5941
2093,7790
3171,7967
2601,3329
3692,1276
3801,2766
6162,2613
4369,3462
2928,8051
7149,2645
4699,1487
3584,2797
1714,6274
5409,3076
2843,5459
7816,4404
10244,6972
12376,11994
10537,3245
9517,12238
10497,7527
7552,11578
11769,11002
8306,9935
10066,12172
12425,12500
4067,613
324,2903
11626,2334
12480,701
6314,4555,4526
848,6771
881,1503
6231,3711
8468,8606
11658,5213
986,10021
4270,7991
2028,2845
955,11438
9016,8682
714,9986
1232,6654
12415,10431
2948,2910
9295,5911
5216,2813
5784,10414
8001,12234
7458,4607
716,3206
4474,6733
4496,5985
4440,6369
4697,5806
3320,5206
4409,1490
2138,2342
5709,6582
2418,4212
5289,7115
722,6286
1113,4428
8356,2895
2201,5708
1261,7326
2170,1843
9851,1772
1106,3926
808,6074,5403
3873,2714
6891,387
1597,447
242,6819
3678,2671
6277,4111
8416,5933
4736,5424
6427,3251
5080,5451
10990,8295
724,6508
1899,6389,7973
7393,3607
1774,7367
5780,3262
4961,749
4875,4998
3529,5045
3045,5871
3315,7956
4220,1668
6979,2459
1369,4057
4297,6391
5725,4567
3459,3109
4602,5007
3346,9109
12035,1581
5442,1671
9259,3982
7398,3047
2924,3468
4611,887
5712,7818
2094,7823
5568,7972
2469,5198
5372,4028
3585,5965
2962,2668
5169,4988
3480,5553
10053,9845
5323,5078
3672,8942
6224,1893
5747,7468
4522,1723
3236,3205
6158,5559
5385,5621
7032,3677
1921,3893
2849,1187
6685,5742
5227,10526
6295,3319
6585,3821
11732,12679
1112,3685
2509,703
5739,8228
7714,7742
7050,10087
1752,755
2675,5580
11993,2203
4809,1436,4918
6666,6011
3497,2765
1841,1175
8089,7481
9321,12076
8951,1895
761,9236
10323,5989
7665,5282
10078,2038
5992,10978
8259,4381
4233,2055
2972,126
1520,1459
769,2123
979,1797
1890,9262
10740,10093
3152,7927
7233,290,4063
7963,3495
8760,1526
5347,3742
9811,6095
6721,10605
11954,8820
1648,6581
4641,4794
10115,8406
6675,5907
3405,5623
9953,4538
2321,11942
10280,11849
11176,11118
10096,9868
9976,6501
10784,2337
7476,863
779,11599
6625,6270
12266,6671
11789,10974
12250,9765
11857,7435
2356,5254
7144,3852
1637,4926
1600,7570
9673,1795
7705,10773
3328,10235
6442,5091
4795,3039
4587,710
4131,883
8094,782
6528,4010
361,8097
11076,3247
3231,4599
871,943
1614,5822
2112,4326
7821,3478
792,11164
609,2259
2019,5212
7896,667
6461,3838
11424,6398
12160,6170
5540,5222
11808,11304
12421,7190
12765,9487
6265,3123
12286,9719
1769,3865,7071
2994,6142
786,1639
7028,6453
7906,7031
2872,5245
4816,788
7856,2495
835,1470
8028,8103
800,438
2560,4549
9604,6789
3352,3626,2099
1985,909
1856,9939
2006,1863
1512,9302
10394,8524
1008,2195
8003,10172
11265,806
12465,3539
3570,3141,1478
1069,6213
1272,6612
7221,3830
1032,3434
2191,4255
5601,967
8612,7630
6722,9406
5614,3239
1078,4759
4649,4005
1366,494
1035,6597
10314,8227
1088,4291
2428,5583
10050,11743
3376,1829
4844,9460
5622,5135
4802,9291
10082,844
7425,1813
10984,5433
5938,9067
2651,7063
3490,3330,10286
9984,1378
5881,2907
7503,7895
8923,895
409,10306
2661,2110
6694,935
2984,9453
4225,6812
10529,1850
2032,9336
10197,1935
9536,5076
4051,2124
5152,12061
7512,1377
2696,4632
483,2919
4563,8405
6932,6414
6379,8124
6157,7013
3929,3725
10033,4906
1332,3855
5104,3909
673,4436
481,5405
3147,8092
20,7269
5880,1207
7657,9299
5640,5883
897,8004
4117,2615,7127
7414,991
2792,5274
1539,6791
3026,3335
901,4798
5840,8441,5723
5307,6942
7449,5437
3013,7574
2488,4530
4288,10601
12128,905
8598,9702
8033,6879
9683,8759
9028,6559
10835,4470
11657,9260
1905,6116
9544,4717
12740,8805
6259,8166
12229,12814
10427,11479
5677,11782
10475,9831
4488,5705
9911,10215
12692,11502
9283,12141
11513,12615
11909,12015
4866,3106
4451,11542
1153,2973
11154,11191
11216,6207
12409,917
3928,12644
7984,202,6637
9472,6683
6300,3719
6539,926
2470,5375
7796,8463
11546,8639
7696,3022
9152,7853
4585,2053,6031
9226,3006
993,5795
2193,62
1542,9207
690,5171
8993,1914
224,2096,6723
1683,1756
7881,316
3176,9734
1002,187
7253,1055
6004,7181
6097,7145
9239,2951
2002,7423
3103,7799
8585,5002
10332,2839
1009,10567
2552,8016
11856,11828
6881,7629
8887,9879
11644,7845
8290,12228
10842,4693
11564,4167
11141,7471
9867,7940
8371,6327
5878,2046
5697,6044
4321,5251
3500,2823
3642,1018
2771,1836
1984,8404
2756,6477
3757,4655
4235,3052
6161,543
6104,6413
6874,1787
6297,5004
4981,7015
1370,6827
7004,6998
5595,7052
9049,525
4588,6110
4955,1405
5481,6645
8122,7899
5617,4535
6380,7903
8395,1020
1376,10283,7784
2969,2811
7640,6833
624,6909
2624,9651
1050,8236
7379,3695
6082,2515
4656,2441
5728,2051
7675,3669
6260,1103
9660,10070
6080,1060
2563,604
8946,1076
4995,1068
437,5950
4546,7654
6557,263
586,3331
3130,9070
12017,9238
8419,475
5209,11698
7494,2679
482,4174
3736,8179
6066,5460
5570,4835
1365,2039
7073,1074
4673,2670
3057,4943
10331,11198
5257,3326
6513,7962
1897,7980
5532,6399
6075,7830
1726,8991
11697,8658
3961,7516
5432,4001
4312,2409
7337,3891
736,7155
2904,5281
4194,4251
8464,7986
4435,3964
1216,6173
10068,10503
10760,7475
8962,11294
1099,7373
5953,11322
5064,1737
9938,7454
9081,3617
12571,6956
8466,3292
6346,2676
5610,1620
9777,4442
8,178
9752,1228
9620,11414
5410,1339
3062,12183
10169,11334
11627,11455
9335,10183
3993,12077
12155,1483
149,10142
10844,1110
5536,6500
4801,10837
1451,3174
11457,10678
3304,11848
12171,8735
10728,959
10833,10723
7778,11229
11065,10669
12251,10005
6193,1084
10176,12118
7875,11388
9218,10491
12473,5162
4300,12799
10474,12036
9708,5765
6187,2524
2704,1116
2632,2572
1016,4796
5730,9078
6105,11398
8048,4778
1513,4718
6466,8562
8868,8518
1122,4517
9580,1918
168,1248,2363
992,1135
2874,542,1759
8512,1138
2227,1142
3762,10779
529,7069
9090,7628
3832,7199
11665,4078
4733,8711
10579,9038
5348,11116
10345,6476
9922,10511
6520,1782
12488,11588
10530,9292
1672,12739
12353,10734
2211,9171,8407
7864,5574
12288,7081
7232,5733
7576,1143
2011,4134
1753,1770
4370,4942
9937,1690
1147,1053
3040,1859
2309,2062
4763,9118
7114,10275
9593,10466
9362,10860
656,2182,1150
4232,6172
7456,3563
4506,1804
1193,4178
4112,3945
7139,3487
2893,1167
9297,7059
8224,7135
2840,4359
8808,6850
8873,8803
12074,1301
2960,4322,8964
3741,8367
6656,2534
4196,3718
6521,4020
1189,8326
8937,10493
2256,9779
3348,7647
4098,1742
2673,9997
812,9790
7208,1846
1998,10415
6860,5319
1202,4946
10040,1429
7437,3823
10299,5259
5480,469,4127
9852,709
185,2410
3770,2604
4315,6606
7267,2158
6561,8977
9485,1213
5537,338
7529,9802
6840,2938
3473,5749
7849,3318
4392,3875
5624,9645
5644,12406
9920,6122
8018,1644
5692,1455
5044,6478
5627,2510
10458,7002
6409,5219
7645,7765
6284,2781
5645,8175
1217,3127,4679
3914,4487
4776,1004
3593,6420
1674,964
903,2527
2548,2215
2856,2957
3522,7356
6027,3012
10112,8032
11874,10428
8564,3390
3651,886
6330,551
2622,2311
2808,1257
6945,7226
3640,1685
6690,3339
4789,4886
6848,4902
2544,7214
1617,2863
8293,6238
1219,341
5993,3477
5193,6299
8364,4036
7104,7729
5738,6662
8652,3966
9108,2942
1608,2918
2204,2391
5665,5342
3969,2412
2877,3943
5661,2774
1242,8773
9992,2264
10122,7588
4737,4237
6114,9482
12400,7852
5166,11662
7289,226,6089
11645,1463
7418,4500
4126,439
1243,9981
4249,2245,5710
320,2423
3265,4362
33,228
4045,10775
2832,8055
4494,1246
11793,1299
3370,2659,3453
2961,2100
940,5983
3160,3404
2841,758
6024,6479
1835,1031
6417,7298
3042,2851
10989,1302
9032,1707
6669,10879
10653,1687
2836,5669
1356,1269
3445,4999
11404,8589
8481,8740
7138,8627
11766,8870
5961,8389
10544,1287
4284,8285
1321,4925
9288,10350
12496,6739
1960,3859,7381
4139,4895
7757,3071
1297,8190
9402,1230
11187,342
6976,996
5286,11135
7523,8391
1610,1311
894,11031
10730,6661
6322,827
11945,645
10225,11533
1360,5179,8771
5108,4725
505,4510
1312,4793
4503,4383
6491,5071
3905,4302
4529,4091
3474,3839
3483,1534
9870,3887
4433,6210,2455
9044,1005
6377,3087
3195,718
3690,7461
4209,318
3949,8255
754,4542
6195,6623
1530,2419
7372,3772
1315,8479
5456,7988
6003,5654
5874,5962,6151
1457,90
6797,3822
3248,3573
7090,3618
7485,5879
684,3469
3124,3412
3920,6525
5172,5751
5633,5919
2592,8849
3658,11892
5786,9805
9946,1316
2608,2846
1196,6702
7747,3796
592,927
4592,6307
1444,5886
7340,8772
5258,4450
9212,10199
73,391
7513,5055
2496,10260
6977,1364
4265,12150
3137,10420
12384,7586
2721,3730,4578
5488,5656
2448,8938
7706,7627
2667,3118
9194,1374
8240,9097
5619,6452
6296,12649
9941,5278
11539,8581
4771,10023
11555,4559
12331,12060
11000,6644
4891,3455
5497,8444
2048,2244
11059,9612
10120,9907
10328,1381
10430,10863
9385,11013
10585,4329
10056,6058,1830
3209,6419
1736,643
8448,811
6019,9526
5019,1414
577,6469,3759
3606,5359
2449,781
3202,3668
2680,682
88,3963
5572,4557
2214,3286
3450,2253
2147,2139
3417,3595
2115,1580
8249,1419
2484,2014
1423,2251,10815
516,1493
8547,4003
9641,6586
608,5243,5670
8304,306
5298,1334
4083,3030
5513,4643
4952,4294
5184,4980
1428,3140
5250,4748
1433,5420
1469,10390
7873,7484
5450,3135
4080,4093
8865,699
2381,1606
2029,4199
194,2059
2088,2905
164,9855
8723,1453
10114,1452
1355,2884
198,567
2483,8852
1401,2148
5177,5387
4634,3763,1780
9449,4668
10571,8357
10386,10261
1458,4420
10776,3721
9829,11214
2137,1986,3562
580,606
10000,8767
10388,4541
1473,10955
3054,10055
18,1635,7690
616,1616
8496,7565
11338,7366
1057,7663
2024,2715
3372,8102
6772,3180
8153,9795
6040,6364
9201,1515
8434,10291
11977,3373
9533,157
619,1519
4992,6227,4118
7162,3621
7057,9966
4241,2940
3452,4253
4210,3686
3568,8705
1523,3525
8594,7142
5726,4414
4930,4218
1048,6949
7817,6933
5304,6422
9390,4871
7930,8519
8322,5030
5208,9430
9489,6362
509,4501
5028,1524
3867,5934
356,8748
4640,3475
2232,1181
8269,5893
1157,8399
2183,87
8509,830
8473,5639
1531,2517
914,3882
3528,8930
8664,4397
434,1538
9931,7780
3203,10412
4101,5317
12921,10564
5186,12541
3416,275,4566
760,2390
8825,3023
489,463
8425,8806
8320,8319
1888,1575
304,8284
1313,3871
464,2491
6858,259
1576,623
4170,7844
7056,66,877
537,6826
1592,4380
11781,5565
5462,10903
3981,12198
6483,6132,6651
1762,2154
1545,4439
3777,6156
4915,8478
190,1126
5964,1191
6186,6511
8989,1599
6390,1623
5955,2079
8593,5290
5561,5487
1353,5721,8669
3401,4459
5401,1173
7041,7191
4292,5501
6350,3727
5931,1676
8640,3808
7652,2086,4223
1699,8838
3771,3027,3647
1171,1997
697,726
1995,1735
3379,2603
9803,3499
3440,2582
3496,1803
2950,7710
8093,2655
6013,6711
2489,2974
916,9590
5937,5814
2500,11095
10262,2663
5232,1731
2768,4940,7436
3589,6630
6626,6043
6353,1954
3609,1611
7148,1917
2793,4493
2352,2358
6906,7412
3350,5279
1659,9308
6652,1719
1896,2176
9681,1179
1037,1615
6529,4652
1345,5620
1140,5477
7550,3815
93,4431
5664,2267
1165,1655
1387,7415
1481,6418
10376,1516
9908,7390
6533,10959
6359,7183
329,2897
7432,7378
6755,8039
2346,2383
6836,1765
1602,7438
5842,9627
6913,4644
1507,7901
5521,1091
1025,7077
5764,6431
5422,8071
2490,2243
7649,10823
912,6268,733
4883,2212
5090,2035
251,8439
7067,3998
5605,7782
8782,679
460,493
11552,6262
3274,3883
4276,7333
7121,10594
1775,12071
11193,11223
10300,11046
8971,10607
618,111,6759
6530,455
1776,11863
4481,3317
9208,8907
1801,7651
4956,7469,5463
9682,5909
4913,2477
1909,3173
3691,2175
6163,3084
1832,3073
7913,1658
4426,1941
8793,1749
8766,7838
5681,4462
7352,6523
6232,3813
6289,10237
2347,4310
5818,7042
2040,6524
6378,3631
7897,4708
5012,5277
10100,3429
3214,9031
4073,4931
5057,5787
4467,6636
6047,2791
3915,7141
9696,8266
4865,7702
11720,2860
5362,7308
2722,6573
107,9611
2964,2589
11778,8158
3424,11466
4667,7884
2543,10231
6642,10335
10755,8583
6313,1861
5036,4207
6121,5101
1916,2852
4660,4061
9491,1796
8195,9582
8417,1162
6535,10119
10403,6518
12484,5590
7689,4484
10979,10007
8211,8413
12732,6757
3114,9467
11099,10524
9726,10687
1922,10781
12514,8116
7763,5653,2359
10205,1406
1936,9089
5288,5945,6155
6281,3327
9498,10636
4531,4165
1953,8866
5551,3207
7898,3244
8105,5119
6616,3371
860,7885
4536,8145
8570,7733
6192,5260
5752,6448
2180,5204,1982
771,7323,5527
3530,7258
2003,10325
8121,1090,6397
7936,8522
2004,2332
4561,3586,655
2590,3783
2008,1948
5760,7491
2486,8783
7160,12300
9962,6319
1233,2045
8601,642
4228,7047
2073,6402
2809,2861
6754,9987
8809,1298
1273,2260
344,7534
1258,6598
8882,934
2104,2932
4340,5750
5563,10748
8328,2121
930,11284
1628,1541
708,6196
3992,8376
8737,11899
9618,9316
7040,8477
8984,9399
7385,5542
5824,4712
907,9980
11202,9724
4704,6042
6456,7076
5844,7452
2161,2109
9440,12670
5034,6923
3601,443
348,143
2120,1358
10257,6911
3577,9147
10597,3119
2226,3559
3408,1965
6809,3989
9304,5397
9307,6059
10090,2132
7944,7157
10822,12375
8074,819
2731,11933
5657,12068
204,6463
10362,2174
1865,3094,3159
3099,9053
7169,5498
10165,4870
9585,11348
8379,8532
2228,11663
1594,9124
2242,103
9949,6087
2992,7486
2532,7711
2734,8303
5168,2405
1400,6371
1640,1331
734,415
6843,6917
6961,12414
10217,7163
10704,7467
2968,5701
10473,2262
2586,6863
5049,2698
3712,8491
10872,8895
3754,6298
5596,3285
5035,2660
4252,7735
3364,6167
7146,3527
2492,1284
7377,5629
4256,5059
5458,7596
1902,1967
1570,3415
1568,4331
1177,8073
2606,6415
5995,5391
393,5548
7008,5392
5094,4863
2778,7043
2274,3908
5753,5769
1265,249
8851,5759
5365,1397,775
2289,3517
7280,4411
449,5746
9461,8679
3614,6887
2882,10486
12321,2127
3441,4325,5149
8309,2902
5072,3420
3229,11038
4859,5311
6091,10063
8856,10481
11984,9874
6538,6179
6098,10340
8354,10062
9592,9176
6546,5237
11811,3541
11562,11666
11576,3275
11952,2293
10413,8613
8729,10209
1955,8940,3967
2913,1574
8893,8703
8752,4334
6220,637
99,365
8338,4903
5586,4575
1280,7878
8250,8540
1501,8694
6769,510
2299,7294
1443,660
662,7302
1665,501
1225,610
5416,3273,369
3745,3884
6440,2753
2556,5877
5178,5302
9840,2701
3667,398
5582,1535
3834,6583
1771,7789
2713,6302
8827,1571
2605,2301
3221,933
8360,8801
2307,789
1777,2037
192,1212
6658,4709
6948,70
7961,5338
5058,2396
1632,2314
5889,9348
7776,8291
10161,10381
7152,11314
2089,4901
1260,3295
981,7781
9728,2335
2336,3243,1733
6200,8268
7344,2385
7992,457
2305,8447
602,7581
7281,6882
427,3708
2890,4351
8049,4954
3990,4278
1904,1867
152,3074
1586,847
6062,8871
1572,8238
9577,9435
7257,7150
2457,2326
1793,6230
970,10906
9096,10317
2497,10278
4485,4190,4711
648,4449
7981,2294
381,3885
8314,1556
3181,3215
4464,6842
2467,2853
2353,2355
3041,1919
2398,1286
2296,8244
6288,1347
2208,5549
2569,1654
3337,7582
2172,2559
2658,2502
450,6
2533,5239
4554,1012
6088,5987
7684,4605
10809,10780
4695,2535
10186,8876
10301,9558
2240,3940,7039
1508,3134
1621,1502
8504,3572
2915,1134
1416,1308
1402,5819
2140,9695
3646,2959
1657,2282
960,10339
2570,7459
1454,1102
4746,3020
854,5503
3201,9542
6657,2222
6365,3470
9891,9853
2891,1278
3592,1234
9465,2867
1409,3361
9122,2156
9305,5195,6627
2596,9637
10360,8823
5272,4245
2392,488
3648,1310
4832,1092
4874,3036
4928,4887
5041,4635
4909,3951
4867,1741
4857,9367
3554,3357
1120,4311
3665,4948
2520,10787
4185,2187
3693,4910
4842,4283
5146,1662
4758,5127
6920,11129
10522,5469
2642,8486
9923,4413
6324,10591
5386,5611
4642,8749
1619,5020,1886
2557,2743
4872,4417
6768,746,951
6510,5023
4769,7571
11631,9055
3850,5478
7384,4114
10568,644
6189,8445
11100,2750
9573,229
10398,5647
10722,9205
10505,11490
12120,3520
11809,3828
10230,10543
11979,10703
10754,8970
1450,4686
4026,8267
4808,7719
294,7055
5545,7911
2772,196
8480,4149
842,3349,2914
1042,534
8920,2900
3843,279
7074,4812
2854,6038
4825,2878
3309,4263
3284,791
2513,4851
3281,11651
5000,3935
2498,1660
1303,2967
1651,3398
6392,2864
9595,3548
6600,2644
3936,7126
4365,925
9317,430
3138,5163
4881,2979
7357,2958
11205,6326
7803,8059
6849,8053
3731,95
4304,5483
6009,6517
3168,8774
5896,6506
1604,3599
7113,7419
5329,1596
1291,3613
1329,3306
6370,4398
6589,2991
1889,6204
3553,4651
5547,6701
2281,7325
3489,2638
6426,10828
3024,3467
1821,1573
7466,7767
7251,852
496,2054
8987,5423
1408,686
11004,4813
6929,8458
9313,7341
7296,9231
4626,3093
10954,11109
10858,6198
4520,9535
2730,2906
10939,2173
2411,2741
2209,2566
3889,9566
6181,3086
10731,6558
12665,7957
7080,3307,5637
2720,4056
8698,4932
7770,2628
809,7174
3028,5276
4698,300
4841,5363
480,4444
9827,5268
186,5924
4072,2482
5555,4878
4729,7276
7549,2526
1650,7670
893,2934
4914,1109
4691,2493
7416,6829
3576,4316
6203,9999
5604,4357
7179,4670
7225,4356
6217,4598
4307,2487
7968,3126
4441,7602
7592,4893
4427,1011
3979,4571
7137,4833,3143
4289,4637
5368,4406
1328,2087
1689,7085
1309,1590
10697,3162
2955,2414
8810,3807
2777,235
3515,1959
1945,982
10206,39
2706,6878
1015,2143
7548,6924
5788,4990
2466,7691
4058,4415
6219,3219
5331,4917
6063,6727
1130,3419
7585,5053
3290,7306
7584,8147
836,4869
7392,3272
6969,6532
7999,7431
394,8788,3287
3715,9518,10639
8144,6437
11619,3294
3728,4081
994,78
3302,9279
8890,2430
8842,1613
7441,6835
8442,7133
3308,989
6545,5378
7394,4923,4029
5202,1427
1488,2775
2216,6493
9083,2206
512,6540
4569,948
1588,4830
8312,9082
3322,7455
3608,2202,4213
1992,3486
3656,220
3008,2060
8872,2354
1300,2445
3332,5117
8660,2623
10045,4205
8641,11723
3649,3362,209
4754,1701
553,6190
8321,3375
6808,7209
7346,5748
8672,6374
1466,6308
6514,6276
3208,6563
11169,6354
6107,3388
6562,6693
4618,6077
6659,9047
6569,7404
8233,5335
3932,2141,4100
1956,9508
1947,3396
1808,962
1858,2036
4070,2975
3426,1703
3664,2097
8777,614
11224,6605
6512,11197
3464,2,10101
4204,3581,1718
3840,3756
3200,2941
3482,367
1104,6886
9824,10938
3538,10308
267,5916
5484,5173
6713,4060
9420,3502
6993,6543
11477,6214
3793,3523,1727
2416,2826
6677,271
11450,8251
9437,3510
3688,10921,787
5920,5083
11080,2646
4937,5667
560,4847
9060,823
4473,4277
2574,4495
2549,2190
4786,4821
5027,2399
3866,4827
5602,308
10786,3694
9945,11931
9241,6799
6617,8198
8315,10996
8784,5821
8843,5095
7546,6423
8385,9492
8933,11111
9200,12273
7904,7538
7178,7261
2001,5156
4153,9235
4595,9388
8972,5847
1976,5566
3387,2780
7290,4189
3704,3655
1001,3227
6112,8902
3460,8781
8800,5510
8961,6762
6485,2717
1425,2427
4653,9447
5256,3220
8187,10527
4505,988
8812,2324
7408,5413
9425,8177
5592,3714
11048,10520
8378,3031
2261,9727
2224,9780
4408,4963
3794,10642
8040,454
5337,4454
3149,4143
2400,5201
5507,6486
6345,166
3113,1934
3806,8615
7465,5518
314,3133
2364,2365
64,2970
2737,8596
9154,5789
478,2295
4674,1868
1962,2954
6446,6366
5160,7314
1326,3814
4282,6093,5807
2276,11279
3154,1235
3537,5573
3437,3766
7266,6839
561,2026
10612,6742
8899,4172
6433,5471
8577,3886
3410,3925
5684,11101,60
3896,12598
10641,10451,3847
459,1206
12192,92
3898,10294
12650,4023
3965,46,3503
3400,2286
3953,2273
2953,3185,8287
3033,3150
6401,6590
6282,2943
5395,6263
6400,1061
5952,3955
7519,5774,5111
115,4974
5249,5949
8113,3612
2213,798
8000,7223
7785,7218
5651,7254
4744,3213
3696,6556
3976,5043
2378,2885
1441,7755
4976,9021
6497,6439
11722,6930
12211,4007
1371,4239
1663,2575
7474,5126
172,4087
3269,7286
5926,8758
7857,11132
10128,4142
11983,37,4095
346,2150,6802
4136,6382
5447,1871
11298,10125
8650,5066
3944,4145
2546,1757
834,6407
7338,3827
424,3854
8576,8300
8257,269
413,4158
4740,8141
4516,4734
7835,11190
7745,6342
2837,2005
2450,4749
7088,2310
1673,1028
5314,4646
2474,4687
5944,6761
11579,9063
11515,4215
5046,10020,3734
3277,4479
2369,8275
3187,9932
1817,4049
3002,9861
2010,4259
10851,2494
7932,5781
2023,973,2551
9960,872
2460,9862
1164,1933
1544,8634
4275,403
396,2407
7228,8911
8482,8221,1642
9264,9364
4280,12561
4305,3238
1058,2446
2434,2757
8372,10533
3088,4385,3959
4016,1174
10416,8128
3072,932
2376,2108
3720,2789
9690,11763
4332,11383
12106,4150
10409,9116
8778,1100
12064,9700
10801,3842
7634,1747,6471
5306,4855
2113,6119
6180,6351
7112,5285
5608,176
7217,4822
6201,5870
595,6205
5203,4339
4429,7718
6138,6989
1422,375
1716,4950
9331,7525
10826,1372
1682,1204,7813
5418,349
556,1389
6136,6865
6280,8310
9184,2838
11209,4345
5790,3591
9273,1254
8392,3504
465,2788
4456,826
2049,1996,2981
2610,2271
5685,2583
875,4612
5929,8307
11609,7925
5963,9356
11442,9095
9541,9926
861,11174
11556,8676
10993,12163
11346,8038
8272,2537
4858,5371
2858,638
2637,3005
4986,3750
7388,3471
8222,4631
4009,5367
3382,4935
539,4539
8156,3662
3385,9146
1656,2911
1950,4630
7321,4396
3547,7319
1392,4022
8545,1892
4274,3556
6256,7983
4761,7841
10285,4958
2393,9755
8633,2163
1352,6129
3803,4525
7924,7327
4666,6678
7084,7470
123,3158
3872,5770
5865,4978
6325,3431
7746,4890
6096,4664
7837,6935
6480,12553
2408,5652,3792
4169,155
841,7204
1497,983
3737,2508
2041,3747
2065,3983
5224,5525
2946,3590
5048,5026
6996,2071
4756,10148
6818,6234
6936,6467
2896,44
5505,7975
4107,6164
7275,4188
938,52,6526
8818,11893
1158,4726
6434,4947
5096,7642
1883,5180
7172,6127
6482,6709
7626,747
6985,6405
12081,7124
9004,5005
4089,3131
6258,5092
5817,6099
4027,4013
2802,3901
3977,4041
217,12079
6120,7907,3029
8208,7262
10684,6943
5102,9975
3305,7783,4663
2186,6438
8282,452
130,7095
5562,4962
5105,6610
458,6316,3975
2218,1039
8021,5109
1792,3508
1725,2382
8755,1605
2987,7027
9128,11827
10440,9894
8889,1253
4195,5884
218,7413
10,260
4760,3995
4138,5682
6738,1975
7353,5174
11636,7669
6408,7197
6960,2044
1536,4703
5353,6607
1589,7743
4659,7931
8050,1559
8580,1839
1578,4324
6588,5191
2105,1238,383
5297,417
10994,9404
6387,3228
3443,6363
2298,9996
7676,7583
2912,2898
1866,354
2738,8427
5318,7934
6736,5805,4751
5408,2451
4671,4639
5356,2012
4379,9828
3864,8135
10099,5324
1626,3652
10880,8245
8830,5326
1908,7118
3266,1107
8220,5327
675,6051
5869,6655
5344,1629
5696,1855
5529,7797
7625,6975
6592,527
5514,3970
352,1003
9181,591
7971,2735
6235,5244
6309,12727
10003,6150
785,1491
11529,5666
6861,4589
2129,2505
9688,6647
5732,1567
8848,4258,3079
1553,3534
2888,9468
5849,8383
867,2763,3853
1073,796
3019,238
101,8279
8420,2223
562,5900
4745,1679
1160,8212
3043,4556
2786,5974
8648,4419
3670,5918
7195,7748,6126
3300,7030
1754,5310
5914,1229
4084,5454
6430,5295
6352,6050
10059,8845
10396,8335
6064,11034
8296,9847
3863,1743
3129,474
3451,7383
2916,1791
3298,1412
658,2684
3432,7391
1361,3551
2691,3374
3107,8780
8632,1704
2674,1603
3645,2397
3841,4838
8637,9887
870,287
6090,132
9793,8918
3025,2188
1907,1294
9225,1274
794,7502
1713,8719
56,8816
50,499
8344,1211
347,8685
998,9127
6130,503
200,9001,1435
6411,7044
976,668
232,47
16,6209
5312,6237,7637
8986,3007
6867,8325
2323,8013
6267,7740
7779,7284
5081,5170
10608,2241,6310
6266,10803
3345,7355
4728,5183
7250,4422
6728,7490
1686,351
3232,4519
1811,4654
4792,2611
6169,6595
5065,2126
4236,7758
7965,7206
5544,2162
6995,1199
8699,3654
2835,1118
3778,8151
6032,6779
7029,1525
3861,6847
9998,3343
2514,5827
7515,5687
7320,4515
11810,6311
1066,550
169,470,6614
108,572
6824,7051
4290,9715
1972,1093
8346,971
850,8452
9120,336
3826,6667
500,6222
4586,2740
3516,11445
3913,2394
3264,980
7874,3895
1324,759
8339,2149
6628,7615
2197,5799
6010,3671
8616,7034
589,5735
7914,9466
3683,8591
3112,4483
777,6663
5313,874
9033,737
2136,4824
2133,6749
3785,10236
6753,6947
8944,8337
4378,2331
3700,676
1101,3015
2184,10077
2157,6951
3321,1827
2042,1794
3217,2558
3492,5606
2152,2171
10034,7883
1773,4629
6470,4335
802,831
2165,8718
2033,8795
468,9166
1738,9701
548,772
2619,3939
2443,3324
8256,7508,5935
5499,4933
11554,2471
2501,6999
4432,6465
2207,5063
5641,3151
3280,2539
3706,9123
2947,4750
4261,3254
1885,774
2920,2159
3001,1051
2101,8822
3458,1277
9052,1094
7619,2933
4018,3630
2712,2542
9417,6002
2420,6303
5352,2620
7026,9196
3386,1711
1912,929
3156,677
3509,9359
3336,3360
3037,5093
9245,2519
10378,1518
2198,4191
3064,3293
3394,4146
688,1696
8996,1799
7872,1872
2723,8860
9730,7604,222
7151,7575
10714,61,7159
7274,6395
924,7230
4424,8588
4222,183
35,6323
6393,8231
2752,9085
80,739
8840,8611
8544,9557
4532,2807
7492,766
3984,8791
700,8877
2481,5231
7427,158
4689,3234
3048,1582
4681,4102
2672,2773
3034,27
7682,598
2338,3403
1989,725
2098,2507
6496,565
2976,8967
3788,117
9650,8731
7677,453
2636,8621
1722,5013
961,3004
3986,6060
6552,9006
8704,6447
890,1550
4120,2380
10739,1077
137,3271
8225,2252
7680,416
8034,15
7774,3765,3142
9598,9766
2875,3596
3011,2678
9669,14
10462,8614
25,3565
2164,1974
6648,4583
5998,6615
6568,9988
11601,8066
8064,4823
9896,8098
5008,3077
7950,2687
3457,9303
8170,11244,7908
741,9188,12445
1492,5037,11382
3820,9221
2340,11278,2292
9732,1557
11121,10789,8215
3018,1468
2235,11003
2612,12231
5016,3899,2733
2857,1275
12600,3514
2736,428
522,2652
3849,612
2881,2401
374,615
2748,11439
2438,4951
289,1495
1768,3446
9320,8529
6140,3862
3000,5414
8693,3391
1496,5975
6388,3860
6724,7396
