32,3591,970,618,6000,4213
819,3947,741
5020,5508
4561,7508,9703
3018,87
787,6390,3935
4081,6869
2,763,4780
1642,4125
5710,2244,830
3969,2719
4446,4506,6310
394,2430
1337,2241,4100
3288,3847
3562,2981,2615
994,7127
1248,884,7262
7707,37
4089,3652,623
2340,5046
5272,9730,5499
771,5935
3490,411,1471
6802,60
600,3577,1238
2105,4258
3120,4434,3853
2096,6469
2704,7641,1732
6187,3765
1780,8980,8014
202,107
4290,1635,3863
2689,6395
1320,1435,4566
424,454
553,7642,3503
4228,1701
5920,506,1492
814,6031
6923,739,4067
2225,1620
1720,4945,10396
924,2757
937,290,5149
1450,4682
6362,1221,46
5016,3133
1472,6346,1076
7904,3453
2304,3626,1837
5241,2927
5240,2509,7511
5450,5124
5179,4378,2971
4689,7274
2336,4058,3700
1836,6133
8407,4204,3031
613,3238
10641,938,5061
7585,3183
1090,3771,4501
509,3127
1632,7634,10283
1012,6327
2771,4118,5359
6155,2837
760,1377,457
2768,3416
4600,3523,5196
1380,1005
2017,7690,10390
6864,7748
808,8471,3159
2088,4195
9056,1022,703
3894,3430
482,2644,6183
1130,3419
6937,5403,2846
1443,3259
8169,2186,2205
6321,452
6004,2629,1055
4864,4605
4555,2100,5670
2394,6210
2809,2325,2326
3792,3899
1960,1353,2323
435,2356
123,1955,2685
1984,3975
1754,3699,1469
3015,8287
1640,1563,3349
3994,2405
6465,4795,1372
5656,155
5353,419,4223
2429,231
2657,4481,4745
3715,1227
3025,2188,6733
1354,3663
7080,8355,10856
3173,3134
7784,4139,2724
3460,4349
4754,4918,1663
3530,2931
3538,346,1549
3517,1999
2331,3467,4424
5321,3551
9850,115,6839
7394,6526
7763,5916,5527
267,1406
2641,5723,3277
7195,2079
3586,6151,927
7118,4102
5416,3865,8907
1376,1461
2848,4923,661
7554,6316
841,7862,103
9489,2799
6736,1883,2279
747,1340
5480,608,3135
352,3884
168,8884,4405
4696,7109
6928,4986,5652
200,3325
2001,4485,6566
1964,478
8992,5721,4479
2901,6389
8441,8228,4661
1360,2218
3940,29,5758
5028,8301
2395,4645,4527
443,1014
1263,5045,2551
4875,3053
2697,7204,7917
1331,7037
2240,2390,1478
6682,4711
2449,3202,3759
2914,3479
7209,8627,3756
320,951
1867,2515,2359
4656,4607
10056,7593,8838
4306,2046
1993,3305,2679
842,2677
2164,6670,4663
7458,6062
2874,4439,3807
4995,612
9305,1865,2086
8938,6627
11080,4637,1319
6289,1626
4632,3601,4276
5254,4143
1104,2498,7538
1216,3669
4322,1804,1727
4385,8367
1821,8147,781
6696,3116
6713,3497,10308
9293,10286
3849,3914,3607
1257,1253
1256,1508,5557
8564,598
1096,6132,543
5251,4895
4653,277,3071
1573,733
8977,7019,1173
2793,3052
2099,2044,4381
5840,3625
8848,2261,7478
8291,3635
4528,25,3228
6509,1447
4751,5711,7431
6063,4743
1986,5516,5215
1378,655
3088,5945,3730
2137,3209
5684,3006,11542
2154,3196
7984,2441,6088
5073,6727
4510,1972,6716
4526,6823
1001,5284,2777
1425,4043
1747,5526,2903
5371,4855
9715,2861,2019
314,143
2817,5034,7039
5518,2558
6009,6419,8335
3581,8774
4496,6673,4486
2392,4319
1441,4451,1277
738,3515
5513,8698,2508
4602,306
4393,3726,8383
3451,428
6600,3913,2251
4440,5432
7475,7115,2260
8282,1572
5096,6626,8053
1058,3818
3840,381,5183
2467,4935
1457,1582,2838
1682,6236
5785,1468,1438
4619,1039
2955,9996,1973
2830,2423
4433,4026,260
7413,669
682,1900,6375
4992,4233
6074,5202,1589
7144,2720
5090,3932,2646
3745,1791
4432,387,2035
912,1196
5568,449,3621
4212,645
2544,9001,3185
648,3150
4392,3360,3387
1811,4903
584,5728,4893
5566,1551
9088,5962,6093
2113,1862
4565,1061,8719
8940,469
6024,4286,719
8356,5023
2376,3757,1527
802,3412
3290,4117,1678
1624,6692
2505,5653,10815
5889,4362
2211,4404,823
6962,1367
4816,4531,1254
1436,4253
532,6613,3734
2451,8309
6488,7056,3999
3872,3331
5655,1567,991
459,4869
4080,2659,3174
3609,1298
2199,621,3647
242,6611
2940,534,1503
848,2590
9689,5854,7950
7712,3234
2537,940,3061
1665,3967
4279,6006,4879
4514,9828
4274,7355,5268
1650,7974
1762,9226,1718
1466,3950
5352,2753,1313
1275,5582
458,5108,1774
6693,3622
8730,5037,2495
7088,6723
6849,2858,2964
9402,3094
7057,5083,9123
1553,14
836,174,6430
570,7676
4123,10597,3151
2912,7849
1916,1235,6364
5795,4974
1817,1756,2660
5059,3364
2184,3028,3572
3904,3033
5488,1985,437
2499,3668
8392,6493,10831
624,718
2690,3171,2622
6572,6438
4147,4499,7155
7298,1004
1562,349,7813
6044,982
1987,1956,4797
10077,8790
2369,4186,5132
2963,4998
2200,3963,1318
1388,5022
1272,9508,6808
6878,1839
3600,210,5141
1520,7746
560,2363,909
5125,1103
1289,794,3004
2409,3685
4728,1245,1934
4235,6477
3370,8926,6479
1793,7261
3568,2577,7412
6795,2054
1479,1229,3783
5914,606
4013,4766,4239
4409,5420
6993,1948,5053
125,8734
736,1737,5550
2737,7042
7449,7445,8255
2672,919
7828,9276,973
929,3027
5008,1557,3077
92,3829
8424,875,11135
3224,2610
4851,573,10639
6635,5804
8402,1171,2701
812,4654
3200,1193,7030
3487,11279
3264,5277,4902
33,2282
2209,5290,5454
3856,5855
3441,2875,6942
2049,3790
1848,3611,2637
2881,453
7745,4874,4261
361,342
1361,170,292
6768,4681
9498,7197,9566
3889,2412
9171,8830,5831
4178,5126
9984,6883,4781
2003,7323
73,2601,6178
1371,2895
516,789,4222
7147,1211
4785,2563,22
9158,2030
5072,872,4847
3098,1853
3218,4365,367
4169,2751
2857,5041,229
58,7523
2091,2702,542
18,7691
2960,1116,4103
332,8495
7250,5950,2175
265,5787
4474,2245,4519
3648,5985
8696,5484,6405
3369,6337
8314,3980,8972
2232,7132
1488,2216,3711
1588,2221
7640,746,6167
8504,2969
4281,4931,3350
4691,2878
7089,8452,2271
3330,5078
1057,6148,2789
8128,7172
7280,5596,775
4210,8226
3084,3181,5151
9388,7654
6113,9106,3786
9124,308
1616,4585,4978
3401,7010
3082,10003,8039
1769,5010
7674,6127,6711
9484,7181
7073,8547,2967
5494,1511
3321,451,3167
6899,7094
9049,2756,4655
1485,4981
6256,7571,2093
3160,4554
556,8637,3991
3945,6893
8920,7548,3269
9044,5614
2032,2882,7071
5881,10446
4569,7162,2852
2521,3962
2994,8987,1871
4320,2005
9841,8275,6603
4668,1598
7873,4,6174
4128,8117
6417,6195,1535
6891,1686
9960,7145,2730
2272,4325
2596,6437,5574
6588,2012
9535,894,3919
6286,5007
9417,5522,2561
489,6998
2082,8236,1565
4726,6382
1992,6058,5807
8448,1679
4224,5111,7439
5541,190
3273,6126,959
2841,963
8872,2972,1445
3008,3078
1244,4749,4038
9364,614
4112,4859,7684
3229,2678
9221,3086,5599
6709,8551
4317,3221,6223
2075,766
3248,4001,3573
10779,8941
2193,5171,8061
8672,6483
5805,5926,7727
6991,6687
7217,2548,7980
4867,759
4209,2158,3606
1071,3631
1668,3140,4686
5178,3458
374,3220,886
6369,6330
3984,3672,6470
160,5637
3720,9447,4679
7627,1543
3266,4595,4709
1065,2338
5147,2987,1645
3820,870
9264,9723,2446
7383,2583
3316,3042,1594
8687,31
4627,4850,1067
9472,6473
4153,3690,9777
2976,1787
3826,11172,8094
6482,1639
7459,5115,7213
9688,1281
185,786,383
1536,149
6521,2572,4151
1016,2534
7169,218,2676
1092,2324
9577,546,7215
4419,4683
5633,2250,4647
4963,228
4313,9997,3118
3099,5316
2276,5173,9598
7253,8982
3674,2292,8135
6745,271
3112,9435,6268
3280,4725
8464,6843,5188
3013,9239
1786,4947,2206
6097,9258
976,7276,8300
6523,5276
9033,7675,3509
1064,7461
1714,4796,5127
3377,158
6945,1685,3390
3706,2863
2129,2621,3799
156,6639
3841,2300,7013
4640,3233
4020,1822,287
1121,7367
9681,35,6590
7340,2740
7729,4036,5998
5993,6690
6260,4708,4695
2224,9259
537,1204,3695
4465,5418
3722,10939,11191
11216,11154
417,2582,3103
7061,2951
1273,6219,529
1417,4309
1224,2623,695
7362,93
7226,3725,8559
1516,3966
4131,4598,5423
4760,4292
1400,2458,5975
8312,2811
9504,2585,5140
4809,2765
5874,10226,2864
1433,3110
4032,7474,6647
172,1430
7864,734,7351
5311,3575
10809,5635,2431
5603,6558
1392,4621,2141
4459,8013
4321,6506,1303
5794,8195
8684,8660,8325
9282,220
1816,1395,430
2189,8439
8272,4948,3910
4012,7758
7288,4068,5310
4134,2902
4144,6401,1658
4617,2916
6128,1610,955
3154,4324
8648,3527,6607
5769,555
2460,438,3943
3472,1470
3440,7378,3912
80,4900
6431,2941,2671
2197,3871
7176,5690,1998
213,4541
2171,676,4135
4698,4706
1936,3793,3937
4379,3751
3379,1950,4631
2896,2527
9600,5109,7783
8525,11038
903,4114,8295
5749,2215
594,3534,2774
1545,8799
4827,10612,9397
8634,4770
9641,604,5295
10880,1439
5012,2900,3038
7392,9624
11129,4594,5117
8384,7306
8256,8170,1909
6969,4535
8064,3657,1634
5561,2589
11650,3452,4391
11025,10636
1362,4915,1965
6160,7956
7584,5953,6761
962,7535
5035,4029,2775
512,6540
3400,4665,7007
2888,2835
9308,638,2295
3977,2041
248,6679,6543
2008,10731
4057,324,6359
3933,3638
9896,6582,1623
4769,7286
8771,7835,2556
4808,2643
5138,6828,5754
4086,10975
6344,5602,6887
2802,2127
48,4787,5221
3619,6071
1113,7452,2023
710,4191
8557,5437,2334
4646,4383
8257,3802,7798
1792,2006
4832,5555,6932
5664,8018
4666,2157,7958
2938,5323
916,2853,447
10,1165
8404,8319,847
7409,4638
9482,2173,9438
4976,1669
8024,3835,4982
3186,3557
4586,1501,6495
2904,2713
2457,4435,4445
882,111
3265,2235,4823
4613,4495
8113,5774,7743
948,3437
9932,10780,5396
5793,4132
5477,1917,1487
4712,1051
2905,1140,9780
7337,4988
8098,9385,8593
3457,1381
8212,6909,1902
1736,7146
6080,5453,4584
2469,1247
5490,988,3565
1339,678
3483,5003,2975
3208,5087
3170,6867,798
2763,3731
6514,6453,2598
1561,2474
3398,8294,879
7301,7942
5408,6066,9717
1841,10566
6659,795,1431
5449,5571
5464,5770,8606
1028,5439
11059,5789,4558
8258,2718
1592,3633,1778
1297,9987
2736,3891,1812
3955,5563
1858,2918,1207
9840,1807
2040,5004,7670
5818,2797
6139,476,5390
4176,6984
1539,1660,4389
10070,4783
4016,1957,1687
3875,8085
6606,2510,4111
5829,3678
3640,8364,996
890,341
2658,1286,2559
4768,289
1889,3411,7142
3016,1329
164,8827,6948
8801,5058
908,2083,3548
5000,7484
6920,5068,6988
3845,1927
6683,8902,486
7233,1618
6201,7491,5286
7963,7652
9296,8777,8350
6978,5733
4346,8245,8357
8569,749
9754,7906,1703
5760,75
4408,8177,4332
6306,9612
1026,4813,6095
5228,7100
6305,3738,119
11168,5235
8025,6421,415
7218,7223
8576,4729,339
1066,6532
3704,1859,4084
2062,2015
3719,782,5271
7001,5473
3942,6531,3142
9252,5716
4063,7139,1167
10018,4206
4003,5213,1062
12204,4367
3408,2002,6237
6809,9547
11169,4327,7991
5628,7780
3952,6939,7790
8089,4639
1929,3388,10359
3543,4079
8712,4564,5685
722,2613
1008,1622,1127
8296,3335
1705,1474,9181
5293,1879
6105,571,9063
4192,2524
4184,1091,983
3968,2946
4056,356,1109
8793,8269
2448,2741,6702
2036,4062
4675,11011,4414
8585,6918
5435,6100,7726
10680,7299
7401,2102,1311
7059,10068
1873,1953,3582
7124,4492
1451,8492,3926
6825,1653
616,3222,7031
4480,7090
2166,6228,942
4889,5443
2913,1107,1366
666,3798
1242,9501,6231
434,7045
5865,6114,2190
4553,8482
10250,580,5005
9496,4305
2330,6595,4330
4547,8612
10906,7630,1175
753,10278
2066,5987,1060
1194,3628
5915,3129,9299
3909,4031
329,5099,1806
4828,1750
8939,7782,2447
5180,3214
4187,5925,2318
3067,188
7785,8818,5964
2069,9503
4529,3683,2126
3556,5871
9304,5324,9732
9458,5326
8154,4618,8839
9297,8689
6929,4930,9811
2357,9406
9096,9090,941
8400,8429
4136,121,8458
5478,1559
6385,2826,5909
3985,3260
3032,6225,9527
10072,3203
10008,8952,7455
1880,5833
8251,6677,1941
2580,3510
7570,8580,6182
2625,1270
363,3973,6791
8746,9499
6620,5973,9109
3737,887
2120,8427,2195
5474,7877
5979,43,10221
7369,3059
6480,5306,2298
1554,796
1600,2386,7693
3632,4397
3138,5708,6412
1547,2575
2808,4076,3477
1617,2347
6152,9682,2632
6858,4343
3145,6449,1155
3465,8341
7954,1820,5669
6666,1356
4549,9125,4070
1312,7742
2207,196,2735
817,5244
8219,691,11662
1250,5052
6516,852,679
8736,1507
1369,6085,3879
7732,8861
377,3339,9348
3929,4278
4256,8691,1284
804,5375
5632,1945,684
6163,5919
6257,6309,4862
2539,396
1835,6262,7615
3177,2714
5032,5912,3732
10349,326
7128,3482,10533
720,5853
10416,7770,4503
232,2709
4060,5236,6279
9202,7796
4049,3645,1605
3997,5119
11931,9949,9111
10786,3694
3832,7489,4227
2929,6886
4993,5262,2839
1009,10381
1921,9549,5238
6203,6253
7279,8767,7607
9905,1282
4345,5308,1974
7113,8899
258,4045,6021
9166,2230
1114,837,11766
10168,4160
8812,11284,3164
2738,2662
2312,7682,2007
2401,4130
4473,964,2996
9241,6439
2296,6571,4108
977,6630
9104,7107,325
9425,94
4952,1524,70
2772,6990
11224,569,6069
5181,6605
2492,6838,6422
3069,10254
11676,10620,11004
9673,9742
5619,3109,7126
2353,3986
8986,4380,877
3065,6826
6898,3566,5430
6242,4221
6057,4075,3661
1512,3979
7481,10970,9395
6707,6963
688,1401,1530
1305,9819
8528,4034,3971
3777,6331
5329,1052,4398
3249,5825
3433,5946,10902
1637,9807
6872,2603,5859
2564,7135
7496,3588,10053
6578,7170
1225,3861,7965
4395,5447
8961,1053,12151
6352,6780
4720,3574,8758
1365,11575
1440,68,6492
8417,2223
9921,9964,6949
4581,8855
11450,9274,5845
9437,1079
6424,7892,3079
403,1996
3128,2540,3375
7093,10879
7384,27,1292
3473,2020
6186,8028,10174
800,835
7504,1863,263
6448,132
7017,7597,5039
5157,4047
2194,6555,4914
2922,5531
1032,2097,713
883,947
5088,1523,1581
7151,559
5274,10334,7423
8937,7887
3005,1534,6013
5594,2243
6354,3156,1199
7793,198
9835,5500,2893
7224,2435
2267,7388,1215
2052,109
9866,12044,6766
113,5761
1674,2843,4814
8694,3367
4456,8259,1300
7536,6119
8082,4339,10605
6852,3332
6793,3658,235
4242,4611
6091,3614,5662
10409,7620
1408,7297,338
8539,3478
1673,2149,701
2148,9204
11419,11187,1213
8132,6860
2242,1206,3870
9468,3525
5651,7341,5511
3317,3102
3595,3475,7549
2627,2493
347,3965,7823
3953,9225
9193,7884,8389
10332,8870
8416,5281,1722
401,7373
78,950,7934
6025,11037
7629,1374,6150
2594,5351
562,380,8279
4512,3553
6777,7915,399
8184,8161
4536,6609,4715
8138,7614
5405,6094,2407
3651,1995
3848,5986,2236
9915,8783
3920,10522,5446
5969,5172
9978,6491,6933
8418,2998
1704,3897,966
4916,7183
4170,1691,7422
1576,9554
2872,1690,10568
5693,1309
11515,6308,7574
8592,6917
5753,249,811
8073,1830
1048,7379,7125
6833,4601
6721,7163,7870
2488,4530
673,2924,4966
99,3887
1538,9187,8885
8352,6278
563,11212,1532
7794,3427
12288,5460,5397
7081,8332
656,5866,11893
7808,3938
2068,7397,3806
5456,3838
12128,6850,9802
5867,7110
7225,9660,2014
2464,7292
3329,6020,7534
2201,9470
1169,206,5815
11625,147
7859,259,9413
2592,5318
6235,1405,5543
3346,2628
5024,7907,2416
5742,8766
4946,5106,1335
2665,9826
3608,2445,5870
2411,9695
2791,8718,1295
1580,4670
8144,1153,5195
8317,3143
3314,1163,1172
10202,8748
6397,8121,8701
8033,6371
4616,761,11828
2497,10323
4673,4693,2278
3057,3302
4776,5170,468
3842,3262
7665,6292,2110
4806,2782
1280,8268,7344
2305,6786
6065,2618,829
8227,4579
11827,2132,3763
10458,5165
5057,7338,4335
10848,671
10905,1202,2554
9608,5282
2385,850,10236
4588,3982
920,3484,11774
1429,1342
7347,8764,751
6336,6905
7405,2655,5775
7386,8390
5529,1699,4262
7817,7526
8016,3936,5750
5851,6357
1946,7757,10087
827,8653
905,8445,7678
9380,5717
10107,4716,9453
8661,2639
9800,1129,110
7986,5638
8376,11019,12471
2870,10223
409,8003,2124
1522,10306
8552,10394,334
11265,806
4593,954,7167
1120,3106
4267,7004,5813
6552,843
2824,9787,5398
4848,9234
633,9986,6830
8224,10419
2769,8565,1006
10704,1095
1322,2269,8486
2642,7750
9036,6789,6494
2560,8103
7138,10493,975
7771,5798
11528,11299,2925
7969,1983
5384,10331,6997
3728,8179
2289,5746,9461
6059,8679
8737,10315,9303
3954,11439
2408,8545,602
2890,6583
7178,1877,8918
6530,2836
6648,4571,9894
784,2566
9766,3748,6734
856,2436
6103,5275,9031
9649,2258
7553,9666,9230
173,2511
5608,8786,3486
2153,7724
992,4546,8468
3681,4270
3424,10321,4667
11466,11778
2688,8431,4095
520,10909
6568,1713,6350
7227,4300
6011,6190,5055
3808,8524
2945,11382,9047
8120,8459
5581,9678,9998
10944,10735
7897,2684,1657
10100,4789
4141,4382,711
8792,2185
5168,1035,2788
1980,7869
1464,5363,700
7360,708
7171,2219,4718
4517,11398
3256,498,7222
968,10015
1856,2114,6511
3342,2959
2545,9604,5639
3050,6970
11200,2425,2974
3602,6030
2320,1267,1287
3794,11700
6280,3448,1759
9184,7199
1721,4061,582
2281,1651
6028,7245,3559
8493,5079
10352,3896,7683
3610,3323
4208,5017,8932
2297,8191
2265,946,9845
11027,7399
5026,2674,4944
6474,1011
539,5419,1758
2849,7490
4154,6861,2302
9946,2374
9897,8509,11117
11907,6775
1587,8925,10431
10161,6654
7721,2309,8845
10059,9118
11626,7428,11445
1033,10125
9729,5266,957
12108,9142
9155,6036,10717
2178,11622
7404,7085,5278
3162,7781
5304,7596,6742
11579,6892
4881,5002,10481
5778,9317
8409,10430,5103
9945,6930
128,4714,8231
16,6400
9002,855,10855
2921,8820
3545,2570,8979
9891,1423
9941,3108,4573
7448,7694
6592,1843,5335
1370,9870
2984,9420,7503
8923,6694
2138,5261,3814
4196,44
11984,9844,10270
9512,5225
5129,9923,4359
1040,743
7999,3126,8198
6617,6380
714,7525,7966
6317,5790
10989,3274,5413
1584,7812
7755,898,3907
6602,8998
8380,7565,11197
7240,4078
6656,11404,3718
5598,71
10116,2418,6956
9396,151
1352,1749,1118
8595,4159
9874,6451,9791
12010,7421
8856,6675,9725
1648,3714
432,9801,4941
5113,10603
1321,8662,2750
8880,6189
5884,7669,6845
6272,9627
11547,5959,9583
1046,10567
1937,4513,76
5376,10398
4970,12,9710
627,1404
4109,5285,6351
8878,9630
1570,5995,11526
5644,9205
11064,5578,9150
5358,6815
2489,5667,6445
2090,1198
7530,3091,518
672,12225
9409,5756,11031
12613,2183
4888,5211,7941
9436,767
9393,6403,10373
9480,9377
3272,945,8123
2028,2845
6650,12780,3494
2754,8276
536,5347,9781
8804,10653
4353,3179,4533
9793,9097
4829,9918,3383
7938,6275
0,4756,9070
273,3236
3921,4811,8567
1612,285
141,1710,5997
427,4364
9457,8598,10311
12483,7117
5426,6667,8118
9545,11818
5434,7357,839
9858,9564
680,9236,6685
6144,3009
3193,4556,631
3797,8247
8496,3618,7069
7485,4415
5498,4901,3294
10165,3295
1896,4018,7886
1696,2884
4348,7733,2140
5846,2311
6633,4578,4263
3576,3843
9057,11970,5094
6747,11459
1296,11552,5510
6147,5595
3240,10314,4774
8488,8201
5812,7509,5519
10113,575
9530,6475,12508
6681,1029
4788,8437,9943
3753,402
6026,3636,1183
5280,4288
540,9197,3599
9448,5863
9433,7179,436
4441,8266
10338,11387,7716
3481,2647
3090,1978,8867
10453,422
3696,1073,1476
9491,1796
1784,9640,967
5834,9685
4831,11756,1151
5381,3495
11856,3169,7880
10770,10811
1970,2475,6807
2552,8363
8298,6653,4490
6881,4303
7284,6213,54
10645,630
8343,7473,8951
9321,7558
9154,2187,1574
6140,3036
2543,9611,10335
6851,10231
8456,312,12115
8641,9313
2121,2798,5647
1667,1390
7856,5245,5814
1731,1531
6433,7053,3886
3168,6204
378,4426,8570
11824,2661
2832,3226,134
3392,9279
11298,11867,6019
7537,11580
240,8562,3438
4778,9078
9412,8853,2372
2402,7407
3011,7628,4990
5788,1142
7377,2274,1692
643,4252
7238,11069,10814
3355,9636
9122,483,6827
269,11319
6874,1187,3836
2692,84
1088,10317,4623
4291,9309
5546,5100,7893
1789,2630
985,5645,4231
1872,5692
1177,7043,3476
4218,4259
11376,724,4094
4818,3789
5700,7,1951
227,10318
6538,4524,3199
10322,10279
2380,1550,5980
6378,1876
7096,11781,869
3010,6087
4341,4989,2991
1128,9644
5523,11340,7270
10816,10813
2513,3201,5606
5048,3555
1544,5314,6076
6250,981
12400,6173,5661
8773,10503
7800,2051,9596
5730,9471
3336,4201,8142
97,9228
2072,3396,1672
322,3469
10658,4066,5887
4400,8387
2796,4876,8974
7161,8204
1185,7996,2781
2343,6911
10768,10137,10578
10577,9219
2491,5501,3983
3554,2059
11477,3029,6413
1832,5961
10994,11763,9700
1473,4763
5400,8849,8714
2530,4852
8009,11665,9922
6576,4733
8828,6821,8326
4610,12028
11338,9038,5879
10579,7366
3641,9603,5649
525,6110
4779,2485,3550
650,8604
4868,1525,6446
9146,4010
281,6490,3252
7450,6550
961,4449,7294
548,4255
24,8784,8315
7602,5821
1630,8115,9182
8654,9607
7832,10001,5811
9176,8775
7368,9404,9021
6296,9463
10290,6803,11927
8207,10631
11468,10749,6879
3701,11733
162,10510,4167
11192,5797
5665,5738,2942
2299,1958
3964,9518,5575
5368,10697
3080,4437,9606
2472,247
8921,1491,785
9924,9132
7486,7414,5911
11113,10006
5297,8572,11222
3881,10518
2889,6374,1191
5849,2439
7381,5565,1446
5880,5905
5907,1299,7307
4494,1246
10193,5970,8055
6921,9334
8083,8044,3023
8896,7105
4091,1933,3646
10673,7542
3410,5900,9582
4050,5483
5704,9510,10502
8560,9390
10122,7588,4237
9992,4737
8230,10498,7830
8313,2758
2202,3650,7718
3656,1797
1240,3764,8900
7467,11171
4722,11892,2766
5744,5469
10760,11619,9053
8753,8962
6466,8868,9373
8134,8623
9011,4350,7447
10417,7370
3247,8650,6615
558,6719
953,2611,4158
1954,6307
6324,4042,644
6811,9773
12745,11458,9683
8265,330
464,1017,7436
1083,1741
5122,3318,3830
1656,493
8664,12814,7207
6973,9383
3417,4249,8843
8216,7304
11288,7363,6853
41,7230
11921,10787,5732
8682,261
6539,6300,2879
2322,8463
10256,1761,11184
11840,7009
1044,4509,1990
1752,10513
9399,3148,5687
7878,6311
986,11698,1068
5209,12017
145,6108,6637
3155,10539
1409,1498,7603
3680,4873
6136,11116,7663
5348,861
11802,2606,5391
1967,4863
5939,3739,10956
8029,5782
6889,12457,3615
9028,11335
8225,9114,9278
2388,8180
9690,8917,6862
7866,6143
625,6282,1773
1852,2934
2227,6159,11631
4664,3837
4272,1662,7599
1186,5252
6416,465,4411
2123,1422
5139,9595,2453
6392,256
7008,5458,6726
10851,6415
9592,6156,15
6546,11746
1882,8645,6206
241,10364
3587,9262,8759
10093,3934
1825,2550,4407
9473,647
1537,6972,2238
8625,10643
10734,370,7566
5891,10765
6176,5355,9366
5377,10260
7513,2321,2496
2608,11942
8601,1689,9654
11529,11933
11644,3670,8887
2786,7845
651,9358,9903
9796,12007
896,1608,6468
9652,524
2024,10345,2715
6476,10511
8106,6762,7947
1666,4452
2907,926,895
2470,7895
5044,8685,2542
5136,5958
6376,4532,5703
7275,8621
6258,7078,634
4544,8289
5897,5394,11964
11408,484
1707,8004,4999
5457,3445
5101,6461,637
3915,7251
3624,6393,9064
658,1219
9273,9916,3686
6040,7604
5616,4004,12310
1505,5163
6884,11100,8102
6772,3372
1509,3341,2990
4576,7121
1265,8851,3043
1568,3415
4105,5989,5486
8096,7754
4794,5246,4463
3769,2710
635,5269,11503
11173,2503
10325,8589,3502
8193,935
4740,405,2607
1800,2473
10336,1188,7940
5051,6325
5556,9446,4911
9370,9756
8397,3571,1925
7546,7631
12084,653,6575
7403,10391
3898,11581,6783
11232,10504
11723,10252,11244
9331,10045
3813,8398,3767
7928,7786
2361,3742,9407
12579,3165
3944,4145,1137
834,2478
902,5476,1262
2168,915
1932,252,3901
11108,461
6946,2011,7973
12363,1846
5512,10649,7637
5615,11695
4650,2747,4589
881,9635
10987,10140,10863
9089,10205
2979,2958,8454
10220,11205
7082,925,455
10642,10941
2034,6548,10207
9248,10557
5786,3924,9805
7021,1782
7027,2932,6951
8328,9316
6784,10096,11118
11176,11849
11144,611,4692
7948,1775
10709,10204,12517
9539,12343
5584,2434,244
8864,12333
12064,11049,491
3643,7791
12081,6782,10775
9004,1135
10103,885,11095
9455,1351
788,8093,7710
7130,3358
2089,3749,5199
7212,4942
7026,9147,6196
6661,2687
1050,6907,4853
1200,359
4442,1403,6164
5433,2259
1528,990,3310
2681,2500
7844,6580,8518
4155,1189
6121,8034,8074
8666,8047
6632,12667,8966
6501,2517
10459,5388,12493
639,12055
42,6668,11406
7065,7517
5944,9249,5234
9824,8393
6396,6109,3063
7698,7730
8048,3741,10487
7048,1895
10151,1210,5991
4064,11307
11146,182,9567
5673,8740
7515,2391,8399
7700,933
10280,12649,9260
4216,7655
2337,11045,10389
9544,11465
6512,12362,10158
12320,2021
9849,11034,8035
3507,7807
6434,2579,52
4537,9102
3320,9947,667
5105,7095
6301,5069,5190
11448,4973
1081,6589,561
1209,5967
6312,8421,1126
11210,12620
8481,7258,1676
8321,1269
12600,11278,10583
6322,7333
2226,298,5019
6642,4007
979,9341,4822
6989,4950
4162,7332,246
6536,4475
8489,7876,8975
4200,10916
7129,8548,7079
12098,7666
12480,1730,10742
12177,9876
2673,3882,6651
2906,10637
10294,3189,8678
12650,9747
9890,11722,4597
6497,12211
10792,4634,3095
1875,4420
6756,9422,1399
7945,7211
6137,3306,1591
6556,238
8583,4897,2983
7315,1861
10329,9421,8358
6731,9651
4298,9492,7951
1020,254
10232,11793,3422
9016,9833
8778,3300,7957
5123,6181
6865,4387,9669
7819,9525
7137,2546,4694
4833,8042
9712,10235,5091
3328,10801
1744,10073,10037
9913,7865
11464,1869,10173
11461,3125
6248,851,4877
5800,9301
4866,1757,12045
11065,9937
1680,4880,4520
1328,7051
10625,9714,10548
11788,4023
9050,10758,2599
9973,10671
5465,1681,11761
2815,12399
6799,9424,5943
8549,1845
10672,1947,8911
7216,5174
642,9300,572
1753,939
6313,5462,769
3981,3423
10388,2844,7457
6792,5972
7936,2004,2823
8361,8522
12125,2734,2567
8697,7313
1232,5322,4949
901,4798
8763,5588,4991
11347,8159
3436,5270,11639
4608,12103
10699,1260,1463
6824,10550
4225,5076,12076
10529,6812
1513,3564,11671
6360,5899
9889,6084,4625
8112,578
10393,4542,9639
11040,8898
4457,2061,9381
302,10926
440,8993,8500
5547,10263
628,2869,8215
10461,9751
8930,8221,1519
7289,4406
5392,5781,4671
7328,5689
4856,12059,2350
10883,9854
10616,2045,4205
2233,1847
9618,3675,6591
8514,5182
1480,9098,6619
6320,7382
10000,12160,3039
11164,6398
2057,4115,11357
10017,6459
4896,362,622
9073,5796
6089,4370,5239
4289,1590
7714,7410,3180
7505,10903
10952,7699,2908
11104,12756
2172,12079,135
11432,2268
11416,10227,6012
1136,12543
7658,1971,5492
5001,5357
3362,1564,191
4280,3649
4098,204,6463
5657,5613
2800,12306,7364
4065,9428
8721,9138,3051
11795,11062
6664,11787,3117
3096,10896
3225,3524,2087
1770,6614
7575,8519,7559
9556,4871
1233,1931,646
1504,7689
897,8603,7087
9419,7613
4275,6172,12335
7228,12207
9912,11540,12149
8563,6083
6050,7114,12598
3040,1147
10217,1515,12414
10505,9795
9188,12445,3878
10554,3773
12228,6099,8420
9082,3322
416,1906,965
659,1540
11102,2462,2329
12754,6499
7815,6508,9055
10990,11103
3528,2182,4126
3958,3119
209,450,13
61,157
2617,7539,8860
9012,10030
914,619,2973
1197,5590
408,10101,5334
5161,5380
7177,2077,4742
2728,12533
12819,12611,10440
9353,10908
169,146,108
6,911
5291,7091,10078
8329,10244
690,8037,1914
101,2638
8,304
862,503
50,662
266,365
874,187
610,166
865,463
20,5806,3895
686,39
284,316
677,1078
117,1077
660,892
1278,47
56,893,758
336,668
3489,391
4793,3655
4120,4277
4315,5093
6456,7967
1855,5735
1094,62
1571,871
9650,2636
3996,7764
3000,1644
1106,8822
4464,3970
3987,4431
4587,1455
5620,7470
64,1803
66,5203
7709,3158
74,5237
82,1302
310,86
88,809
90,1647
629,95
1808,2355
2381,1453
194,1671
2026,725
460,1943
3822,215
4312,105
354,126
499,1015
130,500
522,998
137,860,2159
592,398
1944,1684
609,1231
10992,4899,11948
139,10807
3283,9775
11053,12174
8834,7587
152,2365
488,369
586,591
792,772
154,357
675,1003
3282,2743
1619,2557
2694,2742
4417,1886
163,3101
4872,5296
176,3366
1904,4883,3949
178,4083
1384,5406
4402,180
183,3442,5463
186,3418
192,348,709
1611,511
9720,11745,10691
11833,1913
8738,7611
208,8739
9812,7293
11473,12446
11877,12167
9240,6908
9601,9783
12464,3354
10584,12451
11709,12726
10753,11770
6252,8725,1222
211,4836
217,1324
222,6102
224,5365
226,470,439
233,2977,997
12561,236
11536,4124
1306,12908
10258,237
11155,2588,245
251,932
8250,5146
275,1358
565,7797
2214,279
291,5475,4071
7273,294,3215
296,6072
1416,300,3263
577,1101,1502
474,318
9505,8605
4460,6871
10681,11006
12305,9901
8136,999
12365,327
7635,12325,8807
328,8501
1315,340,821
737,1602
344,2760
496,351
1881,9267,7623
372,12551
6227,375
385,6771
8426,389
4800,12105
4730,11767
704,393
3850,6564
7639,407
4739,4957
9994,1421
9400,1526
5520,9039
840,413
2115,791
7836,2332
3450,2285
425,8675
3779,8996
442,4215
6553,9709,445
9851,6079
752,10523
8107,2654
10369,7278
2818,467
1988,11199
5232,8457,3363
8473,1149
471,2663
8874,4782
5593,7203
2339,1085
2649,11822
3780,8958
11188,6125
472,5882
978,11327
10141,3237
11864,11236
10002,11629
3956,12567
9739,12813
9735,10759
12547,12806
11297,12052
12057,11725
11291,12573
11522,12309
12498,12316
10889,9162
9677,11654
12235,12677
11218,12830
11772,12063
12507,7551
833,11998
473,6435
12746,12762
11813,8485
12699,9951
5672,11558
12583,2119
12200,10022
10827,11047
11435,11311
9804,6959
12774,10031
10572,6965
12214,2871
7762,12604
11841,12092
11992,9718
11330,10710
12537,7569
12744,12371
12612,12518
5350,12735
11400,12114
11097,6794
8905,10683
10976,12281
9352,11359
10632,4959
12640,9101
4244,12390
11481,10892
12522,12135
9576,12193
3746,9578
8928,11679
12784,11514
2923,6131
12004,9895
12458,12772
12723,1901
12402,11699
10219,11443
4987,11965
12542,3519
12802,10179
11140,9415
1347,475
2443,2612,3166
2680,480
2482,5604
2222,3854
481,2780
589,494
3512,5401,501
857,2911
3677,5198
3376,2037
1777,4699
2208,4525
5542,510
505,8699
888,974
11969,508
12714,599
12216,12782,8214
10925,12173
3724,10149
514,10019
523,10923
1208,10899
3361,11107
6842,4652
4926,527
2144,531,2669
545,10878
8218,8668
550,8151
6232,4219,1412
3666,4878
3906,551
1482,2253
3592,7913
3298,4502
2364,3885
7801,971
5562,10156
4009,4318
4041,1628
2176,2487
2954,567
6810,588,2935
3506,8506
11616,7205
11736,7894
9224,5412
595,1606
4363,596
2147,9108,615
617,12012,11869
7708,7910
641,5063,4487
4428,3414
4430,663
10488,10255
2056,9349
3048,665,5819
10437,693
11924,12828
12187,12662
697,1291
728,699,2212
2301,4150
1387,6294
6528,3386
8529,8791
5696,707
4334,5135
1857,5990
7664,716
3499,726
859,10284,7430
729,2553
10251,11750
12738,8802
9128,731
744,6388
3064,1252
754,1771
8347,755
6332,9590
6107,757
3664,2950
2667,1765
4121,4027
1102,5910
1729,2873
6585,4522
7084,1452
6345,3315
1892,4311
3293,774
5409,5243
2569,2146
1448,777,1228
825,1586
1190,1518
779,6270
10784,863
7476,11599
10099,8075,5830
6328,5495
12054,10247
8330,1499
818,9476
2170,6175
6426,4861
6701,3213
6048,6046
3923,820
826,8652,6205
6524,5924
854,831
7425,8683,11743
10050,844
10984,10082
9067,1813
6008,867
891,6039
7816,6052
11456,3755
9361,900
2466,1890,1542
2722,1794
1428,2420
1481,1002
2619,1134
1829,934
1220,1541
2136,2668
1258,907
2410,2549
1419,910
2520,1655
2752,1919
3928,12644,917
922,3827
3394,6533
930,1735
2822,943
944,5332
2992,2700
1824,952
960,2165
980,6387,1156
3995,1132
8208,8788,2471
8442,3287
8890,4933
1613,989
10684,7908
7441,8842
6835,7133
5378,2501
6545,3308
5102,6999
6120,11554
6943,9975
993,8577,9207
3642,1018,3500
1025,5683
3104,1027,4677
2400,1031
6224,1389,1037
5601,2133
1042,4932
10033,3613
1069,8293
1074,7050
2393,3271,1711
3251,1084
5112,3035,1086
6297,3034
8405,1093
4568,11322
1099,11294
1100,6478
10844,12077,11455
9752,3993
1110,11414
10474,9708
5765,10183
6500,12036
5227,12679
1112,11732
1122,9580,1918
1124,6581
2104,1138,12035
1141,2957
2574,3007
2651,1614
1868,1959
2514,1355
1768,1654
7576,7232,1143
4025,6854,1145
10714,9533,7159
1146,1243
4500,9981
7418,11645
3563,9116,1150
7456,4232
1157,3470
1738,1911
1158,5367
1160,2778
1162,5923
3644,1164,4660
8056,8478
4744,1174
4165,6414
6425,7148
4890,3612
4937,3131
8304,8122
6267,5342
1332,6645
7992,1179
4985,2191
5104,4955
4906,2286
5060,3855
1201,1181
1212,1276
1217,11874,10428
5902,3959
4713,5294
1493,1230
3187,3420,5214
1234,4357
1259,2807
2652,3076,2071
4185,1467
3432,3001
3468,3037
3217,1454
2162,4491
4316,2397
3344,3772
2562,1261
3243,1596,1975
1274,1885
8371,1294
3859,5878
8808,8873,8803
12074,1301
1307,9180
7352,1308,3431
6440,2733,1310
4377,1316
1615,1326,4687
1790,4351
11273,6455
9075,4612
10515,1327
11544,8978
2288,11260
6922,7759
7002,1683,1334
3232,2101
7032,1345,3504
6859,1348
2419,3852
2065,1819
3205,1359
3552,1962
4265,1364,12150
3137,7586
12384,10420
4538,1373,7686
3347,1382,6015
3918,3175
1386,5718
3521,4164
1521,5493
6233,6436
10536,11237
8537,11511
3579,11799
1393,11988
11917,8111
7561,10986
8451,10309
3161,1397
8239,5487
10034,1402
5668,4055
7308,8780
7883,3020
1603,2749
8946,1725
2691,8222
9526,5918
3908,1414
5974,5759
1427,8190
7393,2518
3925,2438,3727
1444,7502
10776,1458,11214
3721,9829
1899,1459
5937,1465
1483,9335
10837,10678
5410,9620
5536,11457
1976,1490
1779,1494,2047
3176,1495
2490,2143
2962,2428
2682,1575
1496,2252
1772,1742
5193,1497
1556,2108
4241,1578
2773,1795,1733
3195,1597
8989,1599
1604,1677,3766
8220,1621
1723,1629
1633,8090,11123
6276,6517
9852,3951
6157,3055
1659,3750
9160,10771
8829,1694
10171,5719
5861,10134
5538,11010
1700,3307,6244
4704,6819,4980
5065,1709
7619,2294
4928,2112
5344,2933
1888,6975
3030,6967
6840,5219
5624,3149
3665,5569
1716,6180
1907,1719
1726,8991
3961,11697
8658,7516
6138,1740
7494,1743
4082,4940,2396
2098,1767
1776,11863,6759
1898,1799
9208,7266,6142
1801,7651
12593,10882
4024,1809
9129,1814,8271
8636,3957
1827,4462
1834,6612
11090,1844
7601,5981
1850,10172
3480,1866
1893,2094
2856,3284
3073,1894,7174
3429,6263
1897,5827
1905,4717,4470
1908,2348
1912,2060
2204,2748
11008,1915
8571,8542
9270,8655
2862,12302
12408,11543
11380,11333
1922,10687
9467,9726
8211,6535
4484,6757
12061,12405
9336,1935
9536,10197
5152,4051
1939,12069,11519
1968,4360,5054
9629,11126
1969,8726
6676,9813
8733,9559
12476,6773
10043,3340
7194,12062
2180,1982,5204
1989,7719
2352,2342
2179,1997
2010,3046
7024,9586
11901,9615
12633,10738
10930,9706
2025,8199
11077,7621
4097,10083
8097,2029
3778,4172
4149,4229
2161,2291
2033,2131
6915,2038
5992,10978
2039,4087
2081,7068
4337,5210
5681,2042
2048,2939
2053,7687
6363,2055
2073,11003,12231
6402,7047
2085,2213
2257,9967
8760,7964
10105,2107
6112,5027,2928
4857,5338
4644,6678
5224,5605
2450,5451
6597,5622
3474,2307
5809,2109
6027,3654
6162,5422
3522,4910
2111,9054,6343
2134,8079
2794,2139
2427,2413,2150
2152,2398
2156,4399
6741,8854
2160,11852
3002,3516
2163,3319
2346,2605
2519,2383
2502,2310
3136,3905
2645,2494
3747,3821
10362,12068
2731,2174
2273,2198
11993,5580
2675,2203
2228,6214
2246,10581,6958
2248,11052
11249,9495
12195,4358
2256,9779,3348
8964,7647
5701,6863
5049,2262
2698,2586
3712,8895
10872,8491
2264,5949
2293,8729,10413
11576,8613
11952,10209
2306,2706
2314,9623
7152,11314
4354,2316
6207,2335
11209,2349
2784,2354
2358,2620,3446
6014,2366
2378,8942
3385,2382
5043,4804
5160,2399
3785,4972
2404,5772
6628,2414
11242,2421
8716,2989
2432,8461
12282,9372,5110
9746,2437
2444,5573
3589,2455
7281,2507
9466,2459
2465,4340
6900,8588,2477
2480,9546
7264,5539
9529,10138
7825,7282
2483,3357,3255
2481,2723
2920,3239
2484,5893,6038
7995,2486
3374,2526
7512,2528
2532,6885
5666,2533
3688,10921
2535,8455
8674,10415
2538,11975
10938,2547
2578,4812
2587,11972
2947,2604,4835
4493,8109
2624,3593
8011,6423
2634,9019
7184,2988
10802,12527
12304,11032
12809,10766
12041,2653
7752,12283
6699,11308
12244,11431
12033,10819
12499,12203
6938,12663
12385,9203
6384,10972
11250,10556
7389,12407
11136,6202
9877,10271
11112,9771
12538,12083
10482,10091
2664,12138
11033,4773
4373,12294
5056,10692
5629,2670
2696,2876
4127,3087
2712,3434
6051,2717
3684,8669
2721,3141
11321,11981,9521
12241,2727
3892,11655
2744,9821,4543
11640,9961
2761,5534
11737,12153,2764
2787,5175
2792,11658
3464,2803
3345,2805
12234,2813,10414
5784,8001
8288,2829,9966
8472,2833
2840,8229
2851,2891
12456,3281
11651,2854
3930,10324
2859,5197
3337,2860
3107,4429,2943
2867,7847
3492,4356
4497,10339
4347,3286
3019,2877
4840,2885
6002,2886
3801,12435,2894
2897,4979,4015
3212,4590
3584,4469
2898,4659
2948,9295
5216,2910
4913,2915,3404
3074,2919
2953,5591
2961,5894
9387,2966
2968,11546,7932
3296,9696
12192,6586
6281,2970
2985,11537
3012,3124
7696,3022,8639
9152,7853
7296,4626,9231
3024,3093
10858,6198
10954,11109
4921,3026,6221
3041,3866
3045,3462,3047
10955,3054,10055
3056,11293
9667,3060
12155,12171,10142
10169,12183
4801,3062
11627,11334
4633,5525
3072,3717
9245,7326
7465,4174
7066,6042
3113,3254
8616,4750
6882,4759
5739,6302
3114,12732,10007
3122,4603,9699
3123,5540,12286
6265,12765
7190,9719
11304,9487
11808,12421
3130,4307
4161,4954
3147,6003
8840,7396
8092,7269
3152,10740,7927
11916,9271
10432,12790
12832,7595
6814,9759
3874,11918
9736,12671
12482,10405
4953,9762
11105,8836
12770,10839
4790,11463
3682,10618
11871,7863
3157,11494
12771,11063
4710,8831
9713,9786
11393,11125
12730,9117
12619,3190
3206,5983
3285,3207
7498,3334,3210
5249,3211
7400,3216
5331,3219,4917
7874,3227
4929,8531
5713,5537,3231
3992,4297
3241,3324
3242,3834,6166
4146,3382
8000,3244
10537,11994
9517,3245
10497,12238
5955,7527
7552,11578
11769,11002
8306,9935
12172,12500
12425,10066
8512,3596,3261
3708,7821
6955,3459
6299,7015
6562,9483
6704,3267
3275,10372,9910
10713,3291
9938,8466,7454
9081,3617
12571,3292
11437,6542,3303
11388,10005,8735
12473,10491
11848,10833
3304,12251
9218,7875
7076,3309,3862
3313,10773
6370,3508
8050,6669
7592,5586
6010,5714
9032,5709
3883,3931
4251,9127
3662,4022
5385,9172
3803,4028
5822,10199
4188,3326
7372,9855
4220,3788
5064,3590
5395,3391
4194,4005
5312,3352,3327
3768,3770,4375
4450,3815
3667,3343
3365,4703
4427,5077,5934
5337,3691
4072,3371
9201,8434,3373
11977,10291
5676,3380
4563,7052
3403,7221
3405,5623
5081,3426
6153,3443
11000,11555,4559
12331,12060
6644,3455
5217,5820
10248,3463
9477,11862
9770,7219
12243,10012
3466,10965
5896,5343
4369,4575
8088,5965
4467,7038
7649,3471
5883,5116
6776,4326
7302,7319
6913,6060
4844,3693
6230,6599
5258,4180
8187,6749
7841,4821
7838,6199
3547,4629
5387,6303
8693,3671
5389,5503
8924,4444
8480,6222
8752,7779
6636,7885
6427,5932
3496,4421,4599
3514,4523,4567
4002,4107
4416,3585
4396,4958
3520,8970
12120,11809
3828,10230
10543,10703
10754,11979
3529,3867
6800,3535
3537,4858
12465,3539
11811,3541
6888,3570,4965
3605,10509,7879
12307,10845
7361,6098
3860,3630
3796,5780,6420
5641,3676
4967,5838,3679
6836,3692,3710
11601,11153,12198
3697,8530
10262,3703
10011,3707,4198
5648,8688
4786,3900,4423
6467,6295
6409,4515
3709,3839
3736,5206
3744,7922,8342
10473,3754,6298
3762,7706
3776,4073
11121,7020
3857,3804
11760,9776
3816,10854,12470
3817,4019
10040,7437
7208,3823
10299,5259
3824,10812
3864,8235,7765
9280,10652
3873,4830
4824,4505,4651
5025,5098
3893,5021
4732,4758
3916,6373
4592,4746,9238
8249,3939
4557,4310
7416,6657
5857,9750
3976,6379
7112,6192
7901,5414
9449,3989
4905,5075,5471
5712,4748
4842,5715
5521,4283
5257,3990
5080,4630
5372,4636
5184,4294
4458,6652
4643,4199
4017,3998
7988,7814
11120,10132,4006
7788,10366
11472,5631
7888,12170
4008,10374
4092,4044
4046,8423
10565,4053,4615
7103,11407
10962,9215
6418,4093
6485,4886
12921,4101
5317,12541
5186,10564
9009,5679
8041,4110
10094,7359
9024,7239
4137,9727
4649,4138
7857,11132
10128,4142
7186,4156
4166,5095
4171,5260,5013
7321,6818
4736,5481
8021,4189
4956,4190
10755,5036,4207
6169,7466,8615
4792,8611
6284,4302
8152,6563
8267,4622
4236,6655
5288,5554,4805
4308,4238
4753,5169
5201,4245
6161,4539
4248,9538
4282,6314
4284,4925
12496,10350
9288,6739
11569,6146,4287
8099,10799
9513,11839
7426,8484,4293
4304,4461,4518
9728,10585,10486
12321,4329
4331,5548
11016,11834,6875
8164,12005
5576,10061
11963,11807
10249,10246
11989,11710
12227,8165
9810,12324
11312,12032
7644,9389
4904,8798
9965,11070
10210,10933
4352,10553
4413,4374
5549,6486
5298,5231
6728,5545
6353,4422
4436,4951
8346,6722
6200,5327
4454,5847
4961,4483
5618,12355
4472,11940
4488,5705,12615
11513,9911
12692,12015
12141,11502
11782,10215
9283,11909
4752,4516
6442,5572
6458,4924,8862
12761,12443
8722,9076
4550,7918
12713,10145
4552,9837
8145,4572
4734,4583
11688,4684,10429
4604,12116
11913,11266
8072,8841
9113,6179
4620,10830
6104,6797
6377,4635
4641,4815
6977,7035
8153,5386
8297,7803
5611,10591
4642,8749
4658,11013
8406,4662
8008,5559
7971,4884
6569,5869
4674,5933
9120,7074
5264,6995
8425,6847
5504,8700
4802,8772
5185,12089
10507,4678
4680,6510
4697,4887
10289,4700
12312,4705,6750
9017,4707,5612
10864,8770
11603,4723,7989
9368,7427
9557,12638
9131,10455
8608,4934
7560,5817
6829,9214
5553,6367
4761,8071
9003,9542
7896,9701
4771,10023
11539,8581
10761,5489,4820
5609,4825,6462
7104,5229,4838
4841,6234,7318
4865,5362
11720,7702
11348,4870
9585,8379
8532,11663
8240,5497,11983
4891,8444
8244,6365,8150
7881,6323
9441,10237
7314,4909
9761,7116
4912,5843
11483,7166
12698,10791
6090,4938
7000,7839
5156,4943
5842,5747,4962
11035,10982
6290,5015
5144,7660
9936,12654
10377,10922
8353,9222
8963,5029
5208,8322,7930
5030,9430
6961,5066,11796
5682,5725,5071
5092,7325
5120,10821,5848
5128,5729,7626
10410,11023
11306,5134
10472,11803
10937,9772,10239
10917,10407
9206,5143
5145,8339
12546,5154,12398
5162,5307
7852,5166
10943,5167
5177,5212
7931,5191
10200,5194,8541
11786,11851
8904,8617
9665,12775
7395,11524
5200,11372
5220,9174
6170,5222
7979,9628,5230
9418,6043,5507
5482,9862
6366,8175
5424,8967
5250,6399
5938,8755
5248,5532
7550,8591
10257,5627
5256,5941,8631
10328,6976
5279,5583
5354,6047
5289,5445
5952,5299
5544,5302,7767
5313,5577,6193
5505,6077
8076,5319
5356,10910
5858,5407
5976,5417
5442,7740
8066,5459,9988
5514,6452
7768,5515,9493
7519,5551
6754,6471
7810,5558
9774,5567
5570,8981
5592,11048
10520,10527
5610,7747,5877
7962,7981
7336,8395
5617,8412
6411,7605
6129,6947
8944,8795
8344,8815
8465,7983
8185,8005
8632,8852
7860,6086
7739,6158
7610,8419
6130,5764
6502,8375
10739,5988
7283,6525
9027,5621
10112,6391
5626,7643
7483,5654
8882,7972
6738,7029
5640,8633
8065,5642
7098,6876
10027,8566
10788,8997
8769,7842
5966,5646
9632,5658,11420
11411,11702
10611,5671
9672,10014
10835,12229,11479
6259,5677
11657,9831
12740,8805
6185,5686
7028,5695
5697,9506,6529
7890,5698
10206,7583
7141,7391
6968,7067
7899,8503
6032,7924
5726,9359
7872,7501
5748,8781
8800,9233
9861,6574
5751,7327
6608,8731
10032,6924
7677,7063
5752,8385,8933
12273,9060
9200,11111
9338,9638,5767
12284,6333
9832,10596
8776,7506
5777,5885
7034,9052,9485
8889,8596
6658,7175
8985,7469
8156,5799
8825,5844
5823,7254,7735
5824,9235
5852,6220
5886,6277,6342
7955,5901,7495
5929,8307,8038
11609,7925
11442,11346
5963,9356
11174,9095
9541,9926
6832,6082,5931
5940,9086
7961,6770
6288,7419
8338,7077
9183,6447
7914,7468
9196,8479
9291,6347
7818,6755
8984,7806
6925,6247
8761,6124
7432,9460
6075,7935
7329,7349,5982
5994,9083
7235,10421,6023
6064,9847
6096,7837
6116,8166
10633,9062,8233
10569,10110
6122,6725
9748,6903
7939,11749
6573,7334,9887
6209,6577
9465,7070
6217,7609
7697,8810,6238
11179,10948,6245
10608,6266,10803
6408,6274,9999
6816,6283
12178,6291,9175
9675,8435
11557,10789
11427,10436
7160,9962,6319
8059,6326
11496,6338
6394,11157
7680,6407
6444,10295
6450,6686,8511
9883,9469
6464,11402
7290,10828
6691,9319
7645,7662
6496,10148
7529,8893
6513,6674
11545,10979,8413
11099,10524
6518,10119
10403,12484
7756,6519
7016,6601
6520,11588
9005,10958
12024,6534
7044,6557
8594,6559
6616,6561,7346
6624,8723
7353,6779
7518,7150
8745,9379
6584,8916
10342,9543
6598,7390
10120,6610
6623,6663,10959
6625,10974,6671
11857,12250
7435,11789
12266,9765
7229,6662
9072,11897
6672,6953
9950,11607
12009,12347
12021,10575
9427,6684
6936,9212,8069
6697,8284
8141,8535
7041,6724,7206
7149,7055
8286,6743
6752,8167
7257,6753,9734
8049,8806
6916,6806
6769,9619
9853,6805,11438
6848,7415
6856,9332
6866,7594
6897,7046
11929,7003
10531,6902
7320,7356,7398
6906,6986
8732,6910
12553,6935
8440,6960
6979,7438
11835,10092
12793,6981
12354,9061
9865,9653
7921,11261
11240,6985
10048,9634
11673,11826,6987
7267,6996
7040,7385,9724
11202,12670
9440,9980
7648,7054,12240
7933,7086
7201,9307
7153,7900,12165
10822,12375
7944,7157
7912,7164
7311,11391,12463
9244,7165
10224,11568
10264,8988
12088,11122
11600,11659
10152,11850
10441,9275
7214,8447
8010,7191
7193,8643,11731
11194,7196
7804,7247
7248,9330
7959,7255
8373,7309
10932,10463
7317,8550
11880,7342,12023
10826,7375
8523,7380
7898,7911
7408,8640
9908,7581
8337,8877
9320,8544
8704,8320
9569,7433
10842,8290
11141,7471
9867,11564
7492,8782
7760,7499,7556
7520,9514
7531,7636
7568,9326
8040,7713,8105
8370,8163
7582,7975
7606,8999
8360,7625,8477
7657,8540
8824,8865,7671
10730,11101,9511
7705,8372
12665,11115
10159,12710,7711
10840,10593
12053,9959
7728,10980
8614,10462,7774
8032,7776
10114,7789
12327,12118,12799
12587,11229
10728,7778
12528,7795,12308
9507,7799
9697,7843
10443,7903
10024,9658,7946
7968,8610
7976,9940
12449,7987
7993,8450
9763,11895
12712,12270
10915,12372
9648,12467
9168,11594
12803,12422
12515,8692
12481,12597
8006,12191
10996,10028
8019,12182
9357,8031
8057,8043
8051,9199
9803,8052
9266,8054
12514,8116,10781
9827,8124
9968,8155
8582,8158
8349,8351
8388,8182
9058,9013
9035,10748,9863
10953,10526
10544,10690
11500,8196
9879,10535
11378,12415
10532,10494
8202,9164
9977,8213
11114,8223
12680,9928
11396,8646
10945,10724
9914,12338
8785,12452
11137,10451
9892,11820
12403,9255
10089,8915
8476,10861
12349,8879
12194,10677
10496,9553
8238,8871
8651,9788,9286
9426,8242
10353,9823
8507,8252,8365
11997,8262,12263
10124,8263
8285,9575
8299,8709
8796,12766
10203,8303
8705,8310
11342,11219,8910
8354,10875
8378,8396
8386,11693,10038
9006,9790,8391
8520,11363
8875,9091
8586,8534
9059,8556
10490,11926,10319
11009,8657
12163,8676
10993,11556
10376,8703
8708,10063
10178,8711
9298,8742
9323,10020,8750
8809,10378
8816,8866
10360,9637,8823
8832,10756,9982
8876,9558
10186,10301
11914,8891,11423
12067,12279
11617,10898
8912,9820
8913,9953
9037,10887
10300,11046,10607
11193,8971
9000,9041,9755
10074,9687,9071
9085,11198
11096,9242,9094
10477,9134,12287
12448,9139,9268
10995,10060
9140,11903
11888,11130
11958,9143
9969,10382
12013,12685
12417,11234
9170,9194,10198
9232,11999
10047,12006,9263
9573,10228,9277
9880,9281,11092
9284,9621
9363,9445
9289,10689
12488,10530,12739
12353,9292
9310,9302
10090,9939,9956
9329,9818
10456,9494
9784,10354
9593,10466,10275
9362,10860
10285,9367
10967,9398,11343
9497,10062,10079
9707,10211
10216,9572
12401,12406
9920,9645
11755,9693
9825,9702
9738,12110
9768,9814
9816,10587
10214,10846
10296,9842
11563,10157,10662
9857,11716
9976,9868
9907,11190
12512,9927
9931,10412
9954,10675
12066,10743
11771,9991
11204,11845
10292,10021
10808,10042
10838,12727
10483,11669
11089,10194
11817,11369
10920,12330,10764
11283,12438
11028,10102
10130,10106
10164,10166
10402,10115,10348
10745,10121,11729
11358,10559
10408,10127
10176,10723,10669
11915,11005,12078
10435,10181
10384,11777
10225,11945,11533
10594,10261,10386
11754,11484
12624,10715
10340,10351
11329,12709
11042,10651
11074,12356
11313,10346
10427,10475
10438,11158
11584,10444
11332,11605
10445,10598
10576,11859
10447,11647
10712,10546,12397
12196,12070
11163,10774
10901,11151
12201,12599
12603,10484
11949,11390
10849,11254
12299,11324
12233,11446
10449,12605
11843,12255
11345,11370
11728,12741
11611,11373
12795,11739
12159,10991
11119,11847
12145,11251
11717,10614
12237,11007
11854,12111
11785,10949
10571,10478
11480,12185,10508
12180,11364,10541
10601,11899
10638,10871
12666,10877
12409,10847
12376,10966
10722,11957
11954,10763
11044,12109
11610,11246,10823
10836,11134
11810,10895
11425,10911
10985,11221
11353,11460
12099,11022
12570,11036,11890
11073,11510
11424,11076
11098,11490
12056,12242
12176,11955
11337,11182
11223,12071
11230,11935
11360,11263
12106,11383
11451,11541,12534
11562,11666
11881,11683,11911
11713,11587
11747,12382
12386,11595
11636,12485
12208,11705,12554
12378,12146,11919
12168,12276
12492,12300,12126
12769,11925
12095,11959
12157,12494,11967
12209,12717
12490,12459
12265,12389
12416,12322
12629,12039
12440,12426
12913,12822,12591
12752,12562
12815,12935
12870,12934
