3196,4100,7045
908,2996
2083,4
3499,3932,726
3264,8771
4289,3099
3909,4406
4833,4866
2539,2975
505,2355
4330,2603
7137,4637
2950,1534
7710,4503
8093,902
1731,1531
5814,1198
2168,915
1262,7
10262,2663
5232,647
6306,3523,1883
3793,10308
9828,22
11824,5180
9774,5567
5371,988,6967
1896,4487
1960,1957
1803,7924
1868,1959
2101,8551
9650,3589
10680,9438
5396,1629
1880,43
3242,1740
1705,3037
4961,3382
4292,3684
7657,5703
1668,4422
1496,5725
1345,1662
6630,3727
24,1487
1003,9855
10168,8132
8088,6350
1843,7941
1556,5135
1897,2198
2954,6162
8660,6566
1227,6421
8025,7439
2848,41
8872,5865
4137,7315
4553,4897
7362,4594
4780,396
6816,9628
1305,1559
4136,891
6786,10221
5613,10637
6257,8732
7369,3102
6970,3958
8539,3476
76,5662
11419,9036
2554,6445
2097,5581
6039,6719
11200,2425
6865,11411
9632,5658
12426,11702
12440,939
11420,10125
8572,5959
4888,3010
2550,10311
12508,2174
6681,7509
1730,8054
9266,10295
7368,10631
4880,1844
9448,11364
11933,11927
6444,8582
9473,5863
11387,3423
11090,8207
1825,7238
10001,1951
8042,9606
11536,8900
11722,4007
3701,9463
12666,10638
10877,10871
2472,4437
10417,9383
4662,3615
6889,11155
11746,245
298,11335
6176,7922
9654,12007
11408,635
5394,3322
6789,6494
2545,1307
9358,2183
5200,227
12386,12822
12934,12935
12752,12870
1528,5269
11372,9180
42,9796
12913,12517
11964,484
11747,2503
2478,12815
10689,11595
12562,12382
9289,12591
11194,11095
990,3310
8666,12534
4216,11451
11045,10389
8361,12485
12362,7765
12769,6668
7065,8975
12320,12211
6512,2021
9802,5644
4200,10916
12480,8489
12177,10742
6396,10173
11153,1869
11461,10159
10203,12710
11464,5612
3125,10758
11242,9050
2517,12470
9973,2599
11761,10671
5029,6030
4248,8963
5465,12399
1681,2815
7216,9538
11496,6338
12570,8159
11036,247
11890,10652
11347,10699
10616,2233
11737,12153
11545,2764
9073,12587
12327,4991
11416,11062
10290,10882
8721,11795
12208,10554
7130,12207
10227,11972
11705,12554
10672,3050
5796,9300
11958,10943
11130,4156
12013,10854
11234,12685
12417,2588
9969,9143
7186,10382
11888,5167
4024,11298
3816,6451
10985,3773
11713,12717
12265,12322
12099,11173
12416,11503
3494,11911
12593,3878
12389,10463
8342,7559
10908,10932
3697,8530
6632,7317
9138,3051
10658,7053
12045,3358
11967,1471
3797,12543
10362,2731
11073,12209
11221,11022
9876,1847
9353,8550
11881,1809
12494,5199
12819,11510
11353,2587
7601,5981
8650,5066
11587,11547
1136,10270
12459,7517
12490,12157
11683,7079
7842,6876
3600,8548
5642,8566
8769,7098
10027,8997
8065,10788
4258,9498
3625,8799
3568,3762
48,594
7915,10566
1114,7652
7100,8350
3433,879
10745,4327
4457,9921
4853,6997
5235,3383
8855,4167
8488,7940
9507,7799
3240,1761
9964,261
10292,9807
10256,9943
4788,7196
402,8519
1200,6907
3753,302
8201,9651
6856,8437
6731,10911
11425,9421
1050,2935
6810,588
3506,8506
11616,7205
11736,5412
9224,7894
8228,2509,703
66,54
6272,6468
3759,2394,1719
8356,2342
9146,1199
3414,9447
3387,1451
821,9319
2851,5709
9435,7326
4308,9470
5156,7373
6916,2015
6233,1395
10107,7639
7409,2189
3923,7996
10105,8492
11376,6228
3128,1877
9564,7877
4650,3879
3177,804
10821,12471
2870,10223
9649,11019
2320,7222
968,9781
3256,10015
9858,2869
6028,5079
4064,5434
9298,10220
9002,8804
1185,9890
7035,71
2921,1210
7082,9228
4201,8397
9816,10569
4463,2343
10513,6915
8044,2710
7105,8603
8083,7087
8896,7810
8180,9278
9114,2388
8106,7947
1666,10941
6762,4452
2528,7512
3769,5246
9248,10207
2034,10557
9947,6548
11448,4973
851,5190
5800,9301
6248,6591
8514,5182
9419,7613
12089,10507
5185,4678
2985,897
11537,12146
12378,5539
7825,11919
2480,9326
7264,10138
12168,9529
7568,7282
9546,12276
9586,9615
9706,11901
7024,10083
12633,10930
2025,10738
11077,7621
4097,8199
4432,8977,185
7066,2510
4185,3151
4120,2625
9380,4180
2947,5708
1752,10394
2945,4127
2750,4383
338,2773
4573,4302
7682,6747
3986,3630
469,10462
5652,5134
2288,6602
5609,10587
10364,5558
9197,5519
5645,3231
4524,10575
709,4421
11754,10651
9132,8623
4110,3839
8041,4903
10992,9009
74,10372
9771,9877
11112,10271
5056,10091
12138,4773
2664,11033
4373,12294
7872,1455
12083,10692
1644,9485
12538,10482
2017,10366
1660,1973
6473,8495
6745,6337
6828,9381
5138,5068
3845,1927
753,75
7401,8764
7890,3067
3249,7693
3380,7614
5761,7597
6609,8138
11123,8347
1633,8090
432,2700
9801,8373
10258,237
4353,4941
11756,5381
7946,10675
9019,1789
7893,2630
1128,9644
9954,4341
8560,10502
9370,2453
9756,653
7403,12084
10391,6575
10840,9102
9398,10967
10883,9854
7728,12078
4856,11915
10384,11005
10435,10980
10181,9959
10593,12053
11472,11777
4008,12170
7788,10374
7888,5631
8056,5641,8588
6465,3607
7675,4093
4396,5206
6331,4862
1234,6573
8718,7015
7610,5852
4914,6140
3514,3462
6002,2690
6979,5447
2507,4750
1704,1011
3280,3873
9299,5654
7821,5559
960,9887
5451,4644
8632,4670
3386,269
6427,4587
84,9549
5224,1507
8094,1975
1972,1686
5605,4022
7032,300
6409,5021
4491,5013
1274,5093
6060,8175
1521,6242
3319,6247
1498,5885
3555,5430
625,5980
6921,11319
4873,1925
4272,9085
3957,1814
8636,8271
361,3238
9624,7474
9000,6046
329,1954
3584,7964
1497,2365
4758,967
6610,3692
2236,8031
9225,2611
1995,6495
11025,1932
2897,1714
3566,1806
5099,4828
2924,2797
2392,6564
5293,2758
8332,1270
7714,6811
6830,8191
2041,6990
240,10228
10498,9685
86,9471
9640,820
6725,8559
5834,1742
1051,3438
930,8230
4377,9332
8216,2989
10024,8011
1537,2421
8625,10285
4298,6972
10643,9652
4576,8329
5291,10244
5217,3535
4616,7091
10248,5820
9477,10645
7219,3463
12243,10012
9770,11862
9977,9277
5592,1837
4766,7727
9641,8982
3082,3751
5848,1978
8867,325
94,7399
9699,10453
4603,711
7248,8792
3090,11477
9425,4006
11120,10132
9072,6953
6672,11897
9950,11607
10520,3714
11048,10527
12009,12347
5016,6469
3052,1836
6418,2756
73,4981
1787,7732
3954,4364
3849,4235
6161,4951
5004,4588
10376,5244
97,8142
5595,4647
6301,3982
6110,2207
817,10193
6388,141
3836,3860
4955,612
4374,2607
9338,5767
10596,6333
9832,12284
2096,8351
852,2054
8736,8719
6723,1334
1064,4083
7353,6722
8816,738
347,8231
8416,7582
1211,1885
8889,109
1058,4918,2326
10533,2925
7473,1618
4905,4049
2669,8343
3657,9249
7776,2321
113,8372
11528,9242
11096,9094
8992,7784,5453
532,7662
5561,7351
3545,5986
3738,3942
941,119
5417,6734
2066,9915
7489,2929
1145,7869
4115,6782
9956,8565
7938,12115
6676,8726
6275,9813
6305,8733
1969,9559
12476,6773
3340,12062
7194,10043
1137,12191
1048,121
8193,5188
7201,11774
5859,11676
3848,4806
6292,2782
7054,8006
12240,7648
6000,1634
5147,2359
8884,2534
3265,5603
4514,8830
9835,125
7224,751
12333,5311
7553,1522
9824,7593,1563
1474,1367
8689,9483
8786,5310
2580,1431
10250,5925
9905,9111
1282,10478
7607,4543
3427,9723
2744,1532
7794,134
2547,1399
9821,4782
5593,7203
2339,1085
2649,7279
3780,11822
11188,8958
6125,3237
472,978
5882,11327
8874,6886
10938,10141
11864,11236
9715,7109
1466,4139
2760,7245
8021,4895
8700,8703
4824,8852
1083,6367
2161,6086
8071,7175
954,501
4164,6311
7506,4979
2291,5335
6128,3593
6836,7518
1297,7757
8465,5122
7836,4031
4584,9619
7560,9603
10739,340
4761,284
6480,4675
8344,688
6976,10342
9400,5777
304,2052
4547,6158
3522,9003
5520,4238
3521,3175
7843,996
645,3046
9402,8190
784,4108
6100,11383
1403,9543
1352,827
6584,5493
9064,425
9697,4469
8996,1799
5312,151
6436,8182
7739,252
9058,8916
2068,4015
2257,3862
10324,9357
5905,7381
1386,3212
8685,9039
6497,8493
1464,8675
5554,9627
3148,4590
6930,9396
9013,8535
10112,2469
9690,10116
5136,2238
11144,3341
611,9341
4692,8229
7948,11796
9819,7700
2567,7959
7313,365
12125,11959
8697,461
7505,10444
7410,135
11432,2268
3779,4972
11584,11246
6862,12079
11102,2462
1602,3767
7912,12754
2329,11610
10823,11103
8860,8375
2404,10030
2617,9629
10194,9012
10808,11669
10042,10483
7227,6499
11089,10838
1968,4360
11369,11126
11817,5054
3122,7987
8912,12449
7993,9820
8450,9763
12270,12422
9168,8692
12712,4597
9648,12597
10915,12515
12803,11895
12467,12372
12481,11594
875,2589,2981
1996,2012
7626,8557
9932,4558
2610,6978
3952,4160
5435,8612
188,837
3069,8839
9849,6182
3059,2357
1882,1250
8219,4079
8082,2564
7017,5157
6091,4047
2594,2998
9978,1124
7171,7110
10481,5377
7755,5815
9608,4206
8856,8390
5280,8999
8645,9406
9826,1342
7386,5775
2718,7678
10352,10321
3602,1335
7683,11459
11802,8708
9949,11117
12108,10717
2178,8998
5129,5052
720,3610
8096,3484
12613,7694
9155,3108
11984,12044
1040,531
5689,9874
12010,8227
7421,9583
11970,9150
5358,9791
920,8263
12225,5756
3091,9436
7448,6036
11541,6014
11360,6821
8913,743
10568,9480
12780,3636
11273,11260
7240,3323
9377,9575
6872,5578
6922,7759
9818,7117
12401,10846
7887,6815
3881,7686
6542,10743
2754,518
11098,2316
3193,8247
898,2634
7939,2988
7184,1183
7716,11580
11480,7537
2647,4623
6553,2372
8459,1046
9545,9129
9866,9412
11818,10620
9636,8853
5700,10756
5225,9569
5899,11671
10322,9844
11342,7270
6538,9709
12066,575
4354,9982
3355,11845
11204,12021
12185,10508
10338,8276
10816,8651
8242,11134
7020,4700
7096,6851
9687,5647
4876,10509
10318,3199
10062,5887
9309,10559
11329,9071
3056,4400
6252,11293
5811,7807
10749,4967
3080,3679
8921,7349
9924,5838
7329,5982
9373,11647
1169,6859
10771,10447
7447,9823
8120,11337
10353,4046
9426,7380
12242,11182
7499,8829
10289,2532
7630,10279
8265,11074
11042,12356
211,8725
4836,7407
8523,12709
11749,10079
12457,7207
5538,5719
9160,6546
11010,1694
9592,10134
10171,5861
10920,9865
9920,1213
11230,2246
6958,5406
11240,11484
10581,9653
4705,10813
2665,5693
1384,4402
6985,11948
9634,180
1222,7879
12330,10351
9539,11237
3275,7556
10211,1348
9455,10103
12667,1351
8966,5407
5858,12493
639,12055
10536,7530
10459,8111
7768,11988
10764,11511
10986,10995
10845,3605
7635,11261
7561,11917
8451,11799
11811,3579
1393,11332
6403,10063
9910,10438
3464,3507
8035,9445
10712,974
11283,11406
10094,7239
5679,7359
9024,12438
3283,10102
9775,10807
11016,12005
7587,11053
8834,12174
10264,12605
10329,8358
11370,10774
11390,9366
10449,12255
8832,957
6792,10224
10130,10614
11600,12397
10441,599
8252,12111
12324,8164
10249,7644
11373,10166
508,12159
10546,9284
11064,3817
11345,11007
12145,11251
11785,11028
11728,11324
11312,12233
11843,9495
12603,10101
12237,7046
5966,11358
8507,10901
12312,6750
4019,11446
11659,9244
10768,9037
5161,9621
10849,11254
9427,12599
8586,2734
11847,9903
7165,11949
10152,9363
11850,9059
9913,10106
6098,12307
10047,9263
6189,11854
12088,8057
12435,2803
10048,11151
3541,4774
10073,11249
408,12714
10553,11391
11568,7003
8534,12070
10164,11717
11969,12006
4105,11458
10061,10895
9880,139
10410,7876
888,8365
2248,8286
7832,6650
9091,11935
12201,11122
7370,12343
7760,9965
9810,6875
7361,3334
12196,12463
11666,11052
11739,12195
1744,12741
5388,6743
1088,4291
6897,11989
10484,10037
5646,10887
8988,8701
7921,4358
9275,7311
9140,5972
12512,4899
5266,11611
9675,5380
11427,10436
12178,8435
11557,9175
6291,10789
12299,11158
10219,10662
5194,9927
9739,12309
12316,11679
11522,2844
12402,6131
8904,7395
7865,12813
9665,12775
12193,11514
9645,12406
12795,11558
11813,12390
11640,9961
11562,2293
12542,9895
7569,4959
10892,3519
11297,12214
833,5237
12114,10373
4904,11807
11834,8165
11952,8613
7730,10949
11218,9991
11435,12612
7762,12830
5515,9493
12522,11047
12281,10022
328,767
9578,12004
4472,11097
11576,10209
12640,7235
5426,8204
10576,10598
12784,4244
8354,8910
11859,11605
9162,11867
11437,3303
11963,11070
12547,12052
10683,12735
6794,2923
5676,10759
12762,2119
12371,11311
12744,10031
12057,12507
12498,1901
5576,10933
8875,8556
7698,11771
473,6965
9497,10340
9281,11092
8617,11524
9916,11359
11400,8043
11544,6704
4987,12567
12604,12806
4352,10210
9712,11340
7433,12746
10421,12774
6653,10157
6475,10991
12802,9788
7551,9415
10836,12109
11992,7655
11772,9804
12235,11654
4187,10179
11803,8775
12699,10477
10531,6902
9134,12287
11955,2061
12176,8978
8485,12518
10827,12092
11733,11710
10905,9101
3956,11622
11140,2871
7457,3804
12458,6435
9576,11998
10875,11219
11699,12135
11929,10830
12056,9393
1033,12583
11965,5039
8928,330
12227,9389
3746,11629
9857,11306
9776,11121
12772,9735
5154,8118
9457,6023
11841,10889
12624,6959
9352,12677
11563,11725
10899,11119
10715,6973
241,6206
5334,3063
9113,6179
10204,10572
7498,3210
12537,11291
12032,8798
12546,12398
11330,5350
10632,9677
11443,12063
10074,6684
9176,11163
8729,10413
10472,11023
10200,11851
12723,10309
9329,11957
11481,9718
11760,3857
10060,11903
2761,5534
10002,11716
12200,8537
8501,12325
8716,10445
10408,10127
3907,9286
5618,11940
10246,8423
11786,8541
5672,12573
9707,8683
8905,10710
10976,9951
10050,11743
7425,10082
10984,844
9067,1813
9689,7917,1263
6509,7445
7819,734
7674,6823
8298,206
3053,7862
5106,9748
1044,1990
11925,10814
4490,9556
8235,4303
145,10092
9061,6981
12793,11835
12354,10158
9280,2306
12305,5878
4840,3822
2458,2091
6488,1511
4309,2702
3161,5141
1389,5446
2444,3078
8424,3065
6525,3222
5017,5946
7000,7995
4938,3179
8317,7839
9057,10515
147,8605
4460,6871
10681,9901
8136,999
12365,11006
9505,327
5450,4844
1443,454
4704,3509
5507,4334
58,339
187,9870
1106,4957
154,4525
4945,8402,884
162,4579
9041,869
2618,3934
6109,5797
3282,5508,2694
163,3101
5296,2742
2323,855
1425,3074
1289,973
665,3098
4793,4325
6336,9230
6752,9666
173,10855
8864,4818
5584,244
3490,1850
409,10286
9984,1378
5173,2661
182,935
2032,5881
9420,9453
2907,7503
2110,3502
8923,2124
2984,6694
4225,6214
5076,6812
9336,10529
10197,1935
5152,9536
4051,12061
736,7261
4312,2977
1216,6438
12106,5575
5219,9047
5120,10178
9728,7233
3768,6455
5889,7404
5715,7795
536,8233
6245,11382
1937,8753
7342,6903
10763,6510
7466,12483
6956,12308
12528,1915
10923,12302
2862,8974
8571,8542
9270,8655
12745,5347
12629,11543
11008,12039
6664,12408
651,3117
10896,10709
4186,5847
3096,11954
9387,7430
6458,2966
11787,3867
11380,11333
2457,6178
10713,10691
2409,3291
10284,4550
10251,12443
11880,12023
12713,10145
8722,2911
11750,8862
4924,7918
12761,12738
11179,10948
729,859
2553,8802
11745,9076
1913,7611
4641,5562
6825,11107
208,11833
8738,8739
9240,7293
9601,12446
3354,12451
11473,12726
9720,11709
10753,9812
12464,12167
11770,11877
10584,9783
6908,7631
1985,3853
9960,9803
5437,213
584,2549
2488,8033
4530,8134
12128,3938
10601,905
9658,3028
3352,6122
2160,8854
8598,9702
6879,8759
9683,12814
10835,4470
9260,11479
10427,5677
11657,9831
6259,8805
1905,6116
10475,8166
9544,9028
12740,12229
11852,6741
5705,4717
4488,12615
12692,9911
12141,11502
9283,11782
11513,10215
11909,12015
12908,470
362,8047
1306,4124
3649,236
3032,8215,8400
281,7859
6884,246
6928,4655
2081,3668
676,1791
5637,3606
3412,10077
4219,4222
3314,2771
4656,3551
2562,2147
292,3309
4473,2139
3371,2311
4629,6470
3418,1101
3298,3813
8865,2627
2152,8239
3451,4708
2165,4535
2722,2115
2171,6235
2347,2157
6400,3508
232,1580
9660,3852
2578,2639
2513,4356
2628,7255
6057,6874
3217,4130
7800,2749
3241,4357
6827,1135
2674,1794
2397,9542
254,2487
10848,2692
6153,2405,1614
644,5541
1771,8439
9466,9123
5389,8455
256,5139
929,1855
1696,1225
1518,9367
2301,5975
1258,9196
2401,1711
2312,1277
9172,2285
5418,259
1682,2838
6136,6236
5115,1523
9468,7213
3728,1281
3302,9279
6440,4433,4080
6210,8471
2400,7273
7408,1014
5545,3685
5624,3901
7388,3239
7860,3446
6276,3998
8339,3254
5842,4883
7801,7981
273,6995
5594,4666
916,7972
5481,3346
8032,5621
546,2615,6639
5213,9397
9063,7423
7299,7127
8937,7726
1547,9717
9787,3748
7145,11658
3921,881
5833,3870
5474,4667
1009,2839
6905,6805
5698,6854
2747,11438
10008,2511
5961,4025
9239,2111
2028,2845
4389,4783
9054,6343
10161,10381
7643,2269
5976,8426
4117,991
4852,5798
9968,10493
10926,310
7152,7771
8742,4430
856,11314
2314,9623
10488,4921
1188,2436
10110,663
8925,2879
1587,9349
8714,7636
2056,10255
4811,10494
3916,285
1612,8567
8520,11363
10578,9779
2256,2134
10577,8079
3348,7647
9219,8964
10137,5051
7804,7247
8202,10510
9164,2908
10952,4730
11104,7699
4800,11767
12756,389
11688,12105
12116,4684
11913,4604
8072,8841
11266,10429
32,291,1027,5475,4071,13
3104,2533,6
4677,5239
1233,6838
11827,10349
12600,5511
8115,3614
12321,7870
946,6892
10518,6775
11540,10006
7332,12126
3864,12282
9409,9182
8563,9607
5165,11222
1630,8654
4552,9894
5032,9837
6083,10583
296,10917
6072,10407
8664,12149
11288,10239
11032,10802
12304,12283
2437,10766
9746,9372
8930,911
7752,11431
11308,10556
12203,12244
12499,9203
12809,12041
6699,12527
11250,10972
6938,6202
6384,2653
7389,12407
10819,12663
11136,12385
10440,12033
7393,1999
3635,5550
7956,4445
4009,9282
8440,1069
8384,1179
6200,6124
1797,6391
7718,9695
6832,9635
312,5744
8456,2784
7283,6533
8898,5414
7009,4155
7164,7815
2604,2677
82,1196
2777,1543
2035,7814
1872,6611
5323,7615
1421,7183
7034,7308
7979,7823
4804,998
322,3837
2112,5098
4242,9052
874,1655
569,1505
7153,6143
7900,12165
600,6026
1875,3835
6139,5390
2386,9547
571,476
4192,6984
3732,1622
9321,6278
11027,8484
8691,4982
7347,326
12192,8880
7558,10487
6963,8951
4658,9458
10535,4087
10953,9062
9395,12790
8758,6783
6707,7606
3588,829
10792,10970
7496,6578
8184,10038
3313,6777
10633,8511
8161,6450
5512,9174
8418,5867
7808,10214
11044,9494
10354,6317
9268,8709
9784,7969
3681,5866
11693,6686
8386,11299
2185,5220
7857,9139
10296,436
12448,12012
9842,1983
4142,8431
4382,10735
520,10909
10128,11132
9897,11907
7428,9142
10504,11581
9729,3898
11232,10294
9747,8678
11788,4023
4625,12650
10548,3189
5648,9889
10011,10451
7016,12452
8476,8223
9928,3707
11396,11820
8688,6601
8915,9255
9553,12194
11137,7756
10724,6519
9892,12349
10089,12338
12680,8879
12403,6084
8112,4198
8785,10945
9914,8646
11114,578
10496,10677
1939,12069
10432,11519
7595,11916
9736,4953
4710,11463
9759,11063
12832,6814
9713,11125
12482,9762
11105,3157
12671,8831
11494,7863
11918,4790
11393,10405
3682,12770
3874,10839
8836,11871
9786,12771
10618,9271
3632,2971,5710
5516,1678
2465,10975
9202,8734
11157,334
9530,10198
1029,9511
11171,11468
4785,5140
10603,3557
8552,11465
4362,5653
2688,9678
7880,10944
2250,9187
10811,6279
9512,10902
3824,10812
5632,11037
6290,11035
7660,10982
8353,5015
9936,10377
12654,9222
5144,10922
4501,5686
2354,3826
5537,4307
6626,2467
6606,6166
7992,4926
1659,1156
7901,5582
4017,4255
8018,1919
6624,5549
130,3772
7529,7002
7004,4887
4194,7501
5932,1286
2353,8282
3996,4311
2243,3156
7740,7461
4768,2380
3690,6447
7302,6806
4041,2294
2473,9006
9120,1654
2296,3897
6256,2170
6082,8748
356,8399
970,7301,7061
5236,9742
10174,10087
7048,6766
1824,6144
680,9433
3009,4620
1373,359
445,8807
3169,5492
2402,10770
5523,11069
5001,11914
7658,8387
10898,11423
8009,7161
2681,12279
6576,12067
11617,2796
5357,11926
10019,8891
10925,10149
12216,12173
514,12782
11009,8657
10490,10319
3724,8214
6408,4479
10020,3277
6281,2218
9106,4367
1792,6192
8105,2987
12204,1062
10336,4227
9499,363
8746,8918
4848,5398
7336,8933
9234,5275
2824,10532
6449,2251,8407
942,6910
6474,7292
5181,5846
3465,2230
6898,4221
6793,5970
7603,9334
628,1509
5252,9751
372,7623
9267,12551
5101,6431
2768,6471
6003,8039
2670,3215
4652,2455
7378,963
378,1247
2645,3350
7144,1808
1516,494
3736,2300
1944,2082
4529,10254
5298,5933
6678,1615
6755,6027
6669,7550
5521,6906
9554,1750
5372,7319
6529,7677
5569,2398
3367,1671
2420,9460
4082,6366
4993,9413
2419,3861
7649,2252
4732,7077
1971,10956
6802,2086
3734,8838
1598,5831
9841,399
7531,7526
11921,422
1353,5721,12730
3401,4563
8669,1173
7041,7191
6924,1086
8640,5931
1812,4229
2859,5197
407,9967
6147,9639
8393,9117
12619,3190
924,6395,6244
8504,4170
1576,6323
4706,548
1621,854
6385,1691
893,7422
7307,3260
9070,4135
2752,6807
10443,7844
3977,7903
11755,9596
6320,442
6733,2927
3316,1430
8687,719
1259,1141
4208,722
7954,2540
1113,882
1653,2374
5985,5915
5754,7093
2435,11700
8472,4154
1390,6103
2201,3789
2258,2798
5626,1667
10690,4166
6020,7798
11184,2434
11840,2071
9851,6079
752,10523
6635,8107
1988,2654
10369,7278
467,9725
2818,11199
8457,9703
9011,1197
697,701
2872,757
1309,7405
2090,5476
4066,5812
8473,471
3363,1149
5359,1573,7039
2612,573
1468,6485
9233,4076
1155,4646
5028,4916
4174,4687
9379,4814
10280,4161
2235,486
7963,3495
1526,6095
8760,4063
9811,3742
6721,10605
8820,6581
1648,7542
4794,10115
6675,8406
5907,3405
9953,5623
4538,11942
11849,11118
10096,9868
9976,6501
10784,2337
6270,863
7476,11599
6625,779
12266,6671
11857,9765
7435,11789
12250,10974
8672,4349
1096,4555
1194,7010
7525,5854
3154,3628
7892,6780
2361,4526
10765,2662
4601,5979
2894,3695
1006,1095
2769,8029
4475,7566
4094,8662
3739,5782
8396,7086
11810,5991
5376,9199
2057,7620
5234,5891
6076,4509
12064,3165
4513,11526
9825,7791
4387,12611
3643,491
6536,11049
6459,11357
9521,10017
3892,2727
12241,11655
11321,11981
9672,5671
10611,10014
6682,4485
7290,7413
2793,3305
794,306
1450,50
892,8596
2186,1165
6516,503
242,679
8337,2569
8225,5078
3481,3771
5884,1253
2913,3434
8611,3205
8840,1091
3344,3473
10257,2957
660,8791
8544,8877
1172,1190
80,158
1208,5897
523,12095
10113,3587
10216,9572
6464,9883
11402,9469
2521,6314
6849,9850
5088,6607
6327,3711
8288,540
555,7078
10456,10003,6150
785,1491
11695,9503
10649,2265
5489,7637
10761,7426
4820,10847
8218,8668
545,10878
3072,3503
9504,3478
1362,4068
6160,6679
7721,7181
3574,559
4492,9252
1873,3550
7172,4671
2322,2310
8661,12151
9800,2272
2561,4533
2330,3155
11729,4715
11176,10539
5322,11212
4779,6108
2485,5486
7520,4293
11625,10124
8075,8604
10099,5830
6328,12054
5495,10247
8330,9476
818,1499
4446,5943
8696,4305
3369,3110
8024,10861
7001,6687
563,6071
3482,7211
3619,5845
7945,1079
9274,9422
3226,8549
9424,9514
11673,5356
11826,6987
10565,4615
4053,7103
4787,11407
10962,9215
7904,2001,7178
2717,4607
3792,2809
1793,1582
10120,1976
9577,6582
6286,1687
3160,3718
1490,7535
9235,1807
8352,5599
7170,10315
10987,11439
4944,5443
9612,5069
8155,10140
9035,5110
9232,617
7708,7910
11869,8861
146,572,622
7193,1494
8643,11731
1779,2047
290,627,7885
4889,4613
3145,4970
1404,8341
7504,9710
6784,8297
4707,10461
10864,8770
1472,4986,344
7712,8122
3061,5934
1273,6262
9987,5307
5513,27
7076,8477
934,630
11651,8238
3216,9399
12456,7400
1104,7709
6808,5111
3170,5894
9226,5902
6716,1718
5774,7743
8993,631
6308,4974
7346,7254
8000,6574
6374,2439
440,7223
5249,5949
8113,5651
7697,5795
1640,1331
5168,3211
5083,7215
1160,7687
8610,5571
5123,10334
633,12180
3347,10419
1382,6015
169,2045,4205
6824,646
450,108
3524,6614
3985,411
7288,1127
4176,3186
4568,9193
5912,650
1337,174,4639
10018,6852
11011,3799
672,3543
8099,4239
1804,5126
3937,3487
4178,4147
1193,4060
4112,4020
9600,8525
11168,5793
9754,8258
2318,10359
9125,3973
691,8380
6394,4581
1784,5351
952,11263
11569,6146
4287,10799
9513,11839
10437,37
11626,11031
5211,693
11924,12828
12187,12662
4795,11172,695
1360,4565
5221,7167
3900,4749
7128,11650
1276,1669
10636,4725
4012,3647
3801,2324
8051,4326
5459,3483
12376,11994
8085,3717
10537,3245
10625,5853
6659,7436
3106,9517
5955,12238
7552,11769
11002,7527
3208,11578
8306,3516
12172,9935
10497,6234
10066,2766
9104,9714
12425,12500
1232,5588
4144,4165
4937,1503
7666,5260
4915,5316
3866,5487
8705,2412
955,9790
3525,3103
8468,8606
10021,7991
11113,4270
714,9986
6654,12415
11644,10431
2948,9295
5216,2910
482,6399,2679
2212,3325
5544,6996
2696,451
7962,8295
336,7980
5080,5201
5257,4842
6508,4943
724,10990
6888,6882
457,7019
2336,8268
744,4893
6975,4759
1912,4954
7281,4274
4802,5514
2946,7971
4149,4278
602,3983
2890,4351
1354,3206,6702
3025,6477
12035,1581
7052,749
4611,927
6294,887
10053,5622
6685,5742
9845,10526
7758,2735
5227,11732
1112,2450
6724,12679
6818,4595
2849,10236
877,4645,349
8154,8310
7050,7742
7056,1592
4465,11781
6826,5565
755,5462
5580,3981
2203,4380
2675,9525
11993,10903
1204,12198
3209,6031
5596,5103
3330,3142
1817,2794
5769,6019
5995,2221
8089,12076
9236,1895
761,10323
7665,5989
2226,2606
5282,10078
10978,2583
3002,2038
5992,2494
2010,9861
4683,1372
4496,1747
2518,375
176,2113
3764,2445
595,1422
1300,4109
1716,2060
769,4429
12579,3332
10348,9262
10722,1035
11723,10740
8641,10045
3152,7927
10000,3441,5149
2153,1948
2411,2623
5072,2875
5944,3377
3187,3420
10032,3229
4859,2951
3086,9535
10409,10731
9496,782
7570,1637
1600,9700
9673,10773
12665,7705
11115,10235
3328,5091
10801,3039
11424,11076
11164,6398
12160,6170
5540,5222
7190,9487
11808,6265
11304,12421
12765,12286
3123,9719
7129,7028
7037,5245
3865,6180
2994,6142
5870,6351
786,1639
6453,7031
4816,2560,2495
800,7856
835,8103
9604,8028
438,1470
788,4549
2960,8117,4781
6521,231
2678,7942
1008,8003
11265,9939
12465,10172
3539,806
6227,10879
4776,4858
4769,951
6768,777
4114,8781
10430,391
5457,401
3281,8004
2854,839
2955,2245,7094
556,614
7874,8986
7548,1142
9090,1138
5256,2466
7515,2227
3424,8711
5633,10206
6163,5919
5490,5716
7961,5586
9922,4339
3296,9891
5354,6878
9853,7199
4078,2302
5482,4733
7628,7790
11665,10579
5348,9038
11116,861
7089,6476
10345,10511
3680,1782
8196,8429
11588,7021
12488,6520
10530,9292
12353,12739
656,642,8989
885,1599
4716,4564
1340,4279
2431,1479
10306,3818
3945,6692
4809,7895
895,3919
354,2621,5271
5473,4940
945,5262
5400,2508
2530,3252
7450,6550
6569,1756
6490,8363
6289,2481
7955,7363
5901,7495
7523,3127
5352,1970
5601,6274
9667,10541
4985,7269
6580,3060
8123,7812
8313,975
7360,1480
5938,8010
9098,6619
5243,2109
4722,5532
6052,7382
2833,3755
9361,900
11456,3284
7469,7206
1067,3935
3218,2724
2632,2298
1240,1778
2432,1822
9086,10831
7414,3335
2792,5274
3026,6791
901,4798
2852,4213
1153,11542
12363,9053
4901,6207
7781,2566
12409,917
3928,12644
6113,6006
2211,1229
6603,4879
6300,3719
2657,926
9472,6637
2470,5375
2363,7796
11546,6539
4038,8639
7696,3022
9152,7853
10458,4306,506
3553,3599
8745,3213
944,6726
4544,3930
7328,5556
9768,3267
7177,12355
10346,8037
9761,11313
5843,7116
11483,7166
12698,10791
5945,2811,2775
9966,950
7746,222
5608,1400
1488,6025
2889,5203
4434,3150
1061,294
2720,909
1856,287
981,9302
248,1898
6048,4861
8409,6175
9994,6253
2107,4739
6250,3342
10028,12182
6133,3894
2477,3015
3129,5758
3321,8698
809,5606
3073,2791
1650,3084
2042,3166
1416,2399
3324,5151
2891,1102
9465,1409
8595,2493
992,10202
4546,986
9016,2475
6864,4282
3537,11279
3766,2967
1440,10612
3411,5573
6742,1303
2281,4061
993,5940
10828,2598
1162,62
1209,9207
1448,2223
9446,10263
582,1151
6433,1914
4050,690
2638,5471
2240,7494
2200,7132
4427,3173
1827,4878
4123,1405
7352,4316
6232,2222
6217,7276
4825,1402
160,3915
1610,5924
7609,8564
9827,2214
4734,5230
5818,5277
6282,1412
1657,483
2282,2140
3912,5531
1002,2156
1467,7174
7770,6555
475,5604
6577,7881
7416,6761
9128,7391
5787,7974
9122,5718
3592,5299
7733,6557
6378,2867
3968,8150
4072,9999
3201,2033
2916,7838
6416,8371,6397
1090,2823
7634,3500
8121,2004
3642,1018
2441,4932
8147,4190
8730,1230
4277,7671
6590,4598
7225,2449
10034,658
7392,525
4698,1773
1876,791
2253,4055
7968,7549
6969,10252
6380,1725
5857,7847
1852,3470
2787,4231
6513,1911
1020,6829
1417,5962,3807
8547,3366
2072,3962
1026,1588
982,5751
8461,7565
9184,4058
8496,529
3448,1445
4162,11338
6885,7366
6040,2715
3372,8102
3361,11999
2024,7663
8153,2414
11209,9795
9201,1515
8434,10291
11977,3373
4084,6126,7748
1754,5454
5914,7195
11763,6430
3300,1053
3040,4134
8845,7030
6352,10059
2309,5295
4763,9118
6050,7114
1147,10275
10466,10860
9593,9362
1859,12598
6858,1060,623
168,2563
4711,3699,8287
682,3442
4286,3631
4592,3646
12017,1068
5209,11698
7642,2629
5073,5215
1862,7583
3786,5635
2585,6148
6225,332
6482,6709
7176,6066
5460,2039
1074,1365
4673,2278
3057,10331
11198,7830
1726,8991
11697,8658
3961,7516
5061,6363,1955
4393,4695
2898,746
9996,3622
5308,3398
2912,3164
3995,7455
1866,4867
7449,1539
1692,7676
11192,9407
12306,9814
1081,9075
7866,12533
6312,12620
3436,8421
11210,11639
4608,7364
5270,12103
2800,9738
7976,9428
9940,10958
12024,6534
2144,9005
1099,8580,741
7931,3964
10068,6173
11322,11294
6346,5610,1620
9777,4442
178,959
8,6104
6673,1339
1228,12077
4300,5510
6500,11414
5162,10844
149,1110
1084,6230
9752,11455
3993,9708
5765,10183
10474,12036
6075,12118
7778,12732
3114,11229
10728,10007
1116,6174,6183
2051,8367
4517,4151
1016,2572
2219,4796
6105,11398
8048,4778
1513,4718
8562,9078
6466,1189
8868,8518
1122,2524
9580,1918
1248,7864,655
12288,9171
7232,7081
7576,1143
1146,157,1519
7418,11645
7289,1463
6089,1243
9533,4126
4500,9981
3882,619
226,9116,2182
7456,1150
6172,439
4232,3563
1492,5037,2893
1408,3820
9418,9590
7139,1167
9297,7059
8224,7135
8808,2840
6850,4359
8873,8803
12074,1301
4561,1436,3889
2765,2590
3497,1841
10906,1175
9096,10317
2497,10278
6955,5035
4252,7735
6058,6167
6531,2660
7125,903
393,6419
1830,1967
1284,3364
1736,8073
7377,7146
5753,2778
5392,4331
5629,5391
4256,5059
3908,3415
2492,5094
5458,7043
5548,6415
4419,811
1177,1265
2065,812,1765
2002,1998
1989,2582
2905,6268
3706,3071
3004,6749
4770,7619
4660,5319
6860,4493
4875,7013
2672,10148
6585,4946
3147,2559
3064,4111
1202,6373
10040,10388
7437,2438
2136,7067
4450,2267
2643,4454
6224,3671
5747,7975
2490,4567
7208,5259
10299,5627
1429,3823
6597,4686
4515,3709
2346,3023
3392,7641
4963,2830
5408,2447
459,6991
4949,1206
1699,1645
8179,4829
10121,4693
5384,4262
6008,3725,6600
1004,9727
11874,3959
4016,3757
4713,3683
5416,7126
3474,3788
6540,3262
3565,5749
3720,5770
5170,964
5712,9055
1217,10428
1674,2215
912,648,886
4632,5993
6389,2919
6932,8293
754,4789
8652,3855
4436,341
7226,8364
558,6414
1219,8694
4499,3621,4118
3472,3119
10597,2973
3559,3943
11154,4091
2886,11191
11216,3722
4210,4070
4241,3686
4044,7588
12098,10550
4737,1242
6114,9482
12400,5661
4237,5166
320,3018,1103
33,8055
2832,4494
4249,1246
4045,10775
11793,1299
553,4754
3269,6190
1256,367
5673,9567
11146,5598
4125,2423,4103
1624,604
156,2030
1322,7750
5778,6853
1584,1267
7538,1663
2931,2515
8321,5804
6666,9293
1701,2575
8481,1269
6011,1820
1707,8589
8627,10332,11766
7138,8870
10544,1287
5002,8285
1321,4284
8389,4925
9288,10350
2552,8016
12496,6739
6809,7571,4661
9896,5008
3457,6543
1311,9303
8098,1381
6833,7690,2901
5306,10283
7379,4451
1554,8653
2624,1312
848,4439
7640,6364
6424,2972
6491,796
1320,3430,1359
708,6220
699,9044
9320,4542
324,8479
99,1231
5409,1315
2592,7813
6044,7069
3618,3573
4480,7090
5874,90
3248,10779
8941,7485
3469,5879
684,6988
8849,5172
3658,9805
5786,11892
9946,1316
217,3847
1594,11187
11224,2102
1327,5911
2242,2813
5784,10414
8001,12234
1904,1867,6062
7458,4474
6369,4375
3611,5806
4212,8871
5809,1572
152,847
8187,8926
1356,5669
2836,3926
5289,11404
3385,5313
7257,4805
5577,7115
3445,4999
2697,1586
3675,8740
4682,4319,1319
8866,9862
1720,7713
9506,4486
1369,3007
2048,1800
4633,8942
9049,4877
1129,1370
1187,5997
3808,498
6085,9109
5075,7396
843,4572
5973,7150
1710,5638
5813,5055
2496,7513
2608,10260
6977,1364
4265,12150
3137,10420
12384,7586
9264,4098,1037
220,9997
2673,9194
1374,1846
9097,4095
5278,11983
9941,8581
11539,10023
11555,4771
12060,4559
12331,3455
11000,6644
6296,12649
8240,5497
4891,8444
7209,10641
1414,1647
8448,5019
608,5284,7148
5250,3030
8346,4643
4980,7886
7914,5735
7841,5886
8529,1419
8249,3990
8761,2652
3450,6442
4952,2393
5184,6077
464,4028
4281,2914,6316
2706,5909
8939,1423
1832,1941
1658,3214
3841,2175
8793,2903
2817,3467
2184,4913
1900,10100
2040,2482
2721,3263
9682,5555
4426,9031
2146,5268
4746,3906
10237,6263
4073,1749
1738,2878
5681,3939
6636,5893
9696,8266
4865,8766
2682,7702
11720,2860
5362,6586
2736,3899,2846
7217,1821
3796,2527
1275,453
9212,447
7747,3140
961,6213
7797,4461
2668,5965
194,9310
2208,7502
2620,9359
5419,10199
9291,117
3236,1428
4320,2864,5420
4976,1469
7873,10390
5000,1433
6392,7484
9595,3548
3416,5302,3135
1962,2390
539,1795
980,7084
2381,2029
6697,5877
164,1772
198,1215
8723,1140
4026,8163
1355,1524
2483,1453
2451,11214,1055
6993,6713
4668,6127
9449,2289
10571,8357
10386,10261
3721,1458
10776,9829
3120,4407
621,8294
3703,5639
8509,2974
5937,2489
8763,2655
1465,2500
3288,1986,4541
580,9566
1473,8767
8778,10055
10955,3054
6362,9467,260
1313,4102
5568,3403
4760,2199
218,5619
5682,5071
1347,2179
5883,2636
10,3012
12171,8069
10723,10669
10176,11065
11627,9335
11457,10169
10678,3062
5536,9620
4801,5410
1483,11334
10142,12183
12155,10837
8413,12799
7875,12484
3304,10119
10491,6518
10403,10005
11848,11388
12473,9218
10833,10979
10524,8735
11099,12251
8116,6757
8211,10687
9726,6535
1922,4484
12514,10781
3586,9931,4506
11038,3783
8309,2902
1538,7780
3203,4397
7754,10412
12921,12541
5317,4101
5186,10564
5332,10396
1542,8335
8064,5096,1406
4313,8135
5290,4823
6736,7950
9732,3829
2292,1557
7026,11278
6960,4556,3527
249,8851
1570,2274
5353,1679
7008,2786
2413,4863
3043,1902
3670,9526
643,7596
1568,5759
7113,3443,5254
7627,3055
3232,1917
3176,3273
3360,1332
3112,2671
1907,3181
3336,3047
377,3391
592,2556
2802,4578
1656,716
2723,3167
7412,1575
1272,275
1713,3243
2305,1252
1816,8284
8616,3293
2738,6412
7706,3131
700,1094
8503,2519
6562,6452
947,524
2939,2895
8731,3315
3035,3109
7816,1723
2491,1892
2740,1525
2366,8319
10328,1371,2244
172,10863
1623,9863
771,5527
3530,6883
1676,10325
7323,2003
7258,3375
6891,2637
4697,4195
289,943
3609,8013
8633,499
5104,850
4146,8693
4010,374
522,8822
1768,825
8370,7782
6753,1377
7267,1709
737,6738
5990,3471
5640,4459
11552,8177
3274,10594
7896,6461
6322,7333
7121,7390
1775,12071
11223,10607
10300,11046
11193,8971
10151,6530,6759
10880,8979
1776,11863
4481,6483,8907
7651,3317
1801,8061
107,2964
1845,10910
18,6526
10056,1616
1057,5964
616,4321
9611,10335
6313,6642
1861,8583
8980,6861
4589,10205
1936,9089
4864,7605
8128,1853
4379,2885
3731,2276
641,4627
8570,11343
4536,1953
6357,8053
2498,7394
2261,4679
5480,5183
1134,534
3581,1157
3840,6968
5178,9701
3200,7038
7483,279
6514,5483
7073,9630
6867,468
10226,9780
7218,7783
5664,4742
1980,12
2180,5204,1982
2008,7491,9021
5760,2486
7160,8783
9962,6319
1441,12300
11003,4228
2073,12231
6402,7047
5825,6839
5994,4196
6093,5726
7266,7229
2763,8774
5329,6506
1721,6589
8008,1291
5112,6009
3168,3613
6204,9510
3489,1796
6492,95
8289,1596
2077,6517
4651,7419
5896,5092
5546,68
5729,4398
1329,3925
6426,6701
1889,6370
6137,5967
6628,4653
713,922
5343,7063
4962,4519
8156,2933
2104,4340
11899,215
2121,8737
6196,11284
5683,4638
8185,4395
4416,6691
8376,9618
7040,11945
10225,11533
7385,11202
9440,9724
9980,12670
6911,1221,143
5522,2805
7356,348
2120,10653
3652,2132,3575
3408,1626
3763,5324
5397,3989
9304,4420
9307,6059
10090,9147
7944,10822
7157,12375
7691,7707
29,2166
1376,2046
3730,3244
2577,7057
6219,2829
9017,5202
4290,4043,452
3041,3076
3648,2195
8076,111
4392,6390
728,4696
4092,4743
3596,5132
4586,4245
3790,4998
3987,4431
3856,6043
3357,1310
6379,5733
488,5542
5276,5445
5829,3255
2224,6010
11129,5146
6920,5469
2642,10787
8378,9923
6324,10591
4642,5386
5611,8749
1770,2011,10165
1753,4942
1690,4370
9937,1673
5498,11348
9585,8532
2228,4870
8379,11663
10872,4694
2940,1589
4324,1839
1028,2044
4659,415
11579,6843
7163,11515
6371,11190
7467,4215
2968,5701
5049,2262
2586,6863
3712,2698
8491,8895
2953,3134,3863
6523,1493
3475,781
3802,3798
3794,6571
2619,437
8932,671
7314,772
10156,6199
2873,413
3595,3492
6633,5730
480,3126
7928,2297
8576,7304
10339,1603
3422,8167
9833,10965
3661,7511
6613,4261
5281,1093
3458,7294
1502,3655
8704,598
1722,1964
3891,5739
6568,8967
725,9214
2881,3529
4057,2418
6112,6288
6552,137
2976,6284
3776,6195
4753,2191
6376,1077
8752,3440
8480,3045
500,565
8250,2299
6986,7284
5240,4378
2338,2701
3834,2941
8360,369
9840,4220
3885,7935
8827,2396
70,1535
4681,2753
6948,3221
4988,2197
4808,8801
1212,933
2307,2605
5338,1571
192,2149
789,398
5058,2037
1777,1550
8014,8522,814
7536,2332
7724,6375
6205,7966
8441,5723
5840,6942
3013,7574
4288,2334
8592,6559
6961,12414
10217,6298
10473,3754
9305,2335,3295
4728,5403,3967
2570,2356
8824,1665
2176,3672
4906,1950
6819,4622
3585,1879
4315,910
3665,6563
8272,1366
6645,3638
3778,774
2856,10959
8545,629
1032,2383
1025,9755
666,2131
9154,4131
7818,4636
1387,7764
865,610
2349,1943
1921,1495
977,9245
3113,3875
235,2685
1945,1015
8810,39
2651,9773
10642,2350
5179,1934
808,1597
4138,4276
2714,6711
4143,511
5177,3678
2385,8893
8304,1829
3747,1452
4464,3708
1401,3251
2429,5046
4408,2826
2416,669
3992,3329
1848,678
3171,2843
2928,570
258,9693
1257,6754
8314,997
707,2861
2781,5405
2520,5563
5844,7452
985,2410
428,2502
3838,6303
5824,4522
2544,8152
6032,8621
677,662
3337,8244
6088,2535
4554,1012
5987,4605
4851,7684
10809,10780
3896,11101
10186,8876
10301,9558
6937,2499
3480,3884
6561,7204
9276,10415
2542,6502
1899,1606
5424,6295
2538,6893
8674,11975
6345,5279
4602,6302
7468,7055
6658,6663
4405,4726,2543
8478,1447
3777,1132
2069,8325
11466,5615
10755,7884
5036,4207
4520,2906,10939
1956,2596
2730,9221
1929,8823
10360,9637
10393,3259
9056,7554
4680,3233
5923,6347
2963,3038
8569,228
8712,9259
2613,5439
4346,3924
5272,9385
5117,2079
8809,8593
11059,2687
10585,9907
4329,11013
4621,1478
5785,4663
6612,2141
3931,5823
10416,9852
896,4709
251,718
5128,4966
4593,2114
7849,3666
2709,6511
5044,5692
5941,7221
673,6359
4635,7534
6779,5614
6013,3318
5060,3830
3997,5871
2884,5822
6803,8782
2857,4617
493,3005
7321,3887
11636,5174
5728,2395,7080
4931,1527
4337,3980
7592,1605
8195,8637
8755,919
624,860
5027,4399
9027,1039
4827,7070
5100,4989
4911,5119
5288,2728
4912,4171
1619,5020,1886
2557,2743
4872,4417
1888,2757,463
760,589
2059,1733
567,759
8349,7911
2148,8591
9033,316
196,2772
8944,2172
8169,3940,2205
10856,3404
8531,3669
6185,8972
1388,1438
8524,7478
2194,1551
1512,4495
1186,7027
8328,2932
1881,9316
4365,2644,925
3138,430
5163,2979
4881,9317
3936,7357
8427,2958
8059,11205
7803,6326
2378,115,7519
7325,2213
3633,5855
2991,5655
6616,2877
2099,7071
8226,103
9124,7197
4253,8109
4992,6795
4411,7007
8952,7486
5488,6087
6422,7711
2992,8303
2874,5294
1457,5063
6280,2085
596,7383
5010,6845
7459,6069
3011,6772
5788,4990
5331,4415
3219,4917
1224,5113,9730
9208,93
11004,8158
11778,4813
6929,8458
7341,4086
9313,10231
9918,9231
7296,4626
3024,3093
10954,11109
10858,6198
4634,2340,10070
92,3077
2876,5261,5551
2646,1863
11080,308
560,4847
5819,2006
5602,7051
4821,2574
4034,3694
10786,11931
2667,5500
8528,7179
9945,2382
6121,7973
9793,9241
6799,823
9331,8198
4441,6617
10826,8315
5821,2190
8784,7602
4815,5095
7546,8843
6090,3095
9492,6423
5752,8385
9060,7212
9200,11111
12273,10996
1865,1737,3159
4169,3285
4001,7767
5748,5007
7169,5442
3118,6047
5169,7852
8773,11662
3969,3143
5368,8144
7088,7828
7835,1908
1769,9484
2837,7085
2448,2173
6342,1703
7745,8052
10697,3162
1130,3419,6727
4869,5053
7306,5125
3290,836
7584,3272
6260,7999
394,8788,3287
8464,2105,1238
11169,10503
10760,9404
8962,7454
3617,9938
9081,3292
8466,12571
3859,4435,9518
11135,10639
3664,4032
5195,6627
11619,3294
7508,5935
8208,5499
3308,4933
6545,7441
3362,87
4896,830
4618,2087
1689,1590
1328,383
9296,417
3388,9501
6107,542,6151
7162,3999
1672,1759
4363,6797
4890,2990
8512,6909
5969,6605
3920,3396
11197,12310
6096,4204
1632,8291
9348,6325
4664,3466
7837,6935
2704,6187,271
1727,6063
8251,6677
11450,3674
9437,3510
8790,4527
8777,937
3850,6439
4042,6021
3027,3991
7664,6277
7793,5478
3842,8445
9573,4391
795,9205
3520,5851
12120,11490
11809,3828
10230,10543
11979,10703
10754,8970
4128,4322,6962
419,3582
6656,9598
5628,3741
6360,12059
10314,3564
3185,6155,3571
4424,5321
4317,5463
4056,2737
4348,1508
5591,8391
3141,543
2915,9388
5210,8124
2680,2900
3576,7897
1181,2959
2943,551
7913,1308
3432,3020
6657,1278
2922,4335
2934,3374
840,4121
6393,7334
4571,4310
132,966
6448,8019
2225,1245,3641
4884,3663
3676,3910
5064,435
6620,110
1485,8447
405,1790
5355,427
3688,10921,787
8961,4067
613,2799
8800,3770
3704,8902
458,3133
2537,1993
8452,5518
64,3814
1298,1628
2938,6446
3107,9908
7297,5789
2962,7141
4745,10505
3088,4385
2376,3207
932,1174
1100,2789
2108,4150
5464,370
4345,11631
3832,10398
11100,10734
3016,3765
2193,2026
8577,1235
3437,3534
561,8899
3306,3886
5034,3914,46
3601,7988
3953,3965
2273,2286
3400,6528
3745,5365,7415
4297,5231
4874,6420
5145,766
314,7899
6840,5045
4483,6094
1444,2358
1893,4199
4665,7645
5456,3376
5952,4640
7149,6998
3624,1774
5314,1819
5160,2676
1392,3554
3984,4251
609,2548
460,4318
1683,637
5264,3087
4948,1326
3955,4423
4209,2364
3136,5248
8338,2748
4674,3951
5198,871
3662,1758
7344,6193
8984,7983
3124,3326
5385,4267
380,1732,5494
8417,6556
3976,8981
6004,5916
3538,7253
7286,1439
9330,267
5024,4003
7585,3994,3756
537,3572
5950,6038
5337,8255
3904,6532
7074,5668
7068,5910
4909,6365
7042,3286
4812,2014
5048,318
3417,2484
6524,8540
8454,9750
5649,8463
2464,5939
5714,8917
4065,4004
5616,7786
1729,11108
3158,3975
4978,123
3872,6221
11500,4132
2129,2150,4223
2049,9158
7933,9527
9170,11575
10402,7107
4610,4141
8828,8326
11378,7989
11603,7427
9368,9557
10072,4723
8608,12638
9131,10455
12028,4934
3944,6407
834,2546
4145,1757
4995,7654
1076,4956
9001,6900
577,8750
474,802
3331,8300
3130,8780
4158,831
8776,9238
8257,8141
8848,4414,3031
1553,8383
2888,4332
4218,8594
4930,7142
7817,6949
6933,7575
5304,5849
8322,9390
7604,4871
5208,7930
5030,9430
3744,7763,4751
2641,5805
5484,2751
2601,5926
4404,1909
2369,8275
4027,4631
4699,6756
10851,2093
4259,5781
3345,4619,6572
6080,7250
7965,5477
704,6354
6728,6693
6353,4002
2352,5799
2858,6478
403,5695
1244,1092
5780,2036
2126,5327
4191,5175
6169,6847
6583,4599
3737,4654
4184,3815
5696,9183
7432,7340
3001,6222
1574,7470
4275,7228
4649,5387
953,2295
4736,1684
7112,3693
6842,6042
7465,6925
4005,1078
6307,3821
6776,5827
5505,1741
4712,8634
5988,1220
2187,7789
5504,8097
7490,3893
1065,8151
7029,5687
5212,7438
3883,7398
1608,7625
6608,5214
6486,3590
7320,883
6946,2348,1461
5713,6918
210,5108
8878,894
731,7367
7936,5525
6201,5003
7906,6332
4280,8221
12561,191
2689,661
4850,1562
8486,5127
10522,4413
8392,3577,1254
1992,9273
465,3486
3504,2788
826,5790
4456,10093
976,1435
200,8269
4467,7044
6674,870
6923,6164
8355,443
5764,4557
4868,1358
3225,1260,9926
3528,914
4612,5685
11556,8676
10993,12163
5929,8307
9356,7925
11609,11346
5963,11174
8038,9095
11442,9541
5241,3234,7431
6129,277
4838,1743
88,4929
4729,3843
1280,8222
6401,2684
1894,4630
8005,5503
1482,4347
4462,5238
5057,6203
3691,9108
5012,7670
4720,2,7309
5433,4283,4510
3379,4935
4691,5228
155,5367
2712,5258
6377,1295
3552,8267
7337,6267
1261,6309
3496,1120
3394,2259
5041,1611
857,4756
7779,7806
7958,2143
6936,907
128,7275
5570,7338,229
424,2443
3195,3854
4835,4910
8320,7883
4740,7397
44,5501
4224,6434,3183
2154,190
1762,1191
7785,1126
6771,52
4947,11893
747,1780,6405
7124,9004
12081,5005
11554,7908,2430
8842,1613
9975,6999
5102,6943
9912,6651
7689,6132
1786,3019
3950,6463
5807,4703
4744,4537
5794,6156
6186,9491
4502,4831
5043,5547
1651,5413
5109,6237
12492,8885
4233,1459,4381
3008,2202
3608,2055
1520,3327
2123,4950
8259,979
1890,126
5717,12405
9772,5143
10937,9206
1536,1642,5191
1578,6588
1171,2551
1858,2460
8987,686
1947,2407
9508,5286
5746,10378
1121,6661
496,2005
10673,10730
3929,4965
5065,3227
6297,6051
4458,4444
4539,4236
5297,5423
3654,351
4832,4900
6770,7355
4188,3644
4857,2780
2260,1501
1066,8699
4062,2023
3547,7967
2514,3677
1811,4107
4369,6655
6947,550
4748,4958
3556,4294
1530,2020
5553,1735
4792,1118
3905,5025
6800,2904
3000,3426
10994,2741
4081,994,78
5318,7934
763,8245,5326
7907,3029
10684,2501
8890,8442
5378,989
387,5124
739,733
4532,7492
8425,489
8825,8806
638,5422
8236,6102,3079
3626,346
3228,1871
5529,7151
6382,12727
4089,3806
3515,3036
1107,4013
2853,3750
3048,3468
2098,527
8940,3149
2920,3785
266,3871
4018,3710
9417,7581
3667,8615
8772,2094
357,5543
1481,2159
2713,983
2896,2459
3803,3343
710,510
2331,6670
1700,3349
516,7599
3307,8404
842,8412
5617,8395
8795,2558
8601,819
8074,12068
5657,204
1680,1931,1564
11529,5666
1540,965
1504,659
6869,2719
2505,6647
9688,5732
1567,10815
7986,2807
1984,8985
105,1022
8924,7327
1017,8815
10748,5750
3266,675
6592,2408
841,7118
8040,3970
5344,8220
2088,6913
8049,6467
11040,5869
11307,591
352,1296
7539,5772
11997,9181
8262,12263
4752,2474,1987
5697,9258
5251,7318
4523,1476
1052,9582
6866,4822
6258,1591
5817,8500
3656,238
3650,6099
5920,4585
5171,1916
1073,5667
867,798
4304,3696
562,4172
8420,8279
5704,3410
4512,634
5900,101
3006,5974,3591
8212,2206
2969,1946
1561,5918
2053,1677
8648,2658
1292,4566
2304,3202
4075,3429
0,2158
1318,183
2526,1071
9323,3645
1454,2007
8920,1163
35,6012
4159,12335
11460,862
3700,2188,3453
1324,342
9308,1294
4440,6479
2427,7155
7298,1933
8296,9681
6024,3913
6064,1361
11034,5023
5432,6417
2138,9847
3320,667
5105,7095
2164,5998
25,4855
6648,1974
5958,4583
6065,8145
12766,6615
8299,8796
9088,3947,8887
8812,8684
8585,6097
11856,11828
6881,7629
7845,9879
10842,8290
11141,7471
9867,11564
56,6130,3180
224,1635
9734,9127
7984,202,12110
6152,6683
9082,60
10567,6159
12553,5684
12228,10966
2209,2279
10446,2271
606,5711
7957,2062
7481,5690
6181,6558
6321,5566
1380,2325
5077,3479
1201,7147
8301,4518
4516,615
6209,8946
6696,9441
5572,4343
4841,6283
6411,6462
10608,2241,6310
6266,10803
7274,3979
5656,8938
1042,5557
265,5022
5026,263
586,3726
4786,5395
668,6413
5363,8419
4497,3963
2691,7230
4714,8388
8398,4263
4928,3570,2822
1857,233
3827,6652
2835,8631
2163,478
2162,6599
7594,7372
5620,166
6456,7878
6769,1541
8482,4350
2089,1997
9364,1965
6595,3749
5590,9998
4923,1427,4569
2216,6493
948,1604
4029,6231
11445,4830
8312,6667
512,9083
7262,2471
8256,7133
6120,6835
4689,3949,3271
1005,6917
4428,3174
6496,971
10704,2970
3459,3261
381,4575
792,170
3034,2428
4528,938,5196
3612,1565
385,6939
8818,3971
7932,1158
618,6951
9166,455
209,10714
61,7159
2808,481,8405
3651,2622
2019,20
6690,6223
1001,4886
4036,4797
2204,7214
2075,3390
3966,6662
1617,1685
3640,6848
3339,3247
3033,6157
5880,2133
10033,6330
5738,4902
8882,890
1446,5342
7104,7375
7729,1834
2942,1958
6945,2863
5193,6299
10114,9638
3477,1767
2918,2391
8092,6238
5665,1207
416,7680,1906
8034,15
3512,2137,3562
9766,14
11601,9669
7774,8614
8066,9988
5090,4531,5526
7251,6387
186,509
2232,5583
9489,2733
1109,6623
10232,6598
5229,47
4449,5116
16,7951
8170,11244
2961,6899,1302
4600,5983
2659,3220
940,2100
7475,3895
4409,4153
2841,4189
3042,758
3460,1031
9032,1835
7384,5953
3933,31
8682,3918
3370,10989
4505,8213
8679,3517,775
7280,6119
6344,1397
2882,5285
6989,2446
6138,8050
434,3452
9461,10486
6425,2127
449,6887
5670,3094
1164,7719
3116,1549
872,8911
7898,6074
9204,9188
5449,7669
1544,5081
5401,962
12445,5087
3715,5574,3431
10122,2579
3224,2774
1545,2983
2264,3365
9992,6437
