416,1635,424,3626,1931,1594,6395,2685
4067,1320,2096,1620,5241
5124,6316,2509,3863,1435
1090,1221,5061,454,1227
1960,1450,7274,3994,2331
608,739,6928,5656,443
482,808,1999,5365,3349
1472,2689,9088,3827,4058
5284,5450,4527,1042,2846
6923,3822,8371,4405,90
5541,9715,760,217,3807
2768,4689,1466,3228,703
352,6509,2477,4378,3135
224,4645,7109,3442,3700
4195,1093,5652,5045,4632
8228,6566,2088,235,8977
1253,1005,5526,3899,3133
1353,3914,684,3757,4080
4102,3211,2861,4501,3967
7494,7080,3570,2805,6133
5570,4835,4965,1324,7757
6465,6888,4139,4858,4795
4931,1836,3052,1743,4895
781,7634,1747,8440,509
2914,4932,1508,1461,4986
2537,4461,1457,1553,982
1230,3572,537,4893,5022
5312,4578,3174,1004,8848
260,4013,943,4433,2390
6210,2405,7627,1044,3131
7974,5294,1295,277,2232
1156,648,2544,8056,5884
2336,1700,6389,251,3325
4036,7019,8018,886,342
6276,2604,7118,4143,8471
2696,812,82,4665,314
3403,5582,3185,4883,2903
4995,1318,682,3215,8920
6626,3589,5063,8810,7415
997,8840,4874,3949,2352
3073,1989,3015,478,3551
7204,5610,5231,5591,4728
8588,4563,4855,988,4093
1377,4017,6418,1756,2207
2408,457,8268,4981,7094
3745,3873,2888,4493,3607
1888,2400,6382,7413,794
6440,9681,5145,4797,3071
2947,4935,2793,2508,980
9348,489,4948,1014,1821
39,4711,5302,6967,1179
2149,1896,4681,1493,2396
3234,676,5416,4276,3418
8039,2670,3951,5367,155
7712,387,2467,5403,1535
5254,7281,5268,2356,5371
6051,841,7767,9308,638
964,903,3720,6606,7126
1771,9044,1272,5886,8255
2215,5641,6611,3515,2622
2784,4617,4940,1037,2101
66,645,6219,3730,3517
2499,233,5780,1621,1015
7523,324,6128,1297,2777
2671,7664,2358,3350,4602
5344,8801,2946,5514,3834
809,1811,2679,7066,9852
1674,3467,3796,1562,927
6569,6955,8439,377,6331
292,4199,8719,4083,4190
4640,7144,3434,2098,4245
5568,4138,2701,7034,7548
6561,738,5633,5482,661
4706,3987,1173,2970,3004
4261,7089,5877,3509,1277
5537,6562,6693,6572,1719
7465,4622,1684,3480,3231
5545,7981,1774,5490,5975
5893,1061,4424,8698,699
192,8940,5823,6391,5279
3331,3084,724,8405,1791
9827,2916,4337,5463,7515
4832,7169,2212,6002,1556
2919,7273,4875,6932,2773
2753,3273,4750,1294,4567
5058,5065,9650,242,6878
229,3061,3034,348,7294
4588,6161,602,1275,6620
5286,3593,2835,2680,4057
6244,7654,1319,6728,842
1795,4903,5544,2736,1843
3360,4459,2510,1118,4127
4450,4107,1140,8827,3998
1217,4483,527,1107,4952
7492,1899,4146,4951,8190
1984,3750,3048,1485,3901
5026,3141,4713,3691,6263
6754,10378,5389,2518,1659
6630,460,9006,2542,4926
8364,8812,2035,3221,10206
1345,2466,2628,3109,6166
1066,4654,5518,339,3638
9282,9323,2578,598,284
5829,3855,7217,7706,5852
5090,1225,2643,567,1597
5352,3635,3261,6267,4445
7490,3910,1868,3382,7355
8772,1671,3983,5298,3030
4956,8596,4759,5080,8156
1252,5201,6163,3412,2294
3202,3298,3668,8824,3166
930,4674,2381,5327,3167
7502,5583,2353,469,3676
8865,1101,6359,186,2267
2191,306,5555,3576,2175
2817,802,4804,933,5456
357,1032,3242,6354,3446
1934,6996,6297,2171,1245
4675,1065,6702,5041,8822
1092,3977,7657,4016,4184
3171,7175,7529,4491,1722
5224,5078,2905,7067,4988
4449,5990,1611,6157,3129
4235,7052,3982,5522,6552
480,7849,4009,9695,6655
934,5513,1231,6452,3000
160,5442,7308,718,1495
996,6284,4886,1943,3706
5739,4236,9489,1945,2938
4297,2282,8564,183,2014
4929,4462,10034,2165,5210
2112,6277,3630,3087,8703
4458,3346,7992,3609,1402
3201,3631,6832,1359,893
3232,4300,1741,3984,2672
5601,2126,1392,1972,2520
10376,1516,3025,1907,733
5606,8615,265,976,4729
3266,817,499,6294,9049
4135,1705,7338,4629,2943
2915,5060,4709,7534,4219
7649,2252,1421,3726,7250
6761,3852,4812,2042,5277
2338,8339,759,9466,2620
1962,1387,5387,2065,7924
708,6256,5170,1334,4191
971,4943,2962,4792,2398
2690,1574,5869,7886,5749
9123,8295,679,4185,2365
1696,9506,6100,1525,9690
8480,737,2637,3149,2159
7814,5447,3344,381,8447
2857,4652,2094,2419,4307
6624,2401,3176,3785,1872
8611,6533,9001,2706,6557
493,5614,8782,7221,6779
7501,10033,1685,8694,9055
2311,3047,1657,3130,2684
7393,3883,8300,6990,1308
8576,6470,2873,8249,7068
2507,6289,6998,1879,6652
7074,7592,1610,1361,7838
7821,5007,9402,827,894
8616,2409,2636,1686,985
3875,4422,977,7191,8540
4194,35,4072,1650,5012
1094,1897,6222,5751,8346
8419,200,1416,667,4318
5569,4584,6478,5532,1215
4587,7214,341,1207,890
2184,1201,8946,6555,831
9154,6598,166,3001,539
1603,7671,2487,3646,5503
5504,6528,2676,4666,2204
1957,1455,2481,2712,7962
6819,7013,5933,3023,789
3522,1541,6599,3471,1366
1606,3112,369,2133,2556
5354,3667,4180,1975,5372
2723,3181,4302,1683,5748
4002,3690,3315,3768,3195
6497,4547,3528,11383,1311
609,4961,10285,1069,2527
4255,7823,1713,1274,3871
2881,6377,6003,3671,8152
4586,1419,3665,5559,2652
3841,10148,8239,5681,8244
10339,7883,1808,2041,3357
6882,7396,3860,6427,5244
4130,2611,7319,6200,2139
2113,6471,1372,7901,7967
610,2756,405,5692,6110
1196,365,6353,7988,8700
896,5542,5931,8942,887
1827,4838,3239,2355,7416
4454,1481,3243,4884,9109
577,9320,5934,6513,3286
6592,7267,2029,8465,3064
7397,3606,3737,3451,3134
2347,4082,9108,3862,6623
4326,6345,463,565,501
6247,1064,5549,1211,1885
4928,4867,451,6661,2651
673,10156,2157,3417,3997
1280,5620,1628,5725,4575
3459,356,8269,1109,4056
7913,1134,2900,5077,6232
677,8175,9359,8338,1339
322,998,3248,5172,10779
4842,9003,4844,6094,5844
7619,2469,266,5258,716
6948,7461,2605,1453,1524
1768,8337,5682,3474,6847
3662,2414,1273,2558,5919
3371,6571,3641,4698,3037
2658,1959,5323,6288,4315
592,7284,10199,7353,8479
961,1644,9367,5624,569
709,4041,300,5238,6140
3554,2410,3309,336,3376
6724,2473,8122,2459,3996
1772,8591,2136,2713,2941
874,3212,8693,5335,9052
7206,5414,843,7344,1790
2464,615,1386,9070,3314
4900,8752,6193,8250,7002
1003,4108,1298,2037,6366
4351,3391,774,304,6975
1742,1102,5395,8632,4281
7314,1655,3802,1181,1278
3205,3343,2162,6776,2749
2019,1326,1614,4278,7226
3654,8685,8877,2904,8825
9291,1165,7183,7032,447
8416,5988,2802,8314,1662
8163,1358,5905,7381,1496
289,4802,850,7063,5627
8320,6342,6995,4149,374
5605,1735,3788,4396,3055
7148,591,2735,4954,8220
1199,3861,4442,5563,510
5198,4018,7251,3036,637
4131,8360,2740,791,3005
5409,1995,7958,6199,8319
6848,1617,6836,1629,3966
8257,2562,4909,3475,1911
6496,2913,2393,2957,4857
7983,8272,5938,4539,7739
7747,1507,8806,3529,8370
7625,1615,1296,2896,2933
1190,7432,4906,1332,825
2848,2082,4553,1132,10077
8293,1767,3725,9460,3390
5827,1800,4209,4955,7550
3778,3107,8141,6032,6299
4704,1665,3394,4522,6042
6597,5965,1172,3386,4222
6467,1443,7980,6583,1501
2305,1893,7015,3672,5595
3585,2722,516,9299,2397
7372,766,3990,4636,4542
7718,7112,2219,2354,8660
3400,3127,3514,4251,671
7841,2920,4220,7388,8924
3747,9127,3175,7801,3806
5507,1091,2858,9146,6461
2569,9549,8889,2007,5337
5122,2884,4005,9196,1816
3854,725,3324,7549,3263
5160,3336,8267,428,7793
710,2161,5715,660,511
5735,2068,629,2197,9212
7469,8761,8815,5619,3897
4630,2364,6585,7452,6303
10114,548,6924,4878,7352
5104,784,10739,3929,5342
99,6947,1078,58,9627
1409,7174,3912,3020,5787
3337,1258,713,947,1855
3905,1954,6376,4532,792
8967,5128,2924,7438,2559
551,4789,2682,4985,7610
5604,6411,2482,4914,474
983,2163,9399,4188,6399
2158,2513,3473,4756,6203
5451,6060,1711,2939,8893
2787,5924,8780,4055,4444
10342,4979,1654,503,1919
6913,4643,871,275,8633
3685,4808,2483,4824,5883
7847,8718,11319,8795,3516
3815,3885,589,8723,954
1446,3339,9840,5687,2942
1286,6573,2484,4887,1467
6456,1668,2131,8150,8984
2954,7758,10257,7935,6367
5057,425,3915,2222,2959
6529,2346,3247,754,9013
1550,6130,3156,5621,3772
6307,7337,5071,4120,5594
2243,7779,3891,8916,6169
6818,6986,5044,6840,6749
4736,5093,3148,4464,3893
1025,4972,2514,2301,3293
1794,3492,586,5747,7670
6086,4423,2890,7320,1370
7360,6311,3727,3955,1917
7269,5958,7378,1204,857
9441,4714,1163,3979,6038
5025,1799,6608,8049,2490
9033,9225,4753,1401,9245
3521,907,1709,4334,5520
2147,4708,4357,3813,4399
2627,1412,9701,1580,4123
2849,4356,6827,1234,10236
5871,6803,8535,1656,7321
5098,2059,6220,7789,666
2312,6378,8621,8750,862
10730,8493,6862,7956,9819
2273,3147,2286,6420,2491
7971,6663,9039,2772,6842
6826,877,5969,8986,4380
3970,8071,273,1777,7581
4768,6722,1355,6124,413
8544,1315,8425,7468,2383
6309,9543,7470,6077,7806
5665,6979,7029,1912,316
5250,3590,7084,3821,6486
1602,5422,2291,151,1758
5640,5021,5777,3770,3709
7076,524,4525,8985,154
707,3666,3830,3318,2526
8032,5135,8882,2198,3767
6658,777,4469,2296,1212
929,6568,3565,2299,9755
1740,5932,7055,6516,4436
1444,8010,2420,1530,7645
3264,7975,6697,1518,8852
6563,8652,2548,8503,4958
1738,2253,4467,5299,8021
3939,4644,9542,1704,662
2114,4515,269,5885,7391
9603,3779,5193,4274,1497
7682,137,6447,8529,5013
6436,910,6295,5243,7356
4335,2033,6674,10202,668
1120,5505,2187,7896,7518
6723,3271,3280,5842,7327
10116,4242,6930,630,5529
3458,3046,7400,6806,4311
1797,2060,595,9396,375
5764,5162,2668,1261,821
3909,1834,7729,5654,2391
2176,194,8816,117,3319
5857,2081,8388,6921,7225
3887,4913,2867,5363,4635
4164,5799,8182,1464,5721
7044,840,5714,5531,2109
7968,9750,8731,6365,4158
6662,5554,3477,8092,6238
1575,6217,4748,464,4598
2148,4590,9400,3450,3678
1157,4231,7276,4316,4670
3136,4649,5424,5553,4761
461,5521,347,9310,8351
6400,6209,3680,2200,9465
2020,3468,50,3965,3326
2115,2922,2891,9238,7609
5477,4712,2300,3931,2748
3236,2502,4395,4015,3254
6158,4910,8284,8222,4031
3367,6446,2455,6075,4732
5419,5264,4980,2295,5501
1002,4746,4691,4310,9214
7041,6925,8791,1498,700
128,960,5257,7275,5048
1729,1011,5818,6524,2493
3341,3216,5136,4597,2238
2691,3555,3470,5718,10237
4263,7560,6027,2878,9183
1921,8545,6645,4022,6235
7077,2380,854,2428,3710
8996,688,6262,5177,5822
9058,1352,7283,8375,3803
1187,4740,8069,427,6388
1571,7818,3953,6738,892
10848,70,3980,8944,5557
10112,6508,5169,953,3839
2438,9064,3693,7506,1017
7398,2860,9619,56,2170
3429,3432,3217,6323,3284
3012,6502,525,8304,3836
7972,7340,1452,1077,3677
3904,8776,4427,2257,7733
8225,1347,6409,109,3251
772,1894,3640,4347,2140
5696,4267,9357,6350,8088
865,5586,7227,4028,1950
7141,4294,7881,9908,5214
4416,5385,5645,7797,2519
7334,4497,5910,5980,6590
7878,6769,1106,4283,9855
9697,3140,11144,10990,8344
611,8229,7302,3122,1403
6945,6753,1958,6414,5880
7843,196,2052,12456,9341
8040,5712,11796,4692,6302
1219,2214,3592,3624,7897
5004,4686,4111,6224,1428
5824,6129,5493,6936,2911
5952,1925,4873,7948,8399
8675,1892,6584,7677,2143
2567,7700,7959,187,2366
5321,1773,47,658,4348
2692,9639,5481,5229,8404
1829,3113,10959,3798,475
3906,522,3374,2674,3645
0,11533,7313,10966,11959
11945,398,10225,10324,7961
5668,2619,1405,7582,9887
8704,883,7860,7764,7836
10444,7153,12310,8697,12125
5184,9172,5622,6678,1723
6755,3045,6195,500,340
12165,4272,1521,7505,7900
135,9417,7914,7410,2268
2259,6164,5433,7740,7390
1725,232,1083,4957,7070
11584,11432,11246,12079,11102
9122,6393,1852,9085,4121
7912,12754,2329,7164,2462
6499,10823,7815,5772,11610
11040,5355,5212,8860,11103
2404,10030,7539,5116,9629
11369,2156,11126,12727,2617
11669,10838,10808,10042,5054
11651,11817,1968,10194,10483
12449,4360,11089,7987,9012
8262,12263,1608,7993,11997
9168,8912,12372,8692,9820
8450,12712,11594,9648,11895
12481,12803,9763,12515,12270
7786,8271,3957,1814,8636
10915,12422,7911,12467,12597
2,4081,7641,60,4223
9730,231,2505,1682,2838
103,1447,3625,4528,5878
4322,2086,9498,123,3999
8522,7596,8236,6960,4306
8288,2150,3079,2413,9966
419,5894,7785,8495,1567
8383,5353,6102,222,991
5732,8838,6603,3568,2129
8705,7151,1871,5655,7197
3431,7439,6962,4659,346
5088,1992,2445,3762,6236
9381,7142,3534,8050,1523
1281,1634,5831,1841,4218
10336,4389,4783,48,5235
4930,1699,1645,7213,9468
10566,559,6679,1114,9438
994,7652,879,10745,8350
9921,1637,4327,3433,7100
7859,4853,6997,10902,9688
6949,4581,4167,9170,7575
261,7942,10539,9964,7915
7940,4262,3240,10121,8179
4132,8488,8594,7799,5788
9507,7817,4332,10256,1397
6221,9807,1200,8855,6907
2242,8201,594,5304,7196
134,4788,10292,3383,4829
3302,5384,3728,9651,4693
3392,9968,1206,9943,2747
6856,3753,11500,402,8437
11425,6731,9421,8799,10911
8519,9390,11378,2935,5849
588,3506,7894,6810,8506
4871,7604,7930,4414,9279
8322,5030,9430,5208,1018
11616,5412,7205,9224,11736
1761,4457,302,6647,1050
4100,6150,4694,7707,830
2089,1197,15,1238,2105
5920,6031,3600,4434,1492
290,10056,10283,3183,3771
7137,6155,6327,4923,4349
6600,7784,7212,4942,3633
775,1640,1331,2837,25
3651,937,1360,6132,5179
2376,11542,6008,4510,1503
2624,621,5840,2099,2199
848,7088,2901,4118,2874
5770,2646,6074,3932,2141
294,5670,3499,1527,6937
3207,1039,852,2395,860
1376,7056,4465,3094,2876
2348,1549,3150,726,7835
10597,2829,624,218,3327
932,3975,4726,1946,1759
3401,2218,4565,6268,8669
6280,2216,6607,823,3865
1762,2852,1616,2044,7743
1028,7719,5713,8790,8730
4,9508,4937,919,6397
1839,7828,3158,6526,7167
4324,1096,8907,4145,338
6946,204,1491,1846,2973
872,1164,4847,4660,3644
5034,7917,1933,1171,3647
4451,7813,2154,8109,2046
2054,3027,2521,2940,4253
2720,458,909,5261,4531
2474,9484,1997,3379,1947
3365,6891,5423,2005,4703
3777,5609,2730,2324,2877
3170,2660,3209,6058,6808
4637,8548,7037,8061,5726
4320,1511,2702,176,6488
1254,4210,6227,5111,4569
6308,9264,6866,9364,8121
3168,6849,6374,7666,2492
449,8226,6344,6425,5596
1985,2853,5108,9276,9790
8547,596,5494,349,5950
8640,9862,686,7899,8094
962,8771,7436,2448,7383
5316,3013,2023,9204,5401
11216,11154,8085,11191,10939
1987,2886,9258,3722,6493
1956,415,6281,4012,7519
11080,3180,1400,1048,2811
8452,9960,4749,560,3900
4421,6442,8013,5101,2450
8866,6192,4529,2006,8637
7745,1673,3116,3826,916
1605,2987,496,2549,8987
704,4966,3496,8911,4144
5035,6540,2775,4252,4029
5251,5962,556,2969,6364
7713,6887,7367,5037,2582
4752,5488,7280,6099,6453
1858,5993,5738,5998,6615
2179,10,4725,505,6431
4229,10636,9997,11763,8634
4196,4646,558,6543,5525
3717,1100,4150,2108,5695
4816,2994,1974,8151,2495
1908,6612,5686,185,8699
9188,3559,2539,9582,5396
2788,8325,1520,8818,220
3072,3440,6421,3099,351
64,3208,5003,4044,3483
3688,2709,4406,5112,795
7746,1736,7146,1488,1561
4070,1639,3820,786,1309
8777,5197,4593,1812,5789
7010,1703,7245,7125,796
3621,2407,2859,6795,5550
800,5667,8294,1690,2460
7906,5314,9870,403,1534
4992,417,2127,4062,7071
8259,7525,4429,3608,2972
3043,1830,1965,4915,190
4321,614,6616,4411,2206
6918,5746,407,9404,701
9967,3664,2872,6107,6332
5964,4976,5141,4439,383
6823,9128,5819,6843,2334
2310,7594,2382,4862,2975
7045,4330,396,8592,10906
4770,9803,7669,697,3035
7297,6147,3749,1242,9628
9379,2789,6439,5228,8755
4840,5418,1588,8312,7162
1284,10221,8689,1559,1305
2882,3078,4363,5103,6234
12288,7369,4237,11662,6257
5543,2036,2741,9590,5081
3019,370,6422,7862,7674
7973,3814,10409,10637,3958
2097,757,4091,6845,4827
6119,6416,210,6138,4991
2085,8653,6480,4890,5854
5449,1996,6231,11224,955
6786,3850,1803,2996,4473
11187,6933,10714,11419,5662
6180,5870,4978,1589,6201
4490,8298,3053,1647,7163
3650,9802,2091,9296,5010
7043,393,4331,2577,6771
5795,8899,2193,5651,6716
5476,1769,3050,2090,2545
1445,616,3962,6044,7069
902,7405,2554,11774,2655
2306,5478,11631,1174,8154
5639,8872,811,5581,8478
3872,1057,132,7445,3352
1408,6659,550,3508,4383
11200,9998,6159,2425,2974
9184,769,3366,1417,8310
529,7318,7031,6136,542
9632,12426,6030,12440,6491
6690,2566,8052,6648,5087
11411,11702,5658,2587,11420
11972,4136,10125,1531,4763
8778,6675,4821,8539,287
2603,788,438,8028,8509
1856,5288,1898,4171,5119
6048,1121,1536,2950,9302
4739,1990,7819,4526,248
8676,1126,11722,11157,3102
1198,9937,10994,2489,12445
5959,10567,6407,11547,8572
4897,5865,1592,121,4863
6816,3106,3478,4599,1086
5644,76,915,11031,7517
8034,6156,8664,1689,2011
12163,11556,7687,10993,7007
966,9233,4277,8409,4861
3010,6172,4888,9116,1150
10311,206,1327,5106,2174
9249,9700,7509,6681,12508
1578,4109,8878,126,3423
5863,9448,4241,9748,4990
8648,1677,1263,7215,4601
7079,7053,6483,11387,11004
7651,1801,1902,3317,9208
2190,2321,8025,10814,6175
227,7238,5937,9138,1951
10658,6371,2570,8042,8054
10673,9266,3065,2458,4543
12098,7368,6351,3764,1300
7113,4303,10001,9463,8732
1929,7885,2574,4786,7898
18,4917,247,6296,4415
8512,6087,6444,4437,11927
7979,434,6711,1244,2173
11171,10631,8207,3701,10295
2472,3563,7601,10290,1146
8900,10638,5199,10871,10877
3494,42,7467,11090,2168
9383,12553,8650,145,10417
11372,5168,5200,3504,2744
4066,4549,7,2183,5812
7456,5981,4205,1844,2045
8066,7377,3476,9082,3711
11335,6889,245,4662,2588
11746,1544,10096,7922,11155
8482,2983,9611,2069,10335
7936,6176,5260,8342,9654
9473,9604,6789,6970,10270
1730,12007,9358,7065,12666
1890,9796,4583,11408,731
11503,5269,3222,3161,635
10689,11173,2503,2478,12752
12935,1863,9994,6511,12822
2918,4391,4814,12591,1528
12386,12517,12815,12562,12382
8672,12934,12870,11595,12913
11747,3396,9289,2990,8496
11490,9573,9205,8445,10398
1731,7856,2550,4407,5245
6595,484,12183,11964,9821
8582,9752,10678,2262,2968
9931,10412,12077,9620,3993
5536,5410,10474,2667,11414
6500,12036,10837,1110,10844
11457,10183,1483,3028,11455
8393,3190,9335,7255,9117
5765,9708,990,10169,10142
3310,10416,11194,10652,6013
5027,8105,6253,3866,9501
5608,1422,9262,5203,5306
870,6448,8666,6396,2399
835,2500,647,6445,5814
5317,4101,6632,12649,5565
4232,4880,12534,4216,11451
9988,11045,5701,12485,8975
1672,11338,3219,11100,7485
2021,6512,3571,4503,12921
11626,11924,693,12662,5211
10437,12362,7765,12187,12541
6494,8103,11095,1307,3358
10497,12769,4419,1160,12828
12320,5186,10564,4200,10801
12480,10916,8489,4076,10742
7559,10159,12177,10203,10173
8001,5612,6863,10389,5049
12228,12710,1869,1967,11601
11461,11464,10092,3125,891
8303,2992,5394,7486,7711
3520,11809,3842,3828,12120
3114,8235,7565,6865,10687
7366,7663,6040,2072,2715
3981,9467,8211,5462,12251
9218,10669,12118,11065,11099
10176,6757,12211,12732,8735
4484,6535,10833,8413,9726
7778,10403,12484,8145,5202
4007,3304,5391,6518,10007
1922,10723,10119,10728,10524
10979,12171,10158,2579,10005
1792,10758,3342,9050,2107
8963,5029,2599,11242,9973
9061,11761,6039,11835,6719
3686,3244,7057,9273,3452
3363,8457,6668,3703,9180
12234,10414,5911,5784,2813
3362,6981,2182,4275,4248
1504,622,2047,7228,1599
5446,2024,6797,3920,3448
7680,10671,4280,5465,8221
11298,5066,12399,1681,2815
11364,11153,8530,5297,3697
1861,8583,6313,6642,7315
6338,9027,9538,10672,7216
3426,11496,8763,6012,8159
12354,11347,12793,12570,11036
10699,11890,10550,10616,2233
10217,3754,6961,10872,12414
10722,10093,3695,9073,10781
12153,2764,10227,9525,11737
12514,12327,8116,11545,12543
1029,11465,11468,11925,9530
8102,6909,1389,7028,6525
12619,10543,10703,10230,12730
10882,12587,8721,11062,11416
385,2053,6833,1554,7379
3712,2698,8491,2586,8895
11022,12207,12208,11795,10554
2349,8019,11636,10996,5174
9606,10921,12554,12335,11705
1825,6186,12045,1262,1470
4480,3618,3469,3573,5879
12417,9969,7186,11130,10943
9280,11234,12013,9556,2778
3361,3372,5331,6772,8153
12685,10382,11888,11958,9143
10985,298,4556,3322,4156
9795,11209,10505,1515,9201
11587,5167,10932,4024,3773
1312,3615,3797,11229,12799
2663,9036,10262,1847,7710
11881,12494,7317,11510,10463
10754,8970,11979,10028,12182
11683,8550,12265,9353,3051
8074,2731,8601,10362,11933
11977,7691,3373,8434,10291
12322,11911,12717,1809,10908
10854,3816,1136,6451,12470
12389,12593,12209,1459,11967
2560,3472,1465,7130,8093
11073,12099,11460,11221,11353
6298,2823,10473,2004,3642
12416,3878,12490,12157,3486
12068,5613,5657,2906,6463
12198,7927,3152,10740,10903
11713,10027,12459,12819,8566
8065,8997,3943,5642,9876
5232,2517,471,8473,1149
7875,11848,12473,10491,11388
4896,8769,5796,6876,8989
7842,8361,3500,7098,2332
4801,11334,11627,3062,12155
8643,11731,1779,1494,7193
10788,939,11536,12561,9300
1632,9056,2244,2757,3018,4239,3031,5272,2205
7904,613,3430,6346,1259
2304,3940,3238,8169,3759
2240,452,3894,2807,8407
2822,3305,2575,2326,5240
6682,2677,3159,922,2717
4432,2323,6485,3416,3259
6438,4653,2394,6899,4026
5359,2449,3479,1468,29
3460,1031,2001,1302,2392
7554,1380,2342,8301,4474
10856,3370,7147,2325,3669
2977,3206,105,951,2808
6062,178,215,4600,152
940,2931,4663,344,2751
6185,3792,1904,2809,2780
5028,1573,5566,1551,5758
6628,6479,3453,6462,5983
3329,6178,4516,2186,6223
1216,3074,5156,2760,2100
1289,5806,7475,20,3895
1058,7466,7115,1582,847
7458,7178,367,7798,4607
9777,3160,5562,3867,4189
4001,4769,9447,4435,7571
6670,6321,4153,1438,7039
4519,9319,9235,7478,4312
3648,6510,7474,2071,4186
5889,882,4114,758,1113
2851,6011,2601,1835,3227
973,4174,4687,5147,5343
6656,7538,4851,2515,1663
4161,4169,6610,4793,3098
9987,3462,4518,8,3414
4841,8687,8531,2612,7132
2446,7408,149,4343,3196
3042,6696,1388,2418,4286
6666,942,1618,3316,31
2245,5126,4204,2841,1660
8902,1430,3704,10430,7615
5572,9388,4369,4212,7290
839,2895,6095,7963,10879
3233,8781,6768,1490,7257
4613,1526,2166,4889,4063
130,3655,1451,4043,8238
1793,2120,5256,5709,7535
455,6286,722,3926,3742
8871,391,3913,4440,5151
5985,1228,1141,5206,5847
3076,6024,2799,7155,4697
8356,7954,9811,7384,4505
8551,170,6669,1687,2457
3269,5599,8524,4409,2015
675,6691,5510,10328,7261
8800,5230,4825,5181,959
6369,1425,2164,3220,8760
6721,9317,8427,10605,10107
7104,481,111,4916,1976
7298,5432,2138,2427,8349
5064,3465,5708,6449,4308
6112,5281,4680,1512,9435
2189,4495,6228,4823,3128
5289,4428,2961,2260,4638
8321,5669,1707,1356,1269
5923,2374,2540,1653,3038
4962,6283,10989,1807,8820
5313,8961,9577,6581,6230
7877,27,7639,3387,3933
1538,8809,3375,11376,4340
3145,1648,2235,1404,573
7776,2979,4805,5163,7357
9470,6635,2194,1877,6910
804,3879,4496,4794,9564
5443,9385,9612,7409,5750
5953,3177,8155,8477,7326
6233,10115,5907,8406,3385
2435,7093,5754,4154,1371
1572,10821,4905,8185,8187
6347,8972,7373,3918,2932
1001,2863,5809,665,1084
1390,2258,6103,2201,9725
6951,9166,11700,2230,11899
5577,6474,6898,5846,7292
3041,4208,9232,2104,2714
6916,1586,3923,10105,10140
6825,9035,3405,11284,8282
9953,5623,10223,12471,4538
11942,10120,11019,3404,9649
8492,4881,1395,7222,2870
10690,1667,4166,2798,5626
968,2958,2320,9781,10015
9858,6028,6417,2869,5023
8481,8004,11205,6326,8059
11840,2434,4970,11184,627
2854,9298,5079,5434,9851
6793,4944,7035,4221,6079
9890,71,10280,7082,752
6530,11013,1381,6582,10748
4201,8107,9228,5105,7095
11176,11849,9868,11118,10461
8737,10315,11439,9303,10205
7040,2121,6196,8376,7385
11202,10569,8044,10513,7996
7105,4650,7087,8603,9980
2343,2921,4463,2710,10653
9816,10220,8397,5457,3256
9440,8896,8083,9724,12670
4064,7810,3789,7375,1210
6784,1155,8328,5970,9334
2388,8180,9114,7803,9278
8770,6861,78,7542,9017
1666,8804,9638,6762,7947
2976,1185,2528,4452,401
9032,7512,3769,5246,10207
10784,6501,9976,10941,6270
9248,2034,6548,9947,10557
5069,4973,719,5683,11448
4707,9316,1509,3281,7603
5190,6248,5800,851,9301
6625,779,11599,7476,863
9567,4999,11404,8589,6591
8514,9419,12089,7613,5182
5185,897,4678,2985,10507
8740,5673,8106,11146,3445
7264,12168,7825,11537,10138
7910,617,11919,5110,7708
1186,5252,10864,628,9751
9635,467,8472,10523,2654
7568,2480,7282,12276,12378
5539,9546,9326,12146,9529
8199,9615,10930,9586,11901
10083,11077,10738,12633,6911
10369,2818,1988,7278,11199
2337,9002,7435,6671,10974
9765,12266,11789,11857,12250
9089,6915,8861,10585,11869
4097,7621,2025,9706,7024
7623,12551,9267,372,1881
1732,3847,3853,6864,10641,10390,6839,506,10396
2017,938,1804,2641,8287
5249,7873,4585,7690,115
2498,7394,5774,5902,4830
867,332,4279,9850,2431
3840,641,8941,1104,5183
2276,3537,4147,8053,1718
5573,5994,5807,1427,1235
8000,1193,5171,7030,3487
8448,4974,6419,7735,9083
8774,9226,2221,8335,7229
4137,3756,2224,2261,534
1158,4627,3731,2967,5629
2439,4304,1073,6514,7709
7874,4947,8981,3766,6009
4963,6093,9491,7223,7864
4128,6405,11279,3154,5019
2026,8525,11038,10612,3582
8113,7218,52,440,5949
9600,5127,6828,3870,10975
2213,6506,5138,6517,2524
6337,1026,5068,4086,6237
3845,1927,75,8429,10198
1473,753,6742,279,95
2598,4744,8008,11893,3801
2885,3016,3696,7254,4537
8195,3495,8885,5109,3164
1440,9824,562,3067,8764
2953,1291,2763,5329,3581
3200,5480,4720,10226,6867
4512,6433,1604,1329,1303
5664,7073,7783,6357,11129
8993,6886,7693,1721,2302
4679,6920,2669,4282,9727
631,3249,3380,8279,7614
5761,6884,7597,7643,2269
8138,3437,6605,4430,948
5704,6609,11123,10938,8090
8417,1052,3213,4502,3612
7489,3265,1633,6292,7869
2700,5940,9912,10458,1151
7201,432,10258,8373,5113
8196,10603,237,4941,12238
643,5381,11756,4172,1916
5825,2281,2223,6258,6204
3296,4517,9801,7309,8347
8420,6373,3976,10675,8500
7328,6726,2378,5043,6589
9349,2056,10255,663,10488
1796,4523,5483,6574,944
7946,10828,561,9019,1789
1889,6370,6885,7893,3613
9954,2630,5100,9644,10522
512,68,1128,5547,9780
8289,4651,1596,7325,5471
10502,3950,5615,8560,4341
10787,4776,10642,4989,3262
3306,4398,3411,10263,6556
7266,4911,2453,9370,9756
9510,9446,3925,3930,62
3553,8745,6968,634,1914
4353,8297,12,7504,1980
5000,653,2864,12084,7484
3489,7403,2638,5556,1209
5794,1162,12492,6575,10391
1476,238,1591,6137,7419
9768,9102,11343,9398,4831
4544,5967,5332,7483,6492
644,4042,2642,5469,4413
6701,10967,10840,1786,9854
10435,10883,10181,3267,3410
9923,4742,9773,6324,10591
6434,12355,1542,11915,6426
11777,12078,10384,4856,11005
582,690,7038,10366,5631
256,2083,8455,5139,3548
3564,9595,6392,1433,12059
5546,3599,4050,380,2077
10374,4008,7788,11472,7888
7177,12170,3886,1651,7605
8396,2350,12533,1081,8378
5729,101,1448,5900,5817
10593,10980,9959,7728,12053
5092,8037,5896,2991,11313
9761,2728,10346,4912,5843
10791,7116,12698,11483,7166
4642,5386,5611,8749,11263
1248,3652,3562,8014,6802,8627,5046,8215,6390
46,3503,3765,7642,1563
4481,107,4945,7511,5149
3684,2629,2279,1354,3441
4224,3142,3277,8884,2971
4514,10020,5711,4049,532
4696,728,2429,1310,2079
1857,361,6613,1367,1944
1986,3586,4902,6408,3734
9124,3783,8367,1817,6330
1862,555,7697,308,3959
5408,4385,5516,4879,5855
908,9171,5684,8117,2590
6274,4743,4392,8559,2075
3364,4647,494,1848,1369
2049,8610,8275,2875,1853
5072,3187,3420,4060,2271
8128,4103,6893,3991,5690
9483,3596,10446,4112,3229
3330,3786,174,7790,2589
2369,5132,7149,1487,5941
2765,9723,4859,9527,6942
11172,6379,6988,14,6482
5445,4998,4758,4699,1820
7139,10533,3657,2964,2678
6976,2153,7536,8631,2623
5188,5484,2093,1998,3632
3942,7626,1067,8557,8734
9932,7630,6066,11766,1431
488,3692,4431,2963,3255
6148,6473,4558,881,2585
9418,4631,6010,2843,1276
8258,7176,9202,9754,2718
4160,11011,4079,1167,7991
7172,1224,2794,5487,10680
1932,3856,820,7004,7965
8612,8712,3945,5454,7124
2951,8585,2318,3574,4187
4325,5925,5319,9800,5140
10250,7059,6939,188,3069
8839,4206,4178,2357,5561
4813,9297,9106,695,3512
2209,580,5685,9496,606
941,119,8569,3738,1247
2625,8870,2411,5117,9406
8193,7301,3543,8089,5052
1250,8227,5039,3059,8219
9766,4367,9397,6872,8606
11650,5221,1669,720,4305
2564,7017,5995,8082,4671
9624,9866,6477,10032,3736
5635,4068,4492,1362,5310
546,3335,6225,9239,3103
8326,11398,8937,4020,4796
12044,5236,7061,7964,2111
7780,4397,6766,11828,8309
5793,2250,7181,10174,5439
7299,1062,6182,5274,5435
9861,1714,2583,2010,93
2272,6978,2893,5944,5311
5859,1873,2330,11676,3550
7593,6091,7279,6160,1213
5698,5833,7629,7726,7887
2594,5293,10254,11025,1750
1124,2002,2998,1335,9978
3332,7110,1138,4946,8701
10786,3694,4848,11931,5500
1169,1202,10359,10905,1342
9380,8999,6860,10481,920
1282,6734,7607,9949,4798
8459,5775,10321,7386,7678
2592,8711,6279,2322,4828
6791,2792,11658,10161,5213
5280,2532,11975,3602,531
7628,3952,8051,5460,4639
11459,837,43,12204,9945
6752,6336,9230,6905,7513
9000,80,2928,6162,6495
9608,7050,2511,7570,6805
9666,9158,173,855,1882
898,7683,8708,10438,11802
10402,11778,11117,11575,10072
11265,11113,2929,2066,12151
4993,3973,5099,5976,7933
9155,9669,3303,12108,10717
2178,8263,5129,10352,4573
12613,7240,5225,7448,10462
9575,11466,7884,2606,11984
5375,8639,4715,7796,12191
6466,9090,4778,7755,9078
11622,9645,1040,9874,10743
8458,5578,5358,6929,9150
9920,3091,11064,5756,6815
4616,7530,12076,9236,1175
12225,7939,3907,1035,1046
11360,6821,9436,6014,767
9377,9480,9037,8913,9791
3584,12780,6770,1270,6046
2688,6144,8552,334,8276
4612,6602,8307,7128,10587
3009,680,10956,1373,9471
11273,6922,7759,3636,11260
7686,3881,2634,2988,11957
3427,8786,9111,6745,1532
2945,9125,5929,6394,8380
8096,2465,3203,7754,4346
4610,7107,11603,7989,8828
4354,4774,2316,12401,5426
5961,7117,8016,12406,8247
2754,518,9129,8978,7421
4673,3057,1074,1365,11198
9673,11212,2062,10773,9118
1600,9826,8468,9241,9915
10113,7433,7184,3193,575
11818,6475,12010,7694,10620
7716,8682,2647,3481,9309
328,10410,8716,11580,10559
10944,9512,9678,3824,10812
10926,7407,9742,310,10493
4141,10323,9717,761,7771
9412,9636,2372,329,8853
9569,10322,3355,6811,3199
2436,9063,5815,856,4921
8651,9709,12176,11771,10431
7270,4524,9197,5519,10575
12066,11204,10408,11342,10127
8998,10168,3032,1880,10110
9511,7880,6290,10811,11035
10816,11845,12021,9788,10813
5157,10063,1429,12376,10331
10982,9222,7660,9936,5015
5700,10279,4623,6553,6684
3328,8038,9095,9356,7925
3587,4078,1142,246,7096
6851,8204,8856,9176,3484
4705,4400,9687,7832,12312
7938,3848,4270,8565,3545
1474,8910,10651,10845,6750
5602,10211,8198,7341,8315
9922,2211,1287,3658,11665
6881,10087,9071,10715,5887
5963,9517,3245,11442,11994
2339,7203,4782,11822,2649
6043,8775,10216,10875,11484
11754,3056,11733,11293,8191
12325,2665,7635,8501,5693
9924,4967,3080,714,10749
1348,8523,7380,7349,8921
6859,9132,5838,5982,3679
10447,6065,8242,3610,3323
7499,8623,10771,9373,11647
8006,8807,5322,12081,3155
7138,3108,6852,6639,3799
8832,10756,5811,957,9982
10353,12242,2547,7447,4733
7329,7370,6360,5628,9823
4487,967,5897,9685,2645
8354,6538,4876,10062,7760
10338,2734,1009,7414,2839
8265,330,11182,9426,11358
11458,12356,3790,8796,10079
11074,11042,12709,8725,6973
4259,4836,7207,211,3670
5538,9286,12457,9844,1694
10021,2028,11438,11729,2845
7171,8868,10314,7665,1116
11010,5861,10895,5719,10171
5821,9160,9865,10134,8829
7020,9903,10351,8887,4700
2246,10920,4105,6958,10581
8132,2840,7135,11230,11935
9634,1232,9653,6654,12415
8299,139,180,7932,12766
11240,7537,6709,11867,2494
1222,6252,10318,11219,2879
1189,6854,9991,363,9787
6725,5834,1399,158,5406
8674,4899,1384,2538,10415
9539,6985,11948,4402,11261
8041,4110,10992,9009,2236
5858,1351,10103,12667,10204
8966,12493,6189,8537,5407
10531,5798,743,8111,7768
9927,1393,11988,11799,10459
11237,4811,10764,9455,7636
7361,7879,6098,12307,3605
3780,2309,978,11188,8958
11016,12330,11437,6542,9910
9891,12005,10536,12055,1752
9835,10995,11511,7224,1085
11332,4779,5486,6036,2485
1824,4047,2288,7705,8767
7046,5095,4339,7546,6875
12512,5377,8035,8451,10712
9284,11528,974,11406,113
10372,74,12624,9457,8120
9024,7239,5679,11028,7359
5474,3748,7336,7561,8925
5194,10094,10102,12438,4377
3169,2402,10770,11069,445
9094,3283,8372,10807,9242
8834,7587,6564,11053,9775
12174,10544,9140,5972,8534
8009,5357,8657,5523,12279
12233,8586,12299,12463,11600
8645,5351,1784,6546,952
12294,12138,9771,9877,10271
12237,10449,10200,12605,12255
11617,7048,10898,4533,6105
12067,10537,11914,11926,11423
12741,12006,12775,12714,11568
10692,5646,6897,8541,11007
5154,6403,4019,8118,12538
10949,7311,12083,599,11390
2561,2797,5966,5744,10774
12196,8043,11122,11251,11254
12201,3817,5515,12109,10836
7457,7921,11892,3804,11134
9445,3464,10546,3507,3579
8003,806,10855,9592,10172
5161,7865,9275,8988,11391
7395,10101,10106,9244,10047
7845,9879,10842,11644,12095
12195,8556,9621,11033,8252
11340,9393,12056,4667,8158
7552,5955,7527,8904,5459
9413,5733,9554,11541,9853
9263,6902,11446,8057,12159
11917,241,11955,10364,6206
8456,9805,12397,12115,312
4806,10060,11728,9493,11739
9091,11749,11515,9495,11579
7427,4723,9557,9368,12638
5001,7658,5492,86,7161
9059,10986,10477,10484,8507
4358,10598,2664,10152,11929
9281,11524,11092,9880,7003
7876,11370,8875,11373,888
12227,8164,9965,10553,7644
10340,5899,10576,11671,9497
2796,6576,2681,10490,8891
10441,10445,12111,10224,11903
8617,11345,4818,244,12599
7520,4293,11625,10124,8604
5056,8365,10130,12088,12603
11969,9665,1765,11659,4027
10210,5576,10933,11070,11807
11151,9810,10164,10614,11163
8358,8683,9707,5558,10329
10048,11717,3377,10166,12343
6792,11854,9712,11859,10901
11847,11850,11851,9583,408
7648,7054,12240,2782,1183
4773,10482,11605,10264,11611
1088,10050,4291,844,11743
3424,2248,5388,6743,8286
359,11052,11949,11249,7807
10851,4904,2061,9916,6653
5002,10991,1744,2803,7165
12324,8075,10061,10099,6328
7296,782,9231,4626,9918
12070,12435,12795,11963,508
3916,9038,10579,10388,281
6464,9572,11402,9883,9469
8520,1612,8079,8567,285
8390,11312,9913,11324,8285
10849,11329,5380,11785,11786
8714,3026,4852,9433,7423
11306,5134,9366,6906,8031
11427,11811,10436,5989,3275
10789,3566,7091,10074,9277
12546,7941,12398,2134,24
11557,9675,5580,12178,755
1537,10024,2421,8216,5146
8518,4718,8562,10228,6521
10662,12135,6291,8435,9175
8389,6959,12309,10710,12316
12640,7179,9329,12145,12281
11424,5091,10000,10683,3039
6019,9352,12114,11514,3519
6850,4359,8808,3541,5237
9895,10889,6794,11435,11772
11009,8387,2256,10577,3921
7556,11337,3857,10578,9779
11140,9804,4987,12604,7551
11330,12744,9677,11481,12092
833,12004,9162,5676,11725
10018,8803,8873,12074,1301
12746,2923,10572,12371,473
9219,7235,8964,3348,7647
2675,11190,4215,11993,2203
10892,751,1522,9718,12567
6179,7742,9961,2761,5534
10498,9640,5672,9578,7830
8742,10381,11314,11546,10045
3334,3210,7498,10509,1587
11558,5350,12390,12762,12542
3746,9735,11047,10219,12057
672,12522,10037,11992,4959
12518,2119,12402,8726,639
4352,10246,10249,2227,7199
9415,12235,7569,3832,11679
12193,9576,8905,12200,6965
5216,2948,9295,8412,2910
2226,5781,5689,11998,9951
9739,11311,12723,12214,12735
3011,5348,5036,11116,861
10508,10421,11480,12185,9818
12160,11076,6170,11164,6398
6343,11564,2552,10332,9054
3237,6125,472,5882,11327
7425,10082,10984,9067,1813
11363,7247,10137,5051,7804
8608,4934,9131,10455,12028
9541,9926,11174,11346,11609
9545,11699,2871,11965,12830
8385,8933,4815,6423,5752
3823,12052,3002,11291,12573
11562,11697,11666,1726,8991
11002,5618,8306,11769,11578
12802,12806,11400,12784,11359
8864,7553,12333,5584,1145
8613,4620,10830,8729,9113
7208,5259,7437,10040,10299
10976,11841,12547,9101,9849
2314,7152,8658,3961,7516
10247,8330,12054,5495,6108
9476,9004,5005,11096,1499
6275,10309,5417,7730,6676
12498,9847,11097,11034,12507
11808,10275,5222,11304,818
11522,10887,7081,6704,11544
10568,10345,6476,10734,10511
2824,9164,11098,5275,2908
3744,11023,8849,1782,11803
9060,10952,8202,9234,4730
9956,2278,10319,4115,10846
7655,11563,11119,240,2844
11716,10157,4046,10002,3956
11970,7698,10899,5334,3063
10179,12772,12774,11218,12537
11588,10826,7021,9331,6520
11104,1122,9580,10510,1918
389,8426,7699,11767,4025
10373,1321,5647,4284,2750
11111,9134,9200,12273,12287
6146,8485,1901,11569,4244
8099,9513,11839,10799,4287
12425,12172,9935,10066,12500
8290,11141,9867,7471,11856
4800,11688,12105,4684,12756
1969,9363,9813,10073,8733
7232,8230,1143,7576,5786
5540,12421,7190,10235,12765
11236,10055,10955,3054,9905
3340,6773,9559,12476,12062
514,10019,12173,9332,12216
10022,11654,10632,10031,7762
12032,8165,11989,11834,11710
11940,9389,11283,4472,8798
10466,7114,10860,9362,9593
6435,8625,2897,10643,6972
12116,9623,11640,4604,10494
8614,11112,10091,4373,7774
12353,10530,12739,12488,9292
9857,8641,1033,11723,11158
12612,6131,3539,10394,12063
6023,10954,10858,3024,10231
10755,11109,4207,3093,6198
11266,8072,11913,8841,10429
4576,10244,8329,5291,9652
1971,10645,9977,7194,10043
10149,3724,10925,12782,8214
10532,901,8746,7602,691
8353,10377,10922,12654,5144
9288,10350,12496,6739,4925
5282,10278,8423,9096,9427
9487,3123,9719,6265,12286
1895,1513,8048,3741,10078
11843,11760,11121,9776,10768
12677,10759,10827,11443,12699
2497,10978,5992,10317,2038
5217,10248,3535,6800,6650
9313,8874,11864,5593,10141
8898,10472,9770,10393,4155
10209,10413,11952,2293,11576
10012,7219,12243,11862,5820
11813,523,12813,5266,1208
9152,5830,7853,3022,7696
8928,11297,12583,12458,11629
10308,3947,814,623,6004,378,1340
9504,6306,4809,926,5567
2470,9774,11824,8661,22
7585,3715,1257,1012,8980,9207,1754,3419,763
320,33,6858,6733,8147
3307,3321,7195,4605,10815
7431,4621,6900,8793,5276
836,5125,4075,1900,1103
7392,6020,1909,1658,5338
8939,1229,10100,6260,6969
7584,3843,8595,2040,252
6242,6532,1749,4535,4159
8384,9259,2285,4494,1806
4546,2758,8486,9682,7999
4227,8932,8332,6799,2297
992,5730,3126,6617,2363
8784,3794,8055,7928,4441
5987,1060,10252,7951,7800
10232,8167,9016,986,3422
7009,7714,8011,3438,9946
1316,1135,11698,5209,254
4298,8843,2989,9492,8213
3463,7304,6380,1020,9596
9477,4045,10775,4249,6782
9833,11793,1299,10965,1246
2615,202,4589,6126,1678,4117,4151
2572,1973,570,7676,669
3919,4404,4564,4092,6174
2030,7984,5073,4850,4785
7362,2563,4695,156,604
5632,7307,6385,4594,11037
678,5053,1624,6490,2621
5318,3719,5271,3260,7934
5473,3138,1322,1691,6300
7750,8395,945,5617,7422
41,6539,3252,5400,6683
2530,2475,6550,6807,7450
258,7363,6853,10443,8363
7495,5901,2833,7955,7903
9472,11755,1970,4949,9693
10541,5778,1267,6580,3060
9667,7812,1584,4722,8123
1480,5262,975,6320,6619
6052,7816,9098,7382,442
11456,900,3755,9361,8313
8231,3882,8748,1260,1590,54,3225
6272,6468,6213,9734,44,3601,3124
4290,741,553,2188,2225,1720,1753,925,1022
3457,4682,4656,6673,6362
8098,4486,1867,141,4319
2659,5804,7986,3320,4633
228,5638,73,2733,3611
1220,198,4375,2781,3007
110,4595,7732,5973,8926
4877,4655,498,5915,6301
4364,5997,5813,11445,1787
2048,2697,1710,7150,5075
97,6085,10987,8142,3954
2496,1701,10193,10260,5055
2607,9618,4374,3675,4572
12384,6977,2608,1364,12284
3137,7586,4265,10420,12150
10596,5767,9832,9338,6333
5728,3969,2051,10151,4745,4555,8979,9689
963,1543,1265,3345,6424
6080,8392,2441,5453,7675
8577,6082,7662,4084,734
2856,2359,7351,1626,1053
7950,7892,84,6069,9660
10880,4345,3829,11863,2361
6759,3628,1776,3575,6780
2662,10765,2894,4475,5979
7620,6917,5769,5458,1177
5991,8076,2195,2836,5430
6412,7566,5782,3739,8029
11874,2057,1006,10428,9630
1095,11307,10704,2769,6076
11810,7332,7086,4509,4094
5376,4387,9199,11540,8662
5891,1194,5234,9939,3165
12064,9825,12611,7791,12465
6536,11049,491,3643,6459
10017,5671,9672,11357,10014
4513,11655,2727,9521,10611
11526,11981,12241,3892,11321
453,1478,1993,1964,4566,4089,924,4317
8355,3556,3661,3033,3547
483,3699,88,9181,1502
9120,4619,7599,4592,7770
1482,4010,2639,16,8124
3552,3241,4557,6577,4571
4868,4073,6636,1454,468
3523,7763,600,1055,3935
459,3538,4661,5527,1469
2534,5096,3082,5008,6713
8135,2451,2292,8982,4313
9641,5290,6993,9841,8830
6127,5397,3989,5909,4982
5390,2386,2580,6139,3835
11168,8296,1008,9458,476
9732,9449,1557,6838,1622
326,8266,3732,4668,1598
7426,6026,9547,11695,571
7558,6064,6963,11827,2265
3588,6707,1941,10970,829
9894,5511,9896,7496,6578
10633,3313,6450,9304,10878
9062,10761,5489,4820,6809
8161,8357,11115,8691,7637
4192,3681,8418,5512,10354
3557,3214,8758,4087,8184
12192,3937,6278,11027,92
11299,8709,5866,6317,9784
9321,8951,7606,10487,6777
5220,2185,399,11921,10296
6984,5867,9842,436,5717
520,8431,10735,4382,1983
9031,6892,10518,6775,10909
9729,11907,7428,9897,9142
11232,10504,10294,3898,11581
12650,10571,9747,10006,3864
12012,8880,9907,12600,12126
8679,10792,4625,3763,4634
6084,9255,10548,10677,8223
12452,8484,10011,6686,8511
12194,578,7016,7756,8915
11137,11044,3408,8785,1458
5032,5648,4658,8115,6783
6601,4142,10128,7857,11132
10496,10724,10089,11114,12338
4865,4198,11720,1832,7702
12448,7526,10451,9139,9268
12321,5165,2132,9461,3614
11396,9928,10861,9914,3707
8386,4420,11693,10038,9147
9607,8688,8563,11222,9182
9892,8879,8112,12403,8476
9187,10214,10090,5326,8245
545,10456,8218,8668,10847
9696,3721,11214,1875,10776
7969,9553,9174,6519,12349
9829,4329,11059,7347,7027
10945,8646,12680,11820,1939
7808,10953,1423,5362,6586
12069,422,7531,4023,11519
9889,10535,11788,3189,9494
10432,11916,9395,3157,12790
2437,9746,10486,12282,9372
9409,7944,6059,7157,12375
10822,11278,2289,10386,10261
3874,9762,11494,12663,9786
8836,12671,7595,11063,8831
12482,10405,8678,4790,9271
11393,12770,11918,10618,6814
9736,7863,9713,11125,10839
12771,11463,10440,4953,9759
12832,11105,3682,4710,11871
4552,9837,8654,5143,1630
6083,9772,12149,10583,10937
10917,10407,296,9206,6072
7752,11308,10802,11032,10239
11136,10819,11250,9203,6938
2653,12527,12304,6384,7389
6699,10766,6202,12283,10556
11431,12809,12203,12499,12407
12385,12033,12041,12244,10972
325,3944,267,1137,2546
4869,3793,7253,5916,1439
5413,8593,7286,1623,4379
5024,4003,3751,8177,5180
3714,8867,9425,5848,1978
9699,10453,5592,4603,94
711,7248,9330,11477,8792
11048,3090,10132,10520,10527
4006,9072,6672,11120,12347
12009,6953,11607,11897,9950
11782,12814,10008,8992,32,9260,5677,8759,5437,9283,9028,12615,9544,5705,584,11852,3151,10835,3924,6741,2137,6747,12128,8033,3938,8291,8805,9831,10601,4717,12141,2160,1905,6259,4470,125,4479,11909,4488,11657,905,1679,12692,8854,8598,6559,8097,4530,9911,2488,9658,10427,5307,7870,4288,12740,12229,8134,8400,9683,213,11479,6879,6116,8441,8166,10215,9702,6122,10475,11502,12015,11513
642,450,965,911,656,1233,146,659,226,169,108,572
3936,6627,2981,8424,8938,2610,5215
736,5195,1292,2444,2737
5574,875,2412,8144,2012
6437,10639,2264,3224,11135
4901,1865,1737,3859,3285
7233,7042,981,5464,3388
5120,11169,10760,8464,10165
5347,12106,9710,5716,8918
4032,9252,1547,10478,5946
7404,9047,5017,1374,4095
4618,11983,8240,5497,8444
1153,10697,4891,9053,5278
8233,10763,1937,7795,1915
1188,2543,10515,147,8317
2721,2791,4938,7000,6047
9793,10178,10923,12302,8655
2862,8974,9270,8571,8542
11008,12039,12745,12629,11543
4641,11107,11333,9097,3179
9728,6664,3117,11380,12408
9057,4460,6871,536,8605
7588,10122,651,3118,10896
7430,9387,10709,2966,3096
2596,9221,9637,2228,2335
6245,11179,7342,11954,6207
10691,1545,11787,6458,3291
6956,10713,10284,729,7839
8802,10251,12443,4924,8862
6114,10503,9482,9941,6455
12483,8753,11382,8823,10360
4737,8773,8581,9992,9194
5575,7085,5498,12023,3162
11750,12761,8722,9076,2553
3617,9938,9081,3292,7454
10145,12738,12713,7918,859
7852,5166,12400,6903,5661
11745,4550,6090,11833,7611
999,9901,12305,10681,11006
9505,327,8136,12365,7794
8738,8739,12464,208,1913
12451,7631,9783,3354,12446
10753,9601,12167,2774,9720
11619,12644,7781,8379,3295
4870,11663,9585,8532,11348
10948,11880,917,3928,12409
8962,12528,8466,12308,12571
11473,10584,9240,6908,7293
11877,9812,12726,11770,11709
11555,4771,10023,11539,12060
12331,4559,6644,11000,3455
4258,1837,4561,2644,1337
6151,4683,4499,4381,1406
6153,6314,7209,3088,5945
1191,5420,3218,6167,5083
1955,2724,2955,3443,6363
4165,4393,746,4365,8504
7090,8402,5874,7346,5115
2912,5697,7449,2298,3995
3971,1778,1240,1565,3006
4038,10831,2898,4766,7583
354,1539,3622,9996,6387
259,1822,9041,7574,6142
2432,3398,486,5308,9086
7459,1866,8684,8461,4309
2632,2738,7412,2102,9503
430,8952,5851,3837,7230
1505,8463,5649,5939,7455
8454,6025,6637,8917,950
12579,10348,8398,11192,1692
4579,12306,8341,9814,3934
6021,7399,6152,946,11288
4065,4004,11108,5616,9407
162,3525,2889,9075,6325
4162,11999,7866,11197,6143
8421,11210,3436,12620,11639
2144,4608,7364,12103,5270
7976,9738,12110,2800,9428
869,5797,6312,2618,6109
6534,4664,10958,9940,12024
3466,9005,6096,6935,7837
163,5508,4872,3282,1619,5020,2557
4417,2694,5296,2742,2743,3101,1886
2180,3077,168,3369,5204,2423,1982
1953,10289,3095,9499,9598
4034,8528,12017,4536,8570
2340,6088,2447,3120,435,5653,5016,1727
6633,4554,2416,7026,6430
7782,3718,172,1936,10070
3272,4426,7306,749,10863
8352,4611,12035,1581,9307
10594,10053,3274,6413,6104
8766,5742,5295,6685,10526
11552,7333,1775,7121,6322
12071,8971,11223,11193,10300
11046,2826,5227,10607,9845
7170,9863,12679,11732,1112
3490,771,1479,10286,912,4754,4918,4506,318
3963,6469,4716,3992,1819
1256,3497,3818,9293,409
9984,1378,3530,4781,3290
3808,10306,6692,5173,7323
3968,2443,2032,3986,5881
6883,9420,9453,7503,2907
1676,3502,6190,7895,2110
2661,2124,10325,8923,895
4225,6694,935,2984,2003
10529,6214,5076,182,6812
9536,1935,10197,9336,1850
5152,4051,7258,12061,5598
4677,2087,6121,1770,7051,3119,1328,209,1680,470,439,4350
291,3524,2533,5475,5239,191
3104,1027,646,4071,6824,6614
3649,6,619,12908,8047,885,61
362,236,4124,1306,1564,157
4256,1570,6531,5059,5094,3527,12363,5548,6415,8212,87,3415,5753,5918
7008,2274,2786,3908,8073,5392,8851
1568,1414,9526,5974,249,5759
2251,884,1076,2551,9021,798
3776,6401,3173,263,9999
7872,4292,6282,3884,3838
8005,8391,6829,437,4734
2752,2307,1733,9485,5405
2152,3595,625,1876,2934
3110,6187,6063,4751,2704,8696,3674,4446
5926,5805,7727,6991,271
4787,3510,7001,8251,6687
6756,2832,563,6071,4408
7211,6677,5845,5943,11450
3619,7945,1079,8024,9437
8549,9514,9422,1845,3226
10565,5356,9424,10910,9215
6987,3482,11826,11673,9274
4615,11407,10962,4053,7103
4456,650,747,6736,6000,5914,411
8064,9828,3985,2902,2687
4134,1127,5324,10349,7288
9193,4176,5912,3186,4568
3008,465,5285,1642,6375,4233,826,6205
612,6057,618,1071,2927,2771,6523
2146,5637,3849,5175,6874,543
5571,7721,5196,3889,6097,4125
8224,9986,6830,2039,9535
6250,10059,10731,3086,6352
9566,6558,8845,12180,10334
5123,3300,6181,3347,7957
1382,12665,10419,633,6015
1441,7748,4520,970,6319,3288
4864,6183,6006,5723,1436
7078,7145,655,2960,1948
6305,5986,11781,2008,4541
5760,7491,7401,7890,2486
9962,12300,8783,7160,7995
5703,744,4213,9305,5178
1129,3663,2385,1051,3708
4289,1540,7689,6089,13,914,4500,5590,1243,11645,4126,8930,9981,1519,1906,7159,1463,7289,7418,6651,9533
3591,3656,2055,7724,1716,4950
2123,6989,979,4822,2202,7966
5935,10608,10803,7508,6266,5499,7262
8208,8788,8890,10684,989
7908,4933,6120,3287,8442
8842,3308,7441,6835,9975
5378,5102,6545,7133,6943
2657,6727,1130,4362,2830,5710,5398
6113,7844,1576,4170,1068,1016
993,37,5551,7640,3577,540,3294,1471
5666,3143,9518,5368,4061
8580,5191,6588,11322,3964
1099,10068,7931,6173,11294
6050,5603,7684,6667,7127,1147
3040,1859,10186,12598,10809,10780
2535,8876,11101,9558,3896,10301
4833,4485,143,5785,7129
5219,3683,164,4760,1757
834,4866,4780,4238,5588
2208,1313,8736,5248,2172
2241,11554,6310,394,8170,3029,2430
8256,7907,2501,2471,11244,1613,6999
11529,785,4370,10003,1780,8343
2925,7473,12405,7481,1883
6402,4228,12231,7047,6869,2073,5790,2719,11003
4098,9703,2673,9714,787,9011,819
10625,6657,2766,9104,2613,10649,5853
