3969,2,4100,5508,2180,3847,3591,394,13,787,4506,7707,5020,4125,2719,32,2340,37,2981,6310,6187,4780,819,2615,1337,830,3652,2244,3018,970,5710,4561,7508,6869,7127,3288,87,4446,3935,1248,994,741,9703,3562,8170,11244,1642,3947,623,6000,4081,618,884,4213,6390,2551,4089,763,2430
3490,4745,5046,3577,60
1441,4258,9730,6802,9021
4816,4434,1238,2105,1435
2689,4067,553,3031,5272
5920,107,8014,3600,8627
4228,2757,2704,2225,4754
1635,1732,4204,1076,506
938,6031,1492,9305,1563
290,6469,6395,10396,3453
937,7690,3183,6424,1471
4290,771,3120,5240,2685
1472,454,1720,3416,3133
3940,1701,8169,2188,5241
202,877,3503,4600,7641
2251,925,4239,2644,989
7748,1837,1780,600,411
4945,7763,3765,7642,5179
3626,5196,6004,3419,5149
2017,6183,2677,4151,1055
2657,4322,231,4589,4223
608,1090,808,3771,924
9056,1221,6923,1620,4566
4485,424,5450,6316,3349
7904,1377,452,1353,2096
1450,4716,6133,3159,2205
6346,7274,2509,951,6682
1259,3894,3863,4378,703
260,613,1320,4689,443
3430,2927,435,2807,922
739,5124,4682,46,1022
6153,8979,2837,4058,123
4683,3853,6864,4918,7129
4490,1005,2768,3443,1012
1632,10151,5359,2001,8407
2405,1478,2822,7634,509
482,3305,3884,760,6937
1955,115,2356,10390,3994
1443,2088,8938,4527,4632
4645,3975,10283,1679,4986
8992,5061,6839,1227,6327
6402,5670,1682,1331,4795
2753,2724,6888,2395,4349
3633,2099,2326,3865,4282
7394,6600,4499,4381,3327
6151,5878,2838,6236,2046
2408,1865,1549,4143,2390
6465,1960,6314,4555,2874
5059,8907,9850,4923,1470
1376,2660,3527,5774,222
7784,1640,5353,6833,346
4481,2086,2279,5034,5916
267,174,4751,6102,1663
103,3052,3441,2931,25
1804,8367,5723,7069,4479
4864,3586,419,5574,7253
7813,1616,4306,2811,3741
3715,3142,7593,8441,2876
457,5261,8941,7862,4830
7585,2629,3277,6006,4605
1984,1354,1836,1116,8669
6946,775,2348,5840,1360
800,11080,6132,2775,6044
2218,1263,1908,5684,9498
7873,6531,2376,5711,6483
10020,7719,5962,11542,3006
2216,3209,6058,4974,6942
7917,3053,7056,2901,2969
641,1158,3625,6419,2044
4451,2610,1589,6008,6521
4480,5037,2004,2877,2495
9088,6088,78,10641,1594
1862,6861,8980,1372,2079
2505,2413,4696,6363,5215
1130,6126,7984,4766,1727
3523,459,4785,4117,10815
6727,168,1678,6063,2575
5516,2572,2830,1973,3674
6337,4103,2137,2590,991
908,5805,8495,2641,3734
1986,2150,8838,6603,6991
3936,3793,8982,9689,1406
5795,3621,5096,8696,4569
1488,8309,4253,5245,29
320,3783,7950,4565,1468
12231,2697,2129,1626,7039
3077,6190,3415,5596,3196
4514,8291,5195,2423,2971
4879,8884,532,8117,1817
3530,747,2515,4661,5527
8135,2292,2359,1883,92
3266,1253,912,2323,4532
3827,4501,7511,1466,8287
5728,2336,4965,4686,3899
6074,6210,7554,6362,2846
2304,8771,5884,4510,5983
4432,1042,3127,5371,3325
4679,7080,1204,8471,5656
2467,2799,852,6485,5403
4195,726,7835,3932,2141
4711,3025,3509,5016,3967
224,1104,1747,5365,2679
6566,4405,5721,7676,3807
7204,6702,8371,5108,90
2498,5570,7052,3285,217
354,8848,4433,82,3736
1324,1004,1294,4080,3517
2793,943,1275,478,3135
5732,4869,9996,1624,669
4963,4235,6477,3757,3859
4578,4776,3730,1273,4858
6849,5251,2852,10056,621
5541,3472,1265,7088,1946
2848,8228,8298,2154,4118
5249,3366,4528,3537,5111
10597,5083,875,3959,8251
3777,1762,1447,4726,4439
5484,14,2451,5914,606
4256,1028,7146,2964,4252
5408,6019,4,218,6493
10831,8790,6167,1565,8734
2083,8335,3731,8053,3999
3170,5994,7057,8212,5753
5573,3019,6093,7735,6526
1440,1427,7030,2967,4029
7709,2885,5894,1786,3581
582,9226,5807,4304,6009
8448,1987,8981,1303,2431
8774,4744,4398,6204,798
1889,5794,1052,1916,3613
8000,3950,5902,3696,5171
3173,6155,6670,3699,1754
3619,2051,1039,3352,2331
5637,8588,1999,6607,3185
1990,1439,458,3786,7519
6281,682,781,537,3134
1985,997,488,909,560
6754,4743,1972,5945,3806
7393,4165,2441,9106,7195
3234,4393,6858,1743,10639
736,6244,6420,534,8793
1573,841,8730,3259,2429
648,6509,6389,2261,1014
8440,2977,7599,3248,8056
1093,2537,1993,1964,5433
2720,3074,5321,3116,4531
3174,5993,7338,7757,3635
1257,233,9044,3609,1245
4647,5480,4392,2955,2777
324,2544,7381,1277,2622
5416,4139,8268,7118,766
2394,6479,7538,2808,4474
512,9800,7178,5483,1044
1216,2961,6514,2100,2392
4261,1543,3913,7415,8314
5281,1904,1302,4663,3480
6438,2863,719,178,5432
3329,6062,6223,8272,1848
5126,5132,7149,3790,6673
4486,1867,7474,6613,3611
2561,6178,2534,141,8830
1061,3499,8719,3094,6268
352,7745,4056,2905,927
3238,3720,728,251,5244
387,2919,6289,6932,2941
4043,940,6899,4952,2714
6666,172,4435,3414,4186
6628,5926,344,2073,6011
6626,964,4496,5206,2138
7458,3206,73,7986,2751
4769,6024,2760,4461,2427
1792,5697,6808,4144,1272
9766,2794,596,5141,6397
8226,7215,562,9276,6687
1164,3763,11003,8028,7229
5290,3408,6993,1557,3510
3043,1956,5060,5550,1839
2049,5769,5453,2778,5855
4321,1830,9258,6425,3612
11279,5329,7223,1596,734
1604,2598,9491,1721,5629
449,4233,814,210,3538
4992,5202,3766,7640,2940
2055,6795,5168,7007,4671
7280,4210,3027,4822,126
6471,3244,5551,4855,375
3008,5312,1254,8872,176
6119,2153,7217,3764,3608
8392,6227,9273,2202,2623
7724,2829,6988,1520,1179
1100,4109,1422,465,1300
5284,9124,4932,3756,2903
1508,1230,3442,277,6616
3622,2771,3418,155,7167
2213,6506,624,919,860
2240,5987,7431,4554,6900
4424,4713,592,3606,1950
1700,5125,4621,1933,6612
3202,2953,3700,3064,4319
1989,1896,3759,5652,2558
3232,3745,2784,5703,494
3937,4995,9641,2414,4656
2245,235,7790,18,8986
4288,2211,4362,2702,6488
1156,1132,6733,2612,3669
6185,4049,823,573,5758
6696,6635,8301,2449,7798
2659,5572,8972,6768,3895
4516,5028,4655,20,5023
1572,2601,7475,4825,4153
33,10856,1256,7147,1388
2861,3570,1171,9715,4728
5889,481,661,5022,5183
1606,3914,1069,110,2805
6693,3661,8977,1719,3515
2756,2733,3601,7767,3034
6274,80,3345,7155,1821
963,6572,1196,3404,9235
2912,5477,2054,4428,1944
1319,2354,595,2101,2518
5824,8356,9681,2098,1247
1096,4585,1718,3228,1503
66,848,1459,3158,5306
867,6823,6826,4526,1297
6408,3180,52,3224,2521
2624,645,4465,7379,5949
6723,3401,1554,1436,6364
5770,3695,1073,4978,8569
2411,1677,2577,6771,2298
7746,4324,4601,6716,9566
4897,5865,5995,4556,3711
6344,2637,1457,2365,381
6848,1733,3084,3320,4895
1765,4553,4013,4027,93
3273,980,7284,1367,539
2763,5582,3856,6128,3966
5614,2928,7412,7706,2970
3073,4617,8559,1334,3644
4961,3140,4652,6387,5780
718,3061,6235,348,4445
361,489,5806,7221,1109
7010,8548,1092,3944,7966
7687,2412,1967,4847,3002
3559,948,6809,2875,4060
8672,8113,3411,1433,1853
4456,3656,5870,826,5790
7172,812,6127,3512,2271
7525,8653,8878,3154,4502
9348,6350,3377,9624,158
8610,4419,2053,5019,2206
6180,8648,1736,7377,3670
2042,1380,5488,3572,8698
7494,4137,6928,2484,4190
2817,4706,3331,7109,1318
6761,3668,2325,6263,3486
5254,2542,1774,794,9308
4874,1907,4981,2295,3641
4135,3631,1295,2900,4893
3910,2858,1866,1683,3576
1771,3371,7886,5367,5785
3556,842,5871,4631,1656
2823,4012,1997,3187,5944
1796,7113,2474,2026,5909
993,2082,5285,5546,4523
2281,2864,3925,8279,9790
4161,1570,8008,2193,6711
1769,2378,3379,6968,380
5000,10828,4429,7245,7071
7718,8812,2223,2162,95
7651,5094,2994,7125,796
2882,4583,4950,2972,6205
4385,7907,4075,1900,8504
7392,2241,8939,1909,6430
1229,1936,6969,570,604
7362,156,4404,4408,4092
992,5295,10608,3029,7262
836,3369,2826,5073,4594
8256,5935,10803,6266,5499
9158,332,2447,4634,2621
4933,2471,1613,8208,10684
8384,4032,4178,7001,6683
1058,2093,1582,7571,4607
7298,7047,367,6417,4409
3648,6369,4114,6610,2841
9317,6085,1451,847,1269
4001,9987,6510,4851,4343
228,4680,2260,1430,3227
8282,8238,5562,3387,7132
3233,8781,4595,7326,959
7115,498,5813,4633,5915
3718,4369,3160,3038,31
5831,1291,5548,6960,2492
8259,2123,4411,3548,894
3489,6375,6013,62,4703
2730,8236,6517,5655,4831
2632,8522,7627,1553,4665
5088,7785,2445,3568,8383
643,6962,1397,6647,1598
8705,7151,9688,5180,11037
1539,1871,3575,4668,7197
8288,5704,7596,4659,6492
870,1160,6258,8121,955
1284,9221,3943,3500,2190
8325,4749,2802,7383,8094
6351,9264,6866,9364,8061
2788,7436,6989,6416,5726
3168,4512,979,185,2460
7588,4966,9204,1177,3162
3013,2446,4752,5109,1048
5316,9997,7085,4313,6843
7776,5609,4529,11863,3900
3015,7828,4440,88,1310
7523,5352,1461,2646,1173
896,200,1103,4018,4956
2499,5606,3307,7250,4286
1856,2915,4519,215,6462
7042,7847,1716,7478,5119
738,716,817,3479,3706
1392,4786,8755,58,5819
2721,1741,143,4093,2014
2477,527,2159,2712,4191
655,2960,4695,5147,2012
6306,1479,1948,4305,3420
8128,6893,6736,5653,7286
9259,10446,5690,1978,5311
8064,9483,4112,4859,3229
9828,10308,2613,22,4379
5603,3919,3985,6260,2902
6437,3719,2250,5324,5454
8712,7181,5326,563,4564
6756,4084,3574,4279,7288
9381,2606,4147,6709,9527
7266,5547,2583,5848,2010
8577,6433,1542,5896,7038
3976,3437,6482,1235,3799
7139,1476,10533,9304,5561
6370,258,2276,2991,4627
6656,1953,3751,1193,2224
5602,7684,6405,8525,9598
4128,9449,11038,2589,3582
9600,6026,6677,4982,11129
6113,3042,3945,5103,1469
3971,5420,7346,8402,7449
6473,3829,1016,5115,7583
4320,5635,4325,2765,3487
12204,2030,7727,6300,6174
5632,1067,4367,271,6745
4535,4227,3110,6071,10430
9472,5473,945,7414,5053
4003,881,2738,2898,1660
5413,7750,1322,4850,5271
2023,4651,1965,2127,731
132,325,4331,5458,3642
5940,6453,1591,1561,5471
7367,3632,6138,5117,5310
417,3650,561,8050,220
6828,8786,1362,4020,1053
68,1448,1162,5043,631
11216,11154,11191,3482,10939
3557,3722,7061,3835,10975
5986,4068,5221,695,7351
2085,4840,5418,542,1759
1511,3082,5391,982,1015
39,8424,3989,2264,7484
1057,4363,7090,5494,2458
1445,1672,7691,2444,6797
616,2091,5874,3573,349
3618,6280,1588,2072,4890
8512,556,5010,6069,3962
3365,5446,7031,7485,383
9184,1417,2990,4309,8310
3663,5045,1685,699,8255
612,3364,6321,4948,6620
3200,678,2809,3867,1756
1959,1037,342,3099,1790
5289,5172,1495,3001,2459
11874,7793,7956,3830,6297
5985,2690,8871,3860,8920
2473,8942,2896,6418,5973
170,7211,8660,8439,2652
4832,7782,1274,7901,8190
5729,4421,1673,15,6415
4070,3942,6887,1801,213
7176,7626,10636,3186,8634
2465,5390,3504,119,3738
11650,3686,1902,2580,2008
7233,9482,6543,11763,2334
6099,10612,6742,2524,5437
4196,8557,4206,5138,4086
5068,3599,1651,1209,540
2386,8691,5845,11450,6139
2914,8355,292,3129,3551
4459,1298,3284,5145,287
5568,4073,9484,8404,3672
6057,1292,3214,1941,5566
6020,710,6412,1551,4913
3776,3638,7609,8637,2943
160,460,5268,4698,318
929,6094,3666,2740,7004
4131,708,1574,4431,1501
1541,4487,1231,700,6495
802,3467,2352,5619,2396
7041,9508,882,4916,5557
615,3852,6002,9466,9307
7074,1361,3796,2236,10077
2881,11025,8468,9078,4536
6080,3141,8339,186,9695
2849,3459,437,5591,2232
4449,3843,8295,6295,2878
196,4491,496,9660,5151
6724,4838,1094,1808,602
3872,3762,5555,1621,1438
5063,2791,8269,7089,3704
8865,1827,2222,2680,3451
8547,516,614,263,2006
3241,8750,10034,6003,543
5127,4426,9682,10070,2363
9027,4170,5950,6163,5854
1610,5294,4462,3412,7675
5633,4038,1389,1423,3161
5318,7162,7548,7934,1567
932,4303,3088,7445,1527
2306,2789,370,3028,7674
1890,676,4365,4016,10428
5260,3087,2963,183,11135
644,903,1992,7126,3262
1605,1893,4915,1174,351
2215,7112,9447,8013,4307
2671,2448,7378,916,5146
962,9862,2856,1614,7534
3207,6540,2996,4150,4473
7936,6511,6422,9208,3964
6726,6421,5112,5789,6559
7043,5332,1974,6201,5918
5793,3332,1669,9932,4062
8899,3213,6701,944,4061
5571,7301,7721,6105,4603
3553,8289,5967,634,6426
11168,2925,4176,476,94
1578,1996,9296,6838,3930
7906,8777,7630,1167,403
10286,9171,7864,1340,125
6148,1062,1998,8275,6713
8258,1927,1079,9274,5853
11172,9547,749,4558,5397
4192,10018,580,3845,9437
2209,6978,7081,9723,8767
3300,3086,5685,7957,9535
7491,6181,4134,1147,4541
3040,1859,2062,6352,6558
6050,2309,10059,10809,9118
3651,3403,2164,886,152
289,4599,3150,2487,2108
1899,2036,1975,2199,3929
2019,2179,5641,6414,4091
3840,4036,6611,4886,3390
996,4902,6379,8364,1425
6480,3826,4660,697,4827
3106,5998,5396,1592,3452
137,4009,1485,2574,2549
1345,1892,8039,10416,338
7209,8684,6357,7574,6142
2432,430,9041,3218,1822
3398,1778,8024,1240,5308
8867,8296,6639,9499,4796
2951,1581,6097,9397,5274
1189,9063,8937,7945,9422
546,3335,6225,1880,4798
2530,8326,7145,9239,3103
1875,10453,4087,3550,7423
6791,2792,11658,5213,3870
4224,385,1329,7254,415
3431,594,1018,190,8478
3534,6160,2774,8025,8799
8482,6374,1191,11695,7743
6025,6382,7279,7218,3317
1126,2439,3016,440,6237
2242,3525,8594,1523,950
6308,8818,2579,4537,9503
811,7439,4976,7637,571
2983,5964,2226,7315,2069
9960,4653,1934,2582,1947
7337,2186,4241,667,4189
2342,3370,9780,4312,8703
8840,4169,5170,827,2780
1835,8687,4026,7261,8926
1665,589,1710,1371,4572
3522,3496,4041,3434,111
609,3792,4212,758,4793
3460,10120,3885,3023,1490
5827,391,1387,2094,4567
5760,3497,3818,7124,378
8321,1378,7942,1175,3226
7481,4781,2585,3290,1820
9984,9504,6883,6692,7323
5188,10278,3657,9717,8606
6984,9321,2003,5173,10325
5733,4809,1431,409,10487
3330,9420,9293,3889,5881
2124,7503,2032,7895,2907
10306,6694,9774,7258,895
9604,1639,3820,786,438
835,4549,8294,7856,1690
3426,5667,3850,2603,5651
1312,2984,11824,1873,9754
9424,10198,7991,5628,10359
4160,9446,75,9202,3543
8549,10250,4813,9949,8158
1473,6918,1929,8585,5081
2560,8103,6186,788,1309
11778,6278,5005,753,3732
1634,259,2888,5262,2678
7213,1841,5943,8923,9468
6066,4787,1206,9787,10780
4225,11398,9514,9841,5435
10336,48,5489,7859,5567
1281,4389,559,2747,2110
7915,4783,6679,1114,9438
4132,10566,399,879,10161
7652,10121,5235,7100,8350
1699,4327,1645,8179,4829
2120,10989,6582,9435,2015
3269,839,9577,5708,7095
5953,5923,5683,7257,10879
3138,8427,6286,3926,7384
5669,8551,7954,2104,9470
2374,11404,2540,1395,5599
7170,5673,4340,1653,7093
11146,8492,2189,5105,5754
2979,11376,722,6228,3128
8352,935,1707,1356,9567
584,2987,4691,2139,4316
4171,1101,3794,7068,413
6401,3298,4356,2482,5463
4708,3912,809,3854,474
10339,9323,2347,8405,2075
5024,7584,4546,2661,4909
4515,4563,1332,341,5276
6528,6662,4814,2035,4351
1797,9734,2286,7281,3261
673,3909,3339,8652,4985
6021,7078,7318,6392,701
8592,5139,2332,2872,9404
10761,3155,6231,10680,3801
7426,10349,7726,10415,10072
711,11466,8885,4693,9496
326,7401,720,7059,3164
8612,4612,3054,2318,3069
10529,9187,837,8048,4187
6214,8661,10906,1850,6812
2497,7299,7473,11027,2839
3873,294,455,7413,5302
7712,164,7144,1535,2175
192,9123,453,2409,2197
64,5543,1550,7801,4318
1347,1671,2133,725,3772
3041,2469,8902,3566,9590
1444,3654,6920,5135,9299
7654,7465,11700,1877,7615
6916,5128,3048,4208,789
3035,10,4758,4760,1211
7076,2539,6606,8147,3737
300,1165,242,4602,2207
6564,1452,5327,1296,2643
5829,8018,4315,5342,5823
3458,7980,2510,6478,10254
1121,1571,5228,3664,8085
2508,7789,2195,2071,2173
2052,3462,679,4111,5279
961,2950,6224,1713,5852
5090,5997,5044,890,447
4637,5297,2546,5588,7037
3433,4042,396,1009,10334
6595,7045,3921,2265,1242
4262,5833,8343,8792,188
9824,5123,10381,1143,11515
12192,1637,4167,9336,6970
7297,7526,5319,6064,10745
4833,9188,10902,10456,10847
7137,4866,1137,4145,4694
10565,3067,10090,1935,11579
3265,12,1676,4495,5075
3316,5140,2166,4889,2235
9379,6439,4332,2002,10775
4034,11011,7780,4079,1982
3694,5204,8215,8570,11931
10786,4045,2832,7292,6301
2435,4364,942,8055,8472
7142,4881,1618,6939,7357
3808,8193,5804,8524,10107
162,4579,4330,8089,4639
637,5638,105,1001,4317
8452,229,7958,5751,6140
1858,7594,2324,3477,8694
5738,1834,754,3220,2942
6442,4076,1976,7963,6431
4391,558,9302,6615,1787
5314,2566,4174,4593,665
8961,486,1512,1807,5457
4329,6095,8764,3742,4063
3495,2893,6905,4154,5500
2627,9827,7276,8300,6523
1493,56,2040,3963,8222
7968,5893,4841,6253,5363
4640,5645,3166,4222,4926
4416,3813,339,3475,981
2628,2438,7881,3321,6590
2146,3492,2569,5337,3386
480,3432,2737,7416,10237
4277,4121,5818,4861,4734
1603,1002,2959,976,4729
6336,9425,2132,121,7163
9230,9297,9905,5460,9406
5925,4615,8845,334,8689
869,6182,6152,6325,8952
8839,7884,9104,6929,2357
4930,1513,9111,4853,8951
9921,4136,4457,10955,6997
7558,12076,10317,11921,9395
5797,4720,7643,4667,2845
7201,5698,2028,10008,2269
7459,5478,4947,5879,6909
10221,6039,2545,1559,891
6789,5032,3469,5716,3102
6786,7575,11224,9595,8732
10880,7369,9453,11662,3065
6667,6605,8461,11445,4345
769,11631,3952,11893,4414
6721,3011,2102,5464,3545
9922,9096,10731,1142,7128
8711,941,1138,2227,4533
7783,5449,3243,6867,3678
4768,6979,7019,1872,6294
2272,5696,707,8529,8791
9603,7877,3879,9564,8319
1217,1806,782,8177,724
9699,1390,6103,2201,9725
6409,3177,1995,8239,2527
8481,804,10053,2258,6262
4616,8589,2798,182,4828
6467,4675,2029,275,2519
1803,598,2007,377,4442
872,4756,1525,3478,9727
5544,7373,149,4311,3004
6659,548,1737,6956,1339
4804,8,2418,3315,7002
35,1674,3861,7965,1118
3440,7797,6552,3293,1919
5490,565,5687,3995,5214
3690,1868,2191,5563,8540
3109,6630,5354,7821,2296
2311,4937,5104,10033,3997
7174,2282,7671,6648,3033
3980,784,9108,3798,2749
483,4619,1326,1658,4348
1412,1894,9128,7308,8564
8257,2916,2184,8595,791
2752,1402,475,7549,3263
2214,2140,7897,1657,2684
2382,1650,7314,1911,3646
9122,3429,3624,658,3130
2081,9388,308,5210,6365
1155,4878,5012,6232,5277
1071,6874,3802,1308,1181
2253,4497,6038,7352,2171
2722,2443,5934,6192,10100
2147,1502,4812,3217,1278
2115,8145,468,1876,893
4592,5238,5910,2200,6047
551,5229,4055,248,4219
6532,3592,2157,3324,2397
6949,1895,10055,8458,11575
2625,3203,43,7570,9236
7232,1282,3059,4053,9849
8224,1600,6466,4397,7887
9986,10402,1365,8758,6360
9125,10197,11190,11034,7742
7107,9193,5002,11766,2111
8870,5384,9170,10332,9054
7940,8016,1200,8855,6907
3588,8880,6707,2039,829
3457,9612,3375,5008,5746
8737,9896,4823,7409,9303
8098,5286,8809,10378,8593
6530,11059,5750,1623,10748
1538,3502,9907,8155,2687
5443,1381,6951,9031,10315
9863,2121,9385,9166,11439
11013,9232,7026,10585,10205
10863,2289,7347,8245,8861
4420,9732,8357,10571,11278
8419,5924,6378,6674,2165
8266,4494,4270,2639,8795
9089,3465,3342,5846,5181
9241,3145,4970,8409,7486
586,6474,10252,7800,2297
6413,11827,7027,8341,1404
5730,7179,6799,8528,9945
6449,2932,2230,4221,1246
9542,6633,2156,6898,7999
6400,5057,3915,6393,7070
8033,6852,10792,6394,5052
9937,7666,627,5851,1757
1250,7607,10168,761,8219
8389,4581,1035,5236,11676
9673,7755,4141,10323,2552
834,6407,10605,10649,12445
8184,7496,9714,6578,12600
6752,9666,7050,9742,10038
3427,3240,2538,1074,7576
8227,8488,173,1882,10620
3749,6150,2488,2618,11004
6371,6087,76,4530,6494
12288,3814,7817,4237,3934
7138,5859,2564,5039,7135
5511,1458,8082,6872,3614
5476,10601,3050,10409,5662
5989,7017,4047,10773,6777
9507,5157,9866,3313,7799
10087,12044,7341,6766,855
8868,3848,7754,6091,1532
2212,3076,1455,1811,4281
428,1102,5583,5692,7294
4962,5748,4310,7770,3647
1025,6213,1829,6825,374
1408,7269,3046,757,8760
6753,7206,8685,7032,6203
3360,2924,2158,1654,3231
7073,7397,4503,2651,3037
1897,524,2605,3156,4638
5601,7267,5520,8250,4383
12321,8132,8455,11419,11899
2278,3466,10256,11187,12598
256,4673,4806,11856,9651
8201,714,9036,7665,12435
5351,7048,10314,6221,9847
4610,10855,7629,3057,7196
2594,10921,9611,4788,10235
5165,8115,10486,9147,1213
8418,134,3688,3051,2998
5512,7944,10878,7157,7870
2089,4275,6933,4406,4350
1287,9802,2840,633,6491
10568,4782,5459,9978,10331
545,11044,8820,952,6686
11299,1124,2090,10419,6581
6850,7203,4359,2547,24
12128,7110,9943,10231,5693
7171,5897,1169,402,7710
3938,743,2782,10458,11198
10537,3245,5815,12376,11994
2048,6891,5713,6998,9049
6827,686,405,6234,7899
7713,4229,7150,1369,10236
4740,7396,1800,4588,6110
9090,2859,8429,5197,6734
10625,3748,10021,9967,11477
4718,340,7513,8154,5055
4770,6147,550,7979,2766
5220,206,8052,407,8093
5282,5106,1305,10394,9628
1194,3628,7892,2361,1980
8003,4492,10765,10704,1750
11113,9807,2066,9915,10910
2662,3789,751,1522,7224
11265,9835,10292,3383,5979
6917,2894,1006,3739,8029
7553,5417,1145,6780,6782
5474,7620,6759,1776,12151
9956,806,4115,8565,10970
7938,1008,6963,1622,9912
3842,6627,1095,9517,9811
3392,2665,3753,1335,6654
9608,10063,9458,10905,8701
5120,1153,9252,9637,8823
2596,7781,5498,9053,3295
3143,9518,10165,3294,6207
11169,6114,10697,8464,6173
8580,10122,3118,3388,6588
4901,5191,8144,5368,7931
4737,8773,9992,7852,5661
3904,1749,3286,8249,1791
3841,7044,6571,1467,4444
840,4337,2674,5395,9750
4130,1580,3374,1011,4670
577,2562,7913,4714,7504
6242,8388,6470,232,2526
5857,1729,3726,6524,3645
2152,2891,9238,4347,1405
9894,8105,8531,5430,3866
9441,4263,9549,9070,7225
99,3176,971,1261,2843
4867,3692,7344,8092,3005
930,7874,5162,2380,6164
1083,2670,10105,10779,1662
2466,3822,7515,6878,5919
3078,6793,5163,529,3837
322,2570,7566,4242,5788
4415,4475,6525,4990,11999
3396,3920,3222,3448,6136
4162,8496,5969,4917,11197
4454,2709,6199,8151,7961
1536,194,5058,3685,10376
3555,4808,4681,493,7183
2312,5160,6803,6836,1524
7275,6806,7639,8220,9310
8454,7055,6100,9690,1311
3683,3274,1453,1421,11284
7843,774,8049,2291,953
4802,10114,6948,3468,6107
3779,1735,3367,1615,4954
11781,6156,1232,8437,4215
6144,1342,8645,8808,10078
8390,8856,920,3484,11774
5280,8999,6189,5775,8887
9380,7332,902,7386,10335
905,7212,5676,10895,5304
5639,6445,7405,4664,2655
7399,11338,7086,2769,4509
11749,10321,2262,2968,7678
6856,8459,11500,11378,10911
6440,369,5178,7355,3071
398,469,6842,3676,4797
3939,4483,5445,8616,5007
1703,9109,795,1244,1597
128,434,2136,666,7388
7490,871,2954,1017,9245
2502,6257,1655,5177,5594
8416,2307,3337,4395,5885
0,1740,6196,8539,1534
4999,6769,9619,12471,671
4098,2673,1846,2906,6651
7973,8396,244,8601,8445
11200,9998,2425,4763,5565
9632,6030,5658,2587,8509
8582,10125,6096,8662,5462
9573,5581,5592,1531,2974
3981,6863,5907,3896,5049
11626,6892,5717,10518,6775
2889,6159,946,5849,1692
1648,6675,8406,4794,4094
6146,1382,10352,3602,531
898,7845,9879,3323,11644
7683,1208,3610,8285,12415
8708,3303,6731,6653,10431
10438,10887,11117,7635,9658
1033,9421,6676,4284,12095
9669,5266,755,1373,7807
3009,680,12108,7830,957
2945,9155,1050,10717,2750
8263,12333,8726,4573,9918
5447,1544,1481,306,567
4736,933,1767,7502,831
5093,3630,2895,4732,1885
3778,9803,5293,5747,2559
8576,6309,2420,5013,1403
8806,6829,8376,569,7964
2020,4464,50,2873,252
3785,1225,7438,2068,6719
4547,10223,3445,2870,10653
461,8621,2097,3986,3710
2592,3302,7628,5076,7732
8998,6279,8849,11892,5400
1505,9554,3252,6550,7450
8096,2178,11622,6036,8380
12035,5742,3728,7091,10842
4611,6275,9413,3658,2929
4078,11665,8051,3832,4733
12613,7694,7448,7933,1726
4993,2758,5099,2322,9946
1667,5129,4778,8332,10526
6945,2918,10956,7729,9777
9282,1252,1129,2672,1684
1668,1957,2187,850,1086
427,6573,3344,3862,4185
2391,7610,2301,2398,2493
8097,1958,1358,1629,3871
8675,5905,3767,3897,5212
6497,6661,2219,11383,1464
3973,6065,10642,2836,8031
261,6830,8562,1270,9471
7114,8463,5912,2330,926
10275,1127,6539,6637,11729
10466,8006,4715,9004,12191
4779,10860,11212,4568,6108
2470,650,5486,2485,9593
7520,4293,10124,9362,5375
6854,11438,7796,6805,11546
6343,2511,691,5976,8639
3022,7152,4852,4025,10493
5798,10926,11314,310,7771
3552,6283,10156,3314,2491
4739,4557,3309,47,3417
1157,4746,5048,4571,9887
960,2410,5681,983,9214
4944,6577,6513,16,6076
2464,2114,8996,2860,854
6250,84,2107,10461,9630
5668,7334,6217,8150,4598
6816,4231,1482,2257,3450
3394,356,8748,4972,9400
8198,1576,1299,6617,6490
4249,5782,3126,4441,8315
363,8784,7602,7928,5821
7307,6385,5398,1691,3260
2475,8395,5617,6807,7422
7363,8363,3026,856,4921
9152,2436,7495,5901,2833
7853,1970,1587,4949,2879
9667,1480,2314,10541,3060
7812,8123,975,8313,6619
2176,4877,5101,947,2676
7758,9870,3727,629,8824
5026,4674,70,1366,4158
4522,44,10959,1526,2364
2059,336,3474,1812,8632
5958,1705,4396,6323,10324
1474,1768,5529,1723,4957
8032,9064,7592,5419,5777
2514,7506,9627,6811,4031
8682,9098,6862,7227,6143
10503,8778,12400,6935,10360
4618,12106,2228,11382,12409
10178,5575,917,9047,3928
9728,3617,5166,6455,1374
8803,3108,1547,7795,10462
5347,8484,5225,9035,5946
9793,9057,10478,2543,7794
4641,9710,4658,5626,10140
8962,10760,1099,10068,7454
1188,3179,147,8317,8605
3079,3211,5203,1400,9083
5608,11722,9966,8312,7455
6245,11540,11157,10006,536
3587,7240,9580,1198,9844
7648,3907,9575,9916,4925
1731,6451,5814,2489,10270
5580,1040,3347,7774,8991
5035,7565,11802,9082,7199
6602,12010,7054,11984,9874
11544,5992,9645,1752,9791
2535,8876,8783,3380,11101
11625,10186,9558,7995,10301
6305,9826,1321,9962,8925
5618,7890,2038,4472,7869
10787,4517,7693,2642,8378
5761,9923,8138,7597,7614
1633,6609,6292,10938,11263
4353,11756,432,8373,5113
7946,7309,10675,9019,1789
9801,237,3249,10258,8347
11970,2061,10350,10003,1301
10567,1046,10743,7421,445
5959,5578,1937,11547,8572
10994,915,2550,1307,9180
1088,8614,8873,6542,9150
4513,11564,5358,9113,2203
1122,5644,9011,11192,10398
2288,6815,8978,11064,7160
12225,204,1197,5613,6463
5376,5891,518,7530,10587
6122,2992,785,1491,6903
5666,4291,2437,12363,9372
9409,9746,7604,3165,11294
3010,2183,5234,4888,9182
672,9953,9607,9390,6015
12074,8112,5558,9436,767
2948,7941,11541,8854,6014
6403,11940,7471,10172,1918
6821,8358,9480,12780,9393
3169,9377,10373,9037,8913
8664,4942,2168,2011,12508
3494,4046,11697,8276,10364
10311,1327,6961,11222,12023
7791,3797,7509,3703,1630
9700,8519,8654,5812,6681
11364,9448,9530,9748,7866
12064,1029,5863,12465,12180
9249,9075,5911,7096,7837
12483,10948,11880,12528,12308
7759,3636,11260,2910,12287
7208,5899,6860,1202,4946
2754,11273,2634,6922,7516
6023,9288,2160,8658,6739
6179,7686,11852,3961,11098
12240,12401,9457,10329,10846
8832,9545,11818,2316,5492
7433,5519,10768,5426,8247
10113,6851,6475,7184,575
4354,4774,2988,2675,1183
6373,5259,7437,1429,10040
9473,9300,7193,1306,3423
11298,7079,1262,11387,4124
10814,6538,9556,11671,12414
10338,7716,8423,9197,9309
8716,9776,2647,6684,6206
5216,10575,241,9427,10559
328,7537,6741,10299,11580
2402,9412,4623,11640,6553
2372,3823,10289,8853,4700
10756,7407,11121,10770,9982
9891,2824,4339,2134,9853
10544,8400,10579,8918,3032
8746,9038,10734,4848,8412
7336,9234,246,281,5275
901,4811,3916,7636,285
11363,8520,1612,10578,8567
8079,2256,10577,9779,3348
9219,8964,10137,5051,7647
11104,8202,10510,7247,7804
10952,9164,7699,4730,2908
4931,7733,8021,1530,2109
4929,3107,5230,1201,7391
3201,3906,7974,151,4123
8932,7304,269,4399,6448
5952,5604,265,6411,4467
6784,6209,8297,4815,2513
5095,8843,7546,7542,986
8328,6090,11698,6423,5209
3968,9701,2578,9492,11319
10848,8385,7631,1234,5752
7714,8066,5355,7382,5017
1187,5595,9819,9277,8191
8493,10228,86,5786,10174
1761,8134,8518,5322,5439
5377,9805,240,9623,4346
11552,8393,5649,4722,5469
3954,3924,9525,7255,11803
2496,10987,8142,10260,3675
6977,97,2607,2608,10193
11306,5134,11023,9366,10494
6845,7819,1647,6865,9501
1825,4871,491,9138,1844
227,7238,5937,7601,9117
7,8042,2486,8054,1951
3520,10658,8643,9266,3643
6881,12546,9636,10262,1465
9569,5700,10318,10322,3355
10816,10279,4524,5523,3199
7270,11342,3857,10836,10813
7020,11760,12176,8242,11069
4066,11049,10673,5174,6332
1730,8235,8974,2813,4543
12098,9606,7368,10001,11731
10631,6444,8207,10290,11933
11927,12908,11090,10295,12666
8900,9286,10638,5199,10898
11329,4705,11754,12279,10715
3056,4400,12624,11219,11484
11009,8354,6252,10875,11293
1222,7832,5811,12312,6750
2630,5615,7893,10522,4991
3424,1026,1128,4341,4989
7489,8583,5036,6642,2715
9954,10502,9644,8560,2453
5100,653,4911,9370,9756
6886,8486,4207,12084,2302
6884,8196,1861,6313,4413
6885,7366,7663,3219,6040
8102,2024,3372,8563,6772
9795,11209,1515,5331,8153
450,4520,3882,619,1260,2973,1680,914,470,157
3649,8930,8074,1689,7517
8034,4552,11529,10637,4205
2663,3563,9837,9463,6296
11468,7698,3701,4437,6879
11171,6312,7730,11733,247
9924,4967,3080,12398,10749
7456,2182,2472,8523,9116
1348,5838,8759,7930,3679
10821,4613,10730,2554,10877
7467,9132,11536,10871,9373
10447,10417,7130,5598,11647
647,42,9426,5143,10937
12242,9683,7447,11358,9823
7556,11337,330,11182,10353
8265,8650,12745,7760,4407
10498,9773,5616,9685,7000
4065,9640,6930,9396,1784
7370,7499,8623,10771,8829
416,642,3528,12457,1906
6121,622,4280,5657,2045
7680,12068,8989,3958,8221
3362,939,12561,7228,2174
2731,9201,8530,10903,10362
8322,9383,12553,12814,8434
9028,6664,10583,2744,3615
11458,12356,12709,8683,6973
4836,7207,9160,211,8725
5538,6546,10134,5719,9592
7008,2786,3908,5392,9526
4172,4863,3476,4218,5759
4007,5200,4662,5689,10171
6176,11746,3117,11155,8342
6083,11372,9358,9654,7065
9796,12007,651,11408,7922
484,11335,6889,245,2588
7328,10851,4259,298,11964
11010,5861,9865,9903,1694
1568,2274,1414,8851,5974
9001,2033,2194,2706,6557
6533,2667,9999,5531,668
1738,3020,4335,279,5787
3595,9233,5714,5299,2399
6282,1773,1521,4914,6555
9994,8780,2934,10202,1725
1409,772,2922,1163,6910
2787,4357,3979,8718,9465
6657,8005,8776,2867,1498
2691,3470,625,5718,1852
6563,3529,977,10645,1628
1608,1106,2682,5501,4958
5414,7657,6220,2957,4334
1280,4108,1172,1816,6623
1932,2285,9357,5939,7836
5991,10896,5394,3322,635
10116,2057,11503,5269,1528
7333,6322,630,1399,2844
3744,6725,4105,5834,3438
2246,6958,10581,11230,11935
9890,425,5584,401,9618
10690,11942,4166,11019,4538
2958,9781,7222,3256,10015
2434,8004,968,2320,2869
11840,11205,617,11184,8059
4064,9858,6028,5079,5434
8804,2854,10220,9298,9851
1185,71,9228,1210,7035
4201,7082,8397,4463,9816
2343,2921,9002,7375,10513
4650,3148,10093,9262,5970
7105,6915,8044,8603,7996
7810,9635,7087,11869,9278
8740,8106,11307,5744,2388
8641,7400,7947,312,2238
1316,8230,8456,4938,1971
11810,10024,9332,4377,7839
8011,2989,2421,12310,8216
9313,8898,11723,3152,12115
1666,8180,2710,9114,6911
4896,5796,5981,3358,191
1384,3119,3096,9533,5406
5066,4402,180,10709,6298
9539,11237,139,9910,12343
10372,3754,3275,5237,3063
74,9455,11095,10652,10204
1351,12149,10103,11194,990
2500,7046,10764,3310,8666
5858,8966,12667,6396,5407
12493,1519,7159,10714,4126
6632,9387,10414,10389,2517
6536,3697,2966,4470,6458
6668,9260,8975,10291,5784
5030,11451,12534,6459,7711
12485,5701,11045,9544,4216
8361,11636,10740,5208,12761
9988,2021,4200,6512,7765
12480,10916,8489,9876,10742
7559,3816,1869,12177,10173
10691,12713,11787,10713,3291
5122,6762,4587,10672,9649
2528,4452,5136,7512,5246
6508,3341,3216,3769,10207
9248,11108,2034,6548,10557
9280,11144,10990,10158,9947
8001,11464,5612,3125,12470
10723,10854,10758,12045,11065
5029,2599,11242,9973,9050
8963,10671,11761,4248,5465
9538,12399,7216,1681,2815
7141,8231,1454,2619,8124
4868,8946,3571,8244,7670
6338,11496,1704,9017,8159
8933,4973,7951,3122,11448
5190,5069,12570,8763,6012
8770,11890,9334,11036,4159
3680,6921,8076,3281,11793
1925,8167,4873,9016,3422
3361,4272,10965,9751,5980
1186,5252,1509,7603,628
1463,226,169,1328,656,1233,5590,1590,1564,572
6,2087,1770,1931,1753
1540,6089,7689,7051,4370
4289,965,108,911,209,146,659,439,3225,61
6824,8047,1494,6172,1150
4232,362,236,4880,885
1504,646,1779,5239,2047
3524,2533,6614,7289,1599
9697,6663,5175,9301,1207
8225,611,9039,11347,9341
8229,10699,10550,1847,2233
4742,12456,8399,10616,2366
2567,11959,4692,10966,7959
10444,7505,7153,8697,12125
135,11432,7410,2268,7900
8514,6248,5800,851,6591
9419,11537,12089,7613,5182
5185,897,4678,2985,10507
9696,1060,1832,2416,8766
10440,7306,4430,10488,11288
7844,8714,10443,7955,9845
2563,1068,12017,5778,1267
4004,3272,5227,1135,9331
8742,41,8917,442,7230
4642,6052,6853,7816,6580
7009,11720,10826,4155,254
5386,5611,1584,6324,10591
10532,11755,6320,9596,9693
2404,6380,525,3836,7903
2692,2349,3190,4374,1020
7623,9639,8398,10393,9338
11040,5767,6333,1881,9085
11651,9833,7786,9267,372
11584,11246,12079,3957,1814
2462,7912,12754,7164,11102
6499,10823,7815,2329,11610
11817,5772,7539,8860,11103
10030,11669,12727,2617,9629
12448,2185,7857,9139,436
12679,12012,5362,9842,10296
4142,8431,1112,10909,1983
520,10735,10128,11132,4382
11907,7428,9897,9142,11581
11232,9729,10504,10294,3898
8678,11788,9747,3189,4023
9889,12650,7756,4625,10548
8646,9553,8785,8915,8223
9892,9255,8879,8688,8476
11528,113,12081,8372,11511
9094,5388,9583,11096,9242
11799,11917,974,11988,12055
3464,11406,7311,6902,10712
5161,3817,8043,5966,6897
7876,6792,5515,1744,888
7457,2803,10164,4019,408
11373,5972,599,7003,508
11427,7865,10166,8057,8252
9857,5380,11557,12178,5334
9582,690,5817,6556,6137
6574,2638,3410,10263,7419
4544,2764,9073,4050,12153
7403,10227,5556,8116,11737
8745,1136,10391,11416,12543
9768,9102,6575,11343,9398
3267,2350,10967,1081,9854
12355,10883,10181,2728,12059
5092,8037,101,7177,238
10882,8721,11795,11062,10781
3893,967,27,4505,2939,1215
688,54,1352,329,954
2346,1228,109,1518,825,2494
1696,1190,464,273,1586
1921,777,2383,2163,1758
1077,1141,117,1078,892
677,1355,660,316,284
130,499,500,998,1065,522
145,12406,3864,12492,12126
675,357,1003,591,1212,792,154,1276
163,2694,3282,1619,2743,2557
4417,4872,5296,2742,3101,1886
166,934,874,1428,662,187,1151
1220,266,1419,1258,907,503
865,610,365,910,463,304
198,6598,2713,3965,7390,1487
11745,8738,8739,11833,7611,1913
10584,12464,9812,9240,7293
9601,12167,208,11473,3354
12451,11877,6908,11709,12446
10753,12726,9783,9720,11770
249,3400,5931,6832,5072,4057,3098
5665,6082,744,2890,5004,6996
3104,5475,1027,291,4677,4071
12033,296,10802,11032,10972,2653
12809,10766,12304,12244,6938
10819,7752,12041,12499,7389
12385,11431,6699,12283,10556
12203,11308,12527,6384,12663
11136,11250,9203,12407,6202
3296,9968,6326,6685,302
9489,2947,4835,3607,314,2604
4460,12365,12305,6871,10681,11006
9505,999,8136,327,9901
1954,3149,2294,985,347,2781
2112,1888,451,1709,2933,3030
3328,3681,422,359,3881,2761,523,4620
4800,12756,389,11767,12105,8426
704,6690,2886,393,8911
4707,8749,7803,752,10523,6079
1537,2818,8107,3095,2654
10369,1988,7278,467,11199
5232,3363,8473,471,8457,1149
2339,3780,9821,11822,2649,1085
978,11188,472,10141,8958,11327
11236,3237,8874,6125,11864,5882
11716,10662,12092,11563,10157,10002,6291,3956,12316
11841,11813,5672,10572,12830
12235,12813,11311,12309,11291
11297,12806,9735,10759,9739
2119,10827,9804,9677,7762
11330,9162,12746,11992,12735
10179,5350,12518,12214,3519
12744,11725,11218,12371,11359
12390,11400,12498,12402,10683
833,12612,10889,6794,11481
3746,9352,10892,4244,473
12193,10632,12723,6131,12507
9895,12458,11435,11443,11998
9415,12200,8905,11965,9951
8928,9101,12537,12762,11679
10976,11522,7569,12699,12542
6435,12004,8485,10710,12281
12522,12567,12057,12573,12063
10022,12583,11047,6959,11699
12772,12774,10219,12784,11514
12547,10031,6965,2871,12604
12114,12052,9718,11097,4959
12640,12135,9576,9578,11772
11654,11558,2923,11629,1901
12802,11140,12677,4987,7551
2208,1777,2037,501,857,510
8987,2853,5423,2005,5686,4725,505,8699
4643,7814,4017,2358,1051,3998
709,4199,4458,5041,7988,6652
1286,1611,3446,2620,1917,511
514,5001,2796,8214,12216,2681
10019,10149,3724,12173,10925,12782
7697,8810,555,6238,9055
578,12069,1939,4790,11519
12832,10432,7595,11916,12790
3874,9762,11918,6814,9759
10405,11063,9271,7863,10618
3682,8836,9736,4953,12671
11105,12770,12771,8831,11871
11494,4710,9713,11125,9786
11393,12482,11463,3157,10839
11425,588,2935,7894,6810,8506
11616,5412,7205,9224,3506,11736
5526,7273,733,638,3215
10531,10995,3579,7768,8537,10459,639
8451,10309,10536,7561,10986,8111,1393
5154,5381,8118,663,3193
2113,1945,1545,746,684
10437,3564,3539,11924,693,12662,12187
7427,11603,7989,10455,9368,12828
8608,4934,9131,4723,9557,12638
1120,3886,2259,1556,2548,3007
2243,3336,1199,2267,2556
1032,713,883,1140,1401
12738,8802,11750,7430,10251,10284,729,2553,859
737,1602,1315,2273,821,2198,3385
1962,4236,1359,2065,759,4792,1819
3554,6284,2419,1107,6169,6042
2946,2148,3205,4712,4622,4302
11176,10280,11789,11118,2321
6501,11849,9868,10096,9976
2337,779,11599,6270,863
10784,6625,6671,7476,10974
9765,12266,7435,11857,12250
8896,5830,8075,8753,10099,8083,6328
8330,7404,6319,8598,5495
9476,10247,818,12054,1499
3923,2772,820,2170,6046
2658,1219,2884,966,3473,2835
2305,1898,843,3887,2353
10050,10984,8910,9176,9497,11743
7425,10082,9067,844,1813
5348,10345,11116,6476,861
12739,7021,10511,1782,6520
12353,10530,11588,12488,9292
862,1794,4629,1134,6636,7838,5503
4436,4789,4951,887,2701,2735
900,9349,9638,2056,3755,10255,10388
11456,10596,12551,9832,9361,12284,10941
8640,973,8782,6354,7898,988,6589
5027,7492,7883,7885,2450,5975
2400,4276,1031,4875,8940,5518
1091,3254,1064,3113,1066,1516
4423,3271,1711,3251,2393,1084,3709,3839
12077,1110,11414,9752,3993,10844,11455
6500,12036,5765,10183,10474,9708
6976,5941,8631,5256,1113,10328
11645,7418,4500,1146,1243,9981
7104,8195,1224,2457,2221
3264,2913,1617,3640,1289,3725
1313,5522,2696,3849,1562
12384,3137,7586,10420,1364,12150,4265
6529,9506,5193,5482,1497,1370
4164,3175,1386,3918,5493,6233,8351
3521,9058,6436,6990,9013,8182,8349
5077,1416,3691,4427,4072
8391,9006,3247,4687,7740,3901
4010,1843,3221,5078,5405
5442,2310,1446,10226,4278
5536,11457,5410,1483,9620,10837,10678,9335
1507,5064,9032,5709,3124,6010,3931,4028,5822
4005,1772,6669,1496,4251
4194,1575,3788,4220,2143
3012,9127,5385,7372,2490
3590,2252,3662,1742,3391
3883,9172,4022,4188,9855
2962,10199,3803,2428,3326
2636,3000,1914,3996,1855
3970,3655,1644,3987,4120
6276,3750,6157,3055,3951,2385,1659,9852
2338,3589,1686,2455,2507,1879
2161,1714,2131,1799,1687,2077
7664,1857,5990,1722,2126
11046,12071,8971,1775,10607,7121,11223,11193,10300
2369,1793,2149,1863,2041,2300
3382,6166,3834,3195,3036
1795,3242,4146,2773,2938
12554,12490,11022,12207,12208,11705
12417,11234,12335,10554,10943
12685,10382,9969,11958,4156
12013,11888,7186,9143,11130
3878,10985,5167,4024,3773
12322,1809,12819,11221,7317
11460,12265,12717,12209,12593
12389,12494,10932,11353,11967
11073,11587,12099,8550,10463
11713,11683,12459,11510,10908
12416,11911,9353,11881,12157
8769,8065,8997,8566,7098
7842,10788,5642,10027,6876
1824,5756,3091,5623,2700,3405
7103,6987,11407,10962,11826,1845,11673,9215
1905,6116,8166,10475,10427,4717
2204,1912,3147,2748,2060
1915,11333,12039,12629,9270,8571,8542
11008,2862,8655,12302,11380,11543,12408
1922,4484,6757,6535,8211,9467,9726,10687
2976,2723,3306,1943,2481,2483,3255
3239,2920,3514,3357,3838
3585,4002,4107,2381,2355
12449,4360,8912,1968,7987,7993,9820,5054
12712,11594,9168,9648,12372
8450,12803,12422,8262,12270
12515,9763,10915,12263,11997
12481,12467,8692,12597,11895
1969,9813,9559,10043,8733
3340,6773,7194,12476,12062
7264,5539,9615,2480,7282,12633
10083,7621,11077,8199,9586,11901
4097,2025,9706,7024,10930,10738
2144,11954,10539,9964,2669
3236,4584,2797,5553,3955,4761,2172,3933
11249,12195,4358,9495,2248,11052
11811,11562,11952,11666,3541,8729
10209,8613,10413,2293,11576
4590,4015,2897,4979,2718
9543,3212,6584,2299,7518
3584,6272,10342,8916,4469
11619,9461,8679,6059,2335
2401,3171,3112,3181,3280,2611,2904,3167
8993,2407,7669,3483,4862,2975
3208,5003,4044,2741,5087
10689,11173,2503,9289,2478
5378,2501,8842,6835,8788,3287,8890
7908,5102,7441,6999,8442,7133
11554,6120,3308,6545,9975,6943
2851,6230,9207,8187,5343
7841,4326,6060,3547,4575
2668,5932,4910,3471,8693
6913,4844,3671,2520,5883
3045,5389,3693,8752,4542
7302,5965,5338,6427,6749
7779,3047,6599,6222,8088
8480,7649,5258,4180,6776
8924,5387,7319,5116,6303
8674,3714,9062,10535,9194,11828,11100
6434,11459,6586,7932,6783
2532,11975,10953,10481,4818
3712,2586,10872,10473,2698,8491,8895
3136,3747,2645,3319,3516
11112,9771,12083,9877,4373,12538
4773,2664,12138,10091,10482
5056,10692,12294,11033,10271
2688,10944,8552,11465,10603,4941
9512,7880,9678,3824,10811,10812
10982,10377,7660,6290,5015,11035
8353,9222,10922,12654,9936,5144
6051,3684,4102,4935,2717
11655,9521,12241,3892,2727,11321,11981
4865,8161,2734,4051,7700,5781,8019,5593,6747
2736,4883,4083,5513,3949
8421,11210,12620,2800,6109
4608,7364,3436,5270,11639
12103,9738,12110,10958,9428
6534,7976,9005,9940,12024
2857,3565,6256,9840,3346,5749,3318,5401
7972,5198,8882,6738,7029,5654,3677
5542,5640,4525,3376,8633,4699,2911
7296,11109,10954,10858,9231,3024,4626,3093,6198
11424,11808,5091,11076,10000,10801,3039
12160,5222,6170,11164,6398
5540,11304,3123,7190,12765
12421,9487,9719,6265,12286
10176,12171,11627,10669,12155,10142
4801,11334,3062,12183,10169
3072,7028,3717,4646,5525,5695
8386,11048,3090,9330,10132,10520,10527
4006,6953,11120,11897,9950
12009,6672,9072,11607,12347
3114,10833,12473,10491,11388,8735
9218,7875,3304,11848,10005,12251
4955,4821,4184,4906,3131,3855
8293,6377,7849,9417,3982,3151,6104,4635,10206
7498,6098,12307,3605,10845
7361,3334,7879,3210,10509
8834,4899,7587,11053,12174,9775,10992,3283,10807
9938,8466,9081,12571,3292
4450,4900,3815,4586,3343,3953,3667,3768,3770
5664,5586,3508,4709,3350
11809,11977,3828,12120,11993,11867
12165,10505,11979,3373,12182
10754,8970,10543,10703,10230
3455,9097,12649,8240,5278,4095
11983,9941,5497,4891,8444
11555,4771,8581,10023,11539
12331,4559,6644,11000,12060
4576,8329,4298,8625,10643,9652,12243,6972
10244,5291,3535,8213,9977
5217,3463,10248,6800,5820
9477,9770,7219,11862,10012
6464,9572,10216,3481,11402,9883,9469
8035,9284,9445,7655,5646,10546,3507,6743,8286
3593,6219,4380,8109,4493
3708,6562,6299,7015,6955,3596
4704,5569,4928,5219,3665,5624,5065
5648,6084,4198,6519,7016,6601,3707
10386,9829,10261,10776,3721,11214
9788,9991,10408,8651,9709,10127,3804,11134
7432,4905,7914,7468,3821,8338,5372,9086
3905,6124,5715,8984,8761
5184,6755,7077,4842,3983
7818,6347,6447,6770,9460
6247,6288,5712,7935,9183
6075,9291,4748,5521,4283
9196,6925,3990,4630,4636
4294,5257,5080,7806,8479
9399,4654,8596,4887,4697,7034
3875,6307,5799,4300,9052
3977,7469,5682,3891,8825
6658,9485,5071,8889,8985
7175,5844,9146,8156,5725
9359,6032,7924,3991,4255
5323,7340,7501,4375,8503
7872,4998,3984,4666,7067
8736,5537,5825,3992,4297
10374,4008,12170,7788,7888,11472,4856,10366,5631
4274,4082,7191,8010,4940,7214,8447
5186,10564,5317,4101,9931,10412,12921,12541
9024,7239,8041,4110,5679,10094,9009,7359
4292,5549,7251,6486,6967,8827
5344,7169,4422,6728,7535,5231
5545,7823,6353,5298,4980,4127
5156,4903,4649,4138,4943
6086,7283,8852,7605,8185
5988,6158,4149,6391,8344
10112,5764,5169,8375,7739
4805,5554,10739,4308,7860
6947,6502,4238,7983,8465
8815,8944,4753,6130,5621
8417,8723,6452,7353,6779
6624,6561,5514,4209,6388
6330,8073,5201,6161,4245,7094,6583,9402,4539
6468,5510,6311,5335,4267
11569,11839,8099,9513,10799,4287
8164,12005,11016,10061,9810,11989,6875,7644,8798
12032,12227,10246,5576,10249
12324,11070,11963,11710,11807
4352,8165,4904,9965,9389
10210,11312,10933,10553,11834
6704,9407,4387,4597,5356,9199
4488,5705,11502,12015,12692,9911,11513
9283,11909,11782,10215,12615,12141
7747,7013,4518,6568,5610,7981,5877,7962
10145,4550,7918,8722,9076,12443,4924,8862
11266,8072,8841,11688,11913,4684,12116,4604,10429
6112,7398,7911,5451,7408,8337,6162,7320,7356
5605,5224,9320,5422,7581
8544,4644,6597,6027,8877
8704,8320,6129,9908,4857
6986,5809,5622,6678,6906
6882,6302,4759,7066,5739,4750
10722,10763,7313,9494,8636
8290,7910,8299,7117,7708
9329,9818,6650,8796,5534
7248,4820,8501,8218,8668
7969,8709,10214,5866,5867
7808,6317,10354,9268,9784
8163,8040,5577,5098,6516,5021,7582
5313,9000,8370,4824,9755,6461
5505,5025,7975,6376,6193,6077
9585,8532,11348,4870,8379,11663
9687,5887,4876,8775,10074,8204,9071
9120,7971,6569,5869,6995,4884,8700
5504,8772,8425,5933,5264,5559,6847
9761,10346,4912,11313,7166
10791,7116,5843,12698,11483
9418,8175,8500,6043,4988,6366
5250,5507,8967,8591,7550,6399
5248,5424,10257,5938,5627,5532
12163,8676,11556,10993,8307,5110,5211
8038,11174,9926,5929,11442,7925
9541,9095,5963,9356,11346,11609
5152,10497,10594,12769,12644,11693,12375,12282,12061
12512,12775,9927,8904,5194,10200,8541
9665,7395,11524,8617,11786,11851
7625,6345,7084,7483,5243,8477
5409,8360,10285,6446,9367,6585
8866,5456,8816,7536,6359,5880
8545,5288,5307,7226,6331
5357,6576,8657,7161,8891
8387,8009,7658,10319,10490
6048,6818,7321,5481,6175
6592,7461,7148,5487,8304,6645,7992,8122,6267
8420,5900,7764,6456,7967
5735,7470,9650,5620,8822
9536,7235,11796,10996,5647
10017,10611,5671,9672,11357,10014
12740,12229,8805,9831,11657,5677,6259,10835,11479
6496,6691,9510,9319,7662,7325
10148,7878,7290,7452,7645,5886
6277,6342,7529,5842,6195,8893
6722,5847,6200,9033,8346
7552,5955,7527,12238,12500,11769,11002
12425,12172,9935,10066,8306,11578
10232,5961,10217,7053,9279
7329,7380,7349,8921,6859,5982
10917,9206,10407,6072,9772,10239
6367,8071,7560,9003,7896
6450,9511,7705,8828,8511
10979,12484,10403,10119,6518,11099,10524,8413
8800,9861,10032,7063,9181
6924,6608,8731,7677,7327
9154,8611,8615,8152,7466,8267,6655
8069,9225,6697,9212,8141,8535,6936,8284
7360,8801,7682,7619,6819,6840,6975
12354,9061,6981,12793,11835,10092
10048,9634,11240,6985,11948,7921,9653,11261
7040,9316,11945,11533,10225,9980
9440,11202,7385,9724,12670
10224,11122,12088,9275,7165,11391
10152,9244,12463,11568,8988
10441,11850,11659,11600,10264
9920,10569,11179,7948,7342,9939
7939,8233,11925,8120,10110
7696,7702,7531,8604,10477
11919,7568,7825,12146,12276,12378
12168,9546,9326,9529,10138
12579,10115,7606,10348,10045
7728,10593,10980,12053,9959,10840
12514,12327,12587,11545,11229,12799
7778,10728,12118,10007,12732
11153,8303,7927,10203,10159
11526,10633,12306,10515,11123,9205,11158,8090
9825,9702,8807,10472,9129,10028
10755,10410,9134,10830,9295
9867,10508,8271,10864,9430
9091,8586,10060,10130,9363,8534
9493,9621,9880,10073,8507,10047
9059,8875,8556,8365,9263,9712
9281,9140,10101,10037,9913,10106
8435,10436,10789,9175,9675
8864,11360,9433,10421,9814,9174,9961
11369,11089,10194,10483,9012,11126,10838,10808,10042
9200,12273,9060,11111,12185,12234
11074,10211,10340,11042,9707,10062,10351,10651,10079
11137,12194,10451,9914,10011
10945,11396,12680,9928,12349
12452,10724,10089,11114,10861
10496,11820,12338,12403,10677
11283,11028,10102,12438,10920,12330
10384,11777,10435,11915,11005,12078
10576,11859,11332,11605,10598,10445
11151,11345,10449,11251,11092,10901
10849,11370,10774,11163,11324,11007
10949,11119,10991,10484,11254,10614
10978,12405,10822,11031,12665,11322,11115
11107,10899,11141,11480,10923,11437
12066,11204,11845,11340,11955,12021,12056,11771
11785,11739,11446,11929,11611,11390,11903
11843,11717,11847,11949,11854,11728
11411,11972,11702,12440,12426,11420
11617,12067,11926,11914,11423
11601,12228,11461,12710,12198
12320,11490,12211,12362,12300
11595,12591,12752,12913,12562,12822,12382
12386,11747,12517,12870,12934,12935,12815
11732,11957,12028,12109,12766
12196,12741,12233,12299,12237,12111,12159
12006,12070,12714,12795,12605,12255
11969,12201,12397,12145,12599,12603
12496,12611,12325,12533,12730,12619
