3969,9730,2,4100,2180,3847,3591,4745,394,13,6802,787,10003,5272,4506,7707,4125,2719,32,2340,37,2981,6310,618,6187,4780,8627,819,5046,2615,1337,60,9021,830,1471,3652,2244,3018,970,5710,4561,7508,6869,4694,3031,3288,7127,87,4446,3935,1248,4833,994,4067,741,9703,3944,3562,1642,4204,11244,3947,623,6000,1137,4081,2546,884,4213,6390,2551,4089,763,2430
3490,8014,1238,3577,2105
5920,1732,4816,10396,1757
834,4866,1492,5588,506
1635,6031,4754,9305,1435
2251,6923,3120,3771,2685
4258,938,2704,6004,3765
771,202,1780,600,411
231,4945,7763,7641,7642
2689,1221,877,2509,1563
4290,5450,3503,912,443
290,6469,3853,8980,3453
7904,1701,553,4239,1076
1632,937,1837,6327,6424
2757,1450,7274,2188,5179
613,1259,6682,5149,922
4716,1005,4432,4434,3159
1090,3626,3894,951,760
4481,2279,7690,4751,5916
419,10283,267,3441,1055
4322,3715,6864,6839,123
7137,10151,4726,6937,4223
5670,5353,4118,2326,1470
8992,7784,1640,3183,4689
10056,1227,1679,4923,6526
5059,4490,2099,9689,346
1376,8907,6102,3865,222
2216,6058,7862,8441,2876
3053,1263,5840,1331,4439
2660,5359,5878,25,4349
1447,1425,2164,4918,2874
454,808,435,6395,1022
5061,46,1620,2837,4566
5124,4485,4682,3416,2846
452,3430,1360,3827,5240
2088,457,4058,190,2495
6153,2186,3884,2096,2395
1472,5284,2408,4143,8979
2753,3266,6465,6888,6362
608,1960,4139,2768,3071
2405,6566,648,1466,3135
2629,6088,107,5196,5365
1955,1096,4499,2644,3419
9088,814,3443,4381,1727
4385,3523,10641,217,925
8367,7984,6063,4151,8696
5251,2086,2348,6132,7835
2657,6861,4589,78,1594
2724,1862,7209,4683,3327
4224,800,4555,1846,4637
8291,3625,2505,991,10815
7394,3209,7917,8335,7253
1158,5037,5774,1104,2044
8774,6506,1052,5807,1916
2376,2154,6483,11542,4510
8448,5825,2498,1762,5573
1440,3170,3019,2877,7743
867,1459,6716,3006,8478
1191,775,4585,2004,8053
4282,2901,6009,9850,4766
5249,4744,9226,4974,115
739,1012,8471,3863,924
6346,4117,4501,3127,6008
224,6155,2861,4527,7511
1380,8169,3345,2807,4600
1993,1865,3757,2225,5016
1443,1253,1320,1353,6928
8771,5034,7413,661,3967
6316,2927,2679,9498,2205
354,482,4632,29,3807
5541,841,6509,1174,1273
4864,6006,5723,5245,4479
3142,6183,7593,747,7030
7748,6600,621,7088,1303
2885,655,1265,3731,5596
641,1804,2451,1340,2431
9508,10597,3472,210,6397
5795,5914,8028,734,7167
3777,2211,3401,852,52
3586,5865,5770,1554,1436
4897,7746,6771,5111,6808
168,3859,3509,8407,5241
352,3914,2356,4378,2141
4165,11080,3150,4526,1527
103,424,1836,1999,1754
2051,2441,6236,4605,8287
5101,3025,1718,6074,3581
2336,7204,7080,5108,4565
1990,2646,5945,2331,1503
5637,1039,6900,3349,3994
2240,4995,3940,5321,2515
2641,2677,1116,2429,2079
9056,3792,369,2809,2394
7458,3238,3530,7538,8884
320,1857,6126,2931,1663
3684,4965,2822,215,3259
3460,3206,10856,2001,4435
4514,2245,7178,4656,7474
3305,6321,3959,2808,2427
3913,6479,6899,5432,5983
4487,8941,2575,4474,2751
3116,1042,3700,509,5183
7585,4144,3635,6133,7519
2720,6823,6314,3669,537
5728,6696,842,2325,5758
3207,4424,3467,1230,3442
2304,6670,1743,3668,277
4706,676,1508,5261,2558
1061,3756,5294,5785,7195
1216,6438,3699,3321,4186
5028,4932,6281,6733,4531
488,2793,781,3601,2323
8301,1294,6607,2392,5403
1031,4393,1324,4365,2771
7745,3370,2763,1839,8371
2400,3052,1621,1302,728
7554,4679,2953,4137,7757
3202,5254,3572,1493,183
155,943,5045,8790,3899
2342,5513,3806,6389,4222
7273,6702,1811,1944,3966
1478,4653,1549,4696,4795
33,8588,5614,5713,7261
260,4102,3094,218,2717
7719,5480,6440,7019,2714
3234,6178,5371,1821,4190
2467,1899,3475,9276,703
4083,2261,3607,8056,4986
2848,4578,4649,595,381
3403,3949,1933,7828,2138
8228,3685,7126,4312,4895
6344,4233,1004,5168,1589
2977,645,3273,2733,7634
8872,6062,5551,1659,126
2055,1100,1520,3608,8698
6471,1461,2518,2202,1372
6119,4109,4822,5306,3486
2113,3764,1300,375,8440
5312,1156,8392,6514,5823
289,7747,398,9681,447
963,4013,5975,988,8190
1573,5096,3538,5527,7966
1171,3414,4663,3196,4607
4518,3404,4428,719,6485
6628,7475,7155,3895,5023
1058,5926,9447,5562,3387
3656,1164,812,4660,3644
5870,5008,7571,4661,6011
10308,6093,7286,6713,1626
9896,459,8593,2359,1406
4769,3077,9303,1623,1439
6849,2852,1682,90,542
4645,3822,1562,8986,3999
3872,8482,3559,4978,2811
449,4840,7056,4528,2940
8672,4419,4451,3621,9273
4992,66,932,8298,4858
8064,4456,8109,6227,7125
4776,4681,682,3088,6768
3593,848,1204,342,6364
7819,4303,1044,7640,4253
3759,3185,9715,4532,2622
6401,5993,1257,1001,1657
3840,738,1767,20,4442
2670,3151,5298,7221,4886
4449,1252,1674,1774,5884
3651,2019,5641,886,3033
1984,7814,4943,2672,2773
7461,1896,143,5652,7066
1069,5582,1972,2777,699
3074,2863,7729,3220,3390
6626,200,1747,2903,3133
3200,2947,8452,5656,314
7712,164,6276,4883,5145
997,2508,2736,2544,1904
5063,4935,105,726,2396
6369,4961,233,2701,344
1700,4043,8339,1719,478
4643,2537,3992,4348,3325
6244,4036,8391,6932,3382
1665,2780,5703,3307,9852
4835,2799,6673,1720,1310
3329,178,5206,152,4093
5453,367,4496,3160,4409
3648,5985,7047,5847,4189
3457,8098,4486,4440,3611
7298,6530,3350,1976,4153
2760,73,4680,5806,6223
481,940,8238,6510,2455
5090,1319,5544,2697,1173
2659,3849,7115,3663,9777
4080,82,5591,4026,4317
1093,294,4808,4875,9489
2784,3873,6728,7144,3418
4195,10120,3570,5433,1950
1313,8269,1490,7251,789
2499,872,1737,847,4728
7169,6024,3951,7664,6417
2919,3499,1686,3480,1275
6561,4261,1606,5877,3932
7353,6213,592,2905,3706
6754,2150,8838,8236,5711
3364,5805,532,6521,6942
6274,5732,6613,1367,1883
8522,9612,6960,1553,8799
6408,2413,3793,6517,4279
2534,6666,908,5684,8117
2369,5894,1235,8309,1371
3076,3462,2601,494,1848
5603,2276,3783,6991,1817
9828,172,6677,4379,5180
6826,235,6488,5020,1759
6280,6473,4306,8981,7162
1511,5962,7662,176,1427
2091,684,1457,2706,3515
7113,2474,2414,7950,1947
2306,2179,1997,3158,7674
7393,1769,5418,823,2775
7874,7651,1488,7217,4569
5994,6540,2521,6493,4830
5570,8356,964,8810,4950
7397,4743,8940,7214,4433
5416,5065,6611,1272,733
3589,4553,2604,2035,1908
324,6568,3720,1066,766
3834,3030,5721,794,8827
8611,2756,5193,1934,6418
4928,8268,6477,1015,8346
3320,7682,137,6104,1756
612,3181,2197,3262,4319
3233,5638,8010,1867,8272
5794,3718,4304,7229,3487
2083,644,6867,1721,1469
6656,7873,4,2960,10390
512,1889,582,3766,6204
5483,4398,5329,562,1596
8417,1604,8113,5171,6589
9510,11279,1073,3411,4502
993,5546,3306,7325,95
2026,4523,9491,8279,1433
8000,10828,7218,3154,7223
736,6627,5574,5368,2264
3143,8840,4169,2193,11135
4001,6374,1545,2444,3285
6891,7245,3886,6711,2108
2853,8008,8699,6968,8987
1291,2123,4725,1914,62
3365,3110,5000,9960,4084
4320,2082,2324,3548,3261
8420,2281,4703,3925,4831
4583,2730,2060,4429,9790
2913,2961,2100,598,2199
2212,2054,8147,437,3647
3630,7415,3129,7326,9727
1377,229,3609,4697,3227
5537,130,8039,9044,959
8355,6157,1298,5526,8092
6662,1650,4281,5210,4893
6572,8977,1843,3061,1685
192,3171,7191,1051,8220
3690,746,5550,5231,8282
7523,3173,7494,1295,6557
2690,9001,3661,534,4056
802,458,3980,7118,1244
2914,7044,3243,4759,6523
483,5610,2158,4750,2260
4017,4146,3379,983,6267
5352,1516,2510,10033,338
709,5739,7281,2295,4665
6848,3554,4519,2409,971
2817,7974,3015,4713,7068
1132,4948,186,3867,2365
6630,7355,469,539,4797
4199,1165,1907,9308,894
609,8293,7849,6606,5686
9348,4903,9319,6955,3676
387,4617,2637,7294,511
6945,9123,4874,428,1597
6592,1795,2071,7801,2527
679,3339,8825,6331,2781
2857,522,1359,8018,10226
1130,174,2702,2129,4029
6151,2765,2423,2971,7548
39,6797,7790,596,10206
1986,8135,5484,2964,3829
5132,4879,2967,669,5215
6727,5516,2093,1678,271
2017,4869,5653,1624,5053
5635,2572,7727,2137,156
3937,3995,8495,6387,5083
4103,4785,1973,3674,3741
6051,1572,4135,4459,860
489,2955,982,3736,8669
1094,7337,9484,1037,5367
5568,8871,1684,700,1245
8425,2507,2542,2938,4926
160,2401,4980,7094,638
1543,1032,1741,1556,3514
2976,9235,2676,2740,4635
3174,7821,7535,1525,2970
5344,3745,3459,2243,3984
6185,3028,2743,1468,7039
624,560,6612,3479,3007
3265,2598,4823,573,5566
5508,973,10328,665,3098
3655,1289,4114,1141,4793
5572,1256,7798,4825,1438
8902,8781,4687,2418,6462
7104,4174,2612,758,4375
3042,1388,1551,2194,7478
391,9388,111,2864,8531
5420,10831,8848,4309,8383
1987,1992,7785,2445,5655
1796,2823,9258,3218,4445
5088,8288,9996,7412,6363
3016,1329,7346,92,7197
7439,594,1397,6167,1240
3431,1871,22,6492,7583
9381,5704,7627,7445,5115
2912,8705,1539,2632,6382
5697,5874,2898,8402,7449
7338,3055,2805,3446,6166
1835,8267,8812,498,3034
8295,4493,8596,7767,505
4768,2112,5477,4563,1366
1571,5619,8405,5463,2941
4138,1451,4906,6353,3473
4640,4002,3344,7992,9055
2696,3242,2286,2671,1879
6350,1617,977,4209,2556
4161,1196,2457,5915,3038
3776,516,2477,5557,8447
5522,4981,3606,3134,3551
3910,1065,5813,1109,927
3141,1225,1101,4655,5749
3683,3750,4691,4212,6297
2338,3149,1485,2352,5886
292,453,306,6967,3998
1092,4107,5933,759,3737
3841,6307,3084,1615,4184
1446,4652,4877,5264,6002
677,5609,7031,8061,5726
6433,2886,6866,9364,9207
3106,6690,8,4529,415
7657,5738,6357,8025,1018
6308,5998,2446,2448,5343
3437,6989,9264,5147,6142
5964,2069,4150,955,7038
962,3500,7383,8121,2687
4749,916,117,1077,8094
4512,1542,5896,3410,6258
4711,1866,4686,2354,3004
4516,4461,5997,5201,6610
1959,8816,4595,980,3796
5664,6723,451,9417,1334
6562,1286,1644,4567,3929
336,3665,5682,1975,1179
7492,3176,6256,2098,2005
5447,3725,6268,1014,8700
1408,4962,7013,3909,6277
194,8719,9650,1140,4760
6948,4276,2390,6486,4602
6819,998,1713,2300,7615
3264,8736,5078,5178,347
7971,4464,2355,2358,6842
4483,1064,7981,3953,9245
2148,3048,5545,3855,5279
1453,7823,5302,6583,7034
4709,3468,3023,6840,6302
8616,9033,2133,3221,3678
8801,5058,2851,2149,7055
5156,6377,4619,4274,5022
5569,3205,1771,3885,351
2176,5518,7438,5104,3001
704,1793,2215,4018,3891
1710,5780,4666,1943,7290
361,1231,883,667,2942
6082,2920,4940,7502,6359
7206,5990,377,5323,6169
7360,7183,6042,1917,6366
4712,2856,2187,5869,2041
6913,5932,2802,3412,2042
9385,10156,4851,4343,3130
5893,1995,6163,8920,7132
584,2347,8300,2680,2684
933,4916,6585,5338,1919
4356,2922,8021,3798,2487
3906,1201,4123,1308,10077
9827,4838,4337,9299,3576
5026,3371,4307,6749,2943
3107,7913,1524,4347,1791
577,5601,4292,3215,4956
8967,3852,2449,3997,4286
6563,2184,8972,4913,5012
35,3875,1318,7465,6232
7501,4622,7599,850,725
934,8750,2200,9466,7388
6446,2484,6555,8255,3263
2562,7141,871,5681,9660
3904,4072,4427,5077,5277
4041,1962,5170,2259,7226
1858,101,7436,2896,3826
3654,3474,149,185,2109
1536,8544,198,7408,6140
4966,6442,3534,9204,3099
7972,10416,7956,2460,3677
930,1507,5198,7378,7029
11874,5316,4076,9997,10428
2991,4752,8439,4313,6843
3168,6370,1476,6137,1151
357,3271,7911,3883,2713
6691,7619,8615,4841,4792
3529,7625,5424,1332,3641
2296,2957,3087,3064,4315
1888,5258,4654,1211,7581
8704,8772,2094,5456,2267
6342,1355,882,5883,8319
6658,70,7302,7340,7356
3239,3977,499,5747,567
8687,5135,339,3286,1497
6882,1220,2578,4180,4278
7907,8170,5935,10608,5499
7431,6603,2830,8793,6266
8256,2241,3308,3029,7262
10020,5831,3277,2902,9598
1792,4963,2218,4049,6425
6306,3619,9641,2363,1567
9800,4012,3734,8730,543
2561,9862,686,5401,7899
4647,2450,9109,1787,3900
8545,7148,7344,887,602
1989,718,4539,1277,1502
10114,6693,6569,2101,7002
9282,5827,4422,5482,8152
1091,3045,7175,3565,7284
707,10148,5389,8529,3231
4297,6222,2294,1339,5116
9320,6284,500,4855,5501
3522,1829,3622,1392,4127
4326,3768,6038,56,8540
1705,5422,2962,9172,5243
1448,6453,8085,1822,6431
7367,1965,4915,11191,3642
1162,11216,11154,631,10939
3722,4651,561,1591,5471
3747,2918,825,6075,5372
7818,4842,9291,4636,9183
1345,8806,5715,9460,2036
7077,2310,2029,11863,7032
8097,1121,10,8338,2519
7776,4905,3440,4091,1053
4937,3786,2223,8144,10639
8226,2412,4847,919,5119
8938,6635,1292,1716,4473
6795,5260,8404,3508,58
3568,4210,2774,3131,7071
9124,615,8564,6452,4057
5027,2791,4786,7898,5790
7042,2667,3726,3631,287
1856,1605,7885,6192,2006
8195,2789,4171,2190,5819
4832,263,6995,5268,6263
3691,7468,7250,9367,3963
7074,2147,4812,7352,5151
7654,2222,279,7549,9695
3201,6571,1361,6199,7391
3047,300,5230,4219,1181
2152,2443,8780,4055,893
3073,4878,1876,1278,4734
7174,6282,9999,47,5531
2311,6761,7671,7609,668
6080,4178,4147,1948,2590
2411,555,14,6330,8830
1224,2794,5487,9106,3987
5126,332,2221,4627,3613
5408,6337,8251,8734,6687
1193,308,4631,6043,125
5829,4998,4431,2963,31
5229,6832,3575,2841,7965
6050,1765,3856,1430,4027
6976,4288,8631,6745,2623
170,3854,5423,3990,7706
4884,1495,3672,5307,6652
3012,6309,4587,8477,4318
1611,6447,2419,10199,5852
6624,4194,6979,3167,8479
7783,5071,8175,6195,2559
5504,5542,2252,6262,7550
7841,7076,7967,284,4255
4236,3319,8889,1274,6427
1921,6925,2383,7797,8122
5125,4362,1103,4444,3646
4263,4592,791,2873,7838
9441,5987,3369,4399,7676
5924,4075,1900,2165,831
7392,1011,8504,570,6683
258,2563,4594,4404,6174
2621,1229,5073,604,11037
836,678,4367,9682,4408
6020,4554,1936,3985,1016
7306,3919,2416,10070,6430
1668,4235,141,7986,5973
8640,1735,1709,6161,4633
6722,3982,7793,374,6998
8304,2385,6645,6620,6301
4740,427,4951,6552,3708
4736,9506,6085,843,4396
744,1129,4588,405,9049
1354,5931,3788,524,7758
3232,5605,3860,8791,6776
1800,7052,110,4572,1790
4929,6210,1254,2153,220
3366,7112,7691,242,8660
3008,2788,6375,979,731
3400,7724,3027,826,7007
5488,1778,2838,3517,2046
1890,8878,6351,6138,6205
7266,8684,6416,465,2835
2882,9987,7718,2829,1582
5285,6219,3244,2127,5202
1422,7280,1297,3730,7057
4128,5445,2928,9171,5855
2049,8275,6906,2875,93
5072,6770,3512,4060,1853
7172,3377,3002,158,2271
8384,8128,6893,3187,3420
4804,7536,1714,3574,5690
2272,9483,3596,4112,7864
1953,3945,2250,7181,5454
6756,329,1487,6162,6010
6405,10446,4305,5944,5311
417,8050,9907,3317,7351
6615,1801,9041,5335,540
3785,1662,8634,3452,7582
1797,6608,5169,2582,8375
3650,9027,1352,6099,10739
966,8105,10636,2382,9181
3496,6924,821,6391,4732
4196,4229,6887,6543,5554
4421,4391,8013,4599,9212
4770,5128,1898,8370,340
4392,9323,4621,5934,2014
4931,1725,4462,8239,2397
3360,9000,1610,10032,2749
6986,1742,6414,5048,985
2748,548,9006,4092,1247
5219,6599,2157,5645,6478
7149,80,3986,4756,5692
1474,3778,1794,8877,3991
9120,356,8748,4972,1872
6753,3394,1190,7914,5044
6496,4131,7396,5549,1614
3552,5824,6032,8693,2301
4575,7988,4699,5725,8703
2126,8882,3124,4955,3036
907,3838,5563,5214,5503
4010,3862,4630,3772,510
708,2954,365,3471,2911
3336,6836,6164,3195,3516
4704,1957,4423,4522,8465
9734,5451,5654,2904,4220
4325,8525,2610,4564,3229
9600,9418,11129,4859,11038
9221,6709,3162,6588,2589
11172,5191,6482,2583,2010
7139,6379,6097,3799,5561
10533,7085,3632,8464,695
6828,1362,4020,5117,2494
4032,6113,6437,875,9527
8786,563,3482,2012,3103
5986,7684,10809,5310,3582
7109,6833,3633,4405,1946
68,7687,7379,9780,3228
4321,8610,6616,2969,3871
1616,8818,3612,1565,2206
3971,6180,8325,8648,4245
2053,7594,7215,3224,4411
2624,4324,3504,3352,5949
385,1677,2577,1048,4601
7010,2298,3695,9402,827
2432,7525,796,6128,2972
5889,4867,5413,2380,1660
675,2120,10989,430,6582
3269,839,1228,5683,4638
6112,1155,5064,1586,7257
5313,5577,3926,3385,27
5953,5809,7095,9435,1084
3041,5289,5708,6669,2895
5510,9232,722,1687,8185
8551,7373,6286,4208,5599
6916,1395,1269,10430,2015
3527,903,1647,6419,6556
1028,3013,1160,7596,3790
1284,4659,8212,7574,3711
6531,5094,8073,3415,4252
3043,1736,393,7146,8851
6019,5769,2606,2226,2492
4256,5995,5548,4556,4671
1570,2274,811,7377,249
1830,6415,5974,5629,4863
643,3976,1561,7735,5753
1639,3943,3820,786,788
835,4070,1902,1690,2334
3686,9003,2996,248,5308
3717,3688,5525,9302,8024
9188,10921,6421,8151,697
2469,8685,1523,1172,4383
6048,2983,4332,9937,1974
3072,550,4584,558,5695
2560,9604,7856,2994,438
7043,7560,4976,4241,4061
7936,1578,2539,9582,5437
5003,1803,6988,5396,5141
64,2466,3483,2173,2975
5256,3208,3704,1309,6878
8547,4044,1588,2741,4862
5633,2990,529,5586,2072
7089,5010,370,5494,7961
5446,3082,5490,6069,3962
8512,614,1421,7484,6909
10880,8461,950,5464,569
1479,3818,6190,3375,409
8321,3497,9293,10286,3290
1378,6883,6692,3738,7323
3330,935,4781,3889,2003
9504,9984,4809,2032,5881
5188,4068,9861,7176,10325
2465,11650,7626,5845,213
8557,4206,7279,2008,378
10306,1669,3657,7630,119
5793,8193,9932,1079,6105
3332,7942,486,5449,9208
6186,8594,2195,1592,6559
5543,3850,9803,5112,7963
2407,4593,403,6201,795
5667,4549,8294,8103,2603
1312,7906,8899,8777,1996
1217,1194,5228,3212,151
9697,1703,9870,2709,1086
6659,2020,4503,3035,4062
9296,8052,7669,6422,5087
5221,9158,1998,2030,4850
3525,3942,3398,2951,1067
9472,3719,1322,6160,7001
546,6148,7145,6225,9086
4227,7301,7750,3335,9717
6639,9239,6939,4796,5213
1189,9063,7796,9397,5375
2470,11766,2585,926,7423
12204,881,7414,6300,3870
5473,1062,7945,6071,5271
2592,5127,5103,3762,5140
5571,7721,8937,1431,10780
2242,9922,7151,6962,1175
5318,9835,1841,4787,2678
1634,1699,2888,7213,48
1281,1645,6066,1206,9688
559,6679,9468,4829,9438
4132,10566,6025,879,8179
11658,5262,4783,10161,2747
259,6539,7859,5400,7934
9732,7026,2292,5109,10205
5290,4492,11278,6993,1557
3408,11059,3763,4634,1598
6127,9841,3989,3510,6838
8258,4558,6736,5397,7481
6978,5002,1167,9787,2718
5733,7081,1880,6809,8350
5760,11398,4813,9754,8158
11778,8549,9422,5909,7100
8003,2066,7224,7288,3550
6059,3600,4145,5651,7037
4675,8585,9424,1873,5746
8548,7078,6918,7666,7129
4160,4327,9514,10359,5628
3426,434,8661,5081,6234
8612,5356,1845,12151,10910
7299,6100,7892,10680,2332
2535,2097,6231,2872,4218
2950,10349,8592,3478,701
7045,2566,8145,6107,6845
2209,580,11763,606,9535
10018,5297,9202,7061,3543
2497,10250,7726,8048,7059
11466,2318,10415,2330,3069
837,10332,720,2839,188
5833,1009,1143,1147,9566
3040,4134,9690,9723,8767
1859,2309,2062,5685,4541
7114,3086,7957,9496,9118
3300,6181,10059,6352,6558
9701,2639,9214,3451,4670
5602,7362,10100,6260,5943
7584,992,6858,5295,2447
3843,6385,8595,10775,3836
6532,363,8468,1749,4695
2849,2540,2897,6969,1369
5632,4389,1576,1068,8606
6827,749,1909,4535,5439
8712,9259,2224,8849,2613
10336,2824,2002,5274,9499
1956,8911,7770,251,6013
896,673,4170,2645,6779
5060,1868,7534,6003,9470
2915,7211,4369,3645,2526
3815,8782,5871,5080,637
6528,2438,11892,1276,2236
8363,11025,9078,6550,6490
2884,3590,6311,8360,8031
493,6803,3318,3830,1656
7495,3658,5901,1970,7450
5123,6595,4547,11515,9628
10275,9297,2357,1305,9406
10221,6929,6325,121,6970
3203,6152,8458,7884,10008
8580,5478,2545,1559,891
1282,5925,10565,4615,8689
5698,8870,10381,4667,9054
7232,4930,8845,334,9905
2625,8839,9004,5460,11383
6917,7163,3059,4053,11579
5197,496,3346,6110,2207
9052,3254,6235,5244,3901
716,2420,2933,1370,7645
3970,3983,50,3710,1855
8865,3521,2643,3671,2520
6818,1893,5481,6996,4954
2305,5004,8942,6224,4346
3458,9127,2605,8852,2620
196,2890,817,1912,10236
1772,589,7320,5595,1212
5224,7789,7452,6200,8156
2023,1416,5327,7924,1017
4586,6158,9359,5627,2652
7886,910,2163,4952,1113
1696,9032,2735,3664,4351
3391,9225,2483,2068,4191
1671,3112,10324,4824,1629
5409,774,5799,4454,6975
1897,1387,8182,6077,8222
3556,6086,7319,8344,7321
5606,2737,2867,7675,8926
2721,9379,976,5041,7962
2752,2691,3020,10257,5818
3813,4073,2959,1078,4729
1603,6470,2549,4310,2232
7968,10339,3432,4121,862
6573,1134,9238,474,6047
2410,3376,2712,3166,671
5093,5419,6124,3293,6910
5355,187,1401,6203,316
2048,8866,4330,1618,407
3808,8524,7150,4495,5181
6095,9811,8760,4063,4639
11011,7780,3011,3316,8089
4613,1676,5804,12,2235
6336,4579,9230,4079,1982
6721,162,869,7142,5797
43,2893,3952,5204,8215
9089,3465,942,2166,4889
6147,1512,2859,4718,9967
1060,10376,9577,6412,4016
6021,4364,6734,7732,10879
3936,228,9317,6951,4045
3138,3748,2662,8427,5055
455,7307,9166,182,3742
2738,7955,8952,6905,3837
11552,3274,724,2230,7384
6759,10765,751,1776,6805
5474,9766,1522,8569,6780
8463,3921,5649,11546,7230
4902,2282,5687,3931,5405
2787,3692,468,1658,5276
4546,2661,1932,2832,8055
5730,6633,4494,3794,2297
9128,2253,8559,4985,2843
10254,1806,1691,3260,7422
9122,1412,2916,3429,658
9667,782,5744,6580,3060
8932,967,3592,9108,5880
551,8694,6393,2075,5342
10731,3537,7028,1142,7128
9184,1445,556,349,383
1057,1138,7318,10779,6044
8259,7813,616,8400,3032
3424,9090,8711,4533,2361
769,2929,2102,4345,4414
3618,3078,18,3573,3222
4480,9805,3248,5879,6136
9413,5969,9554,4242,7069
322,1672,5172,5751,7485
1441,6786,6949,5979,9404
7553,8033,4397,7887,6065
6466,5961,4715,2511,8639
11190,11224,2488,5851,6360
12288,6087,7369,4530,6494
6371,5476,6789,3050,8539
1250,9125,8016,691,5976
6343,4852,2039,10168,11004
8876,3022,12191,6394,7103
8224,6852,3476,7575,3102
8454,11113,7991,6647,5435
7652,3302,7915,3728,4693
1637,4262,6279,3433,3383
4167,2028,9807,945,10745
9921,6182,11438,8855,2845
9986,7940,5384,1200,3252
2530,4581,2374,3566,1750
4616,5099,2322,8123,4828
4993,7812,2758,8313,9946
4778,8332,975,10902,5529
6724,1733,7883,5789,2143
1315,6027,1518,3343,8187
4416,99,3109,7529,3767
7432,527,5748,5594,3005
4022,8503,6294,1118,6046
4164,1608,8040,3667,954
9485,4302,1455,953,3770
6755,2291,9013,6806,3037
10112,6436,7980,8049,7739
5122,1575,7372,6129,275
3975,8424,4363,8653,5854
1417,1389,8310,3161,4890
3331,2085,1423,6449,4187
4136,4465,3065,11034,5919
5354,5052,3469,9849,4380
7459,4038,3920,7090,3545
6413,6480,9233,8154,7742
5788,11197,3448,8380,6525
1505,7566,4917,4990,11999
7628,4078,4339,3832,9279
5604,3374,2040,5950,2175
6657,7979,2574,475,2399
5288,4821,4277,5500,4861
6439,8746,6253,6332,8637
10786,10021,3694,4848,11931
1929,2987,4270,5398,9915
3145,4970,2570,3342,8341
870,6799,8409,1404,7486
4739,132,3595,6511,3866
9891,11729,9234,5275,9853
5514,8723,4629,2459,1501
710,396,2797,9840,5844
8591,4436,4308,4988,8893
1481,6060,6257,660,2136
6467,6663,1740,9196,591
737,8163,777,5712,6461
5505,6376,6697,688,4149
7843,2052,7283,2772,2172
6497,9058,3779,2836,1270
3973,2219,5939,3924,820
11265,1513,1365,8982,2265
8389,7050,7755,1035,9968
2538,9420,11827,4982,1882
5319,8296,6026,3186,9304
9547,1581,7607,11450,3835
3557,6139,6984,2132,9307
1127,5390,2386,2580,5567
1832,5032,3214,1941,12600
5798,10926,1074,1875,8219
9894,5511,11695,10649,9503
3140,4111,6289,2900,9501
4900,1452,5395,1428,8349
3584,7469,2037,9624,2428
6597,6409,4491,6420,1207
2636,1777,1945,7067,892
8005,2569,5013,1655,7901
1187,4844,8250,3326,7999
8682,460,6862,9310,6143
4802,1444,5385,1464,1722
4910,2513,9619,9590,1654
8227,8488,3240,7576,10620
7138,5859,10121,5039,7135
9507,2564,7017,8082,6872
7491,5157,9866,7341,4047
941,3054,2833,4949,2111
10539,10956,2552,9241,9949
6791,2792,5236,9111,10493
3427,7179,4798,3226,10334
7363,5417,6830,7091,9471
261,4457,9964,3155,7799
1153,12106,5195,9053,3294
2596,10697,10165,8823,3295
9637,8198,3051,12044,2335
7233,3814,5716,981,3964
5120,8918,5498,7931,6173
11169,7852,2228,10360,6207
8962,5347,10760,9194,10068
4870,1099,9710,11382,7995
9793,9252,1547,10478,5946
11619,4901,7781,9518,12409
6402,4228,12231,2073,11003
6752,5163,627,1653,10107
173,6898,7093,7639,4221
2496,7170,10605,7409,5754
5673,11146,2189,3954,855
10315,8492,11376,10105,9567
2435,10987,6228,1877,3128
8961,9635,5443,8472,4154
9725,7877,5457,2201,8861
2979,4881,5105,9564,7357
7817,4050,5138,5043,10975
5729,1651,10612,4086,2524
4172,6605,6742,4536,2077
3553,1927,6920,5068,3599
8289,8745,8429,8570,634
4544,1026,6726,9446,5332
7504,10642,8885,6392,9595
8868,5575,6091,3928,3614
6667,5235,5139,11445,12445
6305,6853,3164,1267,1980
10855,10601,76,9585,11348
9728,11187,917,9047,11322
12321,11419,5165,12598,9147
1374,6407,10409,5662,4991
8134,9036,6933,7870,4415
6881,8132,714,7754,9651
5351,6860,11665,12435,9847
2594,1287,9511,7629,4733
4673,3057,2998,2840,633
8201,10314,6221,4788,7196
8496,11954,8820,6581,6491
2090,8240,10260,7710,6719
12128,3842,3396,2608,8093
3938,10568,952,9978,10331
6850,1124,7110,206,9943
743,4359,5897,10419,24
9313,7171,5693,8317,11198
5815,147,1335,10394,6654
2665,9802,1202,402,8701
12644,3179,11663,8532,8379
4003,8326,10541,5173,9437
3751,8177,11575,10072,7933
10402,7107,9170,5848,1978
4610,325,9425,8691,8828
11168,3714,2925,9774,4087
399,1008,9458,571,476
4192,10761,3732,10453,1622
7426,8484,6278,326,5489
9193,9321,11824,4176,10487
8867,711,11027,4603,94
929,1808,2481,4698,2364
8822,5559,8088,2393,5146
1280,8320,166,1107,6295
3175,44,8984,6584,5822
1799,5098,1199,2161,9819
7714,1892,4294,6811,4958
5250,5735,4748,784,9400
2514,6456,8761,3450,6399
8493,10228,8917,5017,5786
1761,240,4283,3933,4542
4034,3845,75,7254,7709
1473,7401,8528,753,10198
2213,6886,4720,3067,8764
7201,7869,7890,7643,2269
3213,944,5817,8732,798
9824,7489,4517,9274,2302
5092,5900,238,6426,7483
6884,7693,2669,3249,7614
8486,1584,2642,5778,5469
10787,9923,6324,10522,4413
3211,3180,5203,1400,2458
3079,5035,9966,8312,9083
5608,3628,11631,5106,7455
9097,6445,2968,2554,11774
6977,9608,10905,7199,2655
5377,8552,1232,10515,1429
10851,11749,8390,8856,12028
7932,8645,8808,920,3484
5280,8999,6189,8887,4215
7565,5775,10579,2227,7386
6150,11338,7405,2262,5304
902,5639,905,5581,8445
11200,9998,3219,2425,2974
9380,5676,10895,10321,7678
8459,4818,531,7454,4095
10944,7427,9678,8120,9082
2688,9057,6146,9962,244
2945,1382,11975,1648,7989
898,7845,11569,3602,12415
6159,10352,9879,3323,11644
11459,2532,6865,785,10040
9632,9038,12440,5658,11420
10734,1208,3610,8285,7807
10125,11411,11702,2587,8605
7683,11972,12426,6030,5278
8582,9938,3896,4763,8509
11626,7404,1531,5849,4891
3617,9573,11983,5497,8444
8778,6863,7795,9941,5049
7366,6987,7663,11826,11673
8674,10438,9658,6653,10431
10887,11117,7635,11802,6747
1321,523,6704,4284,2750
9669,1033,5266,9557,12095
9826,4460,12108,9368,957
9155,11622,8263,6871,10717
2178,5129,6036,4573,1342
8096,5348,12613,10842,10462
8803,3108,7694,7448,1726
8708,8998,3303,7830,10681
1731,11722,9844,8664,9081
536,11157,6040,2586,11101
9262,1198,6451,5814,10270
6245,10567,10994,2489,8572
8581,5959,1937,11547,3292
915,2550,1307,9180,10398
4871,9931,5644,8753,9205
4771,9512,5225,2992,4723
3587,7240,9231,11984,861
2024,11116,6476,7437,2715
3907,2278,10345,9580,9916
3296,9575,3347,11676,7774
9666,6602,9742,1040,4287
12010,9645,10799,9874,11839
8783,1301,11544,7421,9791
6766,9583,86,10743,10174
6144,4259,7048,302,8991
1824,11856,11603,11828,9433
3009,8290,680,4620,445
8807,7880,4925,10811,1373
11970,2061,10350,6542,1046
7296,8614,8873,5578,9150
1088,7235,5358,5647,9113
1122,8978,11158,11064,7160
672,12225,9920,3091,6815
7939,12074,9131,6290,12638
8608,8099,7530,3801,6015
8676,4612,6319,10511,12376
518,2766,5459,8051,11994
11564,7660,3824,11035,10812
12163,11556,10412,10993,11294
8102,2698,3372,10158,7604
3010,2183,10093,9390,4888
10982,12406,5015,2168,9436
4291,2948,7941,5558,767
2734,7471,11541,10421,6014
11360,6403,9961,10477,10172
9377,10373,6821,9480,1782
8358,9037,9393,4626,8913
3169,12780,8276,3093,10364
1209,4947,7315,4537,1786
4331,3950,5902,2579,948
10087,9611,2543,8115,6237
11781,7637,10231,1752,10335
3495,6642,11893,11100,5565
4042,5036,5615,7419,380
3489,8583,2638,5967,3380
256,5761,8455,7597,10458
6434,6885,6701,4911,7605
5100,3981,5556,5462,4989
7208,3024,11697,2910,12287
3494,11273,6922,3636,7096
7759,1327,11864,11260,12766
8299,5259,9818,7516,5534
11588,9129,10858,11437,8501
10755,11141,2761,9329,6650
12109,8658,6739,11957,8796
10722,2634,8491,2988,9295
3712,2754,6023,6961,8895
9288,10954,7021,7117,6520
2627,1863,809,7000,2171
2628,3912,265,2482,7733
3624,1773,4335,4316,2878
1738,525,1102,2934,5787
4130,840,4909,6874,2107
8419,2860,4914,5846,8632
5952,610,6533,6411,5299
6242,6793,3148,3955,5430
10498,10178,9773,1299,6617
6209,3470,6448,2033,4467
8357,3881,9449,10486,4668
9187,8792,7473,8343,5912
7526,8880,6064,4820,10847
10953,11921,6963,9395,10456
11120,4658,7606,8758,829
3588,10535,7496,10792,6783
4420,10090,5324,5326,8245
8679,10571,2289,4946,9461
9062,3961,5211,5756,1213
4006,7248,3090,10132,11477
4934,10311,4406,5144,10846
11490,10377,9457,12401,3123
6179,7686,9513,10455,11098
4774,9545,5426,8118,10329
8832,4354,11818,2316,5492
5154,7433,10768,3797,3193
6851,8519,12488,5911,8247
5899,5519,7184,3703,575
9249,10113,5812,7509,12508
8353,9222,10922,12654,9936
11364,9448,693,11925,6681
1029,5863,12180,9748,9530
3423,6538,10770,11671,1183
10338,7716,9197,2647,3481
8716,9776,5331,6772,10872
10575,11387,6684,6206,10559
9473,9134,11121,11640,10299
10508,3823,4207,8153,11867
8066,10217,1262,241,11580
5216,12353,328,10830,12496
5024,2826,8939,4426,8766
12035,3272,41,7800,11769
4611,9699,10053,7782,1135
9031,5742,9845,312,6685
9696,8456,8266,9330,10526
12192,8898,9331,6586,10045
10625,8641,11723,2288,5853
5955,7527,10537,3245,9104
7552,11002,9517,12500,11578
12425,12172,9935,10066,8306
11209,5234,10970,8378,12414
12098,9606,7368,4475,6782
7620,806,2894,4115,8565
7938,9956,1095,10704,9912
6275,2769,12115,3539,4509
12333,6676,8662,8726,9918
5376,4387,9199,9813,8733
4513,5891,11526,1969,9559
1006,7791,12465,9939,10043
3340,6773,7194,12476,12062
909,8755,7958,6590,6303
5184,2891,1419,3802,3324
5507,4108,3666,5238,2139
480,1827,772,1258,8150
6816,6217,4598,7070,6495
5640,7983,6365,9465,1405
1541,232,7592,5718,8795
2464,3492,6247,854,10237
3309,464,2548,2491,8351
7398,874,463,4028,1215
4646,7147,8985,1467,8124
5842,10034,5910,2619,1885
1347,8231,4758,5337,3386
5965,9549,6829,3251,503
8776,3280,6516,3893,2939
3236,7881,4238,6130,6323
2723,2381,1711,5177,6524
6947,1002,461,3217,3709
3585,4708,4185,4827,3357
8576,3555,5988,2674,4979
8773,9992,1242,3388,5661
7588,10122,4237,11662,3118
4737,6114,7342,11539,6903
11555,10023,11179,12308,12571
11880,12331,12528,8466,12023
12483,10948,10763,9901,11006
999,8136,10503,12400,12305
9505,327,10923,12365,1915
8233,4618,9482,5166,6455
4559,6644,11000,12060,3455
9825,11298,12739,7053,9556
1825,7238,491,5174,10814
227,1861,5937,2486,1951
7,1465,10262,11480,12185
10505,10410,9867,7537,10899
9412,12325,11109,6198,11743
2372,7407,10289,8853,4700
12546,9636,10756,3355,9982
9795,1515,9292,10318,11069
9569,2402,4524,10322,3199
4066,3749,7079,15,9138
7270,8042,9266,5523,1844
10408,12176,3857,12056,3804
10658,12066,11204,11845,11955
9286,8651,11340,10836,11134
7020,9709,11760,8242,12021
10816,3520,9270,11771,3643
11049,8235,2862,10673,8542
9280,10001,7601,4275,8054
9991,11342,10127,9788,10813
10278,9096,12076,10317,10906
7558,6854,1895,8951,4025
1145,4141,10323,9236,761
5989,8423,4046,9427,12061
8354,10530,6475,10898,9497
4705,10211,9572,10875,6750
10340,10216,8204,9071,5887
10050,10279,9309,9687,10845
7425,5700,844,4623,6553
8387,5357,4400,7161,10715
11617,10955,9356,10509,10651
1600,12064,10055,12624,7570
10466,9700,9673,10773,7705
3328,5091,12665,10235,3039
11424,11076,10000,11164,6398
12160,5540,5222,7190,6170
11808,11304,5929,9487,8307
11174,8038,9095,7925,11609
9541,9926,5963,11346,11442
12421,9719,6265,12765,12286
425,1964,8244,3255,8314
2881,7073,1544,1673,3315
7649,5442,4009,3918,4887
3046,4395,2191,757,7063
7004,5162,2668,2651,7964
128,8480,5583,4311,7740
2658,6956,3662,6288,1403
6598,4015,2353,8337,5622
5923,2473,6193,4120,3996
0,5414,273,8916,4251
6444,6637,10290,11927,8029
10631,8207,5199,10295,3739
8900,11090,5782,2618,10877
2144,4162,2889,8396,3934
12306,310,11192,1692,9407
2314,4430,856,281,7771
2436,10348,3026,246,4921
12579,4004,8742,9075,7837
1188,7086,7152,11314,9814
3466,6096,6935,4664,7866
1381,3879,3789,6103,4794
804,3177,10193,2258,4094
10821,4999,2607,12471,8155
2121,5750,7222,2104,10748
11107,6661,5286,10378,1311
11013,4329,10863,7347,7027
9035,3405,6675,5623,10140
1538,8809,4340,11031,7513
8737,10730,11439,10585,11899
9863,2932,11284,5110,6196
1126,8138,6609,10488,11263
1633,11123,663,8090,8347
9801,2700,432,8373,5113
4353,8196,10603,3564,12238
5381,6373,11756,4941,7309
2630,7946,7893,9019,1789
9954,1128,9644,237,10675
10502,8560,4341,2453,9370
2378,7403,653,12084,9756
2439,6575,3696,7697,10391
12009,10481,1169,6707,3605
5227,9714,6578,10038,8184
10633,3313,1458,6450,6777
7944,3721,11115,7157,10776
11214,8218,8668,10878,8511
4865,8161,5512,7531,9174
545,8386,8418,9829,6686
7969,5866,6317,11693,12375
7808,8709,6953,6672,9268
9072,11607,11897,12347,9950
204,8655,9011,12312,6463
6313,8974,6296,8571,2813
6312,11468,3701,9463,4543
4876,8910,12307,12279,12666
7361,11329,10062,9176,11423
12067,8775,8009,10074,11484
10082,11754,2796,6098,8891
3056,5811,7832,9883,11293
4967,12398,11733,1813,10749
5001,11914,7658,6576,2681
754,4082,7381,3861,7897
6529,3147,8364,341,6299
7779,7269,8621,9399,2204
8069,1358,2065,4789,3000
1219,1894,1958,2156,4814
2346,1386,8652,9146,7515
5665,1326,3477,2391,6238
8675,7878,1834,3640,857
960,2273,7267,996,3247
5520,8752,6648,4761,5212
10214,5867,10354,6775,9784
3681,11299,5220,11044,2185
12448,12012,7857,9842,9139
7332,7399,436,5717,10296
10822,6892,946,10518,5592
11540,12405,10006,9372,10527
9746,10386,10261,10520,12282
9409,2437,11048,12492,3864
9607,4552,9182,11288,12126
9837,8654,8563,11222,1630
3080,12745,4942,9300,5981
9924,2663,2472,7730,247
7329,11171,1348,7930,5982
8523,6859,5838,7349,3679
7467,9132,10447,8921,9373
647,10984,10417,7130,11647
11337,8650,11182,12242,7447
330,7499,7760,9426,4407
9383,5143,10903,10937,10583
7556,7370,10353,11358,9823
11529,12620,11536,145,1491
12553,11210,3436,9201,8434
8322,8421,8530,11639,3615
12709,10149,9067,8725,10079
11074,12356,3334,11402,12173
11042,10019,8683,8214,6973
4836,7207,12457,9707,211
7498,3210,6546,10171,1694
6464,5861,9160,5719,9469
514,3724,10925,12782,12216
2081,2214,1071,9750,88
16,10258,5714,3417,8249
2114,3915,4497,1911,9887
5857,9994,1163,2257,6175
5764,1482,6636,7225,7610
2115,5668,9070,5175,1852
4746,4557,8815,3126,7702
4249,11720,4441,8315,9630
10826,7602,7928,6076,5821
3968,2146,3979,8784,4571
8006,5322,10186,10860,11212
1222,7879,10319,10351,11219
650,4779,5486,4568,6108
7520,5005,7124,2485,9593
4293,8075,10124,9362,8604
9094,11528,113,8372,9242
5830,10099,9558,6328,10301
10247,11625,8330,12054,5495
9476,12081,818,11096,1499
11009,6252,8657,11926,10490
7009,4065,9639,5616,10591
9640,12302,6930,9396,4437
11458,8265,10771,11155,8829
5538,11372,5200,245,4662
11010,9865,7922,10134,9592
6176,6083,11408,8342,9654
12007,9358,9903,4110,11935
2246,12330,6958,10581,11964
11746,484,11335,6889,2588
10920,8041,4105,8623,9009
2208,1985,4644,7334,6233
3298,3241,4469,8731,7935
3939,586,6513,6674,662
4357,4714,269,8824,1530
6468,9542,9543,3314,54
6283,1454,8946,2007,5885
6272,2722,6250,4944,10461
6784,8297,7670,986,4159
1409,1704,8718,7542,7546
5095,8843,4815,10544,5362
1120,3113,2162,1683,6655
865,5387,3693,7470,8924
9154,6094,5938,5941,1819
4005,7084,6220,1816,3547
3136,5025,1602,1025,9755
3434,3821,3727,3887,2490
4267,5493,9627,8284,4031
7297,5314,7506,1812,7227
5991,12591,5232,6039,635
11747,12934,12815,12752,3322
1954,2946,2858,2159,12382
4674,1574,5709,2611,1628
7872,266,4334,304,5620
3905,5257,10285,9908,4188
8071,5293,1296,6769,2131
9603,10342,7275,6990,4590
10594,10116,7333,8996,2057
10689,11173,6322,630,12310
12870,2503,12913,12562,12822
12386,12517,9289,11595,2478
8993,5547,8500,9398,440
8577,6574,690,5940,10263
3267,9768,1081,3930,12059
12355,8037,2728,7177,12533
9761,10346,9102,11313,10840
10883,12078,11343,10967,9854
10435,10181,11915,10384,12053
10593,11777,9959,4856,11005
10980,10374,4008,7728,10366
12170,7788,11472,7888,5631
6400,7847,6057,5007,7416
6474,5970,5555,84,7292
8257,4300,5363,5532,4158
7041,6577,7764,8535,1498
8328,6090,11698,3095,6423
6921,9492,11319,9017,254
8770,7631,3571,9334,5752
8385,8933,7951,12017,5209
3680,2692,8076,3281,2682
8388,4868,4231,625,10202
6156,656,885,1689,2011
12908,3152,5394,1306,4124
4608,5066,3754,11503,1528
7212,236,10638,12183,6298
11457,9620,9335,10169,3358
7973,11627,1483,10837,11095
4801,11334,10678,3062,10142
5536,5410,4912,11194,12155
9772,11924,12149,9206,6072
10917,10407,296,5269,10652
1667,4650,1390,2798,11700
10223,7603,8376,5626,10653
11019,5584,5907,8406,3165
8864,9953,10690,11942,4538
11040,4166,8142,9649,9618
4641,97,10115,2320,9781
968,2958,2870,3256,10015
8059,11205,2321,6326,3675
4064,9858,617,6028,9338
9298,2869,5079,5434,1246
6354,1526,348,1534,1535
7490,4515,2924,7314,666
8032,6564,5624,3803,3839
1768,4458,109,1758,7327
961,5958,4753,2198,6367
713,1807,7860,5621,154
2307,8141,1550,5553,947
4450,1003,1261,1106,9855
7400,5905,890,1083,7518
11810,11307,9357,5777,4957
439,8034,9796,6121,42,10637,157,10871,7065,7517
3310,471,8666,990,10239
2500,6632,10414,12120,6396
11809,3697,10291,5843,8473
3363,8457,6668,2517,1149
12649,7116,8975,5784,10014
5317,4101,3828,12534,11451
11483,11636,4216,6459,7711
10017,9672,6536,10611,11357
9634,11948,9685,1784,11230
6725,11240,4402,11732,9653
10048,139,10992,7921,180
3744,5834,5386,3438,10645
2471,1613,10803,8788,989
4933,2501,8208,8442,10684
4642,4899,1316,4938,5611
7908,8842,6999,3287,8890
11554,6120,7441,6835,7133
5378,5102,6545,9975,6943
9152,7364,7696,9494,10110
9349,12103,2800,5270,2879
2056,8714,4811,3916,10255
901,8925,7853,1587,285
8520,1612,10388,8567,11261
9539,1384,6985,12343,5406
1351,5237,10103,12667,10204
11016,74,12493,9455,7768
10372,11237,3275,10764,9910
5858,11332,8966,5388,5407
8416,6378,3923,413,6847
2502,6825,3337,252,3965
2312,2285,2170,5021,2398
9039,8944,3897,1402,7677
6502,3367,5160,6738,6623
7121,5521,3156,2238,7390
6508,3341,3216,5136,4597
11108,11144,10990,3122,7836
611,8229,4742,12456,9341
8225,1775,4692,11796,11223
7040,2337,9890,8804,10220
71,4201,9228,1210,7035
11202,10569,7082,8397,7708
7910,5767,10513,9816,7385
6915,8044,8603,7996,6333
7105,10596,7375,7087,6911
9440,8896,9724,9980,12670
2343,2921,9002,4463,2710
11176,10280,11849,11118,10096
6501,9868,11599,9976,863
7680,939,12300,12561,12187
12320,12769,12362,10801,7765
10497,2021,6512,12211,12921
5186,10564,11465,12110,12541
11045,12485,5671,12234,10389
9988,5701,9738,779,10740
4200,8361,7976,9428,9940
10916,10791,8489,10543,10230
10784,12480,9876,7476,6270
10437,9521,10742,12662,12828
8079,2256,10578,9779,2134
9219,11363,8964,10577,3348
5580,755,10137,6619,7647
2908,10510,7247,2203,7804
11104,10952,8202,9164,5051
163,8426,2675,3063,6109
389,12105,7698,7699,11993
4417,2694,2742,3101,1886
4800,11688,12756,11767,4730
4872,5296,3282,1619,2557
5281,7466,5069,6230,2299
8800,4805,6347,401,4505
1185,7810,8083,8180,11869
6625,2388,9114,12284,9278
1666,9638,8106,7947,6671
4452,6762,7512,7803,10941
2528,2034,3769,5246,10207
5190,4973,11448,9947,10557
9248,8514,851,6548,9301
6248,5800,7613,5182,6591
7328,1967,5391,3670,2778
7559,3373,12177,5689,10173
3816,1869,11153,12250,10203
11979,9005,8303,11601,7927
12198,11655,6534,7435,10974
8001,2727,10159,12024,1177
7008,2786,5392,5019,5918
3908,4007,10473,298,5781
1568,1414,5458,9526,5759
12710,11981,10958,10703,11857
10292,4853,6997,1114,6907
3392,422,3753,10063,10256
5030,6856,11500,11378,8437
6731,7636,9430,5208,10911
11425,359,9421,4472,1050
8506,588,5618,2935,6810
11940,3506,7380,7894,2844
12005,7046,10986,1393,3579
9927,11917,10459,12055,6875
11616,5412,7205,9224,11736
7713,5075,3284,3892,6388
10754,8970,11321,12698,7166
12228,11461,11977,5612,12241
10403,11464,10092,3125,12118
10979,4484,10669,11229,8413
1922,11306,5134,6518,9366
10472,8393,11023,9525,7255
9765,9832,12266,12619,11789
12384,3137,4265,1364,12150
7586,10420,3190,12730,9117
1730,5666,3225,4098,226,169,3882,12363,8601,2906
10723,10854,6535,12045,12470
10176,7778,10728,12171,11065
11933,10758,11242,9050,11645
1519,9973,1463,7418,9981
619,1197,2673,7289,6651
8930,12068,8074,5613,2973
12484,6757,2599,10119,10524
9467,8211,11099,9726,10687
6946,450,2087,7051,1680,209,4370,1590,470,1753
6,4520,362,1233,572
642,7689,1931,1328,4350
2533,4205,4500,7193,2045
8643,2731,11731,6614,8989
1504,4289,8047,4880,3958
9061,1599,1779,7228,2047
10671,11761,4248,10362,11835
8963,6981,5029,5657,2174
10531,8230,9332,4377,7839
12679,8011,1971,1112,4155
1537,10024,2989,2421,8216
4298,8749,8625,10643,6972
4576,5217,10244,8329,9652
8451,7561,10995,9877,8537
12512,10309,10536,8111,11799
11811,3507,11988,3541,639
8035,974,10546,11511,10712
5291,3535,6800,8213,9977
416,108,1260,914,61
3528,2089,1770,3119,5590
646,6824,5239,1564,191
2182,3563,6172,9116,1150
7456,3524,4232,146,659
3649,3362,5796,4677,1906
1146,6089,7159,10714,4126
4896,965,622,911,1494
3104,291,1027,5475,4071
1540,9533,4280,1243,8221
9445,3464,9771,5646,2649
9284,7239,10094,11406,10102
5679,11283,11028,12438,7359
9024,8164,7655,11562,6743
11407,10962,11666,1532,9215
134,7794,2547,2744,10938
7203,4782,1399,5593,9821
2339,3780,11822,1085,8958
8874,6125,978,11188,472
11236,3237,5882,10141,11327
1157,7276,7896,2140,318
10848,5057,1521,1234,2493
12071,9419,7948,11793,5980
9060,1925,4873,9200,3422
4707,9316,11111,10440,9016
3361,1729,12611,1509,628
1186,5252,4272,10864,9751
7623,8019,10996,1881,9085
11651,12551,1580,9267,372
7786,10028,3957,12182,1814
10215,12935,12399,5465,2815
9538,6122,10672,1681,7216
11852,2160,6741,8854,8598
9028,12814,9683,8759,6879
9544,9260,10835,6259,4470
12740,8166,11657,10475,4717
12229,9831,5677,1905,10427
6116,8805,4488,5705,11479
9283,12615,12692,9911,11513
11909,11782,12141,11502,12015
5696,629,6678,8633,1723
7308,10959,3638,792,7806
5248,7975,2059,501,6936
9064,6345,4525,565,4857
2567,2350,8399,7959,2366
10248,8271,7313,7700,8636
5185,897,4678,10507,12089
2985,9326,11919,7568,11537
12168,2480,12146,12276,10138
7264,5539,7825,7282,9529
11755,2349,4374,9945,11803
6380,10252,9623,10393,10494
7336,7304,5617,4722,8412
8167,1480,8395,10232,1020
8072,11913,9098,4684,4604
11266,8841,12273,12116,10429
2475,8398,10965,7382,6807
7844,10443,9596,9693,7903
10532,9833,6320,9361,442
11456,6052,900,7816,3755
7015,10966,11959,1496,12378
11046,8971,11533,10607,11193
11945,10300,10225,5820,12125
9477,3463,9615,9586,8697
9702,7505,7153,7900,11901
12165,135,11432,7410,2268
7912,9546,12079,7164,11102
6499,10823,12754,2329,11610
11584,7815,5772,10444,11103
2404,11246,7539,8860,2462
5598,3848,7503,2907,2110
2124,3502,7258,8923,895
6694,11052,7665,2038,8286
4225,2984,7054,5076,7895
10529,6214,9453,4051,6812
7648,4806,12240,6292,2782
9536,1935,10197,9336,1850
5152,10978,5282,5992,10078
8834,7587,5194,12174,9775
2248,11112,11053,3283,10807
8481,5669,1707,1820,11199
1356,8589,7954,3445,10587
8352,8004,11404,8562,1918
8740,8518,2854,9277,8191
7621,2025,7024,10738,11862
4097,11077,8199,12243,12633
10083,9770,9706,7219,10012
11840,2434,11184,10930,9851
8107,752,10523,2654,6079
10369,2818,1988,7278,467
11333,12039,11380,12408,7611
11008,6664,3117,12629,11543
651,9387,10896,10709,3096
10691,7430,11787,2966,6458
10145,12738,10284,10713,3291
10251,8722,2553,12443,8862
11750,4550,12713,7918,4924
8802,12761,9076,729,859
11745,8739,11833,208,1913
8738,10584,9783,9240,3354
11877,12167,9812,11770,7293
10753,12451,12464,6908,12446
9601,11473,12726,9720,11709
8165,2664,6902,888,7644
3817,4373,408,8057,508
7395,5576,8043,7311,4019
4358,4904,5161,6897,2803
4352,5515,5966,5972,2293
5056,6792,599,7003,7165
7457,7876,4773,1744,7865
9857,5380,10789,12178,5334
11427,9675,6291,8435,9175
10436,11716,11557,10662,10002
9578,11563,12813,10157,3956
11297,11813,12309,11291,12316
12806,10759,9735,9739,12830
11841,10632,5672,7762,12281
11330,11654,2119,10827,11311
8485,8905,2923,11629,6959
10976,11435,1901,4987,12092
12612,12677,9804,12371,9718
11140,12390,4959,11772,11359
12135,9576,12402,6131,7551
12640,11400,6794,12784,11097
12004,11047,10889,10892,11443
12772,9352,10219,4244,11965
3746,12774,9895,9415,12458
833,10572,11725,12498,11992
12235,12114,10710,12507,9951
12518,12522,9101,7569,11481
9677,12537,11514,11998,11679
8928,12193,11522,12547,12542
10179,12723,11699,12762,12735
6435,5350,12063,12214,3519
11558,10022,12583,473,10683
12744,12200,12746,12052,12699
9162,11218,12567,12057,12573
12802,10031,6965,2871,12604
11431,11308,11788,12304,10802,11032,10556
2653,10766,12499,10972,7389
12809,12041,11250,9203,6202
12033,6699,12527,12244,6938
12385,10819,7752,12203,6384
11136,4142,12407,12283,12663
520,10735,10128,8431,10909
11907,9897,11132,4382,1983
9729,7428,10504,9142,11581
11232,8678,9747,10294,3898
10724,12650,4625,10548,3189
11396,8688,5648,8915,3707
12452,9255,6601,11114,8223
10496,11137,4198,10861,10011
8646,11820,8879,12338,9914
10945,9928,8112,9553,12349
12194,12680,7756,8785,6519
578,6084,12403,10677,8476
9892,12069,7016,10089,10451
10432,1939,12790,4023,11519
12832,9889,12771,11916,9759
9736,9713,3157,10618,8831
3874,9762,12770,11494,9786
11105,10405,7863,11063,4953
8836,11125,9271,6814,12671
12482,11463,7595,11918,4790
11393,3682,4710,10839,11871
11713,12036,10474,9708,9752,11455
6500,5765,11414,1110,10844
10183,12077,10030,3993,9629
11817,10194,9012,10838,2617
11089,10483,11126,12727,10042
11369,1968,11669,10808,5054
12449,8262,12263,4360,7987
12712,8912,7993,9820,11997
9763,10915,11594,9168,12467
8450,12803,12515,12270,8692
12481,12422,9648,12372,12597
7875,10833,10005,11895,11388
11848,3114,10007,12251,8735
9218,3304,12473,10491,12732
6338,11496,8763,6012,8159
12354,11347,12793,12570,11036
10699,11890,10550,1847,2233
2764,9073,10616,11737,10781
12327,12153,10227,8116,11545
12514,12587,12799,1136,12543
10882,8721,11795,11062,11416
12554,12207,12208,11705,10554
12685,11022,12335,9143,10943
12417,11234,7186,11958,11130
12013,10382,11888,9969,4156
10985,5167,11510,4024,3773
12416,11911,12265,12819,11221
12322,12494,12209,7317,12157
11683,11460,9353,12490,11967
12099,8550,11881,12459,10908
11073,11587,1809,10932,10463
12389,3878,12717,12593,11353
8065,7842,8997,5642,8566
8769,10788,10027,7098,6876
10101,10774,10264,8729,11390
12294,11785,11786,12299,10249
12324,11807,11122,9244,10271
9091,8617,9263,11312,11834
9281,10106,9275,8252,12159
12201,12714,9140,10614,11324
11843,8586,11659,10130,9913
11847,11850,11851,11151,11163
12195,11854,11345,9810,9621
12196,12397,12463,11859,8798
10849,8613,11370,11949,12145
10152,8365,11373,11952,11903
8556,9389,10413,9363,11391
8875,10933,10901,9880,11929
11969,8904,11119,10224,11251
10445,9712,10164,11989,11446
10484,9493,10166,11963,11007
10949,9495,11033,8988,11710
9665,12227,12070,10441,11254
10692,10449,12083,10037,12599
11576,12741,12006,12088,10553
11717,10991,12603,8507,12605
12233,10060,12237,10482,10047
12111,11728,10576,11600,12538
11249,11092,11605,8534,10200
10210,11524,12775,10073,11739
10209,12138,10091,12795,12255
9059,10598,11568,11611,8541
12032,10246,10061,9965,11070
