3969,9730,771,4100,2,3847,4872,4745,394,3591,13,2704,787,10003,5272,4506,1435,7707,4125,2719,32,1441,3490,2340,37,2981,6310,5935,8627,5046,2615,1337,60,9021,830,1471,2241,3652,2244,3018,970,78,5710,4561,7508,3029,6869,7127,3288,7262,4446,1248,3935,994,4067,741,9703,3944,8170,107,3562,1642,3947,623,6000,4081,618,884,4213,6390,2551,4089,763,2430
4258,8014,15,6802,10396
1732,6469,3600,3577,2105
6187,3120,3031,600,411
553,202,2251,2225,4754
2689,1221,2509,443,2685
4228,1701,6861,8980,1720
3523,4239,7641,7642,1563
4204,10641,7763,6004,1780
2757,4816,4434,1238,506
9056,7748,46,814,3765
5920,231,6031,4945,1492
7904,4689,5240,9305,3771
5670,2164,7129,6526,4223
1635,1837,3183,6864,10390
3936,1632,6627,452,1679
8992,7690,2837,6327,4381
2657,4322,5353,1469,1727
10056,938,3853,115,4726
1640,4233,6839,1400,9689
260,937,4118,6937,6682
482,290,424,1227,1012
613,3975,3626,6316,1076
6153,8169,435,4566,8287
5061,8979,2326,922,1406
4485,2405,3443,4600,2846
808,1450,2096,2323,924
3940,1836,5359,2927,2515
2088,2186,5241,2331,703
6088,8588,7634,1594,3994
2240,1380,4716,4656,4918
4481,8215,5020,5149,1055
7585,2279,7784,6600,1470
3651,3238,1549,10286,7511
2180,2724,5508,1862,4117
4864,2505,4306,2838,542
4683,459,2423,5916,991
3715,2086,6183,2099,346
2017,419,2629,5196,6006
320,6126,3441,2677,4605
1479,3530,267,2931,1663
608,7394,3349,5179,29
9088,1955,3827,5652,1754
457,6923,2861,3572,3133
3430,2390,2807,2395,1022
1960,8938,3159,760,7261
4424,4682,3756,143,6928
5321,2477,3759,1743,4190
2408,5450,2356,6133,1821
2717,6438,1865,2575,2205
4932,648,2441,2768,3129
6155,3503,1620,7413,3517
4290,2188,1999,4527,3453
1042,3863,2808,4986,6395
2304,3266,7381,886,3899
224,7080,6321,3700,509
1472,200,7274,951,8986
6210,4965,7494,1005,4080
5728,2498,2325,3894,4795
4195,3467,943,5785,5884
3173,2282,4619,3416,4474
6150,3527,7209,5774,4282
6151,8907,3538,222,3999
294,3859,4499,3865,8441
2876,5261,7118,1468,3327
2019,997,1104,1747,4893
103,9996,1616,6102,6236
6566,3116,7950,3668,25
3234,8291,785,7862,4830
4931,5034,7019,183,478
2793,3215,3345,6523,3135
2799,4432,912,5365,5983
352,2336,2508,5656,155
6402,1259,8301,7538,2394
7458,2342,7178,3792,2961
6051,841,3305,6899,4026
1313,2753,3460,1461,4312
1031,4143,215,2714,5403
4653,1294,6479,5432,2427
3913,7147,6733,3669,6462
1061,7273,5463,4056,2138
5124,454,1478,661,4632
5284,2756,3052,4378,8669
2914,8355,2822,2809,3134
73,105,3307,1425,1014
1984,739,1253,1354,4532
6888,1353,1867,4433,6673
1377,5416,3606,5721,1466
5637,4655,4825,4602,3551
1700,3370,3757,2001,3699
6244,10856,2604,5268,3418
2216,4840,4780,4661,190
3873,775,5807,7037,2495
1573,1324,6132,6389,217
2218,4235,6702,8848,1360
5254,598,1657,8698,3963
4769,676,719,2073,4607
7873,7917,5840,6419,344
6440,4875,1908,4276,1621
6024,2697,2348,3414,5566
800,5249,1508,12231,1447
3618,5251,4808,3209,1527
6471,3625,5551,1039,6485
802,4578,3949,5945,7039
292,809,1551,4691,7770
2817,3150,20,5557,7835
8771,1256,1846,8440,1626
6375,6190,7253,4510,7519
3207,11080,4365,4913,4286
2044,5037,11542,3196,2431
1158,4974,6483,2775,3006
4992,6008,8407,4696,5723
4393,2079,2940,2429,5215
4224,488,7593,1804,3277
932,2150,174,5655,2905
3329,5894,8495,3793,8383
5126,4392,6223,2641,7474
5902,8367,5527,409,1883
1378,4514,3142,6666,5183
641,6531,8838,655,3736
160,3077,7719,1936,4479
5795,3366,1191,5096,8799,2612,8053,87,2877,7743
3621,1126,8109,176,4766
8872,621,6227,1589,5245
8448,5825,1254,9226,1427
3777,7596,465,3608,1535
164,3720,6607,7088,3932
4261,1767,5108,2396,5244
2720,458,852,8730,573
4531,4565,2646,3992,6268
369,3807,3967,4058,2207
5993,1295,82,3895,5371
6178,8750,1904,3025,6362
6626,4679,4776,3127,381
6280,5962,4528,1682,2874
4706,5572,6900,7126,3959
4135,682,8404,8564,1302
2245,1319,1811,1204,1562
4681,5418,1044,8504,7162
1762,2091,7627,2098,4253
3206,6346,3822,3185,3259
5570,6754,6628,2544,3601
1320,940,9715,437,251
4711,4713,3635,2518,1659
3015,9001,3796,3479,4281
7712,2977,746,3403,6289
8356,1993,5780,152,2941
4043,7664,3475,2805,5367
4138,1899,8405,4760,8220
3141,2537,3242,2126,6263
2211,7195,4569,3419,10815
2051,5732,4362,7984,4151
7431,2449,534,8793,2042
4337,2482,2680,7068,1791
8865,4995,5604,7671,8124
5804,2644,1973,6011,1116
2632,6858,1567,3741,3263
263,3980,5294,2830,823
516,964,684,1493,1660
7393,6761,6219,5210,2175
2376,4555,3442,2969,1565
3586,8236,2413,4349,3071
867,4585,1263,6716,1759
2055,5203,8884,1946,1372
4743,4137,1459,2521,126
3818,1488,4465,4439,4923
66,8228,4486,4139,3211
7109,1096,7757,877,5115
1230,7056,3352,9498,1503
2848,5541,4493,1786,4895
2852,3244,3218,8531,4029
7146,5035,6540,6797,3472
8288,3079,8073,9966,1265
9508,1028,7785,8818,6493
4,10597,1933,1839,3028
7251,3094,8790,218,4375
1132,1553,5298,595,7094
3434,8300,909,560,6612
6377,7913,10156,2354,980
398,7823,7217,7250,4219
2947,5480,1685,7415,539
7554,3661,4496,4858,3515
1004,728,3737,2232,3007
4835,8611,233,1298,2900
1857,6630,2222,3798,3030
5568,5063,6826,982,1015
3492,7338,2443,5522,375
387,324,5934,2261,2392
5641,1107,6163,6166,766
7044,3607,2955,2199,1945
483,842,8147,537,4956
3841,1318,6185,5549,5231
4929,3202,4645,624,1650
3314,277,7478,7609,10077
3904,3298,4708,3852,8824
7174,2311,3726,2706,1876
3073,5022,2200,5277,4734
3776,7074,7974,1361,668
6401,265,2922,7733,5531
3912,2953,3084,3802,6557
3884,2260,5045,3325,2141
4487,3382,4698,699,4222
4428,1069,6094,1273,5823
5026,1443,2627,2696,5877
4935,5352,1709,8977,4274
2158,3665,4948,7355,6590
7169,3630,5555,1972,6840
609,2780,7204,1733,9852
1665,289,5513,8940,2159
9827,3371,300,5363,186
2400,3684,3509,5016,3321
7849,7052,7535,9489,474
5582,10033,2777,7352,4665
3331,4072,3631,5145,3036
9417,1388,2414,6387,3061
738,9123,2184,8719,4445
6213,3849,4459,2771,7767
10339,7847,6217,8269,6232
3745,2499,4083,7221,700
3951,1201,7958,314,2171
5574,5769,5550,3568,9053
7724,1422,210,1300,3486
1153,1545,5195,4210,7197
1164,973,7828,11003,3644
1992,3656,5870,8028,7966
1292,4174,9681,4435,11135
4169,5101,3762,3027,9276
2053,5103,1618,3285,2778
1863,2791,6635,4144,2737
1792,4937,2412,10639,919
9447,2733,4501,5206,1310
2690,6696,6768,7798,1272
2562,7523,5028,5893,235
3074,7298,8972,847,8314
3200,5281,1606,2100,1495
1216,481,1582,6062,4851
1156,2148,8056,2970,8190
5156,3404,141,2194,7475
5889,3174,2760,2507,3678
1058,4440,4838,3320,3004
1985,2054,5713,2903,4728
4102,242,726,8471,6074
3691,1879,4883,1171,1719
5537,3499,4660,1597,3262
35,4874,1196,1101,3055
1894,584,5591,8920,2943
2338,3140,6932,6967,3834
137,6572,306,2773,1686
5090,3685,3151,338,7548
7013,1289,789,759,8827
4963,10151,6382,3131,8255
903,8616,5514,6878,2527
3273,2670,7886,2197,3446
5987,3020,1103,1402,2749
896,5060,5125,6354,5975
4640,2701,5682,8723,9052
5668,2934,6199,1725,5503
6722,4483,3113,7034,7066
4458,7308,3891,6200,1179
2752,3201,2691,4467,7549
6465,6276,5606,3112,1100
1827,781,2385,1467,4319
1835,589,2676,5749,4184
1603,6571,1773,5077,1109
6592,2152,1066,3254,1885
4356,3205,7814,5354,3286
7619,7461,1907,3064,3706
489,5610,5739,8782,6652
7397,1516,7281,4055,58
4236,2578,8825,2397,893
2786,10020,5711,7571,7323
3783,8309,3415,1817,6942
2561,3786,908,3734,4631
5831,2129,4178,6521,2590
9984,6883,4049,1841,4279
9800,2153,875,9106,2964
7392,3364,4902,2601,4461
8939,494,1909,1367,1848
2369,3171,361,5132,6969
6274,4647,4075,10100,3255
1987,1511,3088,1331,3731
6849,1830,8335,1916,3581
5573,5994,6093,1303,9083
1440,1889,7030,7735,5753
2784,9258,4304,6517,1052
8774,2763,4398,6009,2751
4744,6514,4537,7709,9598
7874,6506,1235,8981,3613
3170,582,3696,1718,7254
5794,2885,2213,3950,798
1674,10034,9235,4663,1944
9987,1093,3589,178,5758
1064,9388,5238,7838,447
4516,6670,7986,4595,4153
4518,1165,2352,3611,1278
2659,1572,3076,7115,1438
4001,8282,1451,4186,5023
453,2149,4652,3149,2619
2467,7465,7466,4307,7155
6657,7747,7144,9033,1211
451,1956,6281,9323,8780
3872,2276,596,123,988
6561,3458,3180,848,1436
996,6408,5770,8653,9566
645,3593,1610,342,9402
385,7010,4556,4109,3711
7746,4324,1073,4978,6364
7525,5865,4890,4380,5854
4897,4553,6771,52,2774
2157,4335,8946,8021,2459
8672,8482,4687,7377,1716
7651,8452,3559,7125,351
2596,1769,2474,7151,7439
5633,8391,1207,1947,667
567,3885,374,5078,9308
2789,5285,4456,8878,4847
1453,2355,7961,3901,4191
194,2920,2888,1037,1550
5058,1671,872,3048,1997
7113,8524,4473,5819,5790
9184,1588,3158,2458,349
4321,8424,1417,8941,1457
1445,7089,5494,6488,5950
2085,7691,5010,2264,90
7813,6058,3537,5878,7069
8547,2444,1389,2702,3412
616,4363,3248,5172,5111
5446,7090,3573,3161,10779
4480,1057,6795,2072,6044
1672,2990,529,18,3962
2060,9484,496,10165,7675
4161,2082,2274,8840,6847
6374,5323,1871,2193,7899
3431,2123,8816,2994,7071
3078,8392,556,8117,1439
4320,6562,7076,4583,8637
6080,963,228,7662,6069
2048,8866,2006,2108,9790
2721,1543,5453,5456,532
8772,70,6003,1140,6711
2971,6314,4879,10831,5083
1986,9293,5073,6330,669
2912,1866,5420,5874,4309
5697,4385,7346,4695,7449
8705,354,7412,7706,6363
3971,6603,4781,8402,7676
4103,332,2765,2137,7583
1539,9381,4147,1016,1756
6019,5603,4998,308,2040
4288,2209,4867,1948,606
3365,5548,5423,819,4703
8259,9862,5964,7031,6013
5998,2738,2005,7485,5726
6308,6955,4659,2579,9364
3106,614,2730,2636,4495
9221,2574,4277,4150,8061
8548,2190,788,6142,415
5609,8755,2324,505,1244
704,2853,871,7821,4725
1408,4171,5686,4793,8987
747,172,812,6713,2623
2534,2447,3987,6809,4379
5290,555,5487,7697,2963
3082,2451,8982,2359,5914
6976,5829,1224,3856,5941
4032,1765,2794,4027,125
5295,3408,6993,1598,6430
4554,2411,8631,7965,8830
8064,3937,6736,1557,92
6306,10308,2902,22,5180
5312,1989,6353,2712,5787
7175,8,3280,2162,9727
3233,2215,4878,4539,4318
6693,4297,7502,2455,1722
8791,8039,1684,4855,1502
5985,2672,3473,7988,6038
10148,9006,1683,3000,1118
6284,3565,718,4887,5307
5681,2101,8540,1277,3231
5162,4300,5933,5490,56
10283,3764,9850,2811,8478
3401,8310,955,5949,894
2788,6823,3019,4526,7640
6960,5168,5141,4252,734
1990,6509,370,2901,7674
1376,796,7245,2898,3228
2306,8298,1647,4303,1174
5306,2154,6167,6136,2298
8000,2624,4451,3695,7379
5088,7819,3053,7445,6424
7841,5389,4821,2136,8924
393,8911,6866,2549,8312
8325,7574,5879,8025,6909
3469,6351,9264,2069,827
449,9124,3943,3820,2448
4613,6344,1258,1676,5343
10285,4016,594,1397,6555
8512,2113,2446,3576,5596
8226,870,2667,2987,7885
9348,377,2802,2967,6425
5995,4013,4751,4084,5053
580,5484,14,6063,2610
5445,5454,2226,5140,4671
5805,4367,6991,8696,6687
2049,8275,8851,2875,9535
8384,8610,3512,5146,93
6148,1276,6010,4060,1853
7172,5072,2645,3002,9086
5324,3377,9171,158,2271
9841,3763,4634,1147,4668
7047,5847,4877,4212,4343
1793,5638,4916,4697,3387
4519,367,6417,3160,5562
1490,4409,3227,4189,959
3648,4680,6510,9777,7290
8781,4114,2841,2457,5151
3655,391,1269,10328,1113
8321,3042,7615,8187,1787
5289,10989,5809,6582,10430
10120,170,111,1141,3867
6337,3619,5926,5516,5919
6113,1130,7790,4404,570
2572,2030,4785,4594,9688
4038,6727,1678,7727,3829
7459,6473,1067,5653,4092
5635,9641,6412,8569,156
4546,4869,678,1624,6174
5408,5632,9766,3790,1247
258,259,4850,3575,8734
9682,6647,3290,2363,2621
3570,1173,6486,4317,4127
2915,4649,4792,8595,88
3264,5545,874,1749,1950
6891,1334,6842,5818,6042
229,2542,9399,1656,4093
7649,5477,522,5327,5279
3047,679,725,2295,4926
8295,6610,8018,500,2748
3232,934,524,5041,985
4704,1454,1487,6456,2041
3168,7150,6416,7383,8094
1858,9204,438,3065,7356
1284,1639,3534,786,7956
9604,3099,10416,2235,2460
4194,3013,7856,1048,10428
11874,6533,430,7378,7901
1536,185,7911,916,5401
1512,7408,6192,3508,149
962,4966,6442,7436,2450
2023,1421,3920,3642,383
512,3265,2221,11279,9491
3016,8008,2026,6204,3612
2598,2224,3411,4627,7229
2439,2223,8113,1329,4947
643,5413,3154,5171,7223
5704,948,4502,1721,1596
1604,2281,4523,10828,95
7073,644,3751,5329,6867
5664,1953,5127,7218,9780
6405,1193,468,7864,3487
736,6568,1964,3181,2671
2976,3622,8660,279,3480
5250,2294,6230,9367,5883
5990,8752,6832,5170,2904
7682,5827,9624,4844,6776
2112,1252,3815,3336,6169
39,4750,2928,1525,3034
2723,4041,4749,80,2559
2856,2410,6606,3471,9650
1280,3843,1507,198,8810
5316,8522,811,9997,6808
322,8085,11863,1822,6431
1090,4165,1520,8371,6843
1121,6755,10,1965,2036
835,7367,2127,11191,1690
3722,11216,6453,1561,10939
417,3650,3440,9233,8050
10880,3808,4905,4313,1053
3500,2004,8121,1018,6397
132,9128,8013,4915,287
6819,6477,1934,47,3900
7745,4900,7981,5748,5559
1888,2851,5302,6583,6302
2628,4709,3750,2483,7320
6658,998,592,1713,347
1571,196,6724,525,2643
2569,5258,1452,2735,4575
8801,6882,2133,4954,7581
6112,3468,499,6427,4988
6309,4454,10376,794,927
3749,3882,6480,1491,4599
6887,1801,9041,2582,7351
3525,4070,10636,3317,6525
2432,9027,1902,3222,4383
6543,11763,4345,540,2334
2560,4196,4391,11695,5308
4976,4061,6421,1974,5437
3496,1673,6516,5525,5695
4770,4421,4229,1523,7028
4646,966,8461,2382,2399
5344,3683,3379,1819,1308
6913,3977,971,339,7924
1416,6359,7321,6391,2652
2176,6948,6663,1774,4952
2466,6409,3241,6104,8222
1668,8272,5553,50,2139
5387,6220,947,565,3547
610,3556,4422,7470,6350
2722,6770,8346,5243,8319
6947,4522,7344,3638,6655
6692,9158,5684,1240,9468
8128,9259,6127,10032,2012
9449,4305,5909,3989,3991
6437,3596,5326,6225,1714
9483,1423,4112,1978,3229
4325,6181,5397,9527,4859
2272,4804,9418,4758,3420
2592,967,9000,329,3187
1699,2886,2823,8812,6683
10446,7414,5944,5690,5311
4128,3110,7783,2960,5109
2083,5000,7213,2864,1433
6433,8195,5896,3437,11038
8439,7484,2678,5147,3548
3489,1542,5547,440,1151
1476,1291,6258,9207,6492
8577,1448,1162,3886,7605
68,1651,5043,6968,62
4172,6605,3599,10612,6742
4831,6357,6237,7038,5471
2212,2310,6569,6418,543
8268,8239,3663,817,6452
6082,7492,5229,2007,5852
1225,6827,686,9049,6620
2273,2613,6552,602,9245
612,8304,3672,6235,8926
7148,3346,4981,8122,1245
5931,6645,5813,5915,3676
1092,2473,7758,850,7992
427,1655,1401,7004,3167
2881,6157,5614,3350,3195
6848,673,4036,2916,2919
6723,2243,7214,3609,7740
774,7183,5007,5621,3995
4617,3147,8694,3130,4797
933,5842,6162,2556,5405
7226,3855,1617,2035,890
8360,3318,4886,6140,3838
4009,6995,5687,3996,671
5224,493,1556,117,8151
9600,1645,2606,6482,4639
7139,6379,48,3799,5561
6828,3632,4020,2589,6558
11172,10533,695,2494,10975
5602,5986,6709,2583,2010
3086,7061,7957,9723,8767
5188,6026,4982,5848,3835
9861,8525,5235,213,4541
7176,7626,9547,3214,5390
2465,6984,5685,2008,6139
11650,3942,4206,7637,3103
6962,8691,2386,4086,2524
3557,5221,2951,1998,3738
1669,10731,2032,119,7128
5068,8557,941,7279,6105
1927,749,3889,1175,1114
1820,7481,3657,2585,1340
10306,10278,9096,10325,8606
3330,3497,9420,5881,2110
2124,7503,2003,5173,8923
3654,2858,4107,4943,2065
7490,4712,2736,2071,348
1954,2946,4903,5703,7294
4005,3474,1843,501,3005
3109,4012,463,792,825
8097,5544,7337,2380,1975
5248,6307,710,4199,2891
3905,930,1199,2713,1017
3176,2954,6164,3931,1917
1795,3887,784,6996,3839
7936,2983,1578,6511,3448
3213,5396,2741,2173,5087
1803,2539,7315,3483,2975
10566,3208,5003,7669,4862
4132,9932,6066,2709,94
2925,6734,7630,795,1309
11168,486,3398,7942,4242
7301,8594,11766,476,6559
3300,8294,399,879,2195
6305,8289,8429,9208,634
5571,5449,4558,1431,6201
8258,9090,1544,6025,6186
1217,7906,5002,1996,7963
5543,3628,9296,4593,3035
5667,4549,8103,2603,5228
5314,8899,3495,5112,1086
1312,8777,2859,403,1534
1194,9803,8052,724,2299
1026,6694,3930,4603,2718
3845,1008,10292,6838,9503
7968,8257,2146,8244,8150
4130,8231,1580,2165,831
6209,2639,8249,10237,413
8419,2787,8005,3470,9887
232,4746,1102,4592,1011
8576,6411,4598,7416,4121
6203,4310,5910,8795,1405
5952,1738,4557,5299,6365
5924,548,9549,4399,2873
3939,4357,7334,9542,8718
192,9154,8596,2679,2365
6470,4654,5747,2620,3806
1912,3386,7962,2938,1855
8615,2890,716,5337,1212
4832,8040,3243,1370,6077
3778,1794,8465,6936,3710
7971,6979,5586,4884,1051
6345,266,9870,3251,187
9225,527,1078,569,5594
1897,2420,7797,4503,3001
9828,7181,3919,4564,3704
1634,8902,4369,7286,1371
9472,6656,3718,3985,6260
3462,2093,8089,9438,31
8193,7915,3316,1430,378
6050,3719,8712,2250,8687
3584,8849,2897,3038,5439
3658,1581,11892,9307,6046
6564,11025,820,4346,2236
1932,5293,782,1806,6495
5953,2120,9577,6669,10879
6286,5683,1687,2104,7257
8551,4208,7954,3933,5599
8352,5669,839,1356,2015
3041,2540,11404,1395,8185
5313,4308,7732,3926,4638
8800,2374,1653,7639,10107
5510,6347,5709,1807,7095
5673,4364,8492,5105,8349
935,11146,4340,7093,9567
1704,5230,475,4347,860
1409,1605,5260,2033,9465
2829,1297,4786,1778,2558
8105,3730,7898,3866,4827
5288,2996,8468,9302,2046
6048,4332,6448,2002,4861
9379,7654,6439,6253,5488
7280,7057,3766,248,826
3008,2882,9273,3452,6205
7266,3686,5202,6422,2972
5969,5588,8760,701,4063
4739,6918,7892,2107,6845
7078,2332,3478,7318,6332
3426,6021,1929,5081,3742
2950,6059,2097,757,6107
4675,9967,5139,182,6231
4329,2872,2102,6392,6780
7979,8145,434,8885,9628
4042,4330,8592,10906,9404
6595,7045,3850,5297,2265
577,5027,1962,7501,4670
7042,1412,4812,2867,2109
9695,1900,4462,1911,6047
1729,2147,2115,3417,862
6242,772,7276,4444,2878
1002,7883,4909,9238,9660
2464,2081,3979,1071,7225
8388,2014,9750,4316,318
5857,3595,16,5714,6175
3432,8776,9994,4497,2682
1473,6893,6095,6613,4087
7491,8003,1167,1138,1622
5760,6978,11398,7081,8350
5733,8711,5417,4813,9754
7780,2066,5628,10359,7100
4160,11011,4327,8585,9949
10761,75,4079,10415,5435
7489,4612,753,10198,3543
4225,2984,9321,5076,10487
4192,7426,6214,711,3732
3164,6639,5204,4796,926
9063,3335,10250,9202,5213
10018,6278,4187,5853,1982
6791,8937,10161,7991,9787
11113,7401,5489,10072,10680
837,2318,720,2929,3069
10529,9187,7473,1143,10332
7652,3383,11579,188,10334
7145,8048,5138,3801,3870
2497,3433,1850,2907,6812
7297,9425,8689,9811,6970
6152,2570,2132,8952,11197
7163,4136,3832,1305,11515
5123,6917,7566,6064,10745
6336,5319,4720,8880,10902
7201,8839,9230,9297,2302
9921,1513,2766,4718,7890
4517,8870,5460,2357,9406
11265,3203,10765,10317,9807
1895,12076,9236,9336,1145
2625,5478,2545,1559,3162
6721,2662,10221,6039,891
6949,6789,10697,7085,9304
7233,6956,5716,981,5464
8484,7781,7852,9458,3294
9194,12106,9518,5946,3964
5120,8962,5191,8464,5498
11169,8580,3143,10760,6588
11619,2335,9637,8823,3295
4901,8144,10068,5368,7931
733,2510,7314,8477,638
3717,1032,8425,7645,5886
3072,1228,8652,791,4185
6563,6323,9109,6648,7515
8736,5482,6100,7670,4315
1959,7657,5965,3770,6366
3522,3590,2346,7468,4525
2502,6311,2189,2939,9181
5988,8916,7896,9690,5214
1120,9196,6193,9460,8156
3945,10059,722,3059,7288
7232,6466,10349,4397,9849
9504,4930,4809,7887,3574
2470,1362,7124,7895,3582
4068,559,6160,6679,895
5793,9252,4492,1873,7796
4134,4715,5005,2062,4533
3040,1859,7684,10809,10780
2309,7721,8845,6352,9118
2535,9004,8661,12151,2330
7306,2292,3032,6745,3674
4003,8135,271,1941,8792
563,6677,9111,8024,8251
1282,5925,2792,6988,5310
12035,10090,11477,8343,10456
2580,5845,3510,1079,11450
10625,7248,9395,4820,10847
9062,10953,11921,3090,8951
8867,7558,8296,9104,1875
11658,8400,4658,10453,571
5824,3552,2637,4146,4980
64,4961,6496,709,1392
4622,2896,4017,2933,6303
1541,4073,5518,4431,7191
1574,7980,4334,1808,511
960,4302,5071,5751,8503
5257,3692,1261,5938,5080
4131,1091,6129,4062,9855
99,1231,2611,5844,1501
6728,907,4590,3376,1083
9282,4579,7142,2202,4414
6180,7718,6119,4429,5117
869,5032,11827,3102,7486
1890,5608,6257,731,8732
325,1797,1142,6138,220
11631,3952,3504,3550,5375
769,8612,2893,3155,2361
326,6182,7628,7536,7059
8224,9986,4078,6963,7606
3332,11120,8786,6707,6360
5473,9891,836,1322,5271
3272,6413,945,4535,6300
7750,1062,5262,1880,7934
7299,3748,12204,7726,11027
12192,4227,5833,10381,7999
8932,6539,2028,10008,5400
10786,7450,3694,5274,11931
7179,4270,9330,9945,9853
5024,1832,8266,6586,8766
2530,11438,3252,7643,4798
5979,4006,7369,11224,9595
9125,9453,10197,8409,829
7107,11382,11190,11034,11999
8033,1250,6852,6394,5052
5236,7607,761,4475,4990
8389,7565,10168,8219,11676
9536,8006,7755,4141,12191
6752,8876,10605,10323,5851
2538,6667,11445,10649,1882
3588,10792,6578,10132,10970
586,8339,4120,5433,3514
6400,1611,7032,4824,4442
5197,1275,2353,660,4699
1771,7599,151,7384,284
3045,2191,1524,5048,8703
7782,2407,882,2418,6043
1703,5708,697,7132,7326
4962,8238,498,3098,3261
7878,2161,6294,7801,9212
3970,8071,6032,5395,3767
4449,1257,1001,428,3033
109,3725,2863,3709,3390
4768,6623,2029,8889,4255
1772,3023,5712,316,2172
8996,7340,3953,2772,6262
7972,3909,7077,2252,341
4416,6502,1735,4082,5372
9291,558,4245,4985,5276
4427,8364,1740,4436,3929
3840,4076,7729,821,2140
2347,8559,2484,4348,2622
6282,4563,6611,5526,6331
5665,6690,6369,1446,9840
6529,6662,2942,3477,6238
8010,6414,3247,4278,4351
5219,4841,9299,3640,4857
5505,5104,273,1339,9055
9603,2566,1481,8877,3344
7872,3394,3693,3966,7550
9120,1958,5880,2781,5342
5093,550,10226,2419,4159
4802,7267,8338,469,8822
3772,7793,2259,9590,4220
1829,5160,6986,4395,9146
6468,5542,3339,1496,3385
5640,8267,1358,1742,3124
128,1286,5447,7112,6803
6624,5451,8685,662,4630
2438,8693,4022,2520,5627
3555,5385,4491,2037,2651
8737,9166,3375,5008,9303
3457,6530,8098,1538,4823
9896,9385,10378,7409,5750
6759,8809,8593,1623,1311
11013,9612,9232,1776,2687
9732,11278,9714,7026,10205
8357,10571,3502,8245,8184
5286,8679,11439,11059,7347
4420,2289,5746,9461,12600
1381,10863,9907,10585,10748
8227,7212,6637,656,1689
2894,4530,2488,11004,6494
12288,6371,8455,8539,11899
3427,6087,9742,7576,2618
12321,9894,5511,10601,3614
7620,5662,10409,4917,3934
9728,5575,1099,9047,11322
3050,11419,5165,12598,9147
10178,9036,76,11187,10486
2090,7870,6933,6491,1374
5859,2564,173,10620,7135
5989,5039,4047,6872,6777
5157,7017,9866,1458,8082
8868,12044,6766,113,1532
10186,650,11212,12081,8372
8132,8783,6108,1213,10174
8134,9511,7754,6091,4051
4806,5351,7048,6860,9847
4610,10314,10038,633,10301
10568,12435,2998,2840,9978
4643,910,3664,4759,7167
3883,5869,591,2300,6975
8545,3788,7372,8088,6585
675,4842,3983,953,9183
5409,5735,9032,464,2358
5799,1455,1296,4188,3391
2797,6990,304,10324,4251
6436,1995,7084,275,5116
1025,396,3821,7789,5529
4547,3779,9543,11383,9627
546,8684,6097,7199,7455
4589,10478,11828,9239,7995
6881,8326,7629,7794,9397
1547,1009,2227,2839,7423
162,4167,4457,6997,3837
5698,10535,9170,4853,6325
5797,6854,7859,4025,6907
4389,4783,8016,2552,9279
1189,3921,1206,9054,2111
881,950,11546,2747,11037
5569,9319,9960,9435,3647
2857,3337,4238,6288,5624
8416,130,1654,8700,5021
4644,7269,5764,6661,9310
1602,4010,9003,3986,7002
6478,6738,10739,84,5212
4868,4231,6513,3923,5044
3521,6497,7283,2836,252
6816,6599,5645,8370,954
8069,1777,7677,7582,1215
5666,6850,11529,2011,6719
3842,206,1006,10704,8240
12128,3938,1095,5106,8828
7203,1124,7110,952,2782
11528,4782,1169,24,10394
7171,5693,4946,1335,8317
2665,10063,147,5815,6654
9826,743,4359,10419,12376
9608,8552,9802,10905,8701
10537,9517,3245,5459,11994
6020,9317,10070,4408,604
33,1576,1229,2416,1691
7170,9717,6550,5754,7422
5474,2661,4848,3739,8029
7363,5318,8363,7955,6490
5901,10541,2833,1970,4949
9696,2824,8746,363,8918
9956,4426,10254,4115,3545
7938,10855,751,7224,5500
9666,806,1522,2547,855
4928,1892,3910,8871,5201
1485,110,4951,887,6297
2401,1834,2481,4209,8699
3747,2131,5715,4091,3037
7713,1710,4633,3641,10236
6057,4588,3860,3836,8447
9506,5414,843,6388,6110
6528,8675,6598,5905,10206
6147,1893,8942,1812,1790
929,7015,460,4015,7739
204,1197,2769,2554,6651
6445,2262,5304,11774,10335
8674,2339,905,1202,1429
8390,1232,10481,3539,1342
6144,8808,8887,920,3484
8999,6189,5775,7989,4664
9380,2649,7386,12028,7678
5955,5676,10321,531,11603
2688,9057,8459,10515,8445
10944,11749,4215,2968,7454
4292,3854,336,9466,1629
7360,365,754,8984,1628
1608,8141,5789,4158,2143
3554,4666,6906,6461,7806
2059,6124,5622,1943,4028
8320,1921,7206,8967,9755
865,2187,2924,4396,892
1696,3990,6295,7452,510
3236,7560,7983,10959,154
8544,3915,6573,5198,2364
3633,4405,6616,2206,5855
2242,6128,1592,4411,3224
2658,7427,7594,9678,8120
6786,5581,9998,2577,8154
1824,2945,6146,7527,1935
11781,10087,7050,1752,7742
11200,6159,2425,9082,5565
9632,12426,6030,11702,12440
1692,11972,5658,2587,11420
2144,2889,11411,3896,4763
2532,9413,9554,9078,1750
2758,6279,5099,9946,4828
5280,3973,4778,6830,7933
11459,6275,1382,9962,12415
7845,11975,3602,9879,11644
898,9433,3323,8285,7807
7683,10040,1208,3610,10431
8708,10438,3303,11822,6704
10887,680,8332,11117,9658
4993,10352,11569,8565,8726
1127,4779,5486,9558,6686
5830,9774,3186,2485,5567
9193,11824,5912,4176,4568
6953,6672,11897,8218,8668
8161,7944,9072,7157,10878
8386,8418,9829,5512,9174
3681,10214,5867,10354,9784
7969,5866,6317,6450,8511
7808,8709,3721,11214,10776
7520,4293,11625,10124,8604
8290,9611,8115,121,8158
11778,8582,10348,10125,8662
3424,4387,9573,9199,5462
10633,11466,7884,5615,2543
8645,8075,7635,11802,6747
1321,523,10099,6676,4284
6096,755,4472,5849,2750
9669,1033,9557,9368,12095
2178,12108,5266,6328,957
3009,359,7880,10811,1373
6277,840,777,1737,2490
1444,5256,2094,5335,5563
713,8621,2513,5654,6524
9441,2469,2312,3955,6836
677,7529,2068,4505,2493
7779,1387,5355,3667,3315
6659,2219,4753,340,8535
10112,8480,4002,5554,2291
707,6376,5595,6075,3516
3046,1868,5583,7284,9013
7469,3826,5619,2398,7935
5064,1355,5169,4018,5521
9697,6825,6195,407,3357
357,1094,2409,1615,2428
7625,8761,10199,7353,6234
6342,3156,54,3293,3326
6272,6597,5932,688,3893
6749,6862,2296,3897,3677
10257,7506,3803,637,7518
3271,3529,6924,5012,2170
1155,6283,942,6228,6910
3465,6474,10775,3128,4221
9089,6951,6581,2166,4889
9031,6250,4045,7027,6076
2435,9863,3179,4494,4154
6793,6449,6898,627,5181
9793,3145,4970,9710,1404
2121,11700,2932,2230,10461
8961,7877,9097,4818,244
1648,5457,8820,8472,2201
9155,11622,7687,5651,10717
7552,8998,6863,6036,4573
8096,8263,7694,7448,10842
9512,8778,4241,1554,11578
11722,11769,6642,5049,9242
7648,5225,4723,9844,11002
8803,3108,5129,2586,10462
3587,7240,11984,9813,4925
9580,1677,3981,6833,4601
8676,7215,11157,11101,7007
8256,168,8208,3380,5499
992,7362,2826,5430,7230
10336,5730,7800,2297,1246
9635,6580,312,9915,1980
8456,43,7504,2322,11129
10402,3848,714,1035,9241
4034,6920,8570,4536,10522
8486,8528,3067,8764,7869
7693,2669,3249,8090,7614
8138,7597,6609,8347,11263
3369,12,6385,4787,7001
6756,7211,5943,6071,9437
2563,4170,2832,5778,6782
9274,8549,7945,9422,3226
6799,3794,5782,3260,1085
1060,6853,1068,1267,9499
9824,3780,6886,41,9424
9514,5356,1845,11673,10910
10565,4615,6987,11826,4053
11407,10962,3482,9215,7103
2514,857,8634,2204,5725
7592,5577,2381,6446,7067
1705,2962,883,2548,1526
1957,4423,3343,977,2301
3814,3785,5419,1816,8351
5507,1768,8944,5777,7388
2305,6027,7764,8284,4542
8032,1474,1326,5135,7860
3585,9058,8493,8633,9819
5696,6086,629,5175,666
1281,9922,3011,3240,5788
8051,1365,8758,2039,8380
3296,2278,7817,11856,1074
3302,10121,8179,7830,4829
4262,5384,3728,4693,8855
7940,4581,10539,9964,1200
9507,8488,302,10256,7799
422,8201,9651,4788,7196
134,7526,7531,402,9943
1287,1726,3057,10331,11198
7041,6532,3861,4729,7610
9999,2674,2267,3166,7391
480,3107,4515,503,5885
7584,6674,8632,1852,9214
5958,6636,5264,6577,7327
3217,8985,7836,7070,6367
6784,6829,7542,3324,7390
7843,269,4571,2684,1181
8704,10342,3367,1003,4108
6378,1898,9908,5980,3646
4833,9262,1137,2546,4694
7137,4866,9188,4145,4637
8807,7437,11893,12445,10270
3907,9575,8733,7774,8991
5580,1040,3347,8958,4287
6602,12010,9645,9874,6451
9094,7054,10799,12054,5495
9791,10994,1301,11544,11839
11970,10350,6542,9583,445
5036,5618,1046,10743,7421
3043,2660,5059,1160,2492
4419,5094,8648,8212,7575
1570,5959,1967,5392,5629
4256,249,4331,1177,4863
256,4673,4259,6065,6939
7008,1568,7043,5019,5918
1736,5391,6415,3476,3670
7328,6726,1414,9526,5974
3908,4007,5458,4218,5759
10851,6221,11575,5689,7932
5376,10567,8583,9931,8572
2992,9939,9205,10812,10398
8614,8873,5578,3824,11188
1122,5358,9935,8306,9150
7235,10247,11564,5647,2203
2288,8978,11158,7160,11327
12225,7530,5644,11064,6815
9920,8099,518,12406,12638
4513,5891,11526,1969,9559
3237,6125,978,472,5882
834,9937,7666,1757,4991
6407,6122,10412,7517,11294
3010,2698,10158,5234,4888
3712,10093,9390,1327,6961
10722,12613,12074,8491,8895
8330,12172,10066,3091,6015
8608,7939,6319,1499,5756
9476,5558,5015,9436,767
2948,10982,7660,6290,11035
4291,9131,11031,5211,6014
9377,8458,6929,4667,6783
7496,7341,3313,10231,5593
11360,9961,11541,5781,8854
6403,11940,2734,7471,10421
8358,3340,10477,10172,1918
6821,9480,9037,9393,818
3169,10373,12780,4046,8913
3024,11697,8276,10364,2910
7208,11273,3636,6773,12287
7296,9231,4626,3093,9918
10787,10956,8562,2642,10141
261,8682,1270,4413,9471
7714,9923,7759,6811,11260
2754,2634,6922,2988,8796
9288,11437,9329,6650,5534
11141,6023,2761,10954,5259
9129,3881,2675,3961,9818
8299,11852,7117,8501,12766
10858,9295,2160,8658,11957
10755,11236,8874,12109,11864
6884,5961,691,5976,10493
10926,9968,310,2743,856
2314,4430,11314,4852,7771
1088,7152,3026,10488,4921
1188,2436,7696,9494,663
7941,5798,7096,2269,2845
8714,1587,8925,10110,2879
163,2694,2742,2557,1886
4417,5296,3282,1619,3101
9152,7853,3022,7636,8639
12579,7438,5806,6779,9407
9667,7812,8427,3060,8123
3138,8454,8463,11192,6905
1505,12306,9075,6805,5275
0,4805,10315,2895,6619
7776,2511,5939,8917,6143
1347,2979,5163,9070,4881
5923,7373,401,6233,1084
3269,7307,1877,7357,9470
1480,9098,975,1584,8313
2913,1741,4529,11319,4635
1856,4621,5871,3997,5119
2884,6925,2957,976,4283
356,3813,2253,2959,4123
3906,7141,6158,8815,3666
4164,3309,3374,8055,2526
7881,1134,6874,7292,3645
2114,9701,1234,4914,5846
1925,625,3571,5718,1498
3680,4873,6921,8076,3342
6691,6806,758,1976,4636
3136,1190,4906,5177,6399
5504,5025,4674,3875,1106
804,4650,6103,27,9564
3879,8328,3789,1390,5970
10115,3177,2798,2258,9017
1667,10821,7603,8406,9334
3281,6196,11284,5623,12471
4999,6675,3445,2870,8376
8864,8770,3405,5907,4794
3968,3360,5442,5997,3319
6945,1220,1419,7149,1711
7104,7914,3662,7029,2911
6753,8806,4267,4972,9485
3212,1872,6002,2740,9501
1644,2285,7534,8529,5532
5422,9619,4180,5013,8250
6247,1518,6447,1274,4732
1345,4065,3148,6222,9359
4004,10730,9773,5616,5598
3400,3914,3087,9108,9044
4263,615,2286,6420,3830
1359,2835,8152,4057,7967
1315,4587,8175,6267,1662
708,1352,3690,4940,3862
5057,5128,4586,1614,1530
3459,425,5897,10895,6256
9320,5520,1586,3768,8479
5122,11044,4620,6930,9725
6179,11626,8748,4311,9113
1637,7114,3054,6739,9496
10275,10055,10955,334,9905
1600,10466,9673,10860,7570
9593,11115,7705,10773,12665
3328,5091,9362,10235,3039
11424,10000,10993,6170,6398
12163,11556,5929,8307,7925
9926,11174,5963,9356,11442
9541,8038,9095,11346,11609
12160,5540,11076,5222,11164
8417,1796,5483,9582,6099
5546,3306,562,8279,6556
8993,690,4050,9912,1914
4512,5729,3410,8500,380
8420,101,4651,10263,7483
4544,1633,2638,11123,6292
2700,432,8373,10938,10458
9349,9801,237,10258,5113
4353,2056,8297,10603,10255
5381,3564,4941,12238,9268
2843,2257,7382,6617,2075
3429,2214,4814,1658,10202
2475,6324,6807,5017,8191
1219,3624,2156,658,4789
4865,8198,6633,5322,10228
9122,3592,1482,7897,6393
1761,8518,240,86,5786
7009,10498,7816,7000,10591
9640,1299,9685,3126,1784
10443,7702,7928,4249,9596
9510,2378,5900,631,7419
5092,8745,4752,1591,5817
6373,9446,11756,944,10675
7946,5100,7893,9019,1789
9954,2630,1128,9644,7309
3553,6701,4911,5556,4989
10502,8560,4341,2453,9370
9768,6574,2991,5332,2077
7403,653,12084,9398,9756
10967,9102,6575,11343,10391
10311,6156,4275,885,4406
11490,3797,8598,5911,7516
11808,9487,7190,5144,11098
4934,9222,12425,9457,11096
11304,12240,12401,3123,10846
4774,9545,9513,8118,10329
4354,11818,2316,5492,10455
8832,5154,5426,12500,8247
8353,10377,10922,12654,9936
12421,9719,6265,12765,12286
8519,3688,10921,3051,7509
9700,5863,693,6681,12508
11364,9448,12180,11925,11387
7433,575,7184,3193,3423
10113,5899,5519,11993,1183
8423,6538,6475,11671,9309
7716,9197,10575,2647,3481
9249,10338,6851,11121,7866
1029,10770,9748,9530,10559
8716,9776,10768,9427,6684
8066,11298,10217,10872,12414
1825,241,5174,6206,10814
10508,7053,6741,6198,12185
9224,9867,10830,11640,10299
328,3823,12496,10899,4604
5216,12325,10410,9134,11580
2402,9412,11109,4207,11480
2372,10289,8853,11867,4700
12546,10050,9636,7407,7537
10756,4623,6553,9982,11743
2445,6989,979,4950,4822
10658,1861,7238,2486,1951
3520,9569,5700,8856,3355
7270,4524,10322,5523,3199
12066,10279,10408,9709,12056
9286,7020,8242,11955,11069
8651,12176,3857,11771,3804
11340,10127,10836,12021,9788
11204,11342,10318,11760,4400
10816,11845,9991,10813,11134
6085,968,5075,6998,5055
2496,6916,3918,3954,7513
6977,8142,2608,10260,10105
9953,10690,9316,10223,5584
1509,4166,11019,9649,7222
8004,2320,628,3256,10015
9858,6028,2869,5079,5434
1185,2854,9002,10220,9298
7040,9890,71,2921,6079
11840,2434,752,11184,9851
8354,10673,1844,9497,10651
10351,6576,3605,11926,10074
11914,8204,10509,10898,9176
10082,2796,12624,10715,10845
11329,8387,7658,11754,11484
10340,9572,10062,9687,6750
9280,7879,8775,5357,9266
7079,8042,9071,9138,10875
844,7601,6098,8054,4124
11009,5001,10319,7161,10490
12098,9606,7368,12279,7710
9473,10631,8207,10001,11927
6444,10638,10290,10295,2974
8900,5639,7405,5199,2655
2183,915,2550,1531,1307
227,5476,902,3703,2168
3494,1262,5812,1465,9180
7,5814,10262,2489,8093
4066,1731,1198,5937,8509
10211,8009,12908,11090,10877
737,6697,8591,3998,1919
3239,1896,1172,4469,7964
6052,2020,5991,9228,9396
4584,4201,5386,461,3965
6060,8397,9039,3221,4567
11202,2057,10569,9816,7385
3744,6725,5834,10645,1399
2343,3438,4463,7055,3871
2208,1988,3012,10513,4979
4642,4938,10523,7996,2654
6946,8643,236,8047,8657
6313,2813,9463,6296,6109
6312,11468,6879,11731,4543
11171,2663,2472,3701,247
8235,4876,12307,12312,5887
7425,4705,7361,10216,8910
3056,5811,11733,7832,11293
4967,12398,1813,9883,10749
9924,1222,3080,6252,11219
11617,12067,2681,8891,11423
3118,12400,9938,8605,4095
4641,11983,5497,4891,8444
3617,4460,7795,6871,10681
6245,7631,9081,3292,6173
10023,8233,11179,8753,6903
8773,10503,9992,1242,5661
7588,10122,4237,11662,4437
4737,6114,9482,5166,6455
4618,7404,1937,12023,3388
4771,8581,11539,9941,5278
7130,7467,8759,7930,11647
647,8650,42,10417,9683
7329,10903,3436,4407,8921
8523,6859,5838,7349,3679
9132,10447,7380,9373,5982
10984,330,7447,11358,9823
11337,7370,7499,10353,9426
11458,7556,11182,7760,12242
10149,12709,3210,3724,10079
1348,8265,8623,10771,8829
1157,5065,2383,3727,8337
1386,3984,5493,8182,5501
7432,1065,4748,6769,6678
5184,9734,3175,7227,1758
166,4910,2198,9400,2491
1575,44,4761,2393,1723
6915,5611,1366,6584,3450
7398,11307,3755,7278,4958
9357,1521,8882,9172,4031
10369,8230,8044,2710,8603
11042,7498,8683,12620,9707
6464,9383,10925,11665,4733
4162,3396,1316,8496,4415
8196,6885,9038,10579,12310
5348,11116,6476,10734,861
2024,10345,3372,10511,2715
10530,8102,6772,1782,8153
6434,9795,10505,5331,11100
7366,11338,1515,7663,3219
12739,11588,12488,7021,6520
4686,5424,4756,5178,3451
5601,4450,4111,4464,5692
5605,4326,2668,1428,5338
961,2307,7818,7063,5822
2052,5004,1464,1403,3708
9440,6818,8083,9724,9980
8896,97,7810,8180,12670
8106,2388,9114,2238,9278
4736,9064,4265,6224,5649
8393,7947,10193,1364,9525
7973,8421,8530,8664,4350
12173,12814,9201,145,9469
8322,3334,12553,11402,9067
11074,4836,12356,8725,6973
7207,5200,211,2744,3615
9028,12457,11372,4662,10134
5538,9160,8434,6546,10171
11335,11210,245,9592,2588
11746,5861,6889,11155,5719
514,10019,12782,8214,12216
298,10637,11536,11639,1694
6176,11010,9865,5232,7922
484,11408,8342,9654,11964
9796,12007,10920,4110,9903
10581,3322,635,11230,11935
12386,11747,12815,12562,12382
9289,11595,2478,12752,12822
12517,12934,12935,9358,12591
10689,11173,11503,5394,5269
8041,12330,4105,6958,9009
12870,8666,7193,1306,5981
4608,2503,5066,3754,12913
5536,10169,6298,9821,10142
4801,11334,11627,11095,12183
9620,10837,3062,11194,12155
7364,3310,11924,6396,990
6632,10414,10835,5270,4470
11809,12103,3697,12120,8473
2500,2517,471,1149,3358
11457,5410,1483,10678,9335
4933,2246,7686,11244,1135
3152,7921,4441,8315,9630
9634,4899,139,11948,5406
10048,10992,4402,180,9653
11240,6985,1384,12343,11261
9539,10372,11237,11720,3275
74,9455,10103,10204,5821
9313,12493,8784,7602,12115
8641,11723,9910,1020,10045
8966,1351,11016,10764,12667
2179,5738,3220,1528,6299
3363,5193,9260,665,8092
12649,8457,6668,10291,5784
4101,2918,8975,3828,12534
5317,9544,2800,11451,7711
6615,10389,8375,4216,2391
6116,9988,11657,8361,10740
10475,5677,4717,1905,11636
12485,5701,8166,12234,9428
12740,8805,12229,9831,11479
2087,2089,7051,1260,4942
2182,1779,10714,7228,2047
12320,9738,939,9300,7065
12769,10437,12211,12187,12828
11465,12362,12300,12662,12921
10564,2021,6512,10801,7765
10497,5186,4200,8489,12541
12480,10916,5705,10543,10230
7559,3373,9876,10742,10173
4488,3816,1869,6259,10427
5377,9805,5744,9016,5469
2692,11306,5134,4722,9366
6380,11729,4377,11803,7839
11755,4815,10544,9332,9693
5095,7304,8011,8843,12017
10021,6090,3095,5209,7546
7951,11698,9492,6423,254
8167,8395,11793,5617,3422
9200,6320,442,10232,986
8385,9060,8933,11111,5752
238,5967,561,5940,6589
3267,3925,10840,7325,9854
993,6370,10883,9959,1209
10593,10980,12078,10384,12053
11777,10435,10181,11915,7728
12355,4856,12059,11005,10366
2728,4008,12170,11472,7888
8037,10374,3976,7788,5631
9761,10346,4912,11313,6426
10791,7116,5843,6137,11483
11552,2185,10987,8177,6322
4611,7332,10053,7333,11502
545,11693,11732,12375,12347
11299,5220,7857,9139,436
12448,7399,12012,9842,10296
10594,5443,4944,7708,8861
5227,5742,9845,6685,10526
3714,9699,12009,11607,9950
1666,12228,5362,9206,11513
7910,617,5110,8155,11869
672,5761,2594,7730,7698
7046,5237,3063,2844,5407
5858,7138,11799,5388,12055
8451,7561,10986,11917,9877
10531,10536,1393,10995,8537
11811,11332,12005,3541,6875
10309,11988,7768,10459,639
9771,8111,11511,10712,3579
12512,9927,5646,974,3507
8035,9284,9445,3464,10546
12611,11942,9835,8341,4538
7553,11176,11849,10280,2321
6501,9868,11118,10096,9976
6625,2337,779,4509,863
12064,4707,12333,12476,4094
7791,12465,7194,10043,12062
9825,11049,491,10864,3643
9672,6536,9521,6459,10014
10784,11599,6671,7476,6270
10017,5671,12241,10611,11357
7239,11406,11283,11028,12438
9024,10094,5679,10102,7359
3392,8164,7655,2248,3753
7587,5194,11666,6743,8286
5030,11053,12174,9775,3283
6856,11500,11378,8437,10911
11425,6731,9421,9430,1050
5412,588,2935,6810,8506
11616,7205,3506,7894,11736
8834,11112,11562,11052,10807
12363,11789,2673,9011,2906
7435,11153,12692,8601,11933
10754,11655,8970,7927,10974
11461,9765,2727,12615,10203
4098,12068,5613,5657,6463
10215,10473,5612,8303,7166
7680,1730,12561,12666,8221
12710,11977,11979,11981,11601
8001,10159,3892,11321,12698
11909,11782,12141,12015,9911
8293,11857,1332,4629,8893
6467,7302,9127,5481,5620
5098,2605,8049,2519,8731
8163,7975,6130,8852,4149
1799,7275,4044,5136,4597
9283,12198,6508,3341,10703
11810,10114,11144,8344,1497
4294,6608,983,2163,7319
2528,4452,6762,7512,5246
9248,12266,3769,12250,10207
4490,12045,6865,6040,6653
4871,11209,2061,7604,9916
11464,10092,9556,3125,10524
7778,4484,6535,12171,8211
10723,10403,10669,12470,11065
10176,12484,12118,11229,9726
6757,10854,10728,9467,10687
1922,10758,11242,9973,9050
8963,2599,10671,11761,4248
10979,10119,6518,11099,8413
7976,4811,1612,12110,9940
901,3916,10388,8567,285
11363,6534,9005,10958,12024
8520,8079,2256,10578,9779
9219,8964,10577,2134,7647
7247,3348,10137,5051,7804
8202,9164,10510,4730,2908
4800,11104,10952,7699,12756
389,12105,8841,8426,11767
11266,11688,4684,12116,10429
5152,10116,7665,7258,12061
5282,7400,3566,630,10078
8481,10978,4616,1707,8589
5992,7091,2038,10587,9277
900,8740,1971,1112,4155
1537,12679,8749,9361,8216
11456,4298,8625,10643,6972
10024,2989,9652,2421,11199
4576,2818,8107,6800,467
10244,8329,5291,3535,9977
2849,6161,3284,405,2487
8640,1187,1800,1369,4955
4740,1129,3982,11023,6301
8225,7396,1077,3671,8031
744,9618,4374,3675,4572
11040,9639,5767,2607,9338
10596,9832,5973,12284,6333
8898,2349,3924,12150,7255
3137,7586,10472,12619,10393
12384,10420,3190,12730,9117
450,6981,4520,6121,619,1680,209,470,3225,157
3649,2973,6614,11835,2045
8034,9061,8074,4205,10871
646,622,1494,1564,2815
3362,5029,12399,5465,8989
8930,4232,3119,914,1463
7456,5796,3563,9116,1150
226,6,169,108,1328,659,5590,439,572,61
642,3528,1931,1233,7159
7689,1906,146,1590,1753
416,1540,1519,9533,4126
6089,9981,4500,7418,11645
4289,2533,965,1770,911
5475,362,4880,10362,2174
291,4071,2731,5239,1146
3104,1027,4677,3958,1599
4280,7289,1243,6172,191
1504,4896,3524,6824,4370
11045,7216,12177,8563,5208
6892,10672,946,5717,6775
7121,12405,10006,10518,5592
10822,12492,11540,3864,12126
9746,10386,10261,10520,12282
9409,2437,11048,9372,10527
9607,10440,11222,11288,9182
4552,9837,8654,5143,1630
6083,10407,10583,10937,10239
10917,296,9772,12149,6072
3361,7907,10252,9623,7903
7336,9234,4339,8412,10494
7844,8742,246,5398,281
12353,9292,1613,10608,12273
2471,8842,8788,3287,8890
10532,8072,11913,10826,9331
11554,2501,6835,10684,989
5378,6120,9975,8442,7133
7908,5102,11154,6999,6943
3308,6545,7441,10803,6266
5347,455,9035,10140,925
8804,9781,5626,7035,10653
7105,7495,7082,11376,6911
10990,7087,3122,11448,10941
4064,11107,3274,536,3165
11205,2958,6326,8378,8059
7177,7086,9814,7803,7837
9638,8396,7375,10642,1210
6343,3466,12533,6935,1081
4973,2034,6548,9947,10557
611,8229,5190,5069,9341
6248,12456,3216,4692,8213
9538,11108,1681,11796,6591
5217,8514,7948,8399,7613
4742,7700,9301,12089,2366
5185,4678,2567,10507,9419
897,10248,2985,11537,7959
5800,2350,7568,11223,5182
12071,11919,1775,10966,10138
7264,9546,9326,851,9529
2228,10360,12409,11547,6207
4870,9585,11348,917,3928
11555,10763,7342,11954,8532
10948,8466,6644,12308,12571
12483,10923,8974,12528,1915
9505,999,12745,12302,12305
327,8136,9901,12365,11006
2862,8655,9270,8571,8542
12331,4559,11000,12060,3455
12644,11880,11663,8379,10652
11945,12125,7313,11959,4957
8971,11533,10607,10225,10300
11046,3463,8697,11193,5820
9477,10444,7505,7153,10012
12165,9702,12243,11862,7900
5539,9770,7410,7219,12378
12168,7825,7282,12146,12276
9615,2480,10930,9586,11901
10083,7621,11077,8199,12633
4097,2025,9706,7024,10738
551,4714,1163,2860,12079
10848,1186,10965,854,9751
5252,7623,8398,4272,1881
11651,8019,9267,10996,9085
12551,9833,10028,372,8636
11584,135,11432,11246,2268
2462,7912,12754,7164,11102
2404,10823,7815,2329,11610
6499,5772,7539,8860,11103
7786,8271,3957,12182,1814
11333,12039,9076,11380,12408
11008,6664,3117,12629,11543
651,9387,10896,10709,3096
10691,7430,11787,2966,6458
10251,10284,7918,10713,3291
12738,4550,11750,12713,8722
10145,2553,12761,4924,8862
11745,8802,12443,729,859
8739,208,11833,7611,1913
8738,9812,9783,9240,3354
11877,12167,10584,11770,7293
10753,12451,12464,6908,12446
9601,11473,12726,9720,11709
8165,3817,6959,4373,508
4352,4358,5161,5966,7644
7395,7876,5972,2293,7003
408,4904,8043,888,8057
6792,2664,6897,2803,6902
5056,5576,5515,1744,599
4773,7311,4019,7865,7165
9857,7457,5380,5334,9175
11427,10789,11557,9675,6291
10436,11716,10002,12178,8435
10662,11563,10157,3956,12316
11841,11330,12813,12309,11291
12806,10759,9735,9739,12830
11297,12612,11813,5672,12281
9415,2119,10827,11311,11772
12004,11140,11654,10022,8905
9578,6794,11629,9101,4987
10632,9804,7762,9718,4959
9576,2923,1901,12371,7551
833,8485,12390,6131,11359
12640,12135,11400,12402,11097
11047,10889,10892,12784,11443
9352,12458,11435,10219,11965
3746,12772,12774,9895,4244
10976,10572,12498,11481,12092
11218,12114,10710,12507,9951
12518,12522,12235,7569,11992
12193,11725,12537,11998,11679
8928,12723,11699,12214,11514
11522,12547,12746,12762,12542
10179,5350,12744,12057,10683
11558,12583,3519,473,12735
9162,9677,12052,12567,12699
6435,12677,12200,12573,12063
12802,10031,6965,2871,12604
4142,8431,10735,6384,11132,4382,1983
11907,520,9897,10128,10909
9729,7428,10504,9142,11581
11232,8678,9747,10294,3898
12650,11788,4625,10548,4023
9889,9255,3189,8476,8223
10724,9928,5648,8688,8915
10496,12194,4198,11820,12338
10945,9892,10861,8879,9553
12680,8112,8785,10677,6519
578,6084,8646,7016,12403
10011,11137,11396,6601,3707
12452,10089,11114,10451,12349
12069,7756,1939,9914,11519
10432,11494,7595,11916,12790
12832,12771,9736,9713,9759
11105,3874,8836,11125,7863
9762,10405,3157,9271,4953
12482,12770,11463,4790,12671
11918,9786,10618,6814,8831
11136,10802,12244,11063,11032
12033,6699,10766,12304,11250
12809,12203,12527,9203,12663
11431,11308,6202,10972,7389
12041,12499,12407,6938,10556
12385,10819,7752,12283,2653
11393,3682,4710,10839,11871
10183,9969,11414,9752,3993,10844
6500,10474,9708,12077,11455
12036,5765,10030,1110,9629
11817,10194,10838,11126,2617
11089,10483,9012,12727,10042
11369,1968,11669,10808,5054
12449,8262,12263,4360,7987
9763,8912,7993,9820,11997
12481,11594,9648,12467,12597
12803,12422,12712,12270,8692
8450,12515,10915,9168,12372
7875,10007,11895,12251,8735
11848,3114,11388,10833,12732
9218,3304,10005,12473,10491
6338,11496,8763,6012,8159
12354,11890,11347,12570,11036
10699,12793,10550,1847,2233
2764,9073,10616,11737,10781
12327,12153,10227,8116,11545
12514,12587,12799,1136,12543
10882,8721,11795,11062,11416
12554,11022,12207,12208,11705
12417,12013,12335,10554,10943
11234,10382,7186,11958,4156
12685,5167,11888,9143,11130
10985,7317,4024,10908,3773
12322,8550,12265,12490,12819
11713,1809,10932,11510,10463
11460,3878,9353,11221,11967
12416,11073,11587,12099,11911
11683,11881,12459,12717,12157
12389,12494,12209,12593,11353
8065,7842,8997,5642,8566
8769,10788,10027,7098,6876
12299,10614,10774,10264,9244
12294,11785,11786,10249,8729
9263,11312,10106,10271,11807
9281,11843,12324,11834,8252
9091,8586,10449,9275,12159
12201,12714,8617,9140,11324
12195,11847,11659,11151,9913
11850,11851,11854,10130,9621
8365,11345,9810,11122,10101
10849,12463,11251,11163,8798
8613,11370,11949,12397,11390
12196,11373,11119,11952,11903
10152,8556,9389,9363,11391
8875,10413,10933,9880,11929
11969,12775,8904,12145,10901
10210,12006,10482,10164,11446
11524,9493,10166,12538,11963
10949,9495,11033,8988,11710
9665,12227,12070,10441,11254
10692,11249,12083,10037,12599
11576,12741,11989,12088,10553
11717,10224,12603,8507,12605
12233,10060,12237,10991,10047
10209,12111,11728,11600,10484
11092,8534,10200,10073,11007
9059,9712,11739,11611,8541
12138,10091,11859,12795,12255
10598,10445,10576,11568,11605
12032,10246,10061,9965,11070
