3969,2,4100,5508,2180,3847,3591,394,787,4506,7707,5020,4125,2719,32,2340,37,2981,6310,4780,819,2615,830,2244,3018,970,5710,4561,7508,3029,6869,7127,87,7262,4446,1248,3935,994,4067,7907,741,9703,3944,8170,3562,1642,3947,618,623,6000,1137,4081,884,4213,6390,2551,4089,763,2430
1441,9730,8627,3288,1337
3652,4204,5935,5046,5272
3577,1780,1238,2105,9021
6187,6802,600,411,10396
4258,4745,8014,7763,60
3490,771,107,78,1563
2251,2704,10641,4816,1435
3523,7748,6004,7641,7642
6469,2757,4434,3765,4223
5920,290,814,4945,9305
1635,6031,4754,1492,3031
231,202,3120,1076,2685
1320,3863,3416,6395,924
4682,2225,435,3453,3133
1701,8169,4239,1594,2205
4290,613,424,2188,2096
6861,2927,8980,5241,925
4481,10056,937,267,1055
2657,6183,553,4589,4151
4485,3626,6424,5149,2846
2689,1732,6923,1837,443
7904,1472,739,2509,1720
9056,1253,877,4689,951
6088,4716,3759,3349,3419
3894,7511,4378,2971,1663
320,2505,2830,1012,10815
2304,1221,6928,6682,922
8355,3940,6346,6316,4600
260,1450,3185,2677,5240
5728,1380,3238,6727,7984
1632,10151,1227,8979,5403
4645,6155,661,6937,1469
8992,3173,3467,3663,2326
3266,6153,1836,1005,3899
1955,2279,1678,5916,1406
2240,200,5359,2001,8407
4385,3715,2629,1116,4605
3206,3305,3884,2515,2325
2405,4392,4555,4653,6006
3936,1862,8367,4117,4381
2088,457,808,2861,2331
2336,9088,912,2394,1022
1960,1993,7274,5450,7413
4965,2186,46,4566,703
2863,760,3827,4532,5016
1216,1620,3259,2622,1310
5124,6133,8471,3994,509
1984,1443,10856,1354,2807
3792,9715,3700,5652,3325
482,3430,454,1353,5371
6627,5670,1400,2395,4349
6888,7634,8371,5365,5884
2017,174,8669,1470,2079
3651,1865,6673,2164,29
2753,3460,1257,3771,7261
4322,2724,2572,5196,7538
1549,2323,6899,3509,1821
7178,3757,1294,3183,3601
7458,4139,1999,9689,4923
3527,6314,1867,3345,152
4864,938,6864,7253,1973
6151,6600,3116,10390,3865
452,3822,3635,2876,542
1478,3370,4527,2768,2429
1376,3853,6327,4474,2811
3975,105,7690,4499,3352
2342,648,2793,215,3135
2245,5416,5034,5261,2138
419,3077,168,459,2423
5281,2467,3913,4440,4319
7585,1090,2697,2508,1425
1640,6132,4118,6839,2495
800,11080,4840,2348,4661
3914,3503,1616,2799,2359
7784,7209,8907,506,2046
7394,2660,4711,4726,2427
8228,1573,1302,3127,5656
5962,3053,7950,7056,3443
10283,2901,4439,8287,1503
6210,4433,1908,1014,5721
2086,3209,848,1626,123
8771,5061,5037,8212,3006
5096,18,6483,11542,1883
8291,1679,4306,991,8383
4451,1096,2521,6363,5245
4480,2444,4528,3158,5878
2376,3150,6008,2141,4510
5251,1174,1527,9498,7835
1762,103,1447,2091,2877
5353,9996,3793,6102,222
3586,3277,2641,3959,4479
5574,3142,7593,1488,4569
8838,5516,5711,6063,4696
6531,3621,2150,2413,5596
6603,4751,271,669,1727
1986,4902,655,2137,5723
2129,8884,5684,532,3741
1281,5831,2610,8117,3734
908,5805,6991,8696,3674
449,6479,4565,4253,5215
608,3052,6321,4501,4795
2977,354,7719,7757,90
4578,5570,817,3285,4886
1964,3248,7381,2679,1466
736,8848,3859,10779,3228
2392,4858,4632,4986,478
7204,2390,4312,4602,11135
612,4235,1004,6389,1245
1324,1904,6289,5367,699
5284,488,4043,728,2365
2498,5774,8335,2261,217
6337,2083,4776,798,4830
66,4679,5480,3088,4282
8774,6506,1104,115,3581
3019,1331,2264,6009,1052
7873,5573,1427,6517,7735
1804,3950,8495,5183,1567
3872,8941,3537,3573,6526
5249,867,4744,332,1786
4585,5994,3731,8053,9850
2051,3786,10639,4656,1754
5321,6826,8588,2477,7195
4995,1700,4621,4526,6488
5637,7494,7080,842,8404
7393,645,7627,6420,794
2720,3685,1743,8405,8056
1508,1767,4681,3307,539
1061,2441,1899,1972,8314
3200,738,324,1457,7126
5352,2737,3572,5302,251
3074,6566,775,4879,5045
3327,621,3538,25,3807
2211,4103,5551,5168,5203
2154,235,6227,1235,5306
8872,176,1461,8440,126
4992,932,3207,2518,2431
5312,6062,1459,375,8698
641,10020,5894,8236,1916
3777,1254,3764,7030,1439
6471,1747,4822,1372,8190
2852,8298,6540,3472,726
1956,10597,8392,5035,4252
2409,458,909,8730,860
4,9966,1647,5488,3608
1987,6607,560,5108,5753
1672,5865,9258,596,3487
582,5483,1073,5111,3613
1156,7785,5770,7146,5171
289,4874,595,8790,218
1889,5794,4398,5329,6364
6754,1259,369,2961,5432
1377,5254,1360,8977,4981
6465,4137,2763,2805,4956
2690,997,2100,2777,5244
2822,6702,7221,5179,3967
2212,5614,2544,2808,2809
841,4304,469,3094,1277
5544,7118,5785,155,4893
3840,5641,7217,886,5983
512,716,2159,2101,3515
5840,9681,3441,2837,8441
3625,5453,4144,3766,381
1830,6795,4974,3568,58
7088,6485,3159,6493,6942
4897,7746,1511,6823,5141
3234,1990,1039,6960,7862
8522,2004,1044,6808,5854
1028,1604,1100,2775,734
5769,7596,4556,1265,562
1440,9491,9083,2044,7229
5732,3364,6126,2931,5276
5126,2575,6613,1367,8793
2670,7474,4435,344,1660
481,2659,5926,2751,4607
3404,5806,6768,7155,20
3329,719,4496,6223,5023
8356,940,4663,3320,3611
5987,4487,4743,8559,156
6178,6628,2601,2260,3414
6274,4514,4963,7431,2363
5527,9800,6093,3415,1848
2786,9124,2964,8309,1817
5603,3530,875,4918,9688
3783,5484,5132,9106,606
1479,3497,14,10286,409
1378,6666,9293,4781,1340
6692,2276,2765,6190,2590
2153,3818,1841,10325,1436
580,6408,2003,4279,9598
9984,2960,6962,6521,6011
6849,5795,2216,5945,2874
5418,4013,8986,6044,4029
2702,4465,1204,2458,1759
3180,8981,1589,4890,3711
8705,5541,5550,7706,7007
3618,7813,7445,7162,7069
6280,5103,4978,6419,7709
8288,3043,6058,5807,210
8424,6797,3762,6771,349
7917,1839,7415,2940,9566
3756,3025,277,2396,7519
2721,6733,6670,537,5950
5125,682,976,2646,4190
2311,183,4056,4222,3551
4706,5606,2282,4619,1621
3073,2953,3442,6900,7675
2817,3084,1493,7770,6523
781,1103,3028,823,3321
6626,1101,306,5619,1332
428,2712,494,1272,3033
6344,812,5101,7280,9276
7010,3656,1992,1164,8028
3273,8878,7377,1397,826
7113,11279,1329,3411,1596
1057,1417,2990,370,1588
1796,3559,5546,2026,1433
1445,4303,5010,5494,2072
8672,1736,1967,8113,5019
4324,2474,8653,3154,7125
4523,10828,4502,6556,95
2085,4459,1042,2771,9044
5824,2955,8147,5268,3129
3015,489,2903,4855,6263
9348,2054,7599,4531,5022
2914,4932,7338,308,4186
9001,2537,4073,1230,3963
160,8938,3631,4563,534
6945,3609,3087,4281,4348
2627,3661,8564,4698,1502
1292,1295,4913,5681,2900
2534,8135,747,2292,5180
4288,6687,2451,1948,2623
6019,5995,3889,2226,5855
6988,7727,6736,1557,92
2209,8851,8982,6713,5914
2049,9158,8275,3670,1853
4128,1175,5944,4060,9535
7172,6405,1193,7864,2271
2794,9171,3512,3002,2875
8128,3330,4178,3187,3420
2274,2306,7651,3078,5446,2823,1769,3082,556,7245,13,5392,656,1846,5881,7674,796,9790
8512,3489,9960,5548,4659,2492
6893,10446,2032,2994,5690
1699,9483,4112,4305,3229
4320,643,2193,8279,3575,2108
5000,2281,6492,6968,380
1291,4084,6069,7484,4703
3895,4080,3606,6711,3932
3499,8364,82,852,2905
3480,1132,2542,5294,4728
2414,2098,3034,1275,6268
5568,872,2354,8660,2941
1989,2919,1737,437,3418
8269,4686,847,1950,5279
4195,233,3570,3706,3262
3232,3140,294,3048,8719
4261,1606,5447,4461,1211
2848,7523,7109,2099,3999
224,3633,6833,4405,6236
4490,7819,1263,6611,7640
4321,4363,7379,1565,4671
385,7687,1554,3224,1946
8610,2969,2778,3612,2206
2053,3211,1677,7215,4601
3079,1871,7676,1756,4895
9282,6180,6509,3790,6128
5088,5704,2888,5655,346
5713,1682,5202,2838,4058
9184,3366,616,7691,7057
2829,2577,1273,3962,3517
516,1572,3244,3730,1944
1741,1297,186,7548,2558
3873,2466,263,6163,2459
9987,453,3174,4041,4009
39,3403,6572,1719,3678
896,7250,1334,7767,1179
5354,529,5172,982,1015
1985,7019,4143,943,4026
3401,3468,1298,5557,9308
1093,4135,1543,7828,6932
2881,6213,6024,1997,6867
9508,1934,496,2356,3737
3458,1733,2408,4111,5823
4483,4808,1453,567,3064
3745,9123,2671,850,374
192,7041,1896,1173,2199
164,3141,8616,2232,6878
809,1037,2637,2714,2780
7712,1774,8272,9235,351
609,7490,6693,1811,980
6723,4652,7149,527,339
1771,3885,4018,9780,342
2176,6630,1069,2510,447
292,718,6094,4952,3644
361,7958,4631,7355,2527
7874,5871,7793,667,1535
5060,4617,7886,3830,1656
4165,9381,4683,7151,4147
8448,8684,7090,3829,1303
5635,6473,6167,2967,4766
1067,5420,10831,6745,8734
546,3971,4365,8402,1778
4393,4627,4309,2298,5083
3622,6412,6387,7449,3995
5697,5874,1206,5115,7583
2912,1539,1866,7346,7412
3335,6225,3218,1240,2585
1408,3106,15,8121,955
2730,9364,2678,4859,8061
4512,3086,6866,9527,6142
8325,7212,2448,8312,2011
614,5738,9264,9526,7031
6709,2583,2010,3548,4639
1645,7213,5879,9723,7485
5547,2606,11038,7574,7038
9600,3365,3943,3500,7666
7008,3820,3469,788,2589
7047,6696,6281,2449,3669
3202,644,964,903,3720
33,2215,4713,8920,5758
802,5028,2347,6038,7897
3552,5604,1201,3802,2943
3852,2222,2482,3412,5337
8295,9999,3576,4123,6590
4929,3492,265,300,5277
8865,7671,6217,2487,8824
3906,8301,8021,2680,1181
2784,2624,7144,598,5210
3331,4424,8750,5463,7068
2499,676,2791,2042,2014
3904,3841,1318,2484,88
2081,3668,2200,6555,1791
584,1550,2672,4337,2162
7974,7913,8300,474,8255
3776,7042,7174,3726,4729
6761,1650,4307,1876,7609
577,10339,7276,6557,318
2667,4174,1618,1468,3196
4161,5413,2864,5075,7323
2598,4937,5804,7039,5311
1856,8547,1605,4049,6616
1792,1953,870,5260,5819
1389,4847,2549,5109,3286
8226,3912,4473,919,6425
2789,2574,6612,8637,5119
2190,8531,4277,2006,3161
2272,1634,4787,5140,125
7074,4838,1071,4825,10077
6080,7147,4812,3309,1454
1827,47,2578,2749,9695
1773,1361,4219,893,6462
1603,2007,5787,3324,1278
2722,6571,3374,2619,4444
2147,615,1388,4592,3646
3265,7654,1256,3470,1438
5572,4516,1738,4055,7391
8524,1551,7478,413,4286
5408,4038,2171,2644,3451
2632,4564,570,6683,4092
8504,7459,4362,6639,1016
7392,3369,4075,1900,8939
9766,4404,6071,6939,4796
6113,1130,3919,4594,5943
258,3619,2093,6647,6174
7584,1229,5073,1624,2040
992,4367,7414,4695,5053
836,881,6260,5238,3290
7298,1058,9447,2073,5147
3233,6369,4169,2446,8238
6656,1835,7115,1582,1371
6402,4228,12231,6417,11003
1490,5562,4189,3038,959
4962,367,9777,2841,3867
4001,1451,4369,4212,3387
5985,4519,4680,6610,3227
8321,3042,9317,8781,758
8902,111,1269,3704,4409
1284,3749,6351,6482,149
5602,11172,4966,4786,3099
7139,5561,7856,6097,1177
9997,4752,6192,3065,10428
9604,3013,1639,786,438
3657,3799,48,9239,3870
1536,5316,10533,4313,6843
5471,2127,6453,1822,6431
3976,1965,8823,3642,7419
5092,3920,631,1561,383
3479,7847,4878,279,6232
6185,8946,2706,7352,573
1163,6635,5555,468,7416
391,5934,3666,4851,3166
2562,586,5229,7798,668
6020,4613,12,9388,2612
170,8972,942,8239,2194
1512,4841,4343,2235,7132
2628,4467,9750,2878,2175
5668,3020,4497,8249,6365
7554,6438,2760,2352,4793
5889,2756,9323,6606,4114
3648,1196,141,8687,3672
4802,228,4016,242,7986
3076,73,4432,4153,8282
5063,1165,2158,7502,977
3808,4486,110,4595,5915
3462,6283,5230,2418,5206
679,1674,3796,927,5151
2048,5638,1676,498,8926
1668,1252,4210,6397,7167
4012,9484,3379,1947,5726
5857,6244,3475,8755,1684
7436,11216,4150,7383,185
4553,1610,3314,2139,4191
962,3683,1933,2324,287
5188,695,8786,11191,10939
2023,6350,3727,2364,2652
132,7367,3632,4020,5117
835,6828,8664,1690,220
6532,80,8569,378,31
678,4431,2224,2963,1247
4032,1765,3856,4027,4159
2661,4045,2447,1430,10775
6306,5445,11037,3316,93
1598,5295,7001,8830,6430
4003,5290,749,6993,10070
4554,6127,3408,9841,5173
5473,3719,3510,8251,2621
4869,3751,9641,4426,4634
3722,238,6480,5588,7061
417,8050,7351,8606,1471
1801,9041,9233,2582,4827
3650,68,4070,6574,10612
5986,3525,5221,2951,3103
4172,10636,3222,6525,4863
8548,3600,5817,7129,7037
4196,6543,11763,6742,4345
6605,3440,4915,2996,2166
4421,6887,1673,2382,8634
2709,10263,2460,2334,4383
2560,6421,4889,5308,4061
7936,3448,1578,8024,5437
9208,6156,4406,1592,1309
3300,486,3398,8745,6559
4549,8294,6726,8103,6186
5667,1194,2603,1996,9296
4739,3850,9994,3628,6838
1312,8777,6511,5396,248
7043,1902,5967,5332,6426
4325,8840,4491,9070,6003
196,8812,2738,377,894
2296,3110,1455,2136,8540
11874,4867,430,5299,7956
6533,6439,2605,6357,8439
4832,1571,7783,4914,1011
5924,2674,831,7225,2559
6209,6242,6411,2639,2033
6528,2464,8419,8529,7378
5093,774,524,6674,5013
3980,4428,4529,1553,4665
4356,10120,137,6235,5566
961,4557,7801,2970,3966
2146,7397,5609,5135,1231
1671,971,493,2286,1402
8452,1001,16,1109,4347
3772,707,2924,3001,6140
2082,1959,1261,7281,6199
6848,7267,2410,8595,2843
4263,2184,2922,3645,6047
4544,9803,2412,4275,2012
6437,6918,2223,7318,2872
2950,9404,981,5464,2332
6021,4330,5297,6231,10906
4579,6595,7045,8592,6970
5120,7233,5195,3162,6173
8144,2228,10165,10360,1242
6917,12106,3342,8689,5081
1153,10697,7085,5498,9053
2596,9221,7781,12409,3295
11650,7626,8557,213,2008
8193,9932,4206,3952,6105
7301,7630,4558,6066,11766
8258,1167,5845,1079,1431
10278,5002,6734,8089,3226
2465,7176,2002,8468,5500
10786,6978,1998,3694,11931
8549,11398,5733,4813,9202
7780,3942,9424,9754,5628
8003,5417,2066,119,3738
2055,4233,2972,1980,7071
3686,6119,2411,6422,2202
8259,4583,1300,6201,3486
4456,4109,2445,1520,9273
3332,2788,5608,11631,5790
3008,6375,1422,465,4411
7525,5285,7724,979,731
7266,2882,6416,7892,3452
1890,7718,5870,6138,6205
2123,6989,1716,4950,7966
811,7254,8025,190,7743
4224,1191,7279,8818,4947
6382,3534,1018,9468,9438
2242,7142,4332,8594,950
8478,4976,10292,8158,8799
7652,7915,879,1114,8350
3431,6025,5964,594,4218
8482,2983,7439,2069,2774
11778,10566,4327,7942,7100
162,10121,1523,8179,4829
5024,5454,3377,9624,158
2250,3989,4758,1820,6495
259,1669,8585,4079,9949
4160,11466,10415,10680,5435
2497,2318,8048,7059,4693
6756,9514,10250,7991,10072
8384,837,11113,720,3069
3433,1143,11129,4187,10359
4262,11515,10332,11579,188
5925,6182,4615,8839,7081
9504,3945,7181,563,3574
7684,10308,4809,4379,3582
8064,9828,10565,7306,2902
3985,2386,5653,7286,22
1423,5397,7288,7481,1978
3557,8296,9547,3214,1941
6984,5390,2580,11450,6139
11168,9321,2925,476,94
5853,1008,1622,10487,9437
8867,325,5848,4603,3835
2561,2676,3736,6297,3134
4647,8268,4909,686,7475
2218,2029,4655,2802,3263
2207,4171,4334,6620,3676
6724,7052,5170,1501,4958
6477,1485,7150,8154,3900
6827,6418,3860,5973,6110
6085,1129,2473,5813,1369
4708,6224,5395,3836,543
7713,525,3284,9049,602
1707,10989,2832,6582,10430
935,839,6095,7963,4063
3269,455,8055,7095,3742
6286,751,3926,7257,4638
5953,5669,9577,7384,7615
5347,1356,7954,9470,5055
3041,4364,1807,2895,9435
8551,4970,1395,5181,5599
3145,3465,722,2230,2015
6336,9835,2893,1522,7224
352,4454,4633,1308,3806
3910,7980,4948,5146,2651
6470,8871,3035,5145,4091
1829,6220,3664,8085,854
5058,4877,7789,1392,8222
6400,5026,3241,6057,2873
8257,2787,1574,460,1615
1025,3939,8795,5501,9887
1897,2896,4954,9628,8319
5789,2059,3293,637,4158
673,4335,338,3027,8310
3496,9582,1171,1048,6909
3434,5197,8145,4503,1885
9379,4804,4464,795,6013
8105,624,3826,9302,3866
3504,4241,2898,403,6136
7776,9862,9811,407,7899
869,6152,9230,8952,121
11265,1513,12076,9297,5460
10317,6929,2357,9111,9406
4931,229,2733,3061,3641
10376,2187,5175,700,8094
3109,8039,4208,4185,1118
5893,2860,2157,2514,4571
1868,10034,5846,4316,2526
9441,1387,7821,6998,348
6916,1803,2191,2928,3929
8,4714,6552,7965,9727
35,7534,8049,3861,3231
5827,4357,6956,1614,2420
6510,3699,725,6362,9660
1092,6845,4093,3862,7549
5090,963,143,5591,4670
3360,3459,5582,983,4445
6378,2094,7758,4315,1086
5952,356,3176,1524,84
4640,4399,1812,7002,1919
4768,6474,2957,6262,5852
4449,3555,2569,4522,1995
6979,1481,3004,3986,5692
4674,4396,4660,4317,766
1121,3107,2987,1234,1685
550,8013,7729,10033,4599
4036,6442,6448,2035,1976
4770,7979,6414,341,1975
1858,1412,6662,3220,2942
4136,6379,1559,1145,7163
10114,2179,1326,2133,3390
3426,1929,7183,10416,6332
3203,1895,8458,10765,9236
64,4229,4749,916,6074
5696,7745,933,50,2173
6721,5478,10221,2545,8052
6789,10,8461,11224,9849
8033,4391,7369,11382,6107
5228,9204,2488,5851,11004
1474,9967,5747,1526,701
3909,5543,9590,1305,4861
4587,1452,5910,8409,7486
1347,9549,592,789,697
9472,2241,7790,7887,4850
4546,3011,5127,2540,11154
9922,5716,1142,3545,8031
9090,9096,941,1138,7128
7232,6466,8870,4397,6065
10402,1365,6360,11034,7742
7107,5236,11190,10168,5052
1250,8389,7755,7607,761
2538,7050,4141,10323,11676
1282,7211,9742,3059,4053
8899,6087,4429,1974,6234
5476,3050,76,2894,6494
8008,10601,5112,3930,8732
993,8289,1162,6258,6204
1476,1721,5940,1209,540
561,3410,1651,5043,3925
3168,6433,7906,101,5896
8577,1542,6701,62,4831
12288,3814,4530,11419,5662
6370,7078,2991,3599,6099
99,4588,589,8942,1911
5477,6891,1808,2071,3005
1541,1800,7337,7594,1628
9027,6002,4310,9238,2301
7141,7465,2858,754,4062
10959,336,275,1274,4318
7297,2856,10156,1932,1683
1280,6563,387,7112,9870
4961,6309,9734,5703,1816
4416,2120,1106,5683,565
2662,10349,1936,8593,7093
9896,9612,5008,5746,4823
3718,401,7639,3160,5754
7782,5032,9425,10107,3614
7553,1538,5673,11146,11404
9166,3375,11827,7571,4221
6752,4495,4340,2104,9147
12321,9732,11187,2132,12600
9894,2189,5105,3954,11899
6951,8492,6449,6898,2932
8576,3813,1580,2075,3997
7968,480,2752,2691,7308
7334,5363,8150,4121,7610
1155,1608,7881,6573,4462
6401,9122,483,6253,2959
9827,8231,1002,8718,1657
3429,1894,3624,5104,2682
772,551,8124,1658,2684
2916,3592,2253,10100,2140
2214,1482,2156,658,9108
8712,9259,4785,6874,1405
5632,1062,7145,6413,2030
6858,9682,1909,2613,4535
5760,7491,1322,12204,7455
8932,4270,6969,8766,5439
6148,1653,8341,5271,926
7362,4408,9915,604,1246
5730,4170,2297,5274,9499
2563,1576,6633,1068,1299
1060,2826,7307,6385,7230
1158,9226,6514,6716,415
8000,6308,2213,52,3317
3170,3016,690,1718,634
3437,7315,7223,440,5949
4042,2638,5139,6392,3164
3553,2885,1448,4050,6137
2439,2378,3213,5902,3696
6374,1126,3495,2579,4537
7218,5651,948,9595,3102
5729,9446,4651,944,1591
1832,2618,2747,3739,8029
4389,363,4783,1875,9397
1189,8326,6791,2824,5213
8937,11658,8400,10453,8918
2625,1880,9787,2111,7423
3427,9063,43,8783,7576
5859,8227,806,173,5039
2564,5157,9717,6872,7135
5989,10087,7017,4047,8082
2792,7945,9422,10161,4798
6050,10409,10731,559,5685
4612,4134,10055,9496,1147
9125,9866,1074,8219,10620
1127,6637,1362,7124,10809
3040,4068,6160,3186,7895
5793,10059,7796,5310,5375
7721,4492,5005,4176,3550
4715,9004,1873,3155,2330
11212,12081,6679,6108,10301
1859,2535,10186,8876,10780
1797,11376,3126,2491,9567
2312,6667,9036,1296,11445
8737,9611,4881,1877,7870
3778,2469,6228,953,6491
2121,5457,6806,3767,9310
7877,4650,2195,5430,9564
1581,8142,11025,4346,2236
5293,3566,782,10254,9078
2201,1806,1750,7928,4249
9635,2435,11700,4154,9725
256,8455,5235,3482,10975
5138,7637,4086,4536,2524
6305,1927,6920,5068,8429
3845,8570,753,3801,9274
7401,12044,7341,113,855
8132,7754,6091,8372,1532
5351,10314,6860,12435,9847
4610,10855,7048,3057,10198
4034,2594,2278,6766,8565
4259,8868,75,2998,2840
1217,8481,7089,724,252
804,8996,3879,3177,3450
5633,1026,3302,3837,4414
3424,7489,8711,7732,4533
4675,3728,2929,182,5751
2592,7628,5490,3832,5919
322,8849,4917,4475,4990
6793,3658,4242,11892,4415
769,5318,5969,2361,7934
5163,7565,7566,2227,2102
3243,1907,8339,8220,4351
5289,8748,7797,9109,1495
1665,1094,5327,882,5780
1957,710,7032,3386,7964
3556,3654,1225,2859,4572
8388,396,6294,6295,1629
6467,2954,2539,6039,1534
2438,6409,7438,8791,8539
9603,3785,11383,5177,5594
6497,4547,2836,6100,9690
3843,5829,4756,405,4734
7073,1102,4691,5012,2165
1729,3371,3854,5048,6203
3298,9701,2443,3217,3798
2114,9542,8244,3417,7999
1157,5958,44,6513,6393
1705,9357,2519,8632,4031
5057,2915,4231,3915,6577
6825,6829,5970,4916,1498
8328,7304,11319,10202,7292
7973,1287,10568,2547,885
9802,952,9978,10331,5693
1124,7110,8820,6581,7710
12128,6850,4359,5897,24
7171,743,1169,5815,11198
7938,3396,11528,10537,6076
3842,206,8496,4946,10394
1095,2090,1335,8093,6654
9826,7203,2665,4782,1006
3245,5459,12376,11994,8701
4769,8427,5529,4668,10879
2979,8589,7409,3128,7357
3457,10821,5286,399,8177
4999,10378,172,12471,10205
8809,10223,3445,2870,10653
12035,6661,2374,7026,11059
5443,9385,10315,5750,8472
4611,9699,4944,1623,8155
8352,7170,10863,7027,8376
9863,11439,6196,11284,10748
11695,2416,6809,2302,9503
3937,6026,8115,6677,6237
4192,6278,9031,3732,571
711,9449,8266,7347,8885
5319,7884,8525,8691,4982
9824,9193,5615,10231,8764
7201,4517,4720,7890,3067
5761,7693,7597,3249,3380
8138,6609,8373,8347,11263
1633,9801,432,10938,7614
4985,5993,5998,665,11774
2918,9128,4076,558,2391
2566,1544,5449,4814,4593
6786,6250,5106,10905,2554
9517,10063,2769,1202,1342
8645,8808,1232,1429,920
5280,8390,6189,6445,8856
8999,5775,7386,7678,10335
9380,902,11756,7405,2655
4353,237,10258,5113,3484
3529,8621,9466,2398,8703
5601,7396,871,1703,4760
1735,5160,1749,8151,6623
5128,2291,6164,4598,6648
2849,6564,784,2513,7314
4515,4108,1530,4442,2107
2052,4868,5583,6803,5433
4131,9627,3156,1083,5214
5923,2219,2068,7222,7227
11019,6862,2320,9649,9781
905,11338,10895,10321,2425
8459,531,244,5717,8445
2945,6146,6030,1648,5658
9632,9962,10352,2587,1789
11200,6275,9998,6159,3602
6885,6865,3219,9918,12415
5100,3571,6775,3896,4794
8582,11626,10125,8662,1531
9573,5639,5581,8509,2974
6373,7946,7309,7893,9019
11117,10608,10803,6266,5499
9252,10053,2798,3794,312
898,4616,9554,5946,7807
7683,10438,10887,10040,3610
8708,3303,9644,7635,10431
5266,7830,4472,4284,2750
9413,6279,6676,8726,10522
9669,1321,12108,957,8285
3789,1390,2258,6103,4828
2178,2630,4341,1208,12095
7299,1547,5099,7726,2322
4993,3138,1667,8456,3921
3272,5833,4778,10381,6905
3748,8486,2758,5262,9946
3973,2028,945,5626,7933
8682,8363,8332,7955,6490
7495,5901,1970,10642,4949
1505,6853,8463,2642,5939
7363,7750,8454,2833,6300
10690,2530,10787,8562,1270
8256,1035,11244,8208,989
4933,2471,2570,1613,10684
5474,4227,6380,8528,3383
4718,2766,11729,9945,7513
10336,9793,6799,9241,6782
10021,10252,7800,6617,10174
5377,3323,7602,8315,9630
9313,10826,714,11546,7869
8198,1135,12115,9331,4339
7179,10544,8784,4441,5821
6539,7859,10008,4667,2845
5698,11438,6805,5400,11197
6854,3252,4025,6143,8639
2511,691,4852,5976,11999
5798,3022,10926,7450,10493
8742,7152,310,6550,7771
3938,9891,8134,3032,9658
4078,11665,8051,8380,9853
6884,10734,9038,10579,4733
8196,6886,281,7643,2269
8780,6323,3130,475,2397
1409,4130,5818,6524,2399
3201,840,5714,2867,5531
2152,3595,7670,9465,7070
7044,232,2891,1467,2493
6921,8076,7603,1852,6910
10848,2115,1704,6320,625
1725,8776,6282,7733,2109
6657,8005,3979,5718,2934
3680,1925,4873,3281,9334
1521,2097,1655,8760,3897
7366,11622,2036,3478,2295
8641,9155,6675,891,10717
8998,8263,4989,6036,4573
8096,5129,10518,5592,1726
12613,7663,7448,9370,10462
8803,5225,6642,9844,9242
3587,1731,11722,9580,4911
708,5520,11157,10237,6719
10502,8560,11984,2453,9756
6946,450,6121,3882,1590
8034,7437,4370,1689,10270
9575,1040,5814,7774,8991
6602,1198,9262,6451,2715
9094,9583,10994,11544,2489
3907,5036,653,9874,9791
11970,10350,6542,5556,10743
8614,5959,5578,1046,8572
8583,2024,11547,9180,9150
7403,12084,9113,1307,10398
4930,8612,6949,5979,7197
5797,7817,6892,6933,5788
5644,915,2550,5304,5849
9921,4457,9807,10902,10745
1200,6997,4853,8855,6907
9507,4581,8488,10256,7196
7575,134,8201,402,9943
4132,3753,9421,9651,11575
3392,4673,5384,6221,9170
3240,6856,6731,8437,1050
10541,6580,986,5275,3260
9667,3060,9845,8123,254
7812,7951,975,8313,1691
3422,8167,1480,8395,7422
7844,41,10443,6807,9596
8746,8843,11755,4848,9693
8385,7336,11793,9234,5398
2475,5617,9016,8412,7903
8933,5095,9492,6423,7546
1584,12017,5778,1267,442
9035,10478,11027,5909,10140
8357,326,8245,10006,4087
9187,8792,7473,8343,5912
7526,6064,11921,11477,10526
7558,6707,8758,8951,829
3588,7496,10792,6578,8184
8418,11720,3313,6777,6686
12448,11299,2185,7857,9139
9696,12192,12012,436,10296
8880,5362,9395,9842,1983
6440,4395,629,1017,3071
128,425,5007,1207,4797
8032,1597,1740,1172,9245
0,70,7592,3337,5885
2307,6663,1768,6257,434
8416,9697,6842,7388,671
5419,6769,151,9819,1244
9098,2958,8378,4413,10015
9064,5777,7506,3474,666
2434,8004,968,2869,3256
5123,4167,9082,10334,7199
9986,7940,7799,11856,2039
8224,6881,10419,4788,633
3108,1382,7694,11802,10842
1122,12010,5358,2288,8978
6815,5618,10391,11064,7160
12225,10018,5571,8873,7421
7138,11011,7240,3347,3543
1088,6852,8016,1301,2552
7845,9879,7629,8887,11644
2432,11781,2889,3695,827
3981,755,5462,1752,5565
2203,5580,4430,6619,3934
9623,2436,11314,5782,246
2314,3026,856,10488,4921
4162,10532,8714,11378,2879
7399,4811,3916,7086,7636
901,8925,1587,8567,285
8396,1612,8079,946,1692
11363,8520,10577,10578,2134
2437,518,8102,2183,6122
3010,3267,9768,9390,4888
672,12074,11723,7530,10587
2948,767,5558,6014,6015
4291,9436,11541,10172,1918
11940,8358,2992,8854,9398
6821,7941,4871,3372,10093
9377,9480,9037,8913,9393
9953,10373,12780,9746,9372
9102,6575,11343,10967,9854
3968,178,8018,7294,5342
960,7269,1872,3344,56
3690,5748,1654,4311,5563
6753,4972,5997,8250,7901
930,548,5355,6478,569
2285,8685,4272,8917,5212
6659,2380,5645,340,3647
8097,3692,1358,2257,3315
3046,1662,461,7284,4926
11205,7373,10105,8059,7326
929,5314,3432,3630,3037
1345,4746,1525,757,5595
1444,1713,791,8092,3261
3779,3148,8493,5708,1403
3522,1892,8806,8398,1366
9858,6028,9298,5079,5434
7657,10220,3638,1723,4732
4736,4004,2020,7275,7836
6816,8225,5162,1339,9214
7843,2854,3367,9619,6836
5666,7208,12363,785,10003
3494,11529,1327,2168,7837
11942,10311,5911,4538,12059
4046,8276,3703,10364,2910
10883,5584,3636,7096,12287
11273,2634,6922,7759,11260
2754,6179,9288,11852,8658
10181,7686,2160,6739,11096
5259,12401,9457,10329,11098
9545,11818,11697,3961,7516
8832,9249,2316,10768,5426,3797,439,9530,7517,5981
12355,8519,9448,5812,12508
2728,12180,9748,6681,1306
1029,5863,11209,6538,7509
9473,11298,7177,11387,3423
7079,1262,5331,6772,1844
7601,9138,8054,8153,4124
6851,7433,7184,8247,1183
5899,6475,5519,11671,575
4420,5324,5326,10458,11581
10571,9458,9304,9307,1213
8484,10090,9645,4658,7157
520,7944,10735,8431,10909
11907,7428,10504,9897,4382
11232,9729,9142,10294,3898
8678,11788,9747,10548,4023
9889,12650,4625,3189,8476
9892,9255,9553,8785,8915
8646,7756,8879,8688,8112
11364,6181,6394,4541,6558
10113,10338,4354,4774,3054
7716,1637,8423,9197,2647
10575,9776,9427,6684,6206
2988,8716,11121,241,10559
5216,328,6741,10299,11580
334,4207,9905,7537,10235
1600,9673,7570,2675,10773
1473,9666,10955,7957,8767
9412,4623,3823,11640,6553
7714,9923,10965,5017,6811
11840,11184,6324,7382,8191
8518,5322,10228,5786,9277
1761,240,11698,5209,9851
9608,5676,5742,6830,7091
261,4166,10956,86,9471
6144,6403,4142,10675,9309
3009,680,10128,11132,10911
9954,2256,9779,5492,1373
3169,1128,10770,4925,445
6150,619,9011,1491,2973
7680,1825,12561,8853,5174
8074,204,8601,2174,10814
9636,2372,7407,10289,4700
5613,10637,2673,6651,8221
12546,227,7238,5937,1951
9795,10756,3355,11069,9982
9569,5700,1861,7,2486
10279,1515,10318,10322,3199
2402,7270,4524,11342,5523
7588,4901,9518,8464,3294
11169,9637,3143,5368,6207
8066,8962,8037,6588,11294
10816,12176,3857,8242,1465
5575,5191,10262,3928,7995
9728,10178,3118,917,9047
10503,9992,10760,4618,3388
4737,10122,7852,4237,5661
6114,8773,9482,11662,12400
8580,1099,10068,7931,3964
4779,5486,9558,4568,2907
7520,6883,650,2485,5567
4293,11625,10124,9774,11824
9152,10306,8006,8661,12191
2470,3848,9420,9453,7853
3502,7503,8923,2110,895
6694,2124,7054,2038,7258
4225,6214,2984,5076,6812
10529,1935,10197,9336,1850
7648,4806,12240,6292,2782
3520,10658,10673,1882,2813
12098,4066,7368,8235,4543
6371,10704,10001,9463,2968
6863,6961,2262,5049,12414
9286,7020,11760,10836,10813
1222,6252,4400,3056,11293
8354,10898,12279,12312,10875
11329,11754,12624,10715,11484
11009,6023,5811,11219,7832
4705,5220,11749,4215,6750
11468,10295,6296,11933,6879
4967,8207,7698,11733,10749
3080,12398,3701,4437,247
2472,12908,11090,7730,10877
8900,10638,5199,11536,10871
11171,9924,2663,8759,7930
1348,8523,5838,7130,3679
7467,9132,10447,9373,11647
42,6444,8623,10771,11927
647,10631,10417,10290,7447
3394,8675,2740,5044,9400
8804,7556,9002,9501,5598
4065,9890,10730,9773,5616
71,2921,7375,6930,9683
10903,8650,9201,9685,4407
10498,7816,12814,8530,10591
7009,9640,330,12242,1784
7370,7499,11182,7760,9426
8265,10353,8829,11358,9823
11458,12356,12709,11337,6973
9089,8098,9232,9303,1311
10880,4064,11278,10585,2687
10987,2289,3763,4509,4094
9956,6759,5165,4115,10486
9409,12333,9182,2265,10846
545,5489,1458,10038,8223
7426,10761,10456,10878,10847
9607,6963,11222,9912,10970
6530,7332,1776,11540,11863
1381,11013,4329,9907,8861
7055,2197,4567,5178,890
2502,269,947,10236,3871
6052,9039,2643,1399,3710
3744,6725,2057,5834,10645
4201,7082,9228,8397,9396
10116,5991,3438,1210,9085
4642,11307,630,12310,5980
2343,4463,10513,9816,8603
1316,8230,5386,5611,9332
6915,8740,8044,7996,6911
8322,9383,8434,7000,2744
9028,12457,5200,4662,3615
6889,11372,7795,2588,1374
3617,4641,1188,5166,7454
6245,12528,12308,6903,536
6090,4938,2543,7794,147
12483,10948,11880,12023,6455
4836,7207,8683,211,8725
7105,12745,3179,8974,7035
9057,7631,8317,8605,7839
7206,1319,1710,6301,5469
4740,427,7344,1787,1790
1187,6147,1893,5414,1464
97,7810,11651,1185,7087
11552,10193,8180,7004,9278
2692,8393,2607,5649,9525
11040,9639,9618,7255,4155
8011,9805,5744,4722,1971
8898,11023,3924,10393,1020
11306,5134,9366,11803,10494
2019,996,1834,3339,6615
8652,3477,8694,5687,7515
11810,5122,1958,5905,9299
7400,10024,9833,2989,8216
7786,3341,5136,2421,2238
11108,11144,6508,10990,3216
8106,7947,3122,1814,9114
2528,1666,4452,6762,7512
9248,4973,3769,5246,10207
2034,6548,11448,9947,10557
4833,10921,3051,2546,4637
9606,3688,8042,9937,1757
9188,5861,4145,9266,6546
6176,5538,11893,12445,4991
7137,834,4866,6407,4694
11010,9160,6664,10134,5719
11746,11155,9592,10171,1694
11335,9865,3117,245,9654
9796,484,9358,11408,11964
2246,651,6958,9903,11230
4105,3152,1680,5394,10581,470,1528,3322,635,11935
8930,5066,11503,5269,3096
1384,3754,10896,10709,3358
416,2089,1260,1519,914
2182,6298,1906,3063,10714
3649,226,2087,209,7159,5590,1463,9533,61,4126
1351,4402,180,2844,5406
9539,139,5237,12343,10204
4256,1570,5059,3908,5629
1568,1414,5391,5458,5974
4419,4331,6415,5918,5759
5094,1160,8648,3476,4377
10851,4007,11500,6040,6653
298,2061,7604,5689,9916
7328,11095,10103,11194,990
9280,2500,3310,6396,10652
8966,10414,10158,9556,8666
5858,7046,12493,12667,5407
194,6248,398,3023,7961
7076,6948,1421,10324,4957
611,8229,4742,12456,9341
2567,2350,4692,3957,2366
11959,10444,7959,8697,12125
135,7505,7410,7153,7900
11584,11432,11246,12079,2268
5190,5800,5069,851,9301
8514,2985,9419,7613,5182
5185,4678,10507,11537,12089
6632,12713,5388,236,7065
11917,3697,2517,4470,11511
6668,9260,8975,10291,5784
5030,12534,4216,11451,7711
12485,11045,5701,9544,10389
9988,8361,11636,10740,5208
10916,2021,4200,6512,7765
8489,12177,9876,10742,10173
3816,9387,1869,2966,6458
10691,11787,10713,12761,3291
1186,1509,4494,4374,1404
2496,10605,9710,9338,3675
5767,628,10260,9017,6333
6784,8297,7504,372,7542
8770,627,2388,2710,10461
3361,897,1937,5907,8406
4815,3190,8342,1982,6591
5252,7623,9267,9751,1881
6313,7922,5204,8215,5752
6977,7559,2349,2608,9117
7051,4942,6614,1753,8989
8001,8643,11464,5612,3125
10723,6089,12045,12470,11065
10854,10758,11242,9973,9050
5029,2599,7689,3119,4248
4896,8963,5796,7289,7228
11761,11731,1779,7193,2047
12399,10671,1681,5465,2815
939,4205,622,9300,1494
3362,9538,8047,10672,7216
10625,9104,9714,11669,10649
11044,5511,10440,5512,3274
617,5227,8654,8563,1630
4552,9837,5143,10937,10583
6083,7333,12007,6322,12149
12480,12679,8399,1112,11869
2462,7912,12754,7164,11102
6499,10823,7815,2329,11610
2404,5772,7539,8860,11103
11817,10030,12727,2617,9629
10567,3466,6325,10966,10137
6338,12553,6096,6935,4664
11496,12570,8763,6012,8159
10699,11890,11347,10550,11036
2839,1009,1847,10616,2233
11564,7471,11192,1081,9054
6343,6312,9075,11288,7866
9219,8964,3348,5051,7647
9164,10510,7247,4730,7804
11104,10952,8202,7699,2908
4098,4520,169,157,4350
3528,108,1233,3225,1564
642,6824,1931,659,572
2533,646,6172,2045,1150
2731,1197,4880,3958,9116
3524,1540,6,1328,146
1504,965,362,911,1599
7456,1730,4232,3563,12666
12068,10362,5657,2906,6463
4289,1770,5239,4280,191
5282,5992,11406,7665,10078
10372,11237,74,3275,9910
11799,10764,9455,11988,12055
7457,10712,3464,974,408
8043,11373,7311,1744,4019
6792,5161,5515,10164,10166
3817,5972,599,7003,508
7876,6897,2803,6902,888
8057,5966,12178,7865,8252
9857,11427,5380,11557,5334
8961,7620,1033,8778,1053
5376,11737,9073,12153,10781
4513,5234,12151,6780,11101
2764,1136,11795,8116,10227
5891,6536,12465,3165,10910
11049,491,7791,3643,6459
12064,9700,2062,6352,12598
10882,8721,11062,11416,12543
10275,2309,7114,4763,9118
10466,10860,8845,9362,9593
3893,967,27,4505,2939,1215
688,54,1352,329,954
2346,1228,109,2383,825,2494
1190,1518,464,273,1758
1696,1921,777,1586,2163
1355,117,1141,1078,284
677,660,1077,316,892
130,499,500,998,1065,522
145,12406,3864,12492,12126
675,357,1003,591,1212,792,154,1276
163,2694,3282,1619,2743,2557
4417,4872,5296,2742,3101,1886
610,266,910,1428,662,187,1151
1220,934,166,1258,874,304
865,907,1419,365,463,503
198,6598,2713,3965,7390,1487
11745,8739,11833,7611,6908,1913
8738,10584,208,9240,7293
9601,12167,11473,9812,3354
12451,11877,12464,11709,12446
10753,12726,9783,9720,11770
249,5931,5004,6832,5072,4057,3098
5665,6082,3400,744,2890,6996
3104,5475,1027,291,4677,4071
12385,296,10766,10802,11032,10972
12033,10819,7752,12041,12809
11431,12304,12499,12244,6938
2653,6699,12283,10556,7389
12203,11308,12527,6384,12663
11136,11250,9203,12407,6202
3296,9968,6326,6685,302
9489,2947,4835,3607,314,2604
4460,12365,12305,6871,10681,11006
9505,999,8136,327,9901
1954,3149,2294,985,347,2781
2112,1888,451,1709,2933,3030
3328,3681,422,359,3881,2761,523,4620
4800,12756,389,11767,12105,8426
704,6690,2886,393,8911
8107,7803,752,3095,10523,6079
1537,2818,4707,8749,2654
10369,1988,7278,467,11199
5232,3363,8473,471,8457,1149
2339,3780,11822,1085,2649,9821
978,11188,472,10141,8958,11327
11236,3237,8874,6125,11864,5882
11716,10662,11563,10157,10002,6291,3956,12309,11291
11813,10827,12813,12316,12830
11297,12806,9735,10759,9739
11841,11330,2119,5672,9677
12746,9804,11311,12542,11359
11522,11400,9578,10031,7762
12193,12744,12200,3519,12735
10179,12390,9162,12371,10683
6794,12235,12402,12214,11679
9352,10889,9101,12723,12699
3746,12612,10892,4244,11481
9895,8905,6131,11992,12507
10632,12458,11435,11443,11998
833,9415,12498,11965,9951
8928,5350,12518,7569,12537
10976,11725,12567,473,12762
12004,8485,11218,10710,12281
6435,12522,12057,12573,12063
10022,12583,11047,6959,11699
12772,12774,10219,12784,11514
12547,6965,12604,2871,12092
10572,12114,12052,9718,11097
12640,12135,9576,11772,4959
11654,11558,2923,11629,1901
12802,11140,12677,4987,7551
2208,1777,2037,501,857,510
8987,2853,5423,2005,5686,4725,505,8699
4643,4017,5041,7988,1051,6652
1286,4199,1611,3446,2620,511
709,7814,4458,2358,1917,3998
5001,2796,12173,8214,12216,2681
514,10019,10149,3724,10925,12782
7697,8810,555,6238,9055
578,12069,1939,9271,11519
12832,10432,7595,11916,12790
3874,9762,11918,6814,9759
10405,11063,4790,7863,10618
3682,8836,9736,4953,12671
11105,12770,12771,8831,11871
11494,4710,9713,11125,9786
11393,12482,11463,3157,10839
11425,6810,588,7894,2935,8506
11616,5412,7205,9224,3506,11736
5526,7273,733,638,3215
8451,10995,3579,7768,8537,10459,639
10531,10309,10536,7561,10986,8111,1393
5154,5381,8118,663,3193
2113,1945,1545,746,684
7427,3564,11603,3539,7989,12662,9368
10437,11924,693,10455,12187,12828
8608,4934,9131,4723,9557,12638
3336,3886,2548,2267,2556,3007
1120,883,1140,1556,1401
2243,1032,713,1199,2259
12738,8802,11750,7430,10251,10284,729,2553,859
737,1602,1315,2273,821,2198,3385
4236,1359,2065,1107,759,6169,1819
2946,2148,4712,4302,4622,6042
3554,3205,1962,6284,2419,4792
11176,10280,11118,2321,6270
6501,11849,9868,10096,9976
2337,779,11599,7476,863
10784,6625,7435,6671,10974
9765,12266,11789,11857,12250
8896,7404,6319,8753,8083,10099,8598
5830,8330,8075,5495,6328
9476,10247,818,12054,1499
3923,2772,820,2170,6046
2658,1219,966,843,3887,2353
2305,2884,1898,3473,2835
10050,10984,8910,9176,9497,11743
7425,10082,9067,844,1813
5348,10345,11116,6476,861
12739,7021,10511,1782,6520
12353,10530,11588,12488,9292
862,1794,4629,1134,6636,7838,5503
4436,4789,4951,887,2701,2735
10596,9638,12551,9832,9361,12284,10941
11456,900,9349,2056,3755,10255,10388
8640,973,8782,6354,7898,988,6589
5027,7492,7883,7885,2450,5975
2400,4276,1031,4875,8940,5518
1091,3254,1064,3113,1066,1516
4423,3271,1711,3251,2393,1084,3709,3839
12077,1110,11414,9752,3993,10844,11455
6500,12036,5765,10183,10474,9708
6976,5941,8631,5256,1113,10328
11645,7418,4500,1146,1243,9981
7104,8195,1224,2457,2221
3264,2913,1617,3640,1289,3725
1313,5522,2696,3849,1562
12384,3137,7586,10420,1364,12150,4265
6529,9506,5193,5482,1497,1370
4164,6990,3918,5493,6233,8349,8351
3521,9058,6436,3175,1386,9013,8182
5077,1416,3691,4427,4072
8391,9006,3247,4687,7740,3901
4010,1843,3221,5078,5405
5442,2310,1446,10226,4278
5536,11457,5410,1483,9620,10837,10678,9335
9127,5064,3883,5709,6669,2490,6010,5822,9855
1507,3590,1742,10199,4188
4005,1575,3931,4220,3803
9032,4022,1496,3326,2143
4194,4028,2962,4251,2428
3012,5385,3788,7372,9172
2252,1772,3662,3124,3391
2636,3000,1914,3996,1855
3970,3655,1644,3987,4120
6276,3750,6157,3055,3951,2385,1659,9852
2338,3589,1686,2455,2507,1879
2161,1714,2131,1799,1687,2077
7664,1857,5990,1722,2126
11046,12071,8971,1775,10607,7121,11223,11193,10300
2369,1793,2149,1863,2041,2300
1795,3834,3382,2938,3195
3242,4146,2773,6166,3036
12554,12013,11022,12207,12335,11705
11234,12208,9969,10554,10943
12685,10382,11888,7186,4156
12417,5167,11958,9143,11130
10985,1809,10932,4024,3773
12322,3878,12265,12717,12819
11073,11587,11683,12459,12209
12490,12494,12593,11353,10463
11713,12099,11460,10908,11967
12389,8550,11881,11221,11510
12416,11911,9353,7317,12157
8769,8065,8997,8566,7098
7842,10788,5642,10027,6876
1824,5756,3091,5623,2700,3405
7103,6987,11407,10962,11826,1845,11673,9215
1905,6116,8166,10475,10427,4717
2204,1912,3147,2748,2060
1915,11333,12039,12629,9270,8571,8542
11008,2862,8655,12302,11380,11543,12408
1922,4484,6757,6535,8211,9467,9726,10687
2976,2723,3306,1943,2481,2483,3255
3239,2920,3514,3357,3838
3585,4002,4107,2381,2355
12449,4360,8912,1968,7987,7993,9820,5054
12712,11594,9168,9648,12372
8450,12803,12422,12270,11997
12515,9763,10915,8262,12263
12481,12467,8692,12597,11895
1969,9813,9559,7194,8733
3340,6773,10043,12476,12062
7264,5539,9615,2480,7282,11901
4097,2025,9706,7024,10738,9586
10083,7621,11077,8199,10930,12633
2144,11954,10539,9964,2669
3236,4584,2797,5553,3955,4761,2172,3933
11249,12195,4358,9495,2248,11052
11811,11562,11666,3541,11576,8729
10209,8613,10413,11952,2293
2897,8916,4469,6584,2718
3584,9543,3212,4590,4979
6272,10342,4015,2299,7518
11619,9461,8679,6059,2335
2401,3171,3112,3181,3280,2611,2904,3167
8993,4044,7669,2741,5087,2975
2407,3208,5003,3483,4862
10689,11173,2503,9289,2478
5378,7908,2501,6999,8788,3287,8442
8842,5102,7441,6835,8890,7133
11554,6120,3308,6545,9975,6943
2851,9207,8088,3547,5343
2668,6222,6230,3671,8187
7779,3693,8752,5116,4542
7649,7841,3045,3471,6427
3047,6060,5338,5883,4575
6599,5389,4910,7319,8924
8480,5387,4844,8693,2520
5258,5932,5965,4180,6749
6913,4326,7302,6776,6303
8674,3714,6434,9062,10535,9194,11828
11459,7932,6586,11100,6783
2532,11975,10953,10481,4818
3712,2586,10872,10473,2698,8491,8895
3136,3747,2645,3319,3516
11112,9771,10482,12083,9877,12538
5056,4773,2664,12138,10091
10692,12294,4373,11033,10271
2688,10944,8552,11465,10603,4941
9512,7880,9678,3824,10811,10812
10982,10377,7660,6290,5015,11035
8353,9222,10922,12654,9936,5144
6051,3684,4102,4935,2717
11655,9521,12241,3892,2727,11321,11981
4865,8161,2734,4051,7700,5781,8019,5593,6747
2736,4883,4083,5513,3949
8421,11210,3436,12620,6109
4608,7364,12103,5270,11639
9738,12110,10958,2800,9428
6534,7976,9005,9940,12024
2857,3565,6256,9840,3346,5749,3318,5401
5542,5640,5198,8882,8633,4699,3677
7972,4525,3376,6738,7029,5654,2911
7296,11109,10954,10858,9231,3024,4626,3093,6198
11424,12160,5091,11076,10000,10801,3039
5540,5222,6170,11164,6398
11808,11304,3123,7190,12765
12421,9487,9719,6265,12286
10176,4801,12171,10669,12155,10142
11334,11627,3062,12183,10169
3072,7028,3717,4646,5525,5695
8386,11048,12009,3090,9330,10520,10527
4006,6953,11120,10132,11897
6672,9072,11607,12347,9950
9218,3114,12473,10491,11388,8735
7875,3304,11848,10833,10005,12251
4955,4821,4184,4906,3131,3855
8293,6377,7849,9417,3982,3151,6104,4635,10206
7498,6098,12307,3605,10845
7361,3334,7879,3210,10509
8834,4899,7587,11053,12174,9775,10992,3283,10807
9938,8466,9081,12571,3292
4450,4900,3815,4586,3343,3953,3667,3768,3770
5664,5586,3508,4709,3350
12165,3373,10703,12182,11993,11867
11809,10505,11977,3828,12120
10754,8970,11979,10543,10230
9097,12649,11983,8444,5278,4095
4771,8581,10023,11539,9941
11555,12331,8240,5497,4891
4559,6644,11000,12060,3455
4576,8329,4298,5291,8625,10643,9652,6972
10244,3535,6800,8213,9977
5217,3463,10248,11862,5820
9477,9770,7219,12243,10012
6464,9572,10216,3481,11402,9883,9469
8035,9284,9445,7655,5646,10546,3507,6743,8286
3593,6219,4380,8109,4493
3708,6562,6299,7015,6955,3596
4704,5569,4928,5219,3665,5624,5065
5648,6084,4198,6519,7016,6601,3707
10386,9829,10261,10776,3721,11214
9788,9991,10408,8651,9709,10127,3804,11134
7077,4905,6347,5712,6288,6075,9086,7935
6755,7914,6124,5715,4283
6247,7468,3821,4630,8479
7818,4748,6447,5521,6770
4294,6925,9460,7806,9183
5184,5257,3983,3990,5080
3905,7432,4842,9196,4636
9291,8338,8984,8761,5372
5799,4654,5071,8596,4887,4697
4300,9485,3891,8825,9052
5844,9146,8156,5725,7034
6307,3875,8985,9399,8889
6658,7175,3977,7469,5682
3991,4666,7067,4375,4255
7872,7340,9359,3984,8503
4998,5323,7501,6032,7924
8736,5537,5825,3992,4297
10374,4008,12170,7788,7888,11472,4856,10366,5631
4274,4082,7191,8010,4940,7214,8447
5186,10564,5317,4101,9931,10412,12921,12541
9024,7239,8041,4110,5679,10094,9009,7359
4422,6728,7823,7535,6353,6967
5344,7169,5549,5231,7251,4127
4292,5545,5298,4980,6486,8827
5156,4903,4649,4138,4943
4753,4308,7605,6391,8344
6947,6502,6086,8465,5621
10112,8815,5554,7283,7860
4805,7983,5169,8185,7739
5764,6158,8944,6130,10739
5988,4238,8852,4149,8375
8417,8723,6452,7353,6779
6624,6561,5514,4209,6388
6330,8073,5201,6161,4245,7094,6583,9402,4539
6468,5510,6311,5335,4267
11569,11839,8099,9513,10799,4287
8164,12005,5576,11016,10061,9810,11834,6875,7644
12324,11989,11963,8798,11807
12032,12227,10246,10249,11070
10210,8165,4904,9389,11710
4352,9965,11312,10933,10553
6704,9407,4387,4597,5356,9199
12615,4488,5705,12015,12692,9911,11513
9283,11909,11782,10215,12141,11502
7747,7013,4518,6568,5610,7981,5877,7962
10145,4550,7918,8722,9076,12443,4924,8862
11266,8072,8841,11688,11913,4684,12116,4604,10429
6112,4644,6597,7911,5451,5422,7408,5809,7356
5605,7398,9320,6162,6906
8544,6027,8877,8337,9908
8704,6129,5622,6678,4857
8320,5224,6986,7320,7581
6882,6302,4759,7066,5739,4750
8290,7910,10763,7248,7708
10722,5866,7313,8218,8636
10214,5867,6317,10354,9494
7969,8709,9818,8796,5534
8299,7117,9329,8501,6650
7808,4820,9268,9784,8668
5577,5098,6516,4824,6461,5021,7582
5505,5313,7975,8040,6193,6077
5025,8163,9000,6376,8370,9755
9585,8532,11348,4870,8379,11663
9687,5887,4876,8775,10074,8204,9071
5504,8772,8425,6569,5264,5559,6847
9120,7971,5933,5869,6995,4884,8700
9761,10346,4912,11313,7166
10791,7116,5843,12698,11483
7550,9418,8175,8591,8500,6366
5250,5507,8967,6043,4988,6399
5248,5424,10257,5938,5627,5532
11174,8038,5929,11442,8307,7925,5110
12163,11556,8676,9926,10993,5211
9541,9095,5963,9356,11346,11609
5152,10497,10594,12769,12644,11693,12375,12282,12061
12512,11524,12775,9927,5194,10200,8541
9665,7395,8904,8617,11786,11851
7625,7084,10285,7483,6585,5243
5409,8360,6345,6446,9367,8477
8866,5288,5456,7536,7226,6331
8545,8816,6359,5880,5307
5357,6576,7161,10490,8891
8387,8009,7658,10319,8657
6048,6818,7321,5481,6175
6592,7461,7148,5487,8304,6645,7992,8122,6267
8420,5900,7764,5620,7967
5735,7470,9650,8822,6456
9536,7235,11796,10996,5647
10017,10611,5671,9672,11357,10014
12740,12229,8805,9831,11657,5677,6259,10835,11479
9510,9319,6342,7290,7325,5886
6496,6691,10148,6277,7878,7529
8893,7662,5842,6195,7452,7645
6722,5847,6200,9033,8346
7552,5955,7527,12238,12500,11769,11002
12425,12172,9935,10066,8306,11578
10232,5961,10217,7053,9279
7329,7380,7349,8921,6859,5982
10917,9206,10407,6072,9772,10239
6367,8071,7560,9003,7896
6450,9511,7705,8828,8511
10979,12484,10403,10119,6518,11099,10524,8413
9861,6924,10032,8731,7327
8800,7677,6608,7063,9181
9154,8611,8615,8152,7466,8267,6655
8069,9225,6697,9212,8141,8535,6936,8284
7360,8801,7682,7619,6819,6840,6975
12354,9061,6981,12793,11835,10092
10048,9634,11240,6985,11948,7921,9653,11261
7040,9316,11945,11533,10225,9980
9440,11202,7385,9724,12670
11122,12088,10264,9275,7165,11391
10152,12463,11568,10224,9244
10441,11850,11659,11600,8988
9920,10569,11179,7948,7342,9939
7939,8233,11925,8120,10110
7696,7702,7531,8604,10477
11919,7568,7825,12146,12276,12378
12168,9546,9326,9529,10138
12579,10115,7606,10348,10045
7728,10593,10980,12053,9959,10840
12514,12327,12587,11545,11229,12799
7778,10728,12118,10007,12732
11153,8303,7927,10203,10159
11526,10633,12306,10515,11123,9205,11158,8090
8807,10472,9129,9295,8271,9430
9825,9702,10028,9134,10864
10755,10410,9867,10508,10830
9091,8586,10060,8556,10130,9363
9493,9621,8534,9880,10073,10047
9059,8365,9263,9712,9140,8507
9281,8875,10101,10037,9913,10106
8435,10436,10789,9175,9675
8864,11360,9433,10421,9814,9174,9961
11369,11089,10194,10483,9012,11126,10838,10808,10042
9200,12273,9060,11111,12185,12234
11074,10211,10340,11042,9707,10062,10351,10651,10079
12194,9928,10451,9914,10011
11137,10945,11396,12680,12349
12452,10724,10089,11114,10861
10496,11820,12338,12403,10677
11283,11028,10102,12438,10920,12330
10384,11777,10435,11915,11005,12078
10576,11859,11332,11605,10598,10445
11151,11345,10449,11092,10901,11007
10849,11370,10991,10774,11163,11324
10949,11119,11251,10484,11254,10614
10978,12405,10822,11031,12665,11322,11115
11107,10899,11141,11480,10923,11437
12066,11204,11845,11340,11955,12021,12056,11771
11728,11739,11446,11929,11611,11390,11903
11843,11717,11847,11785,11949,11854
11411,11972,11702,12440,12426,11420
11617,12067,11926,11914,11423
11601,12228,11461,12710,12198
12320,11490,12211,12362,12300
12386,12591,12752,12913,12562,12822,12382
11747,12517,12870,12934,12935,11595,12815
11732,11957,12028,12109,12766
12741,12233,12299,12237,12111,12255,12159
12196,12006,12070,12714,12795,12605
11969,12201,12397,12145,12599,12603
12496,12611,12325,12533,12730,12619
