3969,2,4100,5508,6150,3847,2180,3591,394,787,4506,7707,5020,4125,2719,32,2340,37,2981,6310,6187,4780,8627,819,2615,1337,60,830,3652,2244,3018,970,5710,4561,7508,6869,7127,3288,87,4446,3935,1248,994,741,3562,1642,11244,3947,618,623,6000,4081,884,4213,6390,2551,4089,763,2430
1441,9730,1238,5272,9021
4258,8014,5046,600,411
107,3577,4816,4754,2105
2689,4290,553,3120,10396
4067,1320,2188,1435,443
1221,6923,2225,3133,3453
5920,1732,2509,6802,3031
2757,454,877,2096,2685
613,4485,808,506,3771
4228,4745,4204,10641,3416
3490,1492,3765,9305,7642
771,2251,46,4239,4434
290,1837,3853,3503,1563
4322,7748,814,2704,7641
608,1450,6031,7763,5240
4481,6088,1780,6327,1055
1353,937,4945,4566,3863
3523,231,202,3626,4223
7904,3940,8980,6682,924
1380,424,1076,6395,2205
5728,1090,267,1227,3183
3715,2086,8335,4751,5916
5670,6155,2326,1400,1469
8992,3865,3159,8441,1470
3975,6153,2837,5878,2495
2216,7690,10283,5840,7862
103,4840,1682,4058,542
3884,7950,1012,8407,760
4645,3173,2697,457,4378
775,5962,8907,2838,3327
1635,452,4716,8979,2644
4864,419,7917,6864,10390
4195,11080,6346,2768,5241
7873,6600,4118,951,8287
10856,6506,5774,3994,4830
6316,3537,7634,6132,4282
9088,1478,2771,3349,2807
3266,739,4527,3663,2001
2348,1360,1720,4986,2395
2408,3052,3025,7413,661
6469,5061,4682,4689,509
5124,2861,912,435,1022
8355,5034,5450,1259,3827
2336,482,5284,2088,4600
1472,7080,2356,8471,5403
260,2186,7274,1005,703
2405,4143,6321,3127,6362
8938,1836,6928,2903,4632
1253,2822,4432,922,3259
4932,3430,200,5261,2927
2753,3238,2677,5365,4605
4965,6888,4433,3570,90
352,2756,1993,7019,7511
4679,3757,1104,5656,3517
7585,2051,7494,6900,3419
5541,841,1324,3606,3135
612,7204,3015,6702,3509
5570,2733,1173,5721,3806
4776,82,5367,4858,927
6440,2508,7118,4728,155
294,2325,2261,4501,5016
6566,4686,2799,1908,5179
1573,3467,4235,2323,2846
2914,1443,5063,1964,8669
8169,8588,1294,2331,29
4808,4981,1273,2874,3807
3116,1527,6937,3899,2876
5480,1549,8719,2390,2207
2467,5254,1042,4795,3325
8977,1014,2679,1821,3967
2657,2279,4589,6006,1883
4683,3277,6063,8367,8696
2017,2629,7253,4151,2971
6183,3443,4499,4381,1406
2498,2724,6151,7209,6363
4392,655,7835,1116,2079
6727,2441,2830,8147,2429
5251,1319,2414,3959,6009
1955,4743,488,6289,728
1354,7052,2637,817,6418
3936,4514,2150,115,4923
800,8771,1865,3914,1626
938,1899,4306,6483,4510
4451,1960,4555,2510,11542
6280,235,1204,190,1759
3618,6314,1466,123,4349
4139,3635,6485,381,3071
2376,1004,7056,2811,7069
2154,1999,1263,4439,2940
1376,7813,3730,2901,2458
1640,10056,7784,6102,6526
8228,4711,1447,3053,1331
3527,5037,8981,25,9850
3207,5353,4528,5945,222
224,1616,346,6236,3999
2083,7719,3196,3006,8383
3142,3209,1679,1916,7519
7394,2085,1158,1743,4696
6833,3633,4405,5655,2969
4490,6509,9689,3228,2046
2848,9056,2641,3441,6716
3625,2413,5807,6839,2521
66,1096,4585,1718,2044
4526,848,4465,2099,1503
3211,5168,1747,5203,126
6823,1039,2775,5723,5149
4224,3586,7593,6960,3158
3872,3352,2211,8884,6424
7757,5551,9498,1372,1946
5312,2055,4233,1459,5306
932,10003,532,1174,8478
4992,8872,6227,6008,6268
3019,176,5713,6074,8799
3170,3180,2646,2877,5854
5795,3621,3932,5096,5596
449,6119,8236,4253,4766
1254,1488,465,3764,4565
3777,1589,8117,3734,5245
9184,4480,1990,7379,8982
3366,1511,7691,5202,6488
6402,6438,4653,7538,4661
7393,1989,1297,8056,5983
7554,3206,6572,8301,2394
7458,1701,3792,2931,6899
4681,6826,1044,2905,8220
5090,229,1904,3796,6420
3360,2977,7415,4186,1275
6626,2352,7126,2809,1277
6178,7144,2961,2100,2751
3745,3460,7767,4026,7261
3756,5294,8339,4531,537
3234,1508,3669,1461,2396
3307,598,2232,8698,5758
3720,1621,5557,4281,4190
842,543,2098,5463,3551
4706,1733,5606,4424,809
8404,5591,4056,3418,1597
7109,645,3668,277,534
3073,516,8750,4893,3134
3841,802,292,306,1493
164,3499,852,726,3647
6630,3079,621,5108,3608
7745,3244,3472,7088,5111
6849,10597,6607,2610,4029
5574,2444,10639,7640,5215
2852,8424,616,2702,4569
3401,1554,3859,2202,349
736,964,1737,4978,3224
860,8298,5488,7057,6364
242,5619,3094,2199,11135
4385,1862,459,78,991
8291,6375,6861,4461,1594
1130,5516,2445,8495,10815
8838,2505,271,8848,4117
6471,2129,4855,8440,4895
1678,2575,375,2137,8190
4578,5831,8135,6858,2572
6754,5732,5126,4487,217
6274,4647,7217,2354,1367
4103,7984,4785,3674,1727
6465,781,3700,3736,2622
6210,4902,9715,1620,2777
6723,4080,4665,4474,5884
3074,3651,3345,886,1310
5321,2282,1425,2676,794
5637,489,3248,3515,2365
648,3185,3061,2808,4093
453,4261,980,7958,5823
1984,738,2793,6606,4760
5703,4532,1245,3321,4317
682,2218,3661,3442,3699
963,324,1230,5555,1791
2953,7599,8793,8730,7548
2791,3572,7609,6523,2558
2817,4995,7523,7974,1295
6244,1061,4713,7338,8300
2443,3854,3802,4956,2014
5026,265,3084,1101,2200
1700,4619,2482,186,6590
2721,263,7276,2737,1650
1377,997,1132,8559,369
1257,3759,5268,7381,3966
483,2916,2019,1685,766
6401,1894,2311,8564,4348
4459,1292,2158,943,4563
5281,1196,1298,6932,8405
1665,5641,6282,428,3231
5824,4131,8364,5531,2684
233,2537,2542,7281,6611
6945,2919,3371,1774,1457
2245,6062,1302,215,2392
105,4043,6126,7474,6167
6185,3370,7147,3479,6462
3140,398,1553,3798,4952
3492,3912,2101,1334,669
1252,7178,2955,1069,1201
9996,1624,2714,4219,156
4393,4365,4404,570,4092
2912,2030,3285,5083,7676
354,3622,6387,3995,1756
8288,8392,596,218,6493
5697,4363,1647,4144,9273
4897,5420,1677,1839,6808
192,4617,3630,789,2397
1539,4937,7146,210,4890
6563,9508,1606,7913,1308
9282,1028,5770,5035,6540
4449,2881,1896,2671,3678
7746,5865,3695,342,2298
1100,4109,2829,9966,595
1632,320,5359,4918,2423
3329,1956,9044,6133,2141
2304,12231,6670,437,1468
6848,5028,6733,5614,251
3008,6696,2449,8531,573
718,1392,624,7798,4825
2240,8972,4621,7221,6425
4913,5785,3963,5950,7039
2915,2214,6217,2612,7770
1792,2562,3906,3997,2175
8705,3568,5141,7449,9276
6795,5101,5550,7828,734
4321,6344,8310,7007,7167
1422,7280,4210,1300,3486
385,4324,1417,2577,3762
1992,7215,1588,4601,7197
7010,7525,2072,8028,7966
2053,5870,8878,2774,2206
8672,8482,6180,1445,826
2054,4456,1164,7724,4660
7478,4663,2073,6842,4607
2760,940,719,9235,344
6382,7412,2197,7706,8255
5889,5806,7155,3220,11003
3273,812,4013,4435,3830
6628,6635,20,3895,1438
5060,8295,8616,679,3414
4516,2601,4428,1551,6768
4553,3885,4496,374,2364
5327,4111,4018,5692,4926
3202,7042,5893,2959,1015
3776,3726,2706,1657,1181
318,9323,9108,5012,1502
2499,5229,5363,183,7897
3331,3130,3020,7250,5818
3298,1827,3595,3852,5277
2691,1610,2222,3217,8021
7174,1876,668,1725,1278
6657,2922,2867,7733,6557
3904,7847,2152,2934,6555
2624,6281,458,823,5210
1985,4483,2212,909,3644
3150,560,3666,3027,1332
577,584,2712,7671,6232
3107,1388,2477,4174,2042
5572,4356,4878,3033,5787
4931,527,976,4729,5337
160,2184,1773,8239,4307
9827,9001,8780,2157,658
2720,7308,6612,3028,474
1057,5285,3559,7687,7151
194,7651,4012,1997,796
2306,2179,5010,7899,9790
9484,370,5494,7674,351
3971,196,7245,2994,2108
5058,496,1808,8660,4567
2215,3431,2730,7439,1871
1408,4320,1769,4749,3575
1347,3468,4396,1037,3023
8259,2788,4583,2123,6205
1058,4486,73,4655,4656
3910,1867,7986,5075,1369
228,847,2194,4286,894
4708,2632,8272,8282,2171
6948,1094,405,6998,4954
4001,9987,1582,2260,4343
10376,3737,5780,4948,3641
2048,2659,4633,6673,9049
7115,3860,3611,3836,4319
2628,141,3451,5973,6235
3818,10286,6004,5527,1663
6408,3793,1848,6521,6942
9800,174,4178,2451,1817
4,7627,3538,6713,6683
2561,5484,1618,8309,6613
5088,2784,1256,4781,1436
9258,3218,1778,7445,1240
3530,6190,1841,2515,6011
9984,1378,1479,409,3290
1281,6666,2765,6962,2590
1856,8226,2412,1716,6616
2789,4847,4473,5790,5119
3786,8524,4049,4277,5819
8547,1605,3374,2006,8637
2722,9124,7654,5238,4444
10020,4592,4695,2873,5276
2752,7431,1900,1102,10237
2787,6603,4075,2674,6874
7968,7592,6323,919,475
8576,6470,4399,5714,3646
676,1093,469,1944,4442
1866,2484,983,4312,5433
8314,5583,2295,3480,3034
7044,3685,460,1485,5172
289,4740,3403,4588,2672
7712,7141,1671,1453,4886
4838,3432,7758,791,3609
6571,525,1071,2487,1402
3174,3529,3243,8268,413
5871,2544,7793,1366,1535
5249,2213,5196,1786,7709
7583,7346,2898,5115,2431
3631,3088,2738,8504,2972
1762,6374,4726,1565,7743
6473,10831,7090,3829,1016
1126,1191,7785,8818,2264
2882,556,8986,4411,6044
5418,2091,8684,18,7162
8512,3082,6797,3962,7071
4038,5103,5874,4309,6069
6093,5171,8053,7254,3262
8000,867,2439,1427,5949
3200,4137,2763,2967,2941
3265,3106,7073,5609,5964
9862,2574,8755,7031,8061
6308,614,2579,9364,3284
1541,870,7594,2987,6142
1959,686,7183,2324,3871
4171,4529,4150,1655,8540
6528,2802,666,2136,5178
4165,8325,3500,8371,8312
962,6351,6192,9264,5147
1858,3469,438,827,8094
1536,3943,3820,788,7956
3534,786,9204,2069,6397
1890,9604,1639,1520,2460
4966,2667,2448,916,185
2823,8522,5260,2004,1018
3013,9997,10416,7856,1048
5316,7213,3826,3065,6843
3497,14,1754,7195,3741
4288,875,1229,5711,80
8064,6883,1804,2902,3487
2153,4879,1206,5914,1948
6692,747,9293,2003,1340
2411,4367,2964,308,2623
5829,5132,7149,2963,4564
8734,4084,5684,7030,9566
5635,5603,1067,6988,6745
1986,580,3783,3919,606
5985,774,9447,1835,493
4409,430,8238,2841,1371
2534,4519,1490,1269,4189
7047,4680,8687,6610,758
9896,9612,5008,4114,4823
4769,172,7286,9303,3160
7901,1710,9777,7132,2109
4369,3315,4212,3038,31
3457,8098,8593,1623,2359
5414,4877,498,5813,8926
7074,4036,494,4337,1907
3840,3458,6389,3929,3129
4351,3339,7729,3706,5279
551,3592,1482,8694,2140
7718,1674,716,6128,4797
4041,5104,629,1272,4185
8865,1571,3087,3064,3037
2549,2296,377,1723,1405
3624,10156,947,58,831
7502,6674,2680,1211,3324
8610,2276,3950,92,125
2049,2794,9171,1175,3512
6337,7172,3002,1853,2271
3937,641,2885,5902,1235
8128,6437,3187,5690,3420
10306,3945,5454,4279,4379
1699,6893,3889,8275,5855
546,9158,7181,2960,6225
2272,6148,7145,2012,4060
9381,332,4147,1147,9535
2023,5608,3944,2036,1822
1965,4915,3642,11191,1690
7776,1121,8085,4091,6431
3650,835,7367,6480,2399
11216,8050,731,220,10939
132,9128,3722,9233,287
7713,4070,7666,3317,3866
6887,1801,1673,3504,11763
2432,10636,6543,4976,2996
2560,1053,9468,5437,2334
4161,8356,8039,7475,4153
3076,4169,9388,4595,4793
3233,5638,1451,4916,5562
5477,10120,5997,110,3227
3201,3042,8902,872,7615
3269,839,9577,6582,10430
1444,5669,3048,8529,3986
772,8,10989,178,959
8321,8427,6286,7384,10879
2473,8018,1495,7352,6301
1987,2474,3731,1052,3581
5573,5894,4303,2193,798
4744,9226,6517,8025,9727
5994,6514,52,1303,9083
512,582,4304,1073,6867
11279,5329,4947,3411,3612
5704,8113,3154,948,4502
7266,2026,5547,440,3548
5413,5000,3437,2864,1433
3016,4974,10612,7223,4537
3556,1741,5453,143,111
2081,3475,3861,8920,539
2139,2891,4467,6263,7675
6412,6094,4016,7351,1118
1412,1129,7436,2071,4958
1092,567,10,4491,4599
1668,70,6827,2957,1454
896,3522,1543,586,7314
6209,4130,5604,7881,2878
1800,2120,850,3001,602
5416,1811,5045,8790,7355
5544,1972,4602,2780,893
996,6663,1179,1244,6013
2342,2409,3305,6294,3387
929,4421,7397,2159,9466
6724,1934,5747,5302,6110
3109,1713,1683,2619,6140
1603,47,7670,4318,2559
6477,8942,3672,6297,5244
4454,1165,50,9245,4222
3232,6350,1684,2970,5371
6693,9308,5681,4310,700
5696,9348,4557,6224,3676
300,5013,4121,6620,8703
4231,2954,5170,7388,4191
9123,6057,5007,7801,6047
137,1656,1274,2652,1790
1280,1957,7337,4909,9299
7041,3915,6295,3293,1629
4736,3654,2514,5501,7391
3462,1933,3894,2518,5022
3873,5432,4874,6479,4440
1216,4196,3141,7821,5915
6409,361,1361,2138,2427
3404,8781,6510,9681,348
3648,7534,882,667,4572
8871,5447,6417,5206,3867
4802,4962,391,2418,5599
3041,2895,1807,5683,3926
6024,3913,7383,3320,5023
8448,3711,4627,7735,4703
903,7596,6419,8212,3415
643,6058,7377,7125,4252
2660,1830,1160,6771,7574
1570,6531,3364,9483,5753
4256,3043,5094,5391,5629
2786,5548,1265,4659,2492
7008,1284,3496,811,6909
9041,8402,149,697,8121
4419,5059,8648,1736,4671
3078,3822,982,6136,7485
39,4431,6163,1719,7068
2082,4515,8452,2670,10236
3980,3412,6393,4123,3166
1672,2990,529,10779,6525
2569,7657,3344,1525,8319
4768,1574,971,6878,2398
6378,427,2924,6513,3900
2114,5924,8812,1615,7344
1897,4364,1455,336,3263
8941,7790,5140,1973,5053
2466,1765,1567,3704,5183
6050,5354,9624,5146,7004
4128,5633,4963,2250,7961
7874,4804,7089,5490,4758
644,7218,9780,1820,3837
2592,6405,1193,7864,7484
259,9682,6357,1660,5919
1474,3377,4027,93,158
5445,8712,9259,3856,2928
955,908,9688,4859,5726
5408,3525,2093,881,7414
4325,4112,7859,2678,3229
3086,6647,4796,9527,11038
1645,6639,6709,2010,6939
11172,6379,8525,6482,2583
7139,5188,6097,4020,3799
4068,2951,3632,7061,3103
2465,7176,1998,5685,213
3040,7684,7124,3574,10809
1156,6085,1572,367,4638
5953,7298,5289,1395,152
4867,5993,2164,665,1787
5923,8551,7257,10107,2015
8416,1001,6414,6223,7095
481,933,4009,2863,6615
3429,5738,5998,7515,5342
1608,2156,558,2035,341
3337,170,6825,725,9470
1834,2187,754,3477,4985
7936,5666,3749,550,1578,12363,7212,13,15,6448,6511,785,1523,1491,6421,1974,8151,1689
64,6659,5449,1803,4332,9208
3398,2539,1592,2173,6559
8899,7942,2603,8594,4861
8294,5543,1544,3035,1309,1086
5667,4549,8103,6025,6186
2242,1194,1812,7963,5789
11650,1859,4206,6160,2008
1669,7626,6352,1142,7128
5793,8557,7630,6066,6105
5571,7301,9932,1167,1138
8258,7491,9090,4558,11695
3751,7081,5290,6993,1598
3408,6736,11059,2292,6809
9732,11278,3763,1557,10205
5324,9841,4313,5180,4668
7721,10059,10731,2062,9118
10018,9703,204,5746,6838
5760,6978,8777,9202,3550
11398,2859,9296,4593,9754
1312,5733,3628,403,10359
5314,3850,4813,5651,10680
4160,3426,1929,7991,5435
8612,6918,3478,6648,2332
2950,3664,2289,6231,6107
5228,5197,2097,8052,6780
2535,8585,5005,1873,5628
7392,2888,5109,1909,1658
33,5125,3718,9660,604
6113,2856,1103,5561,2589
10880,3077,6439,8632,1439
6400,5057,8419,7610,8795
11874,3790,1362,10325,8569
6080,3942,119,3738,7323
941,11766,378,10780,1247
4032,5417,4492,6127,2066
1634,5986,9828,9166,2613
7783,3601,6711,1947,447
9027,1452,2094,4786,1171
9960,6891,6253,4241,2709
3440,10033,338,3099,6332
7206,8013,4756,3772,6623
4770,4652,8760,795,4383
2176,961,8461,589,5135
4229,1703,9109,2582,407
7465,1550,981,9435,2301
9379,1002,9967,4503,248
3394,6533,3785,5355,7797
8032,4395,7789,7378,565
8097,2502,2605,2519,1816
1025,322,8806,9734,8439
1345,5673,11146,6803,2643
2052,1421,3767,3710,671
7639,4242,2195,10324,151
1217,2469,5286,2312,10378
9697,4675,7843,6100,7032
0,784,8049,1296,9310
8653,10415,594,562,3573
3365,5446,7819,4523,2165
2190,6866,979,5879,415
6019,7315,6453,3222,5308
1996,9582,2226,6201,1311
5297,7318,2872,6234,9404
11466,396,8145,2330,10334
837,2318,8048,4187,9949
3656,6989,4752,4950,4822
7045,2983,4429,1397,6138
387,2059,2805,7002,699
7490,1995,7438,6552,1919
6467,6213,8621,2257,3005
5751,3176,7980,8685,1975
1740,592,4464,6262,953
99,3692,2860,2380,854
1261,4334,3474,5594,7965
4416,569,56,3897,3004
930,6979,1172,4315,5852
2438,9870,1106,2420,1534
5987,5935,10608,3029,7262
6656,2224,4851,3582,6495
5602,168,7112,2447,10100
4929,6829,2639,468,279
8384,1797,5127,11129,2363
9600,1932,9549,5718,6969
6828,8849,6260,1498,5117
7584,9641,5138,9598,10975
9922,6532,9106,2227,2040
1953,10786,3694,4079,8468
3330,2661,3657,749,926
9449,5326,3989,4982,2265
10308,4134,10349,7288,7481
9504,9096,4809,22,2585
2497,10278,8661,10906,8606
8003,3557,6026,3835,5567
4420,8357,5397,8245,9304
6984,9547,5390,2386,6139
11168,325,9774,5173,4087
2925,3186,5848,1978,94
7907,4869,4362,4535,5499
6306,4003,12204,6430,9503
10571,8177,4634,476,5853
4192,6278,4554,7179,3732
7426,711,10761,5489,5653
12035,9187,3214,5295,1936
1127,9321,4176,10070,12151
11552,9193,4426,11824,10487
8266,1423,1008,5909,1622
5024,8867,5912,8792,4603
8840,2578,6422,6845,2526
1163,6038,9238,2651,7326
5601,3046,4462,3286,9695
35,1738,10034,4055,4316
1729,2115,4335,1467,4734
3843,615,3470,5395,2900
5857,1580,4914,340,9750
6916,548,84,5048,9214
5952,8005,4812,4670,7999
8388,4263,8776,840,2513
7362,6564,1875,6174,5439
258,8296,9397,9307,3870
2470,3985,11025,4346,2236
5632,9472,3658,9078,2621
6791,9063,10161,5213,5375
3566,10254,8400,11892,3032
4611,678,8937,7796,10453
3719,4798,5271,9787,7934
3748,8454,1322,1880,6300
7299,7750,7726,8463,945
7979,3342,434,5588,1471
6595,5319,5833,9425,2132
8845,2545,6325,1559,1305
4136,10221,6039,6970,7163
8548,6789,5032,6257,3102
6786,6917,6667,11445,11515
7369,3600,11224,7129,7037
12192,162,4930,6949,6152
11265,6182,1935,6064,5460
8839,1513,9297,1143,9406
5568,2690,3813,1771,5652
9803,5708,6203,1628,4445
4640,2147,5352,8269,5582
3459,5044,1524,4732,701
1829,4746,6002,2740,3261
2020,3690,5645,5595,9501
4832,5093,6478,1872,252
461,5649,5529,3386,1501
6753,3779,6309,2858,2029
4961,3367,44,1231,4062
5926,3110,5805,6991,48
3619,3332,5221,2357,8251
2625,3203,3059,11575,10072
8224,6466,6065,9849,3069
9986,9125,7887,6360,188
10446,8689,11190,7742,5311
10533,10055,8786,9690,5310
9004,8592,4305,5944,9723
7232,7945,2580,6677,1431
2309,4715,7279,7473,8343
6371,4275,4406,7575,2488
8033,5476,76,4530,11004
12288,10601,3050,8539,6494
12321,10409,9036,11187,5662
1250,6852,2538,5236,10168
8227,7755,7576,1882,8219
2564,7017,5039,10620,7135
4047,8082,11034,5052,10301
5511,5165,10486,10649,3614
11212,8876,8783,12081,12598
3168,1889,2223,3696,9491
5068,6605,4536,2524,6237
6305,1927,6920,8008,10828
1440,68,6742,6492,95
4034,1604,3845,8429,8570
2598,1291,690,8279,5471
1796,8745,4651,6968,7038
3495,75,8691,7637,4086
7113,2991,8732,3613,7870
4512,7906,101,5483,540
5157,12044,4783,7059,5235
11011,8868,8132,6091,8372
4389,6766,12435,1114,1213
4132,10566,399,879,9438
4610,5351,7048,113,9847
4327,7915,10292,7100,8350
7652,3433,9807,3383,10745
9921,9170,6997,4853,6907
4167,5384,4457,4779,559
10186,2485,9558,6679,6108
2594,5195,206,10165,633
7520,6933,2998,9978,6491
3938,9802,952,5693,7710
12128,6850,1124,7110,10419
7171,11528,1169,5815,10394
4946,1335,12376,10905,6654
9608,2665,10063,2554,8701
10124,1232,5106,1202,4215
11749,11781,2090,8093,11774
10537,9517,3245,5459,11994
455,2446,11863,121,8830
11113,11631,5716,9717,10428
4293,9766,9611,6734,8115
486,6637,11027,8952,24
7233,9317,6759,1776,925
806,2894,5979,3739,8029
7938,7620,10704,4115,8565
1095,1006,2769,724,950
6021,5478,10765,1980,3742
3842,10568,9742,4345,5851
1153,6627,3143,5368,3294
2596,9518,8144,6588,9053
9252,5191,9458,7931,3964
5120,8580,7781,7852,5498
8390,1429,8856,11419,1342
905,7086,2262,5304,10335
11200,6892,9998,5717,8445
5581,2425,9082,5565,2974
902,5639,6445,7405,2655
3295,9637,4901,8823,6207
6433,5794,7078,8774,6204
4398,3410,380,7229,1596
6701,6099,631,1561,62
1542,1162,5332,5940,1721
5896,6258,1651,10263,6556
993,8577,1476,1209,4061
3553,8289,2281,6574,5967
6370,3976,2378,944,5817
5092,2638,5043,3925,6137
5729,561,1329,634,7419
2945,935,1707,7732,1430
2540,1356,4208,722,7954
2374,11404,1653,7093,5754
8193,9699,9835,9805,1806
10053,6279,4616,5742,5469
2758,5099,2322,7091,4828
6144,8645,8808,920,3484
5280,8999,6189,5775,7386
898,5676,10321,531,7678
6146,1382,9962,10352,3602
417,2127,6416,10258,3452
4544,3686,5139,7892,3766
4042,8885,6392,9595,3164
8455,5897,10895,9912,10458
8396,5615,753,10198,3801
7401,4720,3067,8764,7869
4517,3249,7890,3380,7614
5761,8138,7597,6609,11263
1633,9801,11756,432,8347
6373,7693,237,10675,9019
5473,1062,2028,7727,5845
2792,10250,4787,8024,6687
9824,5925,720,3510,7001
1282,6756,8459,6071,9111
3427,9866,563,7607,1532
7211,3482,1079,5943,11450
9274,8549,4615,3226,9437
7203,9380,6860,4782,10938
11658,9422,10008,7643,2845
10565,9514,9424,4053,10910
7807,6865,10040,1208,12415
5658,3896,3610,4763,10431
9632,1026,7683,6030,2587
3303,8711,4533,1531,8509
769,2889,8809,2102,4475
4078,2929,3832,2361,2302
7489,6886,8051,10522,8380
1692,7566,5788,11197,11999
3011,7565,5969,4990,4414
8708,10438,10887,680,6653
8773,9221,9992,1242,5661
7588,10122,3118,11662,8464
11169,10503,10760,5464,3388
8484,4618,1547,12106,5946
1099,5166,7794,11382,9047
9728,10697,2228,10360,12409
9057,10478,147,7995,8317
5575,7085,917,3928,3162
4737,6114,9482,4237,12400
8962,10068,6173,1374,7454
7142,5204,3316,8215,1982
3424,7455,8528,9811,4639
4579,869,5797,4330,8154
4613,43,12,2235,7486
10402,1512,6095,8409,2618
6336,5347,2893,9230,4063
6147,6087,2968,8605,3934
6721,1676,7150,8089,5055
6752,3808,5804,10605,173
743,4359,7628,3952,2840
992,2563,2826,8939,5073
4227,836,10077,4594,11037
8932,3272,3369,6539,5400
10336,7459,4850,7800,2297
5698,7306,7884,3921,571
7399,1941,695,5976,8639
8458,782,6929,10231,2269
11778,7341,2543,4667,8158
6884,691,4852,5113,9499
1189,3022,11438,11546,2747
7396,977,3379,5145,478
673,7886,2162,9465,637
4674,710,1225,5293,2291
609,2849,7076,5128,2527
1892,6573,1326,10959,6199
1387,5419,4972,4631,3450
3683,1481,6769,6164,1017
7297,871,6220,3638,1950
4108,2896,5777,8634,6719
3814,5160,4522,7506,275
1318,2942,4691,4347,5566
4357,2007,3417,891,8222
8257,4073,8595,3576,1530
960,7334,1735,9999,2682
269,3314,1011,5175,1911
3939,3241,4714,6577,9627
3552,2464,2146,232,9302
1704,3979,8718,3645,4159
1409,8946,8244,8824,5885
5827,9542,2382,7549,9887
6946,11802,7635,885,9658
8582,11117,10125,2750,12095
9669,9573,1033,5266,1373
8263,12108,3981,6863,10717
1731,11722,6642,536,5849
8393,11157,5049,7517,11101
10567,8583,5462,11547,8572
5959,1198,5814,2550,2489
3617,6245,1937,7795,6455
3009,2178,9155,8998,11622
1576,1581,2002,2875,4479
8870,5002,6159,8016,9239
7138,2530,8389,1832,7450
6881,3466,8363,7629,6550
8326,2824,363,1068,8918
9879,8887,4664,11644,7423
7845,5798,6096,6935,10493
10926,310,281,5274,7771
1188,4430,3026,856,4921
10332,2552,4284,8285,2111
8492,2189,7409,10105,7230
9567,5163,11376,3126,5151
2979,4881,5105,1877,3128
6283,942,6228,2166,4889
3555,4841,5230,5181,6910
1155,3465,6474,5846,7292
10848,4868,6633,7307,5430
2435,3145,4970,10260,5500
10855,8142,3954,2547,855
2496,3179,2608,8820,6581
6530,3375,7571,2104,8766
8737,1538,2121,4495,4340
1381,9907,5750,10748,2687
11013,4329,6449,7026,2230
9232,6898,627,2932,4221
6242,9385,10315,11700,12600
6951,10987,11439,10585,9147
9089,5443,6413,10863,7347
9710,7504,7027,11899,1404
8352,7170,9863,8880,11827
1895,12076,10317,755,1145
9420,9453,2032,5881,2907
3502,7503,182,8923,2110
7201,5859,7258,11676,12191
4806,10087,3848,7050,1752
6854,2124,9236,761,4025
4225,6214,6694,2984,5076
5282,4141,7665,10323,10078
8006,6292,7895,2782,895
10529,10197,9336,1850,6812
7780,4397,5486,10902,11931
7107,5989,1321,7754,4573
12613,7694,6036,7448,10842
7648,3108,5225,9242,10462
3587,9575,9844,2038,9916
3907,5580,5036,1040,7774
9094,12010,9645,7054,5618
9826,7946,1301,4472,4925
8096,326,11625,3155,11544
8803,5992,5129,11984,3347
3434,2286,339,5396,2749
8652,3727,1526,5081,4158
1705,1868,6003,9590,3862
1893,1768,6956,1614,1358
3778,5958,2491,1662,4031
4547,3148,9357,5905,7836
6497,6661,11383,1464,7227
2219,6862,5939,9819,6143
8332,6830,5017,7933,8031
7714,3973,2642,1270,9471
5769,5995,4556,11192,2778
3908,1967,5392,3670,5019
2606,5458,9526,1177,5759
4331,4172,6415,5974,4863
7043,6726,1902,3476,4218
10851,4871,1307,9180,10398
6122,5644,2992,915,6903
2183,7604,9525,4888,11294
256,4259,4007,5689,11579
1568,2274,1414,8851,5918
10090,4658,1458,10456,10847
7558,9104,11921,9395,8951
3588,10792,6963,6707,829
7496,9714,6578,8184,10970
7944,650,3313,10038,4568
8418,6686,5512,7157,10878
545,11299,5220,2185,7857
12012,9842,9139,436,10296
12448,4142,8431,10909,4382
520,10735,10128,11132,1983
4673,7940,261,1200,8855
9507,4581,8488,3240,7799
134,7817,10256,4788,7196
3753,402,8179,9943,4829
3302,6856,10121,6731,8437
4262,6602,3728,9874,4693
7526,1074,1365,8758,2039
2278,1287,6221,3057,1726
3392,7309,7830,10331,11198
8201,11500,11378,9651,10911
8961,5457,8472,4154,7357
97,4353,6977,7877,1648
8481,3879,244,4794,9564
804,3177,8589,6675,8406
10821,4999,2607,5907,11284
10223,3445,2870,12471,8376
11019,2320,9618,9781,10653
968,9035,6196,2869,10015
4641,4944,8155,10140,8861
8004,4650,7222,3256,3675
2209,4612,1637,3543,9496
9905,10994,7957,6394,4541
1600,9673,334,7570,9593
9666,5123,3300,6181,6558
10466,10275,7114,10860,10773
1473,8778,10955,3054,8767
7240,9583,9362,10235,7421
11970,6542,10743,445,9791
8614,8873,5578,2061,10350
5358,2288,1046,11064,2203
3138,1060,3794,4408,9915
6020,4170,2416,6385,10775
8746,4045,7224,3260,4509
5318,2832,10193,1750,8055
9031,4494,751,4848,1691
7553,5474,41,1522,8341
4249,1299,6807,2201,1246
4166,1390,2258,6805,6103
11205,2958,2511,6905,8059
10690,2434,1667,2798,5626
8256,672,8170,6380,10252
10625,10021,7336,11477,7513
9793,4718,2766,3924,9945
8134,5134,10174,6777,6782
7530,12074,7160,10587,6015
4291,6815,9436,6014,767
12225,518,6799,8978,9241
9696,11729,9234,5275,8412
1088,7941,10314,9421,11541
5377,11306,9366,9623,11803
9994,5934,9070,3161,383
10178,9894,1389,3920,2107
7328,6793,5782,6076,9630
6784,8297,6250,3448,10461
8198,2570,3571,4917,7542
4162,3545,8496,6617,8315
7332,3396,11338,4339,4441
7366,2024,10734,6040,2715
8196,11665,10579,246,4733
8102,3372,7663,3219,4415
7137,4833,1137,2546,4694
3010,11940,10093,4145,8854
9377,6403,6821,9393,10172
9953,9480,9037,9390,8913
834,10373,11893,12445,4991
3169,3688,12780,7255,10364
4866,9188,6407,9937,1757
10921,3051,4046,8276,4637
7208,6961,7096,2168,12287
3494,7759,5584,11023,3636
9441,2191,7284,5563,7294
5162,5748,757,1339,9628
6816,707,3156,1654,4311
1187,356,7782,8748,8250
11044,8373,6806,7964,5214
11626,9039,9619,9400,9113
4065,7373,8493,401,5598
2854,6028,9773,5434,9725
9002,10220,9298,5079,9338
1185,9890,9858,8804,7035
2627,6761,6442,1109,4698
10339,2253,16,2068,4827
1157,4135,8105,2493,2943
9701,8328,1521,5970,5299
4739,6411,2033,9017,10202
8770,7631,9334,11319,4571
5668,2692,4873,3281,1852
1925,1509,4598,8249,7070
480,3309,628,8150,7416
3968,4497,625,4374,1083
128,6369,8231,4587,1885
7269,6662,524,1976,890
7275,2459,6836,1403,4957
9122,5910,1207,5177,6524
5122,2566,4391,2075,3390
10114,1767,2133,2843,8124
3909,2918,1958,4076,4814
9064,10730,7375,5616,5520
7267,2347,5687,8092,2391
9639,71,2921,617,6930
11273,6922,1260,1327,9075
2754,2634,2988,6739,11260
6179,5259,11852,2160,2675
6023,9288,10311,12240,10846
11942,9457,12401,11096,11098
7686,4774,9545,5911,4538
9249,11818,5426,3797,3703
6851,8519,5812,12308,7509
12483,10948,11880,12528,12023
7433,7184,10768,5492,8247
11364,9700,1846,6681,12508
1029,5863,9448,12180,9748
9473,5899,2349,5331,9530
7079,1262,6772,7866,3423
10113,6475,9197,575,1183
10338,8423,5519,10770,11671
7716,9776,9427,2647,6684
8066,11209,8716,11121,11387
3823,10575,241,4207,10559
4623,11640,6553,9309,6206
11840,5227,11184,9277,8191
5322,86,5558,1050,3323
2471,1613,8208,6266,10684
1761,4004,1135,240,9851
9923,6324,9685,7000,10393
8358,714,1035,9331,10329
2241,4933,11154,10803,989
9635,1784,5744,312,10591
8898,8742,8456,9262,8917
8641,7009,9313,11723,12115
11298,6451,8153,12414,10270
328,7537,6741,10299,11580
2402,9412,9556,8853,5174
9636,2372,7407,4700,10814
1825,12546,7238,9138,3355
9795,227,9117,5937,11069
9569,1861,10318,2486,1951
12098,10279,7,1515,1465
8900,12908,5199,10295,10877
10756,5700,10289,10322,3199
7270,5523,10262,3190,10813
3520,11760,3857,8242,12176
10816,10658,9286,7020,10836
4066,2813,4400,3056,11293
8235,12312,10715,11484,6750
11329,4705,8974,10898,12279
6313,12624,10673,11219,7832
4967,10001,11733,6296,4543
6312,11468,9463,10749,6879
11009,1222,6252,11342,10875
7368,8042,4942,3701,247
11171,2663,2472,4437,8759
6444,8207,10290,8054,7930
9924,3080,12398,7730,7698
1348,8523,7467,11090,7130
11647,5838,10447,9373,3679
9606,42,9266,10771,1306
647,10631,330,10417,4407
11337,12745,7601,12242,10353
8643,11731,1844,9300,4124
11754,4524,10541,10228,6811
7363,6853,9132,8623,10488
9152,2436,5901,2833,7903
8714,7853,1587,4949,8925
4811,1970,1267,7636,10494
901,3916,1612,8567,285
11363,8520,10578,5778,6580
9667,8079,3060,9845,2134
7812,10577,4722,3348,8123
9219,8964,2256,9779,7647
3489,10181,5546,5112,4831
1448,238,3599,4050,1591
6885,9446,6426,3213,3930
9768,5100,4911,5556,4989
12355,3267,2728,1081,12059
8037,2630,7177,7893,1789
9954,10502,1128,9644,4341
653,8560,2453,9370,9756
7403,9102,6575,12084,10391
10883,11343,9398,10967,9854
8112,946,10518,6775,5592
9409,2437,9746,9372,9182
9607,10440,8563,11222,11288
4552,9837,8654,10006,1630
9729,11907,7428,10504,9897
11232,9142,10294,3898,11581
8678,11788,9747,10548,4023
9889,12650,4625,3189,8476
7756,9553,8785,8915,8223
9892,8646,9255,8879,8688
708,2410,8791,5212,6365
11040,8675,9603,9228,2285
8225,7333,4201,8397,1399
10116,5767,7082,4463,6322
8996,2343,425,10513,630
6915,12310,7996,6333,6911
5386,8044,9396,2710,9816
7105,7810,7087,8603,11869
8740,8180,2388,9114,9278
1666,7400,8106,7947,2238
11529,11927,8664,2011,5981
8650,7760,9426,9683,9823
9383,7499,5143,10937,10583
8322,12553,12814,9201,10903
11372,8530,8434,2744,3615
9028,11335,5200,4662,2588
11746,6889,298,11155,245
6664,236,3117,7922,7193
6176,484,11408,8342,11964
7556,7370,11182,7447,11358
7051,9358,8047,9654,4350
6083,9796,12007,3322,635
10896,3152,5394,5269,1528
3754,5066,11503,6298,3358
2500,12149,11095,11194,10652
4098,3310,8601,8666,6396
12068,9011,12666,11933,6463
6632,10414,3697,2517,4470
651,9260,6668,2966,990
11787,9387,10709,3096,6458
2316,7437,9038,6872,9150
8832,4354,6538,957,9982
8354,11458,8265,5811,8829
12356,12709,8683,8725,6973
4836,7207,12457,211,1694
5861,9160,10134,5719,10171
11010,5538,9865,6546,9592
4105,6958,9903,11230,11935
1384,139,10581,2844,5406
9539,2246,4402,180,12343
8230,11720,1234,7602,1749
10532,4815,10544,8784,9596
7304,8843,11755,5362,9693
5095,6090,10826,7546,5821
6725,74,6423,10204,254
3744,4642,5834,3438,10645
4938,5611,9332,4377,7839
8011,5237,3063,8216,1112
12679,10024,2989,2421,4155
10372,11237,3275,9455,9910
9956,5991,10151,6762,9918
3341,3216,5136,8662,10207
5376,4513,3274,8076,11540
11810,2057,11307,2836,8378
6275,3789,9554,6676,8726
4993,9413,10956,10642,1971
4064,2662,12333,1210,4094
12064,5891,11049,5234,3165
2528,4452,7512,3769,5246
6536,491,7791,12465,3643
7973,2087,2089,6156,656
7680,10691,939,10638,7228
8975,10291,5784,10713,3291
5030,11451,12534,6459,7711
11045,9544,8361,10389,4216
12485,5701,12713,5208,12761
9988,2021,11636,7765,10740
12480,10916,4200,8489,6512
11427,5612,12177,9876,10742
8001,7559,3816,1869,10173
450,226,169,619,1233,470,439,7065,572,61
6,4520,108,3225,1564
642,6121,1931,1680,1590
8034,8074,362,6614,1753
1504,3649,2533,4370,2045
4205,9973,5239,8989,1150
3362,11464,4880,10871,1599
10723,10854,12045,3125,12470
10758,2599,11242,11065,9050
9248,9280,2307,7055,2034
11108,11144,6548,9947,10557
5190,12456,5069,4973,3122
611,8229,4742,4692,9341
6248,5800,851,9301,11448
8514,10990,7613,5182,6591
9419,10507,8399,12089,2366
2567,6508,2350,10158,9649
11959,10444,7959,8697,12125
5185,897,4678,2985,11537
1505,3335,5262,10137,10526
10498,9640,11856,10966,6490
7495,10443,7955,8313,8991
11564,975,1584,1009,2839
1480,10381,7471,7837,9054
11697,8658,3961,6619,7516
6343,9098,7152,11314,7382
6052,7816,2314,5051,2879
8202,10510,7247,4730,7804
11104,10952,9164,7699,2908
6921,4778,8395,5617,7422
5730,10787,8682,8562,3252
4546,8518,4270,7928,986
8486,9580,7951,7603,9946
3680,1122,2948,11793,1020
6320,2910,1918,3422,7199
5216,1316,7153,5786,4413
12017,11698,9492,5209,9853
8385,9891,8933,5398,5752
7844,8167,2475,9016,442
3528,1770,911,146,157
416,1540,3882,209,659
965,646,3119,2673,2906
3524,6824,5613,5657,8221
4289,1730,191,12561,2047
8930,4232,10637,11536,1328
2731,1906,10362,9533,2174
7456,2182,3563,6172,9116
1197,914,5590,6651,2973
4896,5796,622,1779,1494
6089,7689,1519,1463,4126
3958,7159,4280,7289,10714
8963,10671,11761,4248,5465
9538,5029,12399,1681,2815
6338,11496,7216,10672,8159
11036,11890,12570,8763,6012
10699,11347,10550,10616,2233
2764,9073,10227,1847,11737
1136,8116,11416,12153,12543
10882,8721,11795,11062,10781
8966,1351,7046,10764,10103
5858,5388,12493,12667,5407
11799,12055,11917,11988,11511
3464,974,11406,7311,10712
6792,5515,6897,4019,8057
5161,3817,11373,5966,1744
7457,2803,888,6902,408
8043,5972,599,7003,508
7876,12178,10164,7865,8252
9857,5380,11557,5334,10166
3361,11432,88,7225,5980
1186,5252,4272,10965,9751
11651,7623,8398,1881,9085
9833,7786,9267,372,1814
135,7505,7410,3957,7900
11584,11246,12079,2268,11102
7912,12754,2329,7164,2462
6499,10823,7815,5772,11610
2404,7539,11669,8860,11103
11817,10030,12727,2617,9629
3893,967,27,4505,2939,1215
688,54,1352,329,954
1228,109,1518,1586,825,2494
1696,1190,2346,464,273
1921,777,2383,2163,1758
1355,1141,117,1078,284
677,660,1077,316,892
130,499,500,998,1065,522
145,12406,3864,12492,12126
675,357,1003,591,1212,792,154,1276
163,2694,3282,1619,2743,2557
4417,4872,5296,2742,3101,1886
166,934,874,1428,662,187,1151
1220,266,1419,1258,907,503
865,610,365,910,463,304
198,6598,2713,3965,7390,1487
11745,8739,12451,11833,7611,1913
8738,10584,208,9240,7293
9601,12167,11473,9812,3354
11877,12464,6908,11709,12446
10753,12726,9783,9720,11770
249,3400,5931,6832,5072,4057,3098
5665,6082,744,2890,5004,6996
3104,5475,1027,291,4677,4071
296,10802,11032,12283,10972,2653
12809,10766,12304,12244,6938
12033,10819,7752,12041,12499
12385,11431,6699,10556,7389
12203,11308,12527,6384,12663
11136,11250,9203,12407,6202
3296,9968,6326,6685,302
9489,2947,4835,3607,314,2604
4460,12365,12305,6871,10681,11006
9505,999,8136,327,9901
1888,2112,451,2933,3030,985
1954,3149,1709,2294,347,2781
3328,3681,422,359,3881,2761,523,4620
4800,12756,389,11767,12105,8426
704,6690,2886,393,8911
1537,4707,8749,3095,7803,2654
2818,8107,752,10523,6079
10369,1988,7278,467,11199
5232,3363,8473,471,8457,1149
2339,11822,1085,11864,2649,9821
3780,978,11188,472,8958,11327
11236,3237,8874,6125,5882,10141
11716,10662,9578,11563,10157,10002,6291,3956,12309
11297,2119,12813,11291,12316
12806,10759,9735,9739,12830
11841,11813,5672,12746,11311
10827,9804,7762,12723,12214
11330,5350,12200,11481,12735
3746,10179,12744,11725,9677
12390,9162,12371,11359,3519
12193,11400,12235,12402,10683
10889,6794,11218,12498,473
9352,10892,4244,11992,11679
12612,9895,10632,12507,12092
833,12458,11435,6131,11998
9415,8905,11443,11965,9951
8928,12518,9101,12537,12762
10976,11522,7569,12699,12542
6435,12004,8485,10710,12281
12522,12567,12057,12573,12063
10022,12583,11047,6959,11699
12772,12774,10219,12784,11514
12547,10031,6965,2871,12604
10572,12114,12052,9718,11097
12640,12135,9576,11772,4959
11654,11558,2923,11629,1901
12802,11140,12677,4987,7551
2208,1777,2037,501,857,510
8987,2853,5423,2005,5686,4725,505,8699
7814,4199,1611,2358,6652,511
4643,4017,7988,1051,2620,3998
709,1286,4458,5041,3446,1917
10149,5001,2796,8214,12216,2681
514,10019,3724,10925,12173,12782
7697,8810,555,6238,9055
578,12069,4710,1939,11519
12832,10432,7595,11916,12790
3874,9762,11918,6814,9759
10405,11063,4790,7863,4953
8836,10839,9736,9271,12671
11105,12770,12771,8831,11871
3682,11494,9713,11125,9786
11393,12482,11463,3157,10618
11425,588,8506,7894,2935,6810
11616,5412,7205,9224,3506,11736
5526,7273,733,638,3215
8451,10459,10995,7768,8537,3579,639
10531,10309,10536,7561,10986,8111,1393
5154,5381,8118,663,3193
2113,1945,1545,746,684
10437,3564,3539,11924,693,12662,9368
7427,11603,7989,10455,12187,12828
8608,4934,9131,4723,9557,12638
3336,3886,2548,2267,2556,3007
1120,883,1140,1556,1401
2243,1032,713,1199,2259
12738,8802,11750,7430,10251,10284,729,2553,859
737,1602,1315,2273,821,2198,3385
2946,3554,2148,1962,6284,759,1819
3205,4712,4302,2065,1107,6169
4236,4622,1359,2419,4792,6042
11176,10280,11118,11599,2321
6501,11849,9868,10096,9976
2337,779,7476,6270,863
10784,6625,7435,6671,10974
9765,12266,11789,11857,12250
8896,7404,6319,8753,8083,8598,6328
5830,8330,8075,10099,5495
9476,10247,818,12054,1499
3923,2772,820,2170,6046
2658,1219,966,843,3887,2353
2305,2884,1898,3473,2835
10050,10984,8910,9176,9497,11743
7425,10082,9067,844,1813
5348,11116,6476,1782,861
12739,10345,7021,10511,6520
12353,10530,11588,12488,9292
862,1794,4629,1134,6636,7838,5503
4436,4789,4951,887,2701,2735
10596,9638,12551,9832,9361,12284,10941
11456,900,9349,2056,3755,10255,10388
8640,973,8782,6354,7898,988,6589
5027,7492,7883,7885,2450,5975
2400,4276,1031,4875,8940,5518
1091,3254,1064,3113,1066,1516
4423,3271,1711,3251,2393,1084,3709,3839
12077,1110,11414,9752,3993,10844,11455
6500,12036,5765,10183,10474,9708
6976,5941,8631,5256,1113,10328
11645,7418,4500,1146,1243,9981
7104,8195,1224,2457,2221
3264,2913,1617,3640,1289,3725
1313,5522,2696,3849,1562
12384,3137,7586,10420,1364,12150,4265
6529,9506,5193,5482,1497,1370
4164,6990,3918,5493,6233,8349,8351
3521,9058,6436,3175,1386,9013,8182
5077,1416,3691,4427,4072
9006,4687,10226,1843,5078,5405
5442,2310,8391,7740,3901
1446,4010,3247,3221,4278
5536,11457,5410,1483,9620,10837,10678,9335
1507,5064,1772,6669,3124,6010,3931,4188,9855
9032,7372,3662,9172,3391
10199,1496,4251,4220,3803
9127,3883,5709,1742,4028
1575,5385,3788,2490,2143
4005,3590,2252,2962,3326
4194,3012,4022,2428,5822
2636,3000,1914,3996,1855
3970,3655,1644,3987,4120
6276,3750,6157,3055,3951,2385,1659,9852
2338,3589,1686,2455,2507,1879
2161,1714,2131,1799,1687,2077
7664,1857,5990,1722,2126
11046,12071,8971,1775,10607,7121,11223,11193,10300
2369,1793,2149,1863,2041,2300
1795,4146,3382,3834,3036
3242,2773,6166,2938,3195
12554,11022,12207,12208,12209,11705
12417,11234,12335,10554,10943
12685,11888,9969,11958,4156
12013,10382,7186,9143,11130
3878,10985,5167,4024,3773
12322,12265,12593,11221,7317
11460,12717,1809,12819,11967
12389,12490,12494,10932,11353
11073,11587,12099,8550,10463
11713,11683,12459,11510,10908
12416,11911,9353,11881,12157
8769,8065,8997,8566,7098
7842,10788,5642,10027,6876
1824,5756,3091,5623,2700,3405
7103,6987,11407,10962,11826,1845,11673,9215
1905,6116,8166,10475,10427,4717
2204,1912,3147,2748,2060
1915,11333,12039,12629,9270,8571,8542
11008,2862,8655,12302,11380,11543,12408
1922,4484,6757,6535,8211,9467,9726,10687
4002,2723,3306,2481,1943,3255,3838
2976,3239,4107,3514,3357
3585,2920,2381,2483,2355
12449,12422,12263,4360,1968,7987,11997,5054
8262,9648,8912,7993,9820
8450,12803,11594,12270,12372
9763,10915,12515,12712,9168
12481,12467,8692,12597,11895
1969,9813,9559,10043,8733
3340,6773,7194,12476,12062
7264,5539,10083,9615,2480,7282
2025,9706,7024,10738,9586,11901
4097,7621,11077,8199,10930,12633
2144,11954,10539,9964,2669
3236,4584,2797,5553,3955,4761,2172,3933
11249,12195,4358,9495,2248,11052
11811,8613,11562,11666,3541,8729
10209,10413,11952,2293,11576
3212,2897,6584,2299,2718
9543,4590,4015,4979,7518
3584,6272,10342,8916,4469
11619,9461,8679,6059,2335
2401,3171,3112,3181,3280,2611,2904,3167
8993,2407,7669,3483,4862,5087
3208,5003,4044,2741,2975
10689,11173,2503,9289,2478
7908,2501,8842,8788,3287,8890,8442
11554,6120,3308,7441,6835,6999
5378,5102,6545,9975,7133,6943
4326,5387,9207,8924,5343
7649,2851,5932,8752,4575
3471,5338,6427,6749,5883
7779,3047,5389,8187,5116
7302,5258,6060,5965,6303
4844,4910,7319,8088,4542
6599,4180,8693,6230,3671
7841,6913,3693,6776,3547
8480,3045,2668,6222,2520
6434,3714,9062,11975,9194,6586,11100
10535,10953,11828,7932,6783
8674,11459,2532,10481,4818
3712,2586,10872,10473,2698,8491,8895
3136,3747,2645,3319,3516
11112,2664,9771,12083,9877,12538
4773,12138,10091,10482,10271
5056,10692,12294,4373,11033
8552,11465,10603,4941,9678,10812
2688,10944,9512,7880,3824,10811
10982,10377,7660,6290,5015,11035
8353,9222,10922,12654,9936,5144
6051,3684,4102,4935,2717
11655,9521,12241,3892,2727,11321,11981
4865,8161,2734,4051,7700,5781,8019,5593,6747
2736,4883,4083,5513,3949
8421,12103,3436,12620,6109
4608,7364,11210,5270,11639
9738,12110,10958,2800,9428
6534,7976,9005,9940,12024
2857,3565,6256,9840,3346,5749,3318,5401
7972,5198,8882,6738,7029,5654,3677
5542,5640,4525,3376,8633,4699,2911
7296,11109,10954,10858,9231,3024,4626,3093,6198
11424,5091,11076,10000,10801,11164,3039
12160,5540,5222,6170,6398
11808,11304,3123,7190,12765
12421,9487,9719,6265,12286
10176,4801,12171,10669,12155,10142
11334,11627,3062,12183,10169
3072,7028,3717,4646,5525,5695
8386,4006,11120,9330,3090,10132,10520
11048,6953,11897,9950,10527
12009,6672,9072,11607,12347
9218,3114,12473,10491,11388,8735
7875,3304,11848,10833,10005,12251
4955,4821,4184,4906,3131,3855
8293,6377,7849,9417,3982,3151,6104,4635,10206
7498,6098,12307,3605,10845
7361,3334,7879,3210,10509
8834,4899,7587,11053,12174,9775,10992,3283,10807
9938,8466,9081,12571,3292
4450,4900,3815,4586,3343,3953,3667,3768,3770
5664,5586,3508,4709,3350
11809,11977,3828,12120,11993,11867
12165,10505,11979,3373,12182
10754,8970,10543,10703,10230
8581,12649,9097,8240,8444,4095
4771,11983,5497,4891,5278
11555,10023,11539,6644,9941
12331,4559,11000,12060,3455
4576,5217,8329,4298,8625,10643,9652,6972
10244,5291,3535,6800,8213
3463,10248,11862,9977,5820
9477,9770,7219,12243,10012
6464,9572,10216,3481,11402,9883,9469
8035,9284,9445,7655,5646,10546,3507,6743,8286
3593,6219,4380,8109,4493
3708,6562,6299,7015,6955,3596
4704,5569,4928,5219,3665,5624,5065
5648,6084,4198,6519,7016,6601,3707
10386,9829,10261,10776,3721,11214
9788,9991,10408,8651,9709,10127,3804,11134
6755,4905,6124,9196,8338,8984,5372,9086
7914,7818,6347,7468,3990
3905,7432,3821,6770,4636
6247,6447,6288,5712,7935
5184,4842,4748,3983,9460
7077,6925,5521,4283,9183
9291,5715,4630,8761,6075
4294,5257,5080,7806,8479
3875,4300,7469,3891,4887,4697
6307,3977,5682,8596,7034
5799,4654,9399,8825,9052
6658,9485,5071,8889,8985
7175,5844,9146,8156,5725
3984,7924,3991,4666,4255
7872,5323,7340,7501,4375
4998,9359,6032,8503,7067
8736,5537,5825,3992,4297
10374,4008,12170,7788,7888,11472,4856,10366,5631
4274,4082,7191,8010,4940,7214,8447
5186,10564,5317,4101,9931,10412,12921,12541
9024,7239,8041,4110,5679,10094,9009,7359
4422,6728,7823,7535,6353,6967
5344,7169,5549,5231,7251,4127
4292,5545,5298,4980,6486,8827
5156,4903,4649,4138,4943
6947,4753,7605,6391,8344
5764,6502,6086,5621,7739
10112,7983,8815,6130,7283
6158,8944,8465,5169,8185
4805,5554,10739,4308,7860
5988,4238,8852,4149,8375
6561,8417,4209,7353,6779
6624,5514,8723,6388,6452
6330,8073,5201,6161,4245,7094,6583,9402,4539
6468,5510,6311,5335,4267
11569,11839,8099,9513,10799,4287
8164,12005,11016,10249,10061,9810,11989,6875,7644
12032,12227,10246,5576,8798
12324,11070,11963,11710,11807
10210,8165,4904,9965,9389
4352,11312,10933,10553,11834
6704,9407,4387,4597,5356,9199
4488,5705,11502,12015,12692,9911,11513
9283,11909,11782,10215,12615,12141
7747,7013,4518,6568,5610,7981,5877,7962
10145,4550,7918,8722,9076,12443,4924,8862
11266,8072,8841,11688,11913,4684,12116,4604,10429
8544,6112,9320,5422,7408,8337,5809,6162,7356
4644,6597,7398,6027,9908
5224,6986,8877,6906,7581
5605,7911,5451,5622,7320
8704,8320,6129,6678,4857
6882,6302,4759,7066,5739,4750
7808,10722,10763,7313,8636
8290,7910,8796,7708,5534
8299,7117,9329,8501,6650
7248,4820,9818,8218,8668
8709,10354,9268,9494,9784
7969,10214,5866,5867,6317
5313,6376,5577,5098,6516,9755,7582
8040,9000,5021,6077,4824,6461
5505,5025,8163,7975,6193,8370
9585,8532,11348,4870,8379,11663
9687,5887,4876,8775,10074,8204,9071
9120,7971,6569,5869,6995,4884,8700
5504,8772,8425,5933,5264,5559,6847
9761,10346,4912,11313,12698
10791,7116,5843,11483,7166
6043,5424,5938,8500,5627,7550
5250,9418,8175,8591,4988,6366
5248,5507,8967,10257,5532,6399
12163,11556,8676,9926,10993,5110,5211
11174,8038,5929,11442,8307,7925
9541,9095,5963,9356,11346,11609
5152,10497,10594,12769,12644,11693,12375,12282,12061
12512,12775,8904,9927,5194,10200,8541
9665,7395,11524,8617,11786,11851
7625,7084,10285,7483,6585,5243
5409,8360,6345,6446,9367,8477
8866,5288,5456,7536,7226,6331
8545,8816,6359,5880,5307
5357,6576,8657,7161,8891
8387,8009,7658,10319,10490
6048,6818,7321,5481,6175
6592,7461,7148,5487,8304,6645,7992,8122,6267
8420,5900,5620,7764,7967
5735,7470,9650,8822,6456
9536,7235,11796,10996,5647
10017,10611,5671,9672,11357,10014
12740,12229,8805,9831,11657,5677,6259,10835,11479
6496,6691,9510,9319,7662,7325
10148,7878,7290,7452,7645,5886
6277,6342,7529,5842,6195,8893
6722,5847,6200,9033,8346
7552,5955,7527,12238,12500,11769,11002
12425,12172,9935,10066,8306,11578
10232,5961,10217,7053,9279
7329,7380,7349,8921,6859,5982
10917,9206,10407,6072,9772,10239
6367,8071,7560,9003,7896
6450,9511,7705,8828,8511
10979,12484,10403,10119,6518,11099,10524,8413
9861,6924,10032,8731,7327
8800,7677,6608,7063,9181
9154,8611,8615,8152,7466,8267,6655
8069,9225,6697,9212,8141,8535,6936,8284
7360,8801,7682,7619,6819,6840,6975
12354,9061,6981,12793,11835,10092
10048,9634,11240,6985,11948,7921,9653,11261
7040,9316,11945,11533,10225,9980
9440,11202,7385,9724,12670
11600,11122,12088,9275,7165,11391
10152,12463,11568,10224,9244
10441,11850,11659,10264,8988
9920,10569,11179,7948,7342,9939
7939,8233,11925,8120,10110
7696,7702,7531,8604,10477
11919,7568,12146,12276,12378,10138
12168,9546,9326,7825,9529
12579,10115,7606,10348,10045
7728,10593,10980,12053,9959,10840
12514,12327,12587,11545,11229,12799
7778,10728,12118,10007,12732
11153,8303,7927,10203,10159
11526,10633,12306,10515,11123,9205,11158,8090
9702,8807,10472,9129,9295,10864
9825,10410,10028,8271,9430
10755,9867,10508,9134,10830
9091,8586,10060,10130,9363,8534
8875,9493,9621,9880,8507,10047
9059,8556,8365,9263,9712,9140
9281,9913,10101,10037,10073,10106
8435,10436,10789,9175,9675
8864,11360,9433,10421,9814,9174,9961
11369,11089,10194,10483,9012,11126,10838,10808,10042
9200,12273,9060,11111,12185,12234
11074,10211,10340,11042,9707,10062,10351,10651,10079
12194,10724,9928,10451,10011
11137,10945,11396,12680,12349
12452,10089,11114,10861,9914
10496,11820,12338,12403,10677
11283,11028,10102,12438,10920,12330
10384,11777,10435,11915,11005,12078
10576,11859,11332,11605,10598,10445
11151,11345,10449,11092,10901,11007
10849,11370,10991,10774,11163,11324
10949,11119,11251,10484,11254,10614
10978,12405,10822,11031,12665,11322,11115
11107,10899,11141,11480,10923,11437
12066,11204,11845,11340,11955,12021,12056,11771
11728,11611,11446,11929,11739,11390,11903
11843,11717,11847,11785,11949,11854
11411,11972,11702,12440,12426,11420
11617,12067,11926,11914,11423
11601,12228,11461,12710,12198
12320,11490,12211,12362,12300
11747,12591,12752,12913,12562,12822,12382
12386,12517,12870,12934,12935,11595,12815
11732,11957,12028,12109,12766
12741,12233,12299,12237,12111,12255,12159
12196,12006,12070,12714,12795,12605
11969,12201,12397,12145,12599,12603
12496,12611,12325,12533,12730,12619
