1960,5371,7217,5108,8985,699
453,1355,1428,1077,2679
934,4563,1140,5045,1683
1401,4654,1497,4795,7167
3910,6345,1843,3382,4127
930,7204,4903,7191,7319
510,7710,2603,8093,9310
1326,1199,1332,6389,1051
8615,1387,1419,4952,1212
4961,1954,1443,1574,9127
1731,902,1198,5814,1531
5184,8806,5264,915,3387
5696,5098,2059,9367,2168
6307,1897,5586,6162,1501
7,1262,7470,10262,2267
3905,5071,3474,6456,9855
4704,7084,4525,4334,6129
647,2663,7975,5232,6678
4613,12,2235,7436,7707
3145,4970,2166,4889,29
6219,3517,2838
2577,2829
4058,3730,3366
2558,1582
9710,7504,627,8341,1404
1376,1778,6784
9987,10461
4707,8297,10864,7542,9017
7691,3244,7057,5202,9273
2615,4117,9774,7127
11824,991,22,5567
8672,9364,1238,2105,9438
10680,8610,9404
24,1880
8132,7941,43,2992,10168
7904,6178,7458,452,6438,6223,2799,4663,4474
3076,2186,3895,7571,5847
5256,7408,6610,4114,8477
8800,6582,7384,4505,27
7776,2851,3269,5510,6286
1395,3933,9470
5599,8551
2895,6233,10107,8349,7615
5105,7409,7639
8492,2189
8356,11376,6228,1877,3128
5577,7373,401,10105,5562
4962,6916,7877,4650,9564
5809,3177,3918
804,3879
6112,3041,10821,6825,4276
11019,10223,3445,2870,12471
968,9781,3256,2015,10015
9858,6028,2869,5079,5434
4064,8804,9002,10220,9298
9890,7035,7375
2921,71
4201,7082,9228,8397,1210
1185,4805,10569,4463,9816
6130,7996,2343
10513,6911
6915,8044,7087,3923,8603
8896,8106,8083,9114,9278
7105,9638,9649,7222,10941
1666,2320,8180,2388,2710
2528,4452,6762,6347,7512
9248,8740,4999,3769,5246
5190,6548,9947,10557,10207
7810,5069,4973,851,11448
8514,6248,5800,9301,5182
5185,4678,10507,9419,12089
897,2985,7613,10653,6591
5539,9546,11537,12146,12378
12168,7568,2480,9529,10138
7264,9326,11919,7825,7282
11077,9615,9586,12276,11901
7621,8199,2025,9706,10738
4097,10083,7024,10930,12633
2374,2961,3061,1302,922,3453,5983
1921,2438,719,367,758
675,391,2120,6669,882
9032,722,4308,1430,31
11404,2540,1356,4208,7954
2435,11700,1653,7093,5754
2201,4154,1390
9725,6103
1667,3789,2798,2258,5626
11840,10690,2434,4166,9851
752,467,8472,10523,6079
10369,8107,7278,2654,11199
1028,3499,3116,1549,909,3055,4434,4378,3007
872,850,9276,8637,351
1408,7297,2853,2859,1559
6789,4136,2545,891,8732
7369,5613,6494
3050,10637
3051,9036,11419,5662,4991
2539,434,505,8539,8893
11200,6445,5581,2425,2554
9632,12426,76,11411,12440
8582,6087,11702,5658,11420
5959,6234,11547,9180,10270
4888,1307,5796
2174,2550
3010,3494,10311,3797,7517
1858,2179,2566,9590,3035
4880,7228,7509
4896,12508
11364,5863,9448,6681,8572
9473,7079,7053,11387,3423
1825,227,7238,2731,1951
10658,8042,9266,8054,6719
12098,1730,7368,10001,9463
11927,6444,10290,4437,10295
2472,11933,10631
12666,3701
6816,8900,11536,10871,10877
9383,42,5199,8530,10362
9862,8967,340,245,4662
298,11155,8342
6176,7922
11746,11335,6889,9654,2588
484,9796,11408,11964,3615
3322,635,12007
1528,5394
11747,2503,12752,5269,6039
12517,12934,2478,12562,7065
12382,12913,12822
9289,12591
10689,11298,12935,8650,10125
11173,12870,11595,12815,3478
5066,12386,5644
9802,990
3310,8666,1305,11194,10652
11372,9358,5200,3697,6396
8975,12534,4216,11451,7711
12320,2021,2183,6512,6451
10417,12485,10389
8361,11045
10916,4200,12362,12211,7765
12480,7559,8489,12177,10742
6632,6668,2517,7130,3358
3816,1869,9876,11095,10173
12710,5612,8207,11601,11153
11464,8303,10159,3125,10203
8066,9988,10854,12045,12470
10758,2599,11242,9973,9050
8963,5029,10671,11761,2587
12399,6257,4248,5465,2815
6338,9538,10672,1681,7216
11972,11496,6030,8763,8159
9606,9138,11347,12570,11036
10699,10673,11890,10550,2233
2764,9073,1847,10616,12153
11737,10227,12543
1136,12327
10882,8721,11062,11416,11545
12587,11503,12208,11795,6012
12554,12207,12335,11705,10554
11234,12685,7186,11130,10943
12013,11888,9969,9143,4156
4024,11958,10382
12417,5167
11713,12322,10985,10908,3773
12265,12717,12819,12157,11967
8550,11911,11881,1809,11510
12416,11683,11460,9353,12490
11073,11587,12389,10932,7317
12459,12593,12209,11353,10463
8065,12099,3878,12494,6876
7842,8997,11022,11221,7098
8769,10788,5642,10027,8566
3043,6058,2413,8799,9498,4223
1645,3534,4783,48,594
4132,10566,10121,7915,879
10292,7100,8350
1114,4829
3527,4327,1679,6419,4693
4262,4167,3433,3383,10745
1761,8073,7596,9807,5235
9921,5384,4457,4853,6997
7940,9964,1200,8855,6907
8488,3240,302,9968,7799
8201,6221,10256,9651,7196
3392,3753,402,4788,9943
6856,11500,11378,8437,10911
11425,6731,588,2935,1050
11616,9421,3506,6810,8506
5412,7205,9224,7894,11736
6727,6858,2251,1130,8793
7626,8939,8557,4206,1103
4160,6978,9932,4558,2718
2625,837,4079,720,2357
6065,3059,9849,188,3069
1250,7887,11034,8219,5052
2564,5157,4047,8082,10620
2594,12044,2998,9978,1213
7171,1124,743,5897,5693
7110,1169,5815,6872,1335
8390,9608,2665,5628,8701
5280,9380,8645,8999,1342
5775,10895,10321,531,7386
898,11459,8459,10352,3602
7683,3303,8839,3610,3323
10438,11117,1202,4946,1429
9155,8263,12108,957,12095
4573,9826,2178,10717,7678
7017,6036,12613
8096,5129
3108,8998,5225,7694,7448
3587,9575,7240,1040,5689
11970,6602,12010,9583,9791
5578,5358,10743,9150,6815
9920,7939,7530,3091,10587
9916,6821,9436,11541,5756
9377,6922,7759,8913,11260
12780,3636,9818,11957,6650
10851,3881,12109,7117,7932
12225,7686,11273,1046,3484
12401,10329,11098,7421,10846
2316,6014,8247
3193,4354
10338,9197,5519,7184,575
328,7537,12435,12185,11580
7716,8716,2647,11480,11867
2634,2988,10575,6684,10559
9412,10410,10508,8853,11640
2754,9636,518,9545,9129
9569,3355,10756
10322,9982
11845,7270,4524,9709,8242
12066,11204,10408,8651,11134
10127,3857,12056,11771,9788
11340,12624,9393,9844,920
6360,8708,9071
11754,9687
6851,10289,8276,7096,3199
11329,4876,10651,11484,9309
2372,8775,12021,10715,1183
8423,9991,4623,11064,6553
8832,7020,10318,10351,4700
1222,6252,8204,4400,5426
11818,5676,7407,3056,11293
5811,11733,7832,10074,5887
4705,10211,10279,8910,10813
9924,9480,3080,8921,10749
8523,5838,7349,5982,3679
7329,9132,7380,9373,11647
5700,4967,10447,11358,9823
7370,7755,330,9426,12242
11337,7499,11182,7760,7447
12709,8614,9707,10353,10079
11074,11042,12356,8683,8725
11010,4836,7207,12457,211
11622,8265,8623,10771,8829
5538,5861,10134,5719,1694
9865,9903,7730,10171,11935
10920,6958,4110,9009,11230
2246,1384,8041,10992,10581
9669,7774,4402,180,10462
7361,3334,7879,9457,12307
9634,139,9653,11261,5406
10048,11240,11948,5618,12343
9539,1351,10103,12667,10204
5858,11458,1348,4105,12493
8966,5388,11988,3579,5407
8451,10986,1393,11799,7768
9927,1033,9877,12055,10459
10309,7561,11917,8111,639
10372,11237,10536,9455,11511
10094,11406,5679,12438,10905
6985,9866,6859,10102,11158
9024,7239,7655,11028,7359
8834,11052,3283,6743,8286
4899,12330,11053,9775,9910
7587,11717,12174,10807,10264
74,12299,12237,8365,10224
8358,5515,5558,12605,10047
8035,11785,10764,8534,10712
9284,9445,974,3507,4535
9880,8537,5966
9913,12111
9091,9160,12397,11568,7865
11345,5972,9275,11324,11390
11969,10774,10040,10106,12795
12714,10995,9140,599,11903
7208,5259,7437,3823,10299
12512,5194,11342,11219,10875
10692,11112,12138,9771,10271
5056,11600,9363,12603,8252
12070,5646,6704,241,8057
10091,8043,11151,7921,10614
12741,7311,9493,10037,9621
8164,12005,8165,11016,6875
7698,11955,3063,10364,6206
12083,6973,10991
6475,11847
10849,10060,4046,9427,12255
8556,11119,9712,11122,888
10531,7046,6902,11929,2844
7395,11854,6897,11446,11163
3210,7498,10509,3605,10845
9059,6403,1744,11092,8118
10949,6792,8904,10166,8988
3464,7884,2288,10546,7807
12201,11370,11373,10449,11007
10373,10901,10073,508,7165
11940,10246,10249,9389,4472
7556,12233,11949,11033,11391
12032,10210,12324,9965,7644
4773,10441,8586,10101,408
10130,11989,11254
11251,7876
2761,8875,3817
9961,5534
9847,5576,12599,10553,8507
12196,5039,12145,2803,11611
12227,4904,10061,11070,8798
9281,12006,5161,9263,9244
2532,11728,4019,10164,10484
5380,10436,10789,9675,9175
11427,11557,12178,6291,8435
11524,11786,11851,10200,8541
11330,11563,12309,5334,12281
11813,10219,6131,4187,11998
2945,12612,8120,12762,4959
9665,12775,8617,12312,6750
12294,2664,10482,4373,12538
8928,10572,12316,2871,3804
11360,833,12806,11283,9951
9162,2734,12784,11802,9949
11297,12546,5154,12398,11739
11522,12325,11443,8501,12063
12813,9645,9101,12406,4987
11841,4774,11699,10683,11679
10179,5350,12235,2923,12830
4352,11312,9810,11834,11963
12458,8299,7003,8796,12766
12390,10887,6959,11218,11544
12200,12176,8978,12371,6965
10113,12193,11047,10216,3481
11843,11760,11121,9776,10768
11992,3746,9134
10477,12287
11140,2119,11400,10830,9113
9415,2061,12402,12057,6653
1060,12723,9718,12214,11097
3907,9037,3519
9739,9895
12195,4358,2248,11249,9495
9352,1901,4244,5781,12604
5672,8905,5899,11671,9497
11437,6542,10933,11710,11807
992,10022,11435,9329,12092
9857,11716,10157,10002,3956
10755,10662,5036,4207,12159
6464,9572,11402,9883,9469
10152,11850,11659,12463,12088
12640,9735,12735,10892,11359
12004,12772,10889,7569,12052
6435,12774,6794,12567,12573
12135,12498,11481,11514,12507
10976,11654,9578,11629,7551
12677,12518,10827,11725,11772
10632,12522,9804,9677,11965
12537,12114,12699
12802,11558
12547,9576,7762,11291,12542
473,10710,10759
12744,12746
7457,8485,12583,10031,11311
6864,2498,4204
1104,3756,9727
3840,2261,3262
644,2026,5068,440,2941
1927,6828,2224,5138,631
4137,10226,9780,1718,3581
3845,7401,75,5615,753
3200,7693,7890,3067,8764
5761,3249,3380
7597,7614
8138,6609,3794,11123,8347
1633,2700,432,8373,8090
9923,6920,9801,10642,6324
4353,5381,3564,4941,9019
5386,5611,9773,2350,10591
6373,7946,8749
1789,2630
9954,10502,1128,9644,4341
11756,653,12084,9370,9756
9102,11343,8560,7893,2453
10883,9398,10967,10840,9854
4856,11915,10181
10435,9959
10593,12078,7728,12053,11005
11777,10980,12170,7888,10366
11472,7788,5631
4008,10374
3234,8355,2218,5241,3551
3904,7392,3442
4825,3980
7897,2987,3166
2184,4337
3776,3691,1657,2171,7068
7968,1700,8780,4473,3418
6401,4931,3912,8222,5503
5027,4399,16,2165,6555
8231,7308,4307,2934,7416
7847,7250,3802,4444,831
6400,3906,1292,7733,88
7584,4072,4746,3798,3263
8419,9542,4914,1011,8632
9549,4878,84,5718,4670
2749,7230,1498,5885,2878
3201,6242,4868,4698,7838
160,625,5430,10202,10237
2464,3555,5175,7610,2493
9701,1911,2513,11319,9214
5924,6921,8076,1454,1852
2146,1925,8244,8249,5980
11651,8398,4272,4347,9085
8271,1521,1814,4121,8636
4645,329,8529,1714,8540,7485
645,877,7056,1554,342
3584,1932,2797,820,6495
7813,6280,6826,4380,2236
6564,11025,8439,7964,8031
4616,5293,3566,1806,4828
2758,5099,3695,7091,827
261,8332,6830,1270,9471
10228,86,6811,9277,8191
10498,9640,5834,240,9685
3744,6725,8230,3438,10645
10024,8011,2989,9332,4377
1537,8625,2421,8216,6972
8329,4298,10643
4576,9652
9977,5291,10244
6800,8213
5217,9477,3463,3535,5820
9770,7219,12243,11862,10012
7181,2451,6004,7253,5916,1055
5024,3751,6225,1978,5180
3714,8867,325,9425,5848
9699,10453,5592,4603,94
711,7248,9330,11477,8792
4006,11048,3090,10520,10527
11120,10132,11607
6672,9072
12009,6953,11897,12347,9950
612,3849,4682,1720,3025,5522,5016,1245
817,6620,4319
73,7899
1354,1485,3663,1495,3641
6147,2756,4633,5973,1369
7713,1187,6645,6998,1787
3982,7150,7732,3836,6110
9506,5355,4877,1710,498
7396,6085,1800,1129,5075
5638,744,4364,8142,3954
97,4740,141,10193,4955
4572,2607,6388,3675,12284
10596,5767,9832,4374,6333
10533,3657,970,939,885,5690
113,8372,2669,9249
11528,9242,11096,9094
6305,5986,3942,941,6734,8627,119,3738,2589
11113,5417,2929,2066,7869
7938,9956,4115,8565,1145
6275,12115,6676,8726,9918
1969,9813,9559,10043,8733
12476,6773,12062
7194,3340
5188,2279,231,5711,4305,6802,6260
7201,8193,121,11774,12191
5859,8006,3848,7054,11676
7648,4806,12240,6292,2782
1282,8786,2580,9723,763,5310,8767
9824,5925,10250,7279,1431
7607,3427,10478,9905,9111
134,7794,2547,10938,1532
7203,4782,1399,5593,1085
2339,3780,11188,2649,8958
3237,8874,6125,5882,11327
11236,472,978,11864,10141
5570,7394,1955,4696,4365,8719,5656
7393,451,7013,4393,1273
8736,2537,5104,6420,3992
4416,1064,4587,4588,8703
194,369,8370,117,1179
9697,671,3767,6584,3167
7560,336,6452,1334,187
7843,2052,2939,4188,6367
6436,10342,2068,8535,4184
961,9543,784,8465,4083
4675,3779,7506,10324,252
9058,5764,3212,4302,5624
357,3046,4584,8685,4015
6497,2219,2836,6100,11383
9819,9013,6806
8916,9039
8996,1740,6990,4469,316
3175,9064,9639,8493,8351
2285,5777,6930,7283,8375
4065,5025,4431,9396,4575
2020,461,4022,4957,1215
5122,4164,5520,1464,6267
8071,1386,4590,7739,7227
11040,6052,2057,3148,9400
8675,10116,5958,9357,2257
7400,630,151,1403,2238
11144,3341,5136,3216,4597
611,8229,3122,9341,7518
738,12456,4979,11796,4692
2567,7948,7700,7959,2366
7313,10966,11959,8697,12125
135,10444,7505,7410,2268
11584,11432,11246,12079,11102
1352,7912,5493,7164,2462
12754,1885,7815
11610,10823
1507,5772,7539,8860,11103
2404,11817,10030,2617,9629
4360,10483,9012,2329,10042
12727,11089,11669,11126,10838
11369,1968,10194,10808,5054
12449,8262,12263,7987,11997
12803,12270,8912,7993,9820
11594,9648,12467,8692,11895
8450,9763,12515,12372,12597
12481,10915,12422,12712,9168
37,206,5106,9556,9748,12793
145,8235,10092,10814
12354,11835,6981,9061
2689,2466
1562,5294
1493,2414
8424,1417,9296,1457,5494
1445,1547,5716,5946,7995
1188,2543,10515,147,8317
9057,6090,4460,6871,8605
9793,999,3179,9901,10681
9505,327,8136,12305,11006
4938,12365,7000,5017,7839
162,869,5797,7859,5020,3934
163,2694,3282,1619,2743,2557
4417,4872,5296,2742,3101,1886
1632,2760,9777,8884,3031,7513
6336,2272,4325,8687,1247
8864,6752,9666,173,9230
10855,5584,4818,244,855
3490,409,10286,2585,3290,2590
9984,1378,4781,2003,10325
2661,2032,182,5881,2907
2124,9453,7503,8923,2110
4225,6694,2984,5076,7258
5152,10529,9336,1850,6812
9536,1935,4051,10197,12061
450,1027,2533,146,5239,191
3104,291,5475,4677,4071
1931,396,1680,403,11382
5120,12106,3388,9047
8233,7342,8753,1937,7795
11880,10763,11179,12528,6903
12483,10923,12308,12023,8601
12039,12745,651,8974,12629
9728,10948,6245,5575,10896
11787,9387,3096,6458,1564
10145,10691,10284,8722,3291
12713,7918,12761,12443,8862
1504,642,965,911,659
11745,4550,6664,9076,4924
8738,3117,11833,7611,1913
9601,208,10709,9240,11770
12464,9720,11709
10753,12451
8739,9812,3354,7293,12446
11750,12167,7430,10251,10584
12738,8802,2553,729,859
6908,12726,9783
11473,11877
8992,5035,5453,6425,5596
8064,6344,7215,7280,6136
7687,584,7662,6069,8061
5561,6909,6887
5603,7351
3938,8134,2160,213,5782
11852,6741,8854,9658,6747
482,233,5993,6702,8314,6268,381
8416,912,10033,6262,4124
4842,12908,236,8047,1306
2505,5115,6390
5732,4306,6236
5632,6113,419,5831,5140
5318,237,6575,9598,10975
7403,10384,10258,10675,10391
1889,4100,2213,3110,3950,11279,2967,1916,3487
1448,9226,3696,9491,10612
2598,3306,1914,2077,798
68,2378,4050,6258,6099
3410,8500,238
5817,1591
1992,3865,4694
2376,3088,932
3722,8684,4593,2898,2431
6939,9717,7726
9787,7299
5698,5833,10381,6805,10008
8400,881,9397,3032,4025
5798,6854,10926,4852,5976
3814,1100,310,281,7771
2314,7152,3026,11314,856
2436,2511,246,6905,10110
8714,4811,1587,8925,2879
901,3916,7636,8567,285
11363,8520,1612,10578,10388
9219,8079,10577,10137,5051
2908,8202,10510,7247,7804
11104,389,10952,7699,4730
4800,12105,8426,12756,11767
11688,4684,8072
4604,12116
11913,10429,8742
8841,11266
6600,6651,5670
7689,6132,4510
458,2395,5261
8452,6540,1134,4847,560
4383,4277,4150,4599,5343
1360,4529,2324,3102,5087
4281,5396,2876
9128,5449
6595,2950,6182,5435,1086
1208,7754,2278
4921,523
5266,4091,247
10899,11461
5728,7585,2441,8147,3994
2914,7195,4932,1743
3552,7042,676,1508,3699
4713,3631,8564,5819,1791
7074,4838,1416,1101,2232
480,3298,5818,6557,9695
3492,4812,2578,9660,1438
3241,6163,10156
2706,3331
1610,9323,4462,1650,3475
300,5238,7174
413,6470
4557,1109,4598,4310,5276
5668,475,1402,4123,7391
9827,483,1894,4055,1278
248,1405,287
9070,966
6048,9379,6448,9302,4861
9122,551,2156,658,4316
2382,4592,2484,1725,3646
1412,4909,5229,5210,2107
3843,2787,3915,9465,8795
3968,318,548,2397,7070
132,3470,3342,7225,4827
1409,772,5288,6253,4629
1704,8409,2639
10178,7486
10848,4231,8776,3309,1234
5057,4130,3595,6829,4729
2692,6250,7631,3571,6076
3361,4739,4873,6636,3866
12611,7592,9994,5714,10996
7786,3957,12182
8019,10028
200,9001,6571,186,1435
6900,6532
5268,8269
7974,1388,1230,976,668
2297,7044,7999
7800,5730
7304,6633,8239,3126,7928
8932,7951,11698,5209,254
8167,9833,10965,10232,3422
3553,506,1732,10263
6885,6426,8417,3213
8289,6726,8745,5967,634
4544,944,5332,3930,1980
256,9446,4042,10458,3164
1026,8396,5100,4911,4989
3267,9768,5556,1081,12059
12355,8037,2728,7177,12533
9761,10346,4912,11313,7166
10791,7116,5843,12698,11483
258,1322,618,332,5778
1267,6853,7750
1584,4642
4766,1837,6430,6151
7090,5874,6142,7583
7459,7950
1660,5653
3728,6473,259,982
1281,7213,3302,9279
7169,8611,4835,1221,10349,8885,6838
648,6568,5032,7115,4235
7397,9894,5511,11827,12600
5610,558,9359,754,8791
5829,8115,407,9912,7870
7399,6892,946,5717,6775
4887,11540,12405,10518,10006
9409,12126,9746,3864,766
2437,11288,12282,9372,9182
9607,8563,7988,5081,6365
4552,9837,8654,11222,1630
6599,5932,6166,5143,10937
6083,10917,10583
6072,10407
296,4300,9772,12149,7356
7332,10802,9206,11032,10239
12304,12041,10766
12809,11431
10440,12203,12499,12283,7389
11136,10819,7752,6938,10972
9203,12244,11308
11250,6699
12385,12527,6384,6202,10556
12407,12033,12492,12663,2653
2784,9088,9282,4228,3822,8440
8384,2245,7790,11129,3807
7009,9635,9003,8944,7934
312,4155,5744
8456,8898
322,4067,1478,2696,3509,3094
3717,82,661,2037,503
2592,1421,7089,5490,3837
3658,5969,4242,11892,569
3680,9946,6143
1505,12165
1316,7153,12310,5786,7900
6026,6127,600,6713,6139
6993,2386,3835
9547,5390
4192,11168,6984,1622,476
6278,326,7347,3732,8343
9104,6064,9458,9395,8880
7558,10953,6707,6963,7606
10792,6578,829
3588,8758
3557,10633,11115,10038,10970
8161,2925,7473,9174,8184
8386,8418,10214,5512,11693
3681,8709,5866,6317,10354
7808,9784,9187
7969,5867
11299,5220,2185,7857,436
12012,4142,9842,10296,6783
520,10735,11132,10909,4382
11907,8431,10128,5853,1983
7428,7496,9897,3313,4658
11232,9729,9142,3898,11581
8678,10504,9747,10294,10487
10724,12650,5648,4625,10548
10625,10945,9928,9714,12338
10451,11820,8223
10089,9255
12452,11396,4198,8879,8688
10496,7016,6601,9553,10677
11137,578,9892,11114,12349
10861,8112,8915,12403,10011
6084,8646,9914,3707,8476
12194,12680,7756,8785,6519
12069,11788,1939,4023,11519
10432,9889,9062,11916,12790
3874,9736,11918,7863,12671
12832,3157,9786,6814,9759
11105,12482,10405,9713,10618
9762,12771,9271,11063,4953
11393,8836,11494,11125,4790
3682,4710,11463,11871,8831
12770,11044,7595,3189,10839
5710,1678,10831,2971,5053
2657,2465,4514,4362,1240
8734,3632,9202,10198,9086
6279,3335,5516,334,10902
5635,9511,1067,2030,3829
2688,10944,8552,10603,9678
9512,7880,2423,10811,4798
7660,3824,6290,5015,10812
10982,9222,10922,12654,11035
8353,10377,9936,5144,5274
4003,4170,9164,4339,5398
4195,3109,3914,6923,1005,5652,4501,6362,509
4640,3273,3403,3635,4445
2976,8282,3690,8238,3034
5568,3271,3336,6478,3261
5162,3459,356
8748,8399
2561,3364,3142,908,1909,3765
2786,2093,3734,3415,2623
2226,2875,2794
3002,2271
3596,10446,3187,3670,3229
2606,2678,2583
11172,6639
3332,7301,8275,5236,7061
4259,7048,6766,9742,10174
1824,6144,680,10826,9433
3009,359,4620,11822,1373
3169,8807,10511,11578,445
2402,10770,5523,5492,11069
5001,7658,10319,10898,10490
11009,11617,8009,6576,11926
12067,8387,11914,8657,8891
2796,5357,12279,7161,11423
10149,12173,10925,12216,2681
3724,12782,8214
514,10019
12363,4213,12231
8504,11080,1527
3786,1039,4049,2646,1468
1856,1792,4171,2702,2574
4165,1605,1898,2996,2549
4227,1062,12204,4367,8755
10336,4038,363,3508,5275
10532,2824,4848,9234,8918
6469,998,1836,1295,5713,2771,598,4893,5022
3429,5606,5557,1621,543
4708,3084,7885,8301,6038
5026,5893,3813,3371,5295
6057,8105,1201,3286,1181
840,3432,586,5910,6175
5952,6378,1580,5617,4571
1155,6283,10775,6910,5151
3465,6474,5846,7292,5181
6449,6898,2230,4221,1246
6793,5970,1299,7603,4249
1186,1509,11793,628,372
5252,7623,12551,9267,9751
1377,1252,5063,4297,1964,1069,3607
7052,3665,5619,5433,8094
6369,2919,5641,6932,6615
6624,1359,5871,4017,988
7657,9485,6613
6496,1943
2380,4057,5883,4797,7294
6819,2149,2544,6513,1078
1345,9196,494,6461,7390
3929,6027,6585
5594,7175
1217,967,8631,8569,378
5354,6738,9460,821,7063
1219,9000,1608,1339,9183
9413,1750,10254
4993,9554
4832,7841,1366,3516,6847
7649,7267,10956,7214,8378
7269,1971,4436,8185,8092
449,4258,9124,103,3625,2127
2150,7531,9966,7151,3568
3525,7526,422,399,11921
4995,1076,537,6395,2205
577,232,265,277,474
1576,8718,6385,1691,3260
7844,8395,6807,442,7422
11755,10443,6320,9596,7903
800,4070,8294,1769,4816,2994,757
3943,6186,8989,1470,2495
835,4549,3472,7856,438
2560,9604,8103,788,8028
5476,2090,7405,5812,8473
4066,3363,8457,471,1149
7233,1380,486,6321,149,573
3495,6095,8531,7963,4063
2240,7494,6133,1526,8760
3841,8524,2612,5463,3742
6721,2662,9388,9811,5055
2496,10605,11954,10260,6581
6977,942,2608,3451,4509
10115,1648,4056,4794,4094
4516,4356,6217,6761,6462
4641,6675,5907,1364,8406
5321,3173,5277
2482,7671
6827,4286,5623
5347,3165
9953,11942,4265,2321,4538
12384,3137,7586,10420,12150
11176,10280,11849,11118,10096
6501,9868,8150,9976,5531
5299,5077,6270
2337,7476
10784,779,3405,11599,863
6209,6625,6411,5230,5012
3979,11789,6671,7609,12250
8770,3592,6577,9334,7770
9765,12266,7435,11857,10974
3265,963,3652,3420
2129,2363,3575
1543,8392,1194,532,10428
11810,1095,9199,2769,7892
12064,4513,5376,5891,11526
9825,6536,11049,491,7791
10017,11981,9521,6459,11357
2727,11655,12241,3892,11321
11107,204,7404,819,6455,536,1915
4618,2862,8655,12302,11380,8542
11008,11333,9270,11543,12408,8571
1254,2521,1651,1721,540,3935
8288,12068,7078,2474,555,1974
937,6074,5179,726
11695,8771,4660,7719
704,4804,6379,5686,3991
4391,4076,4503,697,3483
7426,8679,7979,5228,9503
2265,7637,10649,8218,6237
545,10456,8668,10878,10847
9504,1441,4715,3574,9021,3582
4068,559,6160,1362,6679
9252,7721,4492,1873,3550
2322,3155,4533,8661,12151
5322,10539,11212,11729,2330
7520,4779,5486,2485,6108
4293,11625,8075,10124,8604
5830,8330,10099,5495,6328
9476,10247,818,12054,1499
4288,10020,2629,4392,2137,4506
3919,3856,4404,4092,2429
3619,563,4787,5943,6687
7945,6071,5845,1079,3482
9422,2832,7001,1817,9274
8549,9861,9514,9424,3226
6987,5356,1845,11673,10910
6756,10565,4615,11826,7103
7211,11407,10962,1848,9215
1765,10000,3377,2134,2494
8296,5290,9041,4945,884,9494
12192,10535,1875,11027,571
3411,4118
582,8335
6205,4061
8013,62
4992,7266,7724,6375
6422,3766,3686,7071
7038,7483,3886,1542
5432,2188,951
10140,3894,6479
6024,3913,4440,2138,2427
6768,7475,7155,3320,5023
7298,172,6417,7095,7257
8352,9089,3718,9612,10205
7170,9863,10315,10987,11439
5443,4944,8155,7708,8861
7910,617,9035,5110,11869
4290,3570
9715,733
9402,2604,4062,4082
1671,2920,304,1525,637
2507,3966,5367
2857,6572
609,1444,8425,314,3357
6222,1615,9908,2455,9852
8704,2065,275
1696,1228
3106,3862,4220,3838,8319
610,1516,8596,3124,284
929,622,8815,1494,8633
1779,3547,7193,2491,2047
8320,8643,11731,8503,8984
608,7886,80,1620,5721,539
5482,8652,6350,339,2393
4928,3654,464,565,3990
5123,6925,3347,158,10334
1382,10419,12180,633,6015
3524,646,6614,470,6824,169,108,4205,572
1127,3985,4568,411,7288
9193,650,4176,3186,5912
2905,6346,4647
2977,5156
6128,5889,10100,669
4711,5544,6284,2733,1310
5857,4553,3987,3254,2518
2250,4758,570,9499,3870
2881,9123,6659,4442,7002
5923,678,746,2191,8412
4586,430,3768,4251,3772
5601,3205,4874,6032,4948
6161,2419,5715,5372,1917
6884,4430,10488,7643,2269
663,2843,10255
2056,9349
5442,4867,7466,2259,4855
4644,3045,3529,4120,5532
7302,5414,2410,7740,1662
6256,4311,2170,4315,4255
6852,1337,174,9106,3799,7641
11011,5571,4639
672,10018,3543
641,3369,1804,2641,4147,3731,4282,4446,2751
2276,3783,1193,2221,4178
5793,8746,3952,4112,4020
4128,8258,10359
9496,9754
3973,8525,2318,948,11038
9600,3937,9125,1235,4053
4581,691,1784,6394,8380
952,11569,5351
6146,4287
8099,9513,10799,11263,11839
3008,814,8014,5488,4210,3764,6006,12028
5285,2153,7536,9527,5117
11626,11575,11031,5211,7933
10402,7107,9170,2642,693
4610,4141,11924,8828,12828
10437,11603,7989,12662,12187
7427,9557,10455,10072,9368
12638,4723,4934
8608,9131
5221,9703,686,695,8987
7128,4098,1669,11650
3801,5459,2766,8051
12376,11994,9011,1197
10537,10497
9517,3245
7552,11769,5955,7527
8306,12172,11002,9935
12425,10066,12500,12238
8705,3528,2089,1260,1048,5213
10787,8682,7991,955,8606
10161,9986,6654
1232,714
11658,2028,11438,9295,2845
5216,10431,2948,2910,12415
6682,1899,2677,7599
1211,5614,4102
5281,4770,260,1294,50
7682,7814,9417,2636,58
1771,4461,5583
56,1975
5323,6299,1452,5013,6427
6124,10990,6447,2428,6623
9291,6508,724,3897,5214
11874,488,2955,728,9489,2392,4089
3726,2352,2676,3515,1819
2912,3360,3339,3255,3640
3875,1066,749,4013,4027
10032,2835,3830,3514,3005
12035,2924,2520,2651,8766
3522,1995,1711,3326,2143
3236,4426,1581,2519,9181
4611,10053,12679,5742,6685
5227,11732,9845,1112,10526
320,7553,33,228,3018,8980,5311
1634,9835,12333,751,1522,7224
2096,8169,6213
5541,703
8228,7438
6976,7353,6723,7523
66,7742
7050,1524
1752,7714,2675,10087
11993,2203,5580,755
771,7323
7481,5527
8089,3330,6883,3530
2497,1895,9321,12076,8951
5992,7665,10323,9236,761
5282,10978,5989
10078,2038
5034,7355,943,3345,1908,8405,1686,5403
7712,1795,4940,478,1535
4906,3434,6353,3028,2358
5101,5423,7924,5749,3900
3232,5605,4191,5822,3839
5248,4108,1868,3000,8924
7314,341,1719,2975,5695
10,4748,3821,6648,1758
109,6094,3727,8085,4862
10816,7433,7635,5401,767
11332,9286,5197,10445,10836
5314,10598,10576,11859,11605
2055,4233,7209,4109,1459,6138,1372,4381,3327
2788,2411,2354,3608,126
6180,5870,1520,2202,7966
6119,5608,4429,1422,465
769,8259,6351,8660,2361
3504,979,1716,1300,826
1890,9630,4583,2123,3486
8641,10348,10740,4950,10045
11723,10093,9262,3152,7927
4322,3523,3793,10773,1883
8838,6603,6647,9688,7676
1637,10409,3054,782,4541
1600,9700,10055,10955,7570
3328,5091,9673,7705,10235
11424,11076,10801,6398,3039
12160,5540,5222,6170,11164
11808,11304,9487,3123,7190
12421,9719,6265,12765,12286
5667,3820,5037,786,1492,5245
3936,4683,4589
4385,925,1862
156,836,4879,604
2738,6745,4594,4564
1008,12579,2195,7414
11265,8003,9939,10172
10394,806
12465,3539
613,2854,1259,6899,215,4600
6628,5645,7501,1808,2300
5289,170,5683
4697,6691
8004,839,5457,3281,10430
1466,4043,5284
4139,3259,9399
3622,4422,7630,4858,4895
8612,8039,8559,2768,2748
3087,3315,8152,9406,7967
3394,8227,1035,2101,7034
361,10314,4539
5422,7983
1088,4291,1231,4180,638
1225,2954,11743,9627,7327
10050,9225,9067,2161,792
7425,10082,10984,844,1813
6849,4465,4565,5878,6102
9184,1588,7449,2458,3999
3078,9096,1138,1142,8310
9922,9090,8711,8461,2227
3424,7142,6025,8145,8050
7628,1682,7028,349,4414
2085,4078,3832,6488,7199
3365,556,1389,3920,7031
9038,10734,11665,10579,4733
5348,10345,11116,6476,861
11588,7021,1782,6520,3161
12353,10530,12739,12488,9292
9795,7942,7604,7575,7197
4809,7178,9293,2575,7474,7538,1663
2515,4963,7286
6666,2931
6656,6306,3790,8055,6011
6020,935,7307,4045,4494
10306,1256,7947,7895,895
1857,354,5061,2508,1747
6626,3757,1741,3215,3127
5473,8840,2637,2075,2780
1539,5262,945,5271,11037
4292,4041,2928,3252,5400
7363,2947,7412,7450,1628
2187,10257,3284,3477,2712
4776,4844,2481,6776,7901
10112,1957,3293,2109,2911
7495,8363,5901,6550,6490
7627,4949,4679
2833,1970
2530,9667,10541,7955,6580
7812,4722,3060,8313,8123
1480,9098,975,9361,6619
11456,900,7816,3755,7382
2837,2044,5149,6942
3441,6122,5723
5072,7088,8441,5437,2334
2488,8033,4530
10601,6559
12128,9702,905,8598,6879
9028,12814,9683,10835,8759
12229,9544,9260,4470,10427
6116,12740,10475,5677,4717
8805,11657,1905,6259,11479
8166,9831,4488,5705,9911
11909,11782,10215,12141,12692
9283,12615,11502,12015,11513
4289,2852,4901,2886,4520,2730,1967,2906
1545,2774,2872,10939,9053
1153,2335,917,3294,3295
12644,7781,3928,12409,6207
7984,202,4716
2644,6637,3719
2470,6539,7696,6300,926,5375
9152,7853,3022,7796,11546,8639
78,1594,6869,986,2719
4546,2475,9682,9016,10815
8195,1639,1642,596,1599
9510,9207
993,8577
1536,1209,9582,1151
7881,5124,2622
1257,46
3400,1002,7764,1277,2398
6528,700,2286
6697,2273
4578,5254,2737,3959,7129
6210,1811,6382
962,5132
5884,6471,3242,5244,1821
6606,4631,4602,5789,4958
387,2793,6569,4875,4493
5060,3750,5842,794,1534
6276,5447,5748,3737,218
6377,8750,6169,2970,3995
6562,4515,5456,5170,6357
6561,6955,3725,4312,6046
5735,5128,5933,3861,4760
1347,2409,1962,3149,3996
3683,1006,5620,6391,8889
6755,5549,5905,6836,5405
3662,3986,2713,5692,5021
3521,7077,5554,4630,6075
6970,5234,6918
8592,8689
6468,3344,6195,5621,6652
2208,6086,2619,2556,2559
3785,6862,5424,5078,5559
1571,2723,2569,5965,892
5160,3953,4789,7032,3965
1674,4464,5521,10199,3931
4742,8393,4107,3893,4926
6499,1327,2744,9821,4543
2154,3586,4253,5046
3648,11542,1839
546,9484,8848,1618,9790
4859,4749,4531
8812,4196
2951,8585,6097,9239,9082
7423,11856,1009,2839,3103
6881,7845,7629,11828,8887
10842,11644,9879
8290,12228
11141,10567,9867,11564,7471
1090,6754,5353,5753,6363
5953,6416,8371,8121,3642
2823,3500,2004,1018,2332
2158,1042,3349,3863,2331
3141,842,8946,3321,3134
3107,516,6380,5681,893
10252,2674,8404,6969,1020
5480,6465
3792,7273
3873,4026
5178,808,137,4432,2714
7745,6891,6203,2364,3678
3747,8293,306,5555,7029
7972,4138,8364,5080,7066
5712,3251,8820,6936,8284
4736,1829,677,4111,447
4547,11157,54,5529,9690
1029,5609,2671,11925,9530
8480,11171,11465,11468,3709
2817,6281,3185,3572,3033
7431,2953,3150,6002,8287
2487,1061,4937,6263,6590
5604,1658,7352,6874,7549
2628,7334,6192,5591,6393
6657,5395,7670,6199,2943
7913,6282,2922,3020,6524
8005,41,2826,1068,2416
2916,3624,4985,4348,9693
2086,3947,1871,1553,5460,8383
1841,6066,8179,1523,1365,2039
4673,3057,8658,1074,10331,11198
11697,7830,3961,7516,1726,8991
8464,1233,914
8930,8899,701
11169,8962,8580,10503,10760,1099
10068,11322,12571,3964,6173,11294
9938,3292,7454
9081,8466,3617
424,7338,3854,3827,7478
12251,7276,6523,292
8300,2222,2942,3130,4734
289,35,7883,4396,8175
0,6409,7594,12171,5212
10119,6535,10007,10524,9726
1922,10979,8211,12732,8413
10403,6757,6518,9467,10687
10176,7778,12484,3114,11229
10723,10728,10669,11065,11099
4484,12077,12118,9752,10781
5536,5765,10474,1483,10844
12036,9708,3062,9335,12155
5410,10183,9620,11414,12183
6500,11627,10678,10169,10142
4801,11457,11334,3993,11455
12514,8116,10837,1110,12799
7875,3304,10005,12473,8735
9218,11848,10833,10491,11388
1016,4605,6183
1624,2632,4151
2051,8367,8117,1116,6174
2572,4796,3741
2960,2524
11398,1513,4778,9078,6105
1122,4517,4718,8048,8562
6466,8868,8518,9580,1918
2697,4653,6000,1425,3218,2323,2164,2809
5985,1058,3074,9447,3196
1289,4375,1113,11003,125
2048,973,665,4793,3098
1512,4905,7576,9338,5147
7232,12288,5733,7081,1143
3882,619,1463,7289,157
1146,6089,4500,10714,4126
9981,7159,7418,1243,11645
8961,8902,4134,1229,1135,3288,1754,1053
2309,10059,8845,2062,6352
2209,6050,1986,4763,9118
3040,1859,12598,9593,1147
10466,10275,7114,10860,9362
1150,6172,13,3958
7139,741,2893,1167,9297,2840
8224,6850,7059,1301,7135
8803,4359,8808,8873,12074
1284,1830,903,9997,1647,2673,2045
6946,1846
1561,6463
1177,811
1570,1736,393,9998,1265,8851
2180,5204,3348,8215,1982
1189,8326,6791,2792,8937
8964,2256,9779,10493,7647
1328,1689,5661,2087
1309,7973,1590
9992,4737,9482,10122
7852,4237
12400,6114
7588,11662
1242,5166
5961,107,2964
5002,11766,8870
10544,7138,9507,8389
1321,4284,10332,8285
2552,9288,8016,1287
12496,6739,4925,10350
5537,6566,4935,7144,2356
4712,1196,8977,3609,3967
6104,3401,4622
481,3325
1381,3047,5709,3247,6043
1392,178,7284,8182,5886
5286,10378,3473,6042,1311
996,3343,6608,1496,3231
2112,4131,2856,5640,4753
1742,6661,7878
2312,3778
7779,1358,6077,4761,7965
7367,1096,4555,3633,6716,4349
7936,3971,3593,8024,1946
1312,7906,7746,8653,4601
7010,7125,6231,6201,2298
796,7245,848,1592,2972
385,7525,6408,3065,6491
2690,739,338,6612,4532
709,7492,7221,2807
6728,2672,2611,7251,6611
3984,7094,4665,8156,7550
7872,3554,2548,469,5497
5231,500,6840,4185,2365
4423,7625,6193,185,4636
4646,9194,2291,6296,1374
9097,11983,9941,5278,4095
4771,8444,8581
8240,4891
11555,10023,12331,4559,11539
12649,6644,11000,12060,3455
10396,1822
643,5019
8448,249,1414,1303
3975,3207,6316,4786,2099,1503
2624,6314,4526,8021,5854
1985,1863,1482,8595,8730
615,1832,6823,1423,308
960,9027,5260,3214,1941
9031,11720,8266,9233,4821
9696,4865,5362,7702,6586
9828,1780,1206,4634,1598
9449,92,9841,10776,4668
9829,3721,10571,11214,1458
3168,3969,1589,25,2940
5639,5937,3703,2974,2655
2500,2489,4407,1465,8509
4162,2685,2091,684,235,1204,8986,6044,7069
39,2990,7162,6525,10206
3396,7565,8496,3448,4475
7366,11338,7663,6040,2715
8102,2024,3372,7566,11197
6772,3373,11999
11209,8153
11977,1515,9201,8434,10291
32,9533
6,1519
3329,3238,5126,9931,6861,4239,2079
2369,2601
5926,3462
9800,2049,3316,2621
2897,1853,3692,2645
2818,2012,7780,8309
1538,5186,3203,4397
5317,12921,10412,4101
11184,10248,10564,12541
4769,3457,5096,5008,4661,4823,2359
3077,8135,7763,2292,1406
12321,5413,11278,5109,6809
9732,6736,7026,1557,9303
9896,5746,7027,4313,3614
1616,6526
10056,3853
3777,2778
6616,8212
1160,5759,2660,8648
1568,2274,9526,6415
3099,775,2445,4671
8402,2882,3503
3398,1578,7383,4411,3452
4579,8029,7455
8952,6152
2144,7086,2618,3739,1692
9075,9814,11192,7866,9407
8421,6312,3436,12620,6109
4608,7364,12103,5270,11639
2800,9428,9005
9738,12110
6534,7976,10958,9940,12024
1699,7652,9381,3847,9996,8495,10641
1701,553,8589,4754,4918,4409
3808,5804,1676,6190,1820
8481,8321,1707,3375,1269
4527,3932,4743
224,3036,4421
2720,3181,4245
3565,3243,2467
5569,1156
4768,2658,8391,3826,2204
5093,3176,6413,1756,2301
7782,7465,1659,1518,2459
1611,2353,1556,7067,1276
7783,7183,3440,8177,2296
11552,3012,8151,5307,7388
7333,9734,3274,6288,6322
8971,1775,7121,3446,11223
11046,12071,10607,11193,10300
6080,10151,6759,8979,7675
10880,6530,455,1776,11863
416,1540,1906,1844,3225
362,7601,11090,4275,5981
4528,2579,3183
4224,4897,6771
190,1965,8478,7439
7377,1191
1762,1786
7785,5548,5964,2069
6313,9611,52,1126
6642,1861,10335,8583
2848,8872,1227,1132,8818,6483
2082,7651,8482,6374,6989
8325,2190,5171,4915,8025
2983,3209,11466,6421,6332
6019,6023,7146,7735,5918
7008,5391,5392,5974,4863
7235,11749,6298,10421,1882
2721,2789,7080,7274,2347,3626,2477,2903,2042
1876,534,919,1308,10077
2214,3015,2282,2680,3129
2722,2147,2157,2200,2014
5125,8920,4536,2140,1502
2081,2311,3307,3412,2139
10339,2791,9999,10070,791
7654,2860,5934,1102,2959
1603,2691,1827,4467,2873
2152,6674,2682,5950,2175
2562,1900,2867,9750,6232
3073,2891,2253,1773,3217
1729,2114,1738,2443,3324
2667,2033,279,2040,9887
1953,4332,468,1749,8570
4490,8938,3053,6960,2901,7862
4303,6227,7445,6808,7674
2306,2448,3443,1044,7640
8298,7819,6797,6008,3131
5962,1996,6865,370,7007
4034,10786,5602,10021,290,3562,3694,2002,8468
7179,8528,11931,5500,9915
9891,6799,9945,9241,9853
8198,6617,4270,3545,6782
8784,7602,4441,8315,5821
5095,11111,8843,4815,2399
9492,3095,5752,7546,6423
8385,9060,8933,9200,12273
7491,7748,5684,2008,60,7160
5760,9962,12300,8783,6319,2486
2073,6402,2244,7047
1635,9348,217,9006,6327,377
11224,1297,8056
12234,1541,2102
8001,10414,11187,5911,5784,2813
5028,3206,2863,2225,2100,6485
1091,1867,940,4655,152
2659,4428,589,7986,5566
130,1572,1451,5915,1723
1793,5997,1976,7132,959
1315,9319,10120,2071,8926
7104,5064,10328,9755,6301
9577,1807,1586,1687,2104
8737,10730,2932,4340,11899
8328,2121,2034,11284,8376
9316,11945,10225,9618,10748
7040,11533,6196,5750,9980
9440,11202,7385,9724,12670
994,8291,4081,950,9054
6343,6159
3466,2111
3082,5324,3408,3120,3763,3989,8982,1626
4420,5326,5397,8245,9304
9641,9147,6059
7944,2132
10822,10090,7157,12375,9307
7456,2182,87,4232,3563,9116,830
834,3944,9937,2546,8532,10165,1757
8379,2228,4870
9585,11348,11663
5088,3872,4923,6607,4978,123
4218,7757,3158
8594,3431
4930,6949,5865,5770,5979
4324,5995,6480,5306,4890
2242,7817,6933,7318,5304
6786,2889,9390,5208,5849
8322,5030,8519,9430,7930
3591,3228,6917,1447
2877,8522,6843,2053
6371,10704,2262,2968,7163
8491,6961,5049,2586,12414
5701,10217,10473,3754,7467
3712,2698,6863,10872,8895
417,10594,6150,785,1491,10003,383
12769,2289,10386,10261,10486,9461
7784,10283,1999,1263,6833,10063,4439,6424
4451,3621,8109,7379,5949
8000,6795,5550,14,6364
8777,6091,6860,10481,5855
6179,6538,11984,9874,8856
8354,10340,10062,6098,9176
3275,6546,3541,5237,9592
10209,11811,11562,11666,8729
8613,10413,11952,2293,11576
1472,6153,3467,155,3390
2215,2736,8018,4986,1275
6724,1190,660,759,4699
128,4449,1065,7793,5206
6082,1220,5542,428,5654
1286,1106,5627,2299,3004
522,8267,8752,8250,1118
9603,4395,5135,8693,4638
5249,7519
7346,4726
5196,7709
7254,3612,5902,5894
938,115,1158,2439
3016,7697,7218,2885
4744,7223,8429,7743
7489,8113,6308,2302
3296,1565
5651,6886
7328,4947,7315,8196
6244,7109,70,4135,6185,924
2752,4706,4691,8471,7898,3901
192,2307,8360,3977,5419,5338
713,198,4158
8257,666,6323
7554,2627,4519,5518,11023,435,3133
7360,6563,8669,2295
7041,2514,5041,365
8544,8010
8272,5003
8545,2570,6780,9525
5377,12730,9366,7255
10472,11306,11803,5134
2349,12619,9117,3190
457,1353,7019,8268,6418,6297,2717
2305,7148,5780,6552,7677
5582,4951,6311
602,5931
3367,2385,7281,2938,3708
6753,7015,4972,5751,5116
8256,11554,5935,7508,5499
4933,2501,2471,6999,3287
8588,4566
3305,2390
7413,6630
3264,1722
4424,269,2098,1945,4222
802,7147,3023,437,2396
2499,9108,263
8124,47
3337,1866,3280,1777,4318
1361,10034,2007,3606,9238
8576,8865,1794,2502,6247
3140,1157,3112,3048,4238
8225,8388,3770,4219,3710
4751,10186,3419,4479
5408,2211,3277,6991
6437,6988,1998,655,9171
7684,1948,3896,10809,10780
2535,8876,11101,9558,10301
8907,7051,2193,5590,4350,3006
3013,10415
4330,6893
1801,8674,2538,11975
9208,3512,3317,1902
9264,1137,9204,981
9300,2596,8823
10360,9221,9637
4485,2846,1319
1173,1934,927
8640,2310,854,1944,8447
8712,9259,1812,9049,1790
2338,1487,405,3899,2207
10376,427,887,2041,1370
7981,525,8304,3796,2613
7747,1893,8942,5975,890
4680,7823,9967,9109,1912
2176,6597,843,7502,825
1768,2473,7340,4652,3924
9805,8849,4346,5469,5439
6140,9650,8700,10393,2172
2340,1988,9232,8593,1936,1371
8809,9385,10863,11059,2687
11013,4329,9907,1623,10585
7141,1993,1774,2927,6928
1253,6906,10148,4621
8088,1972,1684,6399
9320,4913,5785,9044
1298,251,6924,6573
896,2913,718,7896
1656,2888
4617,5941
5806,3318
8782,6359
7321,673,2884,3887
493,2526
4966,5174
6803,11636,2709,6511
8694,7511
3700,2861
2777,2148,1989,3052
2946,997,2483,2652,1597
1665,9154,964,2542,4792
229,1834,6510,3379,2260
6818,774,2735,2355,725
2243,5703,2670,9146,6238
737,1032,2510,2802,2781
865,7372,910
2684,2383
2858,1772,1816,2136,2490
9120,5385,1644
1872,3037
5988,8295,6439,8154,9055
5827,10285,883,8761,6366
5824,4010,907,1614,1530
6021,5478,3850,10765,5851
5352,5257,2198
2896,5844
3842,10568,6189,9619,501
1602,9573,1654,8445,2750
10722,2252,5647,9205,10398
3520,11490,5258,2094,12120
11809,2469,1735,10543,3828
10754,8970,11979,10703,10230
2808,6509,3135
4689,4433,4607
809,1004,4274,20,3834
6277,841,3671,4542,4351
7548,2342,2023
489,971
164,7911,7432,1165,9308
1258,3983,2159,463,567
1892,1575,8882,2420,2772
4044,2605,2381,2163,2527
1799,1296,2162,953,4031
4320,5420,5840,6521,9595,1469
2083,4,2864,4976,10390,1433
7045,8455,5000,7484,6392,3548
352,4317,7261
5450,4143
454,5671
5201,5337,4487
3064,2400
4454,3113,3855,2933,2620
5507,4326,5224,5725,1855
7620,2894,111,273,8337
5991,9672,11307,10611,10014
3460,3430,8972,1904,6673,4369,1617,5240,4153
2822,7535,2001,2394,3227
1001,847,9235,344,3160
3042,9317,8781,1490,2841
2418,3414,7290,8187,7452
5313,1835,10989,3385,10879
1888,3138,8871,8427,4687
857,2979,1141
5163,5708
4881,9435,1084,7357,7326
8059,11205,2958,6326,7803
1987,5726,7690,4974,6866,6839,4830
3656,5573,7030
2763,8053
5825,8774,7113,6506,4304
5629,4585,5807,6204,3613
5794,1329,6517,6009,1052
4752,6968,6453,5112,95
6433,5547,10828,4537,7229
5994,6605,5774,5329,6742
5940,3925,6137,6492,6589
1440,1796,4502,1596,5471
5729,5896,1162,6574,4831
2281,6370,1476
4651,2991
5704,1291,5139,5043,7419
8008,5483,6701
380,3599
3976,4398,2638,6556,7325
4512,3489,5092,5546,4523
5920,5795,8547,5418,8981,4569,2874,10779,542
5666,4840,4363,5103,5141
5633,1511,3762,3962,1759
8512,3011,5010,5657,5919
5446,529,3219,3222,5879
5331,4917,5788,4990,4415
6274,6051,4965,4086,7962
5445,1606,1997,2197,4725
2336,812,1037,93,8158
9508,1093,4814,9681,4883
6945,6442,3949,4212,985
7529,6412,1550,6294,6779
11778,8458,4813,6929,4667
7076,8877,7341,7958,11004
9313,1092,2773,10231,5113
4802,4643,3589,7664,5682
5504,5409,4900,1959,3239
9466,2029,6295,7801,7226
871,7980,4750,9231,3998
1733,8049,2133,4759,6200
7971,933,3468,5553,3001
7296,1025,1896,5938,5595
7645,6832,1083,9245,6655
9299,9172,6220
4626,5243
11109,7534,3376,5622,4732
3685,777,1172,4824,1919
3556,7914,1003,983,7806
8032,4450,6947,1274,7582
8163,710,6158,4149,4857
10954,10858,3024,3093,6198
5505,6598,3815,6986,7797
9158,7593,7917,3889,1367,1563,5215
1474,9418,9535
9624,6181
7172,9483,3086,5487,9331
1224,10731,7957,12665,6558
4169,875,6126,11135
4435,8773,3159
4001,1865,3859,3285,6047
6635,6956,3118,5525,7931
3715,2444,4561,2610,2264,3644,3224
3650,3143,10639,2966,5368
2412,2223,3664,8144,10713
4080,6387,5365
1216,3404,3174
4518,1737,4981,4728,4635
6848,7118,6514,7126,3704
4199,4943,4146,7706,5183
7469,4886,7415,7961,4093
6882,7874,7337,6289,3350
3458,3655,3151,6867,3480
3720,4009,3852,4016,2904
6979,2701,2294,3926,3867
6693,5739,3885,7992,8190
7073,7206,5799,6662,3195
6722,5090,4458,3891,2457
5664,7619,6342,4649,4018
4032,9803,916,8052,7669
736,4002,6003,2740,4567
4491,5007,7344,4884,4666
1705,2957,3156,6331,5501
3162,7112,2668,3471,3386
10697,7085,5198,7378,7956
4194,6533,3788,2962,3803
4005,3590,3883,4028,3391
8097,2643,3319
7468,7935
6376,4267,7149,6516,5177
6272,3630,4209,5169,3450
3736,9056,5272
3684,4869
3171,7306,3038,5146,8830
3233,4998,3272,2963,4186
3749,1770,1753,2011,9566
1473,4370,4942
1673,1690
3300,580,8778,11763,606
1613,6545,8890,989,2430
5378,8842,3308,7441,8788
3649,3362,226,209,439,61
6531,2765,6962,3538,7642,1436
10308,5484,6543,1175,4060
10278,6214,267,6093,10906
9420,10317,3502,5173,6777
2704,3674,6187,1727
6063,11450,271
5805,7727,6677,3510,4408,8251,9437
4499,823,6031
2216,1427,2724
512,9258,4309,4252,4029
5697,1604,8810,8312,2206
3628,12306,8662,3643,5308
2401,1573,2757,4174,624,2199
8866,870,1455,2006,8699
550,3688,2446,2741,9628
1120,10921,1803,10636,9501
6692,623,4785,4695,6683,10494
5474,3748,4389,9766,7336,9623
2753,5416,3884,6937,3806
1031,1907,980,6235,3071
6440,527,1014,4189,6431
166,4294,266,1709,1713
4681,5389,5302
629,6502
4261,6583,6107,9212,6302
954,6658,5545,3346,6842
6309,6224,9840,1655,6010
9052,9033,398,4988,3677
5058,4483,8040,1453,6749
6663,6060,10739,3871,5279
5508,682,781,4956,4190
2304,3202,8226,3661,183
1318,4073,4075,3374,3668
2915,4335,4497,1467,3963
9441,4427,1071,3417,862
3939,2115,3997,3666,3645
5363,4159,4263
3314,1163
4357,11781,12198,4714,5119
4387,3981,5462,10903,5565
3651,2509,3220,7381,886,7835
2212,1668,324,716,8255
707,4036,2035,3667,8346
6529,6157,6414,1685,5342
5880,5738,1446
5665,3147
708,1958,425,44,2131
5193,7729,2391,1272,1629
10114,8454,8463,662,8825
2346,5649,5939,8917,4278
4004,11108,5616,3706,8479
2981,2534,6450,5909,2902,8696,1439
8484,8357,5165,4087,6686,8511
4145,787,6407
4745,4419,9083
3019,1331,1990
4659,11190,9689,734,415
9063,11515,4215,5944,11579
4833,2348,1461
7137,4637
4866,3647
2113,4229,4406,4280,4703
4456,2060,210,8221,894
1797,8878,12561,3955,731
1248,10505
176,1015
5464,4345
11100,11631
4864,6337,2017,7873,6148,7145,4413
168,8941,6482,4627,1973,7864
8486,5127,12017,4850,7605,10522
2432,2492,10597,2407,621,2108,2551,2010,2460
1929,8307,5685
5929,4612
11556,11174,9356,11346,7925
12163,8676,9926,5963,10993
11609,11442,9095
9541,8038
9730,12553,8236,1397,346
6096,6325,6935,4664,7837
4720,2,7309
1320,4632,760,242,3576
5513,4236,7789,499,667
4012,4756,374,1207,5048
99,8772,524,8621,8816
8801,679,8852,8822,154
3909,7275,460,6769,7860
4522,3693,8338,8731,6303
3600,10761,4780,1471
8548,5489,4820,5319
6397,2775,5945,6493,222
1488,5083,6167
1640,2405
4871,3211,5203,1400,2811
7043,3079,5168,7574,9468
2563,4103,2830,2447,9139,4125,1567
12448,459,3921,8691,9268,4982,2747
4481,1479,3497,3818,9004,5914
8128,4084,6709,4379,1340
7176,3945,747,5454,4279
9472,6405,5005
12081,7124
7907,8208,3029,7262,6943
7908,6120,5102,9975,10684
5312,5551,4496,5297,7634,595,1012,220
5987,6088,2900,5787,5790
7718,6062,10994,4822,375
4929,7362,4554,5073,8698
3611,6477,5637
1984,8098,1879
4486,7004,5145,3676,1022
5065,105,4980,1950,511
8824,977,5526
1017,3638
3136,5387,7758,3951,3672
3585,4674,4910,10959,947
5669,5673,11146,4283,9567
5004,2450,4595,3860,5598
2849,5481,8141,5813,8122
6121,3476,4405,7212
1073,867,5655
5059,1677,3154,562,9850
8993,8420,5094,5900,8279
4256,101,3437,561,690
5769,8074,4556,4172,4241
3908,4007,4331,5458,3711
3577,2973,8790,3119
1174,2054
11216,852
3559,9960,3027,2005,11191
3072,3496,11154,2582,8664
1544,3208,11210,6156,795
3426,11529,11722,10638,2097
2241,6310,10608,10803,6266
5251,3248,3537,5588,3352,90,2046
4480,3170,3180,18,2969
4321,1672,7666,5172,5111
1057,5316,3469,11893,7037
3618,6434,616,3573,2072
2088,7828,7767
1313,8940
7461,2408,1324,6486,5823
1767,6888,6995,1107,6975
5250,5219,3370,6770,347
6913,5869,688,3030,5335
5344,3266,1261,8723,7836
8616,5451,8591,592,5852
6592,196,6996,10236,7581
3970,4709,5543,2890,7320
1280,1094,6446,5298,5747
6467,5514,591,4954,8220
7849,1450,4686,5877,3416,8827
64,3745,294,5327
6667,11445,3221,6967
8344,874,8339,7818
4808,6948,789,7055
8442,6835,7133,394
2325,3759
3940,5359
4656,6733,8407
6696,10856,6670,5758,7039
5572,1551,2449,7798,3479
9166,4495,2194,4851,4343
6951,4841,4916,3669,1881
7680,8034,656,15
8170,11244
4902,6155,1933,2326,3771
6690,5998,1171,6330,860
4161,614,1164,496,1947
4144,1481,8911
10416,1956
1121,2918,2036,8634,12445
6013,2141,6711,1244,2173
9188,1703,10221,9870,6845
4619,4459,143,3601,2805,6230,443
6354,110,2126
7515,5990
5477,7821,5044,348,6878
7490,5563,5687
9280,2019
8069,7398,8,10158,6164
11619,6627,5574,5191,5195,9518,9305,5498,6588
