417,1441,2603,2872,9021,383
1731,7405,1531,8093,7710,2655
4066,7,2663,5814,3703,8473
3363,647,8457,5232,471,1149
7149,3127,7511
3329,1354
2520,2601
2659,488,1880,728,9438
8039,6569,10680,7002,1310
6776,6193,5645
24,6998
4416,4297,7469,4887,5116
8132,7941,43,2992,10168
613,1259,4432,215,4440,3098,5240
5313,5577,6286,6673,8185
3041,7461,7373,4308,4505
5599,3918,2015
1395,6916
6825,8492,2189,7639,10107
4805,5708,3923,27,9470
5163,11376,6228,1877,7357
7877,3879,3177,4650,9564
8800,6691,804,7409,8349
5953,10821,401,12471,6233
11019,2958,10223,9781,10015
968,9649,2869,7222,8059
9858,11205,6028,6326,5434
4064,8804,2854,9002,5079
9890,5510,71,2921,7375
10105,1185,9228
4201,1210
2343,10569,7082,4463,9816
6915,8044,10513,7996,6911
8896,7105,9298,8083,9278
2320,8180,2388,2710,9114
1666,8106,7947,7087,8603
4452,9638,6762,7803,10941
2528,7512,3769,5246,10207
9248,2034,5683,4697,10557
4973,6548,11448,7035,9947
5190,6248,5069,851,9301
8514,5800,7613,10653,6591
5185,7810,4678,10507,12089
897,8004,2985,9419,5182
7825,12146,11537
7568,7282
5539,12168,9326,11919,2480
7264,9546,12276,9529,10138
7621,9615,10930,9586,11901
11077,8199,2025,7024,12378
4097,10083,9706,10738,12633
5920,8878,5713,1461,3647
4915,2153,210,731
5738,3499,5251
5108,2348
5666,5667,4229,5003,6107
4136,6039,1559,891,9628
6786,6789,10221,6257,8732
7297,5449,5525,5657,3102
7369,5613,6087
3476,10637
5662,9036,3958,6494,4991
9802,2090,5581,2554,6719
9632,11200,11702,2425,5658
12426,76,11411,12440,11420
5959,3050,11722,2545,7517
10311,5644,3797,4888,8539
9448,12508,7509
6681,5863
11364,7079,10125,206,9748
11298,8066,7053,9556,11387
9473,1307,2550
5174,10814
7238,8042,9266,1305,1951
10658,7368,8235,10673,8054
1730,12098,9606,8582,9463
9280,10290,11933
11927,10631
6444,3701,4437,10295,10877
1825,8900,5199,10871,12666
3494,42,6445,10638,10417
2472,8650,2588
9383,11335
11746,6889,298,6451,11155
6176,484,11408,9654,7065
9796,2503,12007,4007,11964
10689,11747,12870,2478,12913
12934,12935,9289,12591,12562
11372,9358,5200,9180,10270
227,5639,2489,7130,2974
635,12517,12822
12752,12815
12386,939,4880,7228,12382
11173,11595,5394,5269,1528
5066,8975,8666,11194,990
6030,11636,12534,4216,11451
8361,10389,3615
9988,12485
12320,12769,12362,6512,7765
2021,12211,247,3322,7711
10916,4200,8489,10742,2587
7559,3816,1869,10203,10173
4896,12710,5612,10159,9300
11461,11464,8303,11601,3125
6632,6668,9876,11095,4407
10854,10758,8207,12470,9050
8963,2599,11242,10671,9973
3010,7922,6396
8342,3423
5029,11761,4662,4248,5465
7216,2815,12399
6338,9538
11496,11347,12570,8763,8159
10699,11890,245,10550,11036
2183,5937,5812,2517,8509
11503,1847,10616,2233,6012
5796,12153,2764,9073,11737
1136,12543,12327
11545,12587
2500,12045,10672,1465,3358
10882,11022,8721,11062,11416
3310,12207,12208,1681,10554
12417,12554,10382,12335,11705
11234,12685,9143,11130,4156
7186,12013,11958
11888,9969
10985,10227,11972
4024,5167
12322,11460,12459,11221,3773
11683,11587,12265,10001,12819
12099,3878,12490,1809,10463
12416,11713,8550,11881,12593
12157,12389,10943
9353,7317
11073,11911,12717,12209,11510
8065,12494,10932,11353,11967
7842,8997,5642,10027,6876
8769,10788,10092,8566,7098
12354,6981,9061,12793,11835
4600,5312
1972,4743
117,8471
4980,4998
3745,6724,3622,2773,3390
5254,3977,1950,4093,638
4146,3181,198
273,3750
7110,3471,12435,1752,5693
11622,7878,2858,10352,7388
2459,7148,9791
3907,9916
6728,2954,3951,3665,1046
12225,7779,4422,9393,8370
6755,2634,2988,6288,8118
6475,54,11993,9309,3326
3585,1957,8591,5135,4571
5700,10279,4967,4623,6553
8265,4395,8623,8882,8829
11458,10372,11237,9865,10771
74,9771,4396,9455,3803
8035,9284,9445,10764,974
3464,5646,10546,3507,10712
9857,11716,10157,10002,3956
641,1732,8941
9491,10391
1927,6828,5068,8429,5138
4034,3845,7401,75,5615
4720,753,8528,3067,8764
3249,7890,2302
3296,7693
5761,8138,7597,3380,7614
1633,6609,11123,8090,8347
8196,9801,2700,432,8373
4353,5381,3564,4941,11756
7946,7309,3095,9019,1789
9954,2630,1128,10258,4341
10502,237,8560,7893,2453
653,9102,10675,9370,9756
11343,12084,9398,10967,10840
10593,10883,10980,12053,11005
4856,11915,9959
10435,10181
11777,9854,12078,7728,10366
10384,7403,7788
10374,6575
4008,12170,7888,11472,5631
6420,3349,6670
8938,3131
2721,3141,8300,300,186
3047,682,6378,7599,1467
4357,7334,7847,3286,6203
6400,8419,9549,1011,668
2787,5299,7733,8150,7610
9542,8231,6577,6513,1498
4263,4714,2513,2484,4670
1729,232,1704,6573,831
8776,47,11319,8795,2493
2562,2667,1580,1521,318
10848,6242,3555,4868,5430
1925,4873,6921,4272,84
8398,8271,1814,8636,5885
1993,4689,1907,539,7548
1857,7706,4617
1272,2671
2592,494,7183,8631,3167
9000,329,2897,1714,4758
3106,1094,8849,7965,8031
10156,3345,6906,1819,2301
4131,1892,1252,2236,3261
774,4622,2527
4002,2797
3584,6564,10032,6162,6495
5293,11025,820,4346,7964
4616,5099,1806,312,4828
2758,3815,8456,3924,1270
8332,10228,5017,6811,8191
2305,7432,3434,1296,1816
7714,3658,9805,11892,9946
1761,240,9685,5786,9277
1280,3344,3861,1525,3005
7009,10498,1932,1683,10393
9640,6830,7091,86,9471
3744,1316,6725,5834,3438
1602,8230,4938,9196,4542
4267,1772,3891,4377,4636
8011,3727,9332,1723,7839
10024,2989,2421,8216,4155
1656,1537,6972
8625,10643
4576,8329,5291,1713,9652
5217,10244,3535,6800,8213
9477,3463,10248,12243,5820
9770,7219,11862,10012,1917
6151,1598,9641,1837,9688,4766
3082,7950,9425,9841,1978
3714,8867,325,8982,5848
9699,3751,10453,4603,94
711,11048,8792,11477,5592
10520,3090,10132
11120,10527
4006,6953,7248,9072,11897
12009,6672,11607,12347,9950
7747,6477,141,912,7381,5302,7355
6819,2733,6702,817,3998
612,4364,3954,4436,6262
97,7981,2607,10193,2428
7682,73,4883,3675,12284
9832,9338,5767
10596,6333
4289,9158,1703,1906,5590,1753,6651
1639,3657,5690,7124,1690
1673,1578,9004,5005,9937
9249,9484,2669,11096,1599
9094,11528,113,12081,9242
5986,8569,3018,2413,2129,8884,5561,2589
3545,3738,5235
3942,119
941,6734,10254,10292,1750
9413,5417,9554,2066,9915
7489,11113,9807,2929,3383
10956,4115,1145,7869,6782
7938,9956,1971,8565,9918
6275,12115,6676,9813,8726
1969,6305,8733
7194,9559
3340,6773,10043,12476,12062
5188,2279,231,5711,6802,121
8193,6260,11676,11774,12191
5859,8006,4806,3848,6292
7648,7201,7054,12240,2782
1634,9835,12333,8627,125,5311
7553,3789,751,1522,7224
1563,9723,7917,5215
4305,1193,11236,1062
9644,7279,8786,2580,5310
9824,5925,6886,10250,1431
7607,1282,10478,9905,9111
3427,134,7794,10938,1532
5593,2547,1399
7203,4782
2339,3780,11822,1085,8958
3237,6125,11188,472,5882
8874,978,11864,10141,11327
6210,733,760,251,3133
387,3046,679,592,9619
6436,3175,8425,1386,8685
6309,425,3212,6990,4979
4675,5419,784,2257,501
10112,2569,5777,2068,8319
3521,9357,5554,6100,7935
2020,2312,5520,8375,1403
9697,8675,8069,3148,4732
6947,4164,5493,151,252
9543,4015,9013,4469,1464
5122,6584,3767,9400,4031
7975,9064,463,2172,9310
6497,2219,8493,9819,7227
8996,10342,6930,9396,10324
4515,7076,5160,7465,7550
7843,2469,1799,5905,7518
11040,3779,10116,5136,2238
611,11144,3341,3122,4597
8229,7948,11796,4692,9341
2567,7700,7959,2366,8351
7313,10966,11959,8697,12125
135,10444,7505,7410,8182
11584,11432,11246,2268,11102
10823,7912,2329,11610,2462
6499,7815,5772,8860,11103
2404,10030,7539,2617,9629
11817,1968,10483,11669,12727
11369,10194,9012,11126,5054
4360,11089,10838,10808,10042
12449,8262,12263,7987,11997
12422,8912,12597,7993,9820
8450,9763,12515,10915,12712
12481,12803,12270,9168,8692
11594,9648,12467,12372,11895
7176,3952,9861
9932,8557,4206
4160,6978,4079,9949,2718
837,6182,8839,10003,5435
2625,7884,7887,3059,2357
1250,2564,6872,8219,5052
5157,7017,12044,8082,2998
7171,10851,1124,5815,9978
8645,8999,920,7386,3484
8459,5775,10895,10321,7678
898,11459,2532,3602,531
2945,7683,9380,3323,7807
10438,11117,11802,10620,6653
743,7755,12108,1335,12095
9155,12613,8390,8263,10717
8096,2178,5129,6036,4573
3108,9575,5225,6602,7694
12010,9583,1040,11544,5689
11970,7939,5358,10743,9150
9920,7530,3091,10587,5756
11360,11541,5558,9436,6014
9377,6821,9480,2734,5781
10373,7240,8913,7448,6815
2665,12780,9037,4046,767
6922,7759,8276,3636,11260
11273,9818,10364
3881,9329
7117,12401,8501,11957,11098
10329,4774,9608,10905,10846
4354,7433,2316,5426,8247
3193,9197,575
7184,1183
7716,8423,9776,2647,10559
7686,10575,11121,6684,6206
10410,10508,10830,11480,12185
3587,9412,4207,11867,11580
12546,9636,2372,10289,8853
9569,10756,1169,3355,9982
7270,4524,11342,12176,9788
10816,10408,10127,3857,10813
12066,11204,8651,9709,8242
4705,10211,8204,10836,10715
5897,4876,10875,11484,6750
8775,9645,12406,12312,1213
9071,4400,9687,10074,5887
11845,8910,11955,3804,11134
11329,3056,5811,11733,10749
10338,9924,3080,7380,8921
7329,1348,6859,5838,3679
11818,7407,7349,11293,5982
7370,7499,10447,9373,11647
330,7447,7096,11358,9823
7556,11182,10353,12242,5628
11074,12709,11337,7760,10079
11042,12356,8683,7730,6973
11010,4836,12457,9707,8725
5538,5861,9160,10134,1694
5519,3605,5719,10171,10845
10920,10581,9903
6958,2246
4105,7921,10322,11230,5406
1384,139,7537,9653,11261
241,7698,211,2844,11935
9634,11240,6985,5039,180
10048,4899,9539,4402,12343
9457,10651,10204
11754,3063
5858,7046,1351,10103,12667
523,11340,5266,9844,12056
8966,5388,12493,11917,5407
8451,9927,7561,11799,639
12512,10309,11988,7768,8537
10531,9132,8111,1393,3579
10536,12438,11511,11640,7359
9024,7239,5679,11283,10102
5194,10094,9775,6743,8286
8834,7587,11053,3283,10807
12299,12174,10224,11446,10264
11373,2803,9621,8252,11390
10849,12463,6897,10164,6902
12605,10901,12795,12603,7165
8041,4110,10992,9009,7774
11785,8586,10449,12599,8507
10113,9572,10899,1208,3481
7457,12233,1744,10614,408
6851,9991,11370,9712,11064
11345,12055,8057,10459,10047
12397,11728,11122,10484,9913
9669,8614,9244,508,10462
8556,12237,7311,11600,9363
12145,11251,10101,11254,10200
5056,4773,9877,11033,10271
11332,10598,8716,10445,11859
11163,8365,10991,7865,11611
11717,10152,4019,9493,10166
11969,12006,12714,11854,12111
9091,11786,11151,888,12538
7395,11524,12775,8617,8541
8904,11929,10130
8875,10949
12138,10091,5972,599,10073
12196,11112,10477,9134,12287
7876,10986,11406,7832,6650
2664,3817,12201,6792,10482
9665,5154,6403,12398,9263
11843,10692,12741,5515,11659
11847,5966,11605,10774,11739
12070,11850,8043,11949,11007
11851,10106,9275,11324,12159
12325,328,10576,7635,8534
5161,12083,4373,10037,12088
9059,5380,12294,7003,8988
2761,5334,9175
9961,5534
10441,2288,11568,3610,11391
11427,10436,9675,12178,8435
10789,11557,10662,6291,12255
6464,10216,11402,9883,9469
9286,12200,11563,11443,11514
12235,5676,10219,6131,12309
10179,5350,6150,10632,12316
9281,10031,11092,12214,9880
12677,10889,9804,10892,12063
4987,9101,10683,8701,11998
11522,11047,7762,4187,9951
12193,11771,12109
12057,10022
3334,3210,7498,10509,12307
7655,11119,10710,6360,9497
11481,2061,11558
8905,11435
11330,2119,9415,12723,6965
785,1491,4244,12699,12092
12390,10887,6704,12784,11028
8928,10976,1901,6959,12371
12004,12135,12744,7569,9113
833,11654,12458,12052,2871
12813,9426,12021,11097,12735
12402,12830,3519
12114,12772
12746,10827,12498,12507,11965
11400,9352,10572,11629,11359
12640,9578,2923,11992,4959
12537,12762,12542
9576,9162
9739,11813,7551
5672,11841
3746,11140,12518,9895,12522
12774,9735,6794,12567,11291
11297,12583,12604,9718,11772
12547,12806,10759,11218,473
12802,12612,9677,11725,11311
6435,8485,12281,12573,11679
10060,10995,9140,11699,11903
2964,107,10332
12496,5002,11766
2552,8016,8389,8870
145,7138,9507,1287
10544,1321,4284,8285
9288,6739,4925,10350
6437,1547,5716,8918,10681,763
1188,3179,2543,5946,7995
9057,10515,147,8317,8605
9505,999,4460,6871,11006
327,8136,9901,12365,12305
9730,7142,8236,7604,346
162,4871,7930,5788,4414
2342,5126,3792,5272,2809
1904,9777,2001,2717,4607
2272,9987,1572
4793,1001
1058,5156,4496,3160,665
3648,4409,10120,9319,2841
3042,1141,149,3704,8477
1228,10989,2418,9435,10430
1807,1586,1687,3385,959
6752,6336,9666,8781,9230
5256,173,3926,855,3933
8864,10855,5584,244,1084
6923,3899,478,2822
4632,314,886,5703
3242,3992,5145,3036,10206
4928,6529,2065,4699,4317
5844,2364,374
460,1668
1868,3887,2835,8503,3838
8480,865,610,3547,6303
8633,5387,6140
2410,275
464,5025,182
8984,8479
5673,11146,2639,8465,9567
5257,4283,2291,2491,5598
3360,1793,4013,2392,4089
361,1771,8559,1495,3644
9154,2260,3830
2352,8384
2594,4047,2391,188,3069
1665,9826,2508,2420,3737
8708,3303,2604,2195,1342
3232,8998,1387,1487,4472
2946,2148,1225,1995,10959
2162,5036,7421
5618,6542
2176,518,8978,2101,1943
2754,11940,8358,9129,2383
8832,10755,9545,11437,2611
1574,2126,10768,9427,11671
1518,8877,10318
7020,4700
10351,11760,883,2163,2198
2913,7879,2957,2259,2143
1222,12330,6252,11219,9910
2920,2161,9245
11016,2187
2252,10285,1742,954,6875
9225,1962,3883,3983,2041
12032,8164,12005,10249,9965
12227,10246,11312,9810,1051
8165,5576,1481,4904,11989
10210,12324,12079,10933,11807
9389,10553,11963,7644,11710
4352,8798,10061,11834,11070
2533,4677,13,5239,191
3104,291,1027,5475,4071
1501,1769,9997,2673,1497,2045,351
5120,1575,1199,11382,1118
1444,1735,1066,8699,1758
9728,10178,5575,9998,9047
6245,9320,7631,1937,7795
10763,11179,12528,8753,6903
12483,10948,12308,892,9501
12039,12745,8974,12629,1846
651,10896,2966,3096,6463
7430,6664,9387,3117,10709
10691,1190,11787,10284,6458
8802,550,10251,10713,2553
11750,12713,7918,8722,12761
10145,4550,9076,4924,8862
11745,12738,729,857,859
8739,11833,8761,7611,1913
8738,12464,208,11770,9183
8233,3291,9720,12443,6908
12451,11709,12446
3354,7293
10753,12167,9812,12726,9240
9601,11877,11473,9783,10584
6121,7689,3211,3633,3352
3180,4526,3224,5306,8478
2624,5770,4978,1436,5949
5088,385,3695,2577,2298
8325,2972,4241,1592,4124
6824,12908,236,8047,1306
6148,7145,6639,9397,7127,6939,9086
2824,8937,363,8400,3032
9717,4117,2615,9787,991
1539,5833,10381,7726,4783
5698,7299,10008,7859,5976
5798,10926,7152,310,10493
2314,9968,11314,856,7771
5961,4848,9234,9239,7423
4921,246,2879
2436,10110
10532,4811,3916,285,8925
11363,8520,1612,1587,8567
8079,2256,10577,10578,9779
8714,1009,4852,3348,2839
9219,8964,10137,5051,7647
8202,10510,7247,6905,7804
11104,9164,2908
10952,4730
389,7699,12756,6805,11767
4800,11688,12105,8426,4684
8072,2511,12116,4604,10429
11266,8841,11913,7636,4025
2304,3940,3759
3202,8698,6733
6696,3668,781
3371,3661,2449,3666,6321
2147,1318,265,3314,1791
9379,132,7141,292,2200
248,2214,6462
8576,9750
2081,2115,2253,1454,7478
1738,6283,3374,6448,2139
10339,5230,10202,3645,6910
9994,6253,3342,2107,7486
6048,4739,6250,3571,8409
10996,2349,12182
8019,10028
5728,4706,6244,4424,842,8404,183,924,4222
584,8920,4691,3576,4666
2752,5026,6532,8595,4159
615,6829,7070,4158,7999
5730,8932,4135
7800,2297
6633,1135,6323,3126,413
7304,625,10965,7928,254
8167,9833,7951,10232,3422
258,1322,618,332,5778
1584,8313,7750
1267,6853
2,261,4457,588,9964,6907
11425,3753,10539,302,10911
2689,4290,2212
82,1478
2338,1078,1401,2684,1277
281,9146,998
1644,9052
9090,2052,11116,9460,1655
5511,5032,1931,10349,1680,11827,8885,6838
9912,8115,9894
7332,7870
7399,6892,946,5717,6775
12492,11540,12405,10518,10006
2437,3864,12282,9372,12126
9607,10440,9746,11288,9182
4552,8654,8563,11222,1630
5143,9837,10583
10937,6083
12149,9206,10239
10917,10407
296,9772,10802,6072,11032
12304,12809,10766
12041,12203
11250,12499,12244,6938,10972
6384,7389,12527
12385,6699
11431,7752,11308,9203,12663
10819,12407,6202,10556,2653
11136,12033,642,12283,1564
1504,965,362,911,659
600,9547,3835,476
2386,5390
6984,6139
4192,6278,326,399,3732
8880,9458,11027,8343,571
12192,7558,10953,4658,9395
9714,6707,829
7496,10792
10625,9104,6578,8184,5853
9321,8951,10038,10487,7606
8161,10633,11115,3313,6777
3681,8418,5512,7531,9174
8386,5867,11693,10354,6963
7808,7969,6317,1875,9494
11044,8709,3557,5866,9784
11299,5220,2185,1622,10970
9062,12012,9842,436,10296
520,8431,10735,7347,10909
11907,7428,10504,9897,9142
11232,10214,10535,11581,6783
9187,3189,8678
4625,9747
422,11921,10548,4023,8223
9889,12650,11788,10294,3898
10945,12452,9255,11820,12338
10724,8688,5648,10011,8476
9928,6601,8915,12349,4382
578,7016,10861,9553,12403
6084,8646,11114,10677,6519
10496,11137,11396,8879,3707
9892,7756,8785,10451,9914
12194,4198,12680,8112,1939
10432,12069,11916,12790,11519
9786,7595,9762
12832,3682
12482,9736,7863,11063,9759
10405,9713,11125,4790,6814
11105,9271,4953,10618,8831
11393,12770,4710,10839,12671
3874,12771,11918,3157,11871
8836,11494,11463,10089,1983
2657,5710,3829,2971,2621
5603,5516,1678,4879,1240
2465,5635,1067,3632,8734
12204,334,4367,9202,10902
2688,10944,9511,8552,9678
4003,6279,9512,7880,10811
7660,3824,5398,5015,10812
10982,9222,6290,5144,11035
8353,10377,10922,12654,9936
9006,3503,2544,3034,6395
1298,3404,1005,9044
8825,2419,3195,718
850,3109,8238,7821
356,1530,8748,2407
825,8282,707,565
3343,8399,708,3087
4210,7835,1164,3116
4456,1933,4118
1947,6989,2448,6331,860
8987,2141,3094
6421,2023
2918,3496,4062,7318,5726
5789,2950,2036,8989,2975
7301,10087,9742,5236,7061
3814,7048,6766,6648,6332
4259,2566,2857,7979,5695
1824,6144,2539,4620,5081
3009,359,680,9433,1373
3169,8807,1171,2709,445
2402,10770,5523,5492,11069
11009,5001,7658,10319,8657
11617,12067,6576,10898,12279
8387,8009,11914,11926,2681
2796,7161,10490,8891,11423
12216,5357,10925
10149,12173
514,12782,8214
10019,3724
2091,2444,4465,3573,4694,2458,3515,2811
4480,1511,2702,10831,4569
3078,370,596,2072,3161
3469,1421,10734,5464,3065
10505,11631,3832,4345,11100
2240,1380,5508,598,4056,4893
961,4713,4656,2612,573
8301,1201,2482,3479,4221
4516,4592,5238,1181,3646
9441,4841,942,2194,4343
3465,6474,5846,2230,7292
8297,6793,6449,6898,5181
1509,3281,5970,7603,9334
1186,5252,628,372,4374
7623,12551,9267,9751,1881
5285,6375,8522,6603,814,8014,7894,6205,5790
48,7536,4787,1114,5117
4132,10566,7915,879,8350
9921,4327,3433,10745,7100
3240,1200,6997,4853,8855
8488,8201,6221,10256,9651
6856,402,4788,9943,7196
6731,11500,9421,11378,8437
6810,8506,3506,2935,1050
11616,5412,7205,9224,11736
2336,3238,457,1867,2859,6899,1812,407,3416
427,9967,9908,5877,405
2890,2029,8304,602,1370
6147,1893,5197,7255,8447
1733,5514,12619,3190,12730
7274,3669,3015
1894,2331,3894
8865,809,1876,4535,8504
1576,4219,3451,1308,2558
9999,6385,1621,3418,2175
6470,9388,3217,1109,4566
1102,3260,5210,9660,1405
1603,1163,1493,3321,2526
1856,1416,3802,1691,7422
7074,3492,2152,1361,1402
4170,7307,2007,6807,1278
1827,3241,4629,2749,9214
1409,3298,1155,7844,3324
3592,2619,1157
1234,2674
11755,10443,9596,9693,7903
2114,7147,10034,5910,9887
4231,4557,6320,442,893
6600,7571,951,925,8926
839,9032,6510,4114,498
228,455,7732,1430,10879
2374,2540,4208,7954,1653
2435,8142,11700,7093,5754
8472,4154,6103
9635,9725
1667,1390,2798,2258,5626
10690,2434,4166,11184,6079
2818,8107,752,10523,2654
10369,1988,7278,467,11199
7233,290,486,3495,6095,7963,2399
9811,1526,8760,3742,4063
6721,2662,10605,6581,4509
10115,1648,8406,4794,4094
5347,3405,5907,6675,5623
9953,11942,2321,4538,3165
10280,11849,11176,11118,10096
10784,2337,6501,9868,9976
779,11599,7476,6270,863
4641,6625,12266,7435,6671
9765,11789,11857,12250,10974
8064,8992,7280,532,8061
8392,2769,4514,7662
1194,3628,7892,7351,6780
10765,2894,5782,3739,8029
5991,1095,2057,11307,6076
11810,4387,7086,9199,8662
5376,4513,5891,11526,7791
9825,12611,11049,491,3643
5671,9672,6536,10611,6459
10017,11981,9521,11357,10014
11655,2727,12241,3892,11321
11107,37,7404,6455,536,1915,11543
2862,8655,9270,8571,8542
11008,11333,12302,11380,12408
4223,6419,3527
7596,1679
2226,3908,3534
8288,555,7078
1561,540,1284
5392,8073,1570
5171,6346,1227
4137,1156,7094
2848,1132,5541
4897,2082,8482,4553,4847
6019,2983,3369,2190,4976
6272,11695,4820,6422,6809
7426,10761,5489,10649,8218
545,10456,8668,10878,10847
967,9259,9364,1238,2105,9404
3582,8712,3945,3574,1150
4068,559,6160,1362,6679
9252,7721,4492,5106,3550
1873,3155,4533,8661,12151
4715,11212,11729,2322,2330
5322,4779,5486,2485,6108
7520,4293,11625,10124,8604
5830,8330,8075,10099,6328
9476,10247,818,12054,5495
3002,3586,3652
2561,2794,3277
3596,5805,10446,3187,3229
6756,7211,563,3482,6687
11424,9274,5845,1079,3226
8549,9514,9424,1845,10910
6987,5356,11407,11826,11673
10565,4615,10962,9215,7103
6960,5083,6327
5840,1331,3019
5608,690,562
9510,7038,582
9056,7554,9612,2677
7466,3171,7474,5941
6656,10315,172,3038
4944,5443,8155,10140
9232,10987,7708,8861
617,9035,11869,7910
622,209,146,1779,470,439
8643,11731,1494,7193,2047
4613,1512,12,4945,2166,4889,2235,5500,29
1376,1582,3730,1778,9273
3145,4970,9710,627,8341
3244,2829,7057,5202,2046
6784,7542,9017,1404,10461
8770,4707,4815,10864,5275
2096,738,963,4143
6723,1989,1294,4083
8772,7814,9417,1274,8893
5568,522,3949,4302,336
2094,8529,3770,3995,447
339,500,6357,7956,1211
1507,357,9291,821,7066
6722,5169,499,4725,7582
5664,9033,589,304,1083
10114,1571,8535
3953,1855
12456,524,8693,316,3965
11651,7400,3216,4242,630
6082,5123,6412,5453,8979
11874,8076,3347,10334,31
1382,10419,12180,633,6015
506,7223
3553,6866
1209,1651,4172
8289,6726,8745,6701,944
5729,2638,5332,6426,3930
7328,9446,5100,3213,10458
4544,4911,5556,634,4989
12355,3267,2728,9768,12059
9761,7177,10346,4912,11313
10791,5843,12698,11483,7166
1127,3985,4568,411,7288
9193,650,4176,3186,5912
2017,6854,8495,3793,4947,1973,2423,1660
3937,6337,9381,5653,7583
5632,6113,6473,4147,6142
6225,4627,1206,6745,3870
10255,7643,7450,9499,2269
9349,2056,4430,663,10488
6852,174,3765,3799,1337,4639
672,10018,11011,5571,3543
6146,10020,6858,2251,2040
9600,8525,5209,604,1247
11168,5793,8258,11172,8746
3973,2318,10359,9496,9754
4581,9125,691,6394,8380
8099,5351,1784,952,11263
9513,11839,10799,11569,4287
5353,2164,12662,4855,25
3608,5101,3565,4375
3826,4583,1974,6615
8145,5314,5396,4593
11626,5211,693,11031
11924,12187,12828,10437
2369,2610,2276,2981
2049,2613,1817,2271
2010,10533,875,5221
7128,3801,11650,1669
9849,2766
8051,695
12376,9793,5459,8372
10537,11994,3245,2494
2649,9517,12238,10497
7552,11578,5955,7527
11769,8306,11002,9935
12425,10066,12500,12172
4555,6716,4349
8705,7757,9790
7746,4324,6408,8606,1503
3168,7819,5213
2896,3525
7010,4330,7245,848,7991
10021,4270,10161,8468,3103
2242,7525,4303,6201,955
9986,8682,2028,11438,2845
714,1232,11644,6654,12415
10431,2948,9295
5216,2910
3621,2154,10283,6227,6424,6364
4451,8109,1839,7640,4253
3332,8777,11658,14,720
7784,9866,6860,1263,6799
6136,6795,11158
1033,2898
3248,7217,178,4935
7634,1196,6566
3929,5550,8977
722,5919
481,7175,5871,3601,2356
2112,7267,7284,3611,3231
1359,4529,5785,3676,6847
7492,2856,3247,7029,5342
5640,7625,3473,6002,7067
6608,4753,7283,1496,2201
4010,1358,6032,9851,6623
6276,9447,7627,1004,6613
746,676,2996,10428
2108,6389,7167
4365,9727
802,4649,5172,3480,8122
644,3855,2390,7126,9055
2215,5337,6439
3850,229
6051,6440,5513,5416,7529
6021,7436,5933,4750,6234
4770,8295,4042,6996,8154
5478,4858,5851,6652,5823
7144,10568,7980,7961,4220
3842,964,3048,6189,5883
6882,3459,6583,5372,8445
3685,7823,7581,5214,4575
4483,5543,7958,4631,4958
3683,5224,5456,3986,5886
4586,4274,5620,6200,6975
3788,4748,7468,5104,5749
7872,6376,4972,5748,6294
3662,724,5013,4318,5822
5128,5451,5389,5553,5842
6749,6502,3785,7789,5021
6467,4294,7015,7886,5627
5058,4709,6697,4238,4824
6818,5605,5932,5712,5338
9573,5647,9205,10398,2750
5248,5505,11490,10722,5098
7344,7506,7896,6585,5594
5250,8163,7321,6077,7806
5184,5735,6508,10990,7319
3520,11809,10543,3828,12120
10754,8970,11979,10703,10230
4392,4561,3959,3736,2079
4431,3856,4369,3316,1944
4032,4487,4558,8793,4027
4075,1900,1103,9682,1658
8939,3794,10100,1909,1749
3462,1581,4461,3987,2963
3692,2928,3377,2645,2843
12035,4426,749,5295,1020
11840,8352,7170,4298,8766
4611,10053,12679,5742,6685
5227,11732,9845,1112,10526
7089,7813
877,3999
66,1204,4645,8228
7056,7742
6826,7050
4380,5565
755,11781
5580,3981,5462,10903
2675,2203,9525,12198
2977,6626,1093,3206,7118,7221,5983
6945,1964,1543
6387,5063
5889,9123,8687,9681,4153
1888,12076,1037,1945,988
4832,5601,4802,7801,5433
4900,5093,1709,2578,5023
2149,1606,1959,1768,2191
7534,2740,983,4186,7838
7384,1722,3254
7115,3655
5572,3205,1740,3867,5151
1696,6598,3667,2294,9755
2881,1829,4180,1654,7740
2723,2668,1428,2556,1919
1345,6369,7077,5526,4251
1872,2037,7063
3458,5422
2208,2473,7378,5715,6003
6659,1895,1172,757,8089
5989,10323,9236,2038,761
10978,5282,5992,7665,10078
4058,1682,5418
11338,2838
2085,3365,3366,6280,5115
9184,6219,7691,3762,349
1417,556,1588,8310,5751
1026,8461,3920,7485,6525
769,7566,2102,2361,11999
4162,6885,7565,8496,4475
8102,2024,6040,2715,4990
3372,7153,6772,4917,4415
9795,12165,11209,8153,7900
7366,3373,7663,5331,3219
11977,1515,9201,8434,10291
2760,2537,1230,9715,5241,3259
645,1297,4665,4797,4895
996,2781,6353,9402,4445
5442,4107,5170,342,894
8806,6447,3124,827,8540
1600,1217,1637,782,7570
3328,9673,10773,7705,10235
5091,11076,10000,6398,3039
12160,5540,5222,6170,11164
11808,11304,9487,7190,12765
12421,3123,9719,6265,12286
3820,5037,786,1492,5245
8930,3528,1260,914,3225
8003,1008,9939,213,10172
11265,10394,806
12465,3539
8672,1853,2193,3441,2044,5149
1235,9406
8610,7630
1035,8612
10984,8227
1088,10314
4291,11743
7425,10082,10050,9067,844,1813
6946,7628,7037
6849,6132,542
7973,6374,2874,10779,6044
3618,6308,7367,8050,1759
4391,8074,6797,5874,5141
6186,5103,4890,7931,6172
6918,529,5010,5494,3962
8512,6595,5446,6069,6970
9922,1138,3222,5879,3448
3011,8711,2227,1142,7199
3424,9038,11665,10579,4733
5348,10345,6476,4078,861
9292,7021,10511,1782,6520
12353,10530,12739,11588,12488
869,5797,3282,2743,2618,5020,3934
4417,163,1619,3101,1886
2694,4872,5296,2742,2557
3947,2211,1992
8872,3936,1100
1797,2411,3921,2585,220,2623
10336,4227,1189,8742,881,2747
9293,2575,7538,2931,4918,1663
1256,2515,7895
6666,5804
10306,4809,378,926,895
2784,354,4965,4393,1999,4433,3379,3635,11037
2947,8840,3215,945,5271
5473,6533,5352,8049,3252
1954,7363,8363,1741,4539
6274,7495,5901,4016,3871
2833,1970,7955,4949,7320
7112,8010,8032
10541,3477
7298,7523,6027
2712,3138
9667,6995,6580,3060,8123
6976,6563,5060,4722,2109
7812,7914,975,5532,7645
5665,7841,5414,6442,7372
4519,6832,5809,5501,6655
6379,4940,3693,2481,6619
3554,3875,4910,4635,3293
2530,1480,9098,6550,5400
4041,3394,5938
5243,2911
6052,900,7816,3755,7382
7360,4704,5827,7206,6158
11456,6124,9361,12754,9466
7642,5125,6231,7431
7584,6969,4092,669
2137,7593,2429,2629
1848,546,6770,678
5274,6482,7414,3335
1224,570,2792,5072
1765,6043,6709,7207
901,6791
3026,4798
4816,8028,7856,2495
800,9604,3472,1470
4549,3943,8103,788,438
2560,5476,902,10262,1309
835,1198,1262,915,2168
7088,2837,7862
8441,8052,6397
8033,6453,7449
4530,2488,6843,5437,2334
12128,3938,905,10601,6559
6122,11852,8854,9658,6747
9702,2160,6741,8598,6879
9028,12814,9683,10835,8759
9260,5677,4470
9544,10427
6116,8805,10475,1905,11479
8166,9831,11657,4717,6259
12740,12229,4488,5705,12015
11909,11782,10215,11502,9911
9283,12615,12141,12692,11513
1445,2685,2990,1589,12023,7162,7069
1536,5498,7028
8424,7674
4870,9585,3928,12409,11547
12644,11954,11348,917,8379
11880,7342,11663,8532,10652
9984,1378,3330,3490,2661,6694,10286,409,3290
935,9453,2032,5881,2907
4225,2984,2124,7503,2110
5152,10529,5076,1850,6812
9536,1935,4051,10197,12061
3008,2055,3591,1520,3538,1459,126,3327
8259,2123,1300,8660,826
10348,1422,465,1716,2202
1890,12579,2788,979,950
5280,5578,5899,12624,5204,8120,957
7361,1982,3199
2180,9495,8215
12195,4358,2248,8523,11052,11249
78,1594,6869,986,2719
992,4546,2475,9016,10815
7394,4963,4679,4776,5480,4974,5807,5774,2967
3840,1427,3756
5178,3262
3200,6093,6514,8053,7030
2498,9226,5329,6867,6204
993,8899,7218,6968,5183
6433,5896,9207,6492,62
8577,6370,7266,7483,1151
8037,2281,9582,5043,5940
4742,2350,5139,10612,6237
5124,2622,2807
7881,46
7764,2286
2273,6446
6528,1002
4474,6682,7261
3370,2394,4653
1324,4212,3414,3895,4189
6479,2895,6582,2071,1535
6024,5709,7155,5432,2138
6468,6628,367,7095,5308
1795,8592,1140,2133,10328
1808,8689,2136,7257,4638
1315,5105,9650,8187,10236
8393,1258,1006,3955,3671
3778,5234,1614
12306,1327
6862,2744,2300,9821,4543
5614,943,2768,5780,4795
8314,260,1253,3589
4138,8820
7620,3318
8338,6299,4804,5549
6496,7729,5965,6161
5529,6738
6753,11157
11171,7967
4547,1029
3897,2636,1975,4599
11465,9530,11468,11925
4385,1804,1229,5046,4859
8902,2250,4084,2012,1053
8961,6050,4134,8845,1147
3040,9472,4103,3919,2431
1859,10059,2062,6352,12598
10275,2309,7114,4763,9118
10466,10860,9362,9593,1499
7874,482,1956,3720,5034,6062,4174
5570,6230,5799
3939,2670
5423,6066,5651,2678,3255
7041,4867,3717,2888,4082
1074,5460,1365,3638,2039
4673,2278,3057,3350,10331
7830,3862,3000,4185,11198
2802,1726,7390
4022,8991
11697,8658,3961,6075,7516
4204,1104,52,1718,3031,1081,1466
512,8396,10642,948,12533,440,3164
4100,4070,1096,8653,1965,8240,2521,796
8580,10068,3964,6173,11294
9194,1099,6296,11322,1374
9097,12649,11983,5278,4095
4771,8581,10023,11539,9941
4891,11555,12060
5497,8444
12331,4559,6644,11000,3455
1313,6662,2088,2408,5450,1107,3135
0,6913,3266,6592,187
5536,5765,12077,5335,3993
10183,777,1483,9708,9752
5410,12036,10474,10844,11455
6500,11414,1110,11229,8735
9218,10723,10728,8211,8413
3114,10833,12251,12732,9726
5344,675,12484,11848,4044
4484,10119,11065,11099,10687
1922,10403,6757,6518,953
11457,9620,10837,10678,9335
352,7875,10669,12118,9181
10979,3304,9467,12473,10491
841,8220,591,4954,4188
7778,10524,10005,10007,11388
10176,12514,6535,10781,12799
3970,196,9127,527,8116
2051,6183,2632,8117,4151,6011,6174
3718,2572,8367,2524,4796
1016,6521,9078
4778,11398
6105,1116,7942
8048,3741
4517,1513,4718,8562,1918
1122,6466,8868,8518,9580
7232,1248,9171,8407,7864
12288,5733,7081,1143,7576
10714,226,6156,1146
4098,7139,9703,1197,1167,9011
8224,12074,2893,9297,7059,7135
2840,6850,1301
8808,8873,8803
1540,9418,1770,1328,4350
3524,9483,10317,9336,1276
2497,10278,9096,1175,10906
4322,3715,1998
2086,10299,8838
6373,5319,1202,4946,2002,1429
7208,5259,7437,3823,10388,10040
3074,3651,1257,2326,2808,3771
1767,5993,2282,8564,6330
1834,1332,1685,3640,2140
483,8293,3339,4144,9840
2311,551,1482,10033,9108
6848,4902,7214,6711,2075
673,1674,8652,754,9299
1412,341,2863
9128,1608
6690,1219,1958,1617,2204
658,1446,8694
9122,4789
8364,5998,2035,3220,890
12400,697,741
1242,701
4737,6114,9482,5166
6089,157
7289,1463
4500,61
9981,7159,7418,1243,11645,4126
320,33,6861,4239,8980,10775,4249
4045,4494,2832,11793,1299,8055,1246
8481,1701,553,6190,4754,1820
8321,1707,8589,3375,1269
3728,6692,2830,623
1281,3302,9279
6736,4313,7763
5096,4661,7286
4769,3077,1381,5008,1936,2359
9089,8098,9303,7513,10205,1311
6491,4780,1471
1312,3600,8548
10856,8169,1451,9235,2100,152
130,8871,6768,1976,5758
4680,6185,2927,2457,1468
9577,1356,2325,7798,5566
4161,6020,8972,3445,7132
8740,5669,4999,11404,2836
1720,4486,2188,8942
9049,4682,1319,3663
1485,9109,887,1369,4319
5915,1187,686
5973,9862
8640,7713,9800,1710,5055
2496,2048,3808,7150,5075
110,10260,5813,4572,6301
6977,4265,2608,1364,12150
12384,3137,7586,9639,10420
7080,3361,3626,1076
3331,516,7654
870,5950,263
8547,1389,4038
3680,7459,4339
2570,9891,9853
3969,12068,903,1736,3209,3711
8448,2778,1830
2786,5019,3043
3099,2741,1902
3208,811,2606
643,1414,1967,1265,9526,3670
88,3827,3854,424
8249,2942,8175
7338,2443,7883,2222,3609,3130
8152,1419,8255
6409,3450,2652
4434,2395,2014,5359
4281,3028,5261,2876
2574,1423,1527,8730,4091
1605,4171,909,308,4150
1832,2382,3214,624,1941
966,2987,4277,2646,9302
9233,8266,1898
11720,9031
9696,4865,5362,7702,6586
4864,2213,4585,8981,4282,9083,3487
4128,11279,3537,3766,1303
3265,3306,2026,3411,4061
4512,3110,3886,10226,3925
6405,1542,3437,7605,2077
256,8455,9773,1433,7484
7044,7974,1388,1134,5268,2490,1435
200,9001,154
8360,1455
9485,8239
3763,6004,7253,1055
4634,4668,7181
9449,5324,4420,5326
10776,10386,8245,10261
3721,1458,9829,11214
1986,606,3288,1754,9566
2209,580,8767,10055
1473,10955,4541,3054
8355,4932,5551,6928,6232
4825,2218,1700,3551
3776,10148,3980,3572,4698
4337,4307,6163,5557,8824
4929,9323,5521,3798,4347
2184,1292,1657,7549,7391
3201,4746,8244,6874,5503
160,8454,7276,8463,5175
1505,5649,5939,5363,8222
3904,4878,16,2878,6143
4065,4004,5616,8917,4444
7416,9465,5980,4121,3263
2146,11108,9701,1911,10237
32,1519
9533,6
2150,3142,3559,3625,7697,8309,5723
8128,7172,5831,2583,6942
1538,3203,7780,7754,4397
10564,7626,9931,10412,2134
5186,5317,4101,12921,12541
4419,6531,7146,537,5753,5629,4703
2274,5769,3285,7574,7735
393,5548,5391,7377,3415
3790,6415,5458,4252,6909
4331,5035,6167,249,1756
2660,3364,5995,4556,8851
7043,6955,7125,4218,5918
1568,7008,5759,5974,4863
3457,11013,9618,1623,10585,2340,9896,9385,10863
3392,4258,2445,9966,1553,10641
1645,1871,1523,9468,4829,8383
4262,7526,5384,10121,8179,4693
771,3530,747,2003,5527,7323
6883,1676,10325,7258,8923
872,3088,3562,2789
10416,8402,9960,2005
3398,1544,1803,9803,9041
2097,4579,1174
6152,7455
2144,3072,932,8952,1692
2376,9075,9814,11192,7866
8421,6312,11210,12620,6109
4608,7364,12103,5270,11639
2800,9428,9005
9738,12110
6534,7976,10958,9940,12024
11080,7137,9498,4637
2720,594,1699,8799
4833,4866,7652,4814
224,1635,7782,2509,1556,1438
11552,7333,9734,8391,3274,8177
10594,11046,6413,1775,7121,6322
12071,8971,10607,11223,11193,10300
719,2961,882,1302,922,3453
2120,1921,391
2438,6759
1776,6669,111
6530,11863
808,5403,4485,3606
3873,2714,4276,8719
218,5482,3251,503,794
1347,1452,4464,11090,667
7340,4111,5424,6427,3709
7601,4275,1844,2939,5981
2753,3913,369,4378,3071
8801,4261,980,6967,1597
7992,8827,3446
2396,398
192,3140,70,3885,1879
7971,1031,2355,1014,3901
3400,5739,6060,5852,1885
4681,1453,4567,2296,4988
9611,44,6642,2713,10335
6658,2307,7911,789,2941
933,6663,2197,6842,7034
3239,871,10739,8284,6302
8320,7972,1861,8583,6313
1985,9508,10597,2551,6298
496,9276,2324
2179,2054
1408,614,934,8911,1244
962,1858,2310,2450,2460
2432,8294,396,403,8634
11749,6023,6961,434,1882
7235,10473,3754,10217,10421
867,6506,7690,3853,1916,7709
8993,4651,3696,1073,3154,9850
101,631,561,3410,8279,1914
7585,4995,1508,3173,2477,3442,6133,534
2791,5321,5681,4956,4286
2347,3084,2959,2737,3166
4931,7174,6761,5077,2042
2915,3813,4621,4913,6523
3107,3432,1650,3963,4734
5604,6217,3852,2157,1773
2691,4335,8570,5787,1725
4708,3412,6555,7068,1502
4072,4812,4462,1071,5022
7392,1953,6571,919,4536
2722,1794,6827,4467,6199
3073,4427,2891,3726,5277
9827,2916,1610,2934,279
3429,3691,5012,7897,3997
6209,6411,4399,4914,2165
5924,2033,4055,1852,2397
3915,6636,5229,4497,5818
2156,5714,4916,4310,2873
5952,5857,3595,3979,2860
2464,3631,7225,2682,6047
5057,2692,7786,2867,3957
2499,5028,7109,6155,8588,2903,509
3843,8124,3475,5463,5276
6057,5934,5044,6038,2232
8269,277,4729,4316,6557
8257,6657,5027,7308,1980
4640,5090,4838,269,5654
2690,5893,5555,6900,6524
7592,3841,5395
4130,9630
4490,6808,3443,6102,6008,10939
8298,1996,3053,1647,1044,2901
6865,5962,1254
4840,2306,734
6000,3218,7047
4905,5985,5806
5923,4818,5147,5343
2073,6402,11003,12231
3305,7458,4043,452
2186,6438,9863
8356,4687,7986,4663,4633
7776,7408,6417,5847,5562
2976,4962,6223,7290,3227
6112,3076,6347,6610,6130
2932,4340,5750,2104,10748
8737,8328,2121,10730,11899
9316,11945,11284,6196,8376
7040,11533,10225,5110,9724
9440,11202,7385,9980,12670
4081,994,8291,9054
6159,6343
3466,2111
3523,5413,7209,10571,10070,1406
3408,2292,1557,5397,3989
3436,2132,12375,9304,9147
10822,7944,10090,7157,9307
5477,4619,4459,143,443,6878
6354,8596,2805,7515,348
2019,2731,10257,5687,5563
8097,5764,8,10362,2174
7456,2182,87,4232,3563,9116,830
435,1245,4510
3325,4036,8749
7281,2627,5518
4759,5201,2295
3176,5041
7396,7337,7452,5725,1790
3136,4522,8141,6678,5559
7073,7783,2224,7860,4761
6920,11129,10522
5469,8486
10787,9923,2642,8378,4413
5611,6324,10591
4642,5386
3649,5870,3119,6031,2994,11542,3865,2973
1545,10639,2069,11191,2264
2412,2223,11216,11154,2774
3300,3686,6025,3722,2228
11529,10923,10165,9053,2335
5049,2323,2757
1289,1425,1573
6917,170,7467,973,8531,7163
6371,5701,8491,10704,2262,2968
2698,2586,8895
10872,3712,6863
1762,6771,1786,1191
2265,5964
190,7439
4224,5865,3183,4439
7785,2579
1126,9503
2793,1865,4080,6937,3614
3055,1719,2970,1659,6268
7013,1774,1231,1684,3932
1392,1516,3151
609,3690
6561,971,977,5682,9399
8452,1843,9780,5078,1628
9120,1671,1261,5869,1339
907,2380,6891,1326,1615
8704,3315,1541
1629,3271
2346,1777,6803,3931,3391
9058,6516,2170,9627,1662
12321,8679,2289,5746,10486
3522,710,1352,2381,510
10209,8611,451,1221,6568,648,7988,6166,766
7397,4300,7438,9238,6365
8544,7302,9359,8791,7356
6091,10063,80,6806,158
6179,11984,10481,9874,8856
8354,10340,6538,10062,6098
3275,6546,5237,9176,9592
11811,11562,10413,11666,3541
8613,11952,2293,11576,8729
6178,2467,4711,6362,2098,4822,8986
4102,2414,3025,4728,3772
4518,6289,5619,377,3007
5537,5219,3982,725,284
35,5064,3403,6572,792
128,1550,2353,2962,2299
4740,4595,1686,5622,381
340,2358,8967
688,3156
4449,5569,4584,6195,7677
7269,3367,3529,6478,5624
6284,365,8752,8944,6552
2401,4194,6599,1611,5212
1984,1836,6469,3134
3849,2771,2756
4255,3052,4655,6297,2207
8268,3757,6418,4948,3037
4235,3346,4981,4951,6235
5633,5595,3672,2171,5244
1092,4647,4877,6104,1787
6085,525,5522,3641,4955
8866,843,6380,3836,543
5481,7899,3708
2849,6388
4736,744,5355,2385,3284
10376,5004,2735,6224,6110
9506,1800,1129,4588,3860
5760,7491,7748,5684,7160,60
9962,12300,8783,6319,2486
8256,11554,4933,5935,7508,5499
2501,2471,6999,7441,3287
5281,3796,1549,703
8621,2846
453,2199
289,39,137,985,5087
8225,2919,7664,1524,3004
6597,2502,3337,493,8889
3786,655,2960,4049,3196,4125
7684,1948,10186,2008,10809,10780
2535,8876,11101,9558,3896,10301
4370,2087
1689,1590
9624,1474,8674,812
10415,2538,6893,11975
6627,5574,4618,5195,8823,9305,6588
10360,9221,4901,5191
7781,2596,9637
9828,9907,1780
8593,8830,9729
4329,8809,11059,7027,2687
997,3914,1620,4501,4442
1091,5652,58,2651,3966
324,3174,4749,6222,700
5988,4874,8723,2772,671
910,2748,8822
5307,1077
99,5542,9039,4311,56
739,5284,709,338,469,7191,185,5367
3684,6693,6157,2548,2365
5610,3243,3984,2672,3357
5162,6925,6094,3376,6611
4646,7560,4842,11187,11224
5231,6461,7327
8088,12234
8001,10414,5911,5784,2813
1090,6754,6607,6416,8371,3642,6363
7936,2823,3500,2004,8121,1018,2332
4320,7873,7045,4751,2864,10390,1469
2083,4,5000,6392,9595,3548
3460,1896,4428,4493,927
2205,4312,2780,2173,6431
105,629,511
1017,637
1835,8924,947
713,666
8071,7615,8815,1490,9855
8551,6377,5071,4881,2870
2405,5168,6833,5203,2775,1400,222
4930,6949,3079,8594,5945
7817,6933,7575,5304,5979
1640,2889,9390,1488,5849
8322,5030,8519,9430,5208
2244,2951,8812,8684,8848,1618,9082
7940,4167,8585,6097,7799
6881,7629,11856,11828,8887
12228,7845,11141,10567,9879
8290,9867,11564,7471,10842
5670,1960,7273,3307,2676,20,5045,5371
5354,1443,4127
1811,9852
1032,489,1165,4654,8985
164,2059,7470,2679,4952
5507,1897,1113,3387,1212
2979,9212,567,5080,9308
1355,10220,5264,3474,1215
1025,3910,7084,4525,3382
4961,3905,930,6307,2131
938,5196,4726,7743
7346,2991
115,5902
5249,2885,7254,5894
4744,8113,3612,7325
3016,7315,8000,2439
7984,7796,2644
202,4716,6637
3719,6539,7696,6300,5375
9152,7853,3022,11546,8639
4481,7651,3013,8907,6483,4667,3006
9208,1801,3317,3512,93
8458,4813,6929,4086,11004
9313,11778,7341,5113,8158
7296,9231,4626,6198,10231
11109,10954,10858,3024,3093
2216,4923,6864
2724,5061,4830
8810,6540,4029,4309,8025,6493
1447,3051,9996,9138,823,8312
7609,5637,3150,8287
7770,3699,1101,2706
2817,2953,2922,6263,7352
6401,3185,6674,5591,4348
2487,1061,8005,7670,7671
2628,3020,8780,3470,6590
7968,4937,7913,4909,2943
8195,3624,6282,6393,10142
12171,12183,3033,12155,8092
10169,11627,3062
4801,11334
5420,3889,4499,5588,3420,9535
4196,5316,5228,7666,1371
3664,1908,4278,1367,4383
4005,3478,4184,12665,4351
6181,10731,3086,7957,6558
12480,4421,3590,3821,3001
7852,9264,1137,1048,1086
8773,3118,11662,9296,981
344,3430,2697,940,2225,3320,1022
8427,5997,847,758,3256
9317,3269,8397,5457,3128
3440,3568,5368,3577,11419,3295
8144,3362,3426
3388,3143
1632,6425,103
6344,8226,5596
6816,9124,6511,10740,10045,5119
8641,11723,10093,9262,3152,7927
10697,2546
3944,834
1757,3162,7085
4362,2955,1130,4589,4594,6683,7676,5053,6430
2563,4869,2826,4564,4404
7362,1060,7306,5262,7230
5318,5617,6490,2363,7934
836,3272,1068,4785,11698
736,1216,7904,5193,7178,6635,6126,8464,3159
4199,1737,2409,2904,11135
7104,4450,2701,2643,5880
4001,4169,5289,5007,4435
10503,1705,6956,2285,6207
11169,8962,10760,12571,7454
3617,8466,9938,9081,3292
11619,3749,2089,7212,4942,2011
1153,1929,1997,9518,3294
7907,5102,8208,8788,3029,10684,7262
7908,6120,8842,3308,9975,6943
9088,4228,2245,3822,176,12310,3807
3396,3837,684,6605,7790,5969,11197
5914,5916
5290,1883
4060,8135
6543,6713,6127
6993,5484,3734
5024,267,3502,7637,9527,5180
6214,9420,7473,9330,5173,7481
6187,6063,2704,2416,3674,1727
5926,271,7727,4408,11450
6677,3510,5943,8251,9437
6465,235,7019,9489,8056,7004,8190
7849,3593,1743,8147,2455
929,4356,6414,5327,3678
896,6979,4009,6779,5692
1120,2507,4598,1366,4696
1220,3045,4326,4209,7901
6986,4643,9172
6359,1711
2851,4652,4108,5177,4926
6624,8416,4768,9003,5146
4644,5829,4590,4120,3996
5445,8337,3893,10645,6010
4993,3566,7000,9977,5439
3656,4304,3581,4446,2751
1889,8774,2763,1721,1596
1796,10828,1329,380,11038
3489,1604,68,1291,2221
1162,3613,3599
2378,2598
3976,7116,4398,5967,95
2852,2853,3688,4520,621,2906
2886,10921,2730,558,2582
3467,6316,3129,3994,8637
5602,3700
458,8524
5606,560,1042,7675,287
10786,7179,3694,5531,11931
3552,9027,2158,1295,6267
2914,7042,8388,4073,4123
8198,6617,9331,9945,9241
3417,10826,7314,4441,8315
5095,8843,8784,7602,5821
3968,9492,6423,5752,7546
8385,3906,8933,3912,3309
9060,11111,9200,12273,5718
3697,819,204
5297,10994,9407
11153,8530,8572
1353,4012,2924,4563,1173,9623,5016,4985,8669
3401,5931,6924,6350,6645
4292,5638,5582,4884,1912
8545,4389,8395,5401,3900
5474,3748,7336,8412,10494
7204,454,4875,3149,3509,5721
7490,8615,4712,3064,3967
2400,4844,6129,2933,6486
5504,4906,4602,2620,3806
166,6345,266,2159,2267
3747,6342,8040,5747,7836
5696,4454,3113,1934,7739
3783,3950,4178,2451,4506,4479
4325,4112,4379,4020,2875
2534,2925,4053,2902,8696
8484,8357,11948,5909,4087
3588,4359,6450,6686,8511
937,4527,3027,4660,5179
8664,2799,8790,3991
8326,4076,4503,10072,795
10402,7107,9170,11575,7933
4610,12028,4141,7989,8828
7427,11603,4723,9557,9368
4934,9131,12638
8608,10455
12363,908,10128,4213,2940,2590
3619,8275,2093,4205
8758,7857,11132,4142
4145,787,6407
1028,4745,9590,5944,9689,2492
4659,3575,1177,12414,415
9063,11515,11190,4215,11579
1642,7588,5661,4237
416,8034,656
7680,4280,15
4165,3207,6281,6314,6488,7519
1792,3234,5488,4531,6612
7906,1039,1551,437,7039
6080,1863,6026,4473,5819
1990,2099,8021,4823,5854
7885,4495,6192,4821,2006
5260,4786,3508,7898,3866
4288,8105,11466,4827,6175
6823,5288,6090,7504,4861
8771,4903,3884,1360,5656
5824,5544,5586,6932,726
704,8755,2549,6013,3839
9870,9204,6936,3483,1534
12106,4332,10801,11763,9690
12064,9700,10409,8778,11383
8601,3882,619,12561
11536,8221,4406
8676,4612,646,9926,1233,885,5685
12163,11556,5929,10993,8307
8038,11174,9356,11346,7925
11609,11442,9095
5963,9541
7031,123,3975
5795,3158
3872,3431,6480,1457,7837
12553,6096,6325,6935,4664
1472,4195,6888,6153,3570,3859,4986,1275
1286,5206,759,4630,155
4458,6620,428
5048,4886
2736,1065,7712
8250,4756
7275,7501,7758,1106,4957
9603,8267,660,9367,6046
2777,7475
4850,1562
2861,5990
2637,6606,661,7767,4792
4674,7251,7669,8156,5405
8018,6169,6042,7326,7294
2243,3336,7924,7226,4315
7398,6164,982,4857,6366
322,259,6311,430,6836
2466,6884,6367
569,7983
1862,3847,459,92,12448,9139,9268,8691,4982
970,916,5109
10880,5165,9117
9409,6059,9461
419,2505,7151,4306,7641
5732,7213,6991,6962,7197
10603,6988,5140,6647,1567
5127,12017,10198,9598,10975
4835,7494,1320,233,4943,7535,4532,1015,2938
5409,5198,8272,6256,7962
5377,8134,8346,699,10174
5065,7657,6220,9366,6295
11306,5134,4017,6769,11803
4423,10472,4334,11023,6399
1377,7052,1821,3863
2696,8736,3061,2510
6213,8616,3725,8782,2680
716,8940,8013,7353,3706
8816,7793,3768,8700,8703
677,10378,1003,662,8731
6661,5286,461,7026,8852
5378,1613,8890,989,2430
3497,6390,5487,1479
6306,1340,5454
1841,10308,2765,4279
9504,3818,4781,9774
11824,22,2470,5567
3419,5294,10151
10252,10077,6727
8898,168,41,5744,9106
4139,5884,2261
2641,6099,7393
217,5132,7415
7169,6382,7250,7412,4760
7718,5258,6391,2398,2559
7649,6630,2605,7502,2519
5958,10636,6258,5817,7164
5794,4537,5994,6839
1052,7229,798
3170,8420,7113,4752,6517
1987,5573,2474,3731,6742
3650,8008,5483,6009,5471
1440,8417,5825,4502,5112
6574,6137,7419,6556,6589
1476,4523,5547,4050,4831
1448,9258,238
5900,8500
5092,1591,5704,5546,10263
8296,8335,6064,9847,11034,10396
1616,2427,6509,6526
4528,8212,6236
3777,5059,1158,6119,1946
4256,4363,4671,4245,7007
2658,6180,8648,8818,1565
1160,7594,6616,4411,5855
3971,5094,5655,2877,2206
7687,6128,4405,4601,3228
1554,7932,1677
6065,7215
2053,8299,7379,8796,12766
1955,9766,3935
1624,2441,1822
2912,1866,9422,2030,2738
7945,6071,8024,7001,156
2241,6310,10608,10803,6266
5697,10056,6058,5878,2969,90
4321,6434,1057,7445,5111
616,1672,18,7090,11893
394,6545,6835,8442,7133
450,169,7051,108,6614,572
294,7719,1450,4686,7413,4026
6840,7745,5545,8339
7619,3221
6456,11445
6667,7383
64,8344
4808,6948,4149,7055
7032,1121,874,3468
6088,1012,854,6006,4605
4554,8750,5073,4695,7195
577,9166,976,4851,474
5987,6951,840,8946,9695
480,548,9070,8632,475
960,8718,2900,791,862
772,5668,586,468,9085
4067,3556,242,306,3030,3990,347
608,194,7818,50,10199
3654,2514,1334,2393,4028
8170,11244
7129,5365,775
5408,3517,6471
449,9188,3452,6238,7071
6562,2882,4578,2446,1397
9348,6887,5447,2127,12445
3120,1626,1439
9732,11278,2447
10122,7707
9992,884
4992,5298,852,4565,6485,1273
4966,5641,3273,505,4190
4018,6452,8405,1207,3834
4236,5583,5686,3607,2905
3264,3012,5609,3630,8094
1064,1899,4491,2542,6074
5385,8085,8151,6845,4862
3112,10,3023,3280,5975
6277,6086,5490,3516,5279
3909,6247,7828,3035,3710
109,5621,4191
3236,3319
5323,2483,7797,3386,3677
3147,2884,10158
4587,8916
737,11045,12177,11795,10908
4233,4683,1069,8440,1372,4381
2113,9282,3233,2518,8439
7724,6351,595,1747,4950
4429,2354,375,1179,3486
4109,3504,3764,6138,7966
2060,11439,12600,4057,3514
