9730,4100,5508,4745,6802,5272,4506,411,10396,7707,4258,2340,37,2981,6187,8627,5046,2615,2105,1337,60,3652,8014,5710,7127,600,3288,4089,4446,1248,3562,107,1642,623,1780,884,3577
2689,771,4228,6923,2188,3853,912,4754,8980,3863,1435,924,2205,3490,424,3503,2096,2225,3120,1076,3765,1720,443,3133,4290,3523,6469,1221,2757,4434,7763,3453,4067,4204,877,6395,2685
9088,5124,4485,7690,6031,4501,922,1563,5920,290,808,938,1837,435,951,6327,5179,3771,2622,703,1090,452,1732,454,10056,6346,4682,5450,4432,4689,4816,1492,1620,3416,7904,1377,1635,739,1253,3430,613,1259,1005,3183,3827,2807,4600,506,5240,1022
2822,3975,6153,1679,2704,8979,2837,8471,5149,2717,1055,8992,1701,3238,2088,553,10283,1964,3884,46,4527,6839,1469,1727,5061,202,3530,2251,4683,1227,2768,4945,2001,7634,6864,7641,4058,7642,9056,2017,4322,482,1632,231,3305,115,6004,2677,3443,123
2304,260,2186,3467,6155,1295,1042,5652,3349,5016,3994,2331,4378,2846,8355,5284,1955,7080,3626,1450,6316,2861,4653,3127,3899,3259,1984,1472,4932,200,1353,2644,4566,9303,6362,8287,5728,608,4195,3173,8169,7274,4716,2927,3185,3699,3700,5241,4986,509
7554,4995,2051,1400,3206,648,2441,8588,1682,2323,661,2326,4118,2977,6438,6183,1960,2477,2863,4143,1204,4532,2356,5432,3129,6210,3266,7748,7494,3015,1993,4555,3792,2903,2394,5983,2914,2405,1640,5353,3052,9715,6900,7413,4726,2808,2809,4474,5371,6526
6151,5774,1294,143,3601,8977,4499,2961,2838,5656,3865,8986,155,542,2467,2724,7209,4139,3757,943,2100,3509,4282,2874,1466,3517,1470,4923,4795,2753,6465,2756,1999,2261,9689,6363,5480,7784,4080,7538,2164,5365,5878,886,4728,9850,5884,4349,2046,3967
4864,4481,6402,9996,7950,4751,4239,3345,3215,5916,927,419,6051,10151,5034,2604,1663,3635,7862,4151,314,3135,2498,4935,8907,5196,7118,5840,1104,6102,1754,3419,733,8669,4835,4965,997,2279,2537,233,2793,3822,3441,2805,2679,8441,1786,763,638,4223
5249,2690,3859,4883,1685,25,1562,7709,800,1313,6566,4776,3625,2216,6440,2733,6702,5807,190,2495,1216,5570,1865,5962,3403,3914,2637,841,1360,4433,4439,3159,2521,9305,1626,217,5721,4830,3807,2400,4840,4459,8940,1004,7917,7019,1908,1273,3581,766
3457,3074,4486,1031,6024,141,1425,6673,9235,2325,1302,152,2073,3611,5281,5028,5156,2342,940,3759,6321,178,4661,4918,3894,2240,320,73,3913,4043,1867,719,6479,2515,5206,8407,344,215,2138,2392,4440,4319,481,3940,1380,10856,1001,2799,1904,6899
3202,2055,775,4233,4619,8972,781,5261,6670,3475,534,3479,3352,5785,29,5022,3872,3234,1700,1061,294,4645,6696,6185,7338,3756,5294,183,4281,1468,5312,12231,6088,842,3661,3538,3669,5463,4825,1372,4956,4190,6244,103,8938,5359,3572,6133,6523,5758
3715,5637,2697,2953,3849,1292,6928,5522,3606,2207,7585,8098,4516,1318,1319,4135,2218,1836,814,4656,817,7986,2737,5557,7478,2232,186,2876,3134,4931,5572,11080,8268,3150,2771,5203,1621,4822,598,1245,2659,126,1508,1388,1012,1527,8698,4605,2558,7039
5254,1158,4490,3211,7056,277,6424,537,1946,9498,3228,2714,1438,3999,2848,4895,8228,5541,1447,4528,6833,3633,2099,1331,4405,1718,4663,5168,2811,7109,2760,7757,1230,1743,1616,2901,346,6236,222,1503,224,1376,354,4711,4585,6509,3053,1263,2931,2427
4224,641,3586,1804,5516,5902,655,2575,2451,3731,20,5527,409,2969,7835,3741,4392,7593,3497,2044,174,8367,10286,8884,6713,1340,2885,1093,1479,1096,1354,3404,6733,5711,6736,4306,8147,7253,5723,1116,6754,4578,3684,6628,747,3950,6006,6009,1916,4093
3840,3207,1039,1298,3730,5245,11542,4633,1565,5023,2212,4393,5804,5037,4526,6190,6960,5551,7475,4153,5306,699,6716,3006,324,6471,2376,4943,3196,848,4563,6483,8405,9044,2775,4442,3676,1762,4451,3174,2154,4855,4974,110,6768,3061,2551,251,2940,1277
4992,5008,1427,5780,1174,1436,4253,4766,3231,8478,5795,932,5544,4137,8109,52,1589,1719,5949,573,2877,7743,3777,449,1990,1488,5202,7379,2004,469,2646,7767,7640,2518,6227,3796,3932,6626,867,741,1254,1126,5096,3818,3180,3696,1907,8053,375,9727
387,7052,1549,9489,1811,6420,1173,3607,6937,6682,539,1821,4510,3873,1573,5670,4518,3370,2348,6572,1324,3116,2736,5045,5433,4026,3320,8771,1989,3910,4679,1478,4297,2508,4686,5713,6485,3414,3418,2780,738,489,7273,3949,6389,1014,760,6268,381,3071
3329,645,4743,4487,3720,4493,8339,1044,6166,3736,1944,7195,1659,1310,2079,7712,3360,6178,2338,3745,4261,3750,4797,447,2751,1857,5183,5824,4940,6477,5582,6223,6606,2641,4696,4186,2396,3036,7523,5477,229,5990,488,5352,4461,3055,2676,7415,3195,2429
5893,265,3852,3084,1551,5268,6038,2455,160,33,802,676,809,2222,3631,4655,5681,1791,5555,1461,437,6590,5566,3776,5321,1101,976,3668,1109,1493,5210,1502,3551,4706,2915,5604,5606,1256,4713,4073,9323,8301,2158,4337,1650,6263,2680,4858,7675,2175
7169,3087,3472,6161,1554,3094,2199,2202,6693,3622,6568,3371,3244,5549,3499,7088,5298,2354,6967,3004,3647,8000,963,4292,453,4422,6728,3401,6607,6353,8018,7251,980,4948,726,6611,6364,5344,2784,7013,3434,5610,1132,621,2542,5231,5108,7030,8827,1535
1028,1286,4874,5770,6284,1677,1933,4622,6540,1674,7057,1557,4245,6808,6169,6042,3232,8611,6563,9508,2852,9258,1839,5171,2101,4792,9402,3131,6592,2881,5569,9417,6094,3665,7250,342,8790,218,348,6493,4704,1252,10597,8298,3695,2671,4978,1272,6397,6655
512,1793,130,9987,7298,7047,6417,2841,3867,5915,7326,7458,1058,8356,4519,8871,7466,1451,1710,3375,1582,7217,9777,4409,3387,959,3648,9282,2244,6085,4680,7115,6610,2260,3160,4697,8282,4189,8926,7393,5985,9319,6510,498,4595,4851,7798,4343,7290,4607
6289,4886,5526,2712,1051,4893,2336,6691,4643,292,1572,1709,2352,4274,306,7221,7094,2365,6975,192,7619,964,1733,3141,457,716,3149,1741,8272,1490,3030,728,5337,352,3554,4962,3685,6630,2408,2409,105,7147,4841,6888,7281,3570,369,4212,2933,3321
3460,3205,4102,6276,8719,789,4760,3227,8220,5403,3998,8736,6819,164,5416,4649,4138,1835,7981,1713,4276,5302,6583,6840,3895,5178,6074,2620,1597,1211,3264,7745,3140,4808,9681,852,2773,2390,2905,3834,7261,3678,7144,8304,242,5877,759,4602,5244,4222
3200,2947,1156,5251,1543,2955,398,7823,279,3480,2457,2970,2976,5794,4131,1196,428,7599,5041,8371,4916,7992,1722,5568,2112,451,1606,5063,2507,4428,82,8056,8920,2777,3034,8152,347,7002,8801,3176,6377,1899,4588,8941,5614,5111,8440,8314,2941,8190
2817,3841,7044,3589,7174,2311,6281,3726,2449,2194,2200,6555,5531,5277,6557,2720,8865,2081,7974,6823,9001,682,300,9388,5934,8750,2484,2612,823,7609,5562,6462,318,2624,577,3904,4424,6217,4307,1876,5077,4565,88,3802,2014,7519,6761,5488,3442,7671
6530,7042,391,4365,4109,2829,3088,4496,7571,4375,2971,1179,3233,4385,2851,4897,4769,4514,1191,8872,6062,4016,1459,2359,9273,3007,2245,1862,6600,1100,5453,8781,595,7126,6230,10328,1113,3936,9447,5865,746,6635,6126,111,1520,367,8818,1141,3959,6008
7682,2946,2696,3593,1297,6932,1686,289,7719,2098,1334,58,66,6723,6213,4681,2509,5847,4312,985,2919,6128,2544,5619,1525
7814,5641,3725,3220,6945,7214,7729,1332,1976,3651,4036,5193,1485,592,7381,3929,6369,2019,1767,5993,2035,8564,3064,4729,3706
385,2054,1422,4111,2577,2197,4759,7066,7706,6302,3486,929,8616,7465,1066,1064,7724,4652,5550,4013,170,3254,1975,6200,6842,9276,10430,7615,8255,6722,7746,8902,5447,4553,5327,8028,734,7007,6882,1381,8295,8187,8810,5739,1516,10989,2670,7280,2672,11003
3073,1289,909,2191,4879,5012,919,6425,3995,669,4640,8226,6314,10156,3630,6063,560,2487,5945,1985,1986,4165,2629,8392,4937,1866,458,8269,8531,7508,3028,8021,5591,4056,4184,4823,2395,7132,4445,860,10077,2912,5083,3298,3813,3690,1771,624,882,6387
4483,1668,9348,7175,5514,1164,1165,5645,1171,8723,7828,4887,8346,2459,6561,679,812,7469,4654,7215,8889,7353,5563,3644,5692,7492,1863,6344,973,589,3151,3280,338,6354,5975,6616,1885,6624,4324,2149,3181,4601,5101,4209,4210,499,500,2041,7034,7167
8064,6658,8452,2053,7687,7819,2701,1550,7438,3350,665,3098,6809,2206,5279,8482,6307,7206,5799,3112,4009,3885,6832,3891,567,7740,5442,6979,1092,8391,8653,6350,3023,5583,4687,2904,4057,9308,4318,3167,8672,3556,3559,3048,872,4847,6002,5749,374,890
6283,4621,2578,1308,1181,5151,35,3107,3492,8239,1201,2867,9660,2749,6080,3912,1610,4055,8793,2139,4316,4462,4219,893,2943
2691,4734,3595,4878,668,7074,7847,47,1071,7352,1467,2878,4812,1361,3286,2007,6232,2397,2147,10339,4838,615,2152,8946,1278
2562,1795,7308,9485,2071,4632,8985,5145,9245,4127,5537,1954,3875,1443,1827,4903,1069,10033,4146,10034,4018,5682,3638,1843,1207,5818,7355,7490,1091,7747,2510,3798,983,4952,1879,1497,5078,5090,4199,3309,1774,2159,3951,7664,754,2419,4980,758,5624,3966
6401,6657,1412,4356,3592,2184,6282,2443,9999,3217,3221,5787,5026,551,2482,7733,3130,8124,3263,7104,2627,4427,3020,2253,3324,4436,3033,474,2140,4317,3166,7391,9055,483,9827,3429,4072,7913,3691,7276,8300,1773,4082,4348,2934,1657,1402,3963,2684,7549
5638,137,4235,4877,3982,6418,3860,6297,3737,9506,9006,6452,5813,2358,3641,8122,4926,4928,1603,6478,3663,2385,3025,5075,5973,6998,9049,1370,4955,6620,4572,6235,2527,2781,2401,4449,5219,612,7397,1896,1129,7148,5997,5229,6645,4981,8825,1275,6652,8447
2306,2179,2823,1671,8703,9484,1037,1808,4756,3357,2721,2723,10148,3239,1453,2481,2355,5044,2483,6195,3514,5819,4416,5058,194,1347,6342,1608,3529,8652,8524,2381,460,1997,850,2133,725,4567,351,736,6496,7651,2789,8039,1769,7662,496,4473,7674,11135
2176,3977,5513,3854,5518,1683,3992,3609,794,2295,7962,1950,1957,1320,3241,2858,7337,4012,1972,7988,3909,709,5703,3400,5065,1482,8010,7883,584,4302,1359,2126,5842,1747,6104,478,1888,4961,1257,4458,4335,7535,3314,2294,5367,3576,9466,6267,3325,5886
6280,1417,3082,7691,6797,2702,5010,5141,1945,4890,4380,2466,2085,3366,39,6826,2091,684,5418,176,1457,1588,3515,4029,5950,7874,5446,6219,10831,596,982,3158,6488,4569,6878,10206,9566,5854,1759,1511,5354,235,2414,4465,370,1015,5494,8310,7162,7548
2438,8840,4491,3468,7055,3344,3473,2193,3986,3727,796,7071,4768,9120,2082,5162,5933,1326,2740,6069,8503,6711,56,3001,5307,6331,8637,5559,1339,8772,6724,713,7245,7502,5456,6995,4185,2652,3037,2658,99,7269,5869,1261,8816,2162,6003,4084,5748,2559
128,8838,3079,5894,1545,3336,2444,7439,8848,1553,3984,9359,1556,3224,5914,7067,7197,4255,4001,2086,1574,8236,7340,1199,3762,2994,3379,4665,2108,9790,7872,196,4169,8522,7501,1883,988,8799,1120,994,2150,2791,8424,7785,6891,9966,3568,4081,6132,1140
1408,3459,908,4749,524,2324,4120,1819,3996,8987,6942,7967,6299,6562,10020,3365,2853,6948,7076,1455,5423,9650,5684,4277,5686,4279,6456,4793,4411,3261,1855,1094,70,2636,4561,1106,4049,2005,1366,1244,2398,4832,4320,871,5735,9960,4725,8822,505,8699
5889,3076,11013,5510,5256,6286,271,1807,4505,27,8477,4638,5923,675,2601,5289,5809,6962,5683,1586,1084,5313,5953,4805,839,9032,2505,5577,6347,1228,7373,5064,2895,2120,5586,4308,6869,7257,9435,3933,991,6112,3041,9828,9577,6382,7026,3704,6011,10879
5248,6274,3462,6408,4988,4369,2964,532,4631,2075,3106,4900,677,4902,3109,1959,3500,5424,8117,1077,3255,1848,6330,3770,2369,3783,5831,3786,1355,5964,1868,1614,3667,3156,6613,1367,1371,8540,606,3171,2276,2153,361,5609,7149,494,5998,7031,6521,892
4998,1032,1416,10120,4875,2957,8591,5264,10257,4884,1684,7068,5668,7461,5545,1962,3243,7980,4396,1454,8755,3385,4666,316,7360,2499,9033,5323,971,4174,1231,1615,847,5201,4691,1628,6366,609,2148,1768,3307,3953,4083,7924,2548,3446,5363,2938,2300,511
6528,6913,5507,6916,8967,8,5387,907,5389,5260,4495,3343,2579,788,9364,415,3871,6303,933,5932,2094,50,4150,8121,4542,5827,1220,8529,3923,2136,5338,5343,2015,865,5599,8551,3815,1897,874,4844,2668,8693,6262,1655,6776,1654,117,5116,8061,1919
1794,5125,7431,4364,3346,9750,9238,5910,4121,5276,6301,7968,2722,4263,6571,2735,6199,5048,6203,2619,3646,2752,1729,1738,2891,4557,7758,1103,1102,8404,4310,4951,3672,602,475,4444,6110,3939,7654,1002,6636,1134,4467,6388,5238,887,7416,1787,6910,5503
896,1792,8325,4617,3471,1428,4635,6427,8349,2296,6690,1956,2857,5806,3887,4144,4529,304,187,5823,1856,4161,6848,704,5060,3269,1605,4171,6989,8782,8911,718,5965,6612,2006,6359,3671,6233,2141,4575,2913,4709,3943,3047,3693,1524,8312,6779,9852,6013
6020,516,4231,1800,10376,3979,1163,16,6674,5395,2706,7314,405,7961,413,543,4130,548,4647,3369,427,5931,4909,7089,6323,8244,3901,840,586,6474,2890,1234,5714,8660,6996,8150,3417,6365,9441,4963,228,7396,744,6378,4075,4714,1900,5490,7670,4479
1665,637,2954,2187,4107,910,5007,660,4629,6294,7319,7958,7321,666,7191,5501,8222,7204,8615,1917,4399,5170,3382,9154,2243,6399,4674,710,1481,7886,5071,463,977,1107,1495,4954,8156,4191,610,3683,2920,8425,6256,5620,629,1017,5627,2301,7550,4351
5633,3331,4357,263,3465,394,6411,2572,3980,5132,4123,7070,1567,9887,2211,6310,8231,168,942,7984,4914,1973,8632,8504,7610,2363,5181,4670,4929,6209,8005,6727,9682,3412,2900,5846,8795,7392,5987,8419,232,1130,8939,7790,1011,2165,2423,1658,3451,2430
2561,9732,3077,267,525,2830,2190,9232,9106,8982,3734,9214,8730,1439,1406,9124,9896,6057,9385,6827,2987,6829,5935,4531,308,6969,5952,2628,9542,6858,3277,9166,7885,4821,1369,6874,2657,2534,870,8170,11244,6260,1909,8309,3829,2549,2171,3836,1405,9598
2049,3971,4103,7697,2963,3987,22,6043,1948,2209,8610,1067,5420,7346,3763,3512,3002,2875,4668,1853,1598,9535,4288,10308,1224,6473,4431,3408,6993,4178,8402,8275,9171,2902,2129,80,2137,4060,5215,5855,6113,3937,2794,5487,9841,5874,2292,1269,1016,2298
8705,1539,2563,3847,10641,7449,4381,2590,7583,2464,8495,4785,1841,4147,955,8383,8512,6337,2113,2886,2431,2888,2632,4038,459,332,6093,7627,1871,3793,594,2898,92,5726,5088,992,8291,2788,3431,6375,7151,2802,1397,3575,377,1018,5115,1660,6142,3327
9604,4613,774,6663,6409,11278,6416,2448,786,7956,2069,9367,2460,8094,5409,4515,8360,8748,7084,1452,1711,6192,6449,4786,9264,438,6585,2235,1858,962,7112,7625,1995,6220,9549,2687,2393,5852,7901,6623,1512,5738,2667,2924,493,3820,1395,3839,3709,8319
1536,8320,2307,6533,6027,7436,9997,8337,3474,149,6678,2713,3099,930,5027,4644,5542,6442,8877,7856,947,9908,185,1723,10428,2109,961,3394,3522,5316,6597,198,6598,3654,6986,5451,3534,5718,4313,7898,1629,8544,11874,7911,9320,7408,9204,1530,6140,3965
1921,3590,5385,275,8085,5654,1048,154,2208,7972,9128,5885,4395,1965,4525,10416,3376,3508,8633,2490,3642,6843,5822,3391,3012,1740,7372,3662,2127,464,591,7378,11863,10199,1496,3803,3677,7776,4194,1507,357,2023,1003,1772,7789,1777,2036,4220,4221,3326
5504,3585,4236,5135,6032,2065,1943,1816,284,7841,4005,934,1575,1065,7594,44,4910,6446,6577,2611,3124,9399,3000,9146,4539,1212,960,4423,6599,1611,3788,1358,2514,339,5844,7764,9172,8924,5725,4958,1501,3552,862,2146,7779,996,2143,1387,4334,1911
132,9221,7432,777,10,7818,4748,10639,8464,3983,6288,5521,1822,6431,287,6309,4905,3118,825,4283,6588,6075,3136,3905,5184,5574,5191,9291,2383,2774,2519,2264,5080,1758,9183,1121,6627,356,4842,875,2412,9196,6124,7914,3821,2163,5368,5372,7806,7935
258,259,4867,3337,7178,6412,1678,3856,6162,4117,6683,5020,156,6174,7965,430,2738,4404,5941,8631,570,4027,5053,6976,5445,9158,5829,2380,2765,3919,1487,1618,1240,1624,4699,7676,7004,93,1247,9317,1765,8812,2030,2928,4850,1778,7412,6906,4092,9086
8448,6531,6019,903,393,3209,5769,2446,4627,6419,7574,6167,1817,4252,7459,6308,1830,6058,811,5548,7596,6955,5035,2226,4659,7735,835,3013,3142,3527,3656,7367,4556,3790,7377,3285,7125,3415,1756,5596,8288,2274,7146,5995,2413,1647,5103,1265,6771,3711
9483,3596,3086,4112,8593,7957,5397,2583,3989,4379,3229,4639,1699,11172,9381,6181,6437,6709,6582,695,9527,5561,1978,5690,5180,4796,8128,3011,3273,9418,5326,5072,6482,3799,1623,2010,3420,10205,2271,2272,5602,7139,4325,6379,1645,6893,6127,3187,7286,4859
5505,1025,1673,3722,9233,2198,3866,8731,5021,7327,5025,417,1315,3496,8105,8370,9907,4915,821,7351,11191,5177,2491,10939,1215,1345,1602,4421,3785,8013,2382,6480,11216,2643,5594,220,9181,2399,737,8163,4070,8806,4972,3440,8049,8050,3317,4599,7032,4091
0,10112,5764,8069,5128,1801,10636,6158,1296,8852,2582,8344,4770,3367,5288,6697,6311,4267,7975,688,5554,4149,54,3893,3897,954,8634,6077,9027,966,1352,8141,9041,6615,5335,4827,8284,5988,6887,1898,8944,2161,6130,2291,7283,5621,6516,6391,3452,1662
9089,3843,6532,4869,2826,4362,6026,1423,1936,2447,8595,5909,5653,4634,6430,7584,6306,4003,8867,1060,678,8357,1576,9641,5290,12204,5295,4159,8256,7362,4420,4426,4170,4554,1229,5073,3029,10070,1749,5848,604,7262,7907,7782,749,2416,625,4594,2040,5499
3201,772,1157,1799,1419,2574,3470,4497,9108,791,7838,6047,6947,5924,7849,1580,8882,5299,5938,1078,5430,8249,1725,4286,5057,8257,4041,7881,3915,8780,2513,4698,3547,480,2787,1892,7141,4708,3432,2922,365,4347,8175,4592,2033,4598,9465,2682,5243,7292
3458,1155,7302,2312,4750,3861,3990,9755,1696,8097,2346,7468,8621,5422,8238,8752,6193,6447,2353,8250,4294,3655,1737,2252,6222,3918,1872,340,4824,857,4188,7645,5214,1118,8800,5601,2273,7649,3045,998,6247,7529,3565,2418,10739,7284,3319,1274,5883,7294
4480,10880,7813,3078,5751,1672,6795,4363,3469,8461,1421,529,18,7445,3222,2072,2458,10779,6044,7069,1057,3618,1445,556,2990,3248,7090,5172,569,7485,5697,322,3920,4309,3161,90,349,9184,4321,8547,614,616,5482,1389,3573,5879,6136,3065,6525,383
9861,7176,3214,4367,6677,7061,5274,8734,6687,3619,10533,5926,5805,7727,48,3632,2610,4787,4020,3510,5943,6071,4408,11450,8251,5944,2494,8767,5311,580,325,8135,7626,9547,6988,10446,6991,4305,213,7001,3545,3674,5473,5221,3942,3557,5484,119,8696,9723
3968,1280,8704,4868,1541,1401,4746,5258,8338,6163,6164,662,3862,5532,7452,8479,8480,4002,1444,4010,4017,7860,2556,2748,3772,708,7878,8267,5708,5198,336,1617,3926,10202,3931,2911,10848,8416,6376,4712,2410,4586,3838,1392,6129,9460,4857,8185,8700,510
11650,644,5127,4744,5390,11279,8981,2967,798,5919,5664,3487,7073,2465,2213,3751,6139,1193,6569,2474,1068,2224,1073,7223,7864,7225,6849,3650,1987,3265,3016,3019,4304,3537,2896,4947,468,1235,7254,6866,5845,8025,7010,3170,7394,6374,5994,6517,5753,9083
3072,2560,2432,2052,3717,7560,4108,6543,784,1172,5525,2580,4889,4761,2334,4383,671,1441,3236,2469,4646,9003,11695,5553,2996,1079,953,697,5308,5437,9021,5695,5958,2386,9302,8024,7896,2008,9310,6367,4584,4206,4976,1523,7028,3955,11763,248,4345,2172
3718,6793,6666,9612,2189,401,4114,8468,1430,2719,31,8737,5408,2215,6951,172,8492,6956,11439,2093,7474,2230,2104,1594,2621,4032,5443,9800,10315,4045,4435,6228,1877,7639,7384,10585,3038,3042,6242,5732,8427,10863,8687,7409,3316,4340,5750,6647,7414,10105
7936,6659,9603,3208,1803,5003,4241,8594,2195,4242,5396,6806,151,9619,7315,6421,795,1309,6559,2975,6175,550,2983,6448,11059,2741,1592,1083,64,3448,3398,5449,4044,6990,2772,8151,5087,9697,3300,3046,2407,1386,4332,6511,8177,7669,8182,9208,4861,4862
5250,9225,2059,5004,1934,4238,8465,5905,9109,6295,6936,1947,7077,166,7592,3113,1705,5419,3242,2605,7470,7983,565,9013,2873,2364,8893,3778,6467,8388,6345,5709,6224,5715,84,2131,6486,6753,9058,4454,4326,7398,5224,5098,2029,501,2042,2173,3710,9855
9472,5635,7684,6405,7301,3719,1669,7181,6160,3985,10775,10780,1053,11168,5793,6050,10107,4134,941,6066,563,10809,5310,5571,5324,9932,5454,4558,4176,7630,1362,7124,7128,6105,2012,476,5603,4068,3945,2925,8557,7279,3952,3186,3574,11766,7288,1142,378,1147
8576,1409,522,269,8718,2959,5013,2709,3997,6048,673,6436,7334,1704,2860,6573,3374,4913,8375,5175,7356,3005,3645,2493,831,1852,3906,2114,2115,8776,3666,854,7770,4571,5980,2526,5857,9701,4966,8824,2157,5230,9070,1521,2674,3830,1656,6524,9470,5119
3584,7304,8712,1932,5262,11025,7954,4758,9624,5146,7964,6046,158,5024,6564,7211,9259,5293,10032,3377,1714,820,3126,8766,7999,8384,4804,967,329,2250,2897,722,2645,9307,6495,8031,5730,8932,6756,6633,3692,2797,4208,6770,1653,9078,7928,2297,6010,1276
6272,1544,3212,9870,1167,5520,1806,403,3226,7963,5789,2718,9503,9379,5286,1703,6439,7721,1194,3628,6838,1086,1217,5314,6978,7491,8258,9803,1996,10571,9296,7506,10324,724,8916,5853,9437,7518,4192,2020,7142,9193,6253,1008,4593,4979,8052,4469,1403,252
5760,643,1796,1284,11398,2439,9226,1291,10250,4752,9491,3613,1312,1953,10018,5413,3110,1322,2221,8113,7218,9780,948,440,1721,4537,827,7229,1604,8774,5704,7113,8777,2763,10828,4303,6095,3154,8279,95,4703,3168,7906,8549,9449,6506,2026,6514,10226,9202
4227,6148,3335,2951,6025,399,5117,9239,5271,6679,11037,3103,546,4132,1832,1581,559,7859,8245,950,1206,7230,9922,3525,6603,6097,6225,8786,4564,9304,6745,1114,9688,9438,1127,2792,7145,3947,8684,4589,7915,879,1135,881,6639,4339,4087,3835,3837,7934
5632,7170,8326,6791,2824,9863,7306,7307,7945,5901,14,2833,7955,5140,1941,3738,4125,2589,1189,1062,9766,5163,8363,4783,10161,7732,9397,571,9787,7357,3138,7363,4813,9422,8400,1875,3032,1880,6490,5213,8158,486,9063,8937,9835,363,7796,5754,125,5375
6656,9600,4,7942,1927,5000,12,2960,5138,10390,1433,3482,5147,9499,3870,11038,4128,4512,2083,5669,6828,7213,2864,4536,11129,2236,7484,7873,7750,5068,6605,7800,8525,7637,6357,3548,6237,2524,10975,5986,3437,8691,10612,5109,2166,8439,4086,2678,4982,3582
6662,5257,6669,3855,658,6803,2068,4630,8984,792,2843,9627,5405,2204,9122,7843,6393,2214,5160,3624,6825,10285,4015,6836,4789,6847,4031,3521,1219,1735,3271,1225,4814,1742,7897,2916,6502,10342,7657,2156,5871,8559,5104,6769,883,10100,5493,8694,4985,2170
1026,7172,3845,6920,7821,8335,2835,6422,667,540,2972,6305,3621,9510,3495,4651,2223,6453,3766,7095,9274,1596,2882,8899,5573,582,2378,75,3411,6867,6099,7383,6492,3962,5471,1889,7266,4196,5092,3686,7783,8296,8570,5105,6258,7155,1138,634,1914,7038
11011,4739,6918,8711,1929,10378,9994,3850,5005,5651,3732,7836,8996,425,9514,6059,11319,7991,5435,4414,830,4160,4675,3779,461,9039,9424,1873,5969,10198,3543,87,5081,9949,4063,3424,3426,7780,8679,2285,4079,5489,2289,5746,9461,1526,10359,6648,3450,5628
9984,8193,11778,3330,9096,1431,1175,8089,2585,7323,1820,926,9504,6692,10278,2470,4781,9774,11824,3889,5173,7481,2110,5567,10306,5188,10566,6984,3657,4809,2124,9420,9293,7503,2639,2003,10325,7895,2907,8923,1378,6883,9321,3566,2032,753,8179,10487,5881,895
6277,5640,266,7183,5777,4753,916,4503,3991,3483,7582,4391,2856,937,3883,4660,4022,3516,3262,1474,707,2502,6738,3027,4180,8535,2267,9052,7388,7390,4315,8032,4062,3035,8293,5093,2539,4076,109,4590,5228,4464,7793,3826,1644,7275,2037,3318,4732,1534
6400,5122,10114,3970,8071,2569,527,8596,1687,7320,8088,7581,3747,7971,9123,1829,9127,5543,1571,6060,5169,3251,6584,3386,7739,6461,5696,6468,2884,6086,6470,10959,6608,5712,2520,4957,3806,6749,5605,3175,8040,1258,1518,5747,2420,7797,503,7801,2939,9212
4736,2305,9090,2048,4740,4229,2310,9862,1676,2450,1812,407,6552,5401,8606,7713,2849,1187,6818,8866,5414,2473,2859,686,7344,2613,3900,5439,8640,843,5197,3284,5595,7899,3808,3708,8545,1893,7015,5481,10987,5355,8429,7150,8942,3954,1912,4346,10236,1790
7426,7299,6021,2566,10761,9357,7059,11027,5139,7318,3478,1690,2332,1311,11552,5667,8103,6186,2603,7726,8885,2102,2872,10680,2107,701,6845,2497,4549,326,11466,720,2257,3155,6100,7892,8661,3801,6234,9690,8294,2535,1639,7401,5356,5615,9967,6392,6780,3069
6147,5123,7045,8454,2950,396,10381,2318,8463,8592,8343,5912,5529,10906,2330,9628,9501,7455,162,7979,10415,5297,434,7473,2097,6970,188,9404,6332,6595,837,5833,3148,3664,8145,6231,2265,4187,3164,6107,10334,4579,9187,9064,4330,10349,8048,757,9590,11515
10625,7297,6917,7558,4615,6152,8458,2570,8845,3342,9104,6929,10008,1305,6816,12192,5925,8870,6182,2730,12076,8880,6064,9395,2357,4667,9406,4930,5698,4547,10565,5319,7884,10317,9297,9425,2132,4820,1238,10456,8154,10847,1895,1513,10090,4718,8689,8951,8952,121
7043,1414,1160,8073,6415,5391,5392,4863,8212,8851,5655,1177,5019,6939,5918,4256,1568,1570,3364,8612,555,2606,1967,9526,11579,2492,4671,5059,4419,3908,6726,8648,1736,6909,4172,5458,5974,3670,2778,7008,2786,3043,2660,5094,4331,1902,249,4218,5629,5759
6278,8585,5002,7179,10121,4494,2832,11921,1299,10902,2839,4249,11931,8350,10786,4262,6325,4533,7224,2747,7100,10815,2111,9921,4034,9031,4167,3018,8266,6861,78,2893,8528,2002,10072,9945,10332,9054,3550,10336,7652,7526,4327,3302,3433,3694,1009,8055,10745,5500
5378,4611,12035,8842,6539,8208,6545,11154,7441,8849,3728,6550,5400,7450,6943,7199,2592,11554,9891,6266,2471,10803,6835,8890,6586,10684,2241,4933,2501,3658,7628,1613,9805,8788,6999,3287,7133,989,1505,7908,6120,3308,5102,4078,10608,11892,9975,3832,8442,9853
9986,6786,1282,6789,8580,3203,9236,6039,1559,9241,8732,5788,3102,8224,10402,6949,5032,4136,43,9004,4397,6065,11827,6707,8758,7606,11575,4025,11197,7486,8639,2625,6466,6854,7163,10953,5588,1365,4053,5478,9062,4715,10221,6257,2545,3059,2039,9849,891,6783
3588,7565,6799,7575,11034,8219,11676,12191,9125,10792,2552,8876,4141,6578,691,11190,10168,12600,5052,8380,7742,829,7107,6852,8389,8006,7496,5961,7369,7755,3022,7887,8016,5976,8409,11224,5851,6360,11999,8033,1250,9453,8051,5236,4852,8184,761,6394,10493,4990
5120,1153,8962,4870,10760,1547,6173,2335,11169,2596,4901,9637,10535,8484,9252,7085,9518,4658,2228,10165,5946,3388,10748,6207,7233,3143,10697,12106,5195,8144,10068,981,8918,5716,5464,3162,9053,3294,3295,11619,7781,10478,9458,11382,8823,10360,12409,5498,7931,3964
8195,1542,5896,1162,7693,1303,1561,2077,7325,6433,7201,4517,2598,8745,6574,944,3249,690,1329,1974,5817,6204,62,5825,3067,4042,7890,3925,6742,7643,4061,2269,9824,993,6370,3553,8289,101,6884,6886,3306,2669,4720,9207,1651,631,5112,9595,2302,1151
2564,5511,7050,9742,8082,3476,917,10649,3614,5662,8227,9894,10926,5039,12081,4530,1458,3380,4917,310,10038,2488,10620,1074,10301,7614,5575,1099,11212,8783,10323,9047,3928,6872,1882,8539,6494,7135,3296,6371,5859,5989,3814,10601,3050,7017,2538,6637,9714,11004
8577,3976,5900,3213,3599,4502,6426,6556,1052,3612,1440,8993,7078,1448,4523,5547,6701,4398,3886,2991,561,562,5043,5940,7605,1591,6968,1209,7483,6589,4544,1476,68,8008,2638,5967,5329,3410,5332,4831,5729,8417,8420,9446,2281,5483,9582,6137,7419,380
3332,1797,1035,2060,2445,1300,3608,11546,5790,7966,6180,5285,7718,1578,8878,3504,2227,3764,1716,6201,826,2361,6205,2623,3008,8259,1992,2123,4429,6351,3921,210,979,465,4950,731,9695,1890,7525,4583,4456,6119,5608,2411,5870,11631,7536,9331,6138,894
6529,3339,6414,273,3477,7063,4251,8092,5665,1958,1446,1834,2347,8364,4906,558,3247,4278,5687,3640,9400,7226,3390,4802,9543,3147,9299,2259,341,2391,2651,7515,5212,5342,6238,4450,7267,3555,1894,2918,2282,4587,7534,9840,5622,5880,2299,2428,7677,2942
12288,5761,8198,8839,3848,3721,650,10633,12044,9866,10776,7576,9754,281,8868,5157,8742,7081,4779,7341,7597,6450,11314,8372,7995,8511,7232,8132,7754,6091,10186,1998,4430,4047,5460,9558,4568,7771,6108,5733,10087,5486,6766,7152,113,3313,7157,1143,6777,10878
256,4865,4610,9728,8455,7048,7944,2314,9611,11665,12435,8218,11419,12321,1188,9511,5165,11187,11828,8115,4921,11322,9147,1213,7870,4673,10178,4806,10314,714,6860,9036,8138,11214,3026,11348,856,6617,8668,1374,8161,6881,2278,5351,7665,9585,10486,9847,10488,11263
11658,10252,6413,5649,9234,5398,6807,1691,6300,2845,7844,10021,3748,7336,41,8746,2475,10541,11438,4270,945,1970,3252,4535,3260,4798,4546,836,3272,8395,10443,11729,4695,986,3290,8412,9693,5469,7903,9696,2530,11755,6380,2028,4848,5617,12017,5744,1267,7422
4612,2309,5512,782,2062,7570,10773,7702,9496,7705,8347,9118,6558,2594,10275,4259,5929,10409,9905,5685,12598,2998,2485,4541,1600,1473,1859,10055,9673,7114,10955,10059,334,6352,3040,7520,10466,8418,1637,12665,11115,10860,10731,3054,2543,3057,8307,7925,9593,10235
4993,7812,6279,8456,4492,10254,2322,2066,5778,10522,6685,10526,10910,8486,5417,4778,1584,11698,6580,1845,312,8123,9915,7489,9667,8003,9413,2758,10053,5318,3274,975,9554,3794,4949,1750,1622,5209,9946,11113,5742,2929,4722,6385,3060,9845,12151,8313,9596,254
3328,4359,9095,1287,9356,2700,11663,9362,6292,6933,8090,7328,545,11174,8240,432,11442,10419,8496,952,8379,5693,6719,9541,7110,9926,4293,10568,9802,5963,11346,5459,8532,12376,11609,10458,11994,10331,6491,1633,3938,5091,12644,1124,8038,11123,633,9978,8315,8828
3842,7171,8196,9608,11528,5897,10124,1169,10515,147,1429,10231,24,10905,10394,5282,10537,9517,3245,1202,8373,1335,5815,1342,11198,6850,3396,9801,206,10063,4946,10579,1752,2782,12128,9313,8674,9826,8552,2665,11625,237,10481,5106,8317,4215,5113,2554,8701,6654
6144,2945,11781,905,6667,8459,8075,5775,531,8856,920,2968,3484,7454,1824,5280,9380,8999,5676,6445,6189,11445,8120,5304,10944,5955,8645,5830,8390,11338,4941,12238,10321,2262,7386,10078,10335,3039,9057,10851,11749,11774,7527,9703,8808,10603,3564,8445,7678,4095
2688,898,6146,8582,12426,10125,6030,9998,3602,787,11411,12440,5658,4891,4763,2587,5278,11420,9632,3617,6434,2425,4780,819,11702,3896,5565,1471,11200,11972,7366,5581,9678,11983,6865,9938,7129,11100,9573,6885,1382,11626,9962,7404,10352,7666,5497,9082,8444,7037
7683,8708,10887,12415,1033,523,4620,10000,5266,7830,11802,3610,8605,680,6704,11569,6328,1208,9658,10811,10040,957,2750,10431,3009,9155,11459,9669,10438,8263,7880,11975,12108,9038,7635,6747,1373,10717,2532,359,3303,4460,11117,10734,755,10099,6390,4472,6653,7807
1538,2178,9230,10260,6805,8341,6036,5275,3742,8998,2608,11954,7347,6581,8760,5049,8764,5055,2496,6336,9666,6721,9793,12613,11076,3145,2511,7504,9811,9941,6871,7513,4573,6752,11622,6759,4329,4970,8809,10605,9710,751,1776,627,8820,7027,7795,6905,11899,1404
10116,6661,2694,3973,4872,5129,8332,6159,6930,3219,12310,2840,3101,163,10787,7333,9639,2219,6830,5296,5939,9396,2742,2743,7227,4415,4417,6087,1480,6862,3282,1619,3924,9819,4828,6619,1886,4065,6497,743,7933,10730,5099,5100,5616,630,11383,3323,2557,6143
7552,7437,7694,9231,11157,6040,11673,2586,9242,7448,10270,8096,11424,3108,4007,9512,11826,4275,4406,10681,11578,9916,1726,7240,8393,11722,6987,76,6476,11769,6863,11984,8778,11101,861,10462,8803,8676,5348,9575,8807,10345,5225,9580,11116,7663,6642,9844,9081,11002
8961,10115,1667,2435,8328,9097,4881,9618,5907,11284,6675,2201,10140,8861,11040,4641,804,3879,2607,9649,6196,2870,12471,8376,3767,4794,4154,10821,7877,8142,4944,10193,2258,5457,1364,8406,6103,3675,8155,9564,1246,97,3177,2798,10223,1390,1648,5110,7932,9725
7040,9858,5126,7817,11019,6028,2320,8472,10015,9890,9635,2979,4004,2854,9002,9773,173,8493,11700,2869,7222,3128,3256,5434,1980,6977,2242,8004,6853,2374,968,2121,3789,11856,6609,5970,9298,4693,8917,3031,5079,5849,617,10220,6898,2932,8569,9338,9468,8830
10498,7816,5386,9098,10895,10645,4377,5786,5017,6811,7839,3744,4642,7714,1316,9471,9640,9000,6324,4155,4413,6082,9923,6725,8518,4938,8011,5834,5322,2642,9685,86,7511,7000,7382,10591,7009,8682,5611,5227,8685,3438,240,8562,9332,7029,10228,1270,1784,8191
5377,1281,7940,261,5384,8201,5134,402,9366,9623,8855,10393,7196,9507,4389,8488,3753,11306,3240,10539,302,1200,9651,10292,4788,3383,10174,9279,8898,8134,6856,6221,6734,2766,9170,6997,9943,4829,1761,5474,1634,4581,4457,7531,9964,9968,5235,4853,7799,6907
7296,9094,8583,2061,6542,1040,1937,9874,3347,1301,1046,12054,11544,11547,11164,2715,8991,8614,8873,5036,9645,10799,6451,5556,5689,10812,9150,9791,11839,4287,11970,3907,10567,5578,6602,5580,3292,7774,6245,2024,12010,9583,3824,10994,5618,10743,8572,7421,6398,5495
5376,7553,7938,6275,11265,2057,10765,7566,4115,6676,2836,8726,5782,3739,4509,8733,9630,4387,806,11307,1969,1971,6963,7869,9918,7620,1095,6782,10956,2894,9807,10704,2769,12115,3539,9813,8662,10970,5979,8029,9956,2662,5991,9194,1006,9199,8565,1145,4475,4094
4225,8321,4999,4616,11146,11404,8589,7054,1935,6812,12061,5152,10529,8352,8481,6694,935,2984,5673,1707,3502,11184,7091,7093,182,1850,9277,9536,11840,10690,6214,4166,1356,4051,5076,10197,7258,5598,9567,7648,10978,2661,5992,2540,1522,9717,3445,2038,9336,5626
12160,5891,9476,8581,518,4871,10247,11526,5644,10511,5647,6290,8978,11158,5015,9113,11035,2203,10398,6815,672,4513,4771,8233,11179,7342,6319,9525,11064,9920,12225,7235,9931,3405,9935,9939,9559,10587,1122,5222,7530,7660,5358,2288,8306,4213,12406,9205,7160,5756
3969,12163,2948,7941,7939,2698,8330,12172,4626,11539,3091,5781,8854,11541,4888,11031,6170,11803,11294,8099,11940,11556,8102,10023,9768,2090,6903,10412,12074,2734,2992,8753,7604,10421,5558,6015,8509,4291,5959,10066,5211,9436,1499,10982,6122,10993,5234,5623,6014,767
3712,6403,10373,6150,9480,11273,6922,3340,11023,785,10003,3093,9377,11555,5540,6821,8358,7208,4265,9390,1327,10364,6961,11697,9393,3636,818,10172,2634,9037,4046,7759,3024,8913,4559,1491,8276,7255,2910,11360,3169,9953,9961,12780,10477,6773,1782,11260,1918,12287
7041,1537,10244,9734,8329,6924,6925,6157,3341,3216,5136,2962,10643,8213,4636,8351,8225,1185,11810,1190,10024,4522,5291,2989,8625,9652,3768,1464,8761,700,6972,4158,2238,4028,4164,4298,4300,8791,1498,3293,4576,8675,7400,6508,2286,8815,6513,4597,2421,10237
10755,12421,7686,6023,12425,5259,5144,5534,11808,8353,6179,9513,10922,8491,3881,11437,9129,2988,12465,8501,11957,4538,12476,8895,2754,11588,2761,10954,11852,7117,12109,9295,8658,12500,8664,3961,9818,7516,11490,10472,10858,7021,2160,12401,9457,2675,12150,6520,6265,6650
8832,4866,4354,9222,7433,10377,2316,9487,10768,7190,5911,8598,4637,12062,12064,5154,4774,11942,11304,10921,11818,5426,3123,8118,8247,834,10311,9545,12240,9937,9936,3797,11096,10329,11098,1757,10846,12765,4833,7137,3944,3688,3051,12654,7791,1137,2546,5492,9719,12286
7808,2437,8709,9607,2185,9746,10386,11540,10261,10006,10518,3864,9372,6686,7969,11299,7332,11044,422,6317,11693,7857,6322,9139,9268,9784,9912,9409,8386,10822,12492,11732,5717,11222,12375,9182,1630,3681,10594,5220,9829,10214,5866,5867,6892,10354,8563,12405,6775,12282
10113,1029,6538,5899,8716,5519,7184,10770,9748,12180,11925,11671,3481,6681,6684,1183,9249,10530,7716,9776,693,9530,6206,10559,575,3137,6851,8519,12488,6475,8654,10575,5331,7509,2647,11993,12508,9309,10338,11364,9700,8423,5863,9448,9197,11121,6772,11893,3193,11387
1666,7810,12670,6915,5767,7947,9228,10513,8083,2710,9114,8603,9724,7708,9248,9980,8740,2343,8106,3769,7996,10557,9278,6333,8896,11202,71,10569,8397,2388,7512,9816,7385,11869,10207,2528,9440,4452,10596,7910,9832,4201,6762,2921,8044,4463,2034,8180,12284,5246
8066,10505,10508,7053,4623,10899,8853,12185,7194,6553,11298,7586,12325,10410,10872,9134,10289,10420,5174,6198,10299,10043,11580,12353,12739,2372,9412,328,11209,9292,10830,9427,9556,6741,11480,8153,11867,4700,11743,5216,9825,2402,12384,11109,10217,3823,4207,7537,11640,12414
12546,10756,9991,10127,3857,2321,5523,3355,9117,1951,10658,9636,10279,10408,4524,9982,8242,11955,2486,3643,9788,10813,11069,10814,3520,10050,9795,11204,11845,9286,5700,7238,8651,11340,11342,10318,10322,10836,9569,7270,1515,7020,9709,491,7407,11760,3190,11771,11134,3199
9473,11009,902,7,2183,5639,8204,11536,10001,12176,915,10262,12056,1307,8093,7710,2974,1825,12066,3494,1198,4400,5937,5812,5814,10295,2489,1465,10816,1731,8900,8775,7368,5199,6098,9180,3804,2655,4066,227,5476,7405,1262,5357,12021,2550,3703,2168,1531,10877
7425,9606,10631,11529,5001,4876,8207,10898,3605,11927,9497,11423,7079,8235,6444,6576,10673,9138,10290,2681,8891,7361,8387,7879,8009,844,10319,12624,8657,11219,9687,9176,11484,10845,6750,4705,11617,10211,10340,9572,10216,8042,7658,2796,11754,9071,8054,7161,10490,5887
2,5381,10502,9224,7946,653,9102,7309,10258,2453,10391,6810,9370,9756,1050,10911,11425,5412,7205,9644,8749,6575,3506,10675,12084,8506,9019,3392,2630,6731,588,9421,7893,7894,10967,10840,11736,11616,9954,6373,1128,7403,11756,11500,8560,11378,4341,8437,2935,1789
647,11914,10509,12307,1813,11926,6296,7832,12312,9883,10651,11293,8354,11171,2472,11049,42,7467,10417,9011,5811,4407,11329,1222,4552,2813,8650,11468,204,10062,8910,9683,12279,11733,7130,10074,10715,6879,10082,2663,4967,6252,9837,12398,10351,3056,3701,9463,10875,10749
4353,2434,2818,10369,3080,10256,10771,10523,9373,8864,7329,8107,9132,12333,11182,8623,7349,11199,6079,1988,1348,9924,7370,7499,6859,8523,5838,10447,5584,7760,4818,467,9426,7380,9174,855,8921,2654,9823,3679,5982,10855,3179,7278,6000,752,244,9851,4733,11647
8322,514,7556,8829,3334,12553,3210,11402,3724,12173,12814,3600,145,8214,10903,5143,7447,11042,10019,10149,12709,11176,10280,10925,12216,6973,6464,12098,11074,12356,11849,7498,8265,11337,330,8530,12242,11358,10079,4836,8548,8683,9067,9707,12782,11118,9201,8434,10353,9469
900,9349,2436,2056,10255,7696,3218,12306,9494,6935,11288,663,1692,6052,5798,9383,6312,3755,7853,946,1587,10110,11192,4664,2618,7866,7096,10937,9407,2879,9152,4162,1861,2889,11210,4811,12620,6096,7636,10583,8925,3935,2144,8421,7399,10984,3436,9075,246,10494
11010,9592,1528,9865,9868,4110,9358,11408,6546,11155,5269,2588,1694,11935,6176,3615,5538,7207,10920,12457,12330,298,9903,9654,4662,10171,11964,11458,6083,9796,9028,2246,11335,9160,970,5200,5719,11230,11746,484,5861,12007,6889,11372,5232,10096,245,11639,9976,635
901,134,4105,11407,5394,8725,10134,9111,10141,2339,7203,3237,12067,8874,11822,4782,6958,9009,11188,7607,2744,10938,1085,11327,4543,7103,3780,1232,978,10962,211,10581,472,11864,2649,5593,9433,4441,3427,11236,8041,6125,9329,7794,2547,1399,5882,1532,8958,9215
5252,1925,2692,11144,4873,6921,7948,8076,7951,6800,11793,11796,6548,4374,9751,8216,1186,8229,12071,12456,4272,6320,7603,9016,442,7623,8398,3535,3281,7121,4692,10965,11223,1881,9947,3422,3680,5217,611,9316,1509,8167,10990,1775,628,9334,10232,9977,1020,9341
4608,10372,12934,12935,139,12815,12562,12822,6298,10142,5406,3358,9634,4899,11173,3754,11948,2478,12591,4402,180,9653,9910,12343,10048,10689,9539,12870,2503,6985,74,3275,5066,11595,9289,12752,10204,9821,12382,12386,11747,11237,12517,1384,11240,11503,10992,7921,12913,11261
6784,11651,12551,8843,9492,1814,6423,3095,3361,10532,2349,7602,9267,10678,9017,10169,6076,5821,8385,8770,12611,11334,10440,11720,6090,10826,7631,4815,8784,10461,4707,9060,8933,11111,5095,9833,7786,8297,6250,10864,12273,9200,3571,10996,372,7542,3062,5752,7546,9085
8966,6536,11016,11924,9620,5270,12183,10652,5407,5536,11809,5410,10917,10407,296,9772,10414,6072,11194,11457,4801,2500,7364,12103,1351,1483,12493,8019,2517,10837,471,12120,11095,8666,9335,990,5858,12155,6501,6632,11627,3310,9455,3697,12149,4470,10103,9206,12667,10239
9988,4101,11657,9738,8457,6668,8975,10389,5784,8473,10014,7711,10784,10017,3363,11045,5030,5671,9260,5677,10291,7476,6459,11451,12740,5701,12229,12485,5317,12234,12110,11599,10835,11479,5208,11357,8805,9831,12649,10475,4717,2800,1905,10611,6259,3828,12534,4216,1149,6270
8451,2180,7046,7561,5388,11917,11406,9877,8215,12055,11799,8604,11811,10531,8230,10536,1321,9771,8111,10544,4284,4925,1982,445,1088,11332,10309,9927,9288,12496,6739,5204,3541,11988,7768,8537,6875,10459,8285,12512,7138,12005,10986,10350,241,1393,10995,11511,3579,639
4737,10503,9992,9482,10122,4618,4237,11662,10763,12305,8466,12308,5661,7588,7852,9901,5166,8773,8136,4437,1242,6114,999,12400,11006
12302,8974,12571,12060,9505,10923,12331,2862,9270,6455,12483,10948,327,12745,12365,8655,8542,11880,12528,8571,6644,12023,11000,1915,3455
8834,11141,3464,8714,9867,10764,5646,12174,11666,11283,11028,12438,9879,7587,7845,11562,11564,11053,11052,7471,9775,5679,10546,3507,8887,10807,12095,9024,7359,9284,7239,2248,5194,7629,974,3283,6743,10712,10842,8286,8290,8035,8164,9445,7655,11112,10094,10102,11644,7423
10497,6407,4488,779,12300,12177,9876,12445,12320,10916,7976,8489,8361,10543,4145,9266,9521,10801,12211,10427,10173,12480,5186,10564,11461,9672,5705,12362,11465,1869,9940,7765,4694,9428,863,6625,12769,9188,2021,8166,6116,3816,4200,6512,11636,10742,10230,12921,12541,4991
769,3587,7559,3591,3981,6671,7698,8342,2844,2337,12579,5797,6313,4650,3372,3373,10158,9262,4911,7730,8759,12730,10045,9280,8641,3010,9544,3322,11723,3152,5462,247,8796,6109,12766,3934,3423,12126,10722,869,8299,10348,10093,7922,10740,5237,3063,7930,6396,4989
3714,7427,12679,6672,3090,10132,10520,9368,12187,12828,10527,8608,12448,4006,11048,6953,9131,436,7989,10296,12347,10437,4934,711,7248,11603,11477,10453,11607,8792,10455,5592,9557,1112,9950,12638,94,9699,12009,12012,9072,11120,9330,4723,5362,9842,12662,11897,4603,12028
10754,11655,8970,7051,7435,11789,656,12692,12182,1689,7193,1306,4124,9765,12198,12710,10028,10159,3892,9911,11321,7228,8001,8643,12228,12615,11977,11979,12619,11981,10703,11857,12241,11731,11601,9430,12250,10203,10974,10215,10473,12266,236,12908,5612,8047,12141,8303,7927,4350
7680,1922,11909,11782,6156,10638,15,11153,8211,10524,32,6946,7973,3749,2087,2727,2089,939,7212,7601,1844,3125,1846,11065,6463,9283,11464,4942,11090,9300,10714,2011,11099,5981,7517,11229,8413,7778,10979,10723,10854,10728,1260,10092,11502,12015,885,11513,12666,9467
4742,3466,2958,10642,536,925,7837,10653,9638,5800,7082,7086,7087,3122,9781,6326,11448,1210,8378,10941,5182,6591,7105,8514,11205,5190,455,7495,6343,9035,8396,5069,7375,851,9301,9814,7803,3165,4064,8059,8804,11108,11107,5347,6248,618,4973,11376,7035,6911
11777,10883,10374,7177,12170,11915,10384,12053,10263,12698,12059,9761,3489,10791,4008,2728,5546,9854,12078,4912,11313,7728,8500,9398,1081,10366,12355,10435,10181,3267,7116,11343,11472,7888,4050,5843,3930,11483,10593,10980,8037,9959,10346,7788,238,12533,4856,11005,7166,5631
8963,4484,10758,6535,10119,1931,12171,13,12045,4880,4248,7065,8989,3362,10403,5029,2599,6824,4520,10669,10671,12470,439,11835,572,10687,10176,3649,3524,6981,12484,6614,12118,5239,5465,9050,1504,8034,2533,9061,6757,6121,11242,4205,11761,9973,6518,10871,2045,9726
642,4098,6,2182,7689,8074,1680,1681,146,4370,5657,3225,8601,6172,1564,11933,4896,5666,12068,5796,10362,169,1328,10672,7216,1590,1463,61,1599,4289,450,1730,9538,12363,1233,2815,470,1494,1753,226,362,108,622,12399,1779,3958,7159,1146,1150,2047
1027,1540,646,4232,10637,911,12561,914,659,4500,9116,8221,4126,157,416,3104,7456,2973,291,3882,2731,1197,3119,4280,9533,191,965,4677,3528,6089,209,5590,2906,1243,11645,8930,5475,4071,1770,619,3563,5613,1519,2673,1906,7289,7418,6651,9981,2174
897,2567,12168,10248,8971,10507,11533,9615,7568,7825,11919,7313,11537,7700,7959,10138,5539,11046,11945,2985,2350,2480,11959,9529,11193,12089,10300,8636,5820,2366,7613,5185,4678,9546,9419,8271,8399,10966,12378,12125,7264,9326,10607,10225,9586,7282,12146,12276,3957,8697
11266,9219,8964,389,6534,8072,8841,11913,8202,10510,8079,9361,7699,3348,10388,10137,285,11688,9005,9779,5051,10429,4800,11456,10952,12105,8520,4684,9164,10958,7247,2256,10577,10578,1612,12116,12756,2134,3916,2908,7647,11104,7804,8567,11363,8426,11767,12024,4730,4604
4097,12165,9477,7815,135,8199,3463,5772,2329,8860,10012,2462,11432,9770,12079,10930,7219,11584,11077,7621,10823,10444,7505,12754,12243,11862,4311,12633,11610,2268,7900,11102,11103,6755,2404,6499,9702,10083,7912,2025,9706,11246,7024,7153,7410,3315,7539,10738,7164,11901
11008,10753,7430,12039,6664,10251,11787,8722,11543,3096,9240,3354,8738,8739,10284,3117,9783,11833,6458,4924,11333,9812,12629,10584,859,8802,11877,9076,11380,12408,1913,7293,9601,12167,651,10896,2966,12443,8862,12446,10145,12451,12713,9387,12464,12726,7611,11709,12738,10691,4550,208,11473,10709,10713,12761,3291,729,11745,11750,7918,9720,2553,11770,6908
9857,5380,4358,10759,11400,10889,6794,5515,6792,12813,7311,10002,12178,6291,4373,408,7457,11427,11557,10662,10789,4773,5161,11563,10157,4019,7865,5056,11716,10436,7876,9675,5966,1744,12371,5972,5334,9175,599,8057,7003,11359,7395,12390,2664,3817,8043,12784,6897,12402,6131,3956,8435,6902,2293,2803,888,508,7165
4352,12806,9735,9352,9739,10892,4244,12309,11291,12316,12830,11297,3746,11813,9895,4904,5672,12458,11435,11311,11443,12214,11965,11841,11330,9415,5576,8905,12744,12235,10827,2119,9804,12498,12114,7762,11992,11481,12762,12507,7644,473,11097,9951,8928,10976,11998,12772,8165,12774,12004,5350,12518,12522,10219,9718,12281,11772
12802,12547,11522,12677,11654,11140,10632,9101,7569,12052,12567,12057,12699,12573,12063,11679,12193,6435,8485,10022,11047,12583,11558,12200,10031,6959,11699,12723,6965,2871,10683,12092,12604,3519,12735,833,10179,12612,12746,9162,10572,9677,11725,11218,10710,4959,12640,12135,9576,9578,2923,1901,11629,12537,11514,4987,12542,7551
9729,11907,11396,7428,10504,520,11788,5648,4625,10128,9747,10909,4382,8223,9889,12194,12452,9255,9897,11820,4142,12338,10548,10294,4023,9142,3898,12349,11581,1983,578,8646,7756,8785,10451,11232,4198,8678,11114,12650,10861,8431,10735,12403,3189,3707,11132
11136,12033,10496,12041,12809,10766,12304,11032,6938,10011,8476,6519,9892,11431,6699,11308,12203,8112,10802,10677,6202,9914,10556,10819,6084,7752,6601,9553,12499,12244,10972,7389,2653,12663,12385,10724,7016,10089,12527,6384,8688,11250,9203,12407,12283
11393,11137,8836,12671,9736,12680,11916,11918,1939,6814,9759,12832,9762,3874,10405,12069,7595,8879,4790,7863,11063,9271,9786,10432,10945,12482,11463,9928,8915,3157,10839,4953,11871,11105,3682,12770,12771,11519,11494,4710,9713,11125,12790,10618,8831
9218,12543,12036,5765,10005,11414,10007,9752,3993,11545,12570,11036,10781,8735,12327,6012,3114,12587,12077,8116,10550,1847,12473,2233,8763,12732,11455,12354,7875,6338,10183,11848,10699,2764,10833,11347,1110,11737,12251,10844,8159,12514,6500,3304,11496,10474,9708,12793,1136,9073,11890,10227,10616,12153,10491,11388,12799
8450,12803,10882,12422,4360,12554,10382,11022,8721,11795,11669,11416,9629,12449,9763,10915,12712,11817,10030,12335,9648,1968,12208,12467,7987,12597,9012,12727,10808,7993,10042,2617,4156,10554,5054,11705,12481,8262,11594,9168,8912,11089,10194,12372,10838,9820,11997,12515,12263,11062,11369,12207,12270,10483,8692,11126,11895
12416,8065,12417,11911,9353,5642,12685,1809,7186,12819,7317,10908,7842,12322,10788,8997,3878,11683,10027,12459,12717,5167,12593,12209,10932,11958,9143,4024,7098,3773,11967,10943,11073,8769,11587,12099,11713,11460,12490,12494,11221,11353,6876,10463,11234,12389,8550,11881,12265,10985,12013,11888,9969,8566,11510,11130,12157
11524,12294,11785,11786,12299,9263,9363,9493,10774,9495,10264,11033,11929,8729,8988,9244,9880,10271,8613,12070,12201,12714,8617,8875,11949,8365,12463,11568,11952,10413,12083,10164,9140,11446,10037,12088,9913,11576,12603,12599,8252,11324,9275,10901,11969,9281,11843,10949,11847,8904,10441,11850,11851,10445,11854,10449,11345,11859,11391,10849,12006,11370,12397,11373,10991,11903,10482,10484,11254,12538,12795,11390,11007
12032,9091,10246,10249,8586,11659,11151,10130,9621,11163,11807,12195,12324,12196,10152,9389,11312,10933,10166,10553,11834,11963,8507,12605,11070,11710,10047,9665,12227,10692,11717,12741,12233,10060,10061,12237,12111,11600,10576,9810,11728,11092,11989,8534,11605,10200,10073,11611,11739,8541,8798,12255,10209,10210,9059,10598,12775,12138,10091,8556,9965,11119,10224,12145,11122,11251,11249,10101,10614,9712,10106,12159
