896,1156,7814,6150,9992,1801,5645,1553,1682,1044,2712,1689,1690,794,1659,1181,155,8611,6693,808,4649,1962,3243,6572,812,4013,1450,937,7992,7353,4665,3131,699,1721,8255,9282,1478,454,1736,4553,1737,7627,8782,718,6094,1360,7250,9044,1756,375,2784,352,6754,224,1252,1762,1759,1896,1769,8810,8940,2670,6382,2672,9966,760,7415,1272,8825,8827,9852
7169,3589,8840,1037,2835,2197,3862,8471,3480,6166,4002,6562,164,2082,7971,5545,3242,427,6569,7214,2481,5682,2355,3382,1597,5823,2881,7747,5060,2888,1225,1868,1359,3280,339,980,5975,2905,4057,347,8801,8039,3181,3055,6003,7924,5877,8822,759,3830
1665,3205,7438,1550,2065,6169,6042,7067,7706,5145,289,7465,1196,4652,2353,4017,3891,7988,10033,2098,6842,5563,6331,3772,447,192,7878,6728,3400,713,1611,4041,4302,5583,6354,8660,7002,348,1501,3678,4961,871,3176,4199,1644,1656,6779,1917,3838,8703
7175,2954,7821,2701,4111,1811,8346,1179,667,4643,6563,6307,1574,7337,4010,5933,9006,3887,2358,1975,6840,4539,700,2112,4928,6213,971,2380,4943,3665,850,1107,3156,1495,988,2527,99,3048,2409,6377,8812,1516,1261,2671,499,2933,3446,1017,8700,511
2946,4483,1668,527,7183,3855,1556,4759,2459,2204,9245,5405,3232,673,10148,679,7849,5886,1199,4274,1843,5559,56,2748,8893,6847,196,70,841,2381,6350,5327,5842,5078,7767,983,4185,9308,7645,8156,4704,3556,7269,2920,5869,2542,2162,8694,2041,7294
6528,6913,3590,5751,1655,9225,907,5389,7956,660,4630,7321,5919,2296,934,39,166,2346,684,7089,8370,5172,3124,187,2109,7372,1358,1614,6738,5080,7515,8439,5852,10206,6878,7388,2273,4326,3047,9320,5354,5482,2668,1387,2163,6516,1015,6391,7032,5627
128,1541,1032,9485,1165,1808,3861,792,3357,8480,677,8360,6955,6832,1077,4022,1078,6200,6585,3768,1339,3000,7872,1602,1091,7492,4802,3522,6599,9417,8529,8791,5595,5212,8924,1118,6496,5601,4450,2658,7397,3821,7534,8175,6002,5748,5620,3318,5624,2301
7682,8069,6663,6409,3337,4491,4107,398,3471,5013,4887,2723,3109,3885,5549,6447,6195,1919,2428,8250,3391,6979,3012,6597,1606,2636,5965,463,7378,340,3931,8540,7901,4318,6882,2149,998,6247,7529,5739,493,4464,7284,117,1140,501,1654,2556,3965,2559
1797,6533,2569,3339,5116,910,3983,275,6164,7066,6303,4515,1444,4005,1829,5799,1959,3883,7980,3376,3001,3516,7356,6975,9154,710,1094,7112,3529,1995,6222,1231,5456,1106,725,6359,1496,4315,6366,2398,7649,7398,1897,2410,5610,3693,3315,9460,2300,8319
1025,5764,6662,5641,3725,5521,6803,5021,4255,7972,5542,3367,2857,7340,5169,6452,821,4278,5687,8889,316,3004,4926,5569,707,1220,3909,1735,5193,5451,2252,1355,3662,5712,1617,8018,4436,341,4311,7390,6624,4449,6753,6755,500,7029,4985,1274,5372,2942
510,6924,6925,3984,10257,2962,8596,3477,8984,4635,5532,7452,4251,1696,1957,1575,7469,1326,1711,5422,8503,4666,6075,2364,709,7625,6655,1741,5198,7886,7764,3803,1628,3293,1629,2911,9183,7550,4194,357,4842,2924,365,2286,7935,883,2295,637,3326,6399
2176,10114,2307,1671,777,3977,1421,4750,8338,8339,3221,789,7961,2713,3998,6948,3239,3112,1064,8616,5932,2094,1455,3897,2620,7034,5822,194,5058,198,4681,1740,3023,591,4567,10199,2136,1888,1507,7013,4709,1768,874,4587,2029,7789,8816,4220,3834,4988
1921,9734,7302,5385,522,2187,2957,4622,6032,3473,3344,4756,7063,7327,9120,6561,2466,4131,4009,4522,1065,10285,6446,8752,8882,5044,8375,825,5824,3394,6724,6468,4423,8267,4300,1742,5071,1872,336,2896,2259,1879,8152,2393,2913,7267,1772,374,2294,4857
3458,2312,4617,5514,7818,9359,6299,4636,7967,8479,1571,933,1446,9127,1958,6697,4906,1452,6140,50,3893,1207,567,5177,5692,6592,1345,322,9033,7502,6608,2643,2133,2519,1497,3677,6749,4191,5605,5735,1767,1258,4844,1518,5104,9840,754,5747,2939,892
8320,3970,6277,8967,4748,4884,6295,5279,6309,8615,5931,7468,4395,1453,9908,4792,954,3905,961,2243,2884,1092,3654,2502,4294,3147,3788,7501,460,5586,2267,5214,1758,2401,8163,503,5093,6502,4458,7793,5490,4083,10739,8693,2291,3319,5880,890,5883,3709
0,5505,5250,2438,266,2059,5007,273,3474,3986,9367,6936,4120,7319,8731,3996,7581,930,2605,8877,7470,6836,54,1334,569,3386,1855,8772,1481,2890,5715,4180,9299,3030,3671,4824,2520,6623,4832,610,7779,5219,8806,5224,8049,6130,7801,5243,9212,3839
5504,7041,3585,5640,5387,5135,5264,3727,662,1943,7582,7841,929,1705,4396,44,4910,6193,2740,7860,3638,7226,4283,4028,1215,5442,708,6598,5065,8141,2383,6995,9172,8535,2904,2651,9052,5725,4958,2143,8032,865,3554,5871,7283,4980,2548,2676,4732,3710
5507,774,7432,5128,1296,8337,3990,2198,8088,666,9755,5409,3875,3747,3113,1066,4267,4654,304,4149,8633,1723,2491,6077,5184,5696,3778,3785,6220,10959,464,977,2514,1366,5335,4188,8284,9181,8544,8425,7914,5098,9196,6124,7281,7797,5622,629,5501,7806
1280,5248,9466,5258,524,3087,3343,1683,6294,1816,7320,154,8985,8344,284,4900,7076,1190,7975,6311,5938,947,1332,565,3251,6456,8761,58,3005,4416,6986,589,592,3667,857,3547,3167,1120,4575,1892,3815,7657,1003,4334,6129,2419,2420,1401,1530,9855
10112,9603,8071,7560,1799,4108,6158,784,5905,4242,10003,1172,8465,4753,151,8852,4761,9627,671,6947,6436,2469,9003,7983,688,5553,5554,3767,953,1083,4031,5958,6086,2131,7896,9310,6367,9697,5988,3046,4584,8685,8815,8944,6769,2161,3955,5621,2170,9981
6272,3212,9357,5520,5777,1403,2068,5529,7836,8996,425,2219,4015,9013,9400,6584,7227,3521,4547,1731,4675,4164,9543,3148,6862,6990,2257,5969,7506,6100,10324,9690,9819,4957,7518,6497,9058,8675,3175,9064,1386,7275,2285,4590,4979,5493,8182,11383,2299,252
8704,9988,10116,4238,8591,7055,6930,3350,6806,12310,3871,2208,8225,5025,4768,4644,7077,8351,7843,5160,8493,9650,9396,1464,3770,1212,2238,1347,6467,3271,9291,5323,461,9039,1615,8916,5338,5594,8416,737,10342,7400,109,3953,1777,4469,630,2037,2172,7677
2052,12165,135,2567,11144,7948,3341,3216,7313,5136,7700,11796,7959,2329,2462,8229,11432,12456,5419,7084,12079,3122,11959,2490,7739,2366,11584,10444,7505,12754,4692,10966,11610,4954,7900,2268,11102,12125,611,7912,6376,4972,11246,7153,7410,4597,8697,7164,9341,4351
8450,12803,12422,7815,4360,5772,11669,9629,12449,10915,9763,12712,11817,10030,9648,1968,12467,7987,12597,9012,12727,10808,7993,10042,2617,5054,12481,8262,10823,11594,9168,8912,10194,11089,12372,10838,9820,11997,11103,12515,2404,6499,12263,11369,12270,10483,8692,7539,11126,11895
1284,2054,7436,9484,908,2448,2193,529,916,8212,1048,3225,8986,3099,8987,8094,542,6690,3106,6308,3365,6442,2730,556,5423,10416,4529,2994,438,6651,185,8121,190,704,2886,6866,596,2005,852,860,9053,4703,3168,8672,4966,1639,870,9960,5738,6374,872,875,5998,1260,3826,7666,7031,7674,8699
9096,1673,3722,5003,10636,10,9997,4241,5396,6421,5525,2582,8085,3483,4383,417,4770,4646,3496,1578,558,7856,2741,11191,697,8634,10939,5695,3650,835,5316,4421,7367,4044,11216,9937,8151,6615,5087,8034,4070,2918,2023,9582,3440,7028,2036,4599,4091,3452
3072,1408,9090,6659,3717,3208,1544,1803,4749,2324,2709,6422,795,5789,6431,2975,5667,550,4391,6186,9264,6453,5686,6201,1086,64,1858,8899,4549,5449,8777,8013,8911,9296,3035,4062,1121,3686,614,8294,2407,2539,6511,496,4593,9204,7669,5112,2173,4862
769,1540,2950,2566,6918,1929,396,9870,914,5651,403,7318,3478,4503,9628,9501,1312,7078,1703,2089,7979,5297,434,4406,2872,6970,9404,6332,701,6845,5314,6595,3528,9803,3664,8145,6231,5081,6234,6107,3426,7906,8679,8809,4330,5228,8052,757,6648,1534
7297,6786,6789,9095,7689,6667,10637,12561,6933,6039,1559,1305,11419,8732,5662,3102,6816,4136,2090,3119,11445,7228,9533,6719,6089,9802,7369,9036,206,5590,1243,8539,6494,3814,3050,3051,4205,5613,1519,9072,6257,1906,10221,2545,885,3958,121,2554,891,4991
9094,2183,8582,902,12426,5644,10125,6030,9998,915,11411,4888,536,12440,11547,1307,11420,10270,2587,4896,9632,5658,5796,939,10412,6445,6451,11702,11200,3010,11972,10567,5959,11722,9931,5581,9038,9180,7517,861,9057,8676,7405,10994,2550,2425,9082,1531,8572,11774
9473,9606,7,7053,8207,4880,10001,12180,9748,11927,6681,11933,1951,1825,10658,11298,3494,7079,8235,6444,10673,9266,9138,5812,2486,10295,5174,1465,10814,12098,1730,7238,3703,7368,10311,76,9300,9556,7509,3797,12508,3423,227,11364,5863,9448,8042,8054,9463,11387
12934,12935,9358,11408,12562,5394,11155,5269,12822,8342,7065,2588,3615,6176,9383,2472,42,10417,9654,4662,4407,11964,9796,8900,12870,11335,8650,5199,5200,8530,4437,7130,247,11746,484,12007,6889,11372,12908,12666,11503,12913,7922,245,3701,10871,1528,3322,635,10877
4101,8457,12300,6668,8975,12815,10389,8473,10652,3358,3363,11045,11173,5543,8361,2478,12591,2097,12211,11194,11451,10689,5186,10564,12485,5317,2503,9289,5066,11595,12752,2517,471,8666,990,12382,12769,12386,11747,12517,6632,3310,6512,3697,11636,9590,12534,4216,6396,1149
8963,10758,7559,12045,1681,11153,12177,9876,4248,12320,10916,5029,12710,2599,8489,10671,7216,10159,3125,12470,4280,11835,10173,12480,9538,12228,6981,11461,11464,12362,1869,7765,5465,9050,10203,9061,10854,2021,3816,4200,11242,10092,5612,12399,11761,9973,10742,12921,12541,2815
12417,10882,12554,12685,10382,11022,8721,7186,11795,11416,11545,12570,11036,12327,12587,12207,12208,12335,10672,11958,9143,11062,11705,10554,1847,4156,2233,10550,10943,8763,12354,6338,10699,2764,11347,11737,8159,11234,11496,12013,12793,1136,9969,9073,10227,10616,12153,11130,6012,12543
7680,8065,12416,11911,9353,5642,11536,1809,12819,7317,10908,8221,7842,11683,10788,8997,3878,12322,10027,12459,12717,5167,12593,12209,10932,4024,7098,3773,11967,8769,11073,12099,11460,11713,11587,12490,12494,11221,11353,6876,10463,12389,8550,12265,11881,10985,11888,8566,11510,12157
1792,2561,2051,1289,2697,8980,2326,2714,29,1438,2719,290,10020,10533,2598,2213,2342,10151,2610,2612,2359,1468,1725,573,1856,1985,2240,1605,1990,1863,2629,2245,973,4174,6861,1618,8531,1876,2515,6869,1754,2395,2014,1508,2661,1380,2279,2158,2033,2423,3196
9089,10755,8,7435,2446,10515,8341,149,665,3098,7963,5147,3742,10532,3495,10537,4905,2607,8760,10681,4793,2235,10748,9915,9793,7233,2625,4161,10565,2497,9031,10826,6095,4687,9811,10455,10585,4063,7776,5343,5347,9316,486,10858,10477,7408,9331,1526,2166,1404
10115,779,9868,11789,6671,10768,2321,5907,6675,10784,2337,4641,9765,11942,11176,10280,2608,11954,7476,6581,4538,4794,2496,6721,8770,11849,3405,11599,11857,8406,12250,10715,10461,10974,863,6625,10596,6501,12266,10605,11118,9710,10096,10864,1648,627,8820,5623,9976,6270
3073,771,516,5637,7174,4486,4235,7052,6928,6673,2706,6418,5780,5522,534,6802,5016,537,6297,5272,292,2340,7974,294,9001,682,4656,7986,437,186,314,6727,4682,3661,1230,4691,8404,7763,7511,6620,8287,5728,7904,4706,3429,8938,8170,4474,8564,6006,8698,2558
3331,7044,263,3852,3980,3854,3726,658,6163,2200,6555,160,2081,8355,4135,2171,8750,5294,3631,5681,306,4913,2484,8504,7609,3141,584,8269,1101,976,2900,1109,598,88,8920,4698,3418,2140,4317,3802,1502,474,4319,9827,483,2791,9323,1650,6263,2042,7675,1791
6019,6405,4743,4487,2184,5902,7697,5012,7191,5277,8865,4514,6178,4647,300,4781,10286,560,7474,8117,7864,6590,3263,2684,6217,458,6858,8010,9293,6477,5711,6223,2003,4948,6613,4307,4696,8793,5855,480,6883,5604,4072,5995,8939,3691,8824,7538,7671,3576,4729,5244
6530,1412,3077,4356,1416,7950,4878,1936,4497,2578,2959,5527,2079,4769,8098,35,3107,3492,5026,551,9896,9385,10156,5934,2487,8122,5818,4929,3906,1482,4427,4812,9166,4435,8021,3286,3798,6232,10077,3298,10339,2922,4219,7148,8300,4347,5746,3314,6388,6645,4603,4734
2562,772,1157,4746,3595,7308,525,7314,4629,791,1308,8222,7074,1827,5286,6951,3624,3241,6827,6571,4909,1454,4399,8239,47,7352,2873,6203,3645,1729,1603,1610,2891,8780,7883,8150,4310,2007,2139,4316,7391,2146,2147,4838,615,3309,4462,5229,5238,1911,3324,1405
4357,16,9750,9238,668,7838,548,676,5924,8231,2214,3371,1580,1201,2482,10034,5048,8632,7225,2619,2749,3646,831,5952,2878,960,2115,2628,5057,9542,2175,6209,586,3915,9549,2639,2513,4444,862,9695,9441,8419,9701,7913,1773,9070,4337,2674,1011,2680,6524,2943
6400,3968,1794,5893,4231,269,893,5395,6038,413,9887,6047,4263,1704,6057,6573,1071,5555,8244,2682,5175,6199,8249,1467,2493,4158,3776,8257,6470,7881,2253,1102,1361,3666,854,6874,4571,7549,3166,5857,2787,3939,7141,6378,6636,2157,2165,1402,3836,10237,1278,5503
3457,7426,7172,4869,6917,11013,6809,5916,1820,6430,10529,7727,7473,3763,9907,5173,12600,7481,5946,1850,5180,4668,2110,4670,5690,4420,6214,3657,4554,5324,5326,6736,7637,7253,1623,5848,5592,11863,6237,8158,3937,7782,6759,4329,9453,5615,2032,5489,7026,7027,7286,7288
8576,6657,1409,3201,2691,3979,6411,1163,8718,5910,279,7070,7968,2464,5668,7334,7592,2860,6829,2222,6577,4914,5299,6323,7733,7610,2752,840,1738,4557,1234,4055,8795,475,6365,3813,7654,2152,3432,4714,232,2156,1002,4335,4592,6513,8946,5363,7670,4598,7416,9465
5635,4868,5125,6921,7306,4362,5005,6413,1423,2447,3985,5909,1941,5912,4634,4123,5024,6306,1832,9641,5295,7984,5430,11319,9660,5053,7230,5567,6080,1852,8388,8776,4426,3274,2124,4176,84,7124,10070,4695,10325,3412,10202,1498,5980,3680,10848,5603,3555,625,6260,5885
4865,6275,4611,6661,3718,5767,3721,8076,1935,6672,5140,7702,4633,6685,10526,4382,6818,4006,7336,6953,1581,6064,4535,7224,6969,6586,12347,9536,10053,7884,10317,7248,10323,4820,10197,4568,5211,7004,10078,9696,9699,6756,1895,12009,5742,10863,5617,5362,9330,9845,2038,11897
7170,11651,1925,5638,12679,9863,4873,4364,4877,5134,1814,5017,5915,6301,7839,7586,4272,6196,7732,5813,2230,8636,6333,9277,5439,6977,6085,8134,4938,8142,8271,8398,3924,5973,1112,7513,7000,4572,7903,9833,5227,6380,5997,5355,7150,4595,3957,5110,5750,10232,4346,9085
1536,3586,1539,9730,4102,1031,2439,3079,3207,4109,2445,9489,1298,1042,10641,4118,152,3228,4125,3999,9123,1443,3625,9727,940,6062,1457,3762,2492,320,963,73,1354,719,1871,3793,9171,215,8407,1369,4825,2778,997,613,1001,105,1259,1257,8301,3053,3568,3317,1527,509,1535
7298,11778,1419,9612,1551,4496,6417,2194,7571,1428,20,3220,9235,2841,7326,3233,1058,6691,1572,8356,4519,8871,1451,1582,7475,4409,4286,3648,2760,8524,8781,4428,1490,2260,3160,4697,344,2780,5985,9447,1256,4841,6510,5230,367,1521,6768,4851,4212,110,758,4343,7290,4607
8321,130,9987,1793,391,10120,4114,9619,2457,3867,3227,8477,5151,2976,4001,5023,4518,7466,1835,9388,170,8238,942,9777,4916,1976,4153,5562,3387,959,1216,8902,4680,7115,847,6610,6230,5847,10328,1113,8282,7132,4189,6369,4962,3042,9319,1388,7535,2418,7155,1524,1141,3704
1538,1155,6916,3465,6669,6286,1687,4505,8349,4638,5923,675,5669,5289,2120,5809,1586,5683,6582,1084,5181,10430,5313,5953,4805,3269,455,9032,5577,6474,6347,1228,7373,3918,5709,5064,5708,3923,5846,3926,6233,9435,3933,5599,8800,6112,1381,9577,8427,839,8185,7292,9470,10879
8961,5510,8328,6793,5256,6283,2189,1807,4881,401,2071,27,2979,2851,10107,3879,6825,4650,5163,8492,6449,3128,3385,7357,7615,5443,7877,3655,4169,2895,4944,5457,4308,1877,6228,7639,7384,7257,8155,9564,2015,97,3041,8551,3177,5105,7409,6898,1395,882,10105,8187,4221,6910
9858,5252,11019,9228,6028,2958,2320,9751,10140,10653,10015,1185,9890,1186,804,2854,7082,9002,9649,7603,2869,6326,9781,7222,2870,1210,5434,8376,8004,11205,71,7623,10569,968,9035,7375,3281,9298,5970,9303,5079,1881,8059,8804,1509,4201,2921,617,10220,10989,10223,628,9334,7035
1666,7810,6915,4999,12551,11146,7947,12302,10513,8083,6548,2710,9114,8603,4124,9724,7708,9248,8481,9635,8740,9638,2343,5673,8106,7087,9267,3769,10557,10941,9278,8896,7105,2388,7512,9816,9947,11869,10207,2528,9567,9440,7910,6762,8044,4463,2034,372,3445,8180,7803,11004,5246,6911
4097,897,8199,12168,10507,9615,7568,7825,11919,11537,10138,5539,5800,2985,2480,10930,12471,3256,9529,12089,11448,7613,5182,6591,5185,8514,11077,7621,10821,4678,5190,9546,9419,8397,5069,851,9301,12633,12378,7264,10083,4452,6248,2025,9706,4973,9326,7024,10738,9586,7282,12276,12146,11901
5760,8193,2049,9861,8326,2951,7176,4745,3596,4112,2964,2583,3991,2589,2718,8606,3229,8610,2981,555,2606,174,8627,4020,2875,10428,1853,4671,8128,2623,6978,8258,325,9158,1862,7626,9418,9932,4558,7630,5072,6097,80,2008,6105,93,9949,2271,2272,2657,4325,2153,2794,6379,8557,4206,3952,7536,4081,3187,8309,4859,5628
3203,2564,5123,8839,8585,1035,9483,9230,8082,8219,8224,8227,6182,173,4397,10415,5039,6065,2357,10168,10680,3002,5435,5052,188,9406,2494,6336,4160,6466,837,5319,1998,7887,6872,6360,1882,4187,6752,1250,5859,7017,2538,6893,4718,5487,8307,3059,9849,10620,3069
5377,9608,5897,12044,10895,1169,147,1429,8856,920,10905,24,3484,10910,5280,2594,8868,5157,8999,1202,10419,2998,5815,5693,1342,1213,8645,8390,7110,4806,10314,6091,7754,7629,10063,4047,4946,855,2782,6881,8674,9826,1124,11749,2665,2929,10481,113,8317,9978,8701
2178,7683,8708,898,10887,523,8459,7694,5775,5266,3602,6036,531,9366,3610,8605,8096,8612,8998,5676,6704,1208,8120,957,12095,9155,12613,9669,8263,10438,11975,12108,10321,4818,7635,7386,10717,7648,10851,2532,1382,3303,9962,11117,10352,244,4472,3323,7932,6653,7678
7939,3587,5129,2061,6542,7054,1040,8978,3091,767,3347,9874,11544,9113,8608,3108,8614,11306,9645,11064,5689,9916,9150,9920,7235,6852,5571,3907,7240,5578,11984,3543,9436,7774,1122,9575,5225,7530,9580,5358,9583,8306,5618,9844,12406,10743,7160,633,5756,7421,6015
6403,7941,518,9480,11273,6922,11023,5781,1046,11541,11803,5534,8864,9377,6179,11940,6821,8358,3881,2988,11437,2734,9393,6014,3636,8501,10421,7096,9791,12225,2754,2761,2634,7117,12109,7759,5584,9037,8913,9818,8796,12766,11360,11622,10472,9961,8299,12780,9329,11260,1918
10113,4354,7686,6023,7433,6538,5899,8716,4623,7184,10899,11671,6553,12185,3481,6684,6815,5154,7716,12325,4774,9129,10410,11818,5426,11957,8118,8247,11580,6206,10559,575,9545,4046,12240,9427,8276,2647,11480,10329,11098,9309,10846,10338,8423,7537,12401,9457,11640,3193,6650
12546,9991,10508,10127,12176,8853,12056,3355,11293,12066,9636,10279,10408,4400,10289,8242,11955,9788,10813,10816,11204,11845,9286,5700,2372,9412,328,8651,11340,8910,11342,10318,10830,10322,10836,11867,3804,4700,9569,7270,12010,6252,9709,7020,7407,3056,9071,3823,12021,11771,11134
3080,8204,4876,10509,12307,3605,7832,9497,12312,9883,9373,7329,8354,8623,5811,5887,7349,11329,1348,9924,1222,8775,7879,6859,5838,10447,10062,6098,11219,7380,11733,9687,9176,8921,10074,11484,10845,5982,3679,6750,4705,10211,10340,9572,4967,10216,12398,10351,10875,10749,11647
11010,7556,8829,3334,3210,11402,7698,10771,8725,10134,7447,1694,5538,11042,12709,7207,12457,11182,7730,10171,10045,6464,8641,11458,6851,12356,11074,10568,9160,7498,11723,8265,7499,11337,330,7760,7370,9426,211,12242,5719,11358,10079,9823,4836,5861,8683,9707,241,10353,9469
8832,10756,8966,7046,11016,4105,9865,139,5388,10764,2316,2844,5406,5407,9634,4899,10920,12330,11948,6958,9903,4402,3063,180,9653,9910,12343,10048,7361,9539,2246,1351,6985,74,8523,12493,12624,10581,10204,11230,5858,11237,1384,11240,9455,7921,10103,12667,11261,9982,3199
8451,3464,7561,11917,11406,5646,6546,11283,11028,12438,12055,11799,11811,10531,10536,5679,8111,10546,3507,7359,9024,9284,11332,10309,7239,9927,5194,3275,974,11988,3541,10712,8537,7768,10459,6875,12512,8035,8164,9445,12005,10986,10094,1393,10995,5237,10102,11511,9592,3579,639
4352,12032,8834,7171,9091,10246,10249,12299,12174,9493,9495,10264,11935,7457,7587,12324,4904,11562,11949,11053,9775,11568,11952,11446,10807,11576,8252,10047,11847,11859,3283,10200,11739,7644,8798,12255,11391,10209,10210,8165,8043,12397,11373,11119,9712,10224,11122,10484,2293,11390,11903
7425,11141,9867,11151,11666,12435,1813,10774,9879,8729,11163,4639,672,11807,7845,12070,11564,11052,7471,9263,10037,8887,12088,9275,11324,1088,9281,11970,10050,4291,11843,2248,11850,11851,844,11854,11345,9810,3799,6743,599,10842,8286,11743,10082,7655,10984,12775,11370,9067,12159
11524,11785,11786,5259,7437,8988,12195,12196,8613,7208,12201,10152,8875,8617,4019,10164,10933,12599,10040,9913,7865,10299,11834,12605,11070,7876,10949,11717,8904,5576,5966,11728,1744,11092,11605,5972,10073,7003,11611,10849,9059,10598,8556,6897,12145,2803,6902,10614,8057,10106,11007
10373,6792,11659,5515,5647,9363,9621,10901,9880,11929,12714,6189,9389,8365,12463,10413,9140,10166,11963,2750,11710,9665,11969,12227,12741,10441,12233,10060,10445,10061,12111,11600,10449,10576,12237,11989,8534,8285,8541,7395,12006,3817,1901,9965,10991,11249,10101,888,12795,508,7807
9857,5380,4358,9735,8586,7311,10002,6291,12178,10130,408,12057,12699,9244,12830,11679,11427,11813,10662,9895,11557,10789,5161,11563,10157,11311,6959,11312,12723,6965,2871,10553,8507,12603,11965,833,11716,10436,10827,10572,9675,5334,9175,11097,8928,8435,3956,11251,9718,11254,7165
12802,12677,11654,12806,10632,11400,6794,9739,12813,7569,4244,12052,12309,12316,12063,12193,3746,10022,11047,12200,5672,11699,3519,11841,2119,8905,9804,9677,11725,7762,12371,11992,11998,4959,12640,9951,10976,12004,12772,12390,12774,9576,12135,9578,2923,10219,11629,12784,12402,11772,7551
11522,12547,11140,10759,9352,10889,10892,9101,12567,11291,12573,11297,6435,8485,11558,12583,12458,11435,10031,11443,12214,10683,12604,12092,12735,11330,10179,12612,9415,12744,9162,12235,12746,11218,12114,12498,10710,11481,473,12507,12762,12281,11359,5350,12518,12522,6131,12537,11514,4987,12542
9088,4995,7690,6155,6670,2704,4754,6424,4378,2971,5281,7585,3490,4645,7080,4392,6316,6063,6321,6833,1973,5046,4151,1594,4923,4932,6469,7494,7748,4424,6733,78,8014,6864,4689,7634,4566,7641,7642,3419,4956,4190,7394,7908,4965,8169,7274,4716,4204,623,6004,6133,5241,6395,4605,6526
5889,7042,7813,7178,4619,4365,6414,5774,6419,5268,5785,4893,5022,4895,7458,5541,7719,4393,6826,6058,6185,6314,7338,5551,5807,7729,4655,4661,7478,5945,4281,6462,10815,5570,4931,5059,5061,7109,6471,5962,6102,5463,7770,6236,7519,7393,4578,6244,6375,6506,7147,2931,5878,6523,1660,4222
4867,3076,6020,6531,5126,2563,5894,2826,6281,2572,6797,7439,7445,7195,7197,6942,7966,7718,5926,7847,2601,7724,7213,7596,8109,7217,7090,4408,2363,7484,7485,6337,7874,6603,5329,9682,8147,4564,6357,6612,5713,6616,5337,7897,4445,5215,5732,6119,7785,7146,5994,4461,7790,7151,6517,8190
9984,6656,7684,4998,3719,3462,6666,6539,4627,1430,7323,6300,2590,31,4003,6692,6949,6437,12204,6190,6962,7859,6709,4918,1206,6713,6330,7232,7362,6473,4170,6909,1356,5454,6225,6482,722,8024,7001,3290,9688,1371,8025,3038,3808,7142,8687,4208,4594,4340,3316,7414,6647,6521,6011,6525
5002,7565,6929,7059,7575,7576,8089,5274,6812,7199,5793,2211,6694,7081,5929,7211,12076,4141,4783,6066,2227,5685,7991,7995,4667,9279,9922,7107,5188,6343,7755,7628,7503,8016,6352,4051,7895,7128,7258,7643,7135,10336,7138,7139,6884,5989,4581,7780,3302,5221,8048,8051,7796,8179,6394,5375
6401,6146,7427,7431,7817,6282,7307,7696,10775,4121,5531,7068,6557,12061,5790,5152,5276,5282,7203,6696,7853,7341,7599,7989,5557,5304,8124,4673,6850,5955,8132,3658,5963,6860,4045,5459,5077,5591,5210,6747,8038,7527,5351,4075,7276,6635,3566,4848,7665,11892,7925,7798,8055,4348,6654,7039
6784,7296,2818,7552,4871,4616,10252,4494,7951,6799,4369,6674,7830,7448,5787,7837,4130,8099,8102,4778,6319,11698,7091,7604,5558,8005,7366,5321,6090,6602,6476,7504,5714,5718,6871,8153,5598,6242,5730,4708,5606,5992,6633,7786,11755,4713,7663,12017,4467,6772,6900,7542,7927,7800,6393,7930
10369,2434,1667,2435,11404,5519,11793,7954,1299,5754,4374,8472,2201,4249,10523,8107,5036,11184,11700,7093,6198,4154,6973,6079,11840,11199,5056,1988,6725,4166,2374,8136,6475,3789,2258,467,6739,6103,7516,2654,1246,5216,8167,8041,7933,2540,7021,7278,2798,752,1390,1653,6520,5626,9851,9725
641,644,1164,909,3853,11279,8335,9491,4502,1175,3608,3865,3612,3613,540,3487,7709,5794,3618,932,9381,3621,3749,1193,9258,4523,8113,3633,5171,948,3764,3766,7223,7735,4537,3642,826,1596,7229,9276,9273,3771,3649,3777,3651,1604,582,8774,3016,3656,10828,9424,3920,3411,1238,3932,2105,3935,3688,3696,1138,9083
8577,3714,1542,5896,1162,1291,1167,1150,2077,4512,8993,3489,12068,9510,1448,4651,5547,6574,3886,561,1074,5043,690,8500,440,6968,7483,62,68,1476,8008,2378,4172,6605,7419,9425,4050,1143,6742,3925,3928,8279,6492,5471,95,5729,6370,7266,993,101,2281,2026,3437,1651,10612,9207,631,9336,11899,380,7166,1151
256,1026,9349,8455,7177,9356,3213,3599,5139,11924,10263,9368,12698,12059,6426,1183,7328,9761,6434,9380,10791,2728,9768,8745,6701,1198,4911,4912,11313,11826,944,5556,3896,1081,9274,1209,4544,12355,3267,6726,11977,7116,5967,1232,5843,5332,10458,11483,3930,8289,3553,9313,8037,6885,9446,10346,5100,11890,11893,634,1146,4989
11650,3330,3332,11398,8458,11658,3214,11407,8593,3731,3226,11546,10780,411,11038,4128,2470,3240,3497,6828,2221,9774,3502,8495,7605,3510,11575,3512,10809,11450,1340,10301,10684,10306,10308,2885,2431,10186,11466,10059,8525,3022,332,3277,1235,2902,3415,11101,3040,2276,8549,8420,2535,1127,9828,3562,8429,3441,3186,2687
5761,3845,10374,1927,11528,650,2700,7693,5138,6292,8090,8347,3482,7201,6305,4517,7597,3245,432,3249,11697,11569,3380,8373,11442,11578,8764,7869,7614,7489,4034,11459,327,11720,8138,75,5068,8528,6609,7890,11603,11346,11477,11607,11609,2524,3296,1633,7401,11754,9193,3179,4720,753,11123,5235,4086,3067,11644,2302
11777,4353,10883,8196,5381,10502,12170,11915,7946,653,9102,7309,10384,10258,12053,2453,10391,3095,9370,9756,4008,1789,9854,9644,12078,6575,7728,10675,12084,9398,9019,10435,10181,2630,9801,4941,11343,11472,7888,7893,10967,10840,10593,9954,10980,6373,9959,1128,7403,7788,11756,3564,237,8560,4341,4856,5113,11005,10366,5631
6274,10122,8842,5132,1678,2575,8208,6162,2963,3987,4117,4631,9624,1817,5146,2843,2075,7965,6010,1819,1944,4385,10278,2086,6183,2093,10161,2226,1714,2228,5941,10165,8631,3255,2615,8890,1727,5445,5829,2505,2251,1487,4431,2129,8788,2645,7127,4699,2017,3171,2150,8442,7149,6126,2416,6770,10100,1909,10360,6906,1276,2429,4479
3584,8456,2056,1932,10381,1806,10255,3856,11025,2039,4758,10394,6043,7964,6046,158,2592,10402,6564,9000,2475,5293,10032,3377,820,2613,312,1848,4027,2236,10431,6976,2369,1474,2111,4804,2758,967,329,2250,2897,10579,11862,2010,9946,4828,10331,10332,8031,6495,1765,2278,10345,5099,3692,2797,10734,2543,2928,7152,10231,10488,1915
1537,10498,10244,9477,10372,3463,10248,8329,261,8332,10511,6800,10643,8213,10645,8216,4377,10393,6811,10012,10271,3744,7714,10530,9471,8230,10024,9640,9770,5291,2989,9901,6830,8625,7219,9652,4155,5820,6972,10690,4298,8011,5834,3535,12243,9685,86,4576,5217,7009,1761,10091,3438,10350,240,9332,2421,10228,1270,1784,9977,10364,8191
8711,8712,10254,2066,4115,532,6676,8726,7194,8733,33,12333,563,10292,8766,6734,9807,9813,604,1634,9835,111,6773,119,1145,125,8830,8849,8851,663,3738,156,669,8867,8870,168,8873,8876,691,695,12476,9918,8898,711,714,10956,3790,720,1750,8918,728,4829,1247,9956,228,743,749,8941,751,761,763,254,7938,3340,271,12062,5417,3383,10043,8518,12115,9559,3420,5986,3942,11113,361,8562,8565,378,4993,7553,1969,1971,5561,8682,494,1522
2304,2690,3078,2441,5261,781,2072,2969,2458,1947,924,2205,5149,2336,1955,1700,1319,2216,1960,424,1320,2990,2096,1076,3259,2622,3135,3264,1857,2756,2757,2685,11080,842,3019,5196,1997,1743,4434,1747,2644,1493,2901,3282,2521,2660,2405,2408,2154,5359,2927,6000,1012,2809,2940,2941,5758
8195,132,265,2190,2702,10639,1039,9108,3222,919,6425,3866,287,8866,5027,7459,8226,9122,2085,5288,9128,6823,2987,5804,4526,6192,4786,8755,2996,3508,1716,4531,5819,5950,318,3008,3265,4038,4937,4171,4821,6488,3161,4827,5854,2399,8547,2789,1898,2667,2412,1389,4847,4465,4473,1658,5119
2696,5260,8972,2574,1295,9999,9233,277,4375,2331,1950,6175,6048,2721,1954,9379,5028,1061,2853,6439,8105,2477,6448,1713,2101,4277,2232,1980,2624,2753,11202,9027,2499,3140,966,200,1993,2508,3149,2382,1999,2637,7885,1621,9302,2006,9049,7898,10856,4332,6253,1134,2159,2549,248,4861,11135
4739,2692,4613,2570,9994,3342,4495,2832,5008,3219,11284,12182,5782,5500,4889,5275,2715,9630,3361,4516,4265,10028,2349,11439,10291,2107,6076,3261,7486,5055,5566,3138,12611,10178,5572,1608,11209,3145,11338,4815,7631,8019,5075,4823,8409,4707,2020,2024,4970,6250,11376,10226,3571,2932,10996,1020,9214
1282,2309,134,10250,12,8592,787,2580,1431,9111,10141,8734,5408,2339,5925,3237,8874,11822,1327,4782,9905,819,11188,8372,7607,5944,2744,10938,8379,8380,1085,5310,4543,11327,5311,191,3780,6988,204,10446,4305,978,8786,11864,2649,6745,472,5593,9821,9824,3427,11236,6886,5484,6125,10478,7279,8689,7794,2547,1399,8312,5882,9723,1532,8958
4608,8448,6152,9738,8461,12306,7449,1822,7455,546,12579,7976,8746,9005,2102,2618,5697,4162,3398,12103,2889,12620,12110,12024,9041,2898,9814,8790,3934,2144,609,354,8803,869,8808,363,3436,10348,621,622,624,8818,9075,11639,8823,8828,4350,2432,642,3971,6021,6534,646,6025,911,659,7574,5270,1692,7583,162,5797,6312,7346,950,11192,7866,5308,11197,3006,9407,8639,7364,3525,965,11210,8396,10958,1233,8402,9428,4309,9940,5851,6109,11999,4579,8421,8684,2800,5874,8952,249,6142
4417,163,1619,2743,3101
2694,4872,5296,2742,2557
9728,5120,9600,1414,10503,10760,10763,8464,1937,1427,8981,1433,9498,1052,7454,1440,3617,1570,419,1445,8233,11179,6956,9773,7342,2223,8496,8753,176,9780,1588,1589,9783,952,3388,1469,9790,12483,9795,5575,12106,9292,9938,981,9047,5464,2264,1626,3292,220,349,9184,6245,1254,1511,8424,1642,1515,235,9201,8434,7795,1265,11382,6903,1142,9081,506,9595,9598
9601,10753,7430,12167,6664,12039,10251,11787,651,8974,10896,8722,8466,12308,2966,9240,3096,3354,12443,12571,12446,8862,10145,8738,12451,8739,12713,9387,10284,2553,3117,10923,12464,12726,11833,6458,7611,4924,11709,12738,10691,10948,4550,12745,208,11473,9812,10709,12629,10584,729,12761,859,3291,10713,11745,8802,11877,11750,11880,7918,12528,9076,12023,9720,1913,11770,6908,7293
2689,3460,260,4100,3975,1549,143,3215,3345,2449,2323,661,1302,10390,2837,922,1821,2717,2846,2848,2467,3238,2088,3370,1964,2604,1836,2863,2100,443,1984,1472,2498,3527,2768,2641,2771,2261,2392,3416,2394,2906,1377,2019,3430,233,2537,2793,2282,1904,3443,2164,2805,2807,3577,2427,2046
3074,1795,3209,3211,1292,1685,11542,8220,2720,8736,2083,2212,1573,2044,2348,2733,2352,2737,2736,1972,1719,2876,2877,2365,66,2627,324,1989,2376,1865,2763,2126,3150,2385,2004,8405,2646,2518,2775,3159,3036,2141,3936,3170,2659,1899,3180,2799,2035,1908,1916,4093,766
2443,2444,1933,2829,2191,3472,1684,2838,2199,1945,10779,2973,2338,2596,1956,3366,2852,1834,3244,1709,2354,9399,9146,3515,2874,4029,1211,1987,3143,2632,3273,3537,9681,3027,82,2773,2774,2396,1885,3294,3043,2148,8293,3559,3306,1771,2414,1774,242,3573,1525,3962,11003
2560,2306,2179,2823,3976,11529,3466,3468,3469,2060,11154,2579,3476,10906,6559,2335,8097,11169,3236,3110,2983,10921,2603,3500,2991,3504,4530,3379,2483,2488,5307,5437,3524,10697,1996,2638,3151,3410,11348,213,2391,3162,2652,4061,3295,8033,3938,11619,2788,10601,11766,3448,11645
11008,12163,905,10378,12814,11663,10642,8598,11543,11031,8854,11673,2974,3104,3362,11556,4007,2731,3372,2862,11187,8759,9658,3514,3396,11333,1861,11852,11090,9683,11731,6741,2772,11224,985,2526,6879,2655,10335,4066,12128,1894,2663,4071,10730,3563,6122,10093,11626,11760,2160,11380,11769
11909,11782,4488,11657,11533,12692,12187,9260,3373,10414,2350,5677,9911,10427,3137,2114,9283,12740,12229,9028,12615,9544,5705,12234,8399,3152,11601,10835,11479,11095,10594,11107,6116,8805,9702,10215,8166,9831,10475,10987,12141,11502,12015,4717,10225,1905,6259,10740,12150,4470,11513,12284,2813
512,1796,3848,9226,1300,1303,9499,798,9503,9507,4389,811,1329,562,1331,52,1591,1337,1104,1114,867,1126,8297,115,4218,1158,1160,917,1177,1191,938,4524,1200,4528,3765,8907,9421,4561,1240,8417,4322,238,4079,9468,12287
4992,5249,5251,6151,6153,6031,7056,4499,6008,6937,7707,6044,7069,4766,5920,6946,5795,5670,7593,5418,5034,7212,5037,7209,4527,6960,6839,6327,4663,6074,5179,6716,5825,6210,5573,6600,4555,5840,4945,5202,7379,6227,6483,7254,6485,4816,2137,6363,7261,5993,5353,6121,107,884,5368,6009,7162,5115,6268,5245
6148,7687,5000,6795,5900,7691,14,6416,7057,5010,9086,6808,2585,7325,5918,7071,6433,9508,5413,7594,5546,5420,5550,7215,1839,6397,4796,6588,6589,6204,5949,6849,7113,5964,6989,6607,4947,7383,7640,4569,5083,4831,7007,6627,7651,5609,7145,6891,5101,5488,6258,5108,5494,6137,7548,6013,7038,7167
7043,7045,4870,5639,6407,5769,6156,5498,5391,5392,6415,5753,4863,7315,6167,7193,5657,5019,6556,2845,6172,5666,4901,5035,5548,7085,4659,7159,6325,5814,6455,6711,5817,4915,5940,6207,5191,4814,6865,5458,7377,6099,5974,5981,5726,7008,5476,5092,5094,7404,4976,6642,5111,5239,6392,7289,7418,5759
7299,6791,1547,6805,5911,9623,281,10008,2839,6935,6939,7456,3748,1189,5798,8742,6313,11438,10926,7726,5937,7601,9397,310,4664,4025,9787,4798,5698,6854,5961,5833,2511,6096,3921,8400,5976,1880,3032,7771,5213,9054,5474,5475,9063,8937,2028,6637,6639,881,1009,4852,12533,246,9717,6905,10493,7423
11266,9219,8964,389,901,2436,8072,8841,11913,8202,8714,10510,8079,7699,3348,10388,5784,10137,285,1188,11688,10110,9779,1587,4921,5051,10429,4800,10952,12105,8520,4811,4684,9164,1612,7247,2256,10577,10578,3026,12116,12756,2134,7636,856,2908,8925,7647,11104,7804,8567,11363,8426,5232,11767,4730,4604,10494
5632,258,5901,2833,7955,8215,5400,7450,6683,11037,6174,1576,1322,10541,1584,4404,570,2621,7750,7495,5204,4949,1624,6490,5473,4092,4722,8313,9596,900,7812,2180,5508,7816,9098,5262,9361,5778,6550,6807,5271,1691,6052,7844,678,3755,8363,6320,945,1970,3252,6580,442,8123,3260,1982,11456,9667,7363,6853,1480,10443,975,7382,6619,9693,7422,2530,2030,6385,4850,1267,3060,7676,7934
11136,8064,2437,5511,3082,656,9746,11540,10006,10518,3864,9372,3614,8478,11552,12321,8482,7332,9894,12071,5032,2087,298,5165,6322,946,8115,11827,8885,6838,9912,8509,7870,9409,5195,12492,6093,7121,210,5717,11223,4313,218,12126,9182,8542,8548,7399,5096,6892,10349,236,1775,12405,6775,12282
12033,9607,12809,12041,8971,10766,12304,5143,11032,11288,6938,10917,11046,11431,10407,296,12203,11308,6699,9772,10802,6072,10937,6202,11193,10556,10300,10819,6083,7752,4552,10440,8654,12499,12244,11222,10583,10972,7389,2653,12663,1630,12385,9837,12527,6384,10607,11250,9203,8563,12149,9206,12407,12283,10239
1153,259,9221,775,1672,1545,7051,1931,1679,8848,1680,1561,1564,1568,1057,8992,9637,6824,4520,8236,9518,1841,1590,8383,1096,3534,4942,1488,979,1491,1492,1494,6614,1753,346,9689,9305,1504,8291,3431,1770,1647,9585,8050,9208,1018
1027,7942,9224,1033,10121,9231,8594,9236,9242,9116,8350,9249,1699,4132,4262,941,9390,9262,9270,1079,7100,1599,9280,9921,10566,4167,9295,9297,6997,4693,5849,9438,7652,4327,4457,3433,7915,1645,1262,879,1523,1779,4853,10745,9215
8322,7940,5384,8201,10256,402,8855,1050,6810,7196,10911,11425,9505,5412,7205,5030,8488,3753,302,3506,9651,4788,8506,3392,7799,6856,8519,9288,6731,588,6221,7894,9430,11736,5208,9943,11616,999,11500,9197,9964,11378,8437,2935,6907
8198,7179,4621,9241,10786,41,10803,3126,4159,8256,1613,1103,8784,7262,3694,5752,6266,8315,9853,6782,7304,8843,11931,9891,6310,4270,6835,5821,8385,2241,1224,10965,1749,3287,9945,7392,7907,8932,8933,3308,9975,7928,2297,5378,3843,7441,8468,9492,6423,6943,11554,10021,5935,10544,308,9016,7999,4933,7508,6999,4441,9060,11111,1900,10608,7546,5499,2430,6532,394,6545,8595,7584,9124,2471,7602,2501,2002,3029,6617,986,3545,989,7133,5602,5095,6120,11244,5102,9200,12273,2040
10625,6278,6026,5390,399,9106,3732,409,12192,11168,8484,8357,9125,6139,5290,9131,9004,814,8880,4658,7347,571,8251,8389,326,8135,6984,8266,9547,3018,6993,2386,4087,1875,9170,1622,8923,476,5853,92,991,4192,992,994,9187,3557,7526,2534,8296,9321,231,747,6127,9841,9458,8691,4982,10487,3835
7808,3588,8709,7558,5512,10633,9104,11921,9494,8218,6686,7969,11299,11044,422,10535,10792,9132,11693,6317,9134,7857,6450,9139,9268,6578,10038,6707,9784,8758,7606,6963,9395,829,8511,8386,7496,10953,9174,10970,3681,8418,8161,5220,10214,9062,5866,5867,11115,3313,10354,9714,8951,8184,6777,6783
11137,9729,11907,7428,12680,10504,520,11788,10128,4625,9747,10011,8476,10909,8223,12448,9889,9762,12194,9255,9897,11820,4142,8879,12338,10548,436,10294,4023,9142,10296,3898,12349,11581,1983,10945,578,7756,8785,9553,11232,10724,4198,8678,12650,7531,12012,10861,8431,8688,10735,9842,12403,3189,3707,11132
10496,11393,8836,11396,12671,9736,11916,11918,5648,1939,6814,9759,12832,3874,12452,10405,12069,9892,7595,8112,10677,4790,11063,7863,9271,9786,9914,10432,12482,6084,8646,11463,9928,6601,10451,8915,3157,10839,4953,11871,11105,3682,12771,12770,11519,4710,11494,7016,10089,11114,9713,11125,12790,6519,10618,8831
1281,3335,3847,782,2062,3086,2318,3728,2960,2830,7190,5655,9754,4763,1948,4381,9118,4258,11172,10409,10799,2864,3889,5684,2747,60,9535,1986,1859,3523,3783,5704,5710,11856,3031,5088,10731,2413,3183,2678,10359,2552,1147
12160,3328,12421,9593,9487,10000,9362,7570,10773,9496,7705,6170,11164,11808,11424,10275,5540,11174,11304,9513,10801,3123,1600,11076,9541,9926,9673,7114,334,12765,3039,5091,9700,1637,5222,12665,10860,10993,12286,9719,6265,10235,6398
4864,385,645,1417,5770,1422,1297,1554,2577,1425,3224,4890,1562,4380,1436,1563,5020,4897,8228,4902,1073,1459,8884,9402,1466,703,7746,6723,3401,4556,8653,848,1616,4178,342,11993,6364,1244,1886,1503,1376,9056,4324,1512,5865,4974,3695,6128,1263,4978,6771,9715,8310,4601,2298,123,126,3711
4610,9986,4612,11781,1669,1287,6408,7050,9866,7819,3981,9232,4626,9877,10903,2203,796,2972,10018,4387,4773,12198,9514,9771,9776,9525,1845,1592,827,955,5565,7742,1726,2242,4934,8391,5580,4813,7245,9935,6480,10066,3154,7125,5462,10072,8154,4573,7010,7525,2411,2675,755,4723,1782,9847,3065,894
6144,11009,514,7301,7048,5001,11914,4620,12173,9742,3724,15,10898,5523,10770,7061,11926,8214,11676,11423,1824,12067,10019,4259,10149,680,10925,6576,2681,11828,439,12216,8891,11069,445,10174,3009,9666,8387,7491,8009,10319,8783,8657,209,8275,9433,1373,10334,11617,8290,3169,2402,10087,359,8807,7658,2796,5357,6766,12782,5236,5492,12279,7161,10490
903,8970,1674,6540,8977,1174,8601,2215,8748,2108,834,8771,1992,1100,716,468,4694,8664,6493,478,351,9055,8669,7137,4833,9188,229,8295,3944,489,362,3565,1520,1137,370,2546,5749,383
10754,3842,8580,8962,8583,10505,3850,10398,11809,10543,5170,182,4150,3520,8643,4042,11979,10703,8655,8658,724,8532,12120,11100,8668,11490,10722,9573,5478,6508,10990,11631,3828,9205,10230,8571,8445
1286,3600,1301,1306,1051,1309,7711,1311,1313,1316,1321,1324,1069,9517,1328,9527,1335,8512,2113,2882,836,1093,5447,1352,2127,594,9554,9557,1365,1367,1372,6238,103,3943,1132,8303,7280,1392,1397,1400,377,1406,3969,9348,9604,9611,1439,1447,2992,951,183,1463,1470,1471,449,1217,1219,452,964,6087,6344,1227,217,5596,1757,482,6887,3820,2802,9461,1014,1273,1275
5124,4485,2822,2186,6923,912,3863,6682,5403,1435,2218,3626,3503,3133,4290,6346,5450,2509,4432,4058,608,4067,3940,3305,2677,7413,5240,4089,5371,3453
7554,3715,3467,5652,4501,3349,3352,4632,3994,7835,3872,3116,4653,3759,435,7862,3127,7873,12231,1353,3684,3173,7784,1005,7917,3827,3700,4600,4986,3327
3329,6402,3206,2311,6024,2953,2955,8588,2961,3479,3486,2977,3619,7973,6566,4776,3499,3756,4405,3509,3895,7355,4795,3517,3390,2751,3904,8000,3647,7743,3015,3914,3403,3786,6479,8144,3792,3285,2390,4312,8028,5983,6509,3822,4080,2544,3570,3829,8053,3959,2808,5884,3071
1028,9862,4875,1294,3730,4883,7828,6420,3606,3094,6932,8730,3669,927,2207,3873,6440,5416,3884,3757,5302,3894,4026,7745,3266,6465,4808,4686,3025,4433,3668,8056,3414,7126,4440,5721,7381,7899,3676,1245,733,3551,2916,4711,5480,6888,7019,6899,4981,6389,3320,1657,8061
2947,4229,2310,7047,3593,4874,141,3982,3601,3859,5401,7713,5156,3364,2861,6702,943,3640,5433,1722,3899,3644,3900,4036,3910,4679,4935,3913,4043,3404,8268,7118,3663,3028,6104,3033,4952,6235,3807,6626,6628,3818,3052,4076,4602,1907,3572,3699,3061,4728,2938,638,3967
7936,5633,6658,5513,8074,6157,5518,6289,3860,4245,3607,6302,7712,4640,5665,3750,8103,6438,2859,3374,2735,4016,3248,5045,5432,3901,3007,8640,4032,7619,5197,7758,6478,7757,3796,6998,2777,1370,3806,6110,2400,3683,7523,5990,7273,3951,8304,2679,8569,3706,7931,3325,3966
3841,6529,2817,3202,6276,3592,3084,4493,3470,7823,3346,3475,2325,4886,4760,7962,8092,3997,543,3745,3622,2347,7981,5806,5298,2867,1461,3129,4797,3134,6848,962,2507,3020,5582,4049,3451,6486,2903,4056,5477,6630,7781,7144,4073,3307,7664,3185,3442,5619,2934,3963,6780
5254,10376,3849,3720,6284,1934,6161,2450,5526,3736,3611,3231,5537,9506,6819,6945,5284,6568,3630,686,5041,3635,2356,7094,7095,3641,5703,3912,6606,5201,6353,7251,6611,3672,3417,3929,602,2397,2781,5344,5090,2914,2915,3434,4459,4588,887,6256,5231,5367,3064,3321,8447
387,5004,3217,1812,9109,7958,1686,3992,405,407,3609,3737,3360,2722,6051,7204,7206,4903,5544,2858,4012,3247,4018,2611,4532,7221,4789,6583,6967,3254,3130,7490,1733,6342,2510,8272,4563,6996,5844,5206,4951,5342,3552,4835,3685,4454,2919,5352,4712,3949,5614,9967,4082
3200,4736,5122,3840,6147,4740,6678,6427,8093,7710,5664,7073,2849,5414,2473,6060,4525,5424,7344,7218,5178,6461,4542,3262,4674,6345,843,6867,3284,3037,3708,8545,11874,7396,1893,7783,8040,7911,5481,5483,4586,7015,8942,8047,8177,6514,3954,6262,6776,3450,10236,3581,1662
7040,2305,8066,3459,3973,4742,3336,5257,1800,6027,6288,5654,6552,2970,9117,11040,1187,7461,9639,11945,5162,6267,12730,7996,7740,3136,8001,6722,3779,5827,5568,7360,7104,8393,12619,4940,6224,7255,7385,4442,3034,6362,3675,3422,4955,4064,3045,3174,3690,3190,3195,6652,12670
786,9364,8982,4126,2334,415,4127,3234,802,1441,4138,4139,4143,7088,4145,4144,823,6843,9021,3013,4165,12363,726,4184,4195,4196,6761,4210,4213,8441
3712,2698,2968,2586,6298,4137,3754,7467,8491,6961,4146,11190,9017,5049,11579,8895,5701,6863,10704,11515,2262,12384,6371,10473,10217,4209,4215,10872,7163,12414
2048,8454,6412,8463,8719,5649,8723,10260,2073,539,1787,553,1790,5939,2104,9800,2121,1866,1867,10315,9805,1364,90,2138,2912,1632,11108,356,9317,9832,8559,369,1912,8314,9338,381,1663,137,1676,8589,2188,9618,3995,925,4004,1701,935,1707,8364,428,430,8621,1710,2225,2738,178,10420,1720,451,2244,453,457,1485,10193,2001,8917,10205,8926,4065,1505,9953,746,5616,498,6387,7412,1269,6132,8440,251,9980,1022,6143
5376,5891,11526,1543,2057,10765,2836,1053,10014,12064,10017,11810,5671,2856,11049,11307,3628,9521,3892,11321,2361,3643,6459,830,1095,5453,2894,87,5979,11357,3165,8029,9825,2662,5991,7791,5234,10611,4475,11655,6536,7566,3739,4509,4513,2727,1194,7086,6069,7351,6082,7620,9672,8392,11981,2769,12241,7892,8662,734,491,1006,7662,9199,4084,3575,4345,4094
9472,4480,4481,2053,2055,2824,8330,4363,1804,1677,9996,3088,9234,3218,4500,9850,9239,2967,2202,1946,10396,3741,926,1565,4506,1953,1060,2724,1062,3751,9766,9259,1068,1067,10158,10283,1837,2099,1718,4279,4414,4415,3011,3142,1479,10056,202,1229,9422,3919,2765,10831,4306,3158,3288,1016,2907,3164,2012,2269,1116,3424,2792,3945,1513,1130,1640,4078,1778,9078,3832,1786,2811
9476,10247,2314,8075,10124,4492,7181,6160,11665,2322,12054,6679,2330,11034,8604,12191,9504,9252,7721,4779,10539,559,818,11314,2485,4533,12598,6328,4536,2879,9152,12353,4930,11588,4293,5830,8006,12488,4809,5322,11212,3916,12151,11729,1873,3155,1362,8661,9558,1752,1499,6108,11263,3550,7520,10466,4068,11625,4715,11116,4460,5486,1135,9968,2669,5106,10099,3574,5495,8570,3582,895
416,1473,2209,580,10055,8778,10955,43,3054,48,11763,61,572,4541,606,8767
8288,8073,8298,3882,619,145,146
2274,291,643,3908,9526,5629
11265,226,8003,450,806,10855,6,169,108,1008,12465,2195,3539,9939,470,10172,157
10880,4224,9732,4103,4233,267,4236,11278,6543,4751,4370,2451,1557,3734,4252,4253,1055,4256,4261,6187,4398,11695,3375,8367,3120,4147,4276,4282,4411,4289,4419,4292,3652,4422,4297,3530,459,4429,4303,4304,3538,4439,600,4186,1883,3548,4446,4320,4321,2786,1378,4331,3950,2292,1780,7030,8696,4349,4223
4225,11011,4227,6279,4232,10761,4367,3090,10386,11027,11925,10261,10902,10520,11157,10649,12445,3870,10527,3103,2465,4134,11048,2984,11824,3632,4275,11059,1978,1598,8384,4288,3272,10571,9420,2893,2766,10962,10453,10198,3670,10456,8792,3801,2265,8412,4060,10847,10975,9449,2925,1776,2289,9202,10486,12409
2688,1029,4615,4359,7945,2185,12553,10132,6677,2840,10776,11802,6687,545,11171,9511,5805,12081,1458,4787,6071,5943,9530,10811,4284,11198,7103,10944,7880,11465,6987,11468,9678,12238,11214,4430,6991,11732,4053,5845,12376,11994,9437,9950,10978,9829,2664,8552,10603,5356,11120,3057,12408,12028,10878,12415
2945,2948,12294,9222,12425,10377,12172,4110,3857,12305,6290,4373,3093,5015,5144,11033,11158,10651,11035,8353,9512,10922,12074,12083,11002,10812,11839,4287,10692,10954,12365,10575,12496,9936,3024,12500,11096,10587,10462,2910,12638,11109,10982,11112,12138,7660,12654,4207,10992,11121,10482,2288,3824,3961,12538,11006
4866,4,4618,11539,4891,12060,6173,11294,12828,4637,11555,37,10023,12331,3118,8240,4660,11322,4677,1099,10068,1374,4451,12644,12649,4725,12662,5497,3964,7037,3455,8581,4744,9097,4490,4752,6296,5278,4510,4771,4780,4559,11983,5588,9941,4565,7129,4585,9194,6644,11000,8444,4095
9218,2,12036,8211,10005,10007,9752,10524,10781,8735,5410,3114,12077,10491,11065,11334,11848,10833,10837,1110,12118,11099,10844,6491,7778,6500,6757,11627,3947,6518,9335,12155,11388,1922,4484,5765,6535,10119,12171,9620,11414,12183,3993,10142,5536,10403,10669,8116,10678,12473,10169,12732,10687,11455,11457,4801,7875,12484,10176,10183,1483,12251,11229,8413,12514,10723,10979,3304,10728,10474,9708,3062,9467,9726,12799
736,800,4098,612,9703,785,338,595,465,2673,25,5661
8259,8452,8773,8648,393,1197,8878,9009,9011,788,8637,6463
7588,7852,4237,1242,8989,8991
4737,6114,9482,5166,11662,12400
10497,5127,6920,5386,2069,10262,10522,2332,1310,1567,4642,10787,1315,8486,1318,1830,3369,2091,8749,46,817,2045,10290,1844,1846,4413,5183,577,2123,2642,1620,5469,10591,1889,1890,4963,1635,10597,1129,1902,886,2168,11129,1914,10362,2174,2182,10631,648,10638,1171,1173,2455,2460,2206,2474,1965,1967,2224,6324,1974,2489,8378,2495,9923,1732,1221,10437,2500,8652,3794,469,10714,2011,481,738,739,1253,2533,488,5611,1004,2551,1277,2047
8705,8930,741,8838,8522,8395,172,6059,655,22,222,8799
8352,8343,647,8845,3408,5109,7157,3989,693,731,94
7333,10822,9147,7944,10090,2132,8245,5397,12375,9304,9307
4228,6280,5516,4239,18,8979,5653,5914,5285,8371,1090,5574,5063,6088,4683,3674,5723,4830,1248,4840,4589,877,5365,4726,6390
4879,5141,5656,4379,8860,6180,8872,5168,4785,1204,5306,5312,5831,5073,5203,4822,9566,6113,5987,4456,616,5870,5103,6136,4858
12288,12035,8325,5879,6159,5117,7957,5398,5881,6040,5786,5788,8861,6558,8737,6050,6181,809,4917,4925,6205,4546,12739,9413,5318,5446,6219,6351,5331,5460,5076,5716,982,4950,5209,5348,5733,3300,996,744,3837,5608,4583,5744,4339,4855,505,6138,4733,4990
