2336,2689,2082,8267,8825,314,251,733,1950
929,9734,1868,8338,1662
709,3175,2527,5335,671
6086,4979,724,9013,9400
0,9697,8675,2170,5021
7975,2312,9039,9310,8479
1671,1735,7089,7063,6878
6947,3236,2020,4238,6516
4675,425,9357,2257,6100
9003,4590,8916,340,11383
610,3212,9619,151,1403
5098,1615,2161,5169,6806
8163,5764,2469,1799,2252
9460,9908,4469,7518,8351
1696,9603,1444,1094,5520
3521,196,2052,8465,10324
4547,9064,2219,1464,9819
5958,8493,5493,8375,6584
8071,1107,3767,4761,4283
10342,5160,1386,4753,1525
10112,5122,3148,8535,252
4108,4015,9627,1758,6367
3778,6436,9543,5621,7227
4164,5554,2291,4149,9755
7506,9396,9058
2057,2285
8996,6990,6769,2068,953
10116,5136,4597,630,2238
11810,5991,11307,3341,3216
11144,6508,7983,1083,4957
8225,611,10990,5553,3122
8229,1575,5419,4692,9341
7948,8399,5905,11796,7860
2567,7700,7959,4824,2366
7505,7313,11959,8697,12125
11432,11246,12079,7410,2268
2462,7912,2131,7164,11102
10823,12754,8182,2329,11610
6499,7815,6311,5772,11103
2404,10030,2617,7739,8860
4360,1968,10483,9012,10042
11817,11089,10194,11669,10808
12449,7987,10838,12727,11997
11584,10444,11126,9629,5054
8262,12263,12456,7400,11369
8912,12467,11895,7993,9820
8450,9763,10915,11594,12597
12803,12515,12270,9168,8692
12481,12422,12712,9648,12372
2872,3882,619
362,1531,8294
2489,7405,2974,2655
1731,5812,5814,5639
4066,3703,2663,7
5232,8457,2517,647
8473,3363,1149,471
7504,290,7885,7039
3265,8297,12
1479,3497,1841,4561,4279,1340,2590
6306,3945,11824,4379,926
2470,11625,9774,22,5567
7917,4434,852,2395,4222
2876,2054,4150,1527,3644
8664,1880,10680,1244,9438
1408,9417,4277,4091,9276
1347,2992,9650,8790,795
8132,7941,43,10168,24
354,3443
3730,6509
746,3517,4022
1955,2858,6955,1741,6387
41,1892,7956
2912,1866
7872,3023,2962,6452,3318
7362,7539,4594
2738,7412
4098,909,624,2673,338,1846
1769,7979,9997
185,9628
6816,7297,4136,1559,1305
10221,6257,2545,6039,891
6087,7369,76,8732,3102
3051,10637,3958,5662,4991
6786,6107,9803,11419,8539
2090,9036,7228,7710,6719
6789,3050,6970,8093,6494
9632,6445,5581,5658,2554
11972,12426,6030,12440,11420
11200,9998,2425,9404,5565
8582,5959,11411,11702,8509
5796,5644,4880,2550,4888
10311,3797,7509,6681,12508
9473,11364,5863,9448,3423
8066,7079,9138,5174,11387
11298,8042,10125,9266,8054
12098,9606,7368,6444,10295
8900,8207,5199,10290,11927
3010,3981,10638,5462,10871
1825,10658,7238,10673,1951
2472,10001,3701,4437,9463
870,9383,42,10417,10903
11746,11335,6889,11155,4662
7922,245,8342,9654,11964
227,484,12007,11408,9180
12386,7053,3322,635,12382
10689,12870,12934,12935,11595
3494,11372,9358,6451,1307
11173,2503,12913,12562,12822
11747,9289,2478,12815,12752
9796,12591,5394,5269,7517
11194,10412,11095
9931,990
6176,3310,1528,8666,6396
5317,4101,6668,3697,12534
11045,12485,10389,4216,11451
5186,9988,2021,8361,11636
12320,10564,12517,6512,12921
12769,12362,5613,8975,7065
12480,10916,4200,8489,12541
8303,8530,9876,10742,8572
1869,12177,10203,10173,7711
12198,12710,5612,11153,7765
10758,11464,10159,11601,12470
11461,11242,9973,247,9050
1730,2599,10671,12666,10877
8963,5029,7559,3125,4248
12399,1681,11761,5465,2815
4896,6338,9538,11496,7216
11036,11890,2587,2588,8159
8650,5066,11347
12570,10550
10699,6012,11503
12153,2233
2500,10854,2183,2764,11737
10882,9073,8721,11062,1847
12587,10227,10616,11545,12543
6632,12045,10262,7130,3358
11022,11795,11416,10554,3615
3816,1136,5200,8763,10270
10631,12554,12207,12208,11705
12013,12685,12335,9143,10943
10672,5937,4407,1465,4156
11234,12327,10382,9969,11958
12417,10985,11888,7186,11130
12322,5167,11221,4024,3773
11683,8550,12494,12209,10463
11713,12265,12490,12717,12157
12593,12819,11460
11073,12459
11911,9353,10932,7317,10908
1809,12389,3878
12416,11587
12099,11881,11510,11353,11967
8065,7842,8997,10027,7098
8769,10788,5642,8566,6876
3332,8838,2086,1033,48,9688,2719
9866,11658,6860,6799,720,11158
7904,7619,452,3305,2186,5365
7458,6438,4663,4153,4607
4114,5748,6582,7257,4474
4962,5923,2895,3227,5151
2976,8356,3076,5577,4916
4900,6286,5683,6195,7615
5510,8551,1807,8185,9470
6916,3923,6233,2015,5599
4805,6533,6663,5128,3895
7409,401,1395,7639,10107
8492,2189,11376,5105,10105
5163,6228,1877,7095,3128
9564,7877,3879
4650,804
10821,3177,10223,2870,12471
11019,2320,9781,10653,10015
2979,9649,4881,7222,7357
3256,5562,9858
968,2869
4064,9298,6028
5434,10220
3041,8804,9002,3918,7035
9890,71,2921,10569,1210
2343,7082,9228,4463,9816
1185,7375,10513,7996,6911
7105,6915,7087,2710,5079
6825,7810,8349
8896,8083
4516,8180,2388,9114,9278
1666,9638,8106,7947,10941
2528,4452,6762,8397,7512
9248,2034,3769,5246,10207
4973,6548,11448,9947,10557
5190,5069,2958,851,9301
6248,4201,5800,5182,6591
5185,8514,4678,9419,12089
897,2985,10507,8044,7613
8059,11205,8603,6326,7803
5539,9326,11537,9529,10138
7264,9546,7568,12276,12378
12168,11919,7825,12146,7282
9615,2480,10738,9586,11901
10083,7621,8199,2025,9706
4097,11077,7024,10930,12633
9861,7176,7626,7630,3225
3952,6978,9932,8557
6182,8839,5435,9949,9406
2625,3203,7884,3059,2357
1250,4397,7887,6065,6360
2564,7017,6872,1882,8219
5157,6091,12044,8082,1213
1124,10568,12435,2998,9978
7171,7110,5897,10481,5815
10851,8645,8390,8856,3484
5280,6189,5775,920,7386
9380,2718,10895,10321,7678
8227,8459,10352,3602,531
898,2532,12613,3323,7807
7683,10438,12108,11117,11802
4573,2178,9155,6036,10717
8096,8641,5129,7694,7448
3587,3108,8263,7240,5225
3907,9575,11984,957,7774
1040,5689,6602
9874,12010
11970,1046,10743,9150,6815
12225,9847,9849,10587,5756
7939,3091,12406,1335,9436
743,5558,8701,6014,767
11360,6821,2734,11541,5781
9377,9480,5358,9583,8913
6922,12780,9037,3636,8276
11459,3881,11273,7759,11260
5578,2634,11957,6650,12766
7686,6023,9329,9818,11098
11818,12401,9457,10329,10846
1035,11723,2316,5426,10045
7433,7184,8247,3193,575
7754,6475,6538,9309,1183
10338,7716,8716,9197,2647
4623,10575,5519,6553,9791
10830,4207,7537,11867,11580
9412,10289,12185,4187,5052
9636,10756,2372,7407,8853
9569,5700,10322,3355,9982
12066,7270,10279,4524,12056
11845,8242,12021,3804,11134
10816,11204,8651,9709,10813
4400,10074,11342
11754,8204
4354,6851,4774,2988,3199
11329,4705,9071,9687,10845
7361,12624,10715,10651,5887
8775,3056,5811,10875,11293
4967,3080,11733,7832,10749
7329,8523,7380,5982,3679
8921,7349,11647
9132,5838
10447,9373,7447
12242,10771
330,7499,11182,7760,9823
11337,7370,10353,9426,11064
6403,8265,211,8725,8829
4836,12356,12709,6859,8683
11042,11074,9707,6973,10079
7207,12457,3210,10171,9788
11010,5861,10134,5719,1694
5538,9160,9865,11484,6684
9924,8423,4046,12176,12095
10211,1348,8910,12312,6750
1169,7117,9903
9176,8354
6958,241,7730,7096,11771
2246,10920,10581,11230,11935
1384,6985,7921,4402,9653
11240,11948,180,11261,5406
3334,7498,10509,12307,3605
4876,10062,6098,6546,9592
9539,9286,3275,9844,12343
10103,8999,9455
11237,1351
8966,7046,10764,12493,12667
5858,8451,10536,11988,5407
10531,7556,12055,11511,8537
7561,11917,1393,3541,10459
10340,10314,5899,9497,5628
10113,11811,3481,9883,10204
7768,10309,639
10986,8111
8035,11332,11406,11799,3579
6179,12438,10102,9113,7359
9024,7239,10094,5679,11283
8041,8623,9009,6743,8286
8834,7587,11562,11666,10807
11053,12174,9775,3283,10264
12195,11659,5515,11052,12145
12299,10224,11605,10101,12159
10372,74,4110,10992,9877
12741,11728,11568,10166,12605
11785,7311,12463,11446,8988
3817,12397,10449,11249,11859
12201,12111,10576,9493,8252
8299,12237,11600,8057,8796
7655,2248,5388,7698,2844
11843,11717,11324,11390,11391
10692,11112,12138,9771,10271
1088,7425,10082,4291,11743
12196,5966,10037,11254,12795
7457,12006,11345,10614,12255
9091,8613,12233,12714,11949
10849,10441,10445,599,11739
11370,11373,12603,12599,8507
12546,5154,12398,8118,10905
9445,3464,974,10546,3507
10598,6792,11151,5039,9621
6464,9572,10216,11402,9469
4773,10901,11033,7865,11007
10949,12070,4019,11251,10164
1744,9913,7003
888,10130
10991,6897,2803,6902,11163
11969,7876,5972,11929,9275
10482,10484,2293,9495,10047
11955,5237,3063,10364,6206
9281,139,8365,11092,9880
10712,4899,9284
4105,11458
10152,9263,4373,12538,9244
408,8586,10508,11480,10106
9920,11847,8875,8556,9645
10050,10984,9067,844,1813
9059,4358,11854,11119,11122
5380,8043,10774,11034,508
12178,9363,6291,5334,10073
11427,10436,10789,11557,9175
9776,11121,9675
3857,9634
7530,10060,10995,9140,11903
11330,12135,8435,10710,12316
11297,11218,12402,12309,11544
10662,10572,11725,5646,11611
523,11563,5266,10899,1208
4244,12214,12537,11772,12542
8120,1901,11749
2945,12762
8928,12200,5676,6965,2871
10887,6704,11028,12052,9951
4987,12004,10373,10827,11291
12512,7235,9927,5194,10421
10976,2119,10889,12458,11699
833,12774,10219,11998,4959
11140,12390,5672,12746,12114
11841,12547,9576,6794,11514
11640,9961,5161
2761,5534
12193,10892,9677,9804,12371
10209,10413,11952,11576,8729
11654,11047,9735,12235,12092
9162,11435,12699
10632,10179
9393,11340,9718
9712,8905
5056,12294,2664,10091,12083
9857,11716,11622,7569,10002
12802,12806,12813,11311,6131
11850,2288,12088,3610,7165
7395,12775,8617,10200,8541
12518,12522,12498,11965,11359
12772,11813,3519,12057,12063
12677,12744,11679,12723,12735
9991,10408,10127,11358,10559
3746,9415,6959,11443,12830
9665,11524,8904,11786,11851
5350,12583,10157,3956,11097
10759,9578,12109,10836,473
10022,11558,1260,10031,11992
11522,12612,2923,7762,12604
9669,8614,9739,12784,10462
8930,9895,3528,12567,11481
12640,9352,11400,12507,10683
6435,8485,9101,914,12573
11629,5647,12281,2750,7551
2017,4446,1660,9598
419,8764,1567
1927,6828,5068,5138,4086
4034,3845,75,8429,8570
7401,5615,4720,8528,2302
3296,7693,3249,7890,7614
5761,8138,7597,3380,3067
1633,6609,11123,8090,8347
9801,2700,432,8373,5113
8196,5381,11756,4941,10258
6373,7946,7309,10675,9019
9954,9644,7893,3095,1789
10502,1128,8560,4341,2453
7403,653,12084,10391,9370
9102,6575,11343,9398,10967
10883,12078,12053,10840,9854
10435,10181,7728,4856,11005
10593,10980,9959,11915,10384
4353,11777,10374,7788,10366
4008,12170,7888,11472,5631
1230,5268,5430,186,1435
7044,7974,9388,8269,437
1416,300,976,1109,8920
8780,1071,1361,1308,2397
1157,6571,1102,8946,1278
960,1409,9070,84,1980
12611,8076,5782,6076,9630
7393,7394,5061,3914,1324,3087,3635,4822,1466
451,1252,3151,4274,766
6754,7627,5329,700,4093
9506,3720,6382,1332,5045
896,8840,907,9238,1207
1972,5013,7415,4184,4895
5312,5060,3622,3280,7378
329,9196,1714,2236,8031
4640,934,336,5044,1975
2797,1806,11025,820,7964
8611,8877,3471,3036,1118
3233,6723,4616,784,3473
6027,4395,1017,4251,2748
3522,4867,1614,1296,6495
6564,2758,4842,5099,4828
3584,1219,996,2939,4351
3239,8682,8332,5293,1270
3394,5017,2459,6811,8191
1446,240,10228,4789,9277
10498,1091,9640,4010,9685
4002,8685,8791
3744,1190
6725,5834,6830,86,9471
357,4938,3438,3931,4988
8230,1932,9332,4377,7839
3590,8011,8748,2421,8216
1537,10024,2989,8625,6972
4576,10244,4742,8329,10643
4298,5291,3535,6800,8213
10248,5217,11862
5820,10012
9477,3463,9770,7219,12243
2091,10831,4144,2777,3515
5024,3751,9682,8982,1978
3078,2702,3573,3704,4569
4770,4421,3469,2606,4599
4833,4866,9922,4814,4383
8867,325,10453,5848,94
9699,711,4330,4603,4062
3680,7248,11477,8792,4280
11120,9425,3090,9330,10132
4006,4237,9072,12561,11897
12009,6953,6672,12347,9950
3714,11116,11607,5592,4637
7137,11048,10520,12445,10527
4682,817,1683,1720,1022,4319
744,7052,141,7986,9049
843,110,887,5915,8926
4364,5997,5973,3641,6301
7396,4486,3954,498,4633
97,6085,10193,5813,3675
4877,2607,5075,4374,12284
9832,9338,5767
10596,6333
2129,4322,6102
231,7151,5831
10533,7124,11157,5005
9249,9004,2669,2678
11096,113,3657,12081
11528,9242,8372,9094
5986,2589,8627,8565,5561,125
3942,5235,119,3545,3738
6305,2066,941
7489,6734
11113,5417,2929,3383,9915
5474,9956,9807,4115,1145
7938,6275,8726
6676,9918
1969,9813,9559,7194,8733
3340,6773,10043,12476,12062
8193,5188,747,12240,1780,121
7201,5859,8006,11676,11774,12191
3848,4806
6292,7054
7648,2782
3652,1224,9723,1563,1367
1062,4305,11188,10446
7279,8786,2580,5310,8767
9824,5925,6886,10250,1431
7607,1282,10478,9905,9111
3427,1532,1399
7794,134
7203,4782,5593,10938,1085
2339,3780,11822,2649,8958
3237,8874,978,472,11327
11236,6125,11864,5882,10141
3591,3211,9748,25,2427,2877
2048,206,8752,5106,11925,1756
9280,8235,10158,9556,12793,10814
12354,9061,6981,10092,145,11835
6506,6155,6612,1461,4349
2348,8878,5423,5108,5823
5449,1547,6891,210,5525
1797,3496,3883,3983,894
1188,4229,147,3897,7995
9057,3179,2543,10515,8317
8105,4460,6253,6013,8605
999,8136,9901,12305,10681
9505,327,12365,731,11006
162,7859,163,869,5797,5508,3934
971,3684,4566,4563
3554,2396,6389,7767
679,489,20,3254,7355
4396,3418,341,3382,2970
673,3910,6630,1960,3815
6336,9122,1258,10959,4180
809,3727,5327,9245,7391
567,4199,3112,7319,2491
871,1165,2383,4952,9852
930,4422,1574,6350,8882
8652,365,5264,2514,4539
6752,9666,173,9230,5584
8864,10855,4818,244,855
7813,877,848,7056,7379
645,3818,7757,3695,827
5673,11146,2639,182,9567
342,6826,7010
4380,5598
4485,4808,808,2098,7991,5403
6702,1934,3606,2714,188
9826,2594,4047,8889,1342
6882,8708,3303,218,8924
3873,5605,8998,4138,7413
5036,6542,8978,6840,7421
2754,6819,8358,518,667
8832,10755,9545,9129,11437
10318,10768,9427,11671,4700
6427,789,7879
11760,7020
6658,6252,10351,4111,11219
1222,6130,4276,6842,3965
12005,11016,12330,9910,6875
9810,8164,8798
11312,9965
8165,10246,10249,1452,10553
12032,5576,9389,11989,3709
10210,10933,7644,11710,11807
12324,4904,688,5424,11963
4352,12227,10061,11834,11070
7818,4464,3251,794,1947
32,4677,2533,6,13,191
3104,291,1027,5475,4071,5239
1640,11382
1400,2405
5840,2811,222,7862
5203,5083,2775
1488,6493
8738,7043,8312,7449,6559
10691,3117,208,10896,6458
608,5284,3345,1811,4858
4928,5065,137,398,592
4643,4236,8694
4792,3309
4980,7958,6655
6728,3665
3556,7492,4759,8122,7066
7148,8364,5871
4124,7886
7758,4958,4598,3385,5886
5933,7055,6995,4884,2652
5735,7534,5007,7924,7967
8480,7841,493,117,5243
3654,5422,5622,6678,2393
5184,6442,4748,3677,7806
7914,8731,3990
5988,6077
135,12908,236,8047,1306
10020,2279,4879,5711,6260,6390,1948
2049,5635,8309,1817,5855
6148,5944,5690,3069,2271
5830,328,2665,10350,5693
12325,8807,237,7635,8501
4321,7690,238,6607,4405,7574,6839
9850,1916,6357
867,5629
5547,1073,6517,6009,540
101,5483,6574,4304,6453
5112,5825,6137
8420,6701
562,6099,634,7419,6556
68,5900,561,3410,798
5704,5817,5546
6258,5092
9088,4228,3822,11665,2354
3331,11631,176,3837,3807
8400,1138,5716,1142,3032
3424,8711,7628,2227,3832
4078,10579,246,4733,7199
5348,10345,6476,10734,861
11588,9292,7021,10511,1782
12353,10530,12739,12488,6520
7585,8169,3467,6321,509
3234,5028,5321,7798,3134
2499,4424,3475,2325,8124
292,8588,7599,5591,3451
5026,4356,2487,2296,7195
3841,5557,7733,183,7675
7968,7074,7654,7431,7913
4546,5229,5295,4592,4729
7584,4838,4231,5395,6232
3843,5238,7800,2297,7999
6470,4841,7308,8750,6524
5730,8932,6633,1135,3126
6532,6636,6674,3417,7610
6657,6282,4399,4335,6557
7304,2513,11698,5209,986
6829,5230,7951,7352,254
4868,8005,8167,7928,3422
9833,7786,10965,9016,413
970,8439
955,3564
256,12059,3582,8455
2629,1193,3277,5046,4479
2561,4902
3786,4695
332,1778,4535,2137,4859
2432,9600,9381,4367,1822
258,1322,4811,5778,4536
6853,7750,1584,10578,1267
1944,4178,3783,4506
9800,4392,3512,4487
9862,1909,3959,3001,1371
2272,9418,9483,4431,8275
3462,3790,4020,3736,2429
3364,4206,2224,3987,4159
4032,3692,1487
9624,1474
10121,3596,3856,3002,4027
4457,10539,9964,4053,6907
11425,3753,302,3377,10911
10048,261,588,9652,2494
5665,4706,2088,5450,5869,4080,4986,1597
4709,7273,273,8339,3326
1865,8337,4433
2905,1014
128,5090,7981,8471,9212
3585,7972,3446,1879,825
713,4883,4083,2548,759
7682,1768,1740,8591,3953
8032,6662,9840,3706,7388
9123,2884,3147,54,7801
8937,430,6639,10161,884,9397,9717,7707,9787
7299,3748,5833,10381,7726
2028,11438,6805,10008,2845
5698,2511,4852,5976,4025
5798,10926,4945,310,10493
2314,7152,11314,9623,7771
2436,856,4921,10110,2879
8714,1587,7636,8925,10494
8520,3916,1612,8567,285
11363,8079,2256,9779,2134
9219,8964,10577,3348,7647
10510,7247,10137,5051,7804
10952,8202,9164,4730,2908
11104,12105,8426,12756,11767
11688,10429,4800
12116,4684
11266,8072,8841,11913,4604
3600,12499,4780
8548,1471
5032,10349,11827,8885,6838
9894,5511,5165,8115,7870
7332,7399,6892,5717,9912
946,12405,10006,6775,10518
2437,9746,11540,12282,9372
9409,12492,9182,3864,12126
9607,10440,8563,11222,11288
4552,9837,8654,5143,1630
6083,9772,10583,6072,10937
10917,10407,296,12149,9206
12203,10802,12244,11032,10239
11431,6384,11250,9203,12407
12809,12041,10766,12304,12283
6699,11308,12527,6938,7389
7752,6202,10972
10819,10556
11136,12033,12385,12663,2653
2969,6526,3853,3006
7113,1946,1158
6616,1616,1677,2206
8818,3971,2660,1565
8648,2658,3476,8212
3633,1554,298,2053
1594,6471
6088,1012
8440,4554,5987,9695
7112,4929,595,375
312,9635,5744,8384
8456,7009,8898,4155
6923,2861,4686,4242,1821
8736,3570,2696,661
3242,6606,82,2773,1562
3565,1550,3861,5078,5279
5507,4005,4107,503,4315
322,4294,1421,569,5919
1505,12165,3658,11892,9946
1316,7153,5786,7900,6143
6984,9547,5390,8691,4982,600,6139,3835
4192,9458,3732,476,5853
8484,326,6064,7347,10487
10953,2925,7606,8758,7481
6578,6707,829
10792,3588
10633,6450,1622,8184,6777
8161,3557,10038,9174,8511
3681,8418,8709,2386,10354
7969,5866,6317,9784,6686
11168,11299,5220,5512,2185
8880,7857,9842,9139,436
7808,12448,5867,12012,10296
11044,9062,10128,11132,10909
6278,520,10735,8431,9268
9187,11907,4142,4382,1983
9729,7428,9142,10294,11581
11232,8678,10504,9747,3898
5648,10548,3189
4625,12650
8688,4198,8646
12452,10724
4658,10214,8879
9892,8223
6084,9928,11820,7473,8951
11137,11396,9897,6601,10451
10945,9255,10861,12403,9914
8112,6963,10970,10011,8476
11114,9553,9395,6519,12349
10496,8915,10677,3707,6783
578,7496,7016,7756,3313
8386,12680,11693,8785,4023
12194,12069,1939,8343,11519
9889,11788,11916
10432,12790
9321,7595,7558
10089,9271
12832,11494,11063
9762,12771
12482,11463,9736,9713,4790
9759,11918,11871,4953,12671
10625,9104,9714,12338,7863
3682,10405,11125,10618,6814
11393,3874,8836,4710,8831
11105,12770,3157,10839,9786
1953,3562,1804,2960,2641,3420
580,1637,10409,4541,606
2276,1765,2221,334,11038
9700,10955,7570,10773,9496
1600,9673,11115,782,7705
3328,5091,10801,10235,3039
11424,11076,10000,11164,6398
12160,1473,10055,8778,3054
10787,5540,5222,7190,6170
11304,3123,12765
11808,9487
12421,2630,9719,6265,12286
3625,3228,4100,3079
1992,3568,9966,8383
1871,1281,3534,3575
1523,9468,3525,4070
4160,4044,837,10063
4472,5618,11940,359
577,4995,6900,277,1076,537,2205
132,584,8468,248,475
10786,2824,363,3694,8918
265,269,4848,6323,4339
9891,7179,4270,9945,11931
9234,9331,9853
9241,8198
6617,8784,7602,4441,8315
10544,10826,7546
8843,10532
6090,9200,9492,6423,5821
5752,12273,8933
9060,11111
4345,1732
1331,5807
596,1511
11209,370
3668,3894,3863
560,3700,2477
3442,5252,598
1318,8967,10856,3726,3321
961,2347,8301,2140,1502
3813,2222,2449,5337,7390
615,3217,1201,3798,3286
3595,5910,8249,2139,6462
8257,9441,6474,7314,7292
3465,6449,2230,5846,5181
6793,5970,6898,9334,4221
7603,628,1509
1186,372
7623,12551,9267,9751,1881
2,7699,389
4589,6063,3218,6869,6430
2888,4393,4564,4365
9996,4404,3131,4189,6174
2632,1553,172
11037,1598
2215,6025,7531,10070,10966
7526,422,399,11921,9841
3969,9790
2789,1503
402,3028,2646,3207
2987,2996,3508,1048,3866
8705,4389,1645,4783,1114
4132,10566,7915,879,8350
4262,4327,3433,4693,7100
9921,4167,4853,6997,10745
7940,5384,9968,1200,8855
1761,9507,8488,3240,7799
8201,6221,10256,9651,7196
6856,4788,9943
3392,11500
6731,9421,11378,8437,1050
6810,9224,3506,2935,8506
11616,5412,7205,7894,11736
263,781,3185,3130,6395,924
480,8698,3576,474,318
3979,5758,551
840,9108
8576,7334,8718,8632,6393
7844,1576,6807,1691,7422
4170,10443,6385,3260,7903
7307,11755,6320,442,9596
7301,741,3724,6766,9742,5236,7061,10174
1824,6144,4259,7048,9433
3009,680,4620,1373,445
3169,2402,10770,5492,11069
10898,5523,11926
5001,11914
11617,11009,10319,8657,8891
8387,12067,8009,10490,11423
2681,7658,12279
2796,5357
6576,7161,10149
12216,12173
514,10019,10925,12782,8214
2244,1867,8972,1490,2138
1888,9777,1835,1582
391,10120,1430,10328,1787
481,1451,2100,1141,9435
3138,9577,2540,722,7954
1572,1286,1687
1345,8871
1793,4208,9235,1723,1084
5754,1246,2374
1653,7093
2435,8142,1299,10775,4249
6103,8472,2201,4154,9725
3789,2798,11793,2258,5626
10690,1667,4166,1390,11700
11840,2434,11184,9851,6079
1988,8107,752,10523,2654
10369,2818,7278,467,11199
4937,5551,5588,5245,1438
7666,5316,3116,5261
7233,4165,486,4526,7963
3150,4847,4473,3742,4063
1468,3661,1526
5396,8524
9128,4786,8531,919,8760
6721,5347,2662,10605,9811
8820,6581,2549,4347,5119
2218,1648,9302,4794,4509
1792,1605,4821,2006,4861
1898,1039,4531,149,4827
9027,5027,3429,5288,4914
4641,10115,4871,6675,4094
11107,3405,6095,5907,8406
9953,11942,5623,4538,3165
11176,11849,10280,11118,2321
2337,6501,9868,10096,9976
10784,779,11599,7476,6270
6625,7435,863
9765,6671
12266,11789,11857,12250,10974
8992,4555,8117
8392,4514
5603,532
1194,7662,4241,7351,5661
3628,10765,7566,7892,2361
7620,2894,4475,3739,8029
1095,8396,7086,2769,8662
5376,4513,4387,11526,9199
12064,9825,5891,491,3643
10017,5671,6536,6459,10014
10611,3892,11357
9672,9521
2727,11655,11981,12241,11321
6008,937,4886
6074,3262,4527
7793,5682,3027,4660,665
3991,8699,351
5093,6277
4391,5609,3826,821,892
5120,3483,2539
550,4503
12106,10763,1937,7795,6903
12483,10923,12528,8753,12308
12629,8974,6455
12745,12039
9387,651,2966,536,3096
11787,9076,3291
12713,10713
10145,7918,12761,4924,8862
11745,4550,6664,8722,12443
8739,11833,10709,1913,7611
10753,9601,12726,9720,11770
12167,11473,9240,3354,11709
12451,7430,12464,6908,12446
12738,8802,11750,10251,10284
859,2553,8571,729,1915
2862,8655,9270,11543,8542
11008,11333,12302,11380,12408
11877,9812,9783,10584,7293
10597,4520,621,2898,2906,2492
2853,2886,2730,2324,2460
2407,10921,558,2450,2582
2566,2859,11695,2709,2010
2265,4820,10649,6237,9503
7426,10761,5489,7637,8218
545,10456,8668,10878,10847
9504,8330,1362,3574,763
4068,7721,559,6160,6679
9252,4492,1873,4533,12151
11729,2322,3155,8661,2330
5322,4779,11212,4715,6108
7520,4293,10124,5486,2485
8075,10099,5495,6328,8604
9476,10247,818,12054,1499
3619,2981,2534,2610,8696,2875,6687
6756,5943,2832,4787,6071
7945,7211,563,5845,1079
8549,9422,3482,9424,9274
9514,5356,11407,1845,10910
10565,4615,10962,9215,7103
3847,8296,10641,2292,1973
10535,459,1206,92,2431
12192,1875,11027,9494,571
5063,5193,6346,8238,6353,8282,3007
5824,8800,2947,178,959
8352,2913,3899
9232,3156
7118,5687,6042,2781,2943
7170,3875,10315,4844,7740
5443,4518,9863,10987,1042
4832,3403,7149,4622,7344
2881,4644,1611,5389,2418
4009,1674,6032,3796,27
2856,5385,5586,4308,3611
4944,10140,8861
8155,11869
7910,617,9035,5110,7708
8643,11731,1494,87,7193,622,1779,830,2047
6244,7174,424,5241,8287
8419,9701,7883,6523,7838
8388,9549,1521,1498,9214
10848,6242,10202,5980,5885
5057,3555,11319,4286,7070
2692,1925,4873,6921,47
1852,4878,4272,625,8636
11651,8398,8271,3957,1814
2697,2799,6000,4661,2235
3196,29,5359
9987,4918
12231,1289,4174,4375,11003
4161,4325,4687,4793,5343
1856,4613,4905,4495,5147
1512,4970,2166,4889,5275
9793,3145,9710,8341,1404
6784,4707,627,5500,10461
8770,4815,10864,7542,9017
5251,1004,7674,1659,2685
1543,2670,8687,7028,31
9033,1065,9681,9466,988
5123,2671,883,1686,10334
9986,2569,910,1359,1685
1064,8944,1172,2294,2301
1093,9000,777,1003,1401
933,1644,9485,1196,9052
1280,1507,3347,1556,9183
1382,10419,12180,633,6015
1127,3985,4568,411,7288
9193,650,4176,3186,5912
938,5196,6991,8495,2269
7328,4947,5139,6939,3870
6884,2056,7643,281,9499
9349,4430,10255,663,10488
6852,1337,174,9106,7641
672,10018,5571,3543,3799
4864,7873,6405,3581
512,3731,1596,2751
4744,2763,4303,4752,1052
1440,2598,5994,440,6204
1476,8774,1291,690,4502
4512,1796,7869,4523,6589
2281,10828,10263,380,3613
3976,2378,4398,2991,7605
3489,2638,8500,1591,4831
834,9125,3944,2546,1757
5793,8258,11172,8525,9937
3973,8746,2318,10359,9754
4581,691,1784,6394,8380
6146,8099,5351,952,11263
9513,11839,10799,11569,4287
1536,9158,1578,1642,6225,1618,9527,11575
11626,9678,11031,10072,5211
10402,7107,9170,693,7933
4610,12028,4141,11924,8828
10437,7989,12662,12187,12828
7427,11603,9557,10455,9368
8608,4934,9131,4723,12638
11650,5221,10003,757,695,7128
1669,2766,8051,12376,3801
10537,9517,12238,3245,11994
7552,5955,11002,11769,11578
12172,9935,10066,8306,12500
10497,6150,12425,785,1491
2242,4578,2467,1297,7221,2102,217,2846
3589,977,5298,5302,1535
4461,7250,6867,11224,7004
6307,5739,7217,985,8156
5281,2410,5975
4680,5883
5664,4449,4587,7320,6299
2338,6347,7823,7664,6359
1921,1541,5965,7353,6365
6755,6213,2353,7284,377
6112,1025,2723,5323,3770
2208,2473,2668,1037,4758
1668,6597,3977,6220,2172
714,11187,12415
6654,10431
6272,2948,7797,6140,2910
6502,9006,9295,3955,5911
5216,7901,10414,1428,2813
8001,5025,12234,5784,4255
8793,3949,4290,2733
749,1478,3030,3215
3141,3206,2736,4209,1275
12035,6572,1581,6222,4018
4611,10053,5742,494,3514
3140,2191,6803,6685,3998
7077,1958,1777,1112,2651
12679,5227,11732,9845,10526
9056,2760,12333,111,2963,8884,3031
7553,1634,455,9835,751,1522,7224
5769,115,8053,7030,5111,7519
5795,5774,52,6808,7229
5896,7377,6514,6492,7325
8000,6433,8008,1718,7038
6374,8113,7346,7709,4703
6370,7785,7218,7254,7223
6308,4974,7697,5651,2044
5043,5940,6968,9756,5471
5729,5332,6742
753,6426
2096,6153,8190,703
5544,66
8228,4493
4768,5568,7523,3995,5852
10087,7050,7029,11993,7742
5580,2675,755,1752,2203
6753,7714,6986,1524,6262
4139,2141,7719,4935
1360,5179,4510,2038
3401,4302,4565,726,1917
1032,4012,5101,3887,4725
4326,4076,4749,4529,916
3717,4646,8085,697,1212
8899,6659,3208,9870,1534
2950,6379,5228,701,8606
1895,10323,9236,761,8089
10978,5282,5989,5992,7665
5285,7209,5306,1372,4381
3656,2829,5168,1459,2518
6180,2411,6351,3764,2202
8259,4233,8660,4950,126
2788,6119,2060,1300,4057
4109,5870,1520,979,1716
1890,2123,465,826,6205
5608,3504,7927,6138,5117
769,10093,9262,3152,10740
1904,4089,4013
361,1899,3460
3725,8559,3379,1495,1656
3232,2537,3601,638,3231
1665,3683,2920,3371,3885
3205,4043,1710,2938,3005
2924,2198,2519,10394,3293
2126,3838,2420,3386,2942
2954,2637,2162,2749,2559
1225,9225,1387,2259,4031
2187,2611,792,2041,1628
11265,8003,806,1008,3539
3136,1231,3124,9399,2911
12465,9939,2195,8378,10172
1481,1772,10285,1742,3450
3940,2822,4653,2001,1425
2342,940,2809,4825,7261
7469,1551,847,3414,344
1058,9447,6510,8984,7326
3648,6283,8781,758,8187
5953,8004,8427,3933,8477
2854,839,5457,3281,10430
8014,2055
7536,4683
4496,1747,8684,7583
3608,9273,1100,7142
220,2445
1422,4583
2153,2585,3486,2623
4456,881,4227,7525
10336,4429,8742,7966
3921,12115,2747,1189
6020,1256,7178,7474,2931,8980
9293,2575,2515,7895,1663
10306,4809,378,1820,895
6080,5453,7538,8979,604
5473,945,6550,156,2621
2530,7363,8363,7955,5271
4949,5901,7495
2833,1970
6082,5125,5262
6490,6412
10541,6580,3252,5400,7450
9667,7812,4722,3060,8313
1480,9098,975,7382,6619
11456,6052,900,3755,9361
1539,2615,3026,4117,7127,9086,991
901,6791,2792,3335,7414,5274,4798
417,1441,9021,915,1309,383
5476,902,1198,1262,2168
9702,3441,2837,5723,5149
8033,6942,8441,5437,2334
12128,3938,10601,4530,2488
905,6122,8854,9658,6747
11852,2160,6741,8598,6879
9028,12814,9683,4470,8759
12229,9544,9260,5677,10835
12740,6116,4717,1905,10427
8805,9831,11657,10475,6259
8166,4488,5705,12692,11479
9283,11782,12615,10215,9911
11909,12141,11502,12015,11513
1153,6627,4901,5195,917,9305
12644,7781,10697,3928,12409,6207
9984,1378,3490,4781,10286,2003,409,3290
2661,935,2032,5173,5881
2907,9453,3502
2124,2110
4225,6694,6214,10325,8923
1850,5076,6812
9336,10529
5152,2984,9420,7503,7258
9536,1935,4051,10197,12061
6849,6946,7973,4585,7051,7212,1839,5945,7037
2848,3586,2154,6866,8637
4419,7367,8872,7436,415
7936,2983,8074,8050,4406
5059,6887,6989,5655,7197
7906,403,407
8052,6918
6824,6667,396,939,9300
6726,8745,6540,3213,5967,4306,506
4544,8577,1026,1651,3930
6885,9446,4172,944,10458
12355,3267,9768,7177,5556
9761,8037,10346,11313,7166
10791,7116,5843,12698,11483
994,12579,10348,78,4081,950
7129,6363
8592,2724
2376,4499,964,6151
5697,5420,8653,6167,4252
1858,1997,734,6201,6142
10722,8689,6231,9690,5308
8393,6862,1006,5270,2744
1327,5234,12306,9821,4543
5920,2216,7629,5878,3865,2940
2852,5391,4978,1588,1589
546,5667,9258,8812,1240
2951,5002,6097,9239,9082
10567,8585,1009,2839,10332
6881,7423,8016,8887,3103
12228,7845,9879,10842,11644
11141,12553,9867,11564,7471
1090,6408,5353,3500,7634
1018,8371,2004,2823
8121,3642,5260,2332
3994,1508,3669
4056,3033,516
7494,8404,5606
3073,1900,6263,2232,2042
6133,3412,3173
8564,2558
10156,1101,3314,1650,5277
3631,1621,1911,4123,4316
8300,2200,3802,1181,1791
3906,2146,2184,5077,2171
2240,10339,3912,7671,5818
35,306,2007,7068,1405
2147,2627,6217,2156,2175
3968,2443,4427,5210,1467
3432,3980,2157,1402,6047
2464,1603,5668,3915,2737
5952,7392,5924,6761,7225
1827,4072,10252,5787,4444
1729,6411,3691,2033,2482
8231,8244,2619,3645,2526
2959,1234,2867,8795,3963
2152,2040,4467
6209,1738
3201,2115,7847,5714,9750
2752,1002,6380,5299,1657
1412,1704,1610,3470,2934
9827,483,2165,5718,1020
2916,3592,2282,10232,7897
2250,3947,1678,3632,10975
2465,2830,9202,10198,8734
2657,9766,6279,1067,1624
11171,2030,9511
8552,10902
1029,11465,10603,11468,9530
2688,10944,9512,7880,10811
10982,3824,5015,11035,10812
9222,10377,10922,7660,6290
5144,2475,12654
9936,8353
2209,1986,8902,1229,3288,9593,1754
8961,6050,4134,1147,1053
3040,1859,10059,8845,12598
2309,2062,6352,4763,9118
10466,10275,7114,10860,9362
6858,1060,623
168,4785,2563
6344,6670,3015
3349,6823
6425,682
2721,1061,2441,4621,2706
3776,2817,5555,279,4408
1068,5363,2900,893,3166
3241,3084,2574,658,4307
2081,7042,5409,5681,2014
2311,9001,2416,10034,668
4931,6569,586,9999,1725
8865,4130,2826,4812,2680
5572,548,6573,6038,6203
3298,1894,3020,8150,3324
5893,2578,4698,5175,2682
3904,2922,6199,862,5503
1794,4263,2891,1658,2493
4714,1773,6513,2484,6555
2787,2214,854,8504,9693
2114,8776,1580,2253,791
4965,3238,5272,7516,2079
1857,1608,488,1066,728
1120,1220,1957,2075,1819
2369,1995,1711,4369,1848
1602,2928,8631,2843,9181
10032,2897,6066,8179,2645
2278,1074,5460,1365,2039
4673,3057,7830,10331,11198
11697,8658,3961,1726,8991
3074,932,2323,4118,6935,5023
2306,872,1174,2108,6397
9960,2382,10416,7483,5726
1803,8013,6421,5087,5695
5314,1544,8402,6648,5081
3398,9041,2097,6234,6332
4579,6152,8952,3164,7455
2618,1692,11999
2144,4162
11192,9075,9407
1081,9814
6312,12620,12533,7866,6109
4608,8421,11210,3436,11639
7364,12103,9738,2800,9428
9005,12110,6096,4664,7837
6534,7976,10958,9940,12024
4816,7931,3964,1470,2495
8580,3943,434,10068,6173
800,1099,7856,786,11322
9604,4549,8103,8028,11294
2560,835,3472,788,438
3082,1837,7045,1469
908,4
10403,10669
10176,7778,10723,10728,12171
5410,12077,12118,11065,11229
5536,10474,11414,9752,3993
12036,9708,3062,12183,10142
11457,11334,10169,10844,11455
10183,1110,9335
10837,10678
6500,12155,9620
4801,5765
6535,11627,1483,9726,12799
4484,11848,8211,10005,10007
8735,10491,9467,12732,10687
1922,6757,3114,10833,11388
12514,10979,10524
8116,10781
12484,10119,6518,11099,8413
9218,7875,3304,12473,12251
2051,8367,2704,4151,1016,6969,1116
6656,2572,2524,4796,3741
11398,1513,4778,9078,6105
1122,4517,4718,8048,8562
6466,8868,8518,9580,1918
7232,1248,9171,8407,7864
12288,5733,7081,1143,7576
6089,470,1463,7289,10714
61,439
209,226
1146,4500,4126,7159
1243,9981
7418,11645
7456,450,108,6172,157
2182,4232,3563,9116,1150
7139,9703,1197,1167,9011,7059
2840,9297,2893
8224,12074,7135
6850,8803,4359,8808,8873,1301
1284,2413,1902,6419,4223
1679,3043,7596,3527
1570,903,393,5995,1561
2786,1830,811,5392,2778
8073,2226,3670,1177,3711
4256,3908,5094
1265,1967
5319,1998,1233,2002,4946,885
646,3823,1202,10388,1429
7208,5259,7437,10040,10299
1217,11874,10428,618
3771,2446,775
2113,1397,3327
2882,2127,6711
5408,7078,6511
1232,2802,5998
7852,9296,9264,1137,981,1242,1086
4737,6114,8773,9482,5166,11662,12400
3718,5804,6479,4754,4409
8481,1701,553,6190,6011
8321,1707,8589,3375,1269
8870,107,2964,11766,8285
7138,8389,1287,9288,5961
1321,12496,6739,4284,4925
613,1259,4432,6673,6196,5240
7461,8615,7147,215,4440
6628,7502,4697,3098,2300
6691,5286,170,10378,5708
6661,8809,5750,10748,1311
3202,1956,233,2863,9715,1620,699,3390
6568,4874,6768,3255,8255
9282,6128,3830,1078,8346
7251,5433,8250,5884,3966
4985,1355,5799
7645,6598
9320,8018,4245,8088,6845
2857,1419,7789,5307,9308
5442,1352,5387,1339,4542
5162,1516,7281,1077,3261
1315,8815,1586,4311,4732
7649,6468,6836,1366,6075
1472,1380,1031,6440,105,5432
7712,7076,1092,369,5145,4797
4458,7501,947,3445,8985,1113
8740,5669,4999,11404,1356,2836
6465,2225,3663
6945,612
9489,1173,2455,927,2207
5985,7779,7302,5170,1370
2496,73,7150,7513,5055
6977,1187,5219,2608,10260
6818,4265,8942,1364,3676
12384,3137,7586,10420,12150
5355,5780,1912,3737,6620
2105,9188,1238,1057
8987,9204,11983
9194,3118,6296,8989,1374
9097,12649,4891
8240,5278
4771,8581,9941,5497,8444
11555,10023,12331,11539,4095
4559,6644,11000,12060,3455
2340,9612,9166,8593,1439
1381,9385,11059,9907,10205
4329,10863,7027,10585,2687
10056,1227,534
8025,3209,6058
8448,5753,7735
6019,5974,6415
5458,7932,9526
5019,1414,5918
6375,3626,6603,8266,814,10815
9641,4426,1423,5909,8766
9031,11720,1832,3214,1941
9696,4865,5362,7702,6586
4145,9226,4213
3537,12363,1303
1889,1433,9083
3440,3766,2967,4061,3487
11279,3154,3411,948,3612
3306,4205,3886,3925,3478
1542,1448,3437,4050,10612
3553,3362,3599,11893,6392
5000,2864,7484,9595,3548
4532,4195,2604,3221
1450,9154,1298,3685
6210,2793,8239,5847,7226
4632,2556,1455
8360,2490
387,5104,6847,478,511
7874,5545,3434,469,8503
4674,232,857,154,7067
5777,3693,4575
6456,1106
7181,2451,7253,6713,5916,1055
8135,6127,6993,3763,4634
9449,4668,5326
5324,4420
8357,10571,8245,10261,10776
9829,3721,11214,1458,10386
4743,1959,2505,2414,4696,1273,7642
6477,5053
684,982
1945,235,10206,1015
6274,5132,1655,6647
6976,4665,8810,2109
8370,6770,6043,5445
6010,6162,5146,4998
5632,4850,5653,6727
4804,6613
5941,6046
2466,39,5318,5127
6040,8496,2592,7565
2024,2715,3372,8102
8153,9795,1515,6772
11977,9201,10291,3373
3651,4297,589,6223,2164,2807,152
1001,10033,886,1654,6330
1834,6611,2101,5880,1919
1538,9319,4340,2932,2104
6690,7214,2035,2391,3640
8737,7269,10730,3247,11899
130,8328,2121,3477,1976
7104,9618,11284
8376,9316
7040,11945,11533,10225,7385
11202,9980,12670
9440,9724
8064,3077,5413,5096,11278
4769,5008,4823,4313,1406
3457,8098,6951,2359,6809
9896,5109,7950
6736,9089
9732,7026,1557,9303,12600
2274,643,1160,1647,2551,1753,1599
7008,1568,1736,8851,249
1639,1703,1690,2045,5759
3430,1676,2961,1302,922,3453
9032,3387,3808
6608,675,367
2438,2120,719,882,5206,4638
4694,9498,4670
11080,7652,8799
1699,4196,6407,3762,4659,594
224,1635,7593,3180,6327,8056,9402
8391,10956,10254,8569,1276
4993,9413,9554,1971,1750
7338,7828,1221,4631
4760,2805,5829,8719
289,7397,7782,1069,5619
6624,8621,275,374,8700
6599,874,6413,7438,5566
7169,5990,4617,8529,1215
5827,166,5610,5258,8177
11552,1709,6738,9044,3996
10594,7333,8616,3274,428
5932,6577,6166,6776,8540
12071,1775,7121,6322,11223
11193,10300,10607
8971,11046
3120,1626,9317,8830
11013,1247
2447,6759
10880,11863
1776,6530
8128,4481,3650,3013,8907,2193
1801,3170,4331,7527
9208,6483,7651,3317
7601,11090,4275,1844,146,169,572,5981
6642,1861,37,8583,6313,9611,10335
8672,4651,3820,5037,1492,9533
2603,9590,8279,1914,796,95
8298,3094,7274,3503
8848,2835,7172
2784,1989,7383
3072,1996,2918
6865,3426,3106
7491,7748,6183,5684,2008,7160,60
5760,9962,12300,8783,6319,2486
642,1931,1680,1906,1564
8385,8612,965,213,6653
1504,2061,911,659,9916
3416,6682,6402
2977,2394,4428
2073,6899,3259
3160,6417,4212
5806,7047
3042,2851,3404,10989,2841
6369,3269,10879
6669,5709
3913,7155,5289
3320,6024
5256,11439,2260,2457,7290
8289,5573,1933,8335,10396,2077,62
4739,4490,3053,4282,2046
7162,6227,4253
449,8109
103,7057,2099,7640,4671
7724,7280,4210,7071,7007
3008,7266,3244,6416,4411
8226,9124,3686,6422,3452
9379,9994,3342,8409,7486
10178,6250,3571,12182,2107
3361,10028,7631,8019,10996
1632,8291,4049,2326,5983
7776,5889,9348,3466,7408
6343,6159,8145,9054,2111
3523,3793,6004,2132,1623,5914,1883
9828,3408,3989,2902,5180
6059,5397,12375,9304,9147
10822,7944,10090,7157,9307
204,787,819,8601,11933,6463
12068,2731,5657,10362,2174
1545,2444,4435,3859,3285,2264
2412,9518,2223,10639,6485,9053
4001,7588,6437,4169,7085,10165
5543,6871,7088,2228,3159,4862
4745,4258,1990
4084,9689,1044
8522,6843,1028,9063
11579,7163,6917,11515
10704,11190
7467,6371
2968,5701,2262,4215
5049,2698
2586,8491
10872,6863,3712,8895
5728,860
1700,4932
8147,5294
7849,4378
8679,1743,2289,5819,287
2720,3492,2628,294,3997
3852,4557,4337,7670,7032
1121,3012,2605,4462,2674
5504,4746,4310,4055,4219
3552,966,4691,5012,5048
12321,5746,9461,10486,3614
6051,2335,5513,7019,3295
5254,2448,3827,2356,5526
5477,7144,5514,4855,3678
8938,4300,8094,7034,3646
6561,7175,4135,8152,4893
4131,7878,6094,5620,4734
3047,7560,1684,4636,3263
1292,6924,2286,4121,7327
8097,7821,4910,4571,5822
4712,7372,4334,4699,5212
1984,7713,6469,3757,2771
1354,1836,3052,3025,5749
4963,2756,4655,4016,8730
4647,8304,4948,6391,5244
3672,2735,6104,6297,543
5633,3849,4981,4954,8447
5414,4588,3346,5595,3901
5522,686,4951
6235,525
2849,427,3860,1812,7899
5481,6161,3284,405,6110
8866,2570,6224,8154,6780
8134,1800,1129,6388,3836
8640,5377,11040,9639,9967
6147,11306,5134,9366,4955
12619,11023,9525,7255,11803
10472,2349,3190,12730,9117
5637,1353,457,5713,4595,5016
2385,5401,5638
4235,3750
8268,5197,6645,6998,3900
5931,5582,9109,1051,7550
4740,5004,6418,4572,3708
6724,1893,7191,6552,602
2305,7015,3367,4972,8151
5484,6543,3538,6962,4060
6692,267,6093,7286,1436
10308,2765,10317,1175,6521
2497,6854,10278,9096,10906
2471,5935,7508,3029,3287,5499,7262
8256,4933,2501,3308,10684
6545,11554,6999
7441,5378
1130,3419,5732,9558
6006,655
7684,4605
3896,10809,10780,2535
10186,8876,10301,11101
8674,7689,6121,1519,4370,5590,1590
4289,11975,2538,812,6893,10415
3018,2245
992,2423
320,2194
228,1103,2547,2363,9660,5311
4224,5249,6276,2213,6482,6802,6709
5794,2885,5894,11856,5949
641,8610,5548,3696,6716
3937,3016,5902,1235,4537
3495,2439,3950,2579,1786
8290,8326,11828,4087,2552
1540,3749,1770,1328,9364,8823,4350
1312,2596,9221,9637,3524,10360,9501
482,339,3325
1320,8977,7535
4835,1261,5201,5367,6399
1228,6129,3862,11129,158
6920,5257,12017,8633,5469
464,7657,10522
8486,6295
9923,5611,2642,284,4413
4642,5386,8749,6324,10591
4320,1604,582,6187,1427,10390
8417,9582,1329,9491,1721
8993,993,8195,9510,2026
2083,631,4751,9207,1151
4128,2728,1162,4147,4766
5100,4911,4912,1209,4989
1619,5020,2557
2694,3101,2742
5296,4417,1886
4872,3282,2743
8288,1376,4992,6031,5488,3088,2838
7942,4332,8594,5529,4218
4930,5979,6325
6949,7575
2889,7817,6933,5304,5849
8519,9390,5202,7604,4414
5208,8322,7930
5030,9430
2874,6651,6132
542,3999
4840,4363,8981,6614,6431
6186,5141,3366
6156,5103
8512,3011,6595,5010,5140
529,6044,1759
5464,2085
8547,1672,5879,3962,6491
5446,5494,3222,5788,4990
3365,3219,4917,3448,4415
202,4716,7984,2644,5375
3719,6637,7696,7796,6300
9152,7853,3022,11546,8639
524,760,6937,6268,3071
7204,5416,3509,4026,2780
4704,4483,3181,6583,539
11778,2355,93
4813,8158
8458,463,6929,1334,4667
8801,1954,3474,629,5624
4903,7341,591,8693,11004
5058,4261,8703,6158,4191
5248,1443,11781,2059,8822
2148,461,5071,5842,8852
3905,11109,5747,565,5177
7296,9313,9231,4626,10231
4525,501,4857,5594,1501
10858,10954,3024,3093,6198
2087,2089,4942,1689,2011,6558,9535
6181,10731,3086,3889,7957,12665,9566
4204,3756
6864,3699
1104,2498,8024,2261
3840,4137,2953,3110
3200,3794,2941,9727
11673,10226
11826,6987
10642,9780,9773,2350
3715,5710,5215
11135,5574,5487
9992,10122,5454,5072,3415
11619,3664,5459,2774,3224
3143,8144,5368,3162,3294
2757,1164,1573
1908,10410,9484
967,1673,10636,2741,2173
9090,9802,12204,4112,3229
4558,9038,5946,10620,5213
3936,4125,1862
7306,2971,925
3272,836,4869
3777,1762,5541,1132,7763,7094,7743
4897,8482,1126,5171,190
1191,10760,10503,4528,4726
8962,1447,7687,4553,7439
7594,5964,7215,4915,7318
6434,7315,2069,12571,7454
3617,8466,9938,9081,3292
3728,9730
346,8236
3302,9279
771,3530,7323,5527
3330,6883,12076,6666
10151,8424,1457,1493,6236
1445,1417,7213,4465,6069
6163,6488,7898,6909,5854
7459,8233,6448,3161,5950
6113,4038,7090,3829,5398
11169,4618,7404,9047,3388
1682,7069,2458
4058,5418
3618,12310
6280,7691,1204,5115
9184,349,4029,8310
1389,556,7485,2990
3920,6219,8461,5751
6605,5969,3396,11197
4385,4362
5073,7676
6683,4103
1936,7145,3919
4627,1727
6337,3369,5290,6745,3674
4003,5805,271,8123,9437
7727,6677,3510,11450,8251
7816,7001,6905,4092,7934
2251,7571
6600,774
468,951
229,6021,5478,3850,662
802,676,8295,5851,9055
3842,9573,11100,8445,10398
11490,644,10505,4042,9205
3520,11809,8970,3828,12120
10754,11979,10543,10703,10230
648,2509,912,8314,7835,381
2544,3220,6932
5993,6414,6615
3909,1767,2919,5738,10645,5342
8544,3566,80,7000,9977,5439
7747,4711,5480,8940,1549,8405,5877,4602,4795
4312,505,1274,8827,4190
10,6652,3607
6979,7126
7783,4681,6331,9299,1179
1313,5451,7814
6409,10236
737,7468,109,2390,7677
194,7582,3834,6779,3710
6060,3788,5712,4120,7581
6447,8049,2483,2133,6298
6961,10473,12414
10217,3754
7745,6888,3884,5178,3135
3266,3048,2408,3792,155
5344,2159,9146,7294,7167
5703,522,2508,6294,5721
6913,2896,1843,660,3967
10148,6749,6967,1497,8893
6948,2346,3376,5789,9855
2307,2502,7911,9367,5692
1733,841,2636,6200,3391
2243,1962,44,1326,2364
5250,2933,3671,2204,8319
2946,6309,4188,2713,8284
7971,1795,3814,2065,6996
5505,6467,2163,6302,6975
6592,3747,983,2071,6936
5670,1896,2188,1294,1907,4281,2331
738,963,2149,1199,447
453,9359,8816,56,1211
2176,8416,1571,1369,831
10376,9291,242,347,316
9127,2029,1518,10199,1885
8320,8806,7340,1453,3893
10114,2179,1140,890,1629
8010,7554,435,3133
5041,8669,2310
4519,5003,5518,8272,1245
8545,8712,9259,8849,4346
7041,6563,9805,6446,1790
7360,3924,2295,10393,5501
6178,1964,324
4600,8986,4102
1319,6693,4679
58,4082,4442,7965,3647
266,304,50,8723,7992
5569,772,8039,7466,3982
356,4041,3055,5583,3000
3529,6610,6003,7283,2037
707,6284,3045
3662,3046
5135,5715,5654,7384,5372
5601,8454,8463,5616,5649
4065,4004,11108,5939,8917
6497,9508,3499,2199,3577
614,496,1171,2005,3061
962,8911,2036,1719,3099
3264,3339,11763,980,3004
2112,1606,3149,2358,8634
998,2197,3035,3167,2975
2401,3337,3344,2904,3037
2136,865,6439
4976,3315
4007,11722,7755,6930,12211
2612,2927
6928,4348
6696,2903,2158,3479
1388,6733,4656,4851,5276
7478,4343,7609,2684,6590
6827,6635,4629,7549,2399
33,1482,1163,1876,573
4708,4073,6378,4909,3854
2562,2791,1863,9233,7416
3939,7592,6057,2873,4158
6400,2691,7276,3666,6874
5604,9542,2667,308,2878
1155,4045,4494,8055,6910
2753,6566,1485,4689,2679
2352,5641,1722,997
609,1774,1617,1713,2712
3273,3630,3350,7706,4445
3745,4654,2542,1392,2676
8452,4491,4436,4567,4318
3970,11011,7780,4079,5686
6496,2701,754,8595,3638
1897,2094,3343,3667,7548
4423,4522,4278,3547,3871
8704,708,718,1530,510
710,2419,9172,4220,2143
7432,3821,4630,3319,1272
3459,3785,3468,2481,2772
3779,1496,4593,1816,2267
2520,2890,9134
10477,12287
2211,1156,6314,6026,8939,6316,10077
4288,1985,5865,942,3352
4324,4645,1965,823,4601
6048,7109,6281,11466,5790
5602,2190,6192,8021,6175
3688,3019,11542,3935
3932,1254,3119
1987,2474,555,2994,2973
3168,3649,11216,11154,11191
3300,3722,5685,1974,10939
4612,5929,8307,7925,11445
9541,8038,5963,11346,11609
11556,11174,9356,11536,11442
12163,8676,9926,9095,10993
6480,4923,3158,3975
3872,7746,123,4829
7819,10292,7245,3431
5156,4776,3593,5352,4501,7381,3127,2808,7511
1216,6626,2659,7298,2507
736,4292,4870,8464,5498
1737,5231,3867,5116,4926
7475,4635,5809
2409,7115
4416,2690,5645,2510,7002
3458,1705,9585,6193,11348
3034,6420,8532
8379,11663
6848,3655,4750,1872,4887
4736,6247,5447,3891,2643
7529,4586,3768,3516,5532
4802,3109,1829,4267,6956
4450,6376,6002,4505,7356
4357,5542,8175,2740,2299
2180,5095,6782,5204,8215,1982
394,8208,9975,8442,2430
6120,7908,5102,6943
3765,3142,2023
6588,3734,5191
2794,2150,3559
3226,875,1853
1929,3187,2583,2012,3550,4639
1096,5035,7445,8478
2521,7146,6531,5596
5088,2901,7031,8061,4863
4556,2577,7125,2298,2972
8325,3183,5297,1592,4890
2624,3065,6771
385,10994
5962,2955,5516,8941,18,4830
2072,6988,6797
616,4480
7790,3248,6136,90,10779
6473,5354,5874,4309,7961
5482,5490,5331,5172,7732
7366,11338,7663,8434,6525
260,1005,5614,943,2768,7729,5463,6362
3992,3195,4940
8293,5549
6722,3690,1771,6478,5563
3336,7373,7183,5456,3772
3271,5521,5627,2428,6623
8069,11179,6124,6288,5214
9728,64,10948,6245,5575
6529,1377,8355,6185,3759,3551
6401,5537,5844,6238,5022
4713,5531,4317
3129,2914
160,5857,8092
9120,6157
2722,6562,10021,9465,8412
3624,7336,8395,5617,10237
850,9323,1943
6461,7398
2860,1358,6256,8824,5405
5570,8771,1253,5652,5656
4961,7073,3174,7337,458
704,11529,973,4943,6906
5666,4966,6925,3803,4028
6377,7980,4017,3609,7962
4036,5198,4146,8755,6267
7267,7013,7718,6832,6366
3839,7669,5338,4127,6303
5313,4194,7625,8141,7935
3360,5640,4584,7275,4756
7206,2957,5080,7896,6169
6266,1613,989,6310
10608,2241,10803,6835
8890,8842,8788,7133
6861,5926
3986,6126
3480,4075,2677,1310
3329,3171,2380,2093,10100
5126,2601,4239,4186,3038
678,10739,3316,1749,2613
570,6539,669
9472,259
352,3370,5371,4728
4875,164
2400,6289
3064,4652,3806,4143
4649,5559,2620,1855
5224,454
5696,7084
8040,3113,5725,6486
7843,8220,187,7470
4454,3855
6345,6342
5124,3400,6697,1257,46,1277,2622
6528,2273,7091,7764,7836,10078
2304,1993,1295,1808,7770,4956,9887
2915,842,5934,5938,7132
7080,5064,88,5785,637
200,4171,3374,4913,7321
954,3107,1134
1011,1454
7141,3307,4666,7452,8222
7881,16,4497,9085,7230
739,2212,4067,716,2392,2365
192,527,2672,499,500
70,8425,460,2381,3926
198,11954,8344,666,8221
8782,3984,8761,3357,2717
8772,677,725,11547,2398
11880,3243,7342,12023,10652
416,8034,656
7680,15
2019,4619,143,3572,443
7988,3951,5183
3929,5034
3176,4906,4459,6062,4185
7490,7465,10257,8596,7515
99,7791,6354,6230,348
4515,8,11049,6164,6585
8170,7907,11244
9608,7784,1999,6833,6424,6364
6960,10283,3621
4451,4439,1263
8777,5770,6795,5550,14,8534
