7129,3914,6566
1051,7037,3094
4743,3055,3151
3496,1865,2603,5749,2970
5477,2857,5045,4795,3676
1093,1896,6569,2760,2098
6955,3565,5456,6970,5695
4483,1606,2701,6477,6162
2149,1611,6256,6996,2396
453,3589,8615,4493,5562
4194,2469,9127,6357,6391
4804,6452,6486,6010,7710
6663,6247,9367,1659,8093
2881,6562,6195,699,3004
4900,5482,6288,3986,5748
4515,1452,5389,5169,5809
930,6598,5814,6842,510
5184,2380,4525,3319,1401
1731,902,1198,915,1531
2208,3023,10739,3315,1654
6552,5735,1077,2168,5177
6947,1262,5553,4753,1428
7,2663,647,5232,10262
6499,934,8806,6060,9310
4058,7707
1376,4613
3366,1582
5202,6219
7691,3730,2838,3517,2046
2829,2577,1778,7057,9273
3244,12,2166,2235,29
4970,9710,627,8341,4889
6784,7504,7542,1404,10461
4707,3145,8297,10864,9017
11824,2615,4117,7127
991,22,9774,5567
8672,8610,9364,1238,2105
24,9404,9438
10680,1880
8132,7941,43,2992,10168
7458,6979,452,2186,4043,4687,5365
4001,3269,3305,4595,4663
4114,3227,6286
5577,3933
4962,3076,8551,2015,5599
7783,5256,1395,7639,10107
8356,5510,7409,3895,8477
3041,2189,9470
4505,5105
7877,8492,11376,6228,9564
6916,3879,4650,6233,27
2976,804,3177,7373,3918
10821,401,3923,12471,10105
4999,11019,9649,3445,2870
9858,968,2320,9781,10015
4064,9890,6028,9298,5079
71,9002,2869,7222,10653
10220,7375,10223,3256,3128
2921,4201,7082,9228,1877
10569,8397,4463,10513,9816
6915,8740,2343,7996,6911
7105,8044,7087,2710,8603
8896,7810,8083,8180,9278
1185,1666,8106,2388,9114
4452,4805,9638,6762,10941
2528,7512,3769,7035,5246
8800,9248,6825,8349,10207
4973,6548,11448,9947,10557
5190,5069,851,9301,1210
8804,6248,5800,5182,6591
8514,4678,9419,5434,7613
5185,897,10507,11537,12089
12168,2985,2480,7825,10138
7264,5539,11919,7568,7282
9546,9326,12146,9529,12378
2025,9615,9586,12276,11901
7621,11077,8199,9706,10738
4097,10083,7024,10930,12633
922,11700,3453
3061,5983
719,367,2961,1302,3387
391,9032,2120,882,758
675,722,4308,1430,31
11404,2540,1356,4208,7954
2435,2374,1653,7093,5754
8472,4154,6103
2201,9725
10690,1667,3789,2258,5626
11840,2434,4166,9851,6079
1390,2798,752,467,10523
10369,8107,7278,2654,11199
1028,2053,4520,909,2646,9276
2179,1997,2906,8637,351
9862,2886,10636,10939,2108
4136,10221,1559,891,8732
1408,2407,872,850,8893
7297,3050,5613
7369,10637
8967,9803,340,505,6234
2566,9590,2199,5662,4991
9802,76,9036,11419,6719
11200,6445,2425,2554,7228
9632,12426,11702,5658,11420
8582,10125,11411,6039,12440
5959,9180,5581,6451,8572
2183,5644,2550,1307,7517
6816,3494,10311,3478,4888
3797,1858,7509
6681,2174
11364,9448,6257,434,12508
9473,5863,7079,8539,11387
1825,11298,8066,8042,7053
9266,10295,6087
12098,11933
7238,2731,6444,8054,1951
4880,10673,10001,4437,9463
2472,3701,10631
11927,8207
5199,11536,10871,10362,10877
8900,9383,8650,42,10417
5796,11372,245,4662,2588
227,6789,2545,7130,6494
11746,11335,6889,298,11155
6176,484,9796,9358,9654
12007,11408,3322,635,11964
12517,11503,5394,5269,1528
10689,2478,12815,12562,12382
12934,12935,11595,12752,1305
9289,12386,3615
12870,2503
11747,11173,12591,12913,12822
5066,990,11095,11194,3358
11972,3310,6030,2517,8666
6632,3051,6668,3697,7065
10658,8975,12534,11451,7711
4216,8361,12485
9988,11045
12320,6512,12211,7765,10389
10916,4200,8489,12362,2587
12480,7559,12177,9876,10742
5612,10159,8303,11601,10173
3010,7922,6396
8342,3423
12710,11464,1869,3125,10203
10854,10758,12045,12470,9050
8963,5029,2599,11242,9973
1730,10671,11761,5465,12666
1681,10652,2815
9538,12399
11496,7216,6012
6338,8159
9606,9138,11890,12570,11036
10699,11347,10550,10616,2233
3816,5200,1847,8763,10270
12153,2764,9073,10227,11737
2021,12327,12587,1136,11545
10882,8721,11062,11416,12543
4896,10554,12335
12208,11022
12554,12207,11705,11547,10943
9969,11958,9143
12417,12013
11234,12685,10672,7186,11130
10985,10382,11888,4024,4156
12322,5167,10290,3773,10463
12819,11683,11510
11881,12490
11073,11713,12717,11795,4248
11587,12099,11460,12265,11221
10908,7317,12389
9353,8550
11911,12494,12593,11153,8530
11353,12157,11967
1809,12459
12416,8065,3878,12209,10932
8769,7842,8997,7098,6876
10788,7368,5642,10027,8566
1050,4100,11080,9498,8799
2888,1645,48,594,3762
7915,4783,5235,1114,4829
4132,10566,10121,879,10292
4327,3433,4693,7100,8350
4262,4167,9807,3383,10745
9921,5384,4457,6997,4853
7940,9964,1200,8855,6907
8488,3240,302,9968,7799
1761,8201,6221,10256,7196
3392,3753,402,4788,9943
6856,11500,11378,8437,10911
11425,6731,588,9421,2935
3506,9651,7894,6810,8506
11616,5412,7205,9224,11736
7626,2251,8557,4206
8793,2718
9932,4558
4160,6978,4079,720,3069
837,6858,8939,1130,188
2625,8839,6065,3059,2357
1250,2564,7887,6360,8219
5157,7017,9866,8082,6872
12044,1103,2998,9978,1213
2594,1124,5897,4047,5815
9826,7171,7110,12435,5693
10851,2665,1202,7932,1342
5280,8645,8390,8999,5775
9380,8459,10321,7386,7678
2945,1169,3602,531,8120
898,7683,8708,3610,3323
12108,11117,10352,6036,957
2178,9155,8263,5129,10717
3108,12613,7240,5225,7694
11622,8998,1040,9844,920
12010,9583,1335,5689,7421
11970,5578,2061,6542,9150
8096,743,5358,4573,6815
9920,7939,9575,3091,5756
10373,518,6821,11541,9436
12225,9377,9480,8913,1046
11360,12780,7759,3636,8276
11273,6602,6922,10587,11260
9129,3881,7117,9818,6650
2754,7686,11957,11098,10846
4774,9545,2316,12401,10329
9849,4354,5052
8832,3193
992,2634,2988,8247,6014
7184,11580,2647,3484,1183
328,7530,10508,11480,575
7716,8716,12185,11867,6684
2372,9608,10289,8853,4700
9636,9412,10756
9569,9982
7448,10322,9709
10813,7270
6475,8242,12056,11771,3804
9991,4524,9197,10575,9788
11204,11845,8651,11342,11134
12624,12066,9572
11754,10211
11329,8775,10074,10651,9309
10410,11818,7407,4400,10620
10338,6851,7096,3355,3199
9071,9687,10715,11484,5887
10279,7884,4623,2288,6553
4876,3056,9847,11293,6750
3080,5811,11733,7832,10749
7329,1348,5838,7730,5982
8523,6859,7349,8921,3679
9132,10447,10895,9373,11647
7760,7537,9426,10353,9823
7556,330,11182,12242,7447
3907,12709,11337,7499,9037
11074,12356,9707,6973,10079
10113,11042,3587,8725,3481
4836,7207,12307,211,9791
5700,4967,12457,5719,8829
9924,5861,9160,10134,10171
5538,8265,7755,8623,10771
11010,6958,9903,10768,7380
4105,8041,4110,9009,11230
9634,2246,10920,11948,10581
6985,7020,10318,10351,10992
11240,139,180,9653,11261
9539,11459,1384,4402,10204
11458,1351,9865,10103,1694
5858,1222,8966,6252,12667
8683,12493,10743,8537,5407
10372,11237,11917,11799,3579
10536,10459,11511
7561,10995
8451,11988,9877,12055,639
2532,10986,8111,1393,7768
6464,10216,11402,9883,9469
9771,11406,5679,9455,5406
9024,10094,11283,10102,7359
7239,11112,3283,12438,6743
12312,4705,9927
12512,4899
7587,11340,11053,12174,9393
10849,8834,9775,10807,11034
10048,10309,7370,10774,12343
9091,12070,5515,11446,10271
10438,12330,11659,9910,10264
4535,10764,1744,599,9913
11370,12397,4046,10166,12095
8358,10130,11092,10101,5558
9281,12237,9263,12599,9244
7876,5161,11785,8252,12255
10091,5966,9880,5628,11391
11163,11854,11151,9621,8507
4773,12006,12109,10901,4373
10408,10127,11064,11358,10559
12741,9712,10037,888,11903
12196,11119,11122,7865,11390
12538,11324,10949
6897,8875
5676,11373,2803,12795,508
12324,12005,11016,10553,6875
8043,8365,12463,12088,11007
5056,11949,10106,12603,12605
9059,8204,5426,11251,7003
11969,12714,8586,10991,408
9284,9445,3464,74,3507
11843,10441,12145,11989,8534
6792,3817,11568,10449,8988
8164,10246,10249,7644,11807
7655,8286,3063
7698,5388
11052,7311,9363,11254,11033
7879,10509,5519,3605,10845
7395,11524,12775,5194,10200
8035,974,5646,10546,10712
11786,11345,10073,9113,10047
12227,9389,9965,11312,10933
4352,3303,4904,11437,11710
11717,10152,8904,8299,8057
9665,8423,8617,11851,9427
12032,5972,11728
9810,12111
10482,4019,10164,10614,11963
6653,8556,9493,9916,8541
5380,11847,10060,10061,5781
4187,10436,11935
8435,10789
7457,7921,12178,6291,10364
7208,7437,1429,10040,2844
10755,5036,4207,12159,7807
11427,11557,11563,9675,12287
6403,10662,12233,9739,12092
11297,10219,9677,12498,6131
11654,11725,12402,12309,10710
12135,10031,10484,10683,12316
10179,12547,8614,12744,11291
12195,4358,2248,11249,9495
11514,10892,6794
5672,9578
12677,12390,11435,7569,12114
11841,12802,11047,2119,5334
241,11955,11544,11611,6206
8928,4244,8118,10905,11359
11760,3857,9776,11121,9140
9735,10887,6704,11028,4987
11522,11330,12772,12784,4946
9576,2761,10889,12235,9961
10692,12294,2664,12138,12083
12371,12762,12699,8701,11679
12518,12746,10827,11443,11699
11558,12522,9804,7762,4472
9669,7774,12458,12723,10462
12193,10022,10632,12063,3519
1901,12176,8978,12214,473
12806,9415,10477,9134,9175
3746,9645,6959,12406,11772
12201,12299,6965,11158,12573
11813,12774,5039,11481,12604
9857,11716,10157,10002,12507
9162,11965,12583
8485,9895
7361,3334,3210,7498,9457
10210,8165,5576,11834,11070
5259,3823,11640,10299,5534
12640,12004,12200,5899,11998
833,12612,2923,11218,11097
12546,5154,12398,3956,11739
10531,7046,10830,6902,11929
10976,10572,8910,11219,10875
11311,12057,9718,12281,12735
12325,9352,12052,8501,4959
11940,5618,11671,9497,8798
11992,12567,7551
8905,11629
11850,11600,10224,9275,7165
6435,5350,11400,8796,12766
1033,12537,12542
11140,9101
2734,9329,11802,9949,9951
10759,12813,12021,2871,12830
2026,4204,3756,1718,3581
3200,3840,2941,3262,9727
2498,5068,6828,5138,631
1104,644,1927
2224,440
3845,7401,75,753,9780
7693,3249,7890,3067,7614
5761,8138,7597,3380,8764
1633,6609,11123,8090,8347
9801,2700,5615,432,8373
4353,6920,3564,11756,4941
5381,6373,7946,9019,1789
9954,2630,1128,9644,7893
8560,4341,2453,9370,9756
653,9102,10226,12084,10967
11343,10642,9398,10840,9854
11777,10883,10502,9959,11005
10593,10435,10181,12053,4856
10980,11915,12078,7728,10366
10374,4008,12170,11472,7888
9923,7788,9773,6324,5631
5386,5611,8749,2350,10591
8355,4932,2218,6316,6928
3234,6281,3661,1551,3442
5572,2987,4337,6163,4825
160,3776,4072,1657,4698
3912,10156,3418,4307,3802
3904,1700,4347,5557,2171
4878,1454,4444,2749,8222
2184,4746,3980,2165,7549
4914,4619,5924
8632,3263
5893,16,5714,4121,10237
6400,3201,8231,5175,831
3555,4670,9549,5430,7230
8419,3691,8780,1011,7610
9542,8244,1911,88,8249
2146,1521,1498,2493,6175
2464,3798,5885,9214,5503
3906,4931,9701,2513,7391
10202,84,11319
625,6242
1925,6921,8076,4272,2934
11651,8398,5718,1852,9085
4868,8271,1814,8636,5980
4645,1932,2797,8529,1714,820,8540,6495
3584,6564,8439,7964,8031
645,329,7757,11025,2236
877,3566,1806,5293,3352
4616,8332,7091,342,4828
2758,5099,6830,1270,9471
261,10228,6811,9277,8191
7010,6826,240,9685,86
10498,7813,9640,7056,5854
3744,6725,5834,4465,10645
8230,8011,3438,9332,4377
1537,10024,2989,2421,8216
8625,4298,10643
9652,6972
4576,8329,5291
10244,8213
5217,3535,6800,3695,9977
5820,11862,3463
10012,9477
9770,1554,7219,12243,827
5024,7181,2451,6004,5916,1055
3751,6225,7253,1978,5180
3714,8867,325,9425,5848
711,10453,5592,4603,94
11048,7248,11477,8792,10527
4006,11120,3090,10132,10520
9699,6672,9072,9330,11607
12009,6953,11897,12347,9950
8098,73,4682,3025,1720,1245,4319
612,7150,3663,5075,5915
817,2756,5638
6620,141
3849,1354,4877,1485,5997
7713,6388,6998,3641,3836
9506,5355,1710,5522,4633
1187,1800,1129,5973,1369
6085,498,5813,1787,4572
4740,7396,744,3982,4955
97,4364,8142,7732,6301
5767,2607,10193,4374,3675
3954,12284,6333
9832,10596
1096,4585,6121,7212,3633,11096,5306,4349,1946
5088,7973,3401,5770,4526
4324,885,4601,2298,2972
8074,939,9264,9204,3065
9249,10533,3657,2669,5690
9094,11528,113,8372,9242
6305,5986,3942,941,2066,8627,119,3738,2589
5417,6734,2929,1145,7869
7938,9956,11113,4115,8565
6275,12115,6676,8726,9918
1969,9813,9559,10043,8733
12476,6773,12062
7194,3340
231,2279,4879,5711,4305,6802,121
7201,8193,5188,11676,11774
5859,8006,3848,7054,12191
7648,4806,12240,6292,2782
7279,8786,2580,9723,763,5310,8767
9824,5925,10250,9905,1431
7607,1282,3427,10478,9111
134,7794,2547,1399,1532
7203,4782,5593,10938,1085
2339,3780,11188,2649,8958
3237,8874,6125,5882,11327
11236,472,978,11864,10141
4067,1955,3622,3834,5179
3992,1273,3720,8719
2912,451,3995,1334,1179
2029,336,7283,3156,4022
1352,784,8465,8535,7739
8736,5025,3983,187,3167
6367,8071,1064,3767,671
369,8685,8703
8370,1740
9697,7843,6990,4015,4469
961,738,3175,9299,316
5764,4164,2052,151,2939
5122,2020,10342,4590,252
194,1507,357,117,1215
4584,7560,5777,9013,8375
4675,8996,461,2257,9400
3046,1386,3212,8916,6806
6497,3148,6100,2836,11383
3779,6436,2219,5493,9819
9058,8493,7506,2068,7518
6584,5958,4979,1464,1403
9543,9064,5520,10324,4957
4065,9639,9039,6930,9396
11040,10116,2238
2057,630
3341,3216,5136,4597,7227
7400,11144,2285,9357,3122
611,8229,12456,4692,9341
8675,7948,11796,7700,2366
2567,11959,7313,10966,7959
10444,7505,7410,8697,12125
11584,135,11432,2268,1885
2462,11246,12079,7164,11102
10823,7912,12754,2329,8351
7815,5772,11610,8860,11103
2404,10030,7539,2617,9629
11817,10483,9012,11669,10808
4360,1968,10194,10838,10042
11369,11089,11126,12727,5054
12449,8262,12263,7987,11997
12803,8912,12467,7993,9820
9763,12515,12270,8692,11895
12481,8450,11594,9168,12372
10915,12422,12712,9648,12597
37,206,5106,9556,9748,10814
12793,145,8235,10092
12354,11835,6981,9061
2689,2414,5294
1493,1562,8605
2466,1445,1417,1457,5494
8424,1547,9296,5716,5946
9793,1188,7000,5017,7995
4938,3179,2543,147,8317
9057,6090,4460,10515,7839
9505,999,12305,6871,10681
327,8136,9901,12365,11006
4417,1886,3282,1619,5020,3934
162,869,5797,7859,2743,3101
163,2694,4872,5296,2742,2557
1632,7554,9777,8884,7513,3259,5149
6336,2272,4325,8687,1247
8864,6752,9666,173,9230
10855,5584,4818,244,855
3490,2984,10286,409,2590
9984,1378,4781,10325,3290
2661,9453,2032,182,5881
2124,7503,2110,2907,8923
4225,6694,2003,5076,7258
5152,10529,9336,1850,6812
9536,1935,4051,10197,12061
1680,1931,2533
642,965,191
1504,659,1564
146,1027,911
3104,291,5475,4677,4071,5239
3388,9703
8987,686
5120,403,396
9728,5575,12106,11382,9047
6245,8233,1937,7795,6903
10948,10763,11179,7342,8753
12483,11880,12528,12308,12023
12039,12745,10923,8974,12629
6664,651,3117,10896,3096
7430,11787,9387,10709,6458
10691,10251,10284,8722,3291
12738,12443,12761,729,859
8802,12713,7918,2553,4924
10145,4550,11750,9076,8862
11745,4098,1197,11833,1913
8739,208,9011,8601,7611
8738,12451,9240,3354,12446
10753,12167,12464,9812,11770
6908,7293,9783
10584,11877
9601,11473,12726,9720,11709
8992,213,5596,5453
6136,7280,7215,6344
7687,584,6909,6887,8061
3938,8134,2160,4241,7414
11852,6741,8854,9658,6747
482,233,12908,912,6932,6268,381
8416,5993,10033,6262,8314
4842,236,8047,1306,4124
5732,2505,4306,6390,6236
5632,419,5318,5831,5140
237,6575,4850,9598,10975
7403,10384,10258,10675,10391
4289,2213,7051,5590,1916,4350
2885,3016,9226,3696,3487
3110,4330,3950,11279,2967
1889,4172,9491,10612,6099
2598,2378,3410,1914,3612
1448,4050,2077
8500,238
6258,798,1591
5817,68
3218,2431,3935
2898,1100,1862
3088,4811,8684
881,9717,2585,6939,2747
3032,9787,9397
8400,7299
5833,10381,7726,3921,10008
5698,6854,2511,6805,4025
5798,10926,4852,310,5976
8742,7152,11314,281,7771
2436,2314,3026,246,856
1587,10110,2879
8714,8925
6905,7636,285
3916,901
11363,8520,1612,10388,8567
9219,8079,10577,10137,5051
2908,8202,10510,7247,7804
11104,10952,12105,7699,4730
4800,389,8426,12756,11767
11688,10578,4604
12116,4684
8072,8841,10429
11913,11266
560,6937
4510,5670
1360,458,2395,2876
8452,2054,6891,1134,2324
9128,4529,4150,4091,5343
5314,4599,6615,1086,4383
2950,6182,6918,5435,6845
1208,7754,247
4921,2278
11461,523,5266,10899,3102
1508,3015,2477,6395,3700,3863,2331,1502
676,1900,1101,300,2680
1416,1650,8564,10070,1791
1827,9070,2873,10077,9695
480,9827,2282,1109,1402
3107,548,2253,3129,3166
10339,9323,3217,475,413
2152,1610,2200,3324,1405
1704,9660,318
2867,2619
483,1894,551,3309,1234
132,2382,3866,4827,287
10034,8795,772
2114,9999
9122,2214,8776,658,1278
1409,3492,2443,2040,9465
10178,1412,2156,2140,1725
966,5288,9302,248,4861
6048,9379,4739,6253,6448
9994,3342,8409,2107,7486
3361,12611,6250,3571,6076
10028,7631,8019,10996,12182
200,9001,7274,1435
7928,186,1388,1230
7044,7974,976,1083,668
8269,8239,7999
6532,8932
5730,6633,3126,7800,2297
7304,11698,10965,5209,254
8167,9833,7951,10232,3422
8417,6426,506,1732
3553,12059,3213,10263
8289,6726,8745,5967,634
1026,944,5332,3930,1980
4544,9446,4042,10458,3164
6885,8396,5100,4911,4989
12355,3267,9768,5556,1081
8037,2728,7177,10346,12533
256,9761,4912,11313,7166
10791,7116,5843,12698,11483
4864,4322,5894,1804,2641,3731,7642,2751
3937,2276,3369,2221,4147
4128,1193,332,5454,7605
258,1060,7750,1322,11038
5778,4642,6853
1584,1267
6151,6314,1837,3728,4766
7459,6473,982,6745,1660
1281,259,3302,7213,9279
1221,648,7115,4235,6166,4760,766
8611,5829,6568,5610,754
4300,3885,7438,9359,4887
407,558,6838,8791,7356
5032,10349,11827,8885,12600
9894,5511,8115,9912,7870
7332,7399,6892,946,5717
11540,12405,10006,6775,10518
9409,2437,9746,12282,9372
12492,3864,9182,11288,12126
9607,10440,8563,11222,1630
4552,9837,8654,5143,10937
6083,10917,10583
9206,10407
296,9772,12149,6072,10239
6384,10802,11032,6938,10972
2653,6699,9203,12283,7389
12304,11308,10766
12809,12041
11431,12203,11250,12499,12244
11136,12385,12527,12663,6202
12033,10819,7752,12407,10556
9088,4228,2245,9003,3822
8384,2784,9282,7934,3807
7009,9635,8944,8440,11129
312,4155,5744
8456,8898
1443,7413,4566,1821,3967
2696,661,3414,7355,3837
2592,3242,1421,5490,82
322,3658,4399,7089,11892
3680,1505,5969,4242,9946
569,503,8985,5786,6143
1316,12165,7153,12310,7900
7756,6127,6993,600,6713
6026,3557,5390
9547,3835
11168,6984,2925,2386,6139
9458,1622,10487,476,5853
4192,326,6278,7347,3732
9187,6064,7473,8880,8343
10625,7558,9104,4658,9395
9062,10953,6707,6963,6783
3588,7606,8758,10970,829
7496,10792,9714,6578,8184
8161,10633,11115,3313,10038
8418,5512,10354,9174,9784
7808,8709,10214,5866,6317
5867,11044,11693
3681,7969
8386,11299,5220,2185,7857
12012,9842,436,10296,1983
520,4142,8431,10128,10735
11907,9897,11132,10909,4382
10504,7428,11581
9729,9142
11232,8678,9747,10294,3898
12650,11788,4625,10548,4023
9889,10724,11820,3189,9914
10945,9255,9928,12349,8223
9892,11396,8688,5648,10451
10496,6601,8915,10677,10011
6084,12452,8646,12338,8476
10861,8879,9553,12403,3707
7016,10089,6519
11137,578
12194,12680,11114,8112,8785
10432,12069,4198,1939,11519
11916,12790,12671
3682,7595
9736,11918,11063,6814,11871
12832,9762,4710,8831,9759
11105,12482,11463,9713,4953
3874,10405,11125,4790,7863
12770,11494,3157,9271,10839
11393,12771,8836,9786,10618
2657,4514,5516,5710,10831
2030,3632,2423,1240,2971
2465,5635,9202,10198,8734
3335,4362,1067,334,9086
2688,10944,6279,8552,9678
4003,9512,3829,5274,5053
10982,1678,3824,10812,4798
9511,7880,6290,10902,10811
7660,12654,5015,5144,11035
4170,10603,9164,4339,5398
8353,9222,10377,10922,9936
2753,6923,1005,4501,6362,509
5352,3403,8238,5652,2037,8282
5568,4640,3273,5162,3690,4445
6267,3261
3459,356
8748,8399
3652,3035,3142,2794,908,2623,3512,2875,2271
2561,3187,1909
8275,2093
3596,10446,2606,2678,3229
11172,3332,7061,2583,3420
3364,7301,9742,5236,3415
6144,7048,10826,6766,10174
1824,4259,680,11822,9433
3009,11578,4620,3002,1373
3169,8807,10511,10770,445
2402,359,5523,5492,11069
11009,11914,7658,6576,10490
5357,10319,8657,12279,2681
11617,12067,8009,5001,8891
8387,10898,11926,7161,11423
10019,10149,3724,12173,2796
12216,514,8214
10925,12782
5261,5359
4434,1468
3475,3116
12231,3150,2702,1039,1527
1856,1792,1605,2789,4406
4171,2574,8755,4277,2006
4165,3786,2996,2549,8504
4038,1062,1898,4332,4367
10336,4227,363,12204,5275
10532,2824,4848,9234,8918
7585,1295,6900,3994,7195,543
1836,8301,2771,1621,10775
7392,7074,3084
7132,6038
998,3371,1201,598,5787
7042,7847,7599,3286,6555
3432,586,8055,7225,6203
7416,6283,3429
7897,3813
3508,5910,6232,1181,5151
1155,8005,840,6474,6910
1580,6513,5846,6393,6365
7838,6573,5818,6524,7070
3465,6449,2230,7292,5181
6793,6898,1299,4249,4221
4231,11793,5970,7603,1246
628,5252,1509
1186,9751
7623,12551,7786,9267,372
1377,1252,3750,5063,1478,1359,4276
7013,4679,4652,4622,1332
1092,3434,7793,4057,988
5156,6438,5990,4297,3609
4491,3768,1339,3005,6366
1069,9485,4980,1078,6776
4326,3590,494,9460,8631
4459,9196,5844,1366,4031
9000,10254,1750,8569,378
1219,6468,4844,4436,4351
6585,9554,5569
6027,9413
4993,3522,967,5385,1199
4395,7468,821
6461,9183
5827,3147,8013,4018,6648
5093,7975,10956,1971,8378
449,4258,9124,103,7531,9966,2127
7526,422,2150,7151,399,11921,3568
4995,6385,1076,277,537,2205
577,265,6323,474,4956
1576,232,8395,8718,1691
7844,6320,6807,3260,7422
11755,10443,442,9596,7903
800,5476,3472,4816,1470,2495
9604,7856,2994,438,8028
835,4070,3943,8103,788
2560,4549,8294,757,8989
2090,7405,5812,2872,8473
4066,3363,8457,471,1149
2240,7233,7494,6321,6133
3173,486,3495,5321,6095
149,7963,573,3742,4063
6696,8524,9811,2612,5055
6721,2662,9388,10605,8531
2496,1380,4056,8760,5758
4516,6581,4286
10260,1526
6977,942,1648,2608,4509
3073,6761,5077,7609,6462
5347,4356,6635,11954,4794
4641,10115,6675,8406,4094
3592,3405,2482,7671,5531
3165,11942,5623
9953,4538
10280,11849,11118,2321,6047
11176,9868,10096,5907,9976
6501,6217,5230,5012,8150
2337,779,6411,6577,6270
6209,5277,9334
8770,5299
10784,6625,11599,7476,863
12266,7435,11789,6671,10974
7586,9765,11857,1364,12250
12384,3137,4265,10420,12150
8392,3345,4555
963,6142,7950
7367,4421,7583
7936,3790,2129,532,7931
8064,7662,4084,6069,3575
5603,1543,7864,5561,4027
3265,6113,6412,8024,10428
11874,1095,1194,7892,7351
5376,11810,9199,2769,3794
12064,4513,5891,11526,5782
9825,6536,11049,491,7791
10017,11655,9521,6459,11357
2727,11981,12241,3892,11321
11107,204,7404,819,6455,536,1915
4618,2862,8655,12302,11380,8542
11008,11333,9270,11543,12408,8571
8288,3969,12068,1254,2521
7078,2474,555,1974,540
6008,6074,4660,6600
937,8771,726,8679
704,5640,5686,3991,8094
4391,2539,4076,697,3483
5228,11695,7637,4503,6237
10649,7426,9503
2265,8668
545,10456,8218,10878,10847
9504,1441,4533,3574,9021,3582
4068,559,6160,1362,6679
9252,7721,4492,1873,3550
2322,3155,8661,12151,2330
5322,10539,11212,4715,11729
7520,4779,5486,2485,6108
4293,11625,8075,10124,8604
5830,8330,10099,5495,6328
9476,10247,818,12054,1499
10020,2629,4561,2137,2429,9215
3856,4404,1848,1817,4092
3619,9861,3377,2134,2494
2832,4787,6071,7001,6687
6756,7211,563,5943,3482
7945,9422,5845,1079,9274
8549,9514,9424,1845,3226
6987,5356,11826,11673,10910
10565,4615,11407,10962,7103
8296,5290,9041,4945,884,9494
12192,10535,1875,11027,571
4196,7690,8335,3411,4947,4282
3886,4776,6205,1542
4992,3766,5285,6422
4061,62
582,7038
7266,6363,3686,7071
5432,2188,3894,951,4440
6024,3913,2138,2427
7298,7475,7155,3320,5023
3718,172,6417,7095,7257
8352,9089,7170,9612,10205
5443,9863,10315,10987,11439
8861,4944,8155,10140,11869
7910,617,9035,5110,7708
4496,2793,733
2544,4527,6471
9715,9852,3966
609,7431,4428,6387,7068
4416,929,7218,8596,5405
8039,1494,8503,5307,284
2507,1516,8185,7067,6847
6529,6662,3339,4245,5751
3271,6652,8984,8092,3838
4835,1444,7148,304,1525
8320,4442,2065,314,637
5160,7183,4082,3862,4797
8704,3045,5521,6836,6075
7649,7077,3861,4732,2781
622,8815,1779,6332,2047
6502,1228,3350,8633,8319
610,1615,7281,5554,7390
8643,8425,275,11731,7193
608,80,1620,1497,539,10334
5123,2393,565,5721,158
4928,8652,6350,339,3347
3654,6925,3727,464,3990
1382,10419,12180,633,6015
3524,646,6614,6824,169,470,572,4205
1127,3985,4568,411,7288
9193,650,4176,3186,5912
2977,4647,6346,5869,1310
6945,5641,7118,4711
4169,2518,4943
5544,6331
9123,3174,7302,6284,4855
5889,7466,2672,6161,3926
5923,3205,4874,2733,4948
6884,746,4369,10100,4311
5601,4802,5442,6032,2259
5857,3171,4644,4586,5619
5219,5414,3254,4120,3996
3529,2419,7384,4315,4255
6124,3662,4631,4251,669
2843,3717,3987,2170,4699
678,430,4758,570,8412
4430,7643,9499,2269,3870
10488,10255,663
2056,9349
6852,174,9106,3765,3799,1337
11011,5571,4639
672,10018,3543
641,3170,9125,3527,1235,948,4694,2044
3013,4331,3534,3317,1853
9600,5793,8258,8746,8525
3973,2318,10359,9496,9754
4581,691,1784,6394,8380
6146,8099,5351,952,11263
9513,11839,10799,11569,4287
3008,4934,6375,2153,3626,814,9527
11626,11031,10072,5211,7933
10402,9170,2642,693,11575
4610,7107,4141,11924,8828
10437,12662,12187,12028,12828
7427,11603,9557,7989,9368
4723,12638,10455
8608,9131
8930,3882,9935,1233,914
8899,701,5221,695
7128,3801,11650,1669
5459,2766
12376,8051
10537,11994,9517,3245
10497,5955,12238,7527
7552,11769,11002,12500
12425,10066,12172,8306
8705,3528,2089,1260,1048,8606
11658,10161,7991,955,5213
9986,10787,2028,11438,2845
714,8682,9295,1232,6654
5216,10431,2948,2910,12415
1899,4461,6682,2677,4474
5281,260,5614,1294
6669,50,5298,56,1211
7682,9417,1771,2777,58
4770,7814,6623
2636,5013
6508,6447,1975,6299,2428
9291,10990,724,3897,5214
3360,2392,3640,2955,2604,2352,9489,728,4089
488,1066,4013,3344,3514
1995,2835,2520,2651,1819
1711,10032,3124,9181,2143
12035,4426,749,1581,8766
4611,10053,5742,1112,6685
12679,5227,11732,9845,10526
320,7553,33,228,3018,8980,5311
1634,9835,12333,751,1522,7224
8169,7353
2096,8228
6722,2675,6213,703
4768,66,7523,1550,1524
6723,7742,10087
7714,7050
5580,755,1752,11993,2203
771,5527
3530,12076
6666,7323
2497,6883,7481,1895,9321,8089
3330,5992,10323,9236,8951,761
5282,10978,5989,7665,2038,10078
943,3028,8405,1686,1719,3133,478
1795,7465,4940,109,341
10,5034,1908,8924,2975
4108,7314,7635,3000,767
10816,9286,7433,10445,10836
11332,10598,10576,11859,11605
4233,7209,4683,2354,4381,126,3327
2788,2055,1459,1372,5117
8259,2123,1422,1520,3486
6351,465,8660,4950,2202
2060,4109,979,1716,826
769,6180,4456,3608,2361
1797,4583,6119,1300,6138
1890,12579,5870,10045,9630
8641,11723,10348,9262,3504
10093,3152,3764,10740,7927
3523,8838,6603,4589,3793,1883,12765
7145,6647,9688,7676,6430
1637,10409,3054,782,4541
1600,9700,10055,10955,7570
3328,9673,10773,7705,10235
11424,5091,11076,10801,3039
12160,5222,6170,11164,6398
11808,5540,11304,3123,7190
12421,9487,9719,6265,12286
5667,3820,5037,786,1492,5245
3936,836,4125,3285,156,925,604
2738,10394,2195,4045
1008,10172
12465,8003
806,11265,9939,3539
613,7461,1259,4432,6673,215,5240
4697,170,7502
3770,5708
6691,6628,2854,5683,2300
8004,839,5457,3281,10430
7899,6606
3635,4895
6754,7627,7415,3215
6693,6382,7250,6867,5780
7073,6002,6514,7412,6297
5664,2508,6510,4431,4433
7706,7988,2670
6563,9406
1857,361,3087,5170,5367
7972,7112,7501,6353,6295
6913,3394,2768,6043,7740
6496,4009,2537,6200,7935
8227,8612,1035,7630,8151
6377,2187,1495,7388,638
1696,2162,1326
3001,2954
4704,6309,2161,6042,7967
4005,6986,7378,5372,7677
9225,7372,2611,4789,7319
1387,5905,5620,7321,9627
1225,5257,7657,8559,792
7841,6158,6936,5627,7806
6342,6311,5422,6906,1628
6753,7206,7914,6832,5335
10285,1231,6769,9399,7452
4291,6533,6003,5715,5654
1088,10050,10984,10314,11743
7425,10082,9067,844,1813
4480,7641,3515,9184
6488,1682,349,2458
3618,2085,3573,4569,5950
6849,3365,1588,7197,3999
3431,7318,6102,7449,5115
9922,556,8461,3920,1142
7142,9096,6025,1138,7575
3424,9090,3078,8711,2227
7628,1389,2072,3161,4414
4078,7604,8310,3832,7199
10734,9038,11665,10579,4733
5348,10345,11116,6476,861
11588,12488,7021,1782,6520
12353,10530,9795,12739,9292
2575,1663,4754,2931,4918,4607
1256,4494,6190,2515,895
10306,935,4809,9293,7895
6274,2947,2780,354,2637,1747,3127,4696,7548
6624,5570,2712
6626,4292
6848,7269,4462,2481,2075
1866,6289,2802,4665,5116
1954,1957,8840,1741,2682
8010,6379,6956,10257,7901
6976,1539,10541,2928,11037
7214,3450,6478,3477,7002
3875,1608,2059,9466,2911
3236,7397,6599,5243,7645
10112,5542,6193,4635,3293
7360,4267,7469,3284,2109
5473,5262,945,5271,5400
2530,8363,3252,6550,7450
7363,7495,5901,7955,6490
1970,9667,4949
2833,6580
7812,4722,3060,8313,8123
1480,9098,975,7382,6619
11456,900,7816,3755,9361
12015,3441,2837,5723,6942
7088,8441,5437,6397,2334
2488,8033,4530
10601,6559
12128,9702,905,6122,8598
9028,12814,9683,8759,6879
9831,9544,9260,10835,4470
12740,8166,10475,5677,10427
12229,11657,4717,1905,11479
6116,8805,4488,5705,6259
10215,11502,12692,9911,11513
9283,11909,11782,12615,12141
3577,2444,2973
1545,2610,3119
10639,11216,11154,11191,2264
11529,11722,2412,2223,2774
1153,4901,2966,9053,3294
2335,7781,12409,6207,3295
12644,11210,917,3928,10713
7984,202,4716
3741,6727,4103
2470,6539,6637,3919,4564,926
5653,7853,3719
6300,6052,7796
9152,5375,3022,7696,11546,8639
78,1594,6869,986,2719
4546,2475,9682,9016,10815
3749,1639,1770,4942,4370,1753,2011
1536,8195,9510,596,1721
1673,1651,1209,1690,1599
8577,993,9582,9207,1151
7881,1257,46
5124,2622
2273,4487,7764,700,1277
6528,3400,6697,1002,3036
4485,4393,7019,3959,3134
387,1934,4312,5884,4127
7874,2851,4229,2924,6224
2148,218,1962,1811,794
1347,7669,2358,2714,4602
6597,2409,3149,3725,2895
7664,4883,7670,3446,1919
962,5932,5078
3109,3391
3585,7340,3953,2556,5021
3326,3239,4107,3386,4926
1355,8750,3893,892,3965
6630,5965,4464,2355,2713
3012,2569,5549,1172,8889
8393,6862,1006,8592,8689
7818,9681,2582,3931,3677
1327,5234,2744,9821,4543
8069,6086,3785,6516,10199
2723,6347,5323,3601,2559
3586,2154,5588,11542,4253
3648,5550,1839,4531,5141
10567,9484,8848,5072,9790
546,5316,4749,7666,1618
2951,8812,6097,9239,3103
8585,1009,11828,2839,7423
6881,7629,11856,8887,9082
10842,11644,7845
8290,9879
12228,11141,9867,11564,7471
1090,6408,5353,6416,7634,7743
8371,3500,2823
1018,2004
5953,6607,8121,3642,2332
6733,6670,1042,4281,3195
3841,5480,2903,5276,5463
3467,3726,5555,8404,8147
2914,6244,842,8946,4123
2691,2684,5125
5681,4729
516,4073,4335,5268,2878
3968,6829,6674,4598,4158
4357,6470,6185,3979,2158
3939,6380,2674,7675,893
10848,3843,10252,6969,1020
6465,3873,808,3792,306,3607
5344,3665,2671
137,8364
7745,4138,2773,5178,5403
4736,5451,4111,7066,7294
6882,6427,8284,3678,447
3747,5447,54,5692,7615
5712,5529,7029
9690,4547
5605,1829,5424,3251,3709
8480,677,6277,3471,3710
9530,8820,11157
1029,11925
11171,8293,11465,11468,5933
7080,2953,3185,2706,3699,3572,6263,3033,8287
6192,4348,2558
3331,6523
5604,2959,8021,6199,6590
2628,7654,5363,5591,2943
6401,1061,4937,7913,41
2817,2562,3624,6282,2891
7968,5057,3470,1658,3646
5952,2826,1068,2416,9693
6657,2787,7174,3020,7733
3847,1992,2215,1553,10641,3057
1871,1841,8179,1523,8383
6066,1074,5460,1365,2039
4673,7830,10331,7516,11198
11697,8658,3961,1726,8991
1216,11169,736,4290,1705,1964,8464,916,3964
8580,3655,1737,1872,4186
8962,10503,10760,1099,10068
3617,9938,11322,6173,7454
2690,4180,2740,2808,4153
4002,9081,3867,3292,11294
3458,8466,2294,12571,3516
6572,6222,3630,3891,5532
8152,7338,3827,292
424,7478,8300,2222
0,289,35,6409,7276
5410,7883,4396,8175,4563
11457,4801,9708,10678,2942
12484,3062,12183,3130,10142
6757,10669,8211,9467,10524
1922,10723,4484,10979,11065
10403,12171,11099,4734,10687
10176,10119,3854,6518,8413
11334,1483,9335,10169,12155
5536,11627,9620,8116,10837
7778,11848,8735,11229,12799
3304,10005,12118,10007,12251
9218,10728,10833,12473,11388
3114,10474,10491,12732,11455
12036,11414,9752,3993,10844
6500,5765,10183,12077,1110
12514,7875,6535,10781,9726
8117,4151,1016,1116,4605
2960,8367,2051,6183
4796,2572,6174
1624,2524
11398,1513,4718,8048,6105
1122,4517,4778,8562,9078
6466,8868,8518,9580,1918
1058,2697,4653,6000,2323,2164,2809,3196
7232,1289,973,3098,11003
5985,9447,4375,1113,3007
2048,1512,4793,5147,125
3074,4905,1425,665,9338
12288,5733,7081,1143,7576
226,6089,10714,7159,7289,1146,11645
4500,1463,7418,1243,9981,4126
3288,1754,2363,1229
2250,8902,1135
8961,6050,4134,1147,1053
3040,1859,8845,2062,12598
2309,6352,9593,4763,9118
10466,10275,7114,10860,9362
450,157,1150
108,6172,3958
7139,741,2893,1167,9297,7059
8224,6850,1301,2840,7135
8803,4359,8808,8873,12074
2432,10597,2446,1647,2069,2551,2460
1284,903,1967,1265,8851,1561
1570,1830,1736,393,811,1177
2792,2180,8326
1189,6791
8937,5204,3348,8215,1982
8964,2256,9779,10493,7647
1642,9508,1309,5166
9992,1242,10122,5661
4737,7588,4237,11662
12400,6114,9482,7852
5961,107,2964
11766,8389,8870
10544,7138,9507,1287
2552,1321,5002,8285
8016,9288,4284,10332
12496,6739,4925,10350
4600,7878
3248,7511
178,1196,3404
8977,3611,2204,2356
5709,7175
3929,3231
6728,4131,996,7965
7284,5645,7534,3047
3176,2353,7267,7779
2312,1381,1358,1496
10378,6661,5286,1311
2856,481
6376,3778
1777,3473
1392,4010
2112,5212,5822,3247
7689,3211,8653,1616,6132,1466,6651
848,5949
3593,6308
5651,4405
1312,6186
1592,1297,6595,796
6128,385,9402,6491
5537,739,2510,4532,469,2807,2365
5231,7251,4212,6611,6840
3554,709,5041,6612,4184
7492,338,500,8156,3357
7872,5504,3984,2548,4185
7625,2291,185,4636,7550
4646,9194,8240,6296,1374
9097,5497,8444,5278,4095
4771,8581,11983,9941,4891
11555,10023,4559,11539,11000
12649,12331,6644,12060,3455
249,10396,1822,1303
8448,5019
643,1414
5488,3872,6006,4479
3207,6823
8730,2099
4288,615,1482,6425,1503
2624,1863,8595,308,5819
1985,7885,1423,4786,4821
960,1832,8105,9233,7898
9027,5260,3214,1941,6616
11720,4473,5027
8266,9031
9696,4865,5362,7702,6586
9828,9841,1780,1206,1598
3721,9449,92,4634,4668
9829,10571,11214,1458,10776
4499,1589,4118,25,2940,7966
3168,6786,6659,5639,4210,4411
4429,6989,3703,6201,4407,2974
2500,8509,2655
1465,2489,5937
235,7566,1204,6044,2685
1945,2091,10206,39
684,7565,7162,4475,7069
4162,3396,8496,8986,11197
7366,11338,7663,6040,2715
8102,2024,2990,3448,11999
11977,11209,3372,6772,8153
1515,3373,9201,8434,10291
619,9533,6,1519
3238,9800,6861,4239,2079
2049,3329,6126,5926
2369,3692,2645,2601
8309,1538,3203,4397
2897,3462,7780,5126
11184,10248,2818,3316
4101,9931,10412,5317
12921,5186,10564,12541
8135,5096,7763,4661,2359,1406
3457,4769,2292,4823,3614
3077,5413,11278,5008,5109
12321,9896,5746,7027,4313
9732,6736,7026,1557,9303
1679,3209,4745,4703
1160,4659,3711
4256,3043,4556,8212,2492
4419,8648,1902,9526,3670
2786,6415,2226,3476,2778
1568,2274,3908,4007,5759
775,1578,2445,3503,8402
2882,3398,4671,3099,7455
4579,6152,8952,3452,8029
7086,2618,3739,1692,9407
9075,9814,11192,7866,6109
2144,8421,6312,3436,12620
4608,7364,12103,5270,11639
9738,12110,2800,9428,9940
6534,7976,9005,10958,12024
3525,3947,9996,2830,8495
1699,7652,9381,2632,2621
6656,1701,553,7538,4435,4409
3808,6011,6479
8481,5804,1820
8321,1707,1676,8589,3375,1269
224,1635,8391,6327,1276,1438
8177,1556,9734
11552,6413,7782
7333,11046,3274,1775,7121,6322
12071,8971,10607,11223,11193,10300
1776,10151,8979,455
10880,6759
6530,11863
416,1540,1906,1844,3225
362,7601,11090,4275,5981
1126,1191,5865,5548,3183,7377,190
4224,7785,2579,5964
1762,52,1786,1965
9611,1861,6771,8478
6313,6642,10335,8583
7008,5541,6374,8073,7790,5391,5914
1227,8818,5171,5974,7094
7439,5392,6421,6809,5918
8325,1132,4847,8025,4863
2848,2082,6019,8050,4915
2983,8872,4553,11466,4137
4897,8482,6023,2190,7315
7235,11749,6298,10421,1882
2441,2347,4656,2449,2644,2042
2311,534,4536,1308,2175
1953,468,4695,8570,279
1603,6827,1876,1749,2487
1794,4708,2157,2139,2397
2081,1102,2033,2007,9887
2147,1773,2639,2578,8920
1729,7307,791,9750,5238
2692,1738,5617,2484,919
932,4490,1996,6797,7862
7724,3053,3443,3027,2901
6960,6227,2005,1174,7640
5962,8298,7445,6808,7007
2306,7819,6865,370,7674
5602,290,8198,3562,2002,8468,3545,5500,2399
4034,10786,10021,3694,11931
8528,7179,4270
9915,9891
6799,9945,6617,9853,9241
7602,4441,8315,5821,6782
8784,7546,4815
8843,5095
11111,9492,3095,5752,6423
8385,9060,8933,9200,12273
7491,7748,5684,2008,7160,60
5760,9962,12300,8783,6319,2486
2073,6402,2244,7047
4378,7767
4392,2861
2261,2113,3034,4317
1765,4041,7337,5108,3932
2946,3336,1617,5847,1535
9348,2542,2191,4017,377
6592,3264,1668,2748,5279
4712,7849,9006,5327,1917
2658,1959,9650,217,2398
6818,1541,2410,2668,3839
1735,2605,1742,2519,4857
2643,4149,1662
1921,6130
12234,11187,2102,11224,2172
8001,10414,5911,5784,2813
2225,1867,2100
5028,2863,9319
1091,3206,9577,4655,5566
1451,7986,2104,10328,959
2659,589,2932,5750,2071
130,1315,1572,4340,8926
5064,940,1976,152,1723
8737,2121,10730,11899,10748
7104,1793,2034,1586,9980
9316,8328,11284,6196,8376
7040,11945,11533,10225,9618
9440,11202,7385,9724,12670
994,8291,4081,950,9054
6159,6343
3466,2111
9641,3082,5326,3408,3120,3989,8982,1626
3763,9147,5397
6059,2132
4420,7944,5324,8245,9304
10822,10090,7157,12375,9307
7456,2182,87,4232,3563,9116,830
834,3944,9937,2546,8532,10165,1757
8379,2228,4870
9585,11348,11663
5795,3975,4978,123,6716
6280,8594,2852,3158
7525,7245,6480,7125,7031
2242,8145,7028,4218,6525
4930,6949,7817,6933,5979
2889,9390,5208,5849,5304
8322,5030,8519,9430,7930
6917,1447,3625,8522,12363,4213,6843,3228,2877
6371,10704,2262,2968,7163
2698,6863,6961,5049,2586
3712,10217,8491,12414,8895
5701,10473,3754,7467,10872
417,6150,785,10386,10003,1491,383
12769,10594,2289,10261,10486,9461
7784,10283,8856,1999,6833,6424
4451,3621,8109,1263,4439
8000,6795,14,7379,6364
8777,6091,6860,10063,5855
6179,6538,11984,10481,9874
8354,10340,10062,6098,9176
11811,3275,6546,5237,9592
10209,11562,11666,3541,8729
8613,10413,11952,2293,11576
6888,6153,428,3859,4083,4986,1275
1472,3570,5206,759,3390
6082,4195,1286,1106,8018
8267,155,4334
3376,2736
1220,4458,660,8693,6046
4832,128,4209,4630,2299
1190,1065,522,3671,2904
3521,9603,8752,8250,1118
4528,938,3006
115,2660,1565
3971,5196
7346,4726
7697,1158,7254,2439
7328,8113,8196,8429
7489,6886
3296,2302
2752,7109,3977,8471,924,3071
192,8257,2307,70,5419,666
198,8360,713,5338,3803,3901
7052,8141,3757,435,8669
6057,4012,3052,3325
8545,2570,6780,5518
6874,7962,2627,7191
8272,5201,365,7896
8544,5377,9366,2295
7041,11306,9525,5134
4522,5004,12730,7860
10472,11803,7255,11023
2349,12619,9117,3190
4963,457,4981,5016,5656
5582,2735,2385,3509,2938
5824,6583,6104,4985,602
1353,6418,8268
3708,3367
6147,4588,4951,3672,5401
2305,5931,5197,6645,3900
8256,11554,5935,7508,5499
4933,2501,2471,6999,3287
5728,2720,8588,1743,7039
3552,4706,2325
802,4222
2499,2916,4424,3606,3551
4713,3307,1461,7798,2014
8865,7308,5295,4467,6260
9108,4893,4135
5210,5668
3337,5229,47,437,3451
5606,263,6571,5934,4592
6080,3631,1361,4055,4219
1157,4838,2502,4812,6636
4557,4691,5395,4310,9238
3298,7334,269,3412,6557
8225,2922,4909,2232,4571
8576,4130,7592,3915,4316
8388,4873,6378,3957,7352
5408,3419,4751
1948,3277,6991
2211,7684,1998,655,10809
10186,6988,9171,3896,10780
2535,8876,11101,9558,10301
4481,3650,7651,2376,7146
8674,1801,8907,2193,6483
8128,6709,6639
9208,6482
11975,7176,2538,6893,10415
1137,9300,981,8823
10360,9221,2596,9637
2338,2467,6702,3796,3924,2455,4728,2846
7747,4680,5354,1173,927
6307,5975,2041,890,2207
1319,5583,854,1944,8700
8640,6755,2310,825,8447
7584,7149,8304,9049,1370
6272,525,1487,1812,6110
10376,9967,405,9109,887
843,427,8942,1912,1790
1893,8712,2473,9259,2613
9805,8849,4346,5469,5439
4449,5258,10393,3899,6140
2340,9385,8809,1936,8593,1371
1988,4329,9232,11059,1623
9907,11013,10863
10585,2687
1253,9320,1993,2927,7770
10148,5806
6094,1774
4966,718,1298,1972,251
2459,9044,1943
4617,2526
6924,493,8782,3887,4913
896,2913,673,2884,6399
7141,1684,5941,7221,6779
1656,5785,4884
3318,5174
7776,6511,6803,11636,2709
5284,1597,4965,3135
6613,2905,4365,4189
4858,1834,1989
2260,5132
964,229,6439,3112,9055
3850,997,2390
3949,7126
3232,9120,6051,4261,2652
4867,4649,10765,725,2296
3480,4961,9154
1665,3181
8295,7529,7886,910,7167
2920,907,2252
2094,8694
4274,9146,7204
2896,3243
2383,9619,4952,7801,4318
2243,4903,1897,2858,4188
774,5739,1772,4954,4220
6021,5478,10568,8154,5851
4709,4681,4238,2483,4575
737,5128,4748,4972,5886
5248,1816,501,4567,2136
3842,9573,6189,8445,2750
1574,4587,5104,883,1530
4294,4199,5647,2198,8761
3520,11490,10722,9205,10398
11809,6220,3828,12120,3547
10754,11979,10543,10703,10230
865,4742,1032,8970,4028
2342,5416,971,3884,6389,5302,3382,3416,7961
7911,3048,841,489,6294
164,809,5514,3883,567
2962,1004,2023
2420,2159
6431,20,7034,6749,5823
3745,8163,1165,2772,7924
1892,1575,1258,953,9308
2381,463,1296,8882,2527
5505,6724,1799,1419,2163
4320,5420,4976,5840,10390,6521
4,8455,5000,2864,1433,1469
2083,7045,7484,6392,9595,3548
2400,3266,4875,454
352,3370,2933,5450
5507,4454,3113,3855,8337
4146,2490,2620
5337,1855
7620,5671,2894,111,273
5991,9672,11307,10611,10014
7904,2822,2001,6899,6485
3460,7178,7474,9235,2394
4519,7535,1904,847,7571
6178,8972,1490,3160,2717
3042,9317,2841,344,857
9987,6610,2418,6582,9435
6369,3430,8781,10989,7326
5313,8871,1001,8427,10879
6768,1835,1807
7290,3138
4518,10120,5163,1141,2457
2979,4881,1687,1084,7357
6112,5289,2958,7408,3385
11205,7947,7803,6326,8059
7873,6839,5573,5807
6419,8053,5774,7735
5697,1987,8774,3656,7030
5994,4303,4304,6866,5629
4752,5458,6517,6453,5726
5704,2763,4398,1052,7229
5249,5547,4627,4502,6009
6556,3613,95
1440,5825
3976,1291,5940,6968,7325
6370,5896,6204,6589,4831
4974,1476,5902
4537,7223
6337,1162,5139,6742,5471
5794,5092,5043,3925,6492
5329,7419,6605
6433,380
5483,2638,2991
6137,2281
5729,3489,3306,4651,1329
4512,6574,3599,5112,1596
1796,5546,4523,10828,6701
1511,6031,8981,2874,10779,4380,3962,1759
8547,4840,5172,4890,542
8512,5633,5418,5010,5919
5874,3011,3222
529,4363
5446,3469,5103,3219,5879
5331,4917,5788,4990,4415
7393,1722,4143,2679
1960,4139,5101
1156,812,1044,1756,93
1888,5254,7273,1037,6967
7144,4016,7217,3064,11135
4422,871,5371,3644,6655
11778,4813,4086,4667,8158
933,1733,1671,2286,5264
8458,6929,1140,7956,11004
2176,3852,1453,4654,985
2401,1768,1614,5622,3772
5098,3788,1683,9908,1501
1571,7084,1868,4539,4542
1345,1217,1674,2391,1212
4423,7436,4302,2101,983
9172,8877,3343
5725,2957
3683,3556,3910,1003,3821
2438,7015,1808,3474,2267
5250,710,5071,6129,1843
5696,8187,6770,2491,4958
9313,7341,9231,10231,5113
1958,7432,6678,7226,5501
7296,3905,5789,8085,6077
10954,10858,3024,4626,3093
1025,3815,7470,3955,9755
8088,777,6198
11109,7983
2514,5080,5594,3037,9855
6345,1518,2131,2364,1629
1563,5251,7917,5487
9624,7593,9158,1367
1474,7172,9418,9483,3889
6181,3086,7957,6558,9535
1224,10731,9331,12665,5215
3715,5046,2086
875,3118,4859
4032,2012,8773
7137,3559
4833,4866
3777,3499,4637,3865
3106,8144,3826,3379,3224
3426,3143,3722,4814,5368
3072,3814,3208,3664,3440
4578,3141,6509,7085,4689,3349,3162
2721,2722,10697,8938,2737,3131
2791,2667,2860,1292,2448,4190
5272,3233,3736
9056,3684
4998,3272,2963,3255,3038
5146,8830,7306
4594,4869
1986,3783,4178,3734,4223
2209,580,1929,4060,606
2411,10059,3952,4112,4020
6437,8778,5995,2413,4053
1473,3300,10000,11763,9566
3308,1613,8788,989,2430
5378,8842,6545,7441,8890
3649,3362,209,439,61
5484,8014
6531,1436
7536,6543
7942,267,2765,6093,3538,7286
6306,5173,10317
6777,9420,10308
6214,10278,3502,6962,1175,10906
2704,3674,6187,1727
6063,11450,271
5805,7727,6677,3510,4408,8251,9437
6864,4923,5061,4830
2216,7394,2724
512,5035,1427,823,6493
1604,8810,6540,4252,2206
6148,9258,4309,6231,8312
12306,4029,8662
3643,3628
9960,2673
1769,6463
6946,1846
870,3688,10921,9997,9628,2045
1120,8866,1455,8699,9501,1758
1602,550,1803,1644,9998,624
6692,9766,623,4785,6683,10494
5474,3748,4389,7336,9623
2336,6210,4102,6420,7261
6819,6276,398,1014,5244
7712,9033,2197,3321,6169
3140,6440,4886,5433,3871
5058,4750,1907,629,5145
7980,8052,4629,4638,6975
5090,5871,1713,4792,5595
5799,527,5842,5938,3806
7076,3685,266,7981,4666
8040,5007,9052,9245,3998
166,1031,5198,6608,5682
4450,1709,7823,5559,4191
5026,5481,6738,980,8182
8032,6359,4759
4643,7797
3280,5409,7979
5883,5445
7971,3468,9840,5747,4988
6658,6995,5621,4824,6302
5224,8049,1655,954,6107
5988,9212,7063,5852,7327
6469,682,781,4049,183,5241,7519
2304,3202,1318,3668,5022
8226,11781,3241,3314,1467
4263,1071,4497,3963,862
9441,2115,4714,4075,3417
6020,4427,3595,4621,1163
2915,5060,12198,3645,5119
3374,3666,3830,3997,4159
4387,3981,5462,10903,5565
3651,2509,6223,7381,7835
4036,2919,3220,1685,886
7729,2212,324
2035,8124
5738,716,6157,6414,3706
1272,5342,8255
5193,6238
8825,8346,4278
5665,1446
707,3667,2133,5880,2301
10114,708,44,662,8479
11108,425,2346,8463,5649
4004,8454,5616,5939,8917
2981,2534,6450,5909,2902,8696,1439
8484,8357,5165,4087,6686,8511
4145,787,6407
1331,3019,5655
5753,5059,9689
9083,734,5094
7596,1990
7906,5769,7574,4215,415
9063,11515,11190,5944,11579
210,2087
1328,1590
12561,1689
8878,4280,731,8221,894
1248,4345
176,1015
5464,11100
10505,11631
2017,168,8941,4413,4446
8486,5127,12017,1973,10522
2757,621,4174
2730,11346
8676,4612,5685,2741,2010
12163,11556,5929,10993,8307
11609,9541,7925
8038,11174
9926,9095,5963,9356,11442
9730,12553,8236,1397,346
6096,6325,6935,4664,7837
4720,2,7309
1320,4632,760,242,499,3576
8772,4935,3693,8816,6303
99,5703,8621,374,667
8801,679,524,4756,1207
3909,7789,8338,154,8731
5586,8852,8822
7275,460
5513,4236,5048,4761,4062
3600,10761,4780,1471
8548,5489,4820,5319
1640,7043,1400,2405
5203,222,2811
5945,3180,2775
5083,9468,3079
7746,6167,4871
5168,5608,1488
2563,2447,9139,3031,1567
12448,459,8691,9268,4982
4385,4506,1479
3497,3818,1340
3945,747,9004,4279,4379
9472,6405,5005
12081,7124
7907,8208,3029,7262,6943
7908,6120,5102,9975,10684
5312,4822,6088
8190,5551
6062,375
7362,10994,595,1012,8698
7718,5297,5308,220,5790
4929,5987,4554,5073,2900
1984,2676,5637
8824,5526,1022
7594,3951,2450,7958,1950
4486,6442,3860,1879,6235
105,5065,7147,8122,511
7758,977,3346,3638,7004
4674,5387,4910,7344,1017
3136,2849,10959,947,9567
5669,5673,11146,4283,5598
9850,3853
1073,7709
867,1677
8993,4744,3437,561,3154
8420,7113,6506,690,8279
101,8008,5900,562,7483
5920,2348,1549,4565,8790,4093
2799,852,8664,1274,3647
5666,5003,4044,6156,795
1573,1544,5449,5609,5396
2859,5657,4593,5081,5087
2853,5543,10638,5713,4862
2241,6310,10608,10803,6266
10056,6058,3537,5878,5111,90,6526
4321,18,11893,2969,7485
1057,6434,1672,616,7090
1767,2088,2408,7828,3159,8056
1313,1324,8940,8723,3030
7169,6467,1094,1261,3737
8616,2890,1107,5525,347
1280,3970,8220,591,10236
196,6446,7320,7836,7582
8591,592,688,5135,7581
7992,294,4725,4686
4026,7383,1450,7719
64,5545,5624
8827,7619
6561,4080,789,5877,6456
874,6948,11445
7032,6667
4808,7055,8339,3221,8344
8442,6835,7133,394
5508,3940,3669,3759
10856,8407,3479
9166,4495,4851,4343,3704
6951,4841,2194,4916,1881
7680,8034,656,15
8170,11244
1956,6155,1933,860,2141
1164,1171,2326,1947,3771
614,1481,4144,8634,1244
6330,6013,5998
1121,8911
4161,2918,4902,10416,6711
9188,1703,9870,2097,1534
6690,496,2036,12445,2173
8,110,143,443,5183
2019,7821,2126,5044,6878
7490,6354,2805,5563,348
8097,4906,5423,6230,5687
9280,7398,10158,6164,7515
11619,6627,5574,5191,5195,9518,9305,5498,6588
