2689,2947,4485,6153,3345,8979,5016,4632,5656,2848,1443,1955,3884,1964,2096,8371,4532,4405,3127,1466,3517,703,5312,2753,2498,1090,1472,5061,4290,2244,457,1227,2509,4686,1999,1104,4689,7634,1619,1620,2390,1372,224,7394,482,739,2405,1635,4067,618,9715,3443,5365,2679,4089,2685,3967
9088,3211,4365,912,3607,6051,5284,7204,5541,8228,4776,6566,3757,943,3635,3509,1718,443,3899,66,5570,2756,3266,1478,4679,4808,6471,1353,7757,2768,3025,4822,7126,217,6362,4058,608,1377,4578,354,4711,1899,1005,6509,3827,6389,8440,4858,3581,3071
7554,5254,1294,5522,1811,5652,8471,794,5403,155,1950,927,2336,3873,1313,1960,5416,808,4139,1324,4276,5045,4795,7355,1984,6465,6210,454,4935,841,5450,1737,3914,1993,7118,3663,1747,478,352,2408,4728,3949,3052,3570,7413,760,4602,5371,3325,4986
645,2955,5518,1297,8977,1044,661,5526,1562,10779,2970,3745,2212,4261,1319,4137,6826,4393,1457,2354,1204,5302,5433,699,1733,4681,2763,3661,9044,2518,7767,2777,90,3807,2400,7393,4835,746,235,1004,3822,7281,6514,1907,3061,1014,7415,1273,3195,2941
3593,7052,3215,8719,6289,9489,6420,1173,1686,3737,1659,4380,1821,2467,6693,2088,1196,6702,4527,7217,2356,7221,4281,2365,3262,3135,2113,964,5063,2508,2510,5582,4948,2261,982,2905,6620,612,7013,5480,1257,7273,2793,3055,2805,375,8056,1275,381,8190
644,1286,903,1543,9612,9996,4750,7823,8848,1553,10775,7706,3228,4895,4127,4643,6819,164,39,5545,4013,3630,1069,7981,4665,3131,8255,7619,3140,2632,7627,5453,5329,595,342,11863,1756,2913,6754,6882,5354,5739,8810,5483,1132,6128,5877,7159,1272,2557
512,1156,3720,1165,7191,1945,1179,539,9852,7849,4138,684,4016,3248,2098,2352,1972,7094,3515,7490,963,1866,8010,4940,1741,6606,3403,4433,7250,5201,3796,8405,980,7548,4445,6878,2784,2912,5477,5990,8295,1896,2537,5482,5352,1253,6382,5619,5884,638
7682,1539,5124,387,7814,648,5513,143,3601,5780,6932,6166,4759,3480,4501,3995,3360,6440,4649,1320,428,6840,2622,9282,324,6213,5703,4553,8268,2637,8272,3665,592,7381,9049,3034,347,1888,7523,4195,2919,233,8940,7664,2544,6645,1015,5624,3834,1535
3840,2690,6276,4102,5641,4874,6157,4493,6414,3725,6418,8723,1685,7066,4906,3243,2733,7214,7729,4274,1713,4146,10033,3640,9402,314,4797,6848,3264,4036,3909,5060,6728,1485,718,4563,3929,4442,1497,733,5342,6238,9055,7148,886,3064,3706,1917,7294,9727
9348,6533,5514,6412,1037,2701,7956,4887,4255,5664,6562,2082,7718,3112,427,812,4654,304,2738,5170,9780,7218,4278,1207,4789,3891,5682,6331,827,3261,8893,2888,4041,3273,2381,8660,6357,4436,4057,9308,3167,2662,6759,3048,874,3181,499,377,894,8703
3200,896,8840,3849,2954,2696,2060,3471,2191,1683,4640,2466,6563,1444,1829,3750,8611,6569,3242,430,3382,6779,1989,4422,3400,4302,6350,1231,1879,5721,8439,348,3036,10206,609,11874,996,7397,7657,3434,6377,5367,2670,2672,2035,3446,374,251,766,8447
3343,5880,1298,3231,7073,2215,8621,2483,5172,6452,1975,2938,192,5568,3522,6723,4928,451,1094,3910,7112,4297,1092,2507,5071,1615,1617,3280,6104,2904,1245,6496,8293,3174,1897,1771,4588,2542,5614,4080,9840,5490,6387,3830,2295,1656,8314,6267,4093,3966
4867,7175,5751,137,1684,4245,2712,8346,667,5532,5537,4900,1957,10148,3622,6568,9006,3247,8752,7344,6832,5307,2109,5569,4292,971,2380,4943,2896,3151,850,6611,7515,988,1118,2401,6626,7267,1252,229,7782,7529,7019,8812,2286,6256,7284,4855,4985,2300
7041,1795,4617,3337,5389,3730,2197,5145,8736,7712,7972,679,1064,7465,4652,1452,7980,5424,2355,6967,1719,5178,4926,1219,713,1355,843,589,6219,3023,9681,7378,2133,6359,7901,3678,4449,2148,3685,7911,1768,871,7144,2414,2671,5104,8816,2162,1140,759
6528,3585,5764,1541,3589,4740,4235,4875,5013,3350,4760,3992,6299,289,7461,7340,5932,5549,3885,817,1332,1077,5687,3000,7353,58,2556,6847,447,7747,9033,1868,5078,602,3931,8540,4318,2398,738,6630,1767,2409,2159,8944,4464,242,5747,6003,3319,892
7169,10376,2059,5007,7183,4883,789,3996,8220,3998,8480,1446,8360,5544,6955,4395,5933,5298,1843,50,3254,7740,5442,196,1606,3149,6995,9299,469,3030,1495,2391,6996,3676,6749,3806,5344,4832,2658,4199,2029,493,5871,5231,3951,2802,6002,629,1017,8827
1665,3458,10114,1797,2438,5128,1401,266,1674,3087,10257,3474,273,4120,1051,3357,9245,2208,5665,7206,1959,5931,8877,5169,5938,567,187,2748,316,3004,5823,6979,453,2890,716,7801,8529,339,6867,341,6998,1885,6624,7649,997,489,5610,2933,1912,8825
2176,2187,4236,6284,2065,7962,4635,7067,4636,4251,6303,8097,4515,934,7337,1326,3638,3641,8889,6842,1722,3005,3514,7360,9154,7492,2559,2636,6094,2126,5456,2519,8152,985,3803,1628,8544,8416,7783,3176,8425,4712,4459,7789,1392,4209,4980,2041,3326,1919
1280,1668,7432,6027,3983,8337,8596,6295,7967,6561,3875,7076,6309,166,9127,1065,2604,2101,7226,1723,2364,4028,4539,3785,5065,6220,10959,463,2514,1107,2393,1501,3677,4575,3554,610,357,7398,6247,9320,1516,3693,1774,365,5749,8822,8693,5372,5886,6655
4736,8069,1800,3982,1934,4111,6161,6288,3860,9109,6294,6552,6297,2207,6818,1187,930,5414,2473,4149,4022,6583,8122,5692,6345,460,5712,2385,3284,4951,3672,5975,4954,4955,5595,6110,7396,4454,7015,4326,744,3821,8942,109,10739,6388,4981,1655,5244,1277
8704,1921,3205,3590,5004,7438,5521,6164,4884,1556,5405,673,3747,4010,1962,4267,6140,4143,3376,3124,7988,8633,9146,2112,6722,707,8772,1225,5323,8267,1358,6353,82,6486,8791,2273,5605,998,1129,2410,4587,9196,1772,883,7924,4083,8694,7034,8700,3965
7302,2312,3339,4107,3344,6032,3473,3986,2455,2459,8092,4768,6945,7077,2857,4396,6447,1711,6195,2740,5044,1597,6724,7878,6599,3529,9417,1611,7501,6478,1359,5583,8018,5715,7002,6753,5090,5219,7779,3045,7269,3690,8175,10226,2419,500,117,1274,3708,7677
6913,6658,1032,777,1421,1550,8591,7055,3855,8339,1428,3221,405,662,2713,6427,6302,3871,7971,4644,3239,8616,2346,6060,7468,1453,2353,7032,2620,3901,6597,70,1740,8782,4180,10199,4824,2136,5338,5852,1629,3293,8924,737,4194,1524,6262,2296,4988,8319
9485,4622,2835,660,2198,6169,6042,9120,929,5162,7469,3768,56,3516,5824,3394,5718,4185,99,4844,3565,7412,7797,2294,2676
5640,1808,1943,666,2856,1705,4910,5554,825,7739,1345,1091,4423,3788,336,1366,4184,3037,1758,356,4842,2924,5116,5501,1662
5250,4483,3970,6663,1419,524,527,5264,7958,4630,7321,2723,8615,7084,2735,8882,3251,2611,5559,6200,4666,6077,5822,1855,6975,1215,1481,7886,1742,2643,3671,983,1370,3547,2652,8156,6235,4191,2527,3556,5735,5481,1258,4586,2420,9460,6776,10236,7806,6399
5504,2946,5507,9734,8967,2957,6678,8984,792,8479,5025,1954,6307,7975,4903,3113,2858,4522,44,4525,3887,2736,4017,9855,565,9399,6456,2490,2491,7872,3905,4674,2243,6467,709,710,977,5594,2267,5725,1120,4961,4704,8806,5620,1525,501,3318,2942,511
6662,2569,522,9225,5135,3346,2962,3477,3862,9367,7320,3609,4886,7581,3232,2849,7841,9123,4009,6697,5041,1334,7992,3897,5177,2881,2884,1735,5193,3147,7758,1614,5842,9172,725,2520,7388,2781,8040,2920,4458,5224,5098,1654,503,9466,5243,9212,2301,3838
6272,5633,5122,9603,0,8454,8071,3212,4108,784,4753,8465,2195,8852,4761,671,11552,6947,8996,6436,425,5419,7983,5553,3767,1083,1217,3778,4675,3779,1352,2257,6100,10324,724,2772,7896,9690,4957,9310,6367,9697,5988,10342,1386,5493,6391,3450,2299,2172
10112,6529,5258,5387,5645,5520,8338,2068,7327,4002,2469,3109,677,9003,8748,2094,1455,6193,8370,7860,6836,9400,3001,954,5563,1339,6461,3521,1602,2252,5844,340,4311,1496,8535,5335,5212,9058,8039,6376,1387,5355,1518,3315,5748,7283,4857,2170,6652,1790
1671,7818,6924,398,8463,5649,4242,10642,2836,5529,5919,5279,1571,933,2219,2605,688,7089,7603,1212,194,5058,322,3012,6086,8391,4547,3274,461,6990,591,5969,5586,2396,1505,8801,6497,2020,2149,3046,4709,6502,4584,3047,1507,9064,4590,4979,11383,3837
8320,5505,2305,7560,1296,6803,9619,3990,8088,9627,9506,1315,1574,6572,6446,2481,4018,9908,1078,8503,4792,6585,4542,5696,6598,3654,1608,7625,9543,1995,7372,8652,8141,6862,7251,7764,9819,7645,4958,2143,8545,4450,8675,5601,1893,3175,8815,2291,4220,6143
4732,128,2052,6277,774,5385,4491,9359,5627,1816,151,2204,8351,2338,7843,3236,8364,8493,1464,3386,8250,3391,4802,4294,5447,9291,3148,5965,7502,6222,6224,8916,2773,8917,2651,9052,7518,8032,5093,1003,2668,1644,7534,8304,8049,6130,252,5622,1403,2428
510,6409,5257,907,1172,3861,6936,154,284,7836,8225,4131,1190,5542,6311,10285,54,6584,8761,4283,4416,3136,6082,5827,708,6468,1220,6986,5451,1872,1106,2259,5080,857,6366,2911,7914,7275,8685,4334,1261,2161,4082,6129,6769,7029,754,1530,7550,3839
5248,1025,3459,10116,2057,3977,3468,6925,3727,3984,6930,8344,9755,11040,1696,6948,4005,7333,9639,4004,9773,7470,4015,9396,3893,953,7227,4031,4164,5327,6608,7506,2131,4567,4952,8284,9183,865,10594,8163,4065,5991,3815,5869,5616,3955,8182,887,2939,637
2307,3336,7821,9357,5905,5654,7063,6806,8985,12310,8731,5160,11307,1709,5422,1199,9650,947,821,8375,1211,3772,7356,961,2502,6342,3271,198,5958,9039,6738,3667,3156,6354,5214,7390,6623,6755,6124,2285,7793,369,1777,2037,4469,5621,630,890,5883,7935
4742,1799,11144,4748,3341,910,6158,3216,5136,275,11796,7319,7452,5409,11810,8229,5799,12456,1575,1066,3883,3122,9013,2358,6075,2238,6592,5184,5198,2383,464,7121,3662,4692,4188,9181,611,1892,11108,3683,7400,6508,4972,10990,1775,2163,2548,4597,9341,4351
12165,135,2567,8971,7948,4238,5777,7313,7700,7959,2329,5021,7582,2462,11046,12071,11432,2350,12079,11959,11193,3770,10300,2366,11584,1347,10823,10444,8399,7505,12754,10966,11223,11610,2268,7900,11102,12125,9702,7912,11246,10607,7153,7410,3953,6516,8697,7164,3709,3710
8450,12803,12422,7815,4360,5772,11669,8860,9629,12449,10915,9763,12712,11817,10030,9648,1968,12467,7987,12597,9012,12727,10808,7993,10042,2617,5054,12481,8262,11594,9168,8912,11089,10194,12372,10838,9820,11997,11103,12515,2404,6499,12263,11369,12270,10483,8692,7539,11126,11895
2055,3975,4490,7051,6155,5261,1549,6031,3600,785,4370,4499,2837,4118,3352,25,9498,1946,3865,4381,6937,8992,5920,5670,1447,2216,7209,5034,2218,3116,10283,937,5168,3633,6833,2099,1331,6327,2105,4923,2876,5179,3771,1471,3651,6469,4683,1360,5840,1616,1491,4434,6102,1238,1753,346,2395,6363,8669,222,9689,1376,2906,7784,1640,5353,6121,5878,1400,123,4349,2046,3327
5251,646,3207,775,1039,3088,1174,5655,11542,1689,2969,7835,4510,8478,2720,932,7719,8872,6823,2348,4526,5551,6268,6960,1459,5306,8383,8771,2376,1096,11080,3150,848,6227,5203,2775,4439,2521,1503,4451,2154,7917,3053,1263,1908,6132,1527,6008,2940,126
1028,6281,6540,2829,1554,3094,2199,3608,8730,1436,4253,3499,4780,3244,8109,7088,4531,3764,6074,2877,3647,7745,3777,8392,3401,8522,458,3019,1488,5713,7379,852,4565,726,2004,2646,860,6493,3932,8799,2141,1254,6119,5993,8298,3180,621,4978,5108,5245
1792,385,4,2054,4109,1677,1933,909,2577,7828,7445,919,4897,8226,9508,1956,7973,5550,7215,4144,1839,560,4660,9276,3644,1985,7746,1987,6344,4937,12363,1100,210,6612,3028,8790,6616,218,734,1504,10597,5865,5101,3695,3568,1520,624,8441,6397,7167
2179,2053,7687,3209,5770,7819,1164,1171,1300,6808,1947,1565,5790,2206,2973,1057,8482,5795,6180,1191,2474,1589,823,5819,6716,190,7743,1856,1605,1863,1997,8653,6607,4303,338,7519,3170,1762,7010,2789,1126,3559,7785,7662,4847,8818,5111,4601,2044,5119
1408,2306,9862,2823,9484,4749,2574,2324,8987,796,3106,8866,3365,2853,2730,3500,4012,686,5423,8755,3379,4277,4150,5686,6711,955,2108,8637,9790,8259,5964,2005,2006,7899,1244,5726,4320,6374,4583,9960,4473,1769,6891,5998,496,4725,7031,505,7674,6013
1536,8325,5260,2190,2448,2450,916,8085,2069,9364,5401,3099,2460,4766,8094,415,6690,5027,6442,7594,2987,10416,6192,4786,9264,3508,185,8121,10428,8640,1858,962,2886,7885,8911,4821,7383,3168,4966,2023,1639,3943,5738,2667,870,3826,9204,3575,8312,383
3971,132,2310,3722,10,9997,9233,11154,7574,6167,1822,7583,1568,6431,287,2852,6308,9128,5035,5420,1965,7346,4915,11191,3642,10939,6843,5697,3650,5316,7367,11216,6480,2898,8402,1240,5083,5596,220,1121,4324,2918,5608,1647,3440,1778,2036,2298,6142,3711
8705,8452,3079,6795,7436,1422,7439,7057,1048,7449,2972,7071,417,3621,3625,8236,8878,4528,4529,4659,3900,449,2882,1992,4171,8013,3534,2127,2382,594,3027,6866,7640,8025,8664,7007,5088,351,3431,103,5609,9966,7280,5488,8050,4210,1397,2549,1018,8699
3072,2432,3717,4229,1673,10636,6543,5525,2582,3866,4637,2334,4383,550,4646,4391,5288,8105,3496,558,3504,2996,7351,697,8634,5308,5695,8899,9027,3525,966,4421,9041,9302,8151,8024,6615,4827,2399,3686,6887,4070,1898,2546,7666,7028,4599,248,3452,7037
7936,6659,3208,6025,5003,1803,6156,4752,2193,8594,4241,6421,6422,2709,795,5789,6559,2975,6048,5666,9379,6175,6439,6186,6448,2741,950,2173,5437,64,6849,3398,7113,4044,3035,6364,4703,8672,4321,5087,8034,8294,2407,2539,9582,6511,4976,7669,4861,4862
4739,6021,2566,6918,1544,1929,9994,3850,9870,403,3478,4503,2332,6172,1312,5667,1703,5543,1194,2859,3628,4275,6201,2107,701,1086,3649,5314,2242,4549,8777,9803,1996,5197,3664,9296,7892,4062,3426,7906,7142,362,5228,6253,9967,4593,885,9590,6648,1534
7043,1284,2182,2950,393,6415,5391,8592,8212,7318,1561,6425,4252,540,5918,1570,1830,2983,6058,811,5548,1967,6453,1974,2492,9404,6332,3908,3013,1736,4556,4429,7377,5458,6099,7125,5974,6107,4061,7008,8288,3043,5094,4330,1902,6771,5112,249,6780,4863
7297,6786,6789,6917,7045,6152,396,10765,3342,6039,1559,10906,9501,3102,7455,6816,162,6949,4136,10921,7979,5297,434,2097,6325,4280,6970,7486,4930,6595,7369,8145,6231,11224,8409,5979,5851,8033,8548,5478,3688,10221,5613,8047,6257,2545,8689,8952,121,7163
7680,12288,7942,11529,3466,9611,6667,7817,10637,5651,3476,7315,2579,7575,11419,9116,8989,5662,3739,8221,5797,4530,11187,11445,2488,2618,7620,6087,9036,76,2894,10714,8029,3934,6494,4579,6371,869,3814,10601,3050,3051,4331,6637,7151,1523,1779,3958,9468,1150
3842,5639,905,9998,12561,6933,2968,1305,3483,9628,2974,4770,2090,6445,7086,2554,4664,5304,1592,6076,6845,11200,1095,5449,9802,5581,4814,206,10704,2769,2262,5081,6234,7898,6491,10335,2144,12128,4091,872,6250,4076,1006,5106,8052,2425,9082,891,8445,11774
8582,12426,3981,10125,6030,6159,6675,11411,11157,6935,12440,11673,2586,2587,1692,11420,10270,5658,9632,11826,6451,11702,3896,2489,5049,8509,5565,9407,11972,10567,5959,2889,6987,6863,6096,6865,5588,5462,8662,5849,11101,7517,9573,11626,4205,9199,10994,3571,8572,4991
3712,5376,6147,5891,11526,2183,4232,4871,2698,5644,12306,1812,5396,407,4888,11031,1307,11547,7837,10398,7713,4513,3494,8491,10412,9390,1327,2992,6961,7604,9525,11192,8895,704,6719,3010,8393,9931,9939,9814,7255,8154,8539,5211,9180,5234,9075,757,9205,2550
9473,8066,1029,7053,2445,12180,11925,9748,5911,6681,2202,1306,4124,8732,9249,11298,7079,2349,12465,5812,693,5174,9530,7866,10814,12611,10311,3656,6989,9556,9300,7509,3797,12508,5981,3423,9825,1890,11490,11364,7525,5863,9448,10217,3563,7791,10872,6138,11387,12414
9606,10631,1146,10638,8207,11536,10001,2321,11927,11933,9117,1951,7456,1825,10658,7078,11049,1578,6444,10673,10290,5937,7601,1844,2486,10295,9138,1465,3643,4543,3520,1730,12098,8900,7238,7368,2813,6351,5199,11090,731,227,491,12908,5870,8054,10871,3190,12666,10877
4866,8322,6407,12553,145,2588,12445,3615,11171,9383,2472,6312,298,42,7467,4145,9266,10417,4662,4407,2744,834,11210,8650,12620,11468,5200,9937,8530,4437,4694,7130,247,1757,6109,7137,4833,9188,8421,3944,6889,8042,11372,3436,10096,1137,3701,11639,7930,9463
9358,12815,11408,6416,12562,5394,11155,5269,12822,8342,3486,9630,7966,6176,12579,7724,9262,2478,12591,1716,9654,4411,11964,10689,9796,12870,2503,11335,2123,11595,3152,12752,979,4950,12382,10722,12386,2788,12517,484,12007,11746,10348,10093,11503,7922,245,1528,3322,635
4608,12036,5765,12934,12935,11924,9620,11414,12183,9752,3993,6298,10652,10142,3358,5536,5410,11173,3754,12077,10678,10169,11194,11455,4801,11457,7364,2500,11334,10183,9289,5066,1483,10837,1110,11095,10844,9821,990,11747,6500,10474,11627,9708,3310,12913,10996,3062,9335,12155
10497,9988,4101,6536,9738,6668,8975,10389,5270,5784,7065,12187,10014,7711,12320,10017,11809,11045,5030,5671,8361,10414,6459,11451,5701,5317,12103,9672,12234,12110,8019,9428,2517,5208,12120,8666,11357,6632,6512,2800,3697,10611,10740,11636,12662,12534,4216,3828,6396,12541
10754,6534,7559,8970,12300,4880,12177,9876,12182,12828,291,10916,6824,8489,7976,9005,10543,9521,11321,10173,191,12480,5186,3524,12228,10564,10437,11465,12362,1869,12241,9940,7765,6614,5239,12769,5475,2533,2021,4071,3816,10473,4200,5612,236,8303,10742,7927,10230,12921
1027,4484,10119,11655,12045,11153,10005,10007,7193,8735,4896,3104,3362,10403,5796,12710,2727,939,10028,10159,3892,3125,11065,12730,7228,1599,8001,8643,9283,4677,11461,11464,12619,11979,11981,10958,10703,11601,11731,1494,12118,9430,12251,3304,10092,622,6518,12024,9467,2047
1922,9218,11909,11782,6535,4488,11657,12171,12814,8211,12692,8598,9260,5677,10669,9911,8759,10427,12732,10687,10176,7875,12740,12229,9028,12615,9544,5705,10835,9683,11479,6879,10723,6116,8805,8166,10215,9831,6122,10475,12141,11502,12015,4717,1905,6259,4470,11513,11388,9726
8963,10758,8583,1681,4248,11036,10524,5029,4007,2599,6313,3114,10671,10672,7216,12211,12470,12473,8763,11835,6338,9538,12484,1861,6981,11848,11722,10833,5465,9050,11099,8413,11229,8159,7778,10979,9061,10854,6757,11496,10728,11242,12399,11761,6642,9973,12793,10491,6012,2815
12417,10882,12543,12554,12685,10382,11022,8721,7186,11795,11416,11545,12570,10781,12327,8235,12587,10158,12207,12208,12335,8116,11062,9143,1847,11705,10554,2233,4156,10550,10943,9280,12354,8519,10699,2764,11347,11737,11234,12514,12013,1136,9969,9073,10227,11890,10616,12153,11130,12799
12416,8065,11911,9353,5642,1809,12819,7317,10903,10908,7842,11683,10788,8997,12198,3878,12322,10027,12459,12717,5167,12209,12593,10932,11958,4024,7098,3773,11967,8769,11073,11587,11460,12099,11713,12490,12494,11221,11353,6876,10463,12389,8550,11881,12265,10985,11888,8566,11510,12157
3074,3460,3206,7178,2186,1680,1425,3218,2323,1302,2326,922,6682,3101,4653,6062,2863,951,5432,4026,3259,830,1216,452,2757,6346,6479,4432,3792,2001,6485,3159,2392,3416,7129,2011,3031,3453,87,1632,2019,8291,613,3430,4600,7146,1259,7538,6899,2164,2807,5240,2809,3196,2045
5889,2822,1289,4496,2961,9235,3220,152,665,2073,3098,2714,2717,5281,2977,7458,5156,1573,4518,6438,2342,3370,7475,2100,4663,4153,3913,4043,4428,973,3404,4687,719,4174,4435,3414,5206,4312,4440,2394,344,2780,7261,215,5983,481,6628,1001,105,7535,1904,2799,2808,4474,2427
7298,7571,5147,7326,1058,4519,8871,4905,1582,4409,4793,3648,4169,8781,1490,1618,2260,3160,4697,5343,5985,9447,367,6768,882,4212,758,4607
1793,9987,391,8,2446,149,2071,2457,4001,3233,1451,8238,9777,5562,3387,4680,7115,6610,10328,1113,8282,4189,6369,7408,7155,1141,1269
8321,130,1031,5256,6024,10120,6417,20,3867,8477,5023,2976,6691,1572,8356,2851,5289,170,1835,7466,940,5806,5809,178,6582,3895,1976,1084,10430,7615,7104,4161,959,8902,3655,2760,2895,847,6230,5847,2138,9435,7776,6112,4962,3042,486,9319,3305,10989,6510,2418,3704,7290,8187
6916,5510,6669,6286,1807,1687,4505,27,7963,8349,4638,5923,675,5669,6825,1586,5683,7095,8760,3385,5313,5953,4805,3269,839,9032,5577,5064,6347,1228,7373,3918,5709,5708,6095,3923,9811,4308,3926,6233,7257,3933,5599,2015,3041,4063,8800,8551,5105,1395,1526,8185,10107,9470,10879
8961,4999,11146,11789,8589,2189,9232,4881,4114,401,2841,3227,10140,10653,3742,8481,2979,804,3879,5673,4650,5163,8492,2870,12471,3128,7357,5443,10821,7877,455,2120,2245,9035,10315,5457,6228,1877,7639,7384,8155,9564,9567,9317,9577,3177,8427,4204,10223,11376,111,7409,3445,10105,1660
9858,6915,11019,9228,6028,2958,2320,10513,2710,8603,7708,10015,1185,9890,8740,2854,2343,7082,9002,9649,6581,6326,2869,3256,9781,1210,5434,7996,7222,6721,8004,11205,71,968,10569,8397,7375,9298,5079,9816,4064,4066,8059,8804,7910,4201,2921,617,8044,10220,10605,4463,8820,7035,6911
1666,10115,7810,7435,779,9868,7947,6671,5907,8083,5246,9114,10784,2337,9765,11942,9638,11176,10280,8106,7087,7476,4538,4794,10941,9278,8896,7105,11849,3405,11599,11857,2388,8406,7512,12633,12250,10203,11869,10974,863,2528,6625,9953,4452,6501,12266,6762,11118,1648,8180,5623,9976,7803,6270
4097,897,8199,12168,10507,9615,7568,7825,11919,11537,6548,10138,9248,5539,5800,2985,2480,10930,11448,9529,12089,3769,7613,5182,6591,10557,5185,8514,11077,7621,4678,5190,9546,9419,5069,851,9301,12378,9947,10207,7264,10083,6248,2025,9706,4973,9326,7024,10738,9586,12276,7282,12146,2034,11901
4864,9732,1540,1158,5894,3591,4233,7690,3853,5774,8335,3472,10641,146,10390,10396,1441,4258,37,4520,6314,938,7596,1197,5807,1328,5296,6839,4282,1470,2495,6463,4289,1732,3527,5196,204,6864,3537,6483,1492,4830,2017,7651,4585,3562,4974,506,3577,1786,4350
8448,5249,4744,9226,3731,1427,8981,2967,1303,1052,7709,3613,798,1440,5794,2083,7588,2213,4398,1073,5171,52,438,7735,4537,5949,8000,5825,7874,5573,582,8774,6093,4304,7254,1889,867,9701,6506,5994,3696,115,6517,7030,8053,6009,9850,9083,1916,2431
641,1796,2439,11279,9491,4502,1433,5019,6556,7325,3487,3110,9510,2598,5546,4523,3886,2864,8113,1329,562,948,3766,7223,6968,1721,1596,6589,7229,6204,7873,3265,1604,2885,8008,5704,2378,3016,10828,3154,3411,3925,8279,95,993,8417,2281,2026,380,5629
9600,8577,8195,6405,1542,5127,3976,5896,5000,1291,1414,4627,11038,926,4128,1953,6433,8993,4512,9381,3489,1193,5547,2221,4147,8500,7605,9526,4279,7864,440,7484,62,8525,7038,1235,3410,3548,6492,4831,7266,2276,3582,3437,6258,5109,9207,6137,1914,9598
2560,11778,9604,1160,1162,4237,11662,5138,8601,3482,1177,3612,4126,5285,1448,4651,6828,6574,2991,561,690,5043,5940,1591,7483,4419,68,1476,8648,465,4050,10975,9696,5729,5471,11619,5476,6370,5092,101,4456,1513,238,1522,1651,10612,5235,631,7419,1151
3845,11781,1927,3213,3599,5139,10263,6426,2077,7201,6305,8745,6701,1198,944,8885,4536,1209,9274,5817,7869,4544,6726,3067,4042,75,5068,4172,2638,5967,7890,5332,10198,6742,3801,3930,6237,9824,8289,3553,11749,9446,7401,5615,4720,753,6392,7289,634,1531
256,5761,1026,8455,2700,7693,6292,10262,663,8090,8347,2168,3870,7328,7597,432,3249,3380,8373,9912,10938,2174,7614,7489,9801,8138,6605,4430,7504,6609,4947,471,10458,7643,3164,2269,3296,1633,6884,6886,8429,2669,11123,11893,10488,10362,9595,1149,2302,11263
8196,5381,10502,9349,2056,7946,653,9102,7309,10255,10258,2453,10391,9370,9756,4509,6434,3495,9644,6575,10675,5556,12084,9398,9019,8764,1980,4034,2630,12492,8396,12238,11343,4941,7893,10840,9954,6885,6373,1128,7403,5100,11756,3564,10603,8560,237,4341,8570,1789
4353,11777,10883,10374,7177,12170,11915,12,4989,10384,12053,3095,12698,12059,9761,10791,2728,4008,9854,9768,12078,4911,4912,11313,7728,1081,10366,12355,10435,10181,3267,7116,11472,7888,8528,5843,10967,11483,10593,10980,8037,9959,8297,10346,7788,12533,4856,11005,7166,5631
4224,3586,8838,1804,5902,4751,4879,655,6802,8215,4506,2590,6942,4385,6946,6183,7593,174,814,8627,3765,1846,5046,826,1340,9021,3652,1862,3142,10056,2765,3277,6991,4942,4945,8014,2901,2137,7642,7641,1886,991,8930,2150,2279,1770,2413,3950,6000,6006,6390
2049,2561,6019,5635,6408,908,5900,14,7697,9106,2964,532,3734,1175,788,1817,1948,8734,5408,8610,9124,10020,9766,4902,555,5805,2226,308,8117,6330,2875,1853,4671,2623,9158,9800,3786,5454,4049,4178,8275,9171,4060,5855,5603,2153,2794,5995,5484,5487,8309
3330,7684,6148,7172,9483,3596,7181,4112,2583,3991,2585,6939,3229,2589,4639,9504,546,48,1841,6709,1206,9527,5944,5690,3002,8128,5831,4809,9418,10446,5072,6225,2129,4305,3670,2010,3420,2271,2272,4325,7145,3945,1645,6893,6639,7536,881,3187,3574,4859,9086
1669,9861,2951,7176,1801,6160,5117,786,7061,9239,3738,8606,800,2465,12068,10533,10278,11172,3632,6066,4020,2872,10809,5561,2494,835,5188,3657,7626,1998,6097,1362,8786,7124,213,6482,3799,2008,8028,5986,7139,4068,5221,3942,6379,3820,8557,4206,119,11004,9981
5760,11650,11011,6791,4492,5005,2318,1167,2066,7059,8468,10359,9754,11931,10780,5628,2718,5793,10786,10018,8612,10021,7721,4270,7991,10168,9915,5435,5310,6978,8003,8258,5571,9932,7630,4558,6734,1873,8661,3543,5602,7780,2535,11113,3694,4079,3952,9202,12151,5500,3069
1145,9986,11265,5123,8839,7050,1035,6929,9236,11034,8219,9125,6182,8870,43,4397,6065,1074,2357,11575,10680,5052,188,7742,9406,4160,2625,7107,6852,837,8389,5319,7884,10317,2766,5460,1365,6360,9945,1882,4187,1250,1895,8048,3059,11766,2039,2678,9849,6394,6782
2564,7301,3335,3848,7179,12044,9742,8082,9241,11676,3103,10402,8227,5157,806,9511,5417,4783,5039,10161,9397,2747,1213,10174,2497,4673,7491,4806,714,6091,7754,7755,7887,8783,4047,6872,9949,10334,5213,7138,5859,10087,2792,8937,7017,9331,5236,7796,9847,10620,5375
4610,8326,1287,8585,5002,4115,12435,10902,6679,8350,2594,4132,11044,4262,4389,559,10292,2998,3383,952,7100,5693,10566,4167,10568,10314,7629,8016,2002,4693,10072,1114,10331,10332,4829,3550,9438,3938,7652,4327,5351,3433,7915,879,633,3057,8179,8565,2552,10745,9978
8828,5377,8193,7171,7938,9608,5897,5775,1169,1429,920,8856,10905,10394,3484,24,5280,9380,8999,10537,6189,9517,3245,1202,10419,8887,1335,5815,1342,11198,8645,8390,7110,2893,10063,1232,4946,3539,1752,11994,2782,12028,1124,9956,743,8552,2665,10481,7932,8701,6654
2688,2945,898,7299,6275,6146,7427,8459,10381,10895,3602,531,10008,2845,3748,8742,5798,5676,10926,11438,7726,11314,691,7989,310,8120,9787,2111,10944,5698,5955,6854,5961,5833,9678,3921,10321,5976,1880,7386,7771,5474,1382,9962,2028,7152,10352,4852,10493,7678,7423
1282,7683,3332,12415,9866,10250,11658,523,5266,6676,7830,1431,9111,9368,11802,9366,8726,3610,6687,5925,1321,11569,563,7607,6071,5943,9658,1208,4284,957,2750,12095,10431,10040,11459,9669,10438,11975,6860,12108,720,7635,9557,6747,8285,3427,2532,11117,3323,6653,7807
7552,2178,3587,5129,7437,9230,5134,1040,7694,9874,3347,6036,6805,7448,8733,3108,9512,11306,173,11578,9916,4287,6336,9666,3907,9155,12613,8263,7240,6602,2511,11984,4818,9813,855,4573,7774,10462,6752,7648,10717,11622,10855,9575,5225,12010,4723,244,9844,6905,11002
7939,8708,12172,2061,6542,5647,7054,8978,6290,5015,9113,6815,672,8608,8099,8998,8614,12074,9131,5036,9645,6319,10799,1969,11064,10812,9150,9791,9920,12225,1088,11970,11839,5578,9935,9559,12638,10982,3303,7530,5358,10350,2288,3824,8306,9583,7160,11769,5756,7421,6015
6144,7940,2948,518,5384,10121,7048,4620,3091,8855,11035,1824,4259,680,3240,302,1200,11828,5558,10811,4925,445,3009,9921,4291,8134,7880,9807,11856,9170,11603,5459,6997,10066,9433,9436,1373,4581,2278,8807,7527,4457,9964,7660,6766,9968,4853,12406,6907,6014,767
6403,9222,9480,12425,10377,6922,11273,3340,11023,11541,8854,5144,11803,8864,8353,9377,11940,6821,8358,7208,9513,10922,2988,10364,9393,3636,10172,2754,4934,2634,9037,4046,7759,9936,12240,5584,8913,12500,8276,11098,2910,11360,3169,9961,12780,12654,9457,12401,6773,11260,12287
10113,4354,10755,7941,7686,7433,5259,2316,7184,2330,11546,12062,5534,5154,6179,4774,9129,11818,3881,11437,5426,8501,8118,8247,7096,12476,575,6851,9288,9545,2761,11852,12109,7117,9295,11729,3155,6739,10455,10329,9818,8796,12766,10846,8299,10477,5486,2160,5492,3193,6650
4359,6538,5899,10508,8716,5519,10770,10899,1301,2840,12185,7194,3481,6684,1183,8224,7716,12325,8873,9134,9776,10299,11580,10043,6206,10559,6850,8132,328,6475,10830,10575,12496,9297,6741,2647,11480,11867,9309,7135,5216,8803,11109,8423,8808,10472,9197,3823,4207,7537,11640
12546,10756,9991,10127,12176,3857,4623,5523,8853,12056,12312,6553,3355,12066,9636,10279,10408,10410,4524,10415,4400,10289,8242,9788,10813,11069,10050,11204,5700,2372,9412,8651,11340,10062,11342,10322,9687,10074,3199,11743,9569,8674,10082,7270,2538,9709,7407,241,11771,9982,5887
7425,8198,5001,11914,4876,8204,10898,12307,3605,9497,10651,11293,11423,12067,10544,6576,7602,8891,10875,5821,7161,11329,7361,8387,8775,844,8910,4815,8784,12624,6098,6617,4441,10715,11484,10845,6750,11617,4705,10211,9572,10340,10216,11754,7658,5357,9071,3056,12279,2681,8315
3203,9476,10247,3080,8330,8075,10124,10509,7698,1813,12054,7832,9883,8604,12191,8096,8354,4779,8876,10539,9004,12081,818,7730,5811,2485,6328,10301,8639,9924,4293,5830,8006,8009,10186,11212,3022,11733,9558,9176,1499,6108,7520,4967,11625,4715,2796,12398,10099,5495,10749
8832,11009,8201,10256,10768,10771,11926,11671,7447,7196,9373,7329,1699,9507,8488,9132,11182,8623,9651,7349,7232,1348,7879,11337,7370,8523,6859,6221,10318,10319,10447,8657,12242,11219,9427,5838,8921,4700,11358,9823,3679,5982,10984,6252,7020,10351,11760,8437,7799,10490,11647
2436,7556,8714,2314,11402,3724,3210,10388,9623,285,10019,2470,7853,4141,10925,10110,9779,1587,12216,4025,4921,9152,11458,12356,8520,8265,330,4811,1612,3916,7499,2256,7760,10578,10323,7636,7380,856,8925,8567,2402,11363,5989,7665,11121,10353,9717,10743,761,8829,10494
11010,514,3334,10887,4105,9865,12173,4110,6546,8725,10134,8214,11544,7576,1694,11935,5538,11042,12709,10149,7207,10920,7081,12330,12457,6958,9903,6704,9009,10171,6973,6464,11074,9160,7498,211,10581,5719,11230,10079,4836,5733,5861,8041,9067,8683,9707,12782,1143,9592,9469
10372,9224,139,402,1050,6810,2844,5406,10911,11425,9634,4899,5412,7205,3753,11948,3506,3063,180,9653,9910,12343,4402,4788,8506,3392,10816,10048,9539,9286,2246,6856,6985,6731,588,9421,3275,10836,7894,9943,11736,11616,11237,1384,11240,11500,10992,11378,5237,2935,11261
8451,8966,3464,7561,5388,11917,11406,5646,10764,10103,11799,5407,11811,10531,10536,5679,8111,10546,3507,11955,9284,11332,10309,7239,9927,1351,11845,74,12493,974,11988,3541,10712,8537,7768,3804,10204,12512,5858,8035,9445,10986,9455,7921,1393,10995,12667,11511,3579,11134,639
8834,9094,134,11528,12174,11666,11283,11028,1046,12055,12438,8729,9242,11929,7203,7587,11562,11052,11053,4782,9775,4019,8372,10807,1085,7359,9024,2248,5194,9426,3283,5972,6743,11096,10073,10459,8541,8286,9059,7655,8556,10094,7279,6897,113,2547,10484,12021,2293,10102,1532
11524,10373,6792,12299,9363,9493,9495,10264,7457,12195,12196,8617,12714,12201,10413,11568,10037,11576,9913,11324,8252,10047,9281,11969,7876,12741,11717,8904,12233,10060,12237,5966,11728,10576,1744,11739,12255,10849,10598,8043,12397,10991,10224,12145,2803,11254,10614,8057,12795,508,12159
6531,9091,8586,5515,11659,11151,7311,8851,5781,9621,408,9880,11163,8988,9244,8613,5161,11949,2606,12463,11952,8365,9140,12599,5689,7865,12603,8507,12605,9275,9665,12111,11600,11859,11092,11605,11007,8534,11611,7003,10851,7395,12006,3817,11119,9712,11122,11251,6902,888,11391
9857,5380,7046,4358,11785,11786,8843,10130,9492,10901,10774,10106,4773,12070,10152,8875,9263,10164,11446,10166,12088,10045,8641,11843,10949,11847,10441,10826,11723,11850,11851,11854,10445,11345,10449,12115,5334,599,10200,10209,5095,12775,11370,11373,11249,10101,5752,7546,7165,11390,11903
11522,12677,10889,10892,10002,6291,12178,12309,9879,2203,12316,11427,8485,11813,9895,7845,10662,10789,11435,11563,10157,11557,12214,11841,11716,10436,12746,12235,5580,9675,12114,12371,7762,9175,11993,11481,9951,6881,8290,12772,12390,12774,2923,12784,12402,2675,755,3956,8435,11514,11644
4615,1033,7945,11407,6799,11158,6423,3226,10141,10910,8991,3619,2339,3237,8874,9514,11822,11697,4787,11188,1845,1079,1726,7103,11327,8385,3780,10565,9422,10962,978,8658,4053,5845,11864,472,2649,7516,11236,8549,9060,11111,8933,5356,6125,9200,12273,3961,5882,8958,9215
12802,12547,12294,12806,11400,11654,9352,12813,12052,4373,9877,11033,12057,12699,11291,12830,10271,12063,11297,6435,10022,11047,12583,9771,6959,12083,12723,12735,5056,10179,10692,9415,12744,9162,10572,11992,11097,473,12640,5350,12135,2664,11112,12138,10091,11629,1901,10482,12538,11772,7551
11140,9735,10632,10759,6794,9101,7569,4244,12567,12573,11679,12193,3746,11558,5672,12200,12458,10031,11443,11699,6965,2871,10683,11965,3519,833,8905,10827,11725,9677,11218,12498,10710,12376,12762,12507,11998,4959,8928,10976,12004,12518,359,9576,9578,12522,5618,4472,12281,4987,12542
12032,4352,10246,11016,10249,9739,8089,11807,5282,12324,4904,12076,9389,11311,11312,10933,10553,11834,11963,12604,12092,11710,11070,11330,12227,12612,2119,5576,9804,10061,9810,11989,10587,7644,6875,8798,10078,11359,9826,10978,10210,8165,8164,12005,5992,10219,9965,6131,2038,9718,12537
11266,9219,8964,901,389,11141,8072,8841,11913,9867,8202,10510,8079,7699,3348,2839,10137,11688,11564,2734,7471,5051,10429,4798,2879,4800,6343,10952,12105,4684,9164,7247,10577,3026,12116,12756,2134,10842,2908,9054,7647,11104,7804,10338,8426,9329,1009,7414,11767,4730,4604
4995,2051,5637,4619,3467,781,1295,6928,1042,3349,3863,5785,537,3994,4378,3234,8355,1700,4645,7080,424,682,7338,6316,2477,1836,3626,1076,1594,3134,4932,7109,7494,3015,200,4424,842,5321,6088,1743,2771,2644,4566,2903,1754,3551,5728,2914,6244,3173,8938,3307,7274,4716,6900,6133,1012,5241,6395,509
2817,3202,516,2441,2953,8588,2706,3475,5268,277,3606,534,2331,4893,5022,543,292,1061,676,4135,1318,9001,3756,5294,7599,5557,1461,183,2232,3129,186,3904,4931,2558,1230,8404,3668,598,5591,4056,1493,7770,3418,4190,4706,5606,4713,3442,3699,3572,3700,3321,7675,4222
3841,3073,7044,263,265,3852,3084,3726,3980,5012,6038,2200,7068,802,7974,3371,5934,3631,8750,306,5555,7609,2175,577,2627,2499,3141,3912,6217,3576,8269,4307,2900,3451,1876,1109,4691,5337,5210,1502,3552,2915,5604,2791,6761,9323,2158,3314,1650,6263,8824,2042,2171,1791
7042,3331,2311,1292,658,6163,1181,8865,9122,5026,2721,809,2347,10156,300,4913,2737,1201,437,2487,8504,5818,3130,8124,6590,4929,2628,584,1101,976,3412,5077,3798,5463,1621,8920,3802,474,3033,4317,2014,3298,483,9827,2916,1894,1508,4073,4337,8564,2680,1657,8698,6523
2562,1412,3592,3595,7308,893,3217,2578,4497,5787,1308,4123,7074,35,5668,3107,551,3624,6057,7847,1454,8239,1467,2749,2878,6080,3906,1603,1610,1482,1361,3666,10070,4055,2007,3286,2397,10077,9695,7391,2147,4838,615,2152,7913,3309,5229,4335,2157,4219,3836,7549,1278,2943
6401,6657,4356,5893,1416,6282,2443,3854,9999,2959,9108,3997,5277,8222,2081,1827,3492,2214,2222,47,1071,5681,10034,2482,2484,9660,1725,3263,2684,3776,4427,7883,8780,4812,2253,88,7897,4698,4956,4316,3166,480,4708,7141,3813,3429,3432,8300,1773,4462,8946,7671,4729,4348
1794,1157,4746,525,15,7314,4629,9238,9750,5910,6047,2722,4263,3241,6827,6571,3374,8244,6199,8249,2873,6203,572,3645,4158,3646,2619,1729,2115,6470,1738,2891,4557,1102,468,4310,2139,4444,6365,2526,5857,226,3939,2146,7654,6636,1134,4592,4467,5238,1911,3324,10237,5503
8576,4357,4231,1163,6413,269,656,6674,5395,791,3225,413,2464,4130,548,2087,7592,2089,1580,6573,2860,3119,4399,4909,5175,7225,61,831,960,2114,7881,586,3915,1233,209,1234,5714,470,854,3417,6874,9441,232,4714,6378,108,9070,6513,2674,2165,4598,2682,6524,1405
3968,3201,1409,2691,772,7174,2184,3979,3470,8718,4878,16,279,4121,6555,5531,668,7838,7070,160,9887,7968,6557,5924,6393,7334,6577,6323,7733,7352,8636,2752,6209,8257,840,8021,8150,6232,475,2787,10339,4072,2922,3691,2156,1002,5363,2934,7670,7416,9465,1402,4347,4734
6400,11651,2692,1925,4868,4873,6921,6411,8076,1814,8231,1704,5885,6829,4272,4914,5299,5430,11319,8632,7610,1852,2493,7230,4670,5952,5057,8388,8005,9542,8776,9549,8398,8271,2639,2513,84,10202,1498,4571,8795,3680,10848,6242,3555,8419,7786,625,1521,2033,1011,3957,9085,9214
4480,1281,7813,6151,6280,5516,7950,7056,18,1682,914,2838,2458,7707,6044,7069,3999,3872,416,3618,2211,419,2085,3366,10151,3749,163,5418,2091,2551,3882,176,7090,2874,1469,2811,3528,6473,5962,5202,4306,3158,6488,3288,6236,5854,1759,1248,4840,8684,1260,4465,3573,3829,4726,7162,5115,6526
3078,1672,1417,3082,4363,7691,2702,529,5010,5140,5141,2072,7961,4890,1445,1067,556,7213,2990,3762,7859,1588,6069,4406,1463,7485,9533,5950,8512,4029,4038,10831,596,4309,5590,9688,3161,6745,4569,349,9566,3295,3294,9184,8547,614,616,1389,1519,5103,370,5874,5494,8310,6136,3962,6651
10880,769,9090,8711,9096,2570,8461,7566,3469,3728,4500,3222,5788,7199,9891,7459,941,2227,4533,2102,2361,569,8380,11197,4414,9279,6525,3065,9922,3011,3448,6909,7628,8400,3920,3032,7128,3545,1243,11645,11999,3424,3302,7405,1262,4078,11631,2929,1138,8051,4339,1142,3832,4345,7418,4475,9853
10505,7565,10511,11665,3219,6040,281,2715,3361,10530,7332,8102,3372,3373,8496,10291,4917,4415,12353,4162,9795,12739,11588,7366,3396,12488,11977,11209,11338,9292,6476,9038,5446,5331,10579,8153,11100,861,5348,1511,2024,10345,1515,11116,7021,10734,7663,9201,8434,8563,6772,1782,5879,6520,246,4733,4990
6402,642,260,2694,7689,6797,2447,2451,659,5527,6424,1563,1564,411,542,1055,4769,2724,2340,294,9896,168,4661,7862,2359,1590,318,10815,2624,320,3523,2629,1221,8907,459,2251,3538,7763,600,1626,5723,1883,4446,2660,741,6375,5096,231,2282,747,1642,1265,1780,8696,5753
6656,8064,5769,5392,4756,6677,8982,22,1557,6809,5661,4256,6306,5290,172,9518,8367,7727,3763,3510,7481,6713,8251,4668,700,1598,8384,4288,10308,8773,8135,1224,4426,4554,4300,3408,6993,6736,2902,2778,1116,92,3937,2786,2274,228,2534,3306,749,7790,6127,9841,7288,125
4737,9482,6026,5390,399,2580,5397,5398,5657,1309,2335,11168,8352,3367,2603,7852,1581,11695,7856,6838,11450,5567,5311,6984,9547,2386,7637,1622,9304,4313,1242,9307,476,9437,5853,2524,3835,4315,1634,8420,3557,9321,9835,10349,2925,1008,9458,8691,3186,3317,4982,4087,6139,5759
7426,4611,6278,11398,6793,10761,3214,1423,4367,11027,3732,3989,5909,8343,9499,6685,10526,2592,8484,1189,4517,7336,9641,8746,6064,7473,6586,571,11579,8766,6466,9413,326,9031,10053,8266,3658,11466,9805,4820,8412,10847,4192,5730,9187,7526,1127,8296,10090,4718,5742,5489,10487,11515
10625,3588,7558,5511,3721,10633,4658,9104,11921,10649,4634,8861,12192,8357,9894,10535,10792,9385,5032,8880,1458,11059,7347,9395,8245,6450,12600,10038,6578,7606,8758,829,4420,10953,10571,5324,5326,6707,1875,2132,9303,6963,10970,9062,9449,5227,2289,9714,11827,7157,8951,8184,6777,10878
4865,9607,5512,7944,4626,10386,10261,10006,10518,3864,11288,7702,1941,10776,8218,7710,9503,6775,2731,5165,946,8115,5814,9147,7870,8511,9409,1731,10822,4552,10440,8654,11214,5717,11222,9174,2265,8668,12126,9182,1630,2655,3681,8418,8161,10214,2663,5866,7531,6892,9837,12405,3703,9208
7296,7808,8709,12679,520,2185,8458,10128,7696,9494,10909,4382,6686,12448,545,7969,11299,10532,422,7341,11693,6317,7857,9139,436,11957,10421,9268,10296,9784,8386,1222,7496,11720,9424,11732,12375,10456,5593,1112,5220,9829,7399,10858,5867,12012,10735,3313,9842,5362,10354,4215,11132,6783
11136,12033,647,12809,12041,8457,10766,12304,11540,5782,5143,11032,8473,6938,4387,3363,10917,11431,10407,296,6699,12203,11308,9772,10802,2742,6072,10937,6202,10556,4417,10819,6083,12485,7752,3282,12499,12244,12407,10583,10972,7389,3165,2653,12385,12527,6384,11250,9203,12149,9206,12663,12283,10239
10496,11137,9729,11907,7428,12680,10504,650,11788,4625,9747,5912,10011,8223,9889,12194,9255,9897,4142,9774,8112,11824,12338,10548,10677,10294,4023,9142,9786,3898,12349,11581,1983,578,6084,8646,6601,4176,9553,4568,11232,10724,4198,8678,7016,9193,10089,11114,12650,8431,8688,12403,3189,6519
11393,8836,11396,12671,9736,11916,11918,5648,1939,8476,6814,9759,12832,3874,9762,12452,10405,12069,9892,7595,11820,8879,4790,7863,11063,9271,9914,10432,10945,12482,11463,9928,7756,8785,10451,8915,3157,10839,4953,11871,11105,12770,12771,3682,11519,11494,4710,10861,9713,11125,12790,10618,3707,8831
2304,6020,6150,8972,6670,1551,2449,2194,8980,2325,3479,29,1438,2205,157,290,5028,4516,6696,6185,169,9388,5804,4655,4656,6321,3759,2612,7478,3894,1468,573,5566,6462,2240,450,5572,8524,6733,8531,2515,3669,8407,4825,3940,1380,1256,10856,8169,6635,1388,8301,7147,2927,5359,619,372,7798,5758,7039
6784,1155,5252,4613,12551,7,3465,6283,4494,2832,11793,1299,8341,4374,9751,4249,4889,5151,1186,6449,9267,4916,2230,9017,2235,5181,4286,8770,7623,3145,6474,8055,4944,3281,5970,7292,5846,1881,4343,7132,10461,1246,4707,1509,1512,4841,4970,5230,10864,6898,627,628,4851,9334,7542,2166,1404,4221,6910
3329,5126,7047,4743,4872,6666,2830,2575,2960,4239,3736,5272,2971,924,4125,1310,2079,6178,2981,3238,4392,1837,46,3503,7474,8884,2743,1720,5945,3006,5183,2751,1857,12231,1354,3018,6477,6861,6223,4816,2641,5710,6869,7511,728,4696,4186,9056,994,3684,4965,488,4081,2931,884,3959,2429,1663
9089,6274,3076,5125,3462,7431,4487,5132,4621,4369,1944,2075,5276,1819,33,7585,3364,1958,4647,5926,3369,2601,12204,2093,942,3255,5048,1848,2369,6858,3020,1103,8147,6613,1367,8793,1369,1371,10205,3038,5987,5732,3171,4963,361,4075,1900,4461,494,8687,8559,6647,6011,4605
4998,8712,3856,6162,2963,3987,4758,1430,9624,4631,5146,2843,1820,7965,158,6043,31,9000,9259,1707,10032,3377,2224,5941,8631,6906,4027,4032,6976,4804,5445,5829,967,2250,1356,3790,1487,4431,80,722,2645,4699,7004,93,1247,1765,3692,7149,378,2928,6770,3316,6010,1276
3584,3843,6532,2824,1932,11404,1936,7954,8595,2040,6046,7584,1832,1714,5939,820,2613,11190,695,6969,11129,4667,4796,4159,7999,1474,2374,329,4813,4045,2897,3794,1749,6105,8158,6495,992,7392,8932,6756,9063,8939,2540,2797,4848,4208,6260,10100,4086,1909,7800,2297,1658,4094
4993,2434,1667,2435,261,3973,6279,8456,4616,8332,1806,10254,11025,2322,5754,2201,6811,7964,9725,9635,6564,7211,5293,6830,7091,11700,7093,8378,4154,2236,9918,10690,9923,4166,2758,10954,10956,3024,2642,2258,1750,6103,4828,8031,5099,2798,1390,3566,1270,10231,5113,5626,7933,9471
10498,6920,7304,5386,10252,7951,1784,8472,10393,5017,10523,7714,10787,9640,11184,6324,3126,9016,312,9277,6079,5439,11840,8898,5322,7928,3924,10965,9685,86,7000,986,5469,3422,10591,7009,1761,8167,6633,8682,6380,1135,5744,752,240,10228,1653,10232,8569,4346,9851,1020,254,8191
1537,2818,10369,10244,9477,3463,10248,8329,6800,10643,8213,10645,8216,4377,10012,7839,3744,4642,8230,10024,9770,5291,8107,8749,2989,8625,7219,9652,1971,4155,5820,6972,11199,1988,6725,4298,8011,4938,5834,3535,12243,467,11862,2654,4576,5217,9833,5611,7278,3438,9332,2421,1399,9977
4481,2563,2826,1678,271,6545,4117,1435,156,669,6430,4514,3490,1060,1450,6063,8495,4785,435,4535,4408,3512,4151,2615,10684,5053,3390,1727,1337,4546,836,6727,2505,202,6603,4555,5073,4561,4695,7127,3674,3419,604,1130,2411,4589,6126,2416,3441,10608,2292,2423,5499,7676,1406,4479
9472,5632,258,7553,259,3719,7306,2572,9361,3985,5653,5271,10522,1691,6683,6300,11037,6174,8486,678,1576,1322,1068,7984,11698,4404,1973,570,3260,2621,3138,7362,7750,5318,3272,4170,8395,332,1229,3919,9554,9682,4564,1624,7001,5473,363,9580,7934,2030,6385,4594,4850,6521,4092,7422
900,7812,7816,9098,6539,5901,5262,2833,5778,7955,6550,6807,5400,7450,6052,1316,7844,41,3755,8363,10541,2475,6320,1584,1970,945,6580,3252,442,8123,4413,11456,9667,7363,6853,8518,7495,1480,10443,975,4949,7382,6490,6619,9693,7903,2530,11755,5617,4722,1267,3060,9845,8562,8313,9596
4612,2309,1147,8845,782,2062,3086,7957,4763,7195,1053,9118,6558,2209,6050,6181,4134,10409,6187,5295,3889,5684,5685,12598,60,4541,8767,9535,1473,6337,1859,580,1986,7748,3783,6600,8256,8778,10059,5711,6352,9305,606,3040,9313,1122,10336,8676,3300,4196,10731,4332,107,3183,5232,12400,11763,4084,4213,6265,9723
12160,3328,12163,12421,9095,9356,9487,10000,9362,7570,10773,7190,9496,7705,6170,11164,11808,11424,12064,10275,5540,11556,11174,11304,5929,10801,11442,3123,9905,1600,11076,9541,9926,10055,9673,7114,5963,10955,334,11346,11609,12765,3039,10466,5091,9700,1637,5222,8038,12665,11115,10860,3054,10993,8307,7925,12286,9719,9593,10235,6398
2048,5638,6,4364,4877,13,6673,10260,4375,4633,5915,3611,553,2607,2608,7986,7732,3137,6977,73,4682,1867,1364,5973,3675,12384,97,2659,10596,9832,5997,110,3954,12150,9338,4486,5767,2697,2188,141,925,6301,7586,1701,4265,1710,2225,10420,5813,439,6333,5055,2496,3007,6085,8142,10193,5075,4572,8926,4319,10987,7150,498,4595,3320,1787,12284,1022
3714,2180,4869,3077,4103,5508,267,11278,9231,6672,8593,3090,8208,10132,3093,10520,4379,5916,7197,5149,1439,5024,10527,5020,8867,4003,5413,4006,3751,11048,6953,9258,7212,12333,5166,3120,6198,7224,9273,1978,12347,5180,6205,3133,6207,1982,7235,325,1093,711,7245,78,7248,9425,3793,5204,10453,7253,1623,11607,5592,11477,8792,5848,94,9950,9699,12009,11120,9072,8177,9330,6004,7286,11897,4603
5120,1153,4223,3715,9221,10503,10760,1545,2444,10639,8464,3859,3224,11169,2596,6437,2086,6956,7085,2223,2610,2228,3388,7233,5574,10697,12106,5195,1865,981,2774,3415,5464,2264,3162,3285,5215,736,3936,3935,5347,6627,7781,8424,875,2412,3947,8823,10360,12409,5498,11135
9728,8962,4870,4618,1547,11663,10515,147,917,536,8605,7454,3617,4641,9252,11954,6455,10681,5946,7995,8379,9793,10178,5575,6090,7631,9938,8532,11348,5716,6871,9047,3928,2012,9057,11107,12644,6245,3179,4460,7404,10478,2543,9710,9585,7794,7795,11382,9081,8317
11008,12039,6664,651,10763,8974,12302,10896,12305,8466,1937,12308,2966,11543,9240,3096,12571,9505,1915,1188,8233,10923,6903,3117,2862,9901,11179,7342,8753,9270,12483,10948,11333,327,8136,12745,12365,8655,10709,12629,3292,8542,999,11880,12528,11380,12023,12408,8571,11006
9601,10753,7430,12167,10251,11787,8722,3354,12443,12446,8862,10145,8738,12451,8739,12713,9387,10284,2553,12464,12726,9783,11833,6458,7611,4924,11709,12738,10691,4550,208,11473,9812,10584,729,12761,859,10713,3291,11745,8802,11877,11750,7918,9076,9720,1913,11770,6908,7293
5378,4227,771,4228,8842,7307,4362,394,7441,6943,5152,11554,6266,2471,1062,6310,5935,6835,10803,4918,8890,2363,2241,4933,2501,4165,3530,1613,8788,3029,7508,6999,3287,2140,989,7133,7262,8287,6113,6114,7907,7908,4218,6120,8170,11244,7276,5102,623,3308,3185,9975,1016,8442,2430
9984,4225,1676,1935,9234,409,5274,7323,6812,12061,5275,10529,6692,6694,935,2984,3497,4781,3502,10286,6190,5173,182,1850,2110,9536,10306,6214,1479,2124,9420,9293,7503,4051,5076,10197,2003,7895,10325,5209,7258,8923,2907,3290,5598,3808,1378,6883,2661,3818,9453,2032,9336,5881,895
5368,4098,8580,8581,9097,11539,6296,4891,12060,6173,11294,5278,32,4771,11555,9637,10023,12331,3118,8240,11322,6588,5191,3143,1099,4559,8144,11983,10068,9941,1374,3964,12649,9194,4095,6644,11000,5497,7931,8444,3455
7040,3457,6530,1538,4100,11013,6661,9863,8328,10378,11533,4495,5008,9618,787,11284,10003,9724,1311,8737,8098,5286,6951,11945,11439,3375,6322,9907,6196,9011,819,2104,8376,10748,11202,2121,9166,4823,7385,7513,10585,9440,9316,1381,9703,4329,10730,8809,10863,10225,2673,7027,4340,2932,5750,5110,11899,9980,12670,2687
4992,3969,9730,643,2,3847,8073,4745,6923,1931,1679,2704,911,4754,6419,8986,9372,3741,2846,1567,2719,1834,5037,2861,6962,2867,10165,3008,5059,965,1990,970,6988,9053,862,7904,2657,4322,3963,6888,8941,877,1906,2677,11003,763
7170,12035,2437,902,6023,3718,9992,8830,8074,10122,8849,9746,915,5786,5914,1690,8093,3614,12321,8868,4901,8103,4778,6059,2994,6089,3789,1871,8918,9946,5980,9828,8679,751,1776,12017,5746,7026,11892,9461,10486,9078,12282,8061,1918
