1665,1156,4617,3725,398,1553,1044,8471,3480,1561,155,1564,1568,289,2466,1570,1443,39,808,937,1450,684,1196,2098,5172,1588,1589,4665,699,2620,700,9790,5824,9282,1478,454,6728,4681,841,7627,1741,718,7250,9044,7767,1497,1626,9689,6878,10206,2784,375,6754,224,1257,1642,8940,3055,8827,760,754,2294,7415,1272,4985,1659
896,3589,6662,8840,4107,8703,3855,8339,3477,6166,4759,2712,5145,7706,3357,3232,8615,6569,3242,812,4013,3891,4792,58,3131,6847,196,4553,6350,1359,1617,977,6995,8660,7002,348,6496,352,4199,8039,8425,8810,2670,6382,2672,7284,2933,7801,2942,4351
7169,1668,3205,1165,1683,4120,7066,5919,4768,2082,8611,6955,7214,6200,7353,6842,6331,4926,8255,7872,5823,1855,6592,2888,1995,5198,6094,8529,8018,1107,980,341,8152,9308,1756,8540,2398,2658,1252,5610,759,1516,7534,2542,2671,1015,8822,8439,9466,8319
7041,3458,6533,5641,2701,3343,6032,1808,4756,3861,3990,8985,666,8346,284,1181,6693,1446,1959,1066,5931,4652,8752,7089,3004,2881,709,5193,6986,971,4943,1360,6354,4057,7515,1501,1118,4958,6624,5354,1003,8812,7793,7281,2419,2420,5880,1530,5883,890
4988,266,4491,522,1037,910,9359,3727,6042,6299,3996,3998,6561,4900,1958,3239,8616,1065,5799,4649,5549,2094,1207,825,3001,1092,4300,5327,3280,5456,850,5842,5078,988,3678,1888,2401,6882,3815,3047,3048,4587,1644,2286,499,8693,5877,1655,2300,7550
3585,5751,3977,5514,3087,5264,3986,3862,2041,4255,673,6562,3875,1444,2857,1705,427,6572,7337,4009,7469,3243,10033,2740,4278,5687,3638,1975,7356,4928,5442,1220,7492,2380,8782,336,1366,4185,4954,7645,5725,1120,7649,7529,5871,6002,2676,3830,2295,8825
6528,3590,7175,527,2065,6294,794,4251,2204,7067,929,6307,1957,677,3109,7465,3113,1962,5422,4910,4274,7988,3382,3000,3768,7226,1339,4539,5563,2112,710,1868,1614,1231,6222,3667,1495,4311,4961,5093,7398,5482,1387,365,4334,5490,3315,4980,9852,2301
2176,5507,1541,3337,907,4750,7055,4622,2459,934,679,1064,4396,3885,5933,5932,9650,2355,1334,567,6840,5569,961,7747,708,3909,6724,6599,9417,3529,3147,2636,1611,7372,4302,592,2904,6366,2143,9320,6377,874,5739,4458,5104,4083,2548,6003,3834,1919
5258,2187,5387,3984,2962,8596,662,8088,4635,5532,5501,7452,3871,6563,6446,2358,8503,6585,2556,6975,5060,7112,713,7625,3400,3788,6220,10959,2896,9172,7764,6359,4567,1628,1629,3293,4191,4704,3554,357,1768,2409,7789,3693,9840,629,503,5116,637,6655
128,2946,5385,511,524,9485,3471,8337,3350,1943,4887,8480,4131,1829,4010,4395,4654,1455,4017,5682,8250,5692,3394,1091,6213,4423,1225,8267,5071,1872,3156,1879,983,8416,4832,7267,7269,7397,2924,1261,4464,5748,1654,3318,5624,374,8694,5627,7294,9855
8704,5248,2954,3344,8338,6164,6295,7321,6169,9120,4002,4515,10148,4005,7849,4906,4522,44,1326,3887,2481,5044,8761,3770,2748,3005,9154,2243,460,2381,1358,5586,725,4315,3547,3931,1758,2527,2911,5601,99,4326,3176,1258,8175,500,1656,8700,1917,3839
3970,4483,2307,1671,5640,2569,5135,5007,2197,789,3221,7320,7961,1816,5279,7971,6948,9123,3112,8360,7468,1453,947,7992,2364,194,5058,4802,2884,8772,1606,3654,7501,7378,2133,3030,2136,5338,3803,6749,7901,8032,8801,4709,2149,5224,1896,9196,493,117
7682,10114,6277,2438,1274,3339,4748,5389,5645,8591,4644,7972,5542,6452,1332,4022,56,8889,447,4416,1347,6979,9033,5323,2252,7502,3023,5583,463,3662,339,4436,5975,2520,2905,347,3167,1507,5605,7013,109,8816,5747,1140,7797,7029,3319,3446,7034,7935
0,5505,5764,1797,777,4238,273,6803,7956,2198,8731,4636,5021,7582,7327,1696,5025,6947,3367,6697,4267,5169,5554,8370,6193,821,54,1215,1345,1602,322,6468,3785,2643,340,5335,8535,4824,8284,5212,737,6755,8806,6247,6376,1518,8944,6516,6391,9212
7302,7432,1421,3983,7183,3474,8852,660,7581,4643,164,933,7084,8877,1711,304,3376,1843,9908,3897,2490,8633,1723,2109,6077,192,5696,3522,3012,70,1735,5065,2890,9291,2514,4188,7388,5214,9183,7779,3556,998,2920,5098,4842,4844,2162,1017,4220,3838
5504,1025,2312,9225,2059,4111,8465,275,2835,2713,1179,9245,6303,8479,930,1571,7975,5160,9127,1452,2605,7340,688,3251,3893,5177,316,8893,5822,3905,6597,1355,1740,589,591,5712,2131,2519,10199,3677,2273,3709,871,2410,2029,5869,3953,1401,6140,3965
8320,1921,774,6663,510,5128,6925,1296,9367,8344,6936,9755,5409,7841,3747,6309,166,7077,7470,8882,4149,569,4283,5184,3778,4294,2502,7886,2383,464,3665,3671,2651,9052,8544,2913,610,865,8163,5735,3710,3821,8815,8049,2163,5620,9460,4857,2939,5886
9603,2052,7560,4108,5520,784,4242,1403,151,5529,9627,6436,2469,2219,5419,9003,7983,3767,953,1083,7739,4031,1599,3521,4547,4675,5958,3148,6990,2257,5969,6100,10324,8916,7896,9690,7518,9310,6367,6497,8675,3046,9064,1386,8685,3955,11383,2170,2299,2172
6272,5250,7814,8967,6409,7821,7438,2068,7063,792,7319,667,2346,10285,9006,6447,2353,6195,1077,4666,3391,6598,9543,1481,5451,6608,2259,4180,8791,1496,5852,8156,6753,4450,5219,4449,7914,2668,2285,1772,4972,10739,252,5622,2296,6779,2428,7677,7806,2559
1280,8071,1032,1550,5521,6806,4630,8984,4761,154,5405,8351,7843,8996,7076,6311,5545,1199,6836,3124,6456,1464,2491,1212,3516,3772,6467,7878,3271,198,8141,1742,9039,1615,6738,8924,4575,6623,9697,6502,10342,7657,4590,1777,6769,2291,883,2037,4469,5493
10112,8069,1799,7818,3212,9357,6158,10257,4753,1172,5013,7967,2208,8225,671,2723,425,6832,5553,50,5938,7860,565,1078,9013,3386,187,954,9795,6086,4041,461,5965,6862,5595,9819,4318,9058,5988,1892,4584,6124,3181,6130,4979,7283,501,5621,5243,4732
10116,9734,892,6924,2957,5777,6930,3473,4884,5905,12310,7836,1190,1575,1574,3883,7980,8493,9396,5559,6584,9400,6075,4028,2238,707,4164,1094,1106,5715,9299,5080,857,2393,5594,2267,4957,7390,4194,3175,7400,1897,7275,2161,6129,630,7032,5372,3326,6399
6913,12165,7815,135,2567,11144,7948,3341,3216,7313,5136,7700,11796,7959,2329,2462,8229,11432,12456,12079,4015,3122,11959,7227,2366,11584,10823,10444,7505,12754,7506,4692,10966,11610,2268,9181,11102,7900,12125,611,7912,11246,7153,7410,7924,4597,8182,8697,7164,9341
8450,12803,12422,4360,5772,1556,11669,9629,12449,9763,10915,12712,11817,10030,9648,1968,12467,7987,12597,9012,12727,10808,7993,10042,2617,8375,5054,12481,8262,11594,9168,8912,11089,10194,12372,10838,9820,11997,11103,12515,2404,6499,12263,11369,12270,10483,8692,7539,11126,11895
1408,1284,2054,7436,9997,4749,9484,2448,2193,908,916,2324,8212,3225,8986,8987,8094,542,6690,3106,6308,2089,2730,556,5423,9264,4529,2994,5686,1590,8121,190,704,1858,5316,2886,8911,6866,596,2005,852,860,9053,4703,3168,8672,6374,870,614,9960,5738,872,875,5998,496,7666,3826,885,7674,8699
3072,3717,9096,1673,3722,10,10636,4241,6421,5525,2582,8085,1048,4383,6431,417,4770,550,4646,4391,3496,1578,6442,7856,10416,6453,11191,697,10939,5695,3650,4421,7367,11216,9937,8151,6615,3686,1639,2918,2023,4966,2539,3440,2036,9204,4599,4091,3452,2173
9090,6659,1544,1929,3208,1803,5003,9870,914,5651,5396,2709,4503,795,3483,5789,2975,1312,5667,5543,6186,2741,6201,1086,64,5314,8899,4549,8777,5449,4044,9296,5081,3035,4062,5087,8034,3426,7906,2407,1770,1260,5228,9582,4593,8052,7669,5112,6651,4862
7297,769,2950,2566,6918,396,529,403,6422,7318,3478,1305,3099,9628,9501,6816,3365,7078,1703,7979,558,5297,434,2097,185,8634,6332,6845,9404,701,6595,9803,8013,3664,8145,6231,6234,6107,1121,8679,8809,4330,4205,6511,7028,757,9590,7031,6648,1534
6786,6789,902,9095,6667,9998,6933,6039,1559,11419,8732,5662,3102,4136,2090,6445,11445,438,2872,6970,6719,11200,835,7369,9802,9036,5581,206,76,8539,6494,9057,121,11774,4070,3814,8294,3050,3051,7405,5613,10221,9072,2545,6257,2425,2554,891,9082,4991
1540,9094,2183,8582,7689,12426,5644,10637,10125,6030,12561,915,11411,536,12440,5658,1307,11547,8221,10270,11420,9632,2587,10412,3119,6451,4406,11702,4280,9533,11972,10567,3528,5959,11722,9931,9038,5590,1243,9180,7517,861,8676,1519,1906,10994,3958,2550,1531,8572
9473,7,7053,11536,9748,12180,11927,4888,6681,11933,1951,1825,10658,11298,3494,7079,6444,9266,9138,5812,2486,10295,5174,1465,10814,1730,12098,8900,3010,7238,3703,7368,10311,5199,9556,7509,3797,12508,3423,227,11364,5863,9448,8042,12908,8054,10871,12666,11387,10877
7680,9606,8207,4880,11408,5394,11155,10001,12822,8342,7065,2588,3615,4896,6176,5796,11173,9383,2472,42,939,8235,12591,10417,9654,4662,7228,11964,9796,12870,11335,9289,8650,8530,9300,4437,7130,11746,484,12007,6889,11503,9463,7922,245,3701,247,1528,3322,635
4101,12934,12935,8457,6668,9358,8975,12815,12562,10389,5269,8473,10652,3358,3363,11045,8361,2478,12211,4407,11194,11451,10689,5186,12485,5317,2503,12362,5066,11595,5200,12752,2517,471,8666,990,12382,12386,11747,12517,6632,11372,3310,3697,12913,11636,12534,4216,6396,1149
8963,10758,7559,12300,12045,1681,11153,12177,9876,4248,12320,10916,5029,12710,2599,8489,10671,10159,3125,12470,11835,10173,12480,12228,6981,11461,10564,11464,1869,7765,5465,9050,10203,12769,9061,10854,2021,3816,4200,11242,10092,5612,12399,6512,11761,9973,10742,12921,12541,2815
12417,10882,12554,10382,11022,8721,7186,11795,11416,11545,12570,11036,12327,12587,12335,12208,12207,10672,7216,11958,11062,1847,11705,10554,2233,4156,10550,8763,10943,12354,6338,9538,10699,2764,11347,11737,8159,11234,11496,12013,12793,1136,9969,9073,10227,10616,12153,11130,6012,12543
12416,8065,11911,9353,5642,12685,1809,12819,7317,10908,7842,11683,10788,8997,3878,12322,10027,12459,12717,5167,10673,12593,12209,10932,9143,4024,7098,3773,11967,8769,11073,12099,11460,11587,11713,12490,12494,11221,11353,6876,10463,12389,8550,12265,11881,10985,11888,8566,11510,12157
1792,2561,2051,1527,1289,2697,2575,8980,2326,2714,29,1438,2719,290,10020,10533,2342,2598,2213,10151,2610,2612,2359,1468,573,1725,1856,2240,2114,1985,2245,1605,1863,1990,2629,6861,2515,1876,6869,2646,2010,1754,2395,2014,2659,1508,2661,1380,2279,1388,2158,2033,2423,2427,3196
9089,10755,8,2446,10515,149,665,3098,7963,5147,3742,10529,10402,10532,3495,10537,4905,2607,8760,10681,4793,2235,9915,10431,9793,7233,2625,4161,10565,2497,9031,10826,973,4174,6095,4687,11857,1618,9811,8531,10585,4063,7776,5343,5347,486,2278,10858,10477,2543,7408,9331,1526,2166,10748
10115,7435,779,11789,9868,6671,10768,2321,5907,6675,8341,10784,2337,4641,9765,11942,11176,10280,2608,11954,7476,6581,4538,4794,2496,6721,8770,10690,11849,3405,11599,8406,10455,12250,10715,10461,10974,863,6625,10596,6501,9316,12266,10605,11118,9710,10096,10864,1648,627,8820,5623,9976,1404,6270
4864,3073,3331,516,5637,4486,5894,771,4235,2706,5522,5780,534,2200,537,5016,5272,5149,2079,8355,2340,7974,294,4392,682,5804,8750,5294,4016,4913,4656,4785,10286,5046,314,3776,458,4682,2251,8269,9293,5713,598,88,4696,4698,5723,4317,8287,5728,4706,4965,8938,4474,6000,8698,2042,5244,4605,1406
7044,3980,3852,3726,658,5012,6038,2081,292,4135,9001,5934,3631,5681,306,5555,2484,2487,8504,7609,6590,3263,3141,584,4427,1230,976,4691,8404,1109,3412,2900,474,3418,3166,1502,480,3298,483,4708,3429,9827,2791,9323,6263,8824,4729,2171,2684,1791
5635,5125,4743,4487,5902,4879,4497,5914,5916,5276,1439,4514,3107,4902,4647,551,4781,560,4535,4408,5690,5053,5574,5831,3657,4170,5454,5711,5073,2003,4564,10325,4695,8793,4186,10077,5855,5603,5987,5732,7913,5995,8939,4461,2032,4594,10100,1909,5881,3836
2562,5638,4362,4364,4877,1936,5140,4629,5527,4633,5915,1308,4769,5926,9896,1581,1454,8239,5813,4661,6199,6203,9660,2749,5055,6080,1729,1482,7883,1361,5075,4435,5973,4572,4316,862,4319,3937,7141,4838,615,5355,5997,9453,3309,4462,5746,4595,5750,4219
6657,4356,5893,1416,2184,7308,525,3854,3982,2578,6163,6555,4123,7838,160,1827,676,35,3624,6571,3371,2680,1071,1201,4929,3906,2628,6470,3661,3666,4307,4948,8021,3286,7675,4055,2007,8920,2140,9695,3691,2157,5229,4335,4337,3576,1402,4347,893,2558
3201,7174,263,4734,2959,279,5277,8222,7074,5026,5668,3492,2214,10156,2222,10034,7733,437,7352,5818,1467,2619,186,3646,2752,2891,8780,2253,4812,1101,1102,3798,6232,3802,475,4444,3813,7654,2152,3432,2922,8300,8946,1650,8564,5238,7671,3324,1278,5503
4611,4869,3718,9863,4998,1423,2447,3985,5909,5653,4634,5793,4134,5286,1832,10278,9385,5295,3763,9907,5173,5685,12600,4668,5180,2110,5439,5567,4420,5188,5318,4426,4554,5324,2124,5326,9166,4176,5716,10070,1623,5848,1381,5221,4329,5744,3954,4346,5500,5117
772,1157,4746,6413,269,1911,7314,9238,791,9750,5910,7070,6047,2464,7968,548,7334,8231,1580,4399,6323,8244,5048,7225,8249,2873,2493,3645,831,960,5057,2115,3915,1234,854,4310,8795,9441,5857,8419,232,9070,2674,1011,5110,7670,7416,9465,6524,1405
3968,8576,1412,3595,3979,4878,16,5395,668,8865,3241,300,4909,2860,47,6829,6577,4914,5299,2482,2230,2878,1603,9542,840,6217,586,1738,9549,4557,2639,2513,84,1498,2139,4571,6365,7391,2147,5604,10339,9701,1002,4714,6636,1773,4592,3314,4598,2175
4612,4616,3721,5005,5134,5519,1935,5912,4382,5152,5282,5929,4778,5558,5946,1850,4925,9536,4673,5955,10053,5963,10317,4813,5459,10323,10197,5460,3924,4568,4820,5076,4573,10078,5216,9696,5348,5989,4581,5351,5992,1895,5733,5742,5615,5489,9845,2038,9336,4603
6400,1409,1794,2691,4357,4231,1163,6411,8718,5017,5786,413,9887,5924,4263,1704,7592,6573,10237,5175,8632,7610,1852,9277,4670,4158,5952,8257,7230,6209,8388,8776,7881,1610,8150,7549,2146,2787,3939,5730,4072,6378,5227,2156,6513,5363,2165,2682,5885,2943
4865,4610,11651,4868,1925,12679,5767,4873,6921,8076,4626,1941,1814,5024,4773,4006,9641,5036,4272,5430,11319,12347,8636,5056,4934,4938,8398,8271,5592,5209,1112,5211,5980,10202,3680,10848,9699,3555,9833,12009,10225,9330,4723,5362,3957,625,10232,11897,12284,9085
1793,9987,10120,1551,4496,2194,9235,20,3220,152,7326,3233,1058,1572,4518,8871,7466,1835,9388,1451,942,940,1582,9777,6062,7475,4916,1976,4153,320,2760,4680,73,7115,8524,4428,847,2260,5847,8407,4825,8282,2780,6369,613,1256,4841,618,8301,110,7535,6768,4343,509,4607
8321,7298,1155,130,5256,6283,6669,2071,3867,4638,5023,2976,5151,2851,8356,6691,5809,1586,6582,4409,5562,4286,7615,5953,3269,3655,5064,6347,5709,8781,2895,719,6230,215,344,1113,3160,9435,4697,3042,4962,9319,9577,105,5230,2418,7155,1141,758,3704,8187,7292,6910
5510,6286,6417,4114,7571,1687,2841,2457,3227,4505,27,4001,5923,5669,4519,8238,959,3648,8902,455,2120,839,4169,5577,5708,3918,6610,1490,3923,4308,3926,7384,10328,6233,7257,7132,4189,3933,2015,5599,5985,3041,8800,8551,9447,8427,10989,6510,367,4851,8185,9470,10879
8961,6916,391,11146,2189,1807,4881,401,8349,8477,8481,2979,804,675,3879,5289,4650,5163,8492,5673,170,6825,5683,3128,3385,3387,1084,7357,5313,5443,10821,7877,4805,9032,1228,7373,5457,1877,7639,8155,9564,9567,6112,97,3177,5105,7409,1395,4212,882,10105,7290,10107
9858,4999,6793,3465,11019,9228,6028,2958,2320,10140,10653,10015,1185,9890,2854,7082,9002,6449,9649,2869,6326,9781,3256,7222,5434,2870,8376,5181,12471,10430,8004,11205,71,968,6474,9035,8397,7375,9298,6228,5846,5079,8059,8804,4201,2921,617,10220,10223,6898,3445,7035,4221
1666,7810,5252,6915,12551,8328,7947,10513,8083,2710,9751,9114,8603,7708,1186,8740,9638,2343,8106,7087,9267,7603,3769,10941,9278,8896,7105,7623,10569,4944,3281,5970,2388,7512,1881,9816,11869,10207,2528,10083,4452,1509,7910,6762,8044,4463,372,628,9334,8180,7803,5246,6911
4097,897,8199,12168,10507,9615,7568,7825,11919,11537,6548,10138,9248,5539,5800,2985,2480,10930,11448,9529,12089,7613,5182,6591,10557,5185,8514,7621,11077,4678,5190,9546,9419,5069,851,9301,12633,12378,9947,7264,6248,2025,9706,4973,9326,7024,10738,9586,7282,12146,12276,2034,11901
8193,2049,9861,2951,7176,4745,9483,3596,4112,2964,3991,2589,8606,2718,3229,8610,2981,555,2606,174,8627,4020,3002,2875,10428,1853,2494,4671,8128,2623,6978,8258,325,9158,1862,7626,9418,9932,4558,7630,1998,6097,5072,80,2008,6105,9949,93,2271,2272,2657,4325,2153,2794,6379,8557,4206,6893,3952,7536,5487,3187,4081,8309,4859
5760,3203,2564,8839,1035,12044,9230,8082,2583,8219,10910,8868,5157,6182,8612,173,5039,6065,2357,10168,10680,5435,5052,188,9406,6336,4160,6466,837,4806,5319,6091,4047,7887,855,6872,6360,1882,4187,6752,1250,5859,7017,4718,113,2929,8307,3059,9849,10620,3069
5377,5123,7171,8326,8585,5897,5775,10895,1169,12435,24,920,8856,3484,4639,8224,5280,2594,8227,8999,5676,10419,2998,5815,5693,1342,5571,6852,8645,8390,7110,10568,7629,10063,10321,4818,3543,3799,7386,2782,6881,10851,1124,11749,2665,10481,244,633,9978,8701,7678
2178,7683,8708,898,5129,523,8459,7694,5266,147,6036,3602,9366,9879,531,3610,8605,3108,7845,8998,1208,8120,957,10045,12095,9920,8641,6653,9155,12613,9669,8263,7240,10438,12108,10842,8285,10717,7648,2532,11622,3303,1382,5225,9962,11117,10352,9844,3323,8317,7807
7939,3587,7941,518,2061,6542,7054,1040,8978,3091,767,11541,1046,9874,3347,9113,672,8608,8614,11564,9645,11064,5689,9916,1213,9150,9791,12225,11970,3907,5578,11723,11984,9436,7774,1122,9575,7530,12010,9580,5358,10350,9583,8306,5618,12406,10743,7160,5756,7421,6015
6403,11141,10373,9608,11273,6922,9480,11023,10905,11803,8864,9377,6179,11940,6821,8358,3881,9129,2988,11437,2734,7471,9393,6014,3636,11957,7096,2754,2634,12109,4046,7759,12240,5584,8913,9037,8276,9818,11098,12766,10846,11360,10472,8299,12780,12401,9457,9329,6650,11260,1918
8832,10113,4354,7686,7433,6538,9867,10508,8716,2316,4623,7184,10899,6553,3481,12185,6684,8096,5154,7716,4774,11306,10410,11818,4397,5426,8118,8247,11580,6206,10559,575,6851,9412,9545,7754,7117,10830,2647,11480,10329,11867,8796,9309,9826,10338,8423,7537,241,4472,3193
12546,10756,9991,10509,10127,12176,3605,8853,12056,12312,3355,12066,9636,10279,10408,9982,10289,8242,11955,8887,9788,10813,10816,11329,7361,11204,11845,9286,8775,5700,2372,8651,11340,10062,12624,10322,10836,9687,9176,10074,11484,3804,3199,9569,7270,9709,7407,12021,11771,11134,5887
7425,3080,4876,8204,7698,12307,1813,7447,7832,9883,9373,11293,7329,11182,4400,7730,5811,7349,1088,10050,4291,1348,9924,7370,8523,844,6859,5838,10447,7760,9426,6098,7380,11733,10845,5982,11743,3679,4705,10082,10211,9572,6750,4967,10984,10216,12398,9071,3056,10749,11647
9592,7556,3334,10887,11402,3210,6546,1429,10134,8725,11544,5534,11042,12709,7207,12457,6704,1202,10171,6464,11074,12356,1222,7879,2761,7498,330,11337,7499,10318,4946,9427,211,12242,8921,4700,11358,10079,9823,4836,5861,9961,8683,6252,7020,9707,10351,9067,10353,11640,9469
11010,8829,8966,7046,9865,4105,139,10764,10103,10771,2844,5406,5407,6815,11935,9634,4899,1694,5538,10920,11948,6958,8623,9903,4402,180,9653,12343,10048,11458,9539,2246,1351,9160,6985,74,3275,8265,10581,5719,10204,11230,11237,1384,11240,9455,7921,5237,3063,12667,11261
8451,3464,7561,5388,11917,11406,5646,11666,11283,11028,12438,11799,12055,11811,10531,10536,11562,5679,8111,10546,3507,7359,9024,9284,11332,10309,7239,9927,12493,974,11988,3541,6743,10712,8537,7768,10459,8286,12512,5858,8035,9445,10986,10094,1393,10995,10102,11511,3579,7932,639
8834,11524,6023,11786,12299,12174,5647,10264,8988,7587,12324,8617,5161,11052,6189,11053,9263,9775,10164,10421,10166,10807,9275,8252,11324,2750,10047,9281,7235,7876,12741,2248,12233,5194,12237,11728,11859,3283,10200,12255,10209,7395,12006,12775,7655,3817,12397,10734,10224,508,11390
9091,6792,11785,11151,7311,9363,9493,5781,9495,10901,7457,12070,8875,10413,8365,12463,11568,11949,11952,4019,10037,12088,9913,7865,8507,9665,11969,11843,11717,11847,8904,11850,10060,5966,11854,11345,11007,11092,11605,599,7003,11611,11739,9059,11370,11373,11119,9712,11122,888,11391
4358,8586,5899,11659,5515,9621,10774,11671,408,9497,9880,11929,9244,8729,12195,12196,8613,12714,11446,12599,12603,12605,10949,10441,10314,11851,10445,10576,1744,10449,5972,8534,10073,8541,10340,10598,8043,8556,10991,11903,12145,10484,10101,10614,2293,11254,8057,10106,5628,7165,12159
4352,12032,9857,5380,10246,11016,10249,12178,10130,11163,11807,4904,10152,12330,12201,9389,11312,9140,10933,9910,11576,10553,11834,11963,11070,11710,12227,5576,9675,10061,12111,11600,9810,11989,5334,9175,6875,7644,8798,10849,10210,8164,8165,12005,9965,6897,11249,2803,11251,6902,12795
11522,9352,10889,6794,5259,10892,7437,11400,10002,6291,12052,12309,12316,11427,12325,11558,10022,7208,10662,10789,11435,11563,10157,11557,10415,11443,8501,10040,10299,12092,10179,11716,10436,11975,328,2119,9415,7635,12371,11481,11359,8674,5350,12390,2538,10219,3823,12402,8435,3956,9718
12802,11140,11654,12806,10759,9735,9739,9101,12813,7569,4244,12057,12830,11679,12063,12193,8354,11813,11047,12200,5672,12458,6959,10031,11699,12214,10875,3519,8905,12235,9804,11725,11342,8910,10827,7762,11219,11992,11097,11998,4959,8928,10976,9951,12772,12774,2923,12784,4987,11772,7551
12547,12677,10632,12567,12699,11291,12573,11297,3746,6435,8485,12583,9895,11311,12723,6965,2871,10683,12604,11965,12735,11841,11330,833,12612,12744,9162,12746,10572,9677,11218,12498,12114,10710,473,12762,12507,12640,12004,12537,12518,12135,9576,9578,12522,1901,11629,6131,12281,11514,12542
6656,9984,2818,2563,3076,6020,5126,3462,9088,5002,6539,2572,7306,10252,4369,4117,6300,6430,2590,4385,2211,6183,2601,2475,6063,7984,6066,2227,1973,1206,4151,2615,6969,1594,2363,9279,6337,9922,7362,6727,2505,78,7248,9682,7127,9688,7001,1371,3038,10336,7780,6126,623,8179,7796,1660,4479
10369,2434,1667,2435,7307,11404,4494,11793,7954,1299,5754,7830,8472,2201,4249,10523,1430,10775,31,8107,7853,11184,11700,7093,4154,6079,11840,11199,1988,4166,2374,1356,3789,4045,2258,467,722,6103,7516,2654,1246,7903,2540,7278,2798,752,1390,4208,8687,3316,1653,7152,8055,5626,9851,9725
1153,641,3969,644,7735,1291,909,11279,8335,3600,9491,4502,3612,7709,3487,5794,932,9510,1447,9258,4523,9518,1328,8113,5171,948,3766,7223,6968,440,826,9273,1596,9276,62,7229,4537,1470,1471,1604,582,8774,8008,3016,2378,10828,3411,3925,8279,9305,6492,1757,95,993,2281,2026,1400,9083,380
8577,9604,9221,1542,5896,1162,9611,3599,9236,10263,540,2077,1309,1151,4512,8993,3489,9637,1448,4651,5547,6574,561,1074,5043,690,8500,1463,1079,1209,7483,68,1476,4172,6605,9297,4050,979,6742,5471,3553,5729,6370,7266,101,3943,3820,3437,9585,1651,10612,9207,631,9208,1018,7419,7166,9215
256,1026,1027,8455,7177,1033,3213,9231,5139,12698,12059,1306,9242,6426,7328,9761,6434,9249,10791,2728,9768,8745,6701,9262,4911,4912,11313,944,5556,9270,1081,9274,9280,4544,12355,3267,6726,9288,7116,9295,5967,5843,5332,10458,11483,3930,8289,8037,6885,9446,10346,5100,9197,1262,11893,12150,634,4989
11650,3330,3332,3845,1927,11658,3214,8593,5138,3731,3226,411,10780,11038,6942,4128,6305,2470,3497,6828,2221,9774,3502,11695,11697,8495,7605,3510,3512,10809,11450,1340,10684,4034,10306,10308,2885,2431,2250,10059,5068,8525,332,3277,1235,2902,3415,2524,3548,8158,3040,2276,8420,9828,1127,3562,8429,3441,3186,5235,4086,2687
5761,10372,11398,11528,650,8458,2700,7693,11407,6292,8090,8347,11546,7201,4517,3240,3245,7597,11569,11442,3249,3380,11575,11578,8764,10301,7614,7869,7489,11459,327,11720,8138,10186,11466,75,3022,11472,6609,11346,11603,11732,7890,11477,11607,8528,11609,11101,3296,1633,8549,2535,7401,11754,3179,9193,4720,753,11123,3067,11644,2302
11777,4353,10883,8196,5381,10374,10502,12170,11915,7946,653,9102,7309,10384,10258,12053,2453,10391,3095,9370,9756,4008,1789,9854,9644,12078,6575,7728,432,10675,12084,8373,9398,9019,10435,10181,2630,9801,4941,11343,7888,7893,10967,10840,10593,9954,10980,6373,9959,1128,7403,7788,11756,3564,237,8560,4341,4856,5113,11005,10366,5631
3584,4481,9986,6274,9992,1545,8842,1932,5132,1678,3856,8208,6162,2963,3987,4758,4631,9624,1817,5146,2843,1820,7965,6046,158,6043,4506,10018,1819,6564,9000,10032,3377,1714,7219,820,5941,1845,3255,8631,1848,6906,4027,8890,1727,6976,1474,4804,5445,5829,967,329,1737,1487,4431,2897,4178,8788,2645,1367,10072,4699,1886,6495,3171,1765,8442,3692,2797,7149,2928,6770,6010,1276
1537,10498,10244,9477,261,3463,10248,8329,8456,4359,8332,1806,6800,11025,10643,8213,10645,8216,4377,6811,10012,7964,3744,9505,7714,9471,1316,8230,10024,9640,9770,5291,2989,9901,6830,5293,8625,9652,312,4155,5820,6972,2236,2758,4298,8011,5834,3535,9935,10066,12243,9554,9685,11862,86,9946,4828,8031,4576,5217,7009,1761,999,5099,4460,3438,240,9332,2421,10228,1270,1784,9977,8191
8711,8712,10254,2066,4115,532,6676,8726,7194,8733,33,12333,563,10292,8766,6734,9807,9813,604,1634,9835,111,6773,119,1145,125,8830,8849,8851,663,3738,156,669,8867,8870,168,8873,8876,691,695,12476,9918,8898,711,714,10956,3790,720,1750,8918,728,4829,1247,9956,228,743,749,8941,751,761,763,254,7938,3340,271,12062,5417,3383,10043,8518,12115,9559,3420,5986,3942,11113,361,8562,8565,378,4993,7553,1969,1971,5561,8682,494,1522
2689,3591,2696,3211,2969,2458,10779,924,2205,2846,2336,2467,1955,3366,3238,2216,1960,3370,2091,424,1320,2990,2863,2096,1076,2874,3517,3135,2685,2757,11080,842,3403,1999,3027,1747,2901,2644,2775,3159,2521,3325,3416,3453,1759,2660,2405,3430,2793,2154,2927,2931,1012,2805,2940,3581
2304,1273,3078,2441,3467,781,1295,3215,2449,1042,3475,3345,277,3349,3479,1944,2331,2075,1950,1700,1061,2212,1319,2604,2737,2232,3515,2876,2365,3390,2622,1857,2753,3140,200,1993,2632,2637,3150,1743,2385,2771,1621,1493,2396,3551,2537,2414,3570,3442,3572,2035,2807,3321,2941,11135
8195,132,265,2443,5260,2190,2702,10639,9233,9999,1039,3222,919,6425,3866,2720,8866,7459,8226,9122,2085,6823,5288,3244,6192,4786,8755,1716,4277,5819,5950,318,2624,3008,9027,2627,2499,4038,7885,4821,6488,3161,4827,5854,3552,8547,2789,1898,2412,1389,4847,4465,2549,4473,1658,3451
3329,2690,4739,3460,3336,2570,9994,3468,8972,3342,2574,3470,9108,6175,287,2592,3360,5027,6048,6439,9128,2477,3374,6448,1713,3508,2613,3509,2996,3259,1980,3261,7486,3264,3448,1608,3273,4171,3404,1997,2382,2508,9302,9049,2526,2399,2408,3305,10856,3307,2667,4332,1134,2159,3320,9214
3459,11013,11533,3219,11284,12182,5782,2715,9630,3361,1954,9379,8105,2987,3372,10028,3373,11439,2349,3375,10291,9780,2101,3514,2107,6076,11202,10178,12611,3138,3396,966,11338,3149,7631,8019,2772,3414,2006,3417,8409,7898,2020,2024,3434,10987,6250,6253,11376,10226,3571,10996,248,3450,1020,4861
1282,2309,134,10250,12,8592,787,2580,1431,9111,10141,8734,5408,2339,5925,3237,8874,11822,1327,4782,9905,819,11188,8372,7607,5944,2744,10938,8379,8380,1085,5310,4543,11327,5311,191,3780,6988,204,10446,4305,978,8786,11864,2649,6745,472,5593,9821,9824,3427,11236,6886,5484,6125,10478,7279,8689,7794,2547,1399,8312,5882,9723,1532,8958
4608,8448,6152,9738,8461,12306,7449,1822,7455,546,12579,7976,8746,3882,9005,2102,2618,5697,4162,3398,12103,2889,12620,12110,12024,9041,2898,9814,8790,3934,2144,609,354,8803,869,8808,363,3436,10348,621,622,624,8818,9075,11639,8823,8828,2432,642,3971,6021,6534,646,6025,911,659,7574,5270,1692,7583,162,5797,6312,7346,950,11192,7866,5308,11197,3006,9407,8639,7364,3525,965,11210,8396,10958,1233,8402,9428,4309,9940,5851,6109,11999,4579,8421,8684,2800,5874,8952,249,6142
6784,4417,2694,4872,7628,8014,1619,8089,3101,163,5296,7859,2742,2743,2557
1536,9600,3586,9730,4100,1414,2439,3976,1801,3079,3207,2445,1679,8466,1427,1682,8981,2838,1433,9498,3228,1052,3999,1440,419,1445,3625,3626,176,1457,3762,2492,1469,1871,1488,3793,1491,1492,2264,2778,220,349,1504,9184,1254,1511,8424,235,4076,3053,9966,3568,1265,3317,1142,506,4093,9598
9728,5120,12288,11778,12039,10760,10503,10763,8974,8464,1937,12308,12571,12187,7454,3617,4007,8233,10923,11179,6903,7342,6956,8496,8753,2223,952,3388,12483,10948,5575,12745,12234,12106,9292,9938,981,1494,9047,5464,3292,4061,4066,6245,4071,11880,1515,12528,9201,8434,7795,1138,11382,12023,9081,9595,11004,7293
10753,9601,7430,12167,6664,10251,11787,651,10896,8722,2966,9240,3096,3354,12443,12446,8862,10145,8738,12451,8739,12713,9387,10284,2553,3117,12464,12726,9783,11833,6458,7611,4924,11709,12738,10691,4550,208,11473,9812,10709,12629,10584,12761,729,859,10713,3291,11745,8802,11877,11750,7918,9076,9720,1913,11770,6908
260,2444,1292,1549,143,10638,2323,1685,1302,661,10390,1689,922,1821,2083,1573,2088,2348,1324,1964,1836,2352,1972,1846,2046,443,2495,1984,1472,66,2498,324,1989,2376,1865,82,8405,1372,1377,1762,1894,233,1899,1904,1908,2164,2551,1275,1916,766
2306,2179,1795,1286,2060,1933,2191,1684,2199,2455,1945,8220,2206,8736,2338,1956,1830,1834,1709,2093,1967,2354,2483,10165,9399,1719,9146,5307,1211,2369,2123,3151,9681,2518,985,2011,1885,2141,2148,2533,10597,8293,1769,1771,1774,1392,242,1525,2045,1535
2182,10631,10378,10122,10642,1428,2069,10262,1690,2332,10360,2460,6559,2335,8097,1965,2350,10290,4530,1844,2228,2488,2489,5437,9283,2500,1861,1731,1352,10697,1996,8399,213,2391,10714,10335,8033,10594,3938,10601,10730,10093,1902,1521,2168,10362,1915,9981,2174,2047
10497,9988,11909,11782,4488,11657,905,12814,12692,8598,8854,9260,5677,10414,9911,8759,9658,10427,12740,12229,9028,12615,9544,5705,10437,11852,10835,9683,6741,11479,6879,12128,6116,8805,8166,10215,9831,9702,6122,10475,12141,11502,12015,4717,1905,2160,6259,10740,4470,11513
512,1796,6405,4615,3848,7945,9226,4367,1300,4373,6677,1303,9499,798,9503,6687,1057,9507,7203,4389,811,6187,7211,4398,7727,1329,562,1331,52,1591,5943,1337,4414,7748,6987,4430,6991,1104,7763,8024,1114,12638,4446,867,6756,1126,8297,115,7030,4218,4223,9349,1158,1160,4751,6799,917,1177,9381,1191,1193,938,5805,1200,4787,3765,6071,7864,7103,8907,6860,9421,5845,1240,8417,4322,5356,238,4079,9461,9468,12287
6531,4995,6151,6153,7178,7051,5516,7950,6031,7056,4499,5656,6937,7707,7069,5920,6946,5028,5670,7593,7209,7212,6316,4527,4663,6839,6713,6327,5179,5312,6210,6469,5063,6600,6088,4555,4683,5196,6736,4816,7634,6864,4945,7253,7641,4058,6363,7642,7261,5353,6506,107,4716,884,5365,4858,6526
4992,5889,5251,5769,6795,4365,14,7439,6419,5245,6808,6809,7323,6556,7197,4766,6044,4895,9508,6521,4393,5420,7596,5037,1839,6960,6711,5945,6074,6589,6849,7113,5202,6483,6612,6485,7254,7039,6616,5083,7007,5215,7519,7651,6627,6883,7146,5101,7151,5488,5108,6517,5753,6268,6397,7167
4480,9219,7043,7813,7687,7691,6156,6797,6415,6416,7057,5010,7315,7445,6167,7325,7071,6433,6314,5035,7594,7213,7085,7215,5418,6833,7090,6962,4659,7484,7485,6525,6588,6716,6219,6989,6607,7377,7379,6099,4947,6614,7383,7640,4569,7008,5609,6891,7150,5494,7159,7162,5115,7548,6909,7038
7426,4867,6148,7684,6917,5639,6407,7045,7172,7565,7697,7059,4627,7575,2585,6392,6692,6949,6694,6437,5413,7081,6824,6709,5814,6455,7224,7481,6977,7366,6473,6603,7503,7504,6225,6865,6482,7124,7637,7128,2137,7258,7139,5476,7142,6759,7404,7663,6642,7027,7414,7542,7288,7289,7418,9086
7427,6791,6672,6929,7702,7576,7193,5274,6939,6812,7199,7456,7586,1189,8102,6953,7341,4783,5937,7601,7473,7604,9397,6325,4664,6586,9787,4796,4798,7232,6850,7107,7884,8400,3032,8153,7513,5213,7135,7138,7423,7527,9063,8937,7145,6637,6639,5232,7665,881,8051,6772,9717,6394,6654,5375
7296,7552,7299,1547,6805,5398,9623,10008,281,2839,5275,6935,2845,7448,3748,8742,5798,7336,10926,11438,7726,310,4025,4667,6973,5698,6854,6343,5961,5833,6475,6602,6476,2511,6096,3921,6739,6871,5976,856,1880,7771,7643,6747,9054,5474,6884,2028,7021,4848,1009,4852,12533,6520,6905,10493
11266,8964,389,901,2436,8072,8841,11913,8202,8714,10510,8079,7696,7699,3348,10388,10137,285,1188,11688,10110,9779,1587,4921,5051,10429,4800,10952,12105,8520,4811,4684,9164,1612,7247,2256,10577,10578,3026,12116,12756,2134,7636,2908,8925,7647,11104,7804,8567,11363,8426,246,11767,4730,4604,10494
5632,258,5901,2833,7955,8215,5400,7450,6683,11037,6174,1576,1322,10541,1584,4404,570,2621,7750,7495,5204,4949,1624,6490,5473,4092,4722,8313,9596,900,7812,2180,5508,7816,9098,5262,9361,5778,6550,6807,5271,1691,6052,7844,678,3755,8363,6320,945,1970,3252,6580,442,8123,3260,1982,11456,9667,7363,6853,1480,10443,975,7382,6619,9693,7422,2530,2030,6385,4850,1267,3060,7676,7934
8064,2437,5511,3082,1931,12304,656,9746,11540,10006,10518,3864,9372,3614,8478,11552,12321,8482,291,7332,9894,12071,5032,2087,298,5165,6322,946,8115,11827,8885,6838,9912,8509,7870,9409,5195,12492,6093,7121,210,5717,11223,4313,218,12126,8542,8548,7399,5096,6892,10349,236,1775,12405,6775,12282
11136,12033,9607,12809,12041,8971,10766,5143,11032,11288,6938,10917,11046,11431,296,10407,12203,11308,6699,9772,10802,6072,10937,6202,11193,10556,10300,10819,6083,7752,4552,10440,8654,12499,12244,11222,10583,10972,7389,2653,12663,1630,12385,9182,9837,12527,6384,10607,11250,9203,8563,12149,9206,12407,12283,10239
259,7940,7942,775,9224,5384,8201,10256,1050,7196,8992,5412,7205,4132,8488,8236,302,1841,8506,3392,10566,8519,4167,6731,588,6221,6997,4693,5208,346,11616,8291,3431,3433,4457,1645,879,11378,8050,2935,7799,8322,10121,8848,8594,402,8855,6810,9116,8350,10911,11425,1699,5030,4262,3753,941,9390,3506,9651,4788,7100,8383,9921,6856,970,3534,9430,9943,11736,7894,5849,9438,7652,4327,7915,11500,9964,1523,8437,4853,10745,6907
8198,7179,4621,9241,10786,41,10803,3126,4159,8256,1613,1103,8784,7262,3694,5752,6266,8315,9853,6782,7304,8843,11931,9891,6310,4270,6835,5821,8385,2241,1224,6858,10965,1749,3287,9945,7392,7907,8932,8933,3308,9975,7928,2297,5378,3843,7441,8468,9492,6423,6943,11554,10021,5935,10544,308,9016,7999,4933,7508,6999,4441,9060,11111,1900,10608,7546,5499,2430,6532,394,6545,8595,7584,9124,2471,7602,2501,2002,3029,6617,986,3545,989,7133,6113,5602,5095,6120,8170,11244,5102,9200,12273,5617,2040
10625,6278,6026,5390,399,9106,3732,409,12192,11168,8484,8357,9125,5290,9131,9004,814,7347,571,8251,8389,326,8135,6984,8266,9547,3018,6993,2386,4087,1875,9170,1622,9171,8923,476,5853,92,3835,4192,992,991,9187,994,3557,2534,231,8296,9321,747,6127,9841,9458,8691,4982,10487,6139
7808,3588,8709,7558,5512,10633,9104,11921,9494,8218,6686,7969,11299,11044,422,10535,10792,9132,11693,6317,9134,8880,7857,6450,6578,9268,6707,8758,7606,9784,9395,6963,4658,829,8511,7496,10953,9174,10970,3681,8418,8161,5220,10214,9062,7526,5866,7531,5867,11115,3313,10354,9714,8951,8184,6777,6783
11137,9729,11907,7428,12680,10504,520,11788,10128,4625,9747,10011,8476,10909,8223,12448,9889,3874,12194,9255,9897,11820,4142,12338,9139,10548,436,10038,4023,10294,9142,3898,10296,12349,11581,1983,8386,578,7756,9553,8785,11232,10724,4198,8678,7016,12650,12012,10861,10735,8688,8431,9842,12403,3189,3707,11132
10496,11393,8836,11396,12671,9736,11916,11918,5648,1939,6814,9759,12832,9762,12452,10405,12069,9892,7595,8879,8112,10677,4790,11063,7863,9271,9786,9914,10432,10945,12482,6084,8646,11463,9928,6601,10451,8915,3157,10839,4953,11871,11105,3682,12771,12770,11519,11494,4710,10089,11114,9713,11125,12790,6519,10618,8831
1281,3335,3847,4233,2062,3086,2318,3728,2960,2830,7190,5655,9754,1948,4381,4258,11172,2086,10409,2864,3889,4147,5684,2747,60,2111,9535,1986,1859,3523,3783,5704,5710,11856,2129,3031,10332,5088,3302,2150,10731,2413,4589,6004,2678,10359,2552,1147,3327
12160,3328,12421,9593,9356,782,9487,10000,9362,7570,10773,9496,7705,6170,4763,11164,9118,11808,11424,10275,5540,11174,11304,9513,10799,10801,3123,1600,11076,9541,9926,9673,7114,334,12765,3039,5091,9700,1637,5222,12665,10860,10993,12286,9719,6265,10235,6398
3074,4103,1672,3209,1422,1425,3601,10641,2837,11542,3607,3608,3606,1563,3613,2973,3486,4125,3618,2852,3621,3499,2226,3635,8884,3644,2877,2751,3647,1987,3651,1732,3652,3143,3527,3019,1616,3537,2004,2906,3294,3936,2017,3170,3043,9056,123,3950,1647,3183,3443,3829,3573,3577,11003,2044,126
385,645,6408,3593,1417,3592,5770,9612,1297,1554,2577,1175,3352,3609,4890,3224,4380,1436,1562,3611,2072,4897,8228,3622,1073,3633,3640,1721,9402,1466,703,7746,1096,8653,848,2641,342,2774,6364,1503,1376,1889,7010,4324,7525,5865,3180,3695,6128,1263,4978,6771,9715,8310,4601,2298
2560,1669,2823,7819,3469,3472,11154,2579,3482,1947,2972,796,3870,11169,2596,2853,3110,2983,10921,9514,2603,3500,2474,2991,3504,3379,1974,9527,3642,955,3649,2242,3524,8391,1736,7245,2638,9424,6480,3410,3154,7125,3670,11863,3801,3162,1244,3295,11619,2788,3559,1512,3306,11766,3065,1914
1538,1287,2056,11529,3466,9866,1419,10511,10255,11663,9232,3476,1301,11673,11802,10906,2974,3104,3362,1321,9517,3630,12081,11826,11187,1335,3641,827,1726,6723,3401,12238,1232,10579,11348,9557,1365,4053,11224,1143,11994,2269,2655,4064,11874,11107,10345,11626,2669,1524,9847,10488,11769,12028,11645,894
11008,11781,12294,7050,12172,3981,4110,3857,12305,9877,10903,11543,11031,2203,10530,4387,11556,12198,12074,9771,2731,2862,9776,1459,12083,9525,1592,5565,7742,3137,11333,11209,5580,4556,3152,11601,11090,11731,5462,11095,11993,8154,9313,1890,2663,12138,2411,3563,11760,2675,755,11380,1782,3961,2813,3711
6144,11009,514,7301,7048,5001,11914,4620,12173,9742,3724,15,10898,5523,10770,7061,11926,8214,11676,11423,1824,12067,10019,4259,10149,680,169,10925,6576,2681,11828,439,12216,8891,11069,445,10174,3009,9666,8387,7491,8009,10319,8783,8657,8275,470,9433,1373,10334,11617,8290,3169,2402,226,10087,359,8807,7658,2796,5357,6766,12782,108,5236,5492,12279,7161,10490
903,1674,6540,8977,1174,8601,2215,8748,5170,4150,2108,834,8771,1992,1100,716,468,4694,8664,6493,478,351,9055,4833,7137,8669,229,8295,3944,489,362,3565,1520,1137,2546,370,5749,383
10754,3842,8580,8962,8583,10505,8970,3850,10398,11809,10543,182,3520,8643,4042,11979,10703,8655,8658,8532,724,12120,11100,8668,11490,10722,9188,9573,5478,6508,10990,11631,3828,9205,10230,8571,8445
3840,3841,1031,3849,3853,3730,3859,3863,3737,3865,3872,3745,3873,3749,3750,3884,3757,3756,3895,183,951,2105,3899,3771,3904,2113,836,1093,3910,452,3913,3914,1227,3663,3792,3796,3668,1238,9303,217,3676,5596,3806,3807,3932,3935,482,3685,103,3818,3822,3696,11890,3699,3700,3827,1014,3706
3714,9348,3720,1164,1167,11924,9368,1051,1183,7711,9380,12068,11945,1069,1198,3886,2992,3764,3896,1210,3777,8512,1217,2882,3779,1219,963,964,6087,3656,11977,6344,5447,3912,2127,3920,9425,594,449,3928,3929,3675,6238,3808,3683,6887,3688,3690,1132,8303,7280,2802,1397,377,1146,11899,3708,1150
3202,2947,2822,2186,8588,2829,1294,5008,2961,912,2325,3094,1435,5020,2717,2848,2977,3116,2861,4526,3759,4531,2100,1461,435,3127,2356,3129,3894,4918,3133,3015,12231,4937,1353,2509,2768,4434,3282,3028,3669,2390,4823,2394,608,2914,2019,2916,997,3173,3940,1001,1005,2799,2544,3185,2677,2679,2808,2809,2429,3071
3200,2817,387,1028,4613,3206,2311,2953,2955,1934,4495,3217,9489,1811,1686,4889,8730,3231,2721,1313,4516,2858,2347,2733,943,2736,3248,2867,3254,3130,1597,3007,1216,3265,962,3266,2756,1733,2510,2126,3025,2773,2261,2903,2392,3033,2777,3036,2781,2397,733,2400,2915,3174,1767,2282,1907,3061,2934,1657,2938,638
5633,3084,141,2832,6161,3346,9619,3860,9109,4375,2970,543,2207,927,9506,2722,3236,2218,2735,4655,3247,2611,6583,12730,1722,3134,3262,3136,2507,8268,3020,7758,8272,5201,6998,4951,3672,1369,602,4955,6235,1370,6110,6104,2652,3037,1245,3034,3045,2919,4588,3052,8304,4340,2932,4981,887,3064,8569,3195,1662,8447
4736,2305,6147,2692,4229,2310,4871,9862,4740,1800,10376,5004,2450,1812,405,4374,407,6552,5401,9117,1311,11040,7713,2849,1187,5414,9639,4265,2473,2859,10236,4012,686,7344,4917,3900,3901,8640,8393,3145,12619,843,5197,4815,6224,3284,6996,7255,7899,8545,4707,7396,1893,7015,5481,4970,8942,9967,3190,6780,4733,4990
3712,4102,2698,4109,12302,786,9364,8982,4118,2968,4121,2586,6298,4124,2334,415,4126,1441,3234,802,4127,4130,4137,3754,8491,7467,4138,4139,4143,7088,6961,4144,4145,4146,11190,823,5049,9017,11579,6843,9021,8895,5701,3013,7163,4165,12363,6863,10704,2262,726,4184,4190,12384,6371,4195,4196,10217,10473,6761,4209,4210,4213,4215,10872,8441,11515,12414
2048,8454,6412,8463,8719,5649,8723,10260,2073,539,1787,9980,553,1790,7474,5939,2104,9800,2121,1866,1867,10315,9805,1364,90,2138,2912,1632,11108,356,9317,9832,8559,369,1912,8314,9338,381,1663,137,1676,8589,2188,9618,10393,3995,925,9635,4004,1701,935,1707,8364,428,430,8621,1710,2225,2738,178,10420,1720,451,2244,453,457,1485,10193,2001,8917,10205,8926,9440,4065,1505,9953,746,1259,5616,498,6387,7412,1269,6132,8440,251,9724,1022,6143
5376,5891,11526,1543,2057,10765,2836,1053,10014,12064,10017,11810,5671,2856,11049,11307,3628,9521,3892,11321,2361,3643,6459,830,1095,5453,2894,87,5979,11357,3165,8029,9825,2662,5991,7791,5234,10611,4475,11655,6536,7566,3739,4509,4513,2727,1194,7086,6069,7351,6082,7620,9672,8392,11981,2769,12241,7892,8662,734,491,1006,7662,9199,4084,3575,4345,4094
4224,5368,5249,2055,6281,6155,9996,5261,5774,3088,4370,9850,1946,10396,1565,2724,4520,6058,5034,10283,1837,6190,5551,5807,5168,2099,1718,5306,4923,5825,5059,5573,10056,202,5962,4942,5840,4306,6227,5203,3285,6102,3288,6236,1116,4830,6375,1640,6121,1130,4974,5359,6006,5878,6008,6009,1786,2811,6390,4350
4227,1539,2053,5000,1804,7181,1677,5392,3218,2967,2202,5019,3741,926,5790,4256,1953,5795,1060,5285,1062,9766,6180,5546,9259,5548,5550,4279,6330,6204,6205,5949,4288,4289,5446,1479,3142,2763,5964,1229,2765,3919,4304,4950,2012,5726,4831,5094,6119,3945,5994,5993,5870,1778,3574,5111,5119
9472,6019,4870,6280,5900,5391,6160,5141,9239,5657,6172,5918,9504,5666,6138,4901,1067,5759,4275,4915,5940,5817,4029,6207,4930,5191,6089,4809,4814,10831,6351,1362,5458,3158,5974,5239,1016,2907,3164,6237,3962,5092,4068,4840,2792,5608,4331,5103,4976,1135,6258,5879,6136,6137,5498,3582,4863
4225,2314,4492,10381,11665,2322,6679,895,11034,2330,5788,12445,12191,9252,3751,7721,4779,10539,4141,1068,559,6064,10161,11314,4533,2485,4536,9152,3011,4293,8006,6214,5322,11212,9422,12151,6352,1873,3155,8661,9558,12376,10331,6108,3550,3424,7520,10466,1513,4715,4078,5486,9968,9078,2039,3832,11263
6146,12163,9476,6275,10247,4232,12425,8330,8075,2824,10124,6159,9234,10231,12054,5911,5784,6040,8604,6313,10158,6319,818,11698,6198,6328,5304,4287,2879,12353,11588,4677,5830,12488,6090,3916,12365,11729,5331,12500,1752,1499,5981,5475,11625,11116,8570,4207,12017,5106,10099,4339,5495,12408,12538,6013,12415
1473,2209,580,10055,8778,10955,43,619,3054,48,11763,61,157,4541,606,8767
450,643,3908,8073,145,146,209,8288,416,2274,8298,9526,572,5629
32,11265,8003,806,10855,6,13,1008,12465,2195,3539,9939,10172
6402,7554,3715,4485,5124,3975,7690,6923,267,4754,6802,3734,6424,6682,5403,7835,1055,3490,5284,8109,8367,3503,3120,8117,7862,5432,4795,6465,7873,4290,5061,5450,3530,4689,4566,7511,600,6362,1883,5983,7904,2786,7394,1378,7908,4067,7784,7917,1780,7413,8053,5240,4089,6395
6401,4619,4875,6670,6928,6418,5652,4886,3994,7195,4378,3997,5022,7585,7458,3619,4645,6566,4776,5416,7338,4653,6321,5557,7221,4405,4932,6471,5321,3786,6477,4686,7118,4432,4049,8147,4822,5463,4056,4578,4835,4711,4713,8169,7274,7019,3949,6509,7273,7538,3959,5241,4602,3967
5254,6282,4493,5518,6932,4501,4632,3736,4893,6557,6051,3364,5541,7719,6440,6696,6826,5758,7599,5302,5178,8124,4797,5568,5570,4931,7109,7494,4679,4424,4043,4940,5591,5721,7770,4442,5210,7393,6626,5606,6888,7144,5614,3951,7790,7664,6900,6389,8190,6133,8056,5371,5884,4222
7042,6024,6666,6414,6289,6420,5268,7191,7712,6178,7204,5544,7080,5806,6702,7986,4532,4276,5045,5433,4026,7355,4281,6462,6848,4808,6346,6733,7757,6223,6479,4433,4563,7381,5206,7126,4312,6613,6620,5090,7523,6628,6244,5990,5480,6635,7147,6899,7798,5367,4600,4986,6011,3966
7936,6529,9732,6276,8074,2826,4874,6543,7823,2451,7828,1557,4245,4760,6427,5531,7966,6302,6945,7973,8103,7724,7981,5424,5298,7094,6967,7743,8000,7745,4422,6478,5582,8144,6606,3538,6486,4952,8025,7897,4060,8028,5342,5344,7781,4454,5477,7785,6514,5619,6647,8696,7931,8061
10880,11011,3077,3719,7431,10761,11278,11027,2971,3103,5664,6306,4003,6050,2984,12204,11824,7217,11059,7991,1978,1598,8384,4032,8005,3272,10571,459,9420,5329,5714,6867,10453,5077,7895,8792,10456,3290,2265,5337,9437,10847,9449,4075,5483,2925,2416,2289,7026,8048,2292,6260,7286,4467
6658,5257,5513,4236,6157,4883,5526,5785,10649,5787,7962,4640,5665,7073,6819,5537,7461,6438,4261,7847,6185,6060,7729,5041,7218,7478,7740,5566,7360,7490,7619,4036,6342,4935,6345,7251,6357,4445,3684,6630,7783,7911,4073,4459,7276,4728,5231,6256,8047,4080,4348,7800,6523,6652
3457,7170,6530,7047,7817,6027,6284,7052,6288,6673,6674,5654,6297,6301,5281,6818,8098,5156,6951,6568,6057,6827,7732,7095,8122,4542,7104,6722,4292,6085,5572,4297,8010,2893,8142,6353,6611,4440,6874,7004,8412,6242,7782,8040,6633,4586,6380,7148,10863,1776,6388,6645,10486,4855
7040,5122,6661,4742,7951,10386,10261,7958,6678,3992,10520,8092,6685,10526,10527,8093,7710,7068,7718,4903,11048,7206,5162,6267,4525,4018,7091,6196,4789,7996,6461,6333,4674,5827,7874,5703,3274,5844,5718,7385,4956,5598,5352,4712,7786,11755,3566,8177,4082,6262,6776,6393,3963,12670
8066,1029,3973,6279,2185,3090,10132,11925,10902,11157,2840,10776,12061,7837,7839,10271,2465,545,11171,9511,12076,3632,1458,9530,7995,11198,8132,6725,8134,11465,7755,11468,11214,2766,8016,10962,4051,10198,7000,9950,10975,3422,9829,8038,8167,8552,10603,11120,3057,9202,7925,7930,7933,10878
2688,2945,2948,9222,10377,6290,3093,11158,5015,5144,11033,10394,10651,11035,8353,8099,9512,10922,7989,10811,10812,11839,10944,8001,10692,8136,7880,10954,9678,10575,9936,3024,11096,10587,10462,2910,10978,11109,10982,2664,11112,8041,10091,7660,12654,10992,11121,10482,2288,3824,7927,11002,10364,11006
4866,4,4744,4618,4490,4752,4500,12060,4252,4510,4253,4637,37,4780,4528,4660,12598,4282,4411,4419,7037,4303,5588,4565,4439,7129,4320,4321,4451,4583,4585,4725,4726,12409,4349
8581,9097,12553,11539,6296,4891,12828,6173,5278,11294,11555,4771,10023,12331,3118,8240,11322,1099,4559,11983,10068,9941,1374,12644,3455,3964,12649,9194,6644,12662,11000,5497,8444,4095
9218,2,12036,8211,10005,10007,9752,10524,10781,8735,5410,3114,12077,10491,11065,11334,11848,10833,10837,1110,12118,11099,10844,6491,7778,6500,6757,11627,3947,6518,9335,12155,11388,1922,4484,5765,6535,10119,12171,9620,11414,12183,3993,10142,5536,10403,10669,8116,10678,12473,10169,12732,10687,11455,11457,4801,7875,12484,10176,10183,1483,12251,11229,8413,12514,10723,10979,3304,10728,10474,9708,3062,9467,9726,12799
800,736,4098,612,9703,8648,1197,465,785,595,2673,9011
5661,8259,8452,8773,393,8878,9009,338,788,25,8637,6463
7588,7852,4237,1242,8989,8991
4737,6114,9482,5166,11662,12400
6150,5127,6920,5386,1298,10003,10522,1310,1567,4642,10787,1315,8486,1318,3369,8749,46,9773,817,4413,5183,577,1354,2642,1620,5469,10591,4963,1635,1129,886,11129,648,1680,1171,1173,2224,6324,8378,9923,1221,8652,3794,469,1753,481,738,739,1253,488,5611,1004,1779,1277,9727
8352,8930,741,8838,8395,172,655,3989,5109,22,222,8799
8705,647,7944,8522,6059,8845,3408,693,8343,731,94
7333,10822,9147,10090,2132,7157,8245,12375,9304,5397,9307
12035,4363,18,8979,7957,4379,8737,6181,809,10815,4415,1090,3658,4429,3674,3419,9566,616,4456,4204,877,11892,4228,8325,4239,2704,8860,8861,6558,8872,4524,8371,1204,4284,4546,12739,9413,12496,4561,982,1248,3300,996,744,505,3837
