3969,2,4100,5508,2180,3847,3591,394,13,10003,8215,5272,4506,7707,5020,4125,2719,32,2340,37,6310,819,2615,1337,830,1982,3018,970,5710,4561,5204,3029,6869,7127,87,7508,4446,3935,1248,7907,741,9703,8170,3562,11244,1642,3947,623,6000,4081,2546,618,884,4213,6390,2551,4089,763,2430
2689,9730,4228,6923,2188,3853,2704,1435,924,2205,10396,1441,4258,1320,553,6187,2096,2225,8627,1076,5046,1720,2105,443,60,9021,4290,3652,2757,454,6469,1221,2509,4816,4434,4566,1238,3031,3288,3453,1635,4067,107,4204,877,3577,506,6395,2685,1022
771,260,5124,4485,6153,6031,4754,8979,3349,4632,922,411,1563,2846,5920,3490,290,2088,937,1450,808,1837,3503,3120,3765,6327,703,1472,1090,7748,6088,202,4682,2251,8014,4689,7763,2644,1492,1620,600,3416,7642,608,739,613,1005,3443,1780,5241
9088,4745,4490,6155,10641,1682,6802,661,2837,8471,6937,4381,8992,2981,10151,1960,3626,1964,2861,814,4143,46,1204,4151,1469,6210,2244,5061,4555,4683,78,4686,4945,7634,9305,7641,3419,2657,994,482,231,2408,5353,9715,6004,4726,760,123,1406,4223
4481,6402,2822,2830,4751,4239,2323,8980,6682,5916,5149,2079,1055,2977,4385,1701,3238,2086,4392,6183,5670,8367,6063,3894,951,3259,4795,3523,2629,1862,6346,6861,2001,2390,4696,1883,1116,5983,9056,991,7904,1380,2279,5359,3441,2164,2807,4600,2809,5240
4864,3586,5894,7690,1679,785,10390,4118,1302,4637,419,7209,938,4139,6062,8495,2099,4405,6839,1466,3517,1470,5059,452,10056,6600,1227,5196,3277,6479,6864,3793,2641,3538,7253,9689,5723,2017,7394,6627,4322,2150,2413,3183,115,5365,8696,2427,4349,4479
2304,3202,4995,7554,1295,6928,143,5652,3863,4378,4893,1310,29,2336,3234,8355,4645,682,2356,3127,1594,3133,1984,4932,7109,7494,200,4424,842,1743,1999,2771,2903,2395,4956,8669,8287,4195,3940,3430,6888,8169,7274,2927,4080,3185,3699,1012,7413,3325
3207,775,5261,1039,8848,655,3345,4499,25,9498,1946,3865,3999,800,3873,2848,1573,294,6314,3116,6960,4528,2359,2874,190,2495,3142,3527,1096,3914,8907,848,5840,4433,2901,6102,4439,5721,478,7519,103,2793,7019,7917,3053,6509,6132,2805,8441,2044
3206,648,8588,781,2961,1042,3859,4886,5656,2331,1821,5022,5281,5284,1324,6316,2477,3759,4527,943,3509,3899,3135,6465,66,3651,4036,1093,3015,4808,841,5450,4043,2768,4432,7381,7511,6362,2394,352,1377,6754,2019,2914,4965,3305,2282,2537,3700,4858
1527,1549,8719,912,8977,1425,2326,5785,3994,5403,155,1443,2679,6440,5034,3370,2348,3884,6702,4532,5432,4026,7355,2876,1468,3771,5179,1478,1993,2508,2637,7118,1360,2392,7261,1632,1253,997,1259,3307,1908,2677,6133,1014,6389,4602,5371,5884,2429,3967
5637,4486,2697,4619,1934,1294,6673,4501,3606,5016,4895,927,8228,6566,1319,424,5416,2218,1836,2733,4653,435,3635,1461,5045,5433,3134,2756,1353,1354,1867,457,7757,3150,3025,4440,217,3806,4319,3551,4578,4711,233,4459,3052,1904,3570,3827,886,509
7042,2051,3715,3077,6024,2441,4607,6670,4117,2073,7585,1663,7984,4663,186,320,1216,4931,5574,1737,4428,3661,719,2515,8147,3285,1621,8407,344,3414,3418,598,8404,3159,215,5215,736,5728,4706,1508,2916,105,8938,7538,8698,8564,6006,4474,4605,11135
6281,4365,1298,1174,11542,3609,2970,8478,4510,2720,7719,6823,4393,1196,5037,4526,2352,1972,5302,6074,6716,3006,8383,8771,324,4165,3910,5703,2376,3196,4306,6227,3796,8405,7126,7767,6483,9044,3034,4442,2141,8799,6626,1762,3174,1899,5614,6008,251,2940
3073,7298,9987,1551,2449,20,2325,2721,5028,292,6696,6185,1582,4655,4656,5806,6321,7475,437,8504,4153,6462,4286,5566,2499,5572,2558,12231,4169,7115,3404,1101,2260,3669,8282,2780,3552,6628,1894,2791,10856,4073,6635,8301,2158,1650,2042,7675,5758,7039
3460,5254,6151,3209,3211,9996,3467,3088,3730,6424,537,1565,7458,1955,2724,5541,1447,2216,10283,3633,6833,7862,823,5945,4923,5570,1990,11080,5321,5202,2775,2521,4058,346,222,1503,224,7393,354,4451,1376,2405,1640,7784,2154,1263,3572,1400,9850,3071
1665,645,7057,1554,1297,1044,7958,3224,8730,8220,4253,4766,7712,3745,5795,2852,3621,3244,7596,4531,2612,1589,573,2877,3647,2624,7745,3777,1733,3401,458,1741,1488,7379,852,4565,2646,7640,5596,2396,3932,229,5352,621,5488,4978,5108,7415,5245,1791
4224,5251,387,7813,5115,1275,7056,18,1811,6932,3094,2838,3352,2458,794,6044,2714,539,7835,7204,1061,2342,5544,7593,6058,1835,3499,5418,8750,699,7743,5962,1616,5713,3792,6485,3158,4312,6363,6364,6236,4840,3180,3829,5878,8056,7162,2811,6268,2046
516,1156,3720,2955,5516,4621,1678,1553,8339,3736,2712,8986,4760,2211,168,2858,5294,4029,10815,5824,2245,2632,2505,6858,7627,5582,980,1493,4948,728,8793,2777,90,4952,349,4569,3807,2784,2264,5477,488,3434,1130,2159,7281,242,3959,1273,8314,1535
3200,8448,5249,1158,3079,4744,2953,9226,5774,3472,1427,3731,6419,534,2969,7709,4001,2083,2213,1191,4137,3756,5807,7088,7735,4665,4282,5178,3262,6849,7873,2498,5573,5063,3019,6094,6607,4304,1104,2261,4830,1511,4585,5994,1132,1388,8053,9083,2941,9727
3841,5893,3084,1292,3980,6420,6263,2200,5145,2081,5026,4135,7080,10156,940,7599,5555,5557,7609,4281,6590,3263,3776,577,2627,3141,1989,3576,6217,88,5337,4698,7770,860,3802,1502,4190,4056,2014,6244,5606,4713,6761,2542,4337,6900,2676,7798,2295,8824
1272,1153,4,2439,1543,4874,6540,1933,909,2578,1308,4252,289,7074,9508,1956,3492,5035,1071,4144,560,5171,3766,9660,700,1985,6213,1361,3666,6612,3028,8790,3286,10077,6493,5088,2147,10597,2409,7146,8298,1771,9966,1647,1392,3695,6128,5111,1656,5753
3329,5638,7047,263,2186,6417,9235,789,3611,5023,33,1058,2467,4516,8356,6438,1451,6572,9388,8238,178,2098,7478,3895,4409,5562,3387,2751,5183,453,2760,73,3913,3403,6733,5591,2138,7132,5985,9447,7144,1896,7147,2414,2799,2671,7155,4212,4851,4343
2817,7174,2184,3852,3726,4878,2706,5012,277,279,5531,668,5277,1438,160,7974,9001,2171,2222,3631,6523,183,3904,2240,584,1230,4307,3668,8021,6232,4825,474,480,3173,615,3432,2922,4219,7276,2157,8300,3442,5363,3314,7671,2680,3963,893,4734,2943
1792,8705,4483,2054,6795,7308,1677,2577,7828,7445,919,6808,7706,4640,4897,8226,1827,7465,4013,47,1839,1975,58,9276,8255,192,7746,5060,1610,9681,210,5588,342,4055,7167,8028,9053,7007,4961,4321,4838,5101,6382,2670,7280,3568,2286,6771,4462,3711
896,641,3458,6531,9348,5125,7687,4743,4487,7431,1164,11279,7195,667,7197,1057,8482,7337,812,7215,8113,567,2364,3644,1856,1092,1605,6727,6344,4041,1103,6991,7377,4303,2774,6616,1754,9308,4318,8672,7010,3683,3559,872,2412,4847,5871,4210,7030,4601
5889,1539,5126,6283,3218,2071,2971,3995,669,5151,4514,6178,5926,3622,5420,9777,7346,7474,8884,6582,10430,3648,6337,5697,1986,4680,1866,6603,8781,4174,2895,10831,6223,8402,8531,4309,4186,5083,604,2912,3042,8291,1778,5874,6387,758,2423,2298,11003,1660
6274,2179,3076,6020,8838,8452,267,908,532,3734,1944,1947,6942,10020,9381,4647,2601,3369,5805,2610,4147,5684,8117,5819,5058,194,3269,5831,7113,3786,332,1997,5711,3023,4049,1235,1367,4567,2137,7392,7651,228,4963,2026,4075,1900,4461,2931,629,1016
4992,2055,4233,7819,8703,10639,4496,6167,3608,6425,2967,5119,3233,932,8872,8236,5551,5168,1459,3764,5306,3008,5312,449,6471,4937,8524,5453,465,594,3027,5203,2900,4822,2518,1747,3926,7125,1372,4324,2789,1254,6375,4855,1397,375,8440,126,8190,3327
2048,7041,2306,8840,2059,9484,1037,6286,3727,7439,2193,2324,2972,5501,796,7071,7583,1574,2730,4012,2994,4277,4661,6711,4793,3005,8637,9790,4161,2882,5195,7245,1871,2898,2006,1240,1626,4703,4320,3041,351,871,5096,3431,4473,1769,3575,377,6013,894
2176,2562,3459,2690,10120,137,2187,8972,398,1808,3217,1171,152,35,4131,1572,7338,3371,4396,300,10034,306,2100,4660,7221,70,1865,8269,6606,847,338,3798,5206,2905,9435,3678,2915,8295,9960,6891,7534,1774,624,6768,498,6899,3830,3321,4986,381
1408,4613,8325,4749,2446,2574,2448,916,2069,788,9364,666,5147,8094,7588,6308,2987,686,6192,9264,4529,8755,438,4150,2235,955,5696,962,5964,6989,6866,2514,3156,7383,8025,3162,1244,5726,5599,3943,1512,8551,1897,5609,3820,2549,7031,8312,8061,6142
3074,4617,5641,2443,3220,1685,3231,673,5923,1444,4902,170,3243,2863,5681,2867,2484,5687,3064,2232,5818,4797,2622,318,6848,3390,4553,3529,718,4563,8540,6369,5090,7523,1252,481,4985,1767,2919,4841,3556,2544,754,6002,8694,2808,1017,637,766,4351
3078,6280,5769,7691,2444,2702,5010,5141,8981,7449,7069,415,3872,1445,3366,3365,3625,2091,556,2990,176,1331,4659,6069,1588,3515,2108,8512,1987,1732,5446,82,7674,596,6488,9566,1759,9184,734,3170,8547,614,235,4974,5103,370,5494,6136,3962,6526
2561,9604,6408,3722,7436,9997,14,4752,786,2964,8085,149,5527,1048,1817,1690,3099,2460,1822,6431,287,3619,9124,5804,7085,7856,4915,11191,185,10939,6843,835,5316,3013,7367,3783,10697,6093,2127,11216,606,7776,4966,2023,1639,875,2036,8309,9204,4091
141,4877,1683,3475,3477,2459,2207,543,929,8865,6563,4519,8871,2094,1710,10416,7986,1976,3001,1211,5953,707,9800,716,7373,6477,3663,8272,6611,5075,1495,4185,9049,6235,7899,1245,8926,4316,7257,4449,3037,2659,4708,7150,2802,2035,6003,5367,1787,9470
6916,8,7821,2191,3087,1173,3867,9245,7326,3360,1957,6693,3109,5289,1705,7980,5550,1713,5044,2101,1719,5563,1339,2365,3004,5823,4416,1597,2380,6478,2510,336,976,1872,7002,1501,99,9827,7269,8039,5480,3176,3690,3822,3440,4093,5104,5748,7284,1277
1541,9734,3462,5132,8208,4369,11154,7956,2075,1567,39,44,942,5935,7089,50,1848,6969,827,8256,2241,1345,7874,3394,708,1995,7378,6613,982,9688,1369,7515,1371,5852,6878,7262,3038,6753,7388,361,8939,7149,2029,8687,1015,1395,10100,8439,6909,1919
9984,5635,3843,6666,1804,4879,2960,9106,2040,409,1436,1053,2590,3487,3741,31,6011,6692,5669,3497,1067,4781,6190,10286,6962,308,4918,4279,1340,6080,1479,9293,2765,3790,1229,10325,2015,1378,6883,5603,1256,3818,4716,367,6260,4084,3704,6521,10107,2431
8064,2049,3082,4367,3856,2451,5140,6677,8982,1557,2963,6809,5914,4379,1948,7965,10775,8734,5408,2209,9766,3889,2226,6713,5180,4288,10308,5829,9158,8135,580,5454,4431,80,4178,8275,9171,1749,2902,4313,5855,1247,9828,2534,2794,747,3316,8569,378,125
2563,4869,4103,4362,2572,2447,271,5653,22,1430,4634,6306,6050,5290,172,7727,5295,4785,3763,4404,1973,2363,4027,5053,1598,1727,8251,5445,4554,4426,459,6736,5073,9682,6993,3408,1624,3290,3674,92,992,5987,5732,1765,4589,2292,7412,7286,6647,8830
9483,1147,7181,3086,4112,5397,3989,2583,5909,1175,3229,2589,9504,11172,6181,4134,6437,6709,9527,5944,3512,5690,3002,2875,1853,4668,5311,8128,9535,4809,5324,10446,4305,6482,5848,2010,2012,3420,4060,2271,2272,4325,3945,6379,6893,6127,3187,7288,9723,4859
4109,1422,2829,6416,1300,1179,7966,5790,3486,417,5285,10921,7724,1069,8878,7217,2354,1716,9273,826,6205,2623,4929,3650,8259,1992,8392,3785,2123,6988,1100,8013,6351,2382,595,8660,340,4950,9695,2399,7525,4583,4456,9577,3688,2411,2153,5870,1520,8050
8577,643,5000,1291,2445,8335,9491,1433,6556,1052,3613,4512,5794,2598,3110,9258,2474,2864,1073,562,52,6453,6968,1721,1596,7229,7484,1604,8774,582,3656,2763,3411,6867,8279,3548,95,3168,1889,7266,8288,7783,2281,6506,3437,6258,5109,6009,1916,3581
9472,3330,4867,6148,7684,3719,3335,7306,3985,7954,5271,2585,5146,156,11037,6174,4639,6430,1820,546,8867,158,678,174,3377,570,4796,8384,1474,4804,836,2250,3919,2129,6225,4564,4695,93,5473,7145,7790,6639,2030,4208,4594,4850,881,2928,7414,7676
9600,6656,6405,5127,6026,4627,7061,7957,11038,926,4128,1953,3870,9598,6558,10533,2470,3751,1193,4651,6828,3632,4020,695,7864,10809,5561,5310,8767,5188,3657,1362,7124,3799,9304,10975,3040,5471,5986,7139,2276,5221,3557,1127,2792,101,4982,631,11129,3582
4356,2954,3339,1807,3601,275,1684,3861,5780,1816,7584,8097,2082,4515,5162,3885,947,9780,2740,3638,8250,1723,3900,3261,4926,4159,7490,710,4171,971,1614,1231,7886,1615,1106,4691,8018,6350,8791,5212,1628,2398,6495,5601,9323,8946,3826,1525,4728,6140
2432,11650,7176,1801,10636,5390,3214,6160,2580,1941,3222,3738,3866,540,8606,2465,4770,10278,9397,5685,7351,3897,2236,4541,1859,3525,4421,7626,10059,9547,1998,9041,6099,1875,213,5594,4827,3835,4599,4068,3942,6887,4070,11763,2291,10612,4086,119,6139,3452
2560,6659,9603,7942,1927,1803,2062,6543,4241,11025,8468,6421,6422,4889,1309,2334,4383,550,2983,2089,1578,7212,11695,1592,697,4536,5308,5437,3398,5449,5068,6605,2386,8151,2008,2524,3686,10731,4332,4206,6511,4976,7279,1523,8691,9078,9208,634,5500,2173
7936,1026,2823,1929,3850,6025,5260,9870,8594,403,7963,5789,9503,1312,6559,5667,1703,8103,1194,2603,3500,3628,6186,8371,6838,8121,3642,6201,1086,5314,2242,8899,4549,8777,8522,1996,6095,2004,4062,4063,3426,7906,3300,8294,5228,8557,8052,1526,1018,6397
5760,3845,2309,6791,1669,9096,4492,5005,1167,2066,5138,9754,9118,5793,10018,7081,7721,2093,7991,6978,7491,5571,8258,6473,75,9932,4813,4558,6734,7630,1873,722,6352,10198,1880,6105,7128,8158,7780,5733,9063,8937,5484,3566,9202,3186,7796,11766,8570,5628
258,7178,12,6412,2575,2841,6683,3227,925,6305,5413,6309,6956,430,2738,2996,7095,7224,10428,959,4032,3265,963,8902,455,2120,839,3273,4045,1618,4435,6610,1490,4445,4189,3936,11874,4196,9317,486,8427,8812,10989,9835,6510,7789,6126,1138,882,10879
8193,11778,1676,11404,3732,1431,8089,7323,11168,6694,935,2984,9774,11824,5173,7481,1978,571,10306,8003,6984,3530,9420,2124,1356,7503,4176,2003,10453,1622,7895,7258,2907,476,5853,94,3808,4192,9321,9193,2540,749,2925,2032,1008,9717,10487,5881,4603,895
4736,6528,4229,1800,8712,4235,4364,5007,527,784,6418,7183,4756,9109,1812,3862,3737,671,2212,1959,6825,9259,1455,7344,817,5813,3772,2881,3266,6467,7112,5708,8529,983,4311,3672,4954,4832,612,4454,6630,5997,8049,4593,1907,5619,4981,7801,5244,2301
1281,4225,259,11011,11398,10121,399,6679,10780,8350,1699,4389,7213,559,4783,1841,6066,48,10292,1206,9787,7100,5435,2110,5567,3011,10566,2374,2888,3543,1114,8923,4829,9438,9949,1634,7652,3302,4327,7915,1645,879,4079,9841,5489,8179,7151,2678,10359,9468
7426,4612,6021,6918,10761,2318,8592,7318,9496,10906,2330,6812,9501,2332,3742,10529,10415,7473,2097,2872,10680,1850,9404,6332,701,6845,4160,2497,6595,837,6214,711,7114,10068,7892,8661,6231,6234,9187,2788,2535,3433,4330,10349,3054,8048,1522,12151,3069,383
10625,891,5123,6789,7045,4615,6152,8839,396,8845,9230,10902,1559,5912,8343,6816,4262,7979,8880,5297,3383,6970,188,6336,6721,9921,5319,9807,11515,9425,8145,9811,11477,10456,8792,1242,10334,10847,1637,2662,4457,10221,4718,2545,8689,1143,8952,10745,7163,9336
385,7043,1284,6019,7301,903,1160,3971,2053,6415,8212,7574,5655,1177,1561,3228,5918,2206,4256,1570,8610,3364,4132,1830,7594,811,5548,1965,2606,1967,11579,2492,4411,4671,4419,6726,1736,8648,4556,5458,3670,3415,1756,3043,2660,5094,5995,1902,751,5629
11265,7553,3203,6278,8326,2951,8585,5002,8458,9104,6929,7570,9236,9239,3103,10275,8870,9004,4397,12076,2357,11575,9406,7232,2625,6466,4167,10055,10955,10317,334,6097,2002,9297,5460,4693,6997,10072,10332,7526,1895,1513,4715,8951,3059,4853,3574,4087,1145,7423
9986,3332,1797,7059,2202,6939,7455,162,10402,6180,5797,1189,8612,6182,7718,43,3504,6065,2227,7859,2747,1600,9282,9922,325,326,2893,4429,7887,8786,3155,979,1365,731,220,3550,1890,4579,869,7142,6119,5608,8684,11631,3952,1142,2039,6138,5117,5375
3457,1538,11013,3718,7558,9612,9232,8593,5008,1936,7571,8352,4769,8098,8357,6951,9896,9385,5032,1581,3502,3375,9907,7347,11059,8245,8758,2104,6707,6963,4420,10571,9166,5326,1623,9303,4823,3160,9307,10205,1381,7782,4329,9449,10863,2289,7026,5746,5750,2687
9089,1155,3465,4746,1806,782,2195,9238,11931,2722,10786,5924,10021,5286,6439,3241,6827,6571,3374,5048,7225,8249,312,2619,3645,5181,960,1217,4034,9542,9031,2639,8055,3794,7506,475,6365,7549,2146,2661,7654,3694,4335,8177,2165,5238,1911,2166,3324,10237
4480,5633,6786,12035,5751,1672,6797,7438,529,4242,6163,2072,3480,10779,542,1311,2592,3618,7843,1829,6826,3630,3248,1457,5172,569,2873,7485,322,4675,3654,1481,9296,5969,3537,6100,3412,8920,9690,7901,616,8941,4464,5490,3315,2418,3573,5879,3450,7548
5368,4737,8962,5120,8580,9221,10503,10760,9992,10122,4618,9482,8464,6173,5661,11169,2596,9637,4901,8484,9252,7852,9518,3118,2228,10165,6588,3388,6207,7233,8773,3143,5191,12106,8144,5716,5464,3294,3295,6114,5347,7781,12400,9458,8823,10360,12409,5498,7931,3964
769,3975,8711,1417,4363,3469,3342,2190,3728,4890,7199,5919,2464,2085,4136,6449,7090,11827,4786,3762,4533,2107,7486,5950,4414,8388,3145,7628,8653,6480,3832,3920,5076,3161,5854,3424,5602,8424,4970,5354,2667,1389,9710,4078,4465,8310,3448,3065,1404,6525
2566,10,1421,6289,2709,3478,4503,2199,2582,4758,665,9628,3106,9379,4391,3496,8231,5293,558,8621,434,4916,1207,5568,64,1858,2502,586,4814,3664,6615,6360,11224,218,1885,3685,2918,5993,5738,2539,4076,5998,111,2672,496,5747,757,9590,7032,3706
512,1796,5770,5902,1935,3599,2579,8732,798,6433,5547,6701,948,8885,1718,1591,5949,8000,1473,68,11466,7884,8525,10828,5967,5329,3154,4947,7637,2265,3801,6237,3937,5092,1126,5865,7401,4331,5483,238,5615,9582,753,8818,3317,6392,121,1786,380,7038
4227,7299,6279,4616,2826,1547,6413,5262,10381,2322,11027,2839,10008,5274,9499,11546,12192,5024,1060,3748,1062,1832,1322,8363,12204,7726,4270,7091,4535,4025,4667,8639,2111,7362,7363,5698,6854,6343,7750,5833,2758,8266,3921,6490,4828,9054,10336,5099,2416,1009
1542,3976,5896,1162,4502,1303,6426,3612,1440,3489,7201,7078,1448,5546,4523,4398,2991,6574,561,690,944,5940,1974,1209,6204,7869,62,8764,4544,8008,3410,4050,3925,6742,7643,6492,4061,4831,993,8289,5729,6370,3553,4720,1651,6517,5112,6137,3067,2302
1280,7297,6147,4740,9862,3854,405,6806,4633,6297,5915,6301,3232,7713,2856,6057,427,2859,4018,2613,9400,3641,6085,9803,1868,5197,1485,8268,6224,2766,850,3284,5973,6998,5081,602,4572,6620,6110,1129,7657,4588,1261,4334,110,8942,1654,3836,1790,8319
1035,7565,11662,7576,10649,11034,11676,12191,9125,10792,2552,8876,4141,10926,1074,6578,691,11190,2488,10168,7107,8389,8006,7496,9673,7369,7755,11212,3022,8783,8016,10323,10197,5976,1882,10970,6752,8033,1250,2538,9453,9714,5236,4852,11382,8184,761,6394,10620,10493
12288,3588,2564,5511,3848,6667,12044,4237,8082,10773,8219,3614,8227,8868,5157,4779,7341,12081,1458,4530,11445,10301,829,6852,6087,5575,10186,1099,4047,3928,4568,6872,8539,6108,6494,10466,6371,5859,5989,3814,7017,3050,10860,5486,6766,113,3313,6777,11004,4990
7940,5384,3213,5139,7315,5651,10263,7575,8855,5788,3102,6949,3495,3240,8745,2223,1200,1329,7218,5043,6325,7223,440,4537,5817,6907,4930,1476,2885,3016,5704,2378,2638,3534,9170,5332,7254,3930,5979,3164,867,4581,6374,9446,7785,3950,3696,6514,5235,7419
5761,644,1028,10376,7052,7693,5905,8849,3860,407,6552,4638,11552,7073,802,1187,4517,2215,4776,2473,7597,3757,2224,3249,5170,4016,3380,7614,964,6853,4679,4042,592,7504,7890,6357,7384,8154,5595,7004,1118,1893,494,9967,7793,4595,1909,3320,9595,10236
2691,3331,3979,525,2959,6038,4121,3997,1278,5279,7968,1700,933,9128,809,6323,5175,3129,3130,8124,3646,7416,1608,1482,8652,6910,9302,2007,5463,7897,8409,4317,4958,8419,483,5093,3813,3046,996,7913,5355,6253,5229,4467,627,6648,1657,4222,3451,7294
10880,6530,9732,6917,2824,10378,2570,8461,7950,11278,1423,4495,3739,1439,7459,4003,806,1576,5417,8746,9641,4917,10038,310,12600,2361,2618,9915,1980,7230,4038,2894,2132,8918,10070,11863,3545,8029,3934,6113,6759,363,6637,1776,4848,7027,4339,4345,4475,6780
9728,8455,5512,7048,7944,650,12435,917,11419,5662,12321,2594,10409,5165,11187,8115,8372,12598,9147,1213,7870,4673,7620,4806,10314,714,76,7629,9036,8138,11856,6609,7754,6091,9558,9047,8664,2011,1374,6881,2278,5351,10601,3057,7665,7157,10486,9593,10878,11263
6532,4357,1157,524,5645,5782,6295,3479,5910,6047,3107,548,9894,8105,1580,6829,6573,4909,5934,4913,5430,2487,8632,2493,4158,2114,1603,6724,6979,1094,10178,7881,3915,4557,1358,7758,339,84,6874,3293,3166,738,7141,1002,6378,6513,4729,7292,1405,9214
4866,7171,11528,5897,9611,9362,24,8347,6686,7710,545,11299,11044,10537,2090,3245,5166,2485,2998,9912,952,5693,4415,834,4293,7110,9802,10704,5459,4694,12376,11994,10458,10331,1757,2782,6491,12128,7137,4833,3938,1124,7520,8418,3944,11625,1137,10231,633,9978
6144,8701,9608,2185,10124,1169,787,1429,920,2968,10905,10394,3484,12445,5282,4780,9517,7857,436,1335,10296,5815,1342,1471,11198,3396,8390,1095,206,10063,9937,2769,4946,10078,9313,9826,9188,8548,11749,7399,5220,2665,7666,9842,5106,11893,4215,2554,7037,11774
4993,7938,11658,7307,5901,10254,2833,4115,7955,6300,7332,1068,10541,11438,941,945,1970,10161,6580,4408,8123,3260,2621,4798,7489,4546,9667,6654,7495,4170,1232,8400,4949,1750,8024,6745,3032,8412,5213,2530,5474,9956,11113,2028,1006,2929,6385,3060,8565,7934
1025,3842,1668,2950,1544,1674,10765,9742,1165,1296,4114,9619,5396,930,7206,679,2605,9395,565,182,2230,56,8760,953,447,961,3522,10568,3148,460,7502,1102,5327,724,468,854,2519,5851,8795,2526,1121,6242,3939,5478,12012,1004,3692,2674,374,1662
6400,128,774,2438,391,6409,2569,1673,5135,5395,6803,2836,6294,5529,7964,2466,9123,1571,2469,5543,2347,5419,4652,5683,5177,3386,7227,4802,4547,2628,6470,3274,3020,589,5583,1366,5210,2652,3676,3555,7397,8806,9064,489,9070,2420,7797,11383,248,4732
3968,3201,7044,6533,4231,3592,9994,1163,9999,16,5520,2194,9233,4123,7068,6557,1181,7070,9630,676,7847,7592,2860,4399,8239,6577,1201,1467,6076,2749,2109,831,1729,3906,2115,8257,5958,4812,5714,1234,1876,7250,5846,8150,2397,9701,232,6250,4714,6524
8582,905,8459,10125,6030,9998,10895,5775,531,8856,5658,2587,4763,1692,7454,9632,5280,9380,8999,5676,6445,7086,4142,6189,946,6455,3896,4664,8887,1983,11200,8645,11338,8396,5581,6096,6865,10321,5717,2262,7386,10335,6885,11626,5100,6775,2425,9082,8445,7678
2945,4610,7683,7172,8708,898,10887,6275,12415,6146,5266,3602,6676,7830,8726,9879,11802,3610,7845,680,5039,6064,1208,10040,9658,5052,2750,12095,10431,3009,9918,12613,9669,10438,12115,4187,1373,1382,3303,8296,9962,11117,10352,9847,4472,9849,3323,11644,6653,7807
2178,3587,5129,7437,7694,11540,11157,10006,6935,536,6040,9242,7448,10518,6036,8096,3617,5666,4911,1846,5049,9916,957,3907,9155,7366,8263,11722,12363,8778,12108,6863,11984,5592,10842,11101,7774,4573,7648,10717,9573,11622,9575,5225,9580,7663,6642,7795,9844,4989
8961,2435,11146,8589,2189,401,8472,2201,8737,9635,804,3879,5673,4650,5163,8492,173,2608,11700,7093,3128,4154,9666,10821,7877,2121,3789,2258,6228,1877,6103,855,9564,9567,3177,10605,2798,1390,11376,7409,3954,6898,4340,2932,1653,4221,10105,5754,10748,9725
8198,7179,4494,1040,9234,1299,3347,6807,4249,9241,1691,8991,9891,3108,7336,41,2475,7602,3126,5821,8766,7999,11720,7240,10826,10443,7800,8395,6602,8784,11729,8528,6617,4441,9945,1246,7422,9696,10462,5730,6633,1135,5617,9331,7928,2297,8315,9596,9853,6782
0,5122,6661,3337,1932,1550,3986,5013,151,9624,1305,413,6564,4395,8748,2219,8244,1334,5692,7615,6723,5447,6862,4315,725,3035,6107,9819,5214,5980,8416,8032,4962,6623,3298,8932,6497,8031,3048,4092,493,3061,7670,1655,2296,890,1403,252,3710,2559
1667,7812,8454,6793,11019,6539,2958,7566,2320,4881,10642,8463,11284,8341,6805,5398,5400,5649,3219,5275,2715,10653,10015,2979,9649,5939,3252,2869,9781,7222,3256,2870,8376,6196,12471,7357,11197,2102,4162,3138,5318,2511,11999,1505,8313,8809,10223,5105,6905,3837
5376,5891,902,5639,8583,9094,5644,2061,7054,9874,915,1046,11544,1307,11547,8093,10270,2974,10398,4513,8614,9645,1198,9262,6451,5556,5814,11192,2489,8509,445,9791,11970,1731,5959,10567,9180,2655,5476,6245,2024,5992,12010,7405,9583,10994,2550,10743,1531,8572
1536,10114,2307,2052,9858,6663,1671,4491,3468,6028,269,7055,4111,3474,2197,7961,795,3871,6948,4261,164,8616,1452,1453,8493,3767,6842,2753,3140,196,1606,11205,4681,1740,461,2643,2133,8917,7639,2136,1629,9310,4191,9697,1768,617,6257,369,1524,8059
1282,1033,7945,9866,10250,6542,6799,2832,9111,3482,3226,10910,6687,7203,5925,8998,9514,7211,5036,4782,9905,563,4787,3510,1079,5943,7607,9274,11450,10938,6071,1726,10565,6860,9422,9424,720,4053,5845,7001,9437,9824,3427,6756,8549,6886,5618,2038,1532,7421
261,3973,8332,1937,5626,147,8978,9113,8605,6815,2471,8873,4778,11564,6830,10803,10419,11064,5946,7995,10684,9150,9793,10690,12225,4933,4166,1480,5578,10956,1613,975,989,9057,1122,7933,7530,10478,2543,10608,2288,7794,8562,5358,1270,7160,6266,5499,8317,9471
6403,2948,10373,7941,9607,9480,2183,2437,518,9746,11541,8854,11288,4888,9372,11294,672,9377,6946,11940,6821,8358,8102,9768,3372,10158,7471,2992,9393,6014,5558,1081,10172,9409,3010,3267,4291,204,9037,8913,10587,9436,3169,6122,12780,10093,5234,6903,1918,6015
9729,11907,7428,10504,8456,520,11788,10128,11921,4625,9747,8476,10909,10526,8223,4382,9889,9892,9255,9897,8879,8112,4658,10548,10294,4023,9142,3898,11581,8641,10053,8646,3272,11723,7756,9553,8785,8915,11232,9699,8678,10090,12650,5742,8431,8688,10735,3189,9845,11132
3840,6662,2312,1274,6414,3344,9108,2843,8092,5276,4768,6945,4004,1958,3367,1834,8364,428,7729,1332,6836,1464,5434,1347,3779,3909,1735,9039,9298,9299,341,2391,5079,3033,3929,5342,4064,4065,7267,2020,3429,1257,1001,7275,4587,8685,8559,6262,1530,3966
11781,1029,7050,3981,9748,12180,12308,5911,6681,2203,7837,12064,9249,3494,1327,12465,6961,11697,5812,7866,9530,5565,7742,12483,10948,10311,12023,5580,8654,7509,5462,3797,1752,11222,6619,12508,1630,11364,9700,10087,11880,7791,12528,755,6772,8563,9075,3703,2168,10235
8832,10113,4354,7686,6023,7433,6922,5899,2316,5259,11273,5519,7184,1183,6179,4774,7208,11818,2988,5426,3636,8247,7096,575,2754,6851,9545,2634,6475,11852,11260,4046,7759,12240,8658,8276,11096,10329,11098,7516,10846,2910,2160,12401,9457,2675,5492,3961,10364,12287
5632,9090,4611,2434,9098,10252,11665,6550,5017,5786,7450,6811,7714,7844,11184,7732,6143,8380,9277,10174,5439,11840,8898,9413,8518,3658,5322,9805,9038,9554,10579,3924,86,7382,9946,7903,6884,8682,6380,8429,10734,5744,240,4722,8051,11892,10228,4346,9851,8191
9473,12546,8066,6538,4623,10770,8853,6553,6684,1825,11298,9636,7716,5937,10289,4406,5174,10299,11580,10814,6206,10559,2372,9412,7238,328,11209,10575,5331,9556,6741,8153,9309,3423,5216,2402,227,8423,5863,9448,491,9197,1262,7407,3823,7537,4207,11640,11387,12414
10883,8196,10502,6920,7946,653,9102,7309,5778,10258,6292,2453,10391,9370,10522,9756,12448,10787,8486,9644,6575,1584,432,10675,12084,9139,9398,8373,9019,10181,2630,9801,11343,2642,7893,10967,5469,1633,9954,6373,1128,7403,11756,237,8560,1267,4341,5113,1789,9854
134,4871,1287,8201,3466,7817,8716,6159,402,6933,1050,7196,10911,9507,8488,1321,3753,9390,8496,9651,7604,4788,950,5304,4284,4925,3392,8519,9288,2889,6856,6731,9421,6221,6739,7635,8662,9943,2647,5849,8285,1761,7138,6892,11500,10350,11378,8437,7799,767
4353,5377,5134,11023,10256,9618,5907,10260,6675,9366,11803,4509,4641,11942,11306,9002,12333,2607,9525,6581,4538,4794,5055,2496,6977,8134,8393,8142,5584,10193,8406,7255,7513,3675,3165,10461,9953,97,8804,10855,3179,10220,1648,2547,244,8820,9338,11899,4733,4094
10756,7,6156,15,12176,5523,10262,1306,3355,4124,9117,1951,10658,3749,7973,7079,10279,4524,7601,9266,4275,1844,8242,2486,1465,3643,10813,11069,10816,3520,9795,5700,1861,9286,11342,10322,9300,10836,5981,9569,4066,7270,8042,1515,236,885,8054,3190,9982,3199
256,1414,10631,9606,10638,5391,5392,8207,10898,8851,3476,11927,12312,5019,1568,7328,8354,4259,4007,8235,6444,5759,4400,10290,9526,10295,5689,9280,11329,3908,8900,7368,4172,5199,11090,5974,2778,11484,6750,7008,4705,2786,10851,2274,12908,1265,4218,10875,10877,4863
3080,11529,8974,1680,10001,6296,1689,7832,11293,11171,2472,6313,3882,11049,10673,5811,439,8759,61,4543,9924,2813,8523,11468,5838,12624,209,12279,4437,11733,7130,247,10715,7517,3679,6879,226,8034,2663,4967,6121,11754,12398,8047,3056,3701,10871,7930,9463,10749
8576,6657,6784,4739,132,1409,8328,265,7304,6411,8843,6674,5268,6423,5787,9887,4130,6448,10544,11698,5299,7352,9017,6209,8005,3912,1738,6090,9549,4815,5970,5209,986,4444,9693,2787,5604,870,5095,2152,8297,11755,5230,12017,5362,1011,3571,7542,7546,2175
10498,10116,4868,2057,9357,2957,6930,1172,6039,10393,9627,7836,11040,9890,5414,9639,9640,4009,425,10033,1202,9396,4031,3778,5827,6725,968,2896,2942,10324,469,726,9685,7000,348,9182,5598,7009,356,7396,5991,2410,10730,2924,2285,5616,1399,1784,9466,1534
5128,4108,4497,5777,2068,6164,12310,4631,10645,4377,1950,8222,7839,2849,3744,5668,8996,7076,8230,5160,1316,4522,6442,11307,3379,6199,8634,1083,2491,4155,6719,4674,1225,4938,8011,6220,10959,977,4957,2527,609,1892,1387,4972,3309,3438,6769,2162,9332,2682
11009,2436,7816,8714,2314,10768,3857,7698,9623,11671,281,2845,10532,1188,5798,8742,6312,7853,9776,7730,1587,11314,4921,2879,1088,9152,1348,1222,10318,4430,3026,11219,7636,9427,856,7771,4700,8925,2269,10338,743,6252,7020,11760,11121,241,7152,246,4730,10494
7680,7556,6150,647,12553,8074,10637,11536,12561,10771,10903,7447,8601,8989,8221,2973,9373,9383,42,939,7467,9132,11182,8623,10417,9011,4407,3649,8265,7370,8650,7499,330,12745,11337,7760,10447,12242,1491,9683,9426,11358,9823,619,5613,2673,10353,6651,8829,11647
8322,6664,651,9358,12814,10896,11408,5394,11155,5269,8342,3096,6298,2588,3358,3615,6176,12709,3754,298,3117,9654,4662,2744,11964,6973,9796,9028,12356,11335,5066,3152,5200,8530,10709,11095,11746,484,12007,6889,8683,11372,11503,9201,7922,8434,245,1528,3322,635
6401,1412,772,2311,6282,1402,7314,8595,658,791,6555,8225,9122,2214,551,3624,1326,1454,2737,2482,4914,7733,6203,1725,2878,2684,5057,9027,8776,2891,8780,2253,2513,1109,4310,981,4571,2140,7391,2156,1773,4592,1521,4598,2934,6393,1658,4347,4348,5885
11010,4359,4105,9865,139,6546,1301,10134,8725,2840,2844,5406,11935,8224,1694,5538,7207,12457,12074,6958,9903,4402,180,9910,12343,10171,6850,9539,8132,11458,2246,9160,5834,3275,211,10581,5719,10204,11230,7135,8803,4836,11237,5861,8808,1384,9455,5237,3063,9592
8966,6407,3464,6536,7046,11787,6668,11917,11406,5388,3600,10764,10103,2966,12055,5784,7065,11799,10652,5407,9387,9260,10414,4145,9138,10291,6458,11194,10691,2500,1351,12493,974,11988,2517,10712,10713,7129,3291,8666,990,5858,6632,3051,3310,3697,4470,11511,12667,6396
2182,7051,5515,8975,656,4370,914,10389,4991,408,7193,7711,416,4896,3362,5796,5030,2087,12713,8361,4019,1590,6459,7228,11451,12098,8643,450,7876,5701,12485,9544,6089,4942,11731,1494,470,1753,12761,8930,1260,4205,622,1906,1779,10740,2803,12534,4216,2047
9988,10758,7559,6792,12045,5136,12177,9876,8216,7457,11810,10916,11045,2599,10024,8489,5161,2989,1971,3125,12470,11065,7865,10173,2238,12480,8001,11464,1869,7765,5208,9050,7003,10723,2021,10854,3816,4200,11242,5612,11373,6512,6897,888,9973,2421,10742,6902,11636,508
7810,6915,7170,12679,9863,5767,9228,10513,2710,5143,8603,10140,8861,1185,7333,2343,7082,11439,7087,6322,10937,1210,7996,6333,9278,7105,5443,6083,71,4552,9035,10315,8397,4944,10583,1112,10585,9816,8155,11869,4201,2921,10987,8044,9837,5227,4463,12149,7035,6911
2692,2567,11144,6921,8076,3341,3470,7951,11793,9492,9341,4248,8229,7334,1704,10671,3122,7603,11319,7610,1852,2366,4670,5952,8385,8770,840,8399,7631,4692,5718,1498,2139,3422,3680,8675,611,8933,11108,6508,10990,625,2033,11761,9334,5752,9465,1020,4861,254
8321,1666,4999,10507,7947,3216,6548,9114,9248,8481,8740,2854,12456,5800,8106,1707,11448,12089,3769,7613,5182,6591,10557,5185,8514,8004,4678,5190,9419,5069,3281,5457,851,2388,9301,7512,9947,10207,2528,4452,6248,7400,6762,4973,2034,8180,3445,1269,630,5246
642,4098,1540,6,646,4232,1931,911,4880,146,659,5657,3225,6172,157,9116,1564,7456,11933,12068,4520,169,2731,1197,1328,4280,2174,572,6463,1599,4289,1730,3524,965,3528,1233,6614,2906,1504,2533,362,3563,108,1770,12666,3958,10362,4350,2045,1150
897,11651,5252,1925,4873,3595,8718,11537,1814,9751,4374,9750,7959,3361,1186,1318,4263,2985,2349,4272,6320,9267,11959,9016,442,2752,7623,10440,6474,8398,2257,10965,10966,1881,3417,2651,10202,12125,10848,9441,5857,10339,1509,8167,9833,7786,372,3957,628,9085
4742,7815,135,7177,5386,5772,11669,2329,12059,8860,9629,2462,4642,11432,11817,2728,9773,2350,10030,12079,6324,12727,2617,8378,4413,11584,9923,12355,10823,10444,7375,7505,12754,11610,2268,7900,11102,11103,10591,6499,2404,8037,7912,5611,11246,7153,7410,7539,8697,7164
10882,8963,7689,8721,1681,11795,11416,12570,11036,10781,4126,5029,6824,3119,10672,7216,8116,11062,1463,1847,2233,10550,8763,9533,191,6338,9538,10699,2764,11347,2815,5590,5239,10714,11737,12153,5465,8159,11496,1519,1136,9073,11890,10227,12399,7159,10616,7289,6012,12543
9857,9219,8964,10372,901,5380,8202,10510,8079,7311,12178,7699,3348,10137,285,11427,6052,11557,9779,10164,10166,5051,8252,10952,8520,74,4811,9164,1612,3916,7247,2256,10577,10578,1744,5966,5972,2134,5334,599,2908,7647,11104,11363,3817,8043,8567,10488,8057,7804
6276,3977,522,4107,2060,4236,3725,3855,4493,4883,3221,3350,8477,5664,6561,4002,2723,3750,3239,3112,1064,5545,3242,4649,5549,4138,5298,2483,6583,7353,3131,8893,3264,2369,7747,6342,9033,3149,1617,5842,6995,6353,2005,5078,3030,6486,3036,1888,5219,4709,2149,5739,3691,3055,4083,887,2556
8069,5640,6924,6925,1556,11032,7708,7581,6046,2208,5025,7972,296,3755,8107,4015,1711,5553,10802,7356,1855,11202,2884,9291,5451,2897,11732,8535,1496,7385,1120,737,10594,1507,503,357,7910,7911,5224,1644,3821,7278,365,4979,6516,4469,8182,6391,10232,5621,2037,2939,2172,3709,117
11136,1537,12033,10244,4101,777,12809,12041,10766,6800,12304,8723,11796,10643,8083,6938,11431,6697,6699,11308,5933,12203,688,9652,3893,6202,6972,10556,11199,11456,10819,7752,3535,7121,12499,2772,4436,12244,11223,10199,12407,10972,7389,2653,12385,12283,1775,6384,12527,11250,9203,12663,9977,7803,12284
12165,3463,12168,10248,7818,7948,11533,11919,7568,7313,7825,7700,10012,9763,10915,11046,12071,11945,9770,9648,1968,7987,7219,10808,7993,10042,11193,5820,10300,7621,11594,11089,10194,12243,10838,11862,9820,11997,3677,7264,9702,12263,11369,12270,10607,3953,10225,10483,12276,7282,11126,11895,12146,4220,11901
266,9485,4884,6685,3883,302,8503,8761,7739,316,4943,3923,6996,347,7518,8801,8290,12386,4199,1134,2419,7550,5257,2701,4238,5264,660,7320,154,6307,677,4518,8360,2736,4017,4276,6326,4022,6847,709,4302,5586,5080,733,7390,3296,4584,9968,5624,3834,1276,7677
6157,12302,6158,6669,12305,4635,6691,8233,12331,2604,8240,4146,5184,1091,6219,12365,5198,5201,1107,2645,2143,610,10342,5735,8815,5231,6267,9852,5248,5256,2717,9901,9908,3768,1212,5313,1219,4300,1742,6871,5847,6366,2294,4857,11006,5385,8465,8984,5405,9505,1315,4906,10032,314,4928,4422,327,843,5456,4951,5975,2393,1370,865,4460,7535,5504,4998,5518,5521,8596,10681,8633,4539,6075,9154,8136,5064,1487,9181,10206,999,4072,1516,6124,6652,510
8195,9861,9095,9356,7697,4500,5525,5401,8604,2718,5152,4646,9511,9510,555,2221,5423,8379,1085,6589,9279,9536,8640,5825,9541,8391,1224,9418,9678,8911,5072,4687,4818,8532,5593,9433,8674,12644,249,8679,8552,5356,505,5102,5487,12665,1914,8699,8828,9086,9215
9349,8581,2056,12426,523,2700,5900,4620,10255,5648,9231,8466,8598,3095,9368,8090,12571,7325,8733,291,4387,12579,9512,8491,3886,8753,7605,8506,7483,4287,12611,588,12238,4559,9813,9557,861,8420,8676,5348,8807,359,3306,10603,3564,2669,11123,4723,5495,8444,8958
4865,9476,8709,12680,8330,11915,5647,4626,5781,9494,5015,5534,8864,8608,12452,5412,422,9129,8874,9131,12078,818,9268,9784,9914,8511,9920,8386,10435,9295,978,4820,9174,9559,10840,472,9818,1499,8668,12638,10980,9829,9062,9060,8426,9072,9329,9330,9200,5756,11005
4608,4484,4488,8457,12815,8722,12562,12692,12822,8473,12828,8735,8738,12451,8739,12710,12327,12587,12591,12464,12726,12473,12730,12604,12732,12738,12484,12740,4550,12615,12619,12620,8655,208,12752,12629,471,729,8542,12769,12514,8802,12517,8421,12649,12662,12408,12793,8571,12541,12799
11777,389,10374,9222,9224,5001,8841,12170,4876,9867,10384,12053,5144,9497,4008,9513,9134,7728,8501,8891,9788,12476,4800,8387,12739,4934,8775,12488,8651,844,9292,8910,4684,7888,8657,11472,12756,9176,8796,12766,10593,9959,8299,7788,5357,9709,9071,12654,4604,10366,5631
8834,9091,8451,514,8586,5646,9621,9877,9880,8729,9883,8988,9634,4899,12324,4773,4904,8875,9771,8365,9389,12463,9775,5679,9009,9140,9653,9913,5056,9665,9024,9284,5576,8904,5194,9810,9687,8537,8921,8798,9059,9572,9445,12775,9707,9067,12782,1393,12538,9469,639
4352,11654,4358,7569,10002,6291,9363,12309,9493,4373,9495,12316,9244,11679,11813,10662,8613,5672,12200,12714,11563,8617,10157,9263,11699,12214,12599,9275,12603,12605,8507,3519,9281,10179,11716,12741,9675,8534,9175,8541,9576,9578,10219,8556,11629,9712,8435,3956,9718,11772,7551
11522,12547,12677,9735,10632,9739,12052,4244,12567,12057,12573,12063,12193,3746,6435,8485,11558,9895,10022,12583,12458,10031,12092,11841,12612,2119,12744,12235,9804,10572,11725,9677,7762,12114,12498,12371,12507,12281,11998,9951,12640,12004,12518,12135,12390,12522,1901,12402,12537,11514,12542
12802,11140,12806,10759,11400,9352,10889,6794,10892,9101,12813,11291,12699,12830,11297,11047,11435,6959,11311,11443,12723,6965,2871,10683,11965,12735,833,11330,9415,8905,9162,12746,10827,11218,10710,11992,11097,473,12762,11481,11359,10976,4959,8928,12772,12774,5350,2923,12784,6131,4987
8320,7169,1032,4622,6032,3984,1943,4759,2713,7191,6299,27,1051,3607,4127,5409,5537,4643,166,8877,3376,304,8882,1843,2611,4274,1078,8631,3000,9399,3012,3655,6728,329,5065,5323,1611,4935,591,463,3665,5844,2904,1497,4699,8544,8545,4450,6882,4704,2913,3684,4586,8940,6256,8692,501,2548,5749,3318,6645,2933,8827,511
11393,8450,8836,12294,12671,4360,9736,9225,12299,8204,11916,4110,11918,7432,4753,12306,8211,1939,8852,4630,6814,9759,12832,3874,9762,10405,12069,7595,4790,7863,11063,9271,9786,54,6461,1215,10432,12482,578,4294,11463,464,4748,3157,10839,4953,11871,11105,3682,12770,12771,11519,4710,11494,6502,2273,6247,9713,4597,11125,12790,10618,8831
1793,6529,4427,2947,1286,907,6284,662,4887,6169,8346,2457,5532,3357,2976,10148,5156,2857,4010,4654,7214,5809,1586,3891,7988,2353,4278,6195,4792,8889,5307,7740,7360,6082,6722,198,967,3400,5577,4297,7883,2636,7501,3918,2252,1228,1359,6354,2126,9172,12372,6104,4697,4184,988,3933,6238,2911,2781,9319,8425,1003,4209,10226,4980,7029,8822,5880,1659,892
7040,10369,2818,6272,900,5381,12422,9212,9615,6288,8338,663,10138,10523,8479,12449,5154,5539,9980,12325,9638,7975,1190,12330,6447,2480,6193,10930,12467,9012,9013,8118,4149,8370,9529,954,3516,10941,5054,6079,12481,1988,11077,4164,1352,10569,9546,4298,9168,8284,2654,9183,9440,10083,10596,9316,6755,9832,2025,9706,6376,9326,7024,10738,9586,5110,3193,2170,2299,9724
2113,1945,1545,746,684
8122,1313,5522,2696,3849,1562,3982
1794,2946,1795,3589,7814,1416,5514,5004,2065,6162,3987,1686,2455,6166,1819,2338,9506,5799,5931,9006,3247,12597,5941,6967,3640,3255,1084,3901,6975,6976,7104,5442,7290,5193,6347,2507,3195,3151,7251,1879,8152,4955,6624,2401,4835,744,5610,6636,3181,3949,6770,4082,3446,7034,6779,1917,6655
3584,2305,3585,12803,5764,3336,3343,1428,5654,6678,7327,7967,6562,6947,1446,12712,6569,8749,6446,3887,8625,5554,9650,7860,1077,825,2490,3770,8636,8896,3905,6399,2243,6986,3788,2381,6990,2383,8912,857,4576,7398,3815,7914,1772,5869,1518,8175,1777,3839,9460,3319,5243,3708,3326,9855
3072,3717,2310,1799,3208,393,8073,5003,3596,1289,2450,1687,3991,3098,3483,8987,2975,8993,6690,5027,8866,2853,5288,4905,10539,6059,8109,1714,8500,2741,3508,5686,6586,6330,2494,5695,704,3007,966,2886,1863,5961,4044,7885,973,2131,4821,7898,5087,8417,2407,1898,9964,7662,7408,2161,7536,7028,9461,7669,4725
2688,3328,8075,11407,7696,11411,7705,11420,12061,1824,11425,2339,11174,9981,5929,11822,6704,11569,11442,11828,1845,11702,8120,10045,7103,10944,11459,11972,5955,5830,11975,9926,5963,11346,3539,10962,4051,2649,11609,1243,11100,2532,8038,7527,9194,10481,10099,7925,7418,7932,11645,10110
7296,7552,7939,1027,11526,10247,10511,6290,11158,12054,11673,6810,2586,3104,8099,3237,10799,1969,3506,11826,11188,6328,11578,11002,10812,10811,11327,11839,7235,3780,4677,10822,7880,9931,6476,6987,9935,10066,9939,6747,10978,10982,10345,7660,6125,11116,9199,3824,9205,2935,11769,5882
3712,10115,12163,10377,2698,3340,12172,10386,3091,3093,10261,11031,3864,11035,10141,11556,7205,3881,10922,10412,2734,6319,11957,10421,8895,11588,2761,10954,3405,12109,7117,9936,3024,12500,1364,11864,5211,12126,11360,11616,12282,11236,10472,9961,10858,10477,10993,6773,1782,5623,6520,6650
11141,4870,9991,10505,10508,7053,10127,2321,10899,11925,12056,12185,7194,3481,12062,2335,12066,7586,10530,10408,10410,11955,10420,693,6198,10043,3137,10050,11204,11845,11340,10830,12496,7894,11480,11993,11736,11867,3804,11743,9825,10722,11619,5475,11109,4071,10217,7021,12021,12150,10872,11771
7425,12934,12935,11914,9868,10509,11663,10515,1813,3605,10651,11423,12067,11173,11176,10280,2478,6576,11954,11322,7161,10689,7361,12870,2503,9289,11849,11595,8009,10062,6098,11348,10074,10845,11617,10082,11747,10211,10340,10216,7658,2796,11118,5232,12913,10096,9585,9976,2681,1146,11134,5887
10755,3334,3721,10633,11402,3210,3724,12173,7702,11926,10776,7329,11042,10019,10149,10535,10920,11948,11693,10925,11437,6450,7349,7606,12216,6464,11074,7879,6985,7498,6859,10953,11214,10319,7380,11607,5982,10079,3681,8161,11240,8041,10984,5867,7531,11115,10351,10992,10354,10490,11261,6783
11016,7561,12174,11666,11283,11028,11809,7587,3363,11811,10531,10536,11562,11052,11053,8111,10546,3507,10807,7359,10048,11332,5317,10309,7239,2248,9927,4941,3283,10835,3541,6743,7768,12120,6875,10459,9821,12512,8035,8164,12005,6501,7655,11112,10986,10094,7921,10995,10102,3579,1149,1151
11266,8072,11913,779,10130,10388,5270,10017,2337,11688,11312,11446,10427,11324,10429,11710,11639,9407,7364,12229,12103,12105,11210,12233,12234,12237,10445,11345,9428,12116,9814,11092,6109,11357,863,2144,12255,8805,8165,8166,11370,3436,10348,4717,2800,1905,3828,11767,10106,12795,7165,11390
12032,12036,5765,9620,11414,12183,9752,3993,11929,10142,10014,5536,5410,12195,12196,12201,12077,10413,11949,11952,10678,10169,11834,10553,11455,4801,11457,11843,12227,11969,11334,10183,10441,1483,10576,10449,10837,1110,11989,10844,6500,10474,11627,9708,10475,10611,2293,3062,9335,12155,6270,12159
11657,9097,11659,4891,5278,10784,11555,4771,11179,7342,11983,11600,11599,9938,9941,11605,11611,11391,10849,11107,11750,10598,2664,7404,5497,4095
11008,7430,12039,10763,11539,11543,12060,8862,10145,10023,10923,10284,2862,9270,4924,11333,859,3292,7918,9076,11380,6644,11000,9081,1915,3455
10497,11524,9738,10251,6671,10264,10271,10789,5671,7976,3373,5677,10159,10543,9521,2553,11568,7476,12083,9911,11576,11833,12088,7611,11963,5186,10564,10949,9672,5705,11465,12110,10703,8019,9940,11479,6625,11745,4707,6116,7395,11111,9831,12015,10864,12273,12921,6259,10996,10230,9720,1913
10246,10249,11786,11785,11151,10901,10774,11033,11163,11807,12070,10152,10037,10933,11070,10047,10436,10692,11717,11847,11850,11851,10060,10061,11854,12111,11728,11859,11007,10200,10073,11739,7644,10209,10210,12006,12138,10091,9965,11119,10224,11249,11122,11251,10484,12145,11254,10482,10991,10614,10101,11903
10496,11137,3714,7427,11396,7808,6672,3090,10132,11924,10520,10011,12187,10527,7969,12194,10917,4006,10407,11048,6953,11820,9772,6317,10677,7989,6072,10945,6084,10437,9928,6601,7248,10451,11603,10455,9950,10724,10214,7016,12009,11114,10089,5866,10861,11120,9206,6519,11897,3707,12028,10239
9601,10754,10753,11909,11782,12167,6534,11655,8970,7435,11789,11153,9240,3354,6434,9765,12198,2727,10028,9005,3892,9783,11321,11709,9283,12228,11461,11977,11979,11981,10958,11601,11857,12241,9812,11473,9430,12250,10203,10974,11877,10215,10473,12266,12141,11502,7927,12024,11513,11770,6908,7293
9218,1922,10119,6535,12171,10005,12182,10007,11545,12698,10524,2077,9761,10403,9726,10791,3114,10669,10491,4912,11313,11835,10687,10176,7875,6981,11848,7116,12492,10833,5843,12118,10584,11483,11099,11229,12251,8413,7778,10979,9061,6757,10728,3304,10346,10092,12533,6518,4856,9467,11388,7166
4097,6658,7682,4102,8199,8967,1031,12554,4875,11022,7823,4750,273,792,4251,6302,6819,7971,8997,3747,7981,1709,12335,12207,5424,5682,2355,2358,7992,11705,4666,4292,4805,3271,713,3147,4940,8141,3280,5712,6738,3667,6359,4824,6112,2400,5605,998,8040,7273,4458,8944,7664,6130,9840,499,5622,759,4988,3965
12416,8065,12417,11911,9353,5642,12685,10382,1809,7186,12819,7317,10908,7842,11683,10788,12322,3878,10027,12459,12717,5167,12208,12209,12593,10932,11958,9143,4024,7098,10554,4156,3773,11967,10943,8769,11713,11587,12099,11073,11460,12490,12494,11221,11353,6876,10463,11234,12389,8550,11881,12265,10985,12013,11888,9969,8566,11510,11130,12157
6913,7302,5258,5387,5389,3471,7319,8088,4375,6427,6303,8480,7841,5883,2851,4265,6060,5932,4910,8752,5296,4542,4417,6599,5965,6222,3282,4180,6230,3671,2520,5338,3547,8924,6749,4575,5343,7649,7779,3045,4326,3047,2668,3693,4844,8693,9207,6776,8187,5116
130,3205,638,8591,3215,10257,3473,3992,7962,2204,3998,5665,1954,3875,9000,7849,1962,7469,2735,6832,2481,5938,6452,7094,3382,6456,3385,7226,9146,6200,2938,5569,7878,1355,2259,7764,4308,1113,985,862,8800,6496,3554,8293,5990,2920,6377,8810,5482,8816,7924,500,6906,8700,3838
1921,3970,3590,1419,6027,910,2962,4505,7066,7067,2041,1696,675,4644,934,1575,2346,7084,10285,7470,5422,5041,3124,5559,2428,4283,2620,6592,3136,12354,8772,6598,2890,8010,7372,8782,2385,8156,5725,8185,9055,1758,4194,4712,9320,1258,7148,6129,2163,6388,1912,8825,5627,2300,7935
12160,12670,12421,12551,3212,9487,10000,12307,8213,8214,7190,6936,4761,6170,8218,11164,9755,8731,2198,11808,11424,5540,6436,11304,10801,12338,3123,6584,12347,12349,6398,6077,12353,1602,11076,6086,9543,467,12375,12633,12765,8286,12382,12384,3039,9058,5091,5222,1386,7806,109,7283,9719,6265,12286
8704,8971,4380,7452,4903,1065,1066,3113,5169,1857,6468,9032,5709,5715,3931,3167,5493,1401,5503,5505,5250,5507,5510,8329,5513,4862,3983,4245,5526,9367,6042,6043,8351,6051,4005,6311,9127,4267,9402,4028,7872,5071,5335,3803,5344,9196,2797,4590,752,5620,5886
2694,4872,12425,145,1619,12438,12440,7321,12443,3101,12446,6175,6048,8353,6818,163,1886,5481,2743,8306,8307,12403,12405,12406,2742,2557
5378,2501,8262,8071,7560,8842,8271,8337,6545,7441,8788,6999,7896,3287,12378,4188,7133,6367,4255,6943,11554,12515,7908,4198,6120,9003,3308,12397,8303,8304,6835,9975,8890,8442,187
6277,7175,3593,9359,9489,3346,2835,6161,4629,8985,7838,9120,8736,8611,7461,8615,6568,7466,6955,7340,1199,4789,3254,6840,3514,6331,2748,1722,2112,451,7492,7619,9417,8267,5077,2773,10328,4057,2267,9052,7645,5217,2658,2148,7013,7015,7529,3565,3951,883,1140,1141,5877,8447
10112,9477,12300,9361,3990,7063,8344,4120,4636,5021,7582,8349,12320,284,3996,3236,7077,5542,4900,5291,7468,4525,7983,12211,820,821,3251,8375,6585,5822,3391,3521,1220,6597,4423,7625,12362,6345,3662,6608,8916,6233,11490,8163,5988,3171,3175,5098,4842,874,3955,10739,6010,5372
