3969,2,4100,5508,2180,3847,3591,394,13,787,10003,5272,4506,5020,4125,2719,32,3490,2340,37,2981,6310,6187,4780,819,2615,1337,830,2244,3018,970,5710,4561,7508,3029,6869,7127,3031,7262,4446,3935,994,741,9703,3562,1642,11244,3947,618,6000,4081,2546,884,4213,6390,2551,4089,763,2430
2689,9730,771,6923,3853,4239,2704,4754,6802,8980,1563,10396,411,1435,7707,1441,4258,553,3503,3120,2225,8627,1076,5046,2105,60,9021,1471,3523,3652,202,2251,6861,78,8014,7763,1238,3288,7641,600,1248,1635,4067,107,4204,1780,6004,3577,6395,3453
4485,4745,2188,912,3863,922,924,2205,2846,5920,290,808,1320,3626,424,814,46,2096,435,3765,1720,1594,3771,443,3133,4290,1732,2757,454,6469,7748,4682,5450,2509,4816,4945,4434,1492,1620,4566,3416,7642,231,8169,877,2927,5241,2685,1022,4223
4864,4481,3715,5124,3975,6155,4751,6031,10641,2837,2326,4118,10390,5016,5916,5149,1055,419,2086,6183,937,1837,10286,1331,4918,6839,6327,5179,1469,1472,1353,5196,7253,9305,991,1632,7904,2017,4322,3940,1380,2279,5353,5359,3441,4726,4600,506,123,5240
4605,260,3467,6670,6928,3349,6937,6682,2331,7585,4645,2088,1450,1964,3884,1836,3759,6321,3894,3127,951,2622,2240,1090,452,200,2505,4432,4689,7634,8407,3159,7511,6362,8287,1377,482,613,3173,1253,10856,7274,1259,1005,3185,3827,3700,1012,6133,509
2051,5637,2822,2186,8588,1295,8979,5652,4117,661,8471,2325,4378,5403,10151,2861,6063,2356,4151,3899,3266,2629,1478,3015,6088,1993,4686,3663,2768,3025,2001,2771,1754,3936,5728,2657,608,4965,3430,2408,3305,4716,3052,2544,3699,6006,2423,760,4986,5371
4866,4995,4619,143,3601,2323,5656,5785,1821,542,5670,1960,7209,682,1204,3509,3129,1466,3517,3134,2753,834,6210,2756,7109,4424,4555,1999,5588,4694,2395,4956,1757,4190,352,7137,4833,8291,8548,6627,3944,1257,2282,1137,3570,2164,5884,4349,6526,3967
6151,2055,6153,7690,1549,1294,3859,277,6424,3865,3994,4381,3999,8992,3234,2724,294,7080,6314,6316,6833,1461,2874,4923,1470,703,5312,5061,6600,5321,10056,1227,8907,6864,90,6363,1372,6236,3327,6244,2405,612,7784,1640,4728,5878,1400,4602,2046,3071
7813,2311,775,5261,3475,4499,1173,25,9498,10779,7069,3872,676,3749,6566,1447,2216,1061,2218,5034,1324,2733,5294,5416,5168,3635,183,2495,3135,2508,7757,1230,1360,5840,4433,1747,8404,6102,1503,1508,8441,103,4713,3053,2799,1908,6132,8564,3321,4858
2304,7554,7042,3206,648,781,1042,4501,29,927,2977,2467,1573,3238,7338,4139,2348,4527,4143,943,8371,186,3259,7355,4036,1221,6346,842,7118,1743,82,5463,217,3807,9056,5983,3551,997,3307,1004,6126,3442,9715,2805,2677,2807,5365,886,8698,6523
3074,2690,7044,7174,3207,2697,2444,1039,18,11542,7835,4637,4510,4895,800,2085,7974,3625,2044,5037,5551,4528,437,5945,3006,8383,5570,2376,2940,1096,11080,6483,1109,7126,2775,6485,2521,3034,7039,2014,7519,736,3806,1762,4465,1527,5368,3196,4222,11135
4224,3586,8838,4487,6281,655,3218,6420,3736,409,1277,539,3741,932,4392,7593,3497,2091,4781,174,8367,2352,4785,1589,823,6074,2877,7743,1986,4165,5574,1101,6991,2129,5713,6227,2004,4696,5723,3932,2141,5215,1378,2150,3180,3959,6008,2042,6268,2429
3202,4743,1934,8848,8977,1298,5268,4893,1310,5022,2720,2081,8355,1318,4135,3757,4653,3631,2232,5433,4795,318,2627,4932,1093,584,1737,1865,3661,976,4691,9044,3668,2903,88,8920,5210,474,8669,224,6626,2915,354,4459,1899,381,3572,6900,5367,4093
9088,516,263,2955,5516,2572,2830,1678,271,9996,3980,3730,4235,2971,669,925,543,4385,4393,7984,176,817,8504,3515,10815,1727,1984,1862,6727,6471,1354,459,6477,4306,2644,1624,3674,3419,1116,1245,7393,4578,5732,1130,235,4589,623,4855,8440,3451
3329,3460,4486,2441,7178,3852,7950,3345,2961,1302,3479,156,2079,2721,4514,7458,6178,5281,3745,6438,6572,6062,2863,4656,2100,2359,5432,4026,5053,320,1216,4681,6223,8272,3669,1626,4186,2394,7261,5090,7144,8301,1904,6899,1907,6263,2808,2809,4474,7675
387,5254,4365,6418,7958,4632,794,155,7068,1950,1443,7204,4261,1955,809,2477,6702,1972,4532,5045,7494,5703,3910,716,2637,3792,4563,1621,2390,2777,4442,478,3552,4195,7523,229,2791,6888,2793,489,7019,233,4073,1650,2676,3061,2679,8056,3325,5758
641,6531,5251,645,3720,3209,1804,5774,1679,3731,8212,534,5145,2458,4766,5795,8228,5541,6058,938,8495,6716,2876,190,5823,5568,7873,2498,449,3142,3527,4679,3914,1741,1104,1488,3285,3158,2261,4565,5596,4830,8799,6754,1254,5480,2413,3183,2427,5245
3077,4869,5125,7431,265,4362,267,4621,2447,7195,5276,33,8865,2211,2222,7727,4531,1791,6713,7609,2363,6590,836,3576,6217,4554,6603,6858,3277,6736,5073,3793,2646,4695,3802,1883,92,604,3166,5604,4708,5096,6761,747,8824,2292,8696,4729,1406,2175
1543,137,3472,1683,2451,1684,2712,8730,1436,1181,5277,5026,3107,9123,2852,6693,7596,1069,5934,7088,2354,963,453,3143,2632,1866,6607,3028,852,3798,726,5083,860,6364,609,1252,10597,1771,621,1774,2542,5488,1265,3314,4978,6387,5108,5619,5753,4479
1792,1153,4,1028,2054,5769,5770,6540,1933,909,4878,919,6425,4252,5661,8482,8226,9508,1956,1830,5035,5420,9518,1967,7346,3644,6080,3908,6344,8392,1100,8144,6612,8790,218,8028,9053,10077,3294,8672,6493,2912,3043,5865,7146,5101,4847,5111,6397,7167
9984,2049,2561,6019,4103,6408,908,14,10639,9106,8851,2964,3734,1817,1948,6942,6687,5408,2209,2590,3619,9124,10020,5805,1841,2610,6962,308,5684,4288,580,9158,3783,5831,3786,2765,5711,4178,8275,9171,3415,2137,606,2786,2794,875,5484,8309,1016,6521
385,1677,7056,3088,5655,3224,537,2969,1946,3352,1565,6167,8478,4256,4897,2848,3621,10283,8236,1839,3633,8884,4405,5306,2624,3777,7746,5059,3401,4556,1616,7379,6611,5203,2774,4439,346,222,1376,4451,2660,4324,4585,2154,5995,3695,624,6771,9850,2811
9348,903,6666,527,4496,3217,152,2714,7323,4769,6563,1701,6185,3370,172,812,6190,1663,4013,3889,4663,1340,6462,2245,4553,3530,3913,4428,9293,5453,6479,3538,2515,4435,3414,215,344,4312,3290,2392,4316,3818,7147,5229,2670,6128,7538,2931,7286,4607
2563,6532,5126,5132,2575,3856,1936,1944,6683,7965,6430,7584,6306,3364,5926,4647,168,2093,4404,1973,1848,3512,570,4027,3002,1853,2875,5183,6337,1103,80,9682,3670,1367,93,1501,7392,5987,3556,1765,361,8939,4075,8941,494,1900,4461,6647,1658,7676
2817,3073,3843,5893,2184,2953,8972,1275,2449,1308,6047,802,5028,4516,6696,3241,940,300,7599,5681,10034,5555,5557,7478,5566,577,2499,5572,6733,5582,4307,5591,4056,4825,3418,4698,2139,2397,8793,2146,3813,6635,2412,1388,8300,4467,7798,5238,4347,4734
5249,5894,1158,2826,8335,2960,1554,6419,8981,1175,6044,1052,7709,1660,2083,1060,9381,4776,3369,3756,5807,4147,1718,4408,4282,2751,6849,5697,6723,1987,5573,8774,332,8653,3537,8402,2641,4060,4321,3937,3170,4963,7394,3950,4974,2416,1786,1916,3581,3711
3330,7172,2823,9992,9483,6412,5392,2193,796,3229,7583,1057,1570,2596,6437,5548,4012,2994,3379,10165,5944,5690,5819,2108,9790,9535,8128,8773,7113,7245,10446,4305,2898,7377,7125,1240,6365,2271,4320,2274,7651,2789,3559,4473,1769,6893,2032,3187,5881,5119
2176,3840,2179,1164,6414,6289,1425,7828,4886,1947,2075,7712,164,1700,4902,7719,7465,2474,3116,5550,47,560,7729,1713,2482,1719,8124,8637,4797,1468,7745,3651,2628,5445,964,3141,4937,1997,3150,8405,7381,4952,4706,9827,2147,105,6891,6389,5244,893
7041,9987,7047,3468,1551,4114,7571,20,2841,3227,1820,158,31,3233,1058,4001,1572,8356,2082,4519,2601,8238,9777,7474,2738,3377,4409,5562,3387,4153,4158,959,4680,7115,3404,847,1371,2780,4191,5985,481,6628,6510,111,6768,7155,1269,758,2682,6011
512,3200,6656,8448,644,1414,5000,4744,9226,11279,4112,1427,2967,1303,1433,5019,3612,3487,4128,5794,3110,1193,4137,2864,8113,7218,5171,1073,7735,1721,6204,7229,62,5949,3262,8008,2763,4304,3154,3411,1235,95,2276,2026,5994,367,6514,8053,9083,5629
1284,9604,9221,10122,7436,4749,2448,786,916,788,9364,2460,3106,7588,4901,2730,7212,3500,2606,7856,9264,438,9526,4150,8121,2301,9527,955,6588,962,5191,5964,6866,3162,5726,4703,7008,1639,3943,5609,9960,1387,3820,3437,5998,2678,4859,8061,7038,383
1536,4480,3078,4363,7691,9997,4752,8464,5141,1048,1177,4890,9637,6442,5418,556,7085,3118,7090,1588,6069,6843,7484,4029,5950,8512,5316,3013,10697,6988,10831,4947,596,2264,4569,9688,349,9566,3295,5854,614,616,1389,5874,2036,9204,5494,8823,5115,9598
3331,3084,1037,6163,2963,4631,8986,2970,1567,160,5544,4522,3371,1071,1457,7217,7475,2101,7352,699,700,2109,1723,8255,3776,66,7874,4812,339,6867,1493,982,6613,3412,3286,6357,1628,1756,1502,351,4449,7783,872,2409,1132,7790,4337,1015,1272,7548
4356,6024,9484,269,1550,3726,16,1808,2578,8719,7956,5910,3606,3480,5023,4396,2094,1201,2098,1334,1211,3004,9660,447,1856,1603,1989,5063,2891,8269,2510,2900,598,7899,2784,738,7141,8039,2919,9323,4587,2672,7793,496,3315,7412,1525,7415,377,5501
2306,4490,7819,6795,1044,7445,1174,6808,7706,4253,11038,6823,4526,6960,2099,7862,3766,2492,4671,7162,1990,1736,5962,3019,4303,848,2901,7640,9689,2778,734,7007,7010,4840,8298,8938,6509,7917,1647,1263,7280,370,4210,5103,2286,3443,3575,2671,6009,7674
3727,4369,6673,8595,5780,7326,929,5284,2342,4263,4909,1454,4016,3900,3648,6465,4043,2260,4948,728,5721,10339,739,8687,2558
3458,2187,3087,9235,8085,5146,1451,1582,567,3001,2365,4416,192,1092,7881,6094,719,6610,4440,1892,5606,488,882,2295,3064
258,259,7684,6148,3335,7181,4367,4627,5653,7574,5271,6300,926,8734,9504,6174,6692,678,1322,1067,430,563,6709,6142,6071,4796,2621,10308,1479,4809,2250,6473,1229,5454,3919,8525,6225,4564,7001,6745,2012,3945,7145,2030,6639,4594,4850,3574,3582,2431
8064,3718,3082,3722,3989,5397,1557,6677,6809,4634,5914,8982,1690,1822,6431,5024,4003,5413,3751,5290,811,1965,5295,3763,4915,6453,11191,3642,8251,5180,10939,835,7367,5195,6093,5326,3408,6480,11216,5974,3160,3548,5471,2534,749,6127,3440,7414,4091,5759
10880,1281,9600,5635,532,7061,9239,2583,3482,2589,3870,1439,3103,11172,9766,9641,6828,3632,4020,8117,695,7864,5561,10428,5311,8135,4426,3790,6097,3794,6482,3799,2010,10975,992,6113,5986,5603,11874,2661,5221,7139,2792,6379,3829,8569,378,9723,125,8830
6274,1156,6674,6932,789,3094,2199,9624,3737,3867,3995,292,548,3492,7337,6571,2347,8750,306,178,2484,56,2619,2881,6979,2760,8781,336,338,595,8018,725,1749,2007,2943,5337,8540,6369,5857,3685,6630,4711,3176,1896,7654,3174,2802,8314,4092,9727
6528,5632,4867,5127,5641,1674,2954,7438,1911,7961,2459,4123,5919,2466,1957,39,6826,3248,7089,5172,8244,2487,6711,5563,7490,4546,3522,1995,971,1614,8791,3033,3929,3417,1118,6878,2019,1894,615,9447,5993,4714,5354,8812,5871,2162,6002,7671,4985,2684
1408,3841,1665,3076,3462,3337,2443,3344,2071,8094,3231,7073,2212,1574,2858,2860,8239,10033,5170,2740,4281,185,3647,5824,4931,6724,6213,5829,5447,6606,4431,1106,469,5206,7002,348,3676,2652,4962,99,7397,871,2537,3434,3692,2158,1392,7284,2680,7294
8576,132,6020,8,6411,5260,2446,2190,2574,10775,5147,5151,2464,7459,5924,2987,9388,6573,4786,8755,2612,4277,4793,1978,573,4670,4286,2493,3265,4038,2639,4049,8531,2006,11863,4571,7132,8795,9441,3939,4325,870,1256,4841,232,4851,1011,2549,9717,4343
6400,3201,2562,1157,7308,4497,9750,6038,4121,7070,8222,1438,7074,1827,5668,7334,2737,7733,5175,8249,7610,2873,1467,3263,3904,6209,8257,6470,840,3915,4557,9549,2514,3666,8150,7767,475,4444,4317,7391,480,2023,2152,3432,1002,3309,7670,2040,7549,1278
7298,4874,1165,7183,6417,8339,5012,2197,1811,2200,5279,3873,2722,679,3895,5048,58,6203,4926,1345,4802,4804,586,460,7502,5327,6350,9681,1361,1102,977,342,7383,2905,9308,4961,6242,1121,8295,1767,1897,7149,4462,4080,242,3826,374,8439,10237,1919
8705,11650,643,1539,4737,3079,7176,1801,2951,6415,1553,2582,7449,7197,1699,2215,7213,1329,3762,4659,4787,9397,7351,4668,1598,4421,5318,5704,8522,1998,1871,9041,5845,10070,981,213,4827,5088,8288,1634,4070,3431,6887,1645,6382,9841,10612,4599,1018,7934
896,4483,2438,6663,8840,10120,3211,398,4760,3228,9245,4768,3109,1959,6440,1705,1835,1453,1455,4660,9780,1207,6842,827,9276,8771,3140,8388,70,1606,4808,1610,1615,592,1490,4567,1629,8416,4454,7913,4464,369,6003,1014,8190,1017,2298,2941,894,8703
5751,1672,1417,6280,3469,6797,5391,2702,529,1682,2577,5010,7057,2838,1297,2072,3618,1445,3366,3365,3244,2990,7031,3065,7485,322,5446,3920,5202,5716,4309,6488,3161,4058,5464,1759,9184,8547,1511,8424,3822,2414,1778,3573,8310,5879,6136,1273,3962,6909
3968,3459,1541,4231,5645,4756,3099,3360,6945,4130,4640,1444,5162,44,8621,3630,5044,1332,1339,5692,3261,4032,324,196,1094,1481,3273,2380,8013,6478,7378,8147,854,2519,8282,4315,4445,3037,5342,2914,7782,5352,2157,5490,5748,7797,4212,1530,1662,4351
2560,2432,7043,1669,8326,1927,9096,7945,9482,4229,10636,8461,6543,3222,3738,2469,10278,941,2996,1079,697,953,5308,5437,7233,7626,5068,6605,4172,9937,9302,87,8024,6105,6742,2008,2524,5213,6237,9188,4196,8557,1902,4206,4976,4086,119,4345,6525,4863
5889,1025,10114,2307,1673,10,4491,1421,4111,7055,784,3861,4758,930,1571,7076,7206,8616,1452,3885,5302,5178,3772,961,5058,1347,194,4041,2559,3403,3023,2643,980,3796,2396,1885,4189,2398,4318,8806,3048,7789,9070,2674,2418,7413,4598,7416,4219,1535
9472,6405,3719,7306,6026,5390,4879,3985,2580,22,5527,4379,2465,10533,5173,3510,4279,4661,7481,11450,10306,5188,6984,3657,9547,9420,5324,2124,7503,6993,2386,2003,1875,10325,2902,7637,7128,9304,8923,2907,6883,9828,3557,8296,7279,8691,6260,4982,7288,6139
7936,6659,7301,6791,5002,11658,15,4241,5396,6421,1431,1309,5918,9503,11168,6305,6439,6448,10161,6066,2173,1592,571,64,8258,8899,3448,3398,5449,9932,4558,8400,8151,3032,7258,476,4061,8294,9321,8937,2539,1008,9458,1138,11766,4087,9208,7931,3964,4861
1668,6409,524,3854,3862,791,3609,2207,3232,289,1829,1319,3367,3243,1580,10156,4018,6836,3638,3641,2491,2749,3778,4674,3394,708,5827,1868,1485,8268,10959,2896,1231,1234,6220,340,983,6620,3293,3298,356,7657,2410,8685,1261,5104,1654,2296,9466,8319
6539,1932,2957,5262,2191,11025,5400,795,7964,2592,8097,4515,6564,3622,2856,4009,7211,6956,1581,2605,945,3252,565,1975,3897,5177,8250,2236,1597,1474,707,7750,3529,3658,9307,7388,3420,5214,3038,1247,6753,6495,6756,3690,2928,5747,11892,9078,1655,7032
128,5128,4617,4108,5007,5135,2959,5013,1816,666,671,673,4395,3374,5806,4144,4529,4913,10416,7221,8634,3645,3005,4161,2114,5060,2502,3654,2888,7886,5583,718,1366,1495,7770,2526,4958,4832,3555,3683,4966,1768,2924,7534,5614,6511,3830,1656,7801,251
4736,5633,8321,8193,2052,391,10376,6920,1806,10254,4242,2195,5140,9109,2068,1430,151,6806,9627,5414,5289,170,5419,2224,7224,7615,4031,5958,73,1867,4045,7758,5973,6998,7004,9310,4319,9697,3042,2659,228,1893,486,9317,9835,4588,8942,8177,4595,3704
12035,3971,8325,2053,7687,1160,1167,5138,2585,6939,1179,5789,2206,3871,7968,546,8610,5667,8103,6186,2603,7215,7859,3767,9787,8384,9282,4419,5571,4549,3272,8648,4683,9422,6616,3035,5853,9437,5855,5601,5473,5094,9449,4601,7151,881,1142,11129,3837,7423
4992,7942,6025,2829,7439,8594,6422,11037,7071,417,8872,1206,9273,826,4665,2882,8259,3525,3656,7627,3534,6351,2127,594,3027,2518,3452,4313,220,7901,8032,7266,2788,7525,3686,3942,5608,2153,2411,4332,8684,9966,3568,8050,1523,1397,375,9468,5117,126
4740,5638,1800,7052,141,4877,525,3860,405,6552,6297,4633,5915,3611,6301,7713,2849,1187,6057,2473,427,10236,6827,1710,4655,7986,5813,6085,9800,6224,3284,3672,1369,9049,6235,4572,5595,6110,8031,8926,7396,1129,5355,5997,110,498,4981,1787,3836,1790
5760,5120,11778,11398,8711,1929,3850,2066,403,9754,3226,6173,1312,11169,10018,5543,2984,5417,7081,1194,3628,6838,3388,4798,6207,6978,8003,2242,7491,8777,9803,1996,4813,5197,9296,1622,1880,5081,4062,4192,3426,7906,7781,8549,5733,5228,9202,8052,10487,5498
6657,1409,2691,772,6533,6282,1163,3470,8718,2194,2706,279,6555,5531,6557,5787,668,7847,9001,6192,4914,5299,2867,5818,1725,3906,8005,3912,1738,3020,8780,7250,1876,8021,5718,4310,6232,2787,2922,7276,1773,5230,4335,4592,2033,8946,5363,2934,3963,6910
4225,9090,4227,8712,8585,10250,3214,1423,8849,8468,1941,5909,8606,1953,10786,6266,1062,9514,9259,12204,5935,2613,5943,4535,6969,7991,8766,5439,8256,7999,4160,6734,7630,9424,2002,3543,3545,5730,7907,5602,7780,8170,3566,1909,10359,7800,2297,4346,5499,5628
6402,4228,6916,4616,11404,6286,1807,2832,7954,2073,7963,4638,8352,5923,5669,935,1707,5683,6582,2104,10430,5953,3138,1217,12231,839,2120,1356,7373,5708,2895,5969,722,3926,1750,7384,7257,5599,2015,3041,8551,9577,8427,2540,10989,4208,1526,11003,7292,10879
4993,7299,6021,8454,10503,10760,6918,6279,2318,10906,2332,6812,10910,8612,7852,7726,10415,9011,2228,7091,2102,182,2872,10680,5435,6332,9404,701,6845,2111,2497,4414,4675,2758,3664,720,2257,10068,5076,6100,7892,9690,6107,4828,9949,11113,5099,757,9590,10360
11265,7297,3973,7045,8839,4618,8332,10381,7566,1935,8463,2836,2839,10008,2845,10529,5925,6182,4778,7979,5297,6970,5946,1850,6595,10565,837,5833,12106,3274,3832,9297,8145,2132,1143,6231,1242,4187,10332,9054,10334,1505,2028,10349,8048,8689,1009,11383,9336,12409
1155,9734,6662,3339,1292,766,5520,5905,9619,9108,3477,1685,933,1958,550,8871,8364,428,1196,7344,2097,5687,3390,2878,6848,960,3909,1735,1358,3450,1872,8529,9299,341,3706,2133,4311,4185,7515,7267,996,7269,3046,5093,8559,3966,2035,1274,1403,890
1282,3203,8580,6789,8962,4615,6152,8458,10765,6929,9236,1559,9111,5788,6816,8870,4136,2219,12076,6830,11438,6325,11575,4025,188,11197,9406,7232,2625,4930,5698,6854,10956,10317,5460,10072,6497,5478,1895,1513,10221,4078,2545,8562,3059,1270,8952,891,3069,9471
8577,1026,1796,3845,1291,9491,5139,3613,4512,3489,1440,6392,6694,5546,5547,4523,6701,4651,2223,4398,562,5043,8885,6968,9274,7489,68,1604,582,4042,75,10828,5329,10198,8279,3801,3930,3164,5469,4831,1889,2281,7401,8429,753,6258,1651,6517,5112,380
4612,2309,4492,5005,2062,782,6160,7570,2322,895,9496,2330,10780,1053,9118,5793,6050,10275,9252,4134,2470,7721,9774,9905,4533,5685,10809,5310,1859,7114,4176,1873,1362,3155,7124,8661,7895,3550,3040,4068,2535,1127,9193,3186,7796,4084,12151,1145,1147,5375
261,5384,10121,1547,399,3728,9849,7059,8855,6679,8350,4132,4389,4262,9004,559,1200,4783,48,10292,7100,2110,5567,9921,10566,4167,9807,9170,6997,4693,4053,1114,4829,9438,10336,7652,1637,3302,4327,4457,3433,7915,10478,879,2929,8179,5235,4853,10745,6907
1280,2950,9862,7821,9870,3474,1171,1812,407,6039,6295,4503,1305,9628,4770,4131,1703,3496,3499,7980,2859,686,4652,9400,1083,1086,710,3148,1740,589,850,7506,3156,2136,5594,9435,5212,4957,1244,6623,9701,5477,9064,2285,4334,6769,6262,248,6013,1534
9986,7940,6150,11662,7575,11034,8224,9125,6949,5032,4397,6065,691,7607,10168,8380,5052,7742,8639,1600,6466,6852,8389,6343,7369,3022,7887,8016,10197,1365,5976,6360,11224,2011,5979,11999,1250,10466,4581,8682,4715,6257,8051,4852,11382,2039,2552,4475,10493,6143
7812,2824,5901,2833,5778,7955,6550,6807,7450,1691,5274,7844,1576,41,8746,2475,1068,10541,8363,1832,1970,3126,8123,3260,7230,7362,9667,7363,6853,7495,1480,4170,10443,975,4949,8918,6490,6619,2530,6633,363,1135,4848,6385,1267,3060,7928,8313,9596,7422
12288,7817,1162,2445,4237,3476,7318,1561,2202,3739,8732,11676,3486,12191,1568,8219,9258,11695,561,2226,4530,5940,1591,2488,3650,1476,5319,1099,76,6989,4429,2894,7755,8786,5458,4822,6234,8539,5851,8029,6494,6114,5476,3050,6637,5236,2165,761,3835,11004
3595,7693,9233,10642,6426,9499,3866,798,7201,10787,4517,2598,3495,1448,1584,3249,1974,7223,4536,7225,8378,8000,1729,4034,2115,9027,6726,3067,3016,5967,5714,7890,7643,6492,2269,2399,9824,8289,6370,6884,1126,6886,6506,2667,4720,115,5109,634,9595,2302
5761,2564,9866,7050,12044,9742,8082,7576,281,9507,8868,806,8488,3240,4779,8876,7341,7597,5039,10926,12081,3380,2357,310,7995,10301,7614,8006,10186,6091,11212,4047,8783,10323,6872,7771,6108,7135,7138,5859,3427,5989,10087,7017,2538,6766,7152,113,7799,10620
3332,1544,8456,6667,1300,3608,11546,9501,6180,1189,7718,425,1578,8878,3504,2227,3764,6580,950,11445,312,2361,1459,6201,1980,7869,1464,2623,2747,4929,9922,5575,7112,1992,3921,210,8660,9558,3928,9695,6119,4583,5870,11631,12400,5744,5486,4339,1532,4991
256,9728,2436,8455,7048,2314,3466,11665,4115,12435,917,8347,7196,11419,5662,2594,4259,1188,11314,9651,8372,2485,4921,4673,8132,4806,10314,8138,6860,7629,6221,9036,11856,6609,3026,7754,4430,9047,856,1374,6881,2278,5351,10601,3057,7665,8565,9847,10488,11263
6917,134,1287,8592,6933,9978,12445,2334,6559,7710,7328,7203,5157,2090,4782,5166,11190,2998,952,10938,11579,5693,6719,9152,6850,4293,7110,7163,10568,9802,5459,9943,12376,1882,11994,10331,6491,8158,12128,8033,3938,6371,1124,9956,7520,9063,1006,7794,4218,11515
2048,769,6147,11011,4359,3465,4364,6413,4495,5649,2840,11931,11552,162,8227,3748,5798,5804,942,7732,4917,2230,3383,5181,8898,3011,6474,8395,7628,8524,2766,1618,5075,3924,5846,8154,6874,4063,5474,4718,9967,4079,5617,4722,3694,3316,8570,6780,1405,4990
6144,3842,7938,7171,9608,11528,8714,10124,1169,402,24,10905,10394,8093,5282,3753,10537,9517,7853,3245,1202,1587,1335,5815,1342,2879,3392,11198,1095,6856,4811,206,10063,1232,2769,10704,7636,8925,2782,9826,2665,11625,11500,5106,885,8437,4215,2554,8701,6654
9089,3457,6530,9732,11013,6661,5511,8201,10378,9612,11278,9232,8593,5008,10649,3614,1311,12321,8098,8357,5286,6951,9896,9385,5165,3502,3375,11059,11187,8245,12600,9147,1213,7870,4420,10571,9166,4946,1623,4823,9303,10205,1381,10863,2289,7026,5746,10486,5750,2687
2945,6146,901,902,6407,5639,905,8459,5775,3600,531,8856,920,3484,285,10911,5280,9380,8999,5676,6445,7086,6189,4145,8887,4664,5304,8645,8390,5581,7037,10321,5717,2262,7129,7386,10078,2655,10851,11749,11774,7399,8808,9962,7405,10352,7666,8567,8445,7678
1538,6786,8452,2566,4746,1803,6283,9230,275,2324,6805,6294,3220,149,665,8996,6393,5160,1834,7594,558,947,8760,1976,8764,6336,1858,5314,4174,9811,6615,2272,8675,3814,6759,1001,5738,4329,8809,4076,751,1776,4593,754,2291,1522,6905,6140,637,2942
898,7683,8708,6275,8582,10887,12415,6030,9998,3602,6676,8726,9879,3610,5658,1692,2587,2974,9632,7845,680,1321,9779,3896,1208,9658,10040,4284,8509,9918,10431,11200,3009,10438,8520,2889,1612,6096,6865,7635,8662,8285,11363,3303,11117,4472,2425,11644,6653,7807
2439,1033,7565,5902,10125,2579,7315,5651,2069,11802,3102,415,7199,6308,2213,1191,2983,8115,948,52,440,4537,4667,957,2750,12095,2885,9669,11466,7884,9421,10578,7254,8025,2265,5849,1373,867,6374,7785,11626,4331,5615,3696,8818,3317,8312,121,9082,1531
5377,7553,3848,10252,12,4494,6159,1676,9366,8215,2968,8089,9623,7455,4639,10021,5797,43,6449,2618,2235,1982,5055,10174,6721,8134,6087,3916,2893,6095,5204,7513,8412,3934,1246,7903,3808,4579,5347,869,7142,743,1512,2662,4330,6380,7150,3952,3323,10494
5123,11781,9593,9611,8845,3086,9362,3219,7957,10773,4763,6558,7332,6181,10409,8496,10419,4788,12598,4541,5565,8767,4415,1473,4162,3396,10055,9673,11338,10955,10059,6352,1752,10335,3424,3300,1382,10731,10860,3054,2543,11378,11763,755,11893,7030,246,633,6394,10235
2178,4357,5129,3981,7694,8079,5266,6036,6164,7830,6935,7448,9242,1050,8096,3108,8998,4270,4399,5049,9915,1726,9155,12613,7366,8263,9542,1605,8778,12108,6863,8528,2256,468,84,2134,5462,10202,10842,4573,10462,10717,10848,8803,9573,11622,5225,6253,7663,9844
9219,8964,3587,9094,7437,7054,5134,1040,3347,3348,11544,10137,6040,2715,10270,8991,4007,10921,5036,9645,1198,6451,5814,5689,2489,5051,9916,4925,9791,3907,1731,7240,8393,6602,11722,5580,10577,11101,7774,7647,7648,9575,3688,12010,3051,9580,5618,6642,2038,7421
5376,4739,4868,8583,9994,2570,7179,2061,3342,6799,6542,9234,3478,5398,9241,11547,287,9379,9891,9128,8105,7336,11827,2107,7227,445,7486,4159,5952,1985,11970,5959,10567,458,4171,2382,11729,8409,9945,1498,8419,10350,9583,6513,2420,10743,9465,2171,9853,6782
10625,7426,3588,7558,6278,10761,9104,11921,9874,11027,3732,1301,1046,8343,5912,10526,12192,8484,10792,8880,6064,4658,6707,6963,9395,8758,7473,7347,11824,829,9150,10053,326,6214,8266,6731,5578,11984,10456,8792,10847,9696,7526,5992,10090,2925,5742,5489,9845,8951
5891,7941,518,2183,4871,5644,10510,8978,767,915,9113,2203,1307,11294,6815,672,10398,4513,8102,8614,8873,12074,3372,11564,10158,2992,4275,7604,9525,4406,5558,11192,11064,1088,12225,9164,7247,10587,9436,9180,1122,2024,6122,7530,5358,2288,2550,7160,7804,6015
6403,2948,10373,9480,11273,8202,11023,7699,11541,8854,4888,11803,7837,9377,11940,6821,3494,8358,7208,9390,1327,7471,6961,11697,9393,3636,6014,7096,10172,3010,4291,10952,11260,9037,4046,7759,8913,8276,7255,2908,2910,11104,3169,12780,5234,2168,4730,10364,1918,12287
7170,11146,7307,9098,2189,401,6803,6811,3742,8737,7714,2979,5673,6825,5163,8492,11439,9907,7093,10748,9923,3269,8902,455,2374,10315,6862,2511,724,7639,10585,9819,9567,7776,6752,2029,10605,7409,10994,3954,4340,2932,1395,8055,10105,5754,10107,8572,4221,9470
4610,520,2185,5512,7944,650,10128,10909,4382,6686,545,11299,11044,8867,11306,4141,4142,7857,1458,6578,436,10038,10296,1983,7107,325,711,7496,9425,11477,10453,5848,4568,10970,94,8418,9699,5220,5227,12012,8431,10735,3313,9842,9714,7157,8184,6777,4603,10878
8961,4999,11019,8589,2958,2320,4881,9618,11284,10140,10653,8861,10015,8481,804,3879,4650,2607,9649,6196,2869,9781,7222,3256,2870,8376,12471,3128,7357,5443,8004,11205,10821,7877,968,2121,9035,10193,5457,6228,1877,3675,8155,9564,97,3177,10987,10223,11376,3445
5122,9603,774,1671,2569,2059,396,9357,1296,3986,2709,8220,2336,7843,6948,8748,5293,1326,50,5939,6199,569,3386,2364,3646,5696,6467,3779,1733,841,457,4169,461,10324,602,4954,5852,2651,3678,2527,7275,4972,493,2159,8049,7281,1524,629,4732,3710
4613,8198,6793,10256,5907,6675,8341,10260,5782,5500,4889,1299,5275,4509,9894,173,2608,7602,6581,4794,6076,5821,2496,9793,6977,9666,9031,11720,3145,7504,8784,8406,855,4441,6617,11899,3165,10461,9953,4970,9710,1648,6898,627,7027,2166,8315,1404,4733,4094
10498,9858,10116,7816,2057,6028,6930,10393,5017,11040,1185,9890,7333,2854,9639,11307,8493,6322,9396,6324,5434,9277,11840,8518,5322,9298,9685,86,5079,7000,7382,5598,10591,4064,4065,1761,8059,8804,5991,617,10730,10220,5616,240,10228,630,1784,9338,7035,8191
7686,6023,6922,5259,11157,10902,5911,5529,1306,7193,4124,12064,6179,4774,11942,11818,2988,12465,1844,4538,2754,4547,7620,10311,9288,9545,2634,11852,334,12240,8658,6739,11096,10329,11098,7516,5981,10846,9187,9453,7791,2160,12401,9457,2675,8820,5492,9075,3703,3961
8832,9473,10113,4354,1029,7433,6538,5899,2316,5519,7184,10768,10770,9748,12180,11671,6681,1183,9249,7716,5426,5812,8247,9530,7866,6206,6463,10559,575,6851,8519,6475,204,5331,7509,3797,2647,12508,9309,3423,10338,11364,9700,8423,5863,9448,9197,1262,11121,6772
2434,1667,2435,9863,5767,5386,9228,10513,8472,2201,4249,9635,8740,6052,2343,9640,9002,7082,12333,11184,11700,4154,1210,7996,6333,10690,4166,3789,8397,8142,5584,7375,2258,6103,9816,10855,4201,2921,8044,2798,1390,4463,2547,244,1653,1399,5626,9851,9725,6911
1797,5897,4233,1035,4109,1422,10895,6416,2972,7966,5790,9630,4004,5285,8742,7724,9262,7601,1074,1716,10295,4411,6205,3008,8641,10178,12098,8643,7368,10826,11723,714,2123,465,979,12115,11731,8917,4950,731,9313,1890,7009,6375,4456,10093,1520,9331,8054,6138
6401,1412,3592,7304,3979,9999,658,7314,2843,8092,3997,8225,9122,10532,2214,551,3624,9773,10544,6577,6323,8632,3130,1852,2752,5057,71,1608,1482,8652,2253,4815,4944,2391,7897,2140,9693,483,2916,3429,6250,11755,2156,625,5362,10100,8694,1657,4348,5885
9729,11907,7428,2437,9607,10504,11788,4625,9746,9747,11540,10006,10518,11288,8476,9372,8223,9889,9892,9255,9897,8879,8112,946,10548,10294,4023,9142,3898,11581,9409,8646,7756,8654,8785,9553,8915,11222,5592,9182,1630,11232,8678,12650,6892,8688,8563,3189,6775,11132
12546,8066,9606,10631,8716,4623,8207,785,8853,11927,6553,6684,1825,11298,9636,7079,6444,9776,5937,9138,10289,9266,10290,5174,10299,11580,10814,2372,9412,7238,328,11209,10575,9427,9556,6741,8153,4700,5216,2402,227,8042,491,3823,4207,7537,241,11640,11387,12414
11009,10756,7,12176,3857,5523,10262,12312,3355,9117,1951,10658,10279,11049,8235,4524,4400,8242,2486,1465,3643,10813,11069,9280,10816,3520,9795,5700,9286,11342,10318,12624,10322,11219,10836,10715,4705,8034,4066,9569,7270,11754,1515,7020,11760,3190,12279,10875,9982,3199
4098,3080,1680,10001,7698,10898,6296,1689,8601,7832,11933,11293,5666,8354,2472,6312,10673,7730,5811,1846,4543,11329,450,9924,1222,4552,2813,12363,11468,1233,4437,11733,11484,7517,6750,6879,226,2663,4967,619,6252,9837,12398,8047,3056,3701,247,7930,9463,10749
8523,7556,647,10771,10903,5143,7447,9373,11171,9383,7467,9132,11182,8623,10417,434,4407,8759,10937,5838,11458,8900,10877,1348,8265,330,8650,11337,7499,7370,10447,7760,5199,8530,12242,9683,9426,11090,10583,7130,11358,9823,3679,12908,10353,10871,6648,12666,8829,11647
0,6784,2312,8328,8843,3341,5136,5777,5395,1172,9492,9238,6423,7836,413,9887,35,8231,7592,1704,6829,4916,11319,6524,9017,2238,831,8776,3785,7546,9039,2513,5970,4055,986,5980,2020,8932,4838,5095,7400,6378,1521,3571,252,7542,5752,1402,3324,9214
642,11010,8322,9865,12553,9358,12814,6546,11155,8725,8342,10134,2588,1694,3615,6176,5538,12709,7207,169,298,12457,9654,4662,2744,10171,6973,6083,9028,12356,11335,9160,4942,5200,211,9300,5719,11746,4836,5861,6889,8683,1260,236,11372,9201,7922,8434,245,9592
4353,1542,5896,3976,7946,7309,3213,3599,10258,6292,4502,540,12448,6433,7078,9644,2991,944,432,10675,9139,8373,9912,9019,1596,2630,9801,2378,8396,6099,5332,7893,3925,10458,3168,993,9954,3553,1633,6885,9446,6373,1128,8297,5100,11756,237,631,5113,1789
2692,1925,2567,11144,4873,6921,8076,7951,3216,11793,4374,7959,3361,1186,8229,12456,2349,6320,3122,7603,11959,9016,442,2366,8385,8770,10440,10444,8399,7505,3281,4692,10966,12125,3422,3680,611,11108,1509,8933,8167,6508,10990,7410,628,9334,8697,1020,9341,254
4611,8196,12679,8208,11154,10645,12310,8216,4377,10522,5786,3744,4642,1316,8486,2471,10024,8230,2989,11698,10803,1971,4155,10684,4413,2241,4933,9413,6725,5834,8011,1613,9038,9805,9554,10579,1112,5209,9946,7900,989,5611,10734,3438,10608,7153,12017,7407,9332,2421
10372,11529,4105,139,11536,11408,5394,5269,6298,2844,2973,157,5406,3358,11935,6946,3882,3754,42,1197,6958,9903,4402,180,9910,12343,11964,1730,9539,9796,2246,5066,3275,3152,1491,10581,10714,2906,11230,484,11237,12007,1384,635,5613,1519,11503,2673,3322,6651
10883,4742,10502,7177,653,9102,2453,10391,10263,9370,12059,6556,9756,2728,8745,9768,6574,2350,6575,4911,690,5556,12084,9398,5817,1081,1209,4544,12355,3267,10181,2638,11343,4050,3410,10967,5729,5092,8037,101,7403,5483,238,9582,8560,4341,6137,7419,4989,9854
7680,646,8074,7051,10637,10103,12561,914,5657,7065,1564,8221,8989,4896,3362,5796,12068,7973,4520,2731,939,3119,3063,1590,4280,11194,7228,191,1599,3649,1351,74,6614,1494,8664,11095,10204,6121,622,9455,1779,12149,3958,5239,5237,10362,4350,2045,2174,2047
6664,6536,11787,651,8974,10896,1937,147,12308,2966,3096,536,10652,8605,7454,7839,3617,4641,9387,6903,3117,9260,10414,6455,6458,10691,10948,12483,2500,12745,6090,4938,7631,10709,2517,8666,990,9057,6245,11880,6632,3179,3310,12528,3697,7795,4470,12023,6396,8317
1540,6,2182,4232,7689,1931,6156,10638,911,4880,656,146,659,4370,3225,9116,6172,4126,416,7456,2087,6824,2089,1328,439,1463,572,61,9533,4289,3524,965,3528,6089,209,470,5590,1753,1504,8930,2533,362,1770,108,3563,4205,1906,7159,7289,1150
9988,7559,6668,8975,12177,9876,10389,5784,7711,11810,10916,11045,5030,4391,8489,12713,8361,10291,3125,12470,11065,6459,11451,10173,12480,8001,5701,12485,11464,9544,1869,4814,7765,5208,12761,10713,3291,4216,2021,10854,2918,3816,4200,5612,6512,11636,10740,10742,12534,1528
897,1666,7810,10507,7947,11537,6548,2710,9114,667,8603,9248,5800,2985,8106,7087,7095,11448,12089,3769,7613,5182,6591,10557,5185,8514,9278,7105,4678,5190,9419,5069,851,2388,9301,7512,2138,9947,11869,10207,2528,4452,6248,6762,4973,5105,2034,8180,3320,5246
9857,5380,8966,7046,6792,3464,5515,5388,11917,11406,7311,10764,12178,1429,12055,408,11799,5407,7457,11427,11557,5161,4019,10164,10166,7865,8252,7876,12493,5966,974,1744,5972,11988,5334,599,10712,7003,5858,3817,8043,11373,6897,2803,6902,11511,888,8057,12667,508
6915,11651,5252,7815,135,5772,11669,1814,9751,2329,8860,9629,2462,10402,11432,11817,6313,10030,12079,4272,9267,5430,12727,2617,11584,1861,10823,7623,8398,12754,2642,10965,1881,11610,2268,11102,11103,6499,2404,7912,9833,7786,7933,11246,7539,372,3957,10231,7164,9085
10882,8963,10758,12045,8721,1681,11795,11416,4248,12570,11036,10781,4383,6309,5029,2599,10671,10672,7216,8116,11062,1847,10550,2233,8763,6338,9538,1225,10699,2764,11347,2815,11737,5465,9050,8159,10723,11496,11242,12399,1136,9073,11890,10227,11761,9973,10616,12153,6012,12543
2946,8971,2701,3215,3350,7191,7962,1051,4380,1954,3875,4903,5545,3113,4906,1962,7981,1709,2611,2300,9399,8122,6975,2112,451,4935,6728,5065,1611,3149,5844,3030,6104,985,1497,347,8156,2781,1888,5344,3691,6256,2933,2294,7034,9852
6913,5507,3590,7302,4360,9225,7818,5640,9359,6678,7319,8984,2713,2204,7841,7971,9127,7084,7470,5938,9650,9013,3514,6075,7878,1742,2383,3708,2273,7779,10342,6247,7015,1258,3693,4590,2797,2161,6129,7283,883,2037,2548,2172,7677,510
8320,10112,1921,5504,5764,4101,12422,3584,5256,7814,266,4236,12304,3984,12306,8338,7967,8480,1696,6051,3750,1575,5799,7983,10032,5554,4274,9908,4789,4149,821,1077,2490,187,4028,6077,1722,9402,5184,314,2243,4164,1220,4427,1228,2126,3662,1107,4184,2393,1370,8284,733,865,8163,5735,7529,1516,1134,5231,500,9460,2041,1276,7806
12802,11140,12677,11654,12806,10632,11400,10889,6794,10892,9101,9352,10759,9735,7569,9739,12813,4244,12309,10002,12567,6291,12307,12699,11291,12316,12830,11679,12193,3746,11297,11813,10662,9895,5672,12200,12458,11435,11563,10157,11311,11443,11699,12723,12214,11965,11841,11330,11716,9415,2119,8905,10827,9804,12498,12371,7762,11992,11481,12507,11359,12390,12402,3956,11772
11522,12547,12052,12057,12573,12063,6435,8485,10022,11047,12583,11558,6959,10031,6965,2871,10683,12092,12604,12735,3519,833,10179,12612,12744,12746,9162,10572,12235,9677,11725,12114,11218,10710,11097,12762,473,11998,4959,12640,9951,8928,10976,12004,12537,5350,12135,12518,9576,12522,9578,2923,12772,12774,10219,12784,11629,1901,6131,9718,12281,11514,4987,12542,7551
2113,1945,1545,746,684
3072,2305,3717,3208,8073,1289,3596,3473,2450,2835,7697,3991,4375,3098,3483,7325,2718,2975,6175,2335,6690,8866,2853,5288,4905,8109,3886,3887,2353,3508,2741,5686,7605,5695,3007,1219,2884,966,2886,1863,843,7885,973,8911,2005,7898,5087,5343,8417,2658,11619,8420,2407,1898,7662,7408,7536,7028,9461,7669,9207,1914,1151
3328,1027,9097,12426,11663,11407,11411,12440,11673,2586,7705,11420,12061,5278,3104,11174,6059,11826,11442,11954,7989,11702,11828,11322,8379,7103,11972,6987,11983,9938,3539,11346,9941,11348,10962,4051,11609,11100,3039,3296,7932,8038,7404,9585,8307,7925,5497,12028,11645,4095
7808,7552,3714,7427,2688,3721,8075,6672,3090,7702,12054,10776,11424,7969,4006,6953,11693,11822,10799,6704,11569,7606,8120,11578,11839,4287,10944,8386,11459,3780,11076,11975,10953,11769,11214,7248,11607,6871,2649,6747,3681,8161,10978,2532,12009,7531,11115,11120,11897,11002
3712,12160,7296,12163,7939,11141,2698,8330,12172,7696,3091,3093,11158,11031,11035,11164,8099,11556,3237,10023,3881,10412,2734,11188,10812,9407,11327,7235,2761,10954,9931,7117,3024,9814,11864,5211,3292,2144,11360,10722,11236,10982,4071,10858,10348,7660,3824,10993,8306,9205
10755,5765,7053,145,9620,11925,11414,9752,5536,5410,11173,12077,2478,11437,6650,11957,10169,11455,11639,11457,10689,11767,7364,11334,10183,2503,9289,7418,1483,11595,11210,12109,12105,1110,1243,9821,6109,11490,11747,5475,12517,11111,10217,3436,5232,10996,9335,10872,1146,9981
10497,12036,11657,9738,5900,11924,5270,12183,8473,3993,2077,10142,11809,3363,7976,5677,10678,10427,7483,6589,10564,12229,5317,12103,12234,12110,10835,9940,9428,8019,11479,12120,10837,10844,6116,6500,8166,9831,3306,10475,9708,10474,11627,2800,1905,6259,3828,3062,12155,1149
11777,11266,12421,8072,10505,12425,11915,2700,12053,7190,3095,3481,8090,11808,11425,6434,8353,11304,11688,10922,12078,7728,3123,8118,10811,11588,12488,7880,12238,10830,12496,11603,12116,12500,10840,11993,11867,10980,7527,8426,11116,7021,3564,2669,11123,12533,3193,11005,12286,6783
11909,11526,11782,3340,12182,7194,12187,12062,10014,10017,12198,2727,5671,10028,3373,10543,9521,10801,12211,9911,12476,5186,9283,11461,10437,9672,5705,11465,11979,10958,10703,12241,11601,9939,9430,12250,10203,11357,9825,10215,12141,11502,9199,12015,10611,6773,10230,7927,12024,11513
3334,11913,11402,3210,3724,12173,11914,12170,10899,3605,11926,12056,12185,11423,7329,11042,12067,12066,4008,10925,2681,11955,7349,12216,7361,11074,8387,11204,11845,7879,8009,7498,6859,11340,11472,7888,7380,11480,3804,10845,11617,11109,8041,7658,2796,7788,12021,7161,11771,11134
10754,10115,6534,11655,7435,779,11789,9868,6671,2321,11153,9240,10784,2337,7586,9765,11176,10280,10159,7476,10420,3892,12473,11321,3137,12228,11849,11977,3405,11981,11599,11857,1364,12251,10974,863,6625,4707,11107,6501,10473,12266,10092,11118,10096,10864,12150,5623,9976,6270
11136,1922,9218,6535,12171,10386,10261,10005,11032,3864,10520,10527,10917,11431,10407,11048,3114,6699,11308,9772,10669,10491,10802,6072,11835,10687,10176,10819,7875,6981,10822,7752,11848,12492,10833,12499,10972,2653,12126,6757,3304,9203,12405,9206,12793,12282,9467,11388,9726,10239
11393,11137,12033,11396,12041,11916,11918,10766,6810,6938,6814,3874,12194,12452,12069,7205,7595,11820,12203,3506,7863,11063,6202,10556,10945,12482,11463,6601,12244,3157,7894,10839,11736,12407,7389,11871,11616,11105,3682,10724,11494,7016,11114,10861,6384,11250,11125,2935,3707,11519
11008,9601,10753,7430,12167,12039,10251,10763,11539,11543,3354,12060,12446,10145,12451,11555,10923,10284,2553,2862,7342,12464,11000,11179,9270,9783,11833,7611,11709,11333,8136,208,11473,9812,10584,12408,11745,11877,11750,7918,11380,6644,9720,1913,11770,1915,6908,7293,11006,3455
11524,7561,12174,11666,11283,11028,12438,7587,12196,11811,12201,11562,11052,8365,11053,8111,11948,3507,10807,11576,7359,11332,11717,7239,12233,6985,12237,11600,11728,3283,11605,3541,6743,7768,11611,11739,12255,12512,8035,7655,2664,11112,10986,11240,10992,7921,11251,10995,3579,11261
11785,11786,11659,11151,4373,10774,10901,11929,11033,11163,12195,12070,10920,11949,12463,11568,11952,12083,11446,12088,11324,11969,11843,10949,11847,11850,11851,11854,12111,11345,11007,11092,11859,10849,7395,12006,11370,12138,11903,11119,11249,11122,12145,10991,11254,12159,12795,7165,11390,11391
3585,8447,1416,3849,5387,6027,3725,3982,3471,8591,2065,5654,7321,1819,5665,2723,5422,4654,5886,4022,5559,3000,3385,9146,6779,7492,8772,2507,7883,5198,2385,5586,7764,5077,3547,10206,8286,4704,3326,4450,2401,8293,7398,4326,5481,5482,1772,365,7535,8304,8827,4980,7924,6388,503,7290,5627,8700,638,6399
7425,8450,8069,4998,7560,3212,6158,1813,2198,9497,8218,9755,4636,7327,3236,4005,6311,12330,6193,12338,3124,5941,6584,8761,12349,6976,12353,10050,1602,3136,4294,9543,1352,844,3788,8910,464,2131,12375,9176,3803,12382,11743,12384,1758,10082,8290,12386,4194,10984,1386,9067,4842,3821,7914,2163,5493,8182,2939,7935
9861,2310,393,5003,4500,5525,3221,5401,5405,6943,8993,4387,5027,4646,9511,9510,5929,1446,10539,555,2221,302,5423,3247,4010,9006,1843,8500,1845,4278,6330,7740,3901,2494,9279,9536,8640,5442,4677,8391,1224,9418,4687,5072,4821,5078,8676,249,8679,9964,5356,505,5487,10226,12665,8699,9086,9215
9095,523,4620,9356,10511,9231,10000,10388,9368,8604,8733,1824,5152,12579,2339,9512,1969,10110,6328,8506,10045,6398,1085,5955,9541,5830,9926,5961,5963,6476,588,9678,4818,9813,9557,9433,5593,861,8674,5091,5348,8807,359,10345,8552,9968,10481,4723,10099,5495,8828,8958
9476,8581,4870,10247,5647,8466,10515,4626,5781,8598,6290,5015,6170,4891,12571,8864,5756,8608,4771,291,8491,9131,6319,8753,693,10421,10681,8895,9920,12611,8655,4559,9935,10066,978,8532,9559,472,1499,8542,12638,12644,5222,9961,9194,4460,6125,12913,9081,5882,8571,8444
10496,4865,8709,12680,10633,5648,1939,10132,9494,10011,10141,5540,422,10535,9129,8874,6317,9901,6450,818,10677,9784,9914,6586,8511,10432,4800,578,6084,9928,9295,10451,4820,9174,8668,9950,9060,9829,10214,9062,999,10089,5866,5867,10477,9072,9329,10354,9330,12790,6519,1782
4608,4484,12934,12935,4488,12809,8970,8457,12815,8722,12562,12692,12822,12828,8862,8735,8738,8739,12710,296,9005,12591,12726,12730,4924,4801,12738,12740,4550,12615,12870,12619,12620,12752,12629,471,729,859,12769,8802,9061,8805,8421,12649,4717,12527,9076,12662,12663,12921,12283,12541
8836,389,9222,12671,9736,10377,9975,9487,5144,5534,9759,12832,11554,10530,5154,9762,10405,5412,9513,8501,4790,9271,9786,10043,12739,2501,4934,327,4684,9936,12756,6999,10455,4953,9818,8796,12765,12766,12770,12771,4710,10472,5102,12654,9200,12273,9713,9719,6520,6265,10618,8831
514,9991,9224,5001,8841,9867,4876,10509,10508,10127,663,9883,10651,9505,10019,10149,10408,10410,9134,6576,9009,6198,8891,9788,10429,6464,8775,8651,9292,10062,10319,8657,6098,9687,8921,10074,5982,10079,10211,10340,9572,10216,9707,5357,12782,10351,9071,9709,10490,4604,9469,5887
8834,8451,9349,4358,2056,5646,10255,639,9493,9877,9495,9880,9634,10531,4899,4773,8613,10536,8875,9771,9775,5679,10546,9268,9653,9275,10047,5056,9281,9024,10048,10692,9284,10309,9927,2248,5194,10060,8534,10200,8537,10459,8541,10209,9445,10598,12775,10091,10094,1393,10102,5631
9091,5381,10374,8586,12299,10384,10130,9363,9621,10264,8729,8988,9244,10271,10152,8617,12714,10413,9263,9140,10037,12599,9913,8507,12603,12605,9665,10435,12741,8904,10441,4941,10445,10576,10449,10073,10593,9059,9959,12538,10603,8556,9712,10224,10482,10484,10101,2293,10614,4856,10106,10366
7682,1795,1032,3593,1419,2060,6157,6162,1686,6166,7320,7066,6043,3357,5664,3242,6955,5932,5549,1714,2483,6195,6452,7094,6583,4146,3382,3131,7356,6592,2369,7747,3655,2890,2897,3665,6996,2773,5975,3834,3036,7645,6624,2148,3045,3684,3175,4072,6636,3565,7148,8940,4082,6645,2938,3195,7550,5503
6272,5505,7175,7432,6284,6925,910,6288,5521,2962,3346,1428,6042,6299,6391,7581,6307,6436,7077,6947,6697,6569,7340,7468,6446,2735,4015,3376,7353,7226,1215,3391,3012,6597,7625,6345,3147,7501,6990,5712,3671,10199,2904,7390,9183,6882,6755,1507,3047,6376,7664,6516,5620,3319,6906,2299,2428
1537,6277,11533,3343,7313,7700,11796,7063,8088,7452,6685,6046,9763,10915,11046,3755,7469,9648,1968,3254,10808,11193,10042,6456,10300,5307,11456,3521,6598,3271,11594,5451,7372,1487,11089,10194,7121,11732,2645,7251,11223,3667,3931,9820,10594,3554,9702,6502,11369,2668,10607,1775,10225,10483,11126,10232,9855
6658,1794,6276,4102,777,4875,4750,3855,6032,273,7823,3987,4629,7067,6427,4251,7582,6302,3998,6048,3747,675,8997,6819,3112,4649,6060,6447,5424,5553,8631,7992,8889,2620,1212,1855,713,8141,3151,3280,6353,5842,6995,1359,6486,4824,1113,2400,4709,8040,7273,4458,6377,1518,3055,9840,3953,6130,499,5621,5622,759,4725,2170,5883,4988,3965,3838,511
12416,8065,12417,4097,11911,8199,9353,5642,12554,12685,10382,11022,1809,7186,12819,7317,10908,7842,11683,10788,12322,3878,10027,12459,12717,5167,12207,12209,12593,12208,10932,12335,11958,9143,4024,11705,7098,10554,4156,3773,11967,10943,8769,11073,11587,12099,11460,11713,12490,12494,11221,11353,6876,10463,11234,12389,8550,11881,12265,10985,12013,11888,9969,4469,8566,11510,11130,12157
12165,8071,5513,7948,4044,4883,2772,4057,3677,11997,1313,6818,7972,3239,2920,11945,12263,9196,3949,12270,3951,2736,4083,7987,3893,6967,7993,3770,5243,3709
5378,10244,9477,10248,7441,8213,4120,10012,9770,7219,54,6972,8788,11862,5217,8299,12397,8303,4209,3463,8329,8842,4238,6800,6545,10643,8344,4255,12449,5291,4267,8625,12467,9652,6835,8890,5820,12481,198,4298,3535,12243,3287,7133,4576,12515,7908,6120,8425,3308,9977,8442
8736,5537,5825,3992,4297
4352,12032,1793,10246,11016,10249,9485,4110,12305,9489,8211,4887,8985,11807,12320,4643,12324,12325,4904,8233,12331,3883,11312,8240,8503,10553,11834,12347,316,6461,11070,12354,8262,4422,9032,329,12362,10061,12365,8271,4943,6222,9810,12372,12378,4188,8798,7518,12385,8545,8801,4198,4199,109,6770,2419,5250,3970,5258,5004,3983,5264,8852,5526,3990,154,3996,5021,7838,8351,677,4518,8360,9389,4276,10933,11963,4283,6331,11710,12227,5576,4302,11989,6359,6875,7644,2267,10210,8164,8165,12005,9965,1777
8195,2694,4872,12698,12443,9761,163,10791,4912,11313,2742,2743,7116,3282,5843,11483,1886,10346,12403,12406,7166
6529,2947,5510,4622,6161,4884,1943,6169,8346,1562,9120,2851,10148,5156,2857,5041,4017,9012,6200,1084,8893,6847,704,5569,6082,5313,6722,709,3400,5577,9033,5064,8782,6354,2259,5847,4697,6238,9055,8800,2913,7013,5990,4712,1141,8825,6267,1917
8704,900,1799,8967,5385,3336,907,5389,5880,662,6936,8731,8479,6303,6562,4644,7975,9003,4525,10285,688,3768,7739,3516,5054,6468,2252,2636,591,9168,6608,463,467,9172,5080,7896,12633,2143,2911,4584,7029,8693,6776,4857,5116,12670,3839
130,10119,12551,12300,12302,27,10524,8349,8477,3101,10403,4265,304,5296,8370,8375,4417,12484,1619,4180,4308,11099,8413,10979,6518,2557
1031,9212,4753,792,2457,2717,2208,2976,6561,6691,4900,8611,934,8615,9000,2338,7466,5933,8752,5169,2355,820,2358,4792,825,6585,4928,7104,9154,8267,5071,6738,8916,6230,10328,857,5338,8152,9052,6749,862,6366,6112,7649,988,10083,5988,2149,998,9319,5224,744,8810,5739,4844,1003,8944,10739,1140,501,5877,6010,8187,2556,6655
7040,10369,2818,12168,6669,9615,7568,7825,11919,8083,1687,10138,10523,9724,7708,5539,9980,9638,8107,2480,10930,1586,6326,9529,10941,11199,8896,6079,11202,1988,7621,11077,10569,9546,6347,5709,3918,3923,7385,6233,3933,2654,7264,9440,10596,9316,7910,9832,2025,9706,9326,7278,7024,752,10738,9586,12146,7282,12276,5110,8185,7803,12284,11901
7169,3589,522,4107,10257,8723,1556,3607,12327,1064,4138,2604,7214,1078,9291,6219,5715,10838,3167,7778,1644,117,11895,4220,3205,2696,9361,4245,9367,1190,8877,1711,5298,3251,6840,2748,5822,3264,6342,5323,5335,6367,737,12514,7911,3318,4862,6924,10007,11545,8987,284,7461,12071,12587,3905,6986,1355,5965,2381,4436,12118,8535,1879,6496,357,874,4979,3955,3446,887,1912,1401,892,4493,5518,5542,12732,7619,6086,967,2520,11229,5605,10728,6124,12799
1286,3977,5514,5522,8596,4759,2455,4505,4635,4127,9506,4002,6568,7849,1066,5931,1065,1199,6832,2481,5682,3891,5809,12597,7988,3255,3640,4666,4539,7872,7360,1857,1091,4292,5193,9417,8010,4300,4940,1617,5201,4951,4955,4699,5725,1120,5219,4835,3171,5610,3181,5869,5749,5624,1659,6652
5248,12803,12294,5257,8204,4748,8465,8337,660,8214,4630,4761,5532,5025,5409,1315,10789,166,12712,2346,8749,4910,8882,7860,8633,954,8636,4542,10436,4805,4423,6599,9675,8912,5456,9175,1496,8924,9181,4575,8544,9058,610,3815,9320,5098,4586,8815,8175,8816,8435,8692,4597,8822,5372
