32,741,3591,618,3947,970,6000,819,4213
5508,9703,3018,4561,7508
787,6390,763,4125,3935
2244,1642,4780,5710,2430
3969,2,3562,4506,4446
7707,4100,2615
3847,7127
994,2981,4081,6869,2719
37,6187,884,3288,1337
1248,2340,3652,4089,60
4258,4745,1238,3577,1471
2689,4067,3853,3120,1435
3490,1635,9730,5935,5046
600,8014,1720,411,5272
4290,1732,1221,912,2685
5920,2757,5450,2096,4434
290,6031,1620,9305,506
454,6923,2509,6395,2846
608,937,3503,4239,5016
771,107,1837,4754,1780
6802,3765,7641,7642,1563
7907,6310,4945,3029,7262
6469,424,2225,435,3863
1076,8980,623
2704,924
5124,2188,3031,4600,10396
808,6346,922
5240,7904
1227,3884,3183,1492,6327
2304,1380,2927,3894,5020
1632,1377,3771
8169,3453
8992,10283,2001,10003,6937
5728,3626,7274,8979,1594
7748,231,10641,2644,123
3430,1320,2205,3133,1022
1701,2251,4118,8407,2394
2088,4682,4501,5371,703
9056,2017,6861,1012,5149
1682,814,4527
1090,5061
1472,4195,4686,6321,3349
739,1993,3759,8471,443
4481,3238,2279,6183,4751
1960,4555,2323,9715,2809
9088,1955,6153,661,4058
6888,2164,5656,4923,3071
2724,4080,5365,2551,2395
1984,1836,46,4566,6682
7080,6928,3700,6133,3994
8669,7458,7784,943,4349
2977,6314,346,2874,3517
452,5353,8907,3865,1466
5284,1253,10856,3827,760
2753,1259,3159,3416,4986
482,2505,4689,2679,7511
6864,9850,6566
6102,6670
3940,6155,5261,1042,5241
5670,1450,1549,29,3967
224,5196,2099,4726,6526
7873,5840,5721,2901,25
5179,5652,1302
1478,2799
8228,1447,6509,8441,9498
4223,354,8938,3441,2495
5254,4585,3053,7757,4858
2240,8355,3116,3185,6900
6600,1005,4433,3699,2807
6316,2449,2325,4405,537
2467,260,4485,2186,2777
2336,613,4728,1273,3899
775,2348,5807,7129,1503
3305,4653,2961,8627,4607
3975,8335,6839,6363,8287
951,6899,143
3635,3206
2657,3715,4656,3419,4605
2629,4965,6004,1469,1055
1573,1096,3209,848,7835
2793,4432,155,7261,5983
5034,1324,1294,4602,2427
938,1616,1946,6236,4381
6733,10286,4465,4306,6006
6465,4932,7019,6362,4795
4139,2677,4663,2808,1468
4392,4696,5723,7195,2429
267,7763,4661,5916,1406
1862,10815,4496,3538,4479
2405,11080,2216,1331,2837
1986,2211,3277,1754,669
5637,8972,8147,509,478
2498,7394,9996,534,2521
6736,3586,3736
6713,4743
320,2441,202,2830,2971
294,6440,105,2805,7413
7056,7690,2046
3352,2811
8291,3523,655,2931,1340
1216,6438,1904,3088,82
5570,3052,3663,6673,2714
7585,5416,3757,5359,1527
2079,2414,4895
6768,5806
2822,6485,3414,215,5206
2376,2154,3730,11542,3196
8771,3307,3792,20,4378
3872,4645,6151,2838,3999
1899,4526,1972,2105,381
4451,1989,7719,1811,3515
1378,1479,3497,4716,4918
5249,5774,115,2458,4830
352,841,4713,1360,5403
4992,4393,1174,6008,2940
200,3467,4143,6263,5566
4864,10308,7253,1916,2590
419,5732,2150,6603,1804
612,2955,9235,1173,4440
1865,6627,5215
3859,5574
9689,3345,2261,409,1626
3914,6702,7118,178,2905
10020,7115,908,2610,4279
736,932,4840,5418,5962
1058,5096,532,8053,6488
6210,997,4532,2356,4632
5312,7634,1747,2260,1461
2051,1130,8117,4151,8793
3818,1297,1427,6227,6074
6088,4362,459,1936,92
5195,3019,3932,573,4766
3418,1867,2771
6185,3266
1061,8588,4461,8698,4893
5795,3621,645,5582,5115
66,6826,7475,1493,2970
5125,7431,3661,1719,2331
449,4578,3570,217,7709
4322,5805,8495,2960,7984
3329,172,6223,7474,2612
8236,1488,4531,852,1436
6337,7209,4781,8848,2137
103,6281,10639,823,3327
3015,648,2326,3606,4317
6628,3625,10390,6521,2044
3170,2444,8981,5878,3807
4974,1039,2775,9083,5854
621,5488,726,4569,3647
263,168,2641,1235,982
9984,6093,4528,3006,7519
1443,7204,7494,3387,699
641,1508,1158,9226,1718
6274,5987,3076,8440,1567
2276,6408,4178,8309,3734
4565,8977,3509
2392,488
2632,2637,4186,3611,1310
6883,6727,2572,1229,1973
3202,2915,4706,3631,7039
2919,2768,4886,728,5276
4963,2756,4647,73,1354
3403,3499,1275,6268,3135
6693,3401,875,5108,7037
2784,6849,3140,6387,87
2852,10120,5132,14,4665
2760,1848,4043
3233,7554
9123,10597,5770,6167,2967
7523,5028,8301,4016,6932
6113,3077,271,6063,3674
6626,4459,2100,5367,766
4995,369,1944,1821,5183
8356,4776,719,3285,344
6692,4092,2765,1678,156
5088,1987,4,5111,218
5090,229,3061,2199,3034
9508,6213,1933,2671,1948
1733,2858,4428,2861,4442
3793,5073,5653,6174,1727
3904,2817,3173,809,1230
3232,8405,4431
289,886
6858,1866,7798
964,604
5408,2791,5484,7415,5823
4535,4655,4695,3134,3551
836,5171,2964,3959,5914
3042,39,5453,6808,3487
7746,5037,4013,6425,6842
1817,3527,7735
8448,7146
2431,1004,332,11135,5023
8705,7280,919,7706,734
9566,1156,5541,5865,8478
4261,1606,4681,980,2390
33,2563,3369,3669,2423
4093,2365,7326
5480,3004
8226,4483,5101
4961,3027
1883,747,6260,2902,4379
8838,2086,5831,6991,7676
9124,5703,2697,5596,4510
2601,8982,1367,1371,6942
3408,1193,7965
6993,1598
4486,940,2733,1425,6878
2212,2342,8790,3259,6462
4324,6344,4210,4660,3644
9987,391,3094,4312,3995
1792,5281,6696,2218,4153
9447,3404,4147,4499,3895
3174,277,7294,3451,5758
6297,3910,6094,1369,4319
164,3913,8339,4026,8220
3200,1765,1451,1104,2224
3622,1737,2418,5780,1272
5568,2659,4680,1582,847
553,9293,7538,1624,1663
682,842,2510,3572,8730
9896,4174,942,7950,1660
3207,6540,560,860,6493
2624,1376,6833,3633,2298
7874,428,2712,1277,1535
2409,1741,2646,4956,2175
387,5477,4652,2352,1334
512,5894,8774,3756,11279
4001,4365,367,7126,2751
4514,9828,9641,8884,1247
4103,4879,4367,7727,8734
3460,3370,1835,9435,2780
2049,9841,8275,7864,4027
4128,8653,1778,1588,7197
872,7337,971,6350,1853
8064,9158,3154,4060,2271
3648,5985,6080,4474,9727
1252,2412,1743,8564,789
3783,2003,5684,606,9535
3559,5494,4191,158,5279
3840,1674,338
4937,1171
6823,7593,7917,3512,93
8128,6148,1433,5819,3420
5603,6405,5454,3985,4564
5324,2451,2292,8696,6809
3720,6058,5035,4847,6771
7392,3442,2364
458,2499
3048,7113,1997,1453,4567
1001,7147,8781,5562,7615
7010,5641,3568,7057,5083
3937,1762,7346,7218,7743
494,817,339,9780,3231
3777,1254,176,4594,3218
6369,1808,4144,2075,3390
2508,1164,1908,1947,927
1353,8268,5713,5433,6620
6178,31,8687
3462,3038
4012,1037,4305,1240,351
453,1319,5063,1196,3129
4516,2085,5447,7599,7221
7712,3234,802,1909,4473
5635,2030,3919,5711,9598
8559,2544,2035,2101,2622
4487,2282,8404,183,700
1572,1092,233,1907,1332
6126,1490,4114,4189,959
9484,8524,7181,5326,496
8840,4491,3379,2972,8637
8865,292,1774,5210,6523
2082,3110,3335,2994,2108
2245,5126,2215,4204,8830
7145,6891,7245,10446,7071
5633,4235,1964,1485,4948
10306,3889,6962,5881,3290
4112,4793,4749
1408,2730
5655,8212,903
2660,3790
3786,174,1841,4859,3229
5614,242,9044,3480,7548
5109,4150,11038
4529,5609
2272,6437,9259,125,5311
7745,5829,3468,5302,4219
6473,1067,5516,9688,5053
3431,9258,342,796,190
8238,4111,2098,3861,567
2856,6866,7666,5147,8061
6379,2446,6482,8312,2589
2848,3016,594,8025,8799
11172,7436,7085,5561,2907
4804,5093,6606,5294,4926
5316,4966,9997,9204,3099
5994,2763,8525,3537,4627
8039,2953,598,4825,8703
4744,867,8000
52,1126
9600,2474,6517,4982,6009
7776,8357,4752,8439,4313
2912,5420,2670,7412,4409
1668,7144,2924,7149,9777
483,7974,1103,1298,3479
4036,5104,58,539,4797
8712,4084,7286,3704,1147
4519,3227,1684,9466,3867
7393,1640,2877,2898,1565
3841,8616,8719,469,7767
9504,7684,4809,3574,7288
5188,2023,2127,2036,695
1153,7367,6453,2012,9053
1028,3013,1679,6960,7449
962,5045,6711,794,2141
1639,3943,1965,1822,6431
2534,8367,7956,1116,3741
2792,11216,4020,10939,1053
2592,614,5354,3082,7089
3722,4915,7061,11191,4091
5295,9682,4343,1016,4796
1062,12204,5950,8504,222
3160,2250,9612
963,2093
3762,596,3158,4890,5310
6607,7223,3575,8121,4703
4711,2380,9624,7801,8282
2721,1665,2537,7465,6289
9264,7217,1397,8190,126
676,2987,4691,5591,2876
4337,1749,8750
7675,4916
4768,2408,457,4212,6552
5251,9491,5141,6364,4253
1073,5602,2010
4224,3180
5902,3950,4537,1786,5949
9472,678,7306,6385,3260
2794,9106,5180,10077,1439
417,6887,1673,8050,7351
4032,3265,6510,6610,2841
4165,1839,4659,1589,149
7783,6828,6514,3411,6867
6244,5606,3064,5146,2232
1858,2179,4902,4617,2672
2914,3459,7782,5352,3796
6893,9171,6613,3002,2875
1069,6128,6745,9273,1756
460,7052,3023,4981,9049
4769,5008,7571,10070,4823
1440,5329,1303,7229,10975
7176,1998,6160,213,3835
1094,8295,589,781,3706
4770,7626,9397,3738,3452
10636,559,11763,119,2008
5953,8871,1976,152,7388
8464,5368,8823
9304,9518
1985,3337,2578,8021,4758
4321,4068,1992,4683,1100
8512,894,10612,4029,6142
3458,5289,170,7088,9364
4869,6139,2621
5390,1127
543,6477,3025,5244,2207
10376,8085,983,9245,3678
3763,1557,6582,2359,10205
2176,6563,6956,7758,2676
1604,582,5547,1721,3613
6306,5909,1941,5274,6430
4206,6543,2996,1114,6237
2055,8392,2153,375,2623
546,9449,8878,3186,2585
5986,9547,8557,4783,6679
2542,6382,1999,8314,8383
3808,4595,5973,1787,8926
3331,265,7250,5268,3668
1927,7915,5068,5308,2334
3360,4832,6572,1713,6418
4976,6105,786
1523,6421
4003,3751,2386,8691,5173
5793,9932,7630,1974,2173
609,6389,758,7355,1597
2059,5007,5170,370,5855
3534,7151,1871,5945,4668
800,4070,1769,4816,1470
11650,1669,5221,3632,2613
8098,3718,9385,5290,8593
3525,5726,8468,955,9790
64,6114,3398,11766,476
7301,8294,399,8594,6559
137,3273,2094,2643,3806
7233,6683,4445
4435,111
8288,1284,5753,7125,1561
1803,1932,1868,4304,8151
7041,4041,1295,10033,3325
5571,5449,8570,5437,9438
7657,5162,1683,3261,1950
2882,7266,2091,5103,4947
8899,6439,6186,4558,11059
3073,7654,9388,1876,2007
11168,3619,48,1431,6687
3719,2416,4850,5271,926
2951,6225,4087,9527,3103
2448,5748,8094
8,4599
3269,4613,6479,4495,10430
8258,4549,3845,10571,9503
5667,5853,4062
7491,3694
3074,4563,1685
1392,481
7142,6119,8684,5138,6939
10566,749,7503,3856,1430
896,192,1700,3028,2171
394,2447,2002,6969,2363
259,1281,1699
1645,879
3364,9483,4556,2413,5629
3043,3142,1830,811,7377
5889,3041,6286,430,7257
4320,3945,7213,5010,6069
3141,4075,7155,7284,1502
556,3766,2264,7162,383
7373,2189,1395,2104,2015
3650,1511,18,5140,542
4192,6978,1996,6173,8350
3971,2824,8937,363,8402
7584,6467,1900
3576,1501
8902,486,5708,6412,2575
5120,7906,3628
5760,8777
7044,6630,1495,4190,8319
7713,2561,6659,2859,3440
196,2120,5544,1017,5594
562,3731,6492,380,798
6050,4134,7721,3086,10809
3176,6478,1872,7002,5692
5321,3084,2957,2482,7068
8547,3078,3437,5464,349
1312,4813,5498,9202,9754
871,5543,6612,185,4383
9041,5874,6136,6909,7583
11169,5228,5746,4503,7100
4640,3963,8300
9827,9109
7780,4327,3850,8492,10359
4160,11011,8585,4079,3543
70,592,1014,1655,5178
2209,3300,580,10250,7030
4348,8694,8255
474,4814
5314,9063,7828,5944,3035
2888,2410,7627,7409,1553
5619,1524,2296,9276,2941
7414,7991,9787,5213,3870
10056,4331,1967,6419,4252
7877,78,6228,6132,5599
275,5683,565,629,4318
839,1322,75,3581,10879
4227,2788,6416,220,5117
4675,5435,6918
10680,6100
710,361,1387,2896,4631
5473,7299,7726,945,4798
9800,141,4877,7986,498
2465,3557,3214,7796,10198
3495,5716,7224,7963,4063
1953,4034,4536,9499,3582
1539,4132,5318,5262,7934
909,8755,7958,3802,6590
5697,7172,8296,6024,6795
10533,2925,7481,5690,9723
5024,8177,94
5848,4603
7426,711,2289,3732,6838
3801,6506,9582
4502,5615
4612,6278,2678,10072,5628
3187,812,6709
10761,2583
489,1165,374,2652,447
7401,10415,720,9496,3069
10731,3545,6605,3952,4345
3106,3243,5075,8052,7167
6988,941,8400,7859,7128
1008,2066,1622,12151,8569
837,2950,4330,2318,6231
10880,9732,7026,3829,3989
9187,3433,10349,4187,188
5925,8839,10090,8689,3067
1256,1691,6694
5529,9690
5632,992,4546,7362,4785
4225,11778,10902,2110,5567
1121,4171,8013,4593,2324
326,6480,7124,1880,3550
9921,6182,12106,9425,2132
3366,1417,8461,3822,8310
3203,8845,2357,1559,9406
6085,3879,4364,5997,1710
2625,3011,11398,6066,5460
4715,43,10221,4397,3059
10786,679,3726,2006,11931
5032,7887,6707,1365,2039
4490,8298,4303,7862,7640
4073,4108,437,1621,5595
5476,3588,7369,11662,11224
11874,8003,3657,10906,378
1250,2538,5236,10168,10649
8648,1263,7379,2969,3228
8424,529,4363
7691,1445
1026,8612,8711,11575,4414
9282,6852,325,3155,5375
8384,7750,6300,9949,10334
2603,3820,2872,1690,1309
7109,4424,5363,2963,1791
8325,7594,6107,6332,1628
6192,4734,4878
4277,7174
6979,1541,3885,151,7901
9766,11113,5833,10381,11027
8266,8531,308,248,287
12,8812,9166,4720,8885
6305,7693,7890,5235,7643
5400,1457,2466
8849,4547
4332,6190,2515,4851,7323
5478,8760,5297,9811,7384
6531,3942,5094,9458,4671
1345,6754,6471,6062,8660
2019,377,4587,3344,3929
5601,1179,2518
2354,11383
2497,3330,2032,753,1175
7076,4421,7979,6648,1534
5824,2187,396,5998,2291
9252,8484,1547,4658,5946
12600,6984,12076,6578,8184
1796,944,1651,6968,6137
6786,9960,757,9590,5563
4325,4170,10605,6095,7422
2564,3748,4389,10620,8606
5511,7017,4047,8082,6872
1242,2577,3224,8154,2206
4385,258,3316,4117,991
722,7732,9125
7954,3138
7201,6812,5859,5076,11676
5698,6152,6637,9239,8952
7139,5157,1167,9297,11004
11265,8389,8870,8880,3832
3873,4874,2197,2200,9308
1576,3377,9307
6777,1581
10625,12035,8939,9104,9714
4897,2265,5319,4553,121
7338,1101,6611,5557,6616
5123,1637,9673,334,7570
4480,1057,7813,3222,7069
4786,707,5572
1388,2549
4930,1200,6997,4853,6907
10416,4161,1086
1656,1956
3848,6091,12044,6766,2894
8418,5351,10409,11419,5662
8773,10503,3118,3388,5661
5229,2139,1308,2558,3871
2662,8463,2738,6357,3164
9184,3365,6280,7318,1759
6242,981,3997,4286,3263
9922,2102,10332,3837,7455
6336,2893,751,4533,8764
8227,3332,7628,6065,829
1957,3654,584,4522,2301
9666,9835,9230,7093,2297
9699,1806,1873,11025,11187
9604,8028,9036,788,2460
3843,2191,5583,2802,3676
10402,7107,2278,9170,8792
4737,7588,9992,10122,4237
5794,5483,3925
3553,6701
6854,691,5976,4025,2269
4512,1448,5546,8279,6556
6848,493,2029,8529,8920
5604,624,80,3475,3412
2090,2998,633,9978,6491
2214,1767,1292,1657,1658
1124,5459,12376,5693,6686
2627,4135,6442,4827,8222
11299,6595,7110,206,11994
9742,1520,7575,10745,5979
4196,7964,6623
1361,7298
7171,743,4946,1335,10394
9826,1095,2185,7857,5106
3371,6571,5681,3641,4698
9608,2665,10063,10905,2554
2530,7363,5901,7955,10493
1145,3566,9236,9717,8089
8056,5490,8941
10779,3109
11774,6445,1202,436,1342
8999,5676,5775,920,1983
4673,4419,5059,1160,2778
3609,2740,3966
2942,2863
2048,6825,3954,10105,7132
1474,1768,5396,1526,4185
2081,577,7141,5128,9660
1897,1025,527
3683,1574
4136,6797,4078,5039,5052
8458,6929,4086,4667,3484
10053,6279,4616,5742,2322
6019,4142,11132,10909,7678
2274,1736,5769,5391,7574
7490,3087,1106,882,3001
7821,1550,8051,1142,5788
160,4515,9734,5135,6002
4169,3434,2605,4369,2071
1893,1896,1995,7886,251
10018,8132,7059,8219,7135
6635,4049,855,5754,9470
2720,1703,2737,11827,1374
7652,5384,10121,8179,4829
2945,10735,5717,701,4382
520,2580,6677,3510,8251
3079,595,5203,5306,3486
6424,1538,403,7892,1048
1189,8390,4517,310,7771
11200,5581,10128,531,2425
1889,68,5896,8008,1291
5443,804,3177,3128,9564
2052,2477,4464,3321,2943
1648,9842,6581,2166,4889
8321,6666,1676,11404,4340
6721,8033,6917,11466,9998
11631,3057,2227,8758,7199
6761,784,7793,4592,2042
3866,9501,4391
558,9894
9632,6030,656,5658,2587
898,10352,10040,3602,1208
902,5639,7405,2974,2655
1829,2469,716,2162,3926
5127,6920,1068,3248,8380
9089,10821,3145,4970,2157
637,1812,725,5813,1245
6653,7683,8708,6775,8509
324,708,7980,3127,1629
3936,7178,8363,1138,5750
10438,3303,680,6667,11445
7944,7157,11190
11515,7163
6533,9001,2194,2706,279
3814,8272,7506,6039,5789
3009,11907,11117,7635,1531
6657,3201,47,10034,5238
6724,686,602,2459,7004
8645,10955,3026,856,6394
7428,9897,9142,957,12095
1060,2826,8528,7800,11129
7352,8540,615
1512,1015
2594,5099,782,5266,4828
10568,12012,6189,5815,10008
3737,405,4718
7150,9967
2885,6374,2439,1191,415
10254,2769,2195,1750,6780
3745,4802,7789,1421,7055
2178,9155,8263,12108,10717
1476,2223,6742,3930,7614
11044,7496,7341,3313,7445
8998,6675,6036,7448,4573
3522,2690,548,5555,6365
5419,2539,524,2420,7797
7620,11212,4492,1362,6108
4867,8105,1662,1118,6495
6401,3298,774,1296,3638
4962,6723,5445,9549,2396
3457,1381,11439,9303,8861
3108,5225,7694,11984,9844
9575,6602,7437,1040,10006
7240,8592,7473,6451,8343
1832,10792,1458,1875,4634
9824,11528,7279,113,8372
1473,3054,10773,4541,8767
7968,3813,2222,2900,1278
5761,8138,7597,3380,11263
4449,6409,10,4760,1274
2242,7817,10161,1206,9468
8482,8872,4137,1132,1530
8259,1578,4429,1300,6201
3496,1614,348,9627,5884
7790,6639,2129,12435,3799
9348,10223,1653,12471,8155
10156,4621,1551,7770,5531
2928,570,7933
8332,8031
6497,5293,1270,2582,7032
6756,5926,9866,563,4408
2596,7781,9221,9637,10360
3617,8580,4618,9047,7454
5280,4288,6026,1882,8158
2184,1231,4335,9999,8595
8416,2054,9803,1305,2559
2309,4779,9905,2330,9118
3907,11622,6860,5943,3482
7607,1282,3427,9111,1532
12010,1198,9874,2489,9791
2432,2436,3695,4921,827
4736,1525,7344
7281,1444
1603,6309,4334,4222,3710
1859,2535,3896,10780,11101
8193,4806,935,2540,4154
9379,3785,9583,9681,7383
2213,2378,3696,8113,5651
4611,1571,3658,5163,11892
4581,3240,8201,8488,7196
12128,905,10601,2488,7870
9090,10125,10831,4242,11198
5060,1605,5871,5785,3005
6530,11700,8029
3739,1287
7936,6752,5260,8371,2004
6539,9004,3252,6550,6490
3302,4262,3728,4693,7830
235,1052,9296,6044,5919
11970,5959,5129,6542,11547
5578,7179,5618,10743,9150
6656,7170,5669,8048,8562
4454,1615,5939,1366,4954
10278,9096,1356,10317,761
3465,2870,2230,1404,5181
4256,3670,3415,5019,2492
9323,5197,2749
5081,2651
6881,6370,11856,8016,4061
6816,4931,6038
99,8748
8652,2097,947,2133,7381
4282,10522,4679
8032,644
1600,9986,2845,11438,7421
3686,173,6609,6422,24
3050,2545,10270,6970,6494
8672,3168,915,3317,3102
1071,5022,2484,4855,2014
6283,336,4221,7292,2109
673,7534,3666,6803,5013
8097,318,9577
850,5923
5358,8978,7160,9945,6815
12225,2437,518,7530,10587
5573,2598,5704,690,62
3046,718,6234,9436,767
11541,4888,891,3900,6014
6144,7941,10478,7386,1373
1347,3909,1257,8685,7729
9667,2839,10541,2833,8887
2881,7183,6003,1975,5214
2083,4530,4788,9943,10458
5151,9870,2399
4841,2891
8610,3213,8818,948,7254
9482,7852,5166,12400,6455
9377,6403,9480,9393,10172
6949,6025,1587,7636,8925
1705,4396,10959,2514,5501
8257,4357,9070,7478,4158
4347,8145,3286,6555,5277
10373,12780,9037,8913,2168
7208,3636,8276,7096,10364
237,432,6292,8373,11064
9317,5002,10989,5778,2111
11273,6922,76,7759,11260
3552,3020,2253,977,3130
1481,2895,50,1885,6719
3778,9603,11626,3630,9725
4579,10567,1009,1618,6905
2754,7686,2634,5259,2988
10314,6830,7091,2236,445
6466,8868,4778,2219,9078
7050,4109,1459,6205,3711
7073,10311,3664,9457,9628
1455,6294,6262,4729,2527
11146,9453,2639,9336,10107
5730,5439,8142,2766,9471
7565,2990,1074,4917,4475
8096,5989,7754,5486,4472
8832,4774,2316,12401,5911
7042,6633,9710,2992,7486
3169,8347,2524
9801,3249
9729,9321,8431,3898,11581
6916,9545,11818,5550,3478
11880,1937,7795,12308,6903
7938,4354,806,10321,8565
2464,7074,4714,4619,5846
4046,9807,10292,4404,4639
1390,4208,2258,6103,2201
9057,261,147,8317,8605
2435,4554,7884,2288,8918
11232,7526,11921,22,10487
5347,5413,7495,724,536
5432,6417,3320,2138,667
8678,4176,9747,10294,4023
2241,6853,1267,5558,3323
1834,4307,3150
4356,2165
7525,1035,8786,3797,3608
12483,11382,3143
8144,7931
4241,4601,7687
7007,7215
7433,5426,5492,8247,9241
6413,5430,4346,3836,5469
9249,5899,7184,7509,575
5282,7665,10323,8412,6654
10113,9700,6475,5519,12508
1771,2903,2136,697,9113
769,3010,3587,6087,6159
4610,7845,8326,9879,10842
7520,9152,4293,6821,2485
5377,8134,8429,9366,10174
340,3860,407
5915,9862
975,8208,3060,9845,8123
3854,6448,1816,9465,7391
8419,5885,2860,2682,893
1929,870,8198
7504,132
8961,8006,5673,4794,9567
12409,3964,10165
3294,6207
901,4811,3916,3032,285
9448,830,1183
6681,12180
5863,6538,10770,9748,9309
7203,1006,1327,7794,6843
2306,1647,10258,3443,1044
3912,1738,4812,4914,6557
8737,4999,4141,3445,11899
3426,4395,8493,6862,569
9863,6951,2121,2932,11284
738,7502,3386,1211,4638
5969,6163,9946,4123,4316
2470,9774,8661,7895,10078
7397,4861,2873
5337,306
1735,3601,8018,3826,6845
11852,2160,8854,8567,9658
9649,10690,4228
11019,4166
1204,7269,4990
7378,7450
9669,8614,7819,10462,7774
3314,4571,3798
4121,1827
9380,8423,8459,9197,1046
3392,7596,402,6933,11579
11658,6071,8024,7001,11450
9473,3656,2445,4822,4411
8452,3690,6164,4311,1339
7716,8716,9427,2647,10559
3530,3502,3375,10325,5527
7459,281,4038,8341,3161
3424,3618,5446,11893,246
6150,10575,3823,11387,6206
6856,3753,6892,8437,10911
5891,2836,8662,5782,12287
1232,11640,10299,11644,10431
2948,2475,8395,4270,5617
9446,2281,11756,5817,9019
12064,7566,7791,12465,11098
1536,3685,1671,4808,9310
11552,7206,5414,5649,1790
5322,4623,240,10228,6553
7844,1389,2702,8496,4415
1122,1513,9580,11671,1918
10116,9773,4978,9685,5598
7333,1543,6322,916,666
461,6836,1654,1919,671
4708,3339,9108,7897,2140
328,6257,6741,8539,11580
6373,7946,7309,10675,1789
1731,7856,5814,2550,5245
1825,2402,7407,2193,6716
6945,6662,2347,6414,2843
9412,2372,10289,8853,4700
10338,6851,241,10814,3423
1895,7048,7755,6930,8409
6181,10055,8778,7957,6558
7238,9982,1951
9636,10756
7812,9395,9396,182,2750
6753,2398,5645,2519,3166
44,3727,7227,1723,4958
0,4838,2312,1402,3324
3692,4310,4281,8250,6524
2864,3548,7484
5000,6360
9569,5700,10318,3355,11069
7045,7942,8406,8855,5849
930,3779,8239,5327,5852
385,2053,10087,1169,1554
3920,4309,7031,3962,11999
7270,10279,4524,10322,3199
11338,10734,9038,3219,10579
8576,4130,3939,2115,4732
6180,5870,6351,210,12415
9956,8135,5165,1776,9912
9313,4233,7724,3504,7966
4009,3862,3767
3529,5122
1729,9750,5212,2397,413
12288,1633,10887,5397,6684
6793,1135,6898,9781,7230
7648,7054,12240,12191,895
6661,10378,8376,10748,1311
8004,968,2320,3256,10015
6011,5804,5457,1269,9819
6146,3973,8746,952,1784
2026,6483,9208,5113,9918
7304,3126,1911,986,7999
545,5489,10456,10878,10847
5376,1217,4513,1194,10428
10816,9286,11342,8242,10836
8456,7112,5744,312,1372
11625,10059,10124,6352,10419
9962,8876,8783,7995,10301
35,1452,9039,630,7639
3274,11788,6963,10970,8766
9954,6885,2630,1128,7893
835,438,3494
1307,6789
3211,7020,9966,1400,11802
1672,2024,5172,5751,90
7078,4651,6258,1596,95
8867,9381,10504,11477,1978
10658,8354,4400,11219,10715
5026,7847,7913,6199,668
3776,6573,5175,8791,9400
9858,1544,6028,5105,7095
480,6217,7308,4598,7416
1505,8102,3372,1358,4985
11754,12624,10673,12312,11484
9891,1423,9915,9853,6782
2123,1422,465,4950,9695
3794,1299,10775
7307,4494
3938,6122,9802,5644,9645
10315,1877,5079
9890,5434
7785,2190,11695,8115,8856
6252,5811,7832,10875,11293
6617,7602,4441,8315,5821
1222,3056,10001,2813,4543
4249,627,7222
2869,1246
10502,4042,9644,4341,4989
4259,3976,6099,631,6296
71,9228,1807,401,6806
10290,11733,8054,9463,10295
9507,714,4650,4589,2798
12192,4625,10548,7637,571
11013,8809,7027,6196,2687
4993,4705,12176,10813,6750
4263,1959,5520,3315,1592
4967,11468,3701,10749,6879
10653,2758,8991
11329,1726
1667,8551,2921,4881,9816
9924,2472,3080,4437,247
8196,6886,2929,7869,2302
12448,7399,9139,10453,5592
6179,2147,1109,4056,8795
6532,1892,3429,3432,8269
9923,8486,1584,2642,6324
2722,5668,516,2443,9299
6371,6308,5220,8582,8759
2916,1894,2311,6282,5463
8900,8523,4076,5199,10877
8548,1348,5838,3600,3679
7467,9132,10447,9373,11647
9441,10339,1318,6474,3595
4544,10828,5967,8560,10263
8643,10417,12242,10771,11731
3842,2789,8235,5851,8445
4929,1980,4339,6076,5790
4066,227,7,647,5937
3744,6725,5834,3438,10645
1412,1608,4315,3477,7515
4497,5818,3646
6232,6829
8454,2343,4201,8427,7357
5897,7370,10895,9426,9823
9409,9607,9746,9372,9182
8522,7499,4407,3642,8701
330,11182,7760,10353,7447
1185,97,2608,10193,10513
6915,4944,2710,8603,7996
11781,2543,2226,5462,5565
11500,6221,6040,9916,5304
6275,5417,4115,8726,10846
12356,8265,12814,9683,8829
1280,7297,6564,7400,2068
9542,4462,9238,3417,475
2691,12745,2286,8974,6807
4420,11278,8245,9147,1213
9035,3789,5626,10140,4094
7810,2388,8180,9114,9278
162,2618,869
5797,5798
4065,2979,11205,5616,8917
1610,1201,6449,2107,1438
4836,12709,12553,2744,6973
11746,6889,245,2588,3615
1666,8106,7947,3986,2238
1856,6511,8784,4913,10461
9889,9193,12650,6127,3189
9573,2889,1612,946,1692
4353,10855,3179,244,4733
11363,7556,8520,11337,3857
322,3573,5879,3448,6525
11458,8623,9847,9849,7807
2849,1800,110,4572,3262
8328,6762,11698,5970,5209
7207,5512,211,8725,1429
772,6253,2040,5787,6910
4452,7592,5044,4670,9887
650,11824,5912,4568,8223
1441,9028,12457,5200,4662
5538,5861,10134,10171,1694
10466,10275,10860,2062,4763
8230,10024,8011,2989,2421
3492,586,6380,5395,1405
996,1958,8364,5687,890
11010,7079,6664,9160,5719
3489,9865,3117,5043,6426
7843,5136,3897,7512,5145
1188,7940,4167,6325,7799
9795,1515,6772,4413,6143
8059,8804,2958,11376,7035
9606,3688,10921,2546,4694
1155,550,5095,6250,8843
6176,9358,11408,11155,9654
3272,1970,4949,950,11037
7009,2374,10256,8472,2747
4552,9837,8654,5143,1630
484,12007,651,9903,11964
7105,7082,3466,7086,7087
4105,6958,4275,10581,11935
3651,2954,3148,1326,754
4642,2307,5386,5611,10591
5100,4911,7730,5556,8342
6863,10704,2262,2968,5049
10178,2061,6961,9556,7742
8932,8150,6047
1181,854
8996,2569,1934,2159,6110
2246,785,1491,635,11230
41,2028,4848,5398,7546
1528,10896,5394,3096,3322
10826,5551,9331,1716,9630
4131,1261,9357,7438,4756
10336,8742,881,10578,3921
5191,1099,10068,6588,11294
139,4402,10231,5689,5406
9539,9796,180,10709,12343
5952,3309,6470
7276,1773
4231,7881,3980,5777,5299
2786,4172,5392,3476,4863
11749,11378,755,4215,1752
11209,11503,5269,5112,7674
8634,74,9910
10372,11237
9455,9937,10103,10204,1757
1351,1321,4925,10544,8285
5474,6734,3383,3610,2879
5993,10652,990
11194,10764
10948,6245,5575,10697,3162
9793,6020,9031,8055,5500
5092,8745,2638,238,4050
1482,4972,4351
2285,5342
7046,42,3310,7193,8666
3472,10262,1465,7710,3358
8393,11306,2570
11729,5134
11720,4426,10252,5362,10526
4523,4398,3599,1209,4831
7267,5893,6057,6513,7549
6400,2628,300,6140,2878
6121,12493,10414,12667,5407
5858,1570,7043,8966,2606
993,8577,5729,5940,6204
3342,9492,2709,6423,5119
10631,6632,9387,12055,11799
1568,10851,6415,5458,4377
3979,16,2513,11319,254
11917,4470,2966,4406,11511
8385,2667,2574,5752,2235
2496,6977,10260,4538,5055
5066,10331,11940
8650,11298
4833,3464,974,11988,6458
9260,11406,12534,10712,11451
6147,5355,56,7899,6301
4162,3396,11722,11665,11197
1761,4457,8682,6647,1050
12485,9611,7439,599,7711
10443,11314,8313,5499,7903
5924,2152,4557,4467,4055
8224,4359,8808,9002,2844
7008,4007,5548,1177,5918
7457,8361,1744,10164,7003
3107,4909,976,1467,3293
3906,5230,3374,2959,3830
2528,8572,5246
11222,10518
2579,7315,4019,10389,10296
2560,8103,11095
7130,8093
8455,5139,6392,9595,2715
5991,10151,2057,11307,10956
128,1225,3341,1102,9619
1033,7945,11697,5845,1079
9064,6508,3216,3769,10207
5161,5972,6902,12761,8252
5701,3817,5515,2803,795
9728,4901,917,3928,3295
6209,2787,6411,6674,4444
9696,7336,10926,9234,5275
7403,653,2453,9370,9756
4064,10220,7375,10642,1210
6850,4871,9390,7604,2840
9274,8549,9422,3226,9437
6528,9248,2034,6420,7836
9334,5958,7631
6921,7951
8044,9298,6548,8216,10557
3680,8231,8946,7603,2619
2752,1002,8076,7314,6323
4674,3241,11793,3281,1011
8289,440,634,3612,5471
4329,10863,7347,9907,1623
8322,6023,8519,7930,12414
7876,11335,6792,9404,9021
1162,9102,6575,5332,10391
11045,7311,7865,888,7065
11096,12081,5005
9242,9094
10529,2984,1935,1850,2782
10638,15,11090,885,7517
5738,3220,6615,4216,665
8066,5964,2069,2774,4439
8079,2256,10577,9779,2134
11144,4973,10990,8049,9947
7328,256,643,5030,4218
2511,6805,9623,11544,7513
2021,8043,11373,8975,5208
1029,8820,11157,8057,9530
8583,5036,6512,6642,10335
3915,5069,3122,11448,2491
298,5995,1265,8851,5759
6402,12231,7047,2073,11003
8641,3244,2829,12115,7765
3008,1797,5285,6375,826
7576,7081,5733
7232,1143
4641,455,2361,925,3742
1187,5190,1740,3156,2680
10916,9544,4200,5388,5784
8489,12177,9876,11927,8664
7368,8042,8207,4145,10742
8034,3749,6156,7212,7601
3908,6726,1414,9526,5974
1707,8589,8518
8481,2854
7559,3816,11529,1869,10173
1990,3754,6865,9233,6298
3367,4746,6378,7275,3422
3040,10186,12598,9558,9593
11464,5612,12045
3125,10854
8229,2438,1172,3772,9341
960,2382,2158,6577,4159
1542,9768,6574,9398,7038
10898,5523,9332,86,12279
6946,12363,13,1846,2011
551,3624,658,10100,2391
3394,356,8806,8621,3284
2566,9128,3571,3033,8092
672,6097,3347
1382,6015
3649,10723,10758,12470,11065
11242,434,9050,1244,6013
4583,2202,6989,979,6138
3267,101,561,1329,540
1890,4456,2411,5580,3981
7332,6759,11540,10038,11863
7922,851,11942
9953,3165
6090,4045,12017,1971,8378
4098,1730,1680,3225,4350
2599,11761,9973,4248,8601
840,1498,8718
1852,7334
4740,2502,6224,6998,10236
12456,9301,4742
5800,4692
9892,7756,8688,8915,8476
9219,11288,1081,3934,7647
5465,4205,10671
8963,5029
1088,4291,408,6546,9592
12908,236,4124,1306,1564
10994,11364,2486
3697,8530
929,6248,6769,6295,2295
5696,8514,5827,3037,5182
7396,1129,427,4588,4018
4739,4868,8167,468,2493
12399,1328,1681,1463,2815
1925,4873,3852,8244,5910
961,2918,341,1464,252
9538,5608,11723,9262,5168
1454,1234,8824,7609,10237
8962,10760,12528,2228,12023
6433,2991,3410,1591,7419
7489,9413,9554,6676,10166
8898,3924,7255,3672,7613
7247,3348,10137,5051,7804
7718,10093,3152,3764,731
3051,6444,7216,9138,4637
7228,622,10871
4896,3362
1480,8202,10510,6320,6619
228,5638,9419,2607,4633
11104,10952,9164,4730,2908
8358,6731,9421,9651,10329
2020,1093,425,2473,1403
12679,5227,8785,8563,1112
7973,8047,10672,1689,8989
11840,2434,4463,11184,6591
642,2089,1260,4942,2045
2823,3500,1018,2332,6397
8396,8037,4430
10488,6884
11040,5905,6235
8942,9639
11564,7471,2552,4284,9054
6338,7651,11496,1801,1902
7114,3275,9362,5237,10235
2114,11636,5174,3645,2526
5857,2146,1509,88,7225
8256,8933,11244,10684,8159
4004,8964,6580,10740,4155
1157,8632,1704,5012,5048
1861,2983,6313,4207,8153
8352,7558,6214,9420,8951
2567,2350,7959,12089,2366
616,3469,7090,2072,7485
6052,7816,9098,7382,6811
7138,9288,10350,7698,6739
877,8434,12310,3065,8986
7258,8923,2124
2661,10197
5202,11890,8763,6012,8732
3968,5160,1650,6203,9214
1186,232,628,791,1083
9514,6799,9424,4787,10910
10498,9635,9640,9851,6911
12480,4399,8399,3217,7928
5057,2562,9701,1580,1521
6948,398,10324,7961,4957
1409,8005,3470,625,2867
12570,10550,10362,11036,2174
8930,2731,10637,2673,9116
4289,2533,7689,4880,1906
2692,525,84,6874,1020
186,9994,8780,2487,7610
8675,10966,11959,12125,4031
9027,2922,7733,7671,831
3556,8697,4952,953,3450
5980,2156,10965,7670,2684
1613,10608,11154,10803,6266
194,5058,7505,7410,7153
7553,1634,12333,5234,4509
6096,6935,4664,9082,7423
2500,2663,2183,5812,2517
617,10987,9232,10585,11869
3520,9383,10699,10765,10398
9697,7714,135,6663,3474
7366,7663,9201,10291,5331
5252,269,4272,2674,9751
11372,6668,1262,3703,9180
1677,10158,9525,2233,2203
7137,834,4866,3944,1137
11536,9073,9300,1847,10616
5216,10787,8683,9016,2910
4933,4938,7000,5017,7839
1504,3524,4520,362,1599
8225,11432,6220,12079,2268
10848,5934,2033,9302,8249
7456,4232,3563,1844,5981
4370,1931,572
1590,2087
11171,10537,9517,3245,5685
10883,10181,11343,10967,9854
10114,933,5747,1207,5177
12153,2764,5588,11737,10781
10565,4615,7211,2832,4053
12321,5286,10730,10486,3614
8388,1163,2257,5714,10202
3555,7623,8398,7164,11102
9188,6407,9266,12445,4991
7152,3961,2314
8658,7516
10393,5786,9805
7900,1316
11584,611,10444,11246,11347
8740,8397,1820,9277,8191
6021,6312,9075,7866,7837
7912,2329,2462
12754,11610
2675,3190,10903,11803,9117
939,1779,1494,1753,2047
11651,6499,10823,1881,9085
7815,5772,7539,8860,11103
8074,914,5590,6651,2973
5666,204,9011,12666,11933
7680,5796,12561,6172,8221
6089,1519,3958,7289,10714
5380,1384,5966,6897,508
12098,12613,1136,10227,8116
416,646,3119,659,4280
5767,2985,9618,9338,3675
2404,9988,4722,6333,10494
6824,7051,6614,5239,191
4229,6827,10030,2617,9629
10532,11755,442,9596,9693
9122,11810,3592,6393,8124
226,169,1233,157,61
10021,2471,8170,11023,989
12546,2180,12398,5334,3063
2182,3528,7159,4126,1150
6784,8297,9267
7542,4815
9857,11760,11121,9776,10768
4416,3361,8770,10440,9017
10691,12713,11787,10713,3291
7853,3022,7699,11546,8639
8776,9833,7786,372,1725
2728,12059,12084
7177,12355
2349,5204,4374,8215,1982
11427,11557,6064,12178,11034
12068,5613,5657,2906,6463
134,4782,2547,1399,10938
7537,10882,6396
11416,12543
6536,11049,491,3643,6459
5185,897,4678,10507,11537
1540,965,1770,146,9533
3957,5718,2934,1814,7070
450,6,3882,619,1197
9280,11009,8721,11795,11062
108,911,209,470,439
5992,5584,1522,5907,2038
11108,11817,11669,12727,11192
8646,9255,8879,8112,9553
6343,6791,8714,7629,4852
8001,6083,12149,10583,10937
8803,8873,12074,1301,11358
3893,967,27,4505,2939,1215
688,54,1352,329,954
109,2494
825,1228
1696,273,1586,1190
1518,2346,1758,464
1921,2163,777,2383
1355,117,1141,1078,284
677,660,1077,316,892
522,500,998
1065,130,499
145,12406,3864,12492,12126
675,357,1003,591,1212,792,154,1276
163,2694,3282,1619,2743,2557
4417,4872,5296,2742,3101,1886
1220,1428,1151
874,910
187,662
610,166,934,266,1258,304
503,365,463
865,907,1419
198,6598,2713,3965,7390,1487
11745,8739,12451,11833,7611,1913
8738,10584,208,9240,7293
11473,3354,9812
9601,12167
11877,12464,6908,11709,12446
10753,12726,9783,9720,11770
249,3400,5931,6832,5072,4057,3098
5665,6082,744,2890,5004,6996
3104,5475,1027,291,4677,4071
296,10802,10972
11032,6938,2653
12809,10766,12304,12244,7389
7752,12041,12499
12033,10819
12385,11431,6699,12283,10556
12203,11308,12527,6384,12663
11136,11250,9203,12407,6202
3296,9968,6326,6685,302
4835,2604
314,2947
9489,3607
4460,12365,12305,6871,10681,11006
9505,999,8136,327,9901
1954,3149,2294,985,347,2781
2112,1888,451,1709,2933,3030
3328,3681,422,359,3881,2761,523,4620
4800,12756,389,11767,12105,8426
704,6690,2886,393,8911
1537,4707,8107,8749,3095,7803
2818,752,10523,2654,6079
10369,1988,11199
467,7278
5232,8473,8457
3363,1149,471
2339,11822,978,1085,2649,9821
472,3780,8958
11188,10141,11327
11236,3237,8874,6125,11864,5882
11563,6291,10157
11291,12309,10662
10002,11716,3956
11813,10827,12813,12316,12830
11297,12806,9735,10759,9739
11841,11330,2119,5672,9677
12746,9804,11311,12542,11359
11522,11400,9578,10031,7762
12193,12744,12200,3519,12735
10179,12390,9162,12371,10683
12402,12214,11679
6794,12235
9352,10889,9101,12723,12699
11481,4244,12612
3746,10892
9895,8905,6131,11992,12507
10632,12458,11435,11443,11998
833,9415,12498,11965,9951
8928,5350,12518,7569,12537
10976,11725,12567,473,12762
12004,8485,11218,10710,12281
6435,12522,12057,12573,12063
10022,12583,11047,6959,11699
12772,12774,10219,12784,11514
12547,6965,12604,2871,12092
10572,12114,12052,9718,11097
12640,12135,9576,11772,4959
11654,11558,2923,11629,1901
12802,11140,12677,4987,7551
1777,501,510
2208,857,2037
8987,505,8699,5423
2853,2005,5686,4725
4643,4017,5041,7988,1051,6652
1286,4199,1611,3446,2620,511
709,7814,4458,2358,1917,3998
2681,8214
5001,2796
12216,12173
514,10019,10149,3724,10925,12782
7697,8810,555,6238,9055
578,12069,11494,1939,11519
12832,10432,7595,11916,12790
3874,9762,11918,6814,9759
10405,11063,9271,4790,7863
8836,9736,10839,4953,12671
11105,12770,12771,8831,11871
3682,4710,9713,11125,9786
11393,12482,11463,3157,10618
11425,6810,588,7894,2935,8506
11616,5412,7205,9224,3506,11736
7273,5526,638
733,3215
8537,10459,1393,639
7768,10995,3579
10531,8451,10309,10536,7561,10986,8111
5154,5381,8118,663,3193
2113,1945,1545,746,684
10437,3564,3539,11924,693,12662,12187
7427,11603,7989,10455,9368,12828
4723,9557
12638,4934
8608,9131
2548,2556,3886,3007
1120,3336,2267,1556
1032,1401,883,1140
713,2259,2243,1199
7430,10284,729,2553,859
10251,12738,11750,8802
737,1602,1315,2273,821,2198,3385
3554,2946,2148,4712,6284,759,1819
3205,1962,4302,2065,1107,6169
4236,4622,1359,2419,4792,6042
11176,10280,11118,2321,863
6501,11849,9868,10096,9976
2337,779,11599,7476,6270
10784,6625,7435,6671,10974
11857,12250,11789
12266,9765
8896,7404,6319,8753,8083,8598,5495
5830,8330,8075,10099,6328
9476,10247,818,12054,1499
3923,2772,820,2170,6046
2353,2835,966
843,3887
2305,1219
2658,1898
3473,2884
10050,8910,9176,9497,11743
10984,10082,844
7425,9067,1813
5348,10345,11116,6476,861
12739,7021,10511,1782,6520
12353,10530,11588,12488,9292
862,1794,4629,1134,6636,7838,5503
2735,2701,887
4436,4789,4951
10596,9638,12551,9832,9361,12284,10941
11456,900,9349,2056,3755,10255,10388
8640,973,8782,6354,7898,988,6589
5027,7492,7883,7885,2450,5975
4875,8940,5518
2400,4276,1031
1064,1066,3254
3113,1091,1516
4423,3271,1711,3251,2393,1084,3709,3839
6500,1110,11414,9752,3993,10844,11455
9708,12077,10183
10474,12036,5765
10328,1113,6976
5256,5941,8631
11645,7418,4500,1146,1243,9981
7104,8195,1224,2457,2221
3264,2913,1617,3640,1289,3725
1313,5522,2696,3849,1562
12384,3137,7586,10420,1364,12150,4265
1497,1370,5482
5193,6529,9506
4164,3175,1386,3918,5493,6233,8351
9058,6436,9013,8182
3521,8349,6990
1416,4427,3691
4072,5077
2310,9006,4687,1843,7740,5405
5442,8391,10226,5078,3901
1446,4010,3247,3221,4278
5536,11457,5410,1483,9620,10837,10678,9335
1575,9032,5709,2490,6010
6669,9127
2252,3326
4005,7372,3662,9172,5822
5064,4188,9855
1507,1772
3590,1742,3124,3931,2143
5385,3883,3788,1496,4220
3012,4022,10199,4028,3391
4194,2962,4251,2428,3803
3655,3000,4120,1914,1855
3970,1644,2636,3987,3996
6276,3750,6157,3055,3951,2385,1659,9852
2338,3589,1686,2455,2507,1879
1687,2077,1799
2161,1714,2131
7664,1857,5990,1722,2126
7121,8971,1775
11223,10300,12071
11193,11046,10607
1793,2149,1863
2369,2041,2300
1795,3834,3382,2938,3195
3242,4146,2773,6166,3036
12554,11022,12335,12207,12819,11705
11234,11888,12208,10554,10943
12685,12013,10382,7186,4156
11130,11958,9143
12417,9969
10985,5167,1809,4024,3773
12322,3878,12265,12717,10932
11073,11683,11587,12459,12209
12490,12494,12593,11353,10463
11713,12099,11460,10908,11967
12389,8550,11881,11221,11510
12416,11911,9353,7317,12157
8769,8065,8997,8566,7098
7842,10788,5642,10027,6876
1824,5756,3091,5623,2700,3405
11673,11826,1845,11407
7103,10962,6987,9215
1905,6116,8166,10475,10427,4717
2204,1912,3147,2748,2060
1915,11333,12039,12629,9270,8571,8542
11008,2862,8655,12302,11380,11543,12408
1922,4484,6757,6535,8211,9467,9726,10687
2976,3239,2920,3306,3255
2481,3514,2483,1943
3585,4002,2355,2381
3357,4107,2723,3838
12449,8262,12263,4360,1968,7987,11997,5054
9648,8912,12372,7993,9820
8450,12803,12422,11594,9168
9763,10915,12515,12712,12270
12481,12467,8692,12597,11895
1969,9813,9559,10043,8733
3340,6773,7194,12476,12062
7282,9615
2480,5539
7264,9586
12633,10738,11901,2025
7024,4097,10930,9706
7621,10083,11077,8199
2144,11954,10539,9964,2669
2797,5553,3955,3933
4584,4761
2172,3236
11249,12195,4358,9495,2248,11052
11811,11562,11666,3541,11576,8729
10209,8613,10413,11952,2293
3584,2897,4469,6584,2718
9543,3212,4590,4979,8916
6272,10342,4015,2299,7518
11619,6059,2335
9461,8679
2401,3171,3112,3181,3280,2611,2904,3167
8993,2407,7669,3483,4862,2975
3208,5003,4044,2741,5087
10689,11173,2503,9289,2478
5378,7908,2501,6999,8788,3287,8442
8890,8842,7133
7441,6835,5102
11554,6120,3308,6545,9975,6943
3047,3471,9207,8187,5343
2851,5258,6230,6749,4575
4326,2668,6060,3547,5883
6913,4910,8752,2520,4542
7779,3693,5389,6222,8088
7302,4844,7319,5116,6303
8480,7649,7841,3045,5965
5338,8693,3671
6427,5932
6776,5387,8924
4180,6599
9194,11100
7932,11828
6434,11975,6783
3714,9062,10535,10953,6586
8674,11459,2532,10481,4818
3712,2586,10872,10473,2698,8491,8895
3136,3747,2645,3319,3516
11112,9771,10482,12083,9877,12538
4773,2664,12138,10091,10271
5056,10692,12294,4373,11033
8552,10603,4941
11465,10812,9678
2688,10944,9512,7880,3824,10811
10982,10377,7660,6290,5015,11035
8353,9222,10922,12654,9936,5144
6051,3684,4102,4935,2717
11655,9521,12241,3892,2727,11321,11981
4051,7700,2734
5593,8161,4865
8019,6747,5781
2736,4883,4083,5513,3949
8421,11210,3436,12620,6109
4608,7364,12103,5270,11639
9738,12110,10958,2800,9428
6534,7976,9005,9940,12024
2857,3346,5749,5401
6256,9840,3565,3318
7972,5542,8882,6738,7029,8633
3376,4699,4525,2911
5640,3677,5198,5654
7296,9231,4626,3093,6198
3024,10954
10858,11109
11424,5091,11076,10000,10801,6398,3039
12160,5540,5222,6170,11164
11808,11304,3123,7190,12765
12421,9487,9719,6265,12286
10176,4801,12171,10669,12155,10142
11334,11627,3062,12183,10169
3072,7028,3717,4646,5525,5695
8386,11048,9330,10520,10527
3090,10132
11120,4006
9072,11897,9950,6953
6672,12009,12347,11607
3114,10005,12473,10491,11388,8735
9218,7875,3304,11848,10833,12251
4184,3131
4955,4821
4906,3855
8293,6377,7849,9417,3982,3151,6104,4635,10206
7498,10845,3605
6098,12307
7361,3334,7879,3210,10509
8834,4899,7587,11053,12174,9775,10992,3283,10807
9938,8466,9081,12571,3292
4450,4900,3815,4586,3343,3953,3667,3768,3770
5664,5586,3508,4709,3350
11993,10230
11867,12165
10505,11977,3373,12182
12120,11809,11979,3828
10754,8970,10543,10703
8240,12649,3455
9097,5278,4095
11983,9941,5497,4891,8444
11555,4771,8581,10023,11539
12331,4559,6644,11000,12060
4576,8329,4298,5291,8625,10643,9652,6972
10244,8213,3535
6800,9977
5217,3463,10248,11862,5820
9477,9770,7219,12243,10012
6464,9572,10216,3481,11402,9883,9469
5646,8286,6743
10546,3507,7655
8035,9284,9445
3593,8109,4493
6219,4380
3708,6562,6299,7015,6955,3596
4704,5569,4928,5219,3665,5624,5065
7016,6601,3707,4198
5648,6084,6519
10776,10386,10261
3721,9829,11214
9788,9991,10408,8651,9709,10127,3804,11134
6347,9086
4905,4630
5080,9196,3821,6247
4748,3983,5712,9460,3990
7914,4842,6447,6288,9183
3905,7818,5715
5521,6124
6755,7077,5257,6075,7935
4294,7432,6770,4636,8479
9291,8338,8984,8761,5372
5184,7468,6925,4283,7806
7469,4654,8825,8596,4887,4697
3977,9399
7034,7175
5682,5799
6307,9052
8889,3875,4300,3891
9485,5071
8985,6658
9146,8156
5844,5725
5323,3991,7067,4375,8503
7872,4998,9359,3984,6032
4666,7924,4255
7340,7501
8736,5537,5825,3992,4297
10374,11472,4856,10366,5631
4008,12170,7788,7888
4274,4082,7191,8010,4940,7214,8447
5186,10564,5317,4101,9931,10412,12921,12541
8041,10094,4110,9009
7239,5679
9024,7359
7169,4422,6728,7535,7251,6967
5344,4292,5549,5231,6486,8827
6353,5298,4127
5545,4980,7823
5156,4903,4649,4138,4943
4805,8815,4308,7605,8185
5988,6086,4753,6391,8344
6502,8465,7283,5621,8375
6158,7983,5554,8852,4149
10112,4238,8944,10739,7860
6947,5764,5169,6130,7739
6561,8417,4209,7353,6779
6624,5514,8723,6388,6452
6330,8073,5201,6161,4245,7094,6583,9402,4539
4267,6468,5335
5510,6311
11569,11839,8099,9513,10799,4287
8164,12005,5576,11016,10061,9965,9810,6875,7644
12032,12227,10246,10249,11989
12324,11070,11963,8798,11807
4904,9389,11710
10210,8165
4352,11312,10933,10553,11834
6704,9407,4387,4597,5356,9199
9283,4488,5705,12015,12692,9911,11513
11909,11782,10215,12615,12141,11502
6568,7962,7747,5877
5610,7981,7013,4518
9076,4924
12443,8862
10145,8722,4550,7918
11266,11688,4684,4604,10429
8072,8841,11913,12116
6112,7408,5809,6162,6906
6027,6597
9320,9908
8337,7356
8544,8877
5422,7398
7320,4644
5451,5605,5622,7911
8320,6986,5224,7581
8704,6678
6129,4857
6882,6302,4759,7066,5739,4750
7910,7248,7313,9818,7708
10722,10763,9494,8668,8636
10214,5866,5867,6317,10354
7969,8290,8709,8796,5534
8299,7117,9329,8501,6650
7808,4820,9268,9784,8218
8163,8040,5098,8370,6516,9755,7582
5313,9000,5577,5021,4824,6461
5505,5025,7975,6376,6193,6077
9585,8532,11348,4870,8379,11663
9687,5887,4876,8775,10074,8204,9071
9120,6569,5933,5869,5264,5559
5504,8425,4884,6847
6995,7971,8772,8700
9761,10346,4912,11313,12698
10791,7116,5843,11483,7166
5507,6043,8500
5248,9418,5250
4988,5424,5532,6366
5627,8967,7550,8591
10257,5938,8175,6399
12163,11556,8676,5963,10993,5110,5211
8307,11174
5929,7925
11609,11442,11346,8038
9356,9541,9926,9095
5152,12644,12061
10497,11693,12375
12769,12282,10594
8541,9927
12512,5194
10200,11851,12775
8904,8617,11786
9665,7395,11524
5409,8477,5243,7483
8360,10285,6446,9367
6345,6585,7084,7625
5456,7536,5288
8866,6331,7226
8545,8816,6359,5880,5307
5357,6576,8657,7161,8891
8387,8009,7658,10319,10490
6048,6818,7321,5481,6175
6592,7992,6267
7148,7461,5487
8304,8122,6645
8420,5900,5620,7764,7967
5735,7470,9650,8822,6456
9536,7235,11796,10996,5647
10017,11357,5671
9672,10611,10014
11657,5677,10835,6259,11479
8805,12740,12229,9831
9510,9319,7662,7290,7325,5886
6496,6691,10148,7878,7452,7645
6277,6342,7529,5842,6195,8893
6722,5847,6200,9033,8346
11769,5955,12238
7552,7527
8306,11002
11578,12500
12425,10066,12172,9935
10232,5961,10217,7053,9279
7329,7380,7349,8921,6859,5982
10917,9206,10407,6072,9772,10239
7560,9003,8071
7896,6367
6450,9511,7705,8828,8511
11099,10524,8413,6518
10979,12484,10403,10119
8800,9861,10032,7677,7327
6924,6608,7063,8731,9181
9154,8611,8615,8152,7466,8267,6655
8069,9225,6697,9212,8141,8535,6936,8284
7360,8801,7682,7619,6819,6840,6975
12793,11835,10092
12354,6981,9061
11261,7921,10048,9653
11240,6985,9634,11948
7040,9316,11945,11533,10225,9980
9440,11202,7385,9724,12670
10224,11122,12088,9275,7165,11391
10152,9244,12463,11568,8988
11600,10264,10441
11850,11659
9920,10569,11179,7948,7342,9939
7939,8233,11925,8120,10110
7696,7702,7531,8604,10477
12378,12276,11919
7568,7825,12146
12168,9546,9326,9529,10138
12579,10115,7606,10348,10045
10840,10980
12053,9959
7728,10593
11229,12327,12799
11545,12514,12587
7778,10728,12118,10007,12732
11153,8303,7927,10203,10159
12306,9205,11158,11526
10633,11123,10515,8090
9129,9430,8271
10472,8807,9295
9825,9702,10028,9134,10864
10755,10410,9867,10508,10830
9880,10073,9059,9493
10037,9363,10101,9621
10130,10060
8586,9091
8507,8875,8556,8534
9712,8365,9263,10047
9281,9140
9913,10106
8435,10436,10789,9175,9675
8864,11360,9433,10421,9814,9174,9961
10808,11089,10042
10838,9012,11126
11369,10194,10483
9200,12273,9060,11111,12185,12234
10340,10062,10351,10651,10079
11074,9707,11042,10211
12194,9928,10089,10451,10011
11137,10945,11396,12680,12349
12452,10724,11114,10861,9914
10496,11820,12338,12403,10677
11283,11028,10102,12438,10920,12330
11915,11005,12078
10384,11777,10435
10576,11332,10445
11859,11605,10598
11151,11345,10449,11092,10901,11324
10849,11370,10991,10774,11163,11007
10949,11119,11251,10484,11254,10614
10978,12405,10822,11031,12665,11322,11115
11107,10899,11141,11480,10923,11437
12066,11204,11845,11340,11955,12021,12056,11771
11446,11929,11611,11390,11903
11728,11739,11949,11854
11785,11843,11717,11847
11411,11972,11702,12440,12426,11420
11617,12067,11926,11914,11423
11601,12228,11461,12710,12198
12320,11490,12211,12362,12300
12591,12913,12562,12822,12382
12752,11595,12815
12386,12870,12935
11747,12517,12934
11732,11957,12028,12109,12766
12196,12006,12070,12714,12397,12795,12605
12145,12255,12237,12111
12233,12299,12741,12159
12201,12603,11969,12599
12496,12611,12325,12533,12730,12619
