4619,5034,443
6344,3601,8596
143,2126,6391
5988,8465,5335,8344,2939
9697,5958,8071,8685,9619
5990,4584,3212,6990,7988
1602,6436,5905,2291,8182
7432,5169,3955,7896,9310
6608,7506,3767,953,7518
5122,4675,10324,9400,3450
4547,2219,6100,11383,5529
9603,4108,6584,2170,252
4326,7821,6164,348,6367
7843,3367,7465,6862,336
4164,8996,3175,784,7836
9357,4590,2962,9013,9819
1403,9003,2285
9755,3046
3521,1799,7283,5493,5214
8675,2019,425,1386,7227
0,4753,1083,4957,8351
3779,10342,4469,6806,1464
2020,8069,5520,5553,4732
6502,9639,8493,9773,9039
11040,5991,2057,9396,9690
11810,10116,11307,461,4979
11144,3341,5136,4597,2238
611,9064,3122,2068,9341
8229,4742,3148,2257,4692
9058,9543,5777,151,9627
2567,7948,11796,7700,2366
11959,2350,7313,10966,7959
10444,7505,7410,8697,12125
4515,1358,10257,6354,7515
2268,11246,135
11432,12079
8225,7912,11102,7164,2462
6499,10823,12754,2329,11610
7815,5772,7539,8860,11103
11584,2404,10030,2617,9629
11369,1968,10838,12727,5054
4360,11089,9012,11126,10042
11817,10194,10483,11669,10808
12449,8262,12263,7987,11997
12803,8912,11895,7993,9820
8450,10915,11594,12270,8692
12481,9763,12515,12422,12712
9168,9648,12467,12372,12597
5878,6390,2046
6363,8941
5251,6058,3248,3537,90
5697,5794,3170,3766,5111
4321,5639,7405,5812,3703
7,616,18,5172,6044
4066,647,2517,471,1531
4480,3363,3469,5879,1149
3618,8457,3573,2072,8473
627,4661,2799
2780,9987,3196
1289,29,4918,5359
4375,4044,4174,4687
4161,7039
4793,4638
7408,7233,2612,4823
2235,12,4613,4495
4889,7027,5500,2166
3145,4970,5275,8341
7504,1404,9710,4815
6784,4707,10461,7542
10864,9017,8770,8297
3945,3497,4561,4279,2585,1340
2590,22,1175
1841,1479,895
3808,3818,9774,11824,10780,5567
7245,3183
7377,1786
3952,7010,7819
5088,6978,9932
9949,4558
8672,4160,720,5435,2718
1762,837,1132,1965,415
2625,6182,8839,3059,2357
1250,7887,6065,8219,10620
2564,5157,7017,4439,6872
113,12044,1213
12435,6091
10568,7785,2998,9978,5693
7171,1124,7110,4079,5815
5377,2665,10481,8082,8701
8645,8390,8856,1335,920
5280,8999,9608,6189,10905
8459,5775,10321,7386,7678
4224,3602,531
11459,7807
7683,10438,11117,3610,6653
5266,11622,12095
12108,957
898,9155,5129,6036,10717
8096,3587,3108,12613,7694
2178,9575,7240,11984,9916
9094,12010,9645,1040,9791
11970,5578,2061,9583,10743
10680,6602,10168,4573,2750
2288,5052,9150
11158,5358
9920,7939,11802,10587,5756
3091,12406,5558,9436,767
12225,10352,1046,7448,6815
11360,1169,11541,9849,6014
10373,6821,12780,8913,8276
11273,6922,4046,7759,11260
3881,2988,7117,11957,6650
7686,12109,11544,9818,10846
12401,5426,10329,11098,3484
4354,5225,11818,2316,3193
7433,2634,3636,8247,575
10113,5899,5519,7184,3323
6538,9197,9874,9113,1183
11640,7716,8423,11480,11867
10575,9776,11121,2647,6684
10338,10364,7096,11580,6206
9412,7407,4623,6553,9309
10289,10756,8853
9636,2372
9569,5700,4524,10322,9982
10816,11845,7270,10836,11134
12066,11204,8242,12056,3355
9709,3857,11955,3804,10813
8651,4876,4400,9687,3199
11329,10211,9071,12312,6750
4705,8204,12624,11484,5887
11754,7832,5811,1208,10651
4967,11733,9497,10074,11293
7329,9924,3080,12398,10749
12546,6403,5154,8523,8118
8921,7349,5982
6859,5838
11647,9132,7380,9373,3679
10447,7760,8623,12242,9426
330,7530,9823
11337,7447
3056,10353,7556
7499,11182
11042,12356,12709,8265,8829
11074,4836,8683,8725,10079
7207,12457,9707,241,211
5538,11010,5897,5719,1694
8354,10340,10279,10062,9176
9160,10063,6546,9592,10171
5861,9865,5676,10771,10134
2246,6958,4110,9903,11230
9634,10920,180,10581,11261
8263,11240,11948,9788,11358
11340,9393,9844,9653,5406
1384,6985,139,7921,4402
10048,9539,11237,9455,12343
1351,1033,9866,10764,10103
5858,8966,12493,12667,5407
11458,4899,1348,4105,5388
8041,74,9009
10992,10372
11332,1393,9877,12055,8537
7768,3579,12512
11511,8111
8451,10536,7561,11799,10459
10309,10410,10986,11988,639
9284,9927,9480,10995,10712
9445,3464,9771,10546,3507
9024,5646,10094,10102,7359
7239,5194,5679,11283,12438
9377,3275,11342,8910,10875
8834,7587,10508,10807,12185
10216,523,10899,3481,10204
11524,11053,12174,9775,3283
12299,11917,10224,10264,12605
6792,11851,5966,8988,11390
8904,8875,11949,4187,11935
11786,11600,8252,7165,12159
12714,8556,9712,10614,10271
11717,8586,8365,9140,7865
11811,4774,7370,11562,3541
3907,8035,9286,9037,974
4773,11370,7311,1744,10200
10449,10130,2803
12201,12196
11969,9059,9091,11092,7003
11345,11373,12255
11785,7395
2945,12741,12111,11728,8120
10531,6179,7046,12397,10830
10441,10060,9363,11739,11391
3817,11850,5515,11254,9913
10895,10101,10901,10106,11324
7876,12006,10991,6897,11163
10692,12138,5647,12083,11033
10949,10477,9134,11151,12287
6464,9572,11402,9883,9469
12775,10408,10127,11064,10559
9281,12237,11605,408,11903
8729,11446,10166,10774,10073
12233,12463,11251,8057,8541
6475,11659,888,10715,6973
5056,10037,9621,599,12088
10152,11568,6902,11611,11007
9380,8613,8617,12145,9244
10849,9665,2664,5972,9493
12070,8507,11122,12599,12603
11843,4019,10164,10484,10047
12195,4358,11052,11249,9495
11847,8043,12176,9880,11929
5161,11854,9263,8534,9275
11112,2248,11666,6743,8286
9857,5380,10789,12178,6291
10436,2532,2734,9329,8435
11427,11557,9675,10002,9175
7655,11528,11119,11096,9242
11716,10662,10157,3956,12021
10889,9739,6131,12309,12316
11813,12200,12214,11514,11359
12746,12522,12235,11725,12063
11841,6851,6794,9578,10572
9804,11998,9951
12806,12583
8485,11654,9576,2923,12057
9415,12744,11406,7569,12537
7941,5350,43,11629,24
11140,8905,10827,7762,4987
10976,12390,12723,10683,12699
2761,9961,10219,9101,5534
12294,10091,10482,4373,12538
5039,12402,11679
12371,12774
10209,10413,11952,2293,11576
10598,8716,10445,10576,11859
12640,10022,2119,10892,12813
6704,10887,11311
12772,11028
7361,3334,9457,6098,12307
12802,7537,11481,12507,12604
11047,9895,6959,7730,5237
8614,10759,9677,11699,12092
833,3746,10179,11558,5689
11330,12458,6771,12052,11965
9162,508,1901,11772,12542
11563,7698,5334,3063,2844
9735,5964,12498,12114,4244
9669,12518,7774,10462,12735
8299,12784,2579,8796,12766
8818,6965,2871,11992,3519
3210,10845,3605
7498,10509
473,11218,4897
11522,12135
12193,7457,11435,11443,12830
12004,5865,9718,11097,4959
11400,12677,7439
9352,10632
8928,11297,12547,12281,11291
12325,328,7635,8501,10710
6435,10031,12567,12762,12573
12612,5672,11306,9366,7551
8775,10472,5134,11023,11803
1130,2251,604
41,570,430
7362,1060,836,4594,4535
6816,8294,4136,4780,6039,2545,1559,891
6786,6789,10221,6257,8732
5613,10637,3958,3102,6494
3050,11419,76,8539,5662
11200,2090,6445,5581,2554
12426,6865,2425,2587,11420
9632,6087,11411,11702,5658
8582,9262,6451,12440,8572
2992,2550,4888,11547,2174
9249,10311,3797,7509,12508
11364,2183,9448,6681,10270
5863,5796,10295
3362,7228
9473,8066,227,7238,11387
10658,10001,10673,9463,1951
1730,2731,10290,11927,11933
7368,8042,6444,9266,7517
2472,8207,4437,3701,12666
8900,11536,10871,10362,10877
42,5199,4407
10417,8650
11372,4662,9383
5200,11746
11335,6889,11155,245,3615
7922,2588,5644
6176,9802
11298,10125,9358,11408,9654
9796,484,12007,635,11964
3152,5394,5269,1528,6719
11173,12870,12934,12935,11503
10689,12386,2503,11595,12913
12517,2478,12591,12562,12382
11747,9289,12815,12752,12822
3010,8342,247,3322,3423
5066,11194,7053
10652,990
3310,8975,7065,8666,6396
9988,12534,4216,11451,7711
7130,1307,5959
1825,12485
12769,11045,8361,10740,10389
12320,2021,4200,12362,6512
12480,10916,8489,12177,10742
7559,5612,1869,11153,10173
11461,6668,10159,9876,9180
12710,8303,11601,7927,10203
10854,10758,11464,3125,12470
5029,2599,11242,9973,9050
8963,10631,10671,11761,4248
11496,12399,7216,1681,5465
6338,11890,4991,6012,8159
10699,11347,10550,12570,11036
2233,2764,9073,10616,11737
12153,3051,12327
11545,12543
12587,1136,10227,11062,11416
3494,9036,10672,1847,8763
4896,12207,12208,8721,11705
12554,11022,12335,10554,2815
11234,9606,12685,9138,10943
11972,10382,6030,11888,11958
3600,1471,9143
12417,8548
12013,3697,8530,9969,4156
10985,5167,7186,7765,11130
11713,12322,8550,11221,3773
9538,11587,11683,12265,11510
12490,12459,12819,11795,11967
6632,3816,12045,1465,3358
12098,11911,7079,11881,12157
11073,12099,3878,12717,8054
11460,12389,11353,10908,10463
12416,9353,12494,12209,7317
8065,7842,5642,10027,7098
8769,10788,8997,8566,6876
9730,3753,4783,48,7859,2747,222
4132,10566,879,1114,9438
7100,7652,10292
8350,4327
9921,3433,9807,3383,10745
9968,1200,4853,6997,8855
1761,9507,8488,3240,10256
8201,6221,9651,4788,7196
6856,11500,11378,402,9943
6731,6907,261
8437,9421
1050,6810,9964,2935,8506
11425,588,3506,7894,10911
11616,5412,7205,9224,11736
5572,3940,6468,10856,7147,2449,598,2205,1438
6635,1388,7478,6557,543
9827,6020,6185,1582,1876
8301,7132,1181
1201,7898
8239,8244,2037,2007,8187
6951,6696,7599,4916,7798
6272,961,2098,54,9052
613,1259,2961,4600,2717
738,8615,8199,2542,215
6628,170,8535,4697,2300
9577,5683,6286
5510,1687
4805,7373,8185,3933,9470
6916,8551,3923,2015,5599
6825,3918,1395,10107,8349
2189,401,7409,7639,10105
2979,5163,8492,11376,6228
7877,4650,4881,9564,7357
804,10821,3879,3177,12471
11019,10223,9649,2870,10653
2958,2320,9781,7222,10015
8004,11205,968,2869,8059
9858,6028,6326,5079,5434
9298,8804,10220
4064,2854
1185,9890,71,9002,7035
2921,7082,9228,7375,1210
2343,10569,4201,4463,9816
6915,8044,2710,7996,6911
8896,7105,7087,8083,8603
7810,2388,8180,9114,9278
1666,8106,7947,7803,10941
2528,4452,9638,6762,7512
9248,2034,3769,5246,10207
4973,6548,11448,9947,10557
5069,9301,5190
5800,851
8514,6248,7613,5182,6591
5185,897,10507,9419,12089
5539,2985,11537,7282,10138
11919,7568,7825,2480,12276
7264,9546,9326,9529,12378
12168,9615,9586,12146,11901
10083,7621,2025,9706,10738
4097,11077,7024,10930,12633
3524,7597,3119,1427,11542,3577,9083,2973,2206
512,11216,11154,3317,11191
3072,644,1604,11763,1721
3426,2026,948,3478,440
8577,1448,11529,6828,11445
1927,5068,5138,5235,4086
7489,6305,3845,75,8429
7401,4720,753,3067,8764
7693,2669,7890,7869,2302
3296,3380,7614
3249,5761
8138,10346,6609,11123,8347
1633,2700,432,8373,8090
8196,9801,237,10258,5113
4353,5381,3564,4941,11756
6373,7946,7309,10675,9019
2630,1128,9644,7893,1789
9954,10502,8560,4341,2453
7403,653,12084,9370,9756
9102,6575,11343,9398,10391
10883,9959,10967,10840,9854
10435,11915,7728,10384,12053
4856,11005,12078
11777,10181
10593,10980,7788,10366,5631
10374,4008,12170,11472,7888
3331,870,7080,3626,1076
7654,9001,8269,976,3130
200,6076,84,668,5950
12611,5430,5782,1980,9630
1474,2690,739,4067,329,9259,699
8611,2858,365,377,6046
3584,357,2381,2897,5439
6564,3566,11025,4346,2236
8840,8877,1806,5744,312
8456,4616,7091,4828,6495
1957,3984,2672,2548,2392
5099,820,7964,3390,8031
2758,8332,1932,6830,1270
9471,2212,5799,3926,671
8898,8682,10228,6811,8191
10498,240,9685,86,10393
7009,9640,5834,2611,660
3744,6725,5293,3438,10645
8230,8011,8216,4377,4155
1537,4298,8625,2421,6972
4576,8329,10643,9652,8791
10244,10024,5291,2989,8213
5217,10248,3535,6800,9977
9332,7219,5820
9477,3463
9770,12243,11862,10012,9277
6314,1837,8982,6151
9688,9841,5653,1598
3751,9641,5848,1978,4766
4003,325,711,4603,94
8792,3090,11477
7248,9330
8867,4006,3082,9425,10132
11120,11897,9072
6672,6953
3714,12009,11607,12347,9950
5592,11048,10453,10520,10527
7712,5432,843,2861,943,2260,4728,3034,3899
7297,1196,2259,3861,6366
5827,2756,1995,141,2420
8404,3124,6936,3611,2911
1129,110,6032,6353,3838
2112,2469,4364,525,4951
2273,405,97
3954,6301
2607,10193,4374,3675,12284
10596,5767,9832,9338,6333
2279,231,4879,5711,6802,5628
5635,3942,3657,6260,5690
5474,5417,2066,119,3738
7938,9956,4115,8565,1145
5986,6275,12115,6676,8726
1969,9813,9559,6360,10043
3340,6773,7194,12476,12062
1574,1094,3238,1516,973,1453,2575,2931,5272
5188,1355,910,1654,121
4325,839,2601,5132,11774
3462,8006,367,4369,12191
5859,4806,5126,3848,11676
7648,8193,3316,1430,2782
7201,7054,12240,6292,1663
1634,9835,12333,751,1522,8627,7224,125,5311
1743,6523,3863
8588,292,2325
7770,3843,1894,1742
1361,3298,9323,3836
3552,2922,1157,287
3841,2996,9302,132
3776,3107,306,3595
1234,2578,3451,4838
248,8105,1898,2107
3866,6175,2934,9238
3234,9379,4861,7671
6048,1794,6253,3342
6448,9994,4739,7486
2232,8409,6636,7391
6513,2916,8750,3551
1402,3571,6571,6250
8019,10028,12182,10996
1540,2087,1770,8874,1164,1328,3225
1312,9484,10446,4305,5944
8689,8786,2580,9723,5310
9824,5925,10250,7279,1431
1282,6886,10478,9905,9111
3427,7607,2744,1532,4543
134,7794,2547,1399,10938
7203,4782,1085,5593,9821
2649,2339,8958
3780,11822
6125,11188,472,5882,11327
11236,3237,978,11864,10141
3971,5094,1640,4490,7215,3633,25,2877,5855
7594,206,5106,9748,7007
8235,145,9556,11925,10814
9280,2053,7687,10158,12793
12354,9061,6981,10092,11835
4840,2777,1493,6031
1457,1562,2955
3515,4029,5998
5420,5141
3872,4890,4380
4363,3158
1445,1417,2444,5010,3704
5874,4309,3829,3161,5854
8424,5716,5140,3448,3065
5354,3822,5490,1015,5919
9793,4038,5103,5017,5946
4938,3179,147,7000,7995
9057,6090,10515,8317,7839
1547,4460,6871,10681,8605
999,8136,9901,12305,11006
9505,1188,327,12365,11197
775,5168,6132,11192,6651,3517
4992,4451,4210,5203,4671
4411,6308,2446
2802,2882
1578,2127,6543,3099,3452
8402,6595,6511
6186,1703
6021,3398,486,6025,6491
162,4579,6152,3164,7455
2144,4664,6325,8952,5851
12579,10348,6096,1692,9407
2889,12306,9814,6935,1081
7837,9075,12533,7866,6109
8421,6312,11210,3436,12620
4608,7364,12103,5270,11639
9738,9005,12110,2800,9428
6534,7976,10958,9940,12024
1865,1964,3661,500,4118,2970,5023
2723,4652,2418,1787,2556
6336,3622,8781,178,3480
872,3156,1525,149,3647
3986,1451,3055
8800,8
3045,1286,2299,1084,1662
2976,3514,3315
2881,2380
6752,9666,173,9230,5584
8864,10855,4818,244,855
5179,3635,2342
2537,1993,3215
4956,8940,1319
9123,5614,3382
4073,4519
1709,469,9852,2781,4383
289,1064,4553,6906,3167
1665,6659,8723,1370,2527
10148,2888,3344,602,8893
1106,7924,284,1401,8924
708,1541,8425,266,8319
4985,524,275,8633,9466
737,5673,11146,9196,2639
166,5160,9417,2459,9567
4449,8652,1808,8916,662
8544,6309,1258,1740,182
2305,3654,464,8375,3293
2913,1501,5598
5583,8815
4195,6213,489,6153,2096,4083,733
2054,338,3770,188,3069
2594,1573,4047,5975,185
9826,8708,3303,4472,1342
6753,8998,9489,5618,5177
2052,4904,6542,8978,7421
2754,11940,8358,518,9129
8832,9545,11437,10768,11671
7020,10318,11760,9427,4700
1222,7879,6252,10351,11219
12005,11016,12330,9910,6875
12227,8164,8165,11710,11807
12032,10246,10249,9965,9810
10210,12324,5576,7644,11070
10061,11312,11989,10553,11834
4352,9389,10933,11963,8798
1027,291,2533,169,5239,191
6824,450,572,6
3104,5475,4677,4071
10691,5541,11080,2216,5418,5962,5774,2775,1400
5035,1488,5202,823,6493
6148,8810,9258,6540,6866
5347,12106,11382,8312,8025
4641,10178,7631,11954,9047
11107,8233,7342,1937,536
12483,10763,12023,8753,6903
11880,10923,2862,9270,1915
12302,8974,8655,8571,8542
12039,12745,11380,11543,12408
11008,11333,6664,651,12629
7430,9387,3117,10709,2966
3096,10284,10896
12713,11787
4550,10251,12761,2553,12443
10145,12738,7918,8722,8862
8802,11750,9076,729,859
11745,10713,1913,3291,4924
8739,12726,11833,6458,7611
10753,9601,9783,9720,7293
12451,12167,11770,11709,12446
8738,208,11473,12464,9240
11877,9812,10584,3354,6908
3649,236,470,1306,12908,4124,362,8047
9088,5063,7950,176,2874
6826,7790,5294,7961,3807
7874,941,8400,3545,6878
9922,5482,2354,4339,6845
1138,2227,1142
3032,9090
9891,8711,7628,3832,7199
11665,9853,4078
281,4733
5348,10734,9038,10579,246
10345,11116,6476,10511,861
10530,12488,7021,7089,1782
12353,12739,11588,9292,6520
2304,3185,6733,263
265,8865,6670,3759
781,3997,2943
474,2139
3202,2915,584,682,2190
6281,2253,4335,4347,2014
8632,658,4427
8946,3314
2081,2115,2147,1318,2200
8576,232,586,2040,8637
5730,8932,6633,3794,2297
615,8718,7999
1704,5857
1729,9441,2214,5934,9750
7304,7928,11698,3126,7800
8167,7951,10232,5209,254
2114,1580,9070,4497,10965
4263,9833,1163,3374,3645
4320,908,10390,4751
256,7873,7045,1469
2083,5139,4,8455
3793,7642
4864,4322
4103,1804,6102,6647
4128,3937,9381,8495,3919
258,2276,332,2221,4147
4457,1322,5454,1584,11038
6853,7750,5778,1267,10642
2689,259,1588,5494,2458,7071
3728,1660,10831
9682,982
1281,3302,7213,9279,8991
546,763,9397
6939,9717,6639
1880,7726
7299,3748
3921,10381
10008,5833
5976,5961,4852,5798
310,7771,10926,8742
856,2314,11314,7152
4921,2436,10110,9623
8714,1587,8925,2879
4811,3916,285,10494
8520,10578,1612,8567
10577,9219,2134,8079
6905,10137,10510,7247
10952,8202,9164,2908
11104,7699,12756,6805
11688,8426,389,4800
4684,11913,12116,2511
4025,7636,10429,6854
8072,8841,11266,4604
8640,1028,4902,3499,3116,6838,218,3771,3644
2853,10349,1549,686,2132
9894,5165,11827,1686,12600
7332,7399,6892,795,7870
1408,3176,946,852,6775
10822,3496,9590,10518,6299
9409,11540,5717,12405,10006
5511,5032,8115,3864,12126
2437,9746,12282,3035,9372
9607,11222,2199,11288,9182
2179,10440,8563,1630,2559
6083,4552,9837,8654,10583
10917,10407,296,12149,6072
11431,12304,10802,11032,10239
11136,12203,10766,6938,7389
12809,12041,11308,12499,12244
12385,12527,11250,6202,10972
6699,9772,6384,9203,12283
12407,5143,9206,12663,10937
12033,10819,7752,10556,2653
3680,648,7052,4595,4886,8471,3159
2338,7747,6690,5090,8056
7169,3140,4680,3030,10328
7353,5645,7992,7801,1274
1347,3147,7095,4505,3357
5965,7534,5007,5135,117
5224,2473,2198,7581,7582
39,6697,8141,1421,8370
322,5969,4242,569,7900
1505,12165,7153,12310,6143
6713,6993,3989,4982,600,7481,5916
6026,9547,5390,2386,3835
6984,9321,2925,6139,476
4192,9458,8691,3732,1622
326,6064,7473,6963,7347
9062,10953,8880,9395,8758
3588,6707,7606,10970,829
10792,399,11921,6578,8184
8161,10633,10038,9174,6777
11044,10090,7531,10354,7157
422,5866,5867,6317,9784
7808,3681,7969,8709,7944
11299,5220,2185,12012,12375
12448,7558,10487
10296,436
6278,520,10735,4382,1983
11907,8431,4658,4087,10909
9729,7428,9897,9142,3898
11232,8484,10214,10294,6783
8678,4142,7857,9747,10548
8646,12650,4625,8343,8223
6084,10724,6601,8688,5648
8386,11693,10677
4198,9255
12194,10089,12338,10011,8476
11820,10451,9139,9268,8915
10128,6450,11132,6686,8511
12452,11396,9892,8112,4023
7496,7016,10861,3313,9553
10504,8879,12403,3189,8951
10945,11137,9928,12680,11114
578,5512,8785,6519,12349
8418,12069,1939,9914,11519
10496,9889,11916,11788,3707
10432,12770,7595,12790,9759
12482,9736,9713,10618,6814
11393,10839,11063,4790,7863
12832,9762,8836,11918,11125
11105,12771,10405,11463,4953
3874,11494,9271,9786,8831
3682,4710,11871,3157,12671
8734,3935
2298,3006
1778,1067,3557,10975
2724,3218,1240,1565,9086
2465,9187,6279,9202,10198
9511,8552,334,881,10902
2688,10944,10603,9678,1822
9512,7880,3824,11157,10811
6290,2898,5015,11035,10812
10982,10922,7660,9936,5144
8353,9222,10377,12654,9530
2432,11171,1029,11465,11468
4378,924
7274,8771
6456,369,2753,70
164,8399
194,398
356,198
1507,1524
8899,741,7301,359,5236,7061
7048,302,6766,9742,10174
1824,6144,680
3009,9433
4620,1373,445
3169,8807
2402,7658,10770,5523,11069
11009,8387,10319,8657,12279
11617,12067,5001,11914,11423
2796,5357,6576,10898,11926
8009,2681,10490,8891,7161
514,10019,10149,12782,5492
3724,12173,10925,8214,12216
4165,4526,4434,4566,4091
2876,1990
4150,1039
1985,458,4012,560,1527
1792,1605,1863,2574,3028
4171,3980,4399,2006,2395
4227,1062,2987,2382,4367
9027,9128,4332,2549,4277
2824,8746,363,12204,8918
10336,10532,7336,4848,9234
8977,7394,3325,5526
8355,4459
1377,6847
2914,5477,2696,4943,6038
2401,8257,4300,5844,4980
7267,3473,8824,6268,3231
7292,5181,5846,8156,5405
5537,6474,5044
3465,2230
5569,6562,5601,6449,1943
6793,6898,3000,4221,6399
7398,2860,3247,5970,7063
4010,9334,4031
8097,7603
1509,4844,3281,5938,628
1186,5252,372,5751,3516
7623,12551,9267,9751,1881
3676,8669,4510,4319
3849,2697,435,1022
8545,427,8272,1812,3641
6147,12619,2859,9967,407
8393,3190,7255,12730,9117
9122,809,7306,1012,4855,8504
6088,4554,5073,4409,5308
516,551,6385,4851,893
5987,7307,4695
2416,3260
960,5312,2900,854,1691
10443,2475,6807,7422,7903
4929,6471,7112,10252,9695
11755,6320,442,9596,9693
4026,4474,6438
3305,2186,452
130,4663,5847,6417,3895
7776,7298,5748,5562,3227
4962,6610,6130,8477,7615
6112,3041,3076,2895,11700
4208,722,7732
7954,3138
2374,2540,1653,7093,5754
9635,2435,8142,8472,4154
1667,3789,2258,2201,9725
10690,2434,4166,11184,5626
11840,1390,752,9851,6079
2798,8107,2654
10523,1988
10369,2818,7278
467,11199
10151,455
3628,7351
1194,7892
8979,6780
2662,10765,7566,4475,5979
1095,2894,1006,3739,8029
8396,7086,2769,8662,4094
5376,4513,4387,11526,9199
12064,5891,7791,5234,3165
9825,6536,11049,491,3643
10017,7620,5671,6459,10014
2727,9672,9521,10611,11357
11655,11981,12241,3892,11321
2852,10597,4520,621,11695,2906
2730,2582,2460,2010,2108
10921,10636,2741,2872,540
10761,10932,9503
5489,7426
10649,4820,2265
545,7637
10456,8218,8668,10878,10847
7474,6126
4075,5871
2677,6013
9158,5926,2407,6666,6011
3329,9483,7181,3574,4186
9504,6178,9418,6709,3582
6656,4068,1803,1362,1310
4647,559,6160,5941,6679
5445,4492,9501
7721,9252
5072,1873,6770
4533,3550
3171,3155,8661,12151,3420
7553,4804,4715,7513,2330
10539,11212,4779,5486,6108
7520,5125,4293,11625,2485
10124,5830,6103
8075,8604
8330,11729,10099,8055,6328
9476,818,12054,5495,1499
7689,6121,4787,1590,5590
4289,6089,4370,1689,6687
6756,7211,563,5845,3482
9274,8549,9424,1079,3226
9514,6987,5356,1845,10910
10565,4615,11826,4053,11673
11407,10962,5943,9215,7103
1862,3847,459,10641,2431
10535,8296,1206,92,11037
12192,1875,11027,9494,571
3651,2509,483
2544,6223
977,1257
5641,4144,7381,886,7835
2311,3725,1207
10033,6414
1767,7729,2035,1332,3706
865,5443,10315,20,3220
996,5993,5738,8364,6711
673,2919,2133,1685,8155
8293,1608,1674,2075,9055
9035,1617,341,8694,10140
5193,1834,617,3929,5342
5665,9840,754,4278,7708
10114,7910,4944,2204,11869
1412,1958,1446,9108,2391
1482,2282,2347,6157,5880
4602,251,454
8360,4875,5371
6496,7740,3061
5824,7204,6342,1779,3509
2400,5504,5264,2933,3806
6345,4525,4302,8337,3064
64,622,8085,1494,2047
7490,5703,3887,2159,6162
5696,4454,3113,1934,6486
5507,7975,4712,5586,6042
192,2438,3254,7193,7739
8643,8040,3251,11731,5594
5027,4995,3141,4424,6155,1042,5241,3134
4621,4307,8564,183,2684
5026,5028,4729,4825,509
4931,4812,4055,8124,8222
3906,3912,3691,7885,475
8419,4592,1011,7225,8249
2691,3668,7733,5238,8795
6657,9701,9542,5299,2878
4571,1852,9549
8776,1498
10848,6242,3555,625,10202
8388,4072,3417,5980,413
5952,6921,11319,7610,4670
4873,9085,1925
4272,8398
7786,8271,3957,1814,8636
260,1005,4527,4433,8314
1899,2768,3992,6362,8284
4940,7793,5563,5884,7901
3339,7438,7183,4220,3261
6722,4209,3195,3772,6623
8416,7461,7814,3216,6288
3271,3336,3690,8889,2428
11651,12456,7400,7956,630
9510,1933,8335,631,10396
68,101,6574,1542
6861,4239,8687,8980,10334
12180,31
5123,3347
633,10419,1382,6015
3168,1889,1987,2967,3731,8981,1303,12059,4446
562,8279,380,3612,1596
8993,1162,561,690,8500
5729,4050,1651,10612,5043
3213,6742,3599
3553,10263
8289,8745,6701,944,634
4544,9446,5100,10458,3930
12355,9768,4911,5556,4989
9761,2728,7177,4912,7166
10791,7116,5843,12698,11483
1127,6736,4568,411,7288
9193,650,4176,3186,5912
3969,2056,3244,3053,848,2940,1503
8705,8395,11224,955,9790
6884,7643,8412,2269,3870
9349,4430,10255,663,10488
1337,3799
9106,3765
6852,174
672,10018,11011,5571,3543
1955,5061,3730,4499,1078,7449
354,4422,3720,4393,4365
678,7412,3350,5271,2621
5473,746,945,2738,6231
4184,1273,3252
5400,5262
3977,2530,6550
7450,8363
7363,7495,5901,7955,6490
10541,2833,1970,6580,4949
9667,4722,3060,8123,1628
1480,3883,975,8313,5051
1892,9098,9361,7382,6619
7816,900,6052
11456,3755
5793,8930,396,1233,914,403,10359,8601
11168,8258,3973,2318,9754
4581,9125,691,6394,8380
6146,8099,5351,1784,952
9513,11839,10799,11569,4287
457,5450
2088,3135
5298,8405
3266,12187
6592,5344,2890,5231,1843
1997,7470,1615,4666,4954
6913,3970,7302,7319,7321
7972,2605,109,3983,4188
10,11626,4972,11031,5211
10437,11924,693,12662,12828
1137,10533
1048,9264
9000,11172,2613,967
11650,1669,5221,3632,695
10625,9188,7128,3801,5853
2766,9104,9714,8051,8372
10537,3245,5459,12376,11994
7552,5955,7527,9517,12238
11002,9935,8306,11769,11578
10497,12425,12172,10066,12500
2405,5254,2651,217,4058,5083
1297,10161,8468,5213,8606
10021,11113,11658,4270,7991
2208,9986,2028,11438,2845
1921,714,1037,2172,6654
1025,9295,1232,3830,2398
5216,10431,2948,2910,12415
1916,4100,2213
3696,2953,9226
641,3950,11279,3154,3487
8610,3267,3110,8557,1235
11771,3437,3886
11313,743
3570,6923,277,5518
1472,6754
5513,4986
4802,4131,842,5423,3005
6624,677,5682,1912,5307
6409,8268,5229
744,6082
5451,4015,2419,4699,4318
4743,4565,5365,2679,7511
5284,1543,1354,728,1945
3910,4396,7094,7415,4093
1120,2676,3607,2365,4926
8352,7170,12035,494,8631
5739,1581,9460,4245,7327
3360,3745,4138,749,8569
5184,6662,1296,2520,6331
9307,4611,5742
10053,6685
8039,6094,3376,6615,2493
9845,1819,1276,4445,3326
9291,5227,1496,3708,10526
12679,2510,11732,1495,1112
4416,4267,2924,9485,8175
2848,9715,703
381,4405
7554,8228,6382,6478,7250
5281,7682,7783,8018,7126
7502,8152,6552,5883,4312
7649,5456,2675,7002,6652
6597,947,7029,6613,8190
7714,6723,10087,7050,7742
5580,755,1752,11993,2203
3586,3142,3783,2413,2129,8884,2875,4125
4112,3187,3670,3991,3229
1895,12076,9236,4020,378
8089,761,2038
10323,5989
10978,5282,5992,7665,10078
6849,7942,3078,556,7197,2811,349,5726,3999
6280,2414,2577,1682,7031
6605,7485,6909
1026,8461
1376,9184,7691,7057,8310
769,3396,7565,8496,4414
6885,7366,11338,7028,7318
6040,2024,2102
2715,7663
3361,8102,3372,6772,11999
9795,11209,1515,9201,8153
4162,11977,3373,8434,10291
290,2399,3495,3562,11118,6095,1526,7963,4063
10605,9811,6581,8760,3742
10115,1648,8820,8406,4794
9953,3405,6675,5907,5623
11942,11176,10280,2321,4538
2337,6501,11849,9868,9976
10784,779,11599,7476,863
6625,11789,10974,6671,6270
9765,12266,7435,11857,12250
2244,645,9996,1741,3039
1866,9506,1774
9282,964
1668,2215,1671,1225,342
1800,1140,894
1571,1644
1481,1868,8529,1655,8540
1711,8752,304,9908,1723
1735,1772,1777,10199,1629
1575,1518,340,8984,1758
1217,1637,10409,782,9496
1600,9700,9673,7570,10773
3328,5091,11115,7705,10235
11424,11076,10000,11164,6398
12160,5540,5222,9487,6170
11808,11304,3123,7190,12765
12421,10801,9719,6265,12286
2603,3820,5037,786,1492,5245
3936,5561,8992,4555
8064,4514,7280,8392
5603,6412,7662,532,6069
8003,6734,1008,12465,10394
11265,806,9939,3539,10172
1096,6833,6716
2099,10283,796
385,8612,7630,1946,6364
7746,8227,5770,1035,9406
10314,8653,1073,7379,2972
1088,10050,4291,10984,11743
7425,10082,9067,844,1813
5508,869,5797,8215,2618,3934
646,656,885,8989,1599
4506,3684,7414
3736,3959
3335,4392,2410,3596,4461
2641,1749,3512,4092,2429
4487,2792,3790,4404,669
4032,1765,6791,1224,4027
1848,3692,4798
3377,2843
2928,1714,3987,10100,5274
901,3856,3026,3924,4159
4098,9703,1197,915,9011,383
417,1309,902
2168,5476,1262
3441,2474,2837,5149
1736,8441,5723,6942
8033,2488,5437,2334,6559
12128,3938,10601,905,4530
6122,11852,8854,9658,6747
2160,8598,6879
6741,9702
9028,12814,9683,4470,8759
6116,8166,9544,9260,10427
5705,10475,4717
4488,1905
9283,10215,12615,12692,9911
12740,12229,11909,5677,10835
11657,6259,11479
8805,9831
11782,12141,11502,12015,11513
6627,12644,5574,5195,9305
10697,1153,4901,6207
3928,12409,917,7781
3719,202,4716,7984,2644,6300
2470,6539,6637,7853,7796,926
9152,5375,3022,7696,11546,8639
939,108,9300,439,2045
992,4546,78,2719,1594,6869,9016,986,10815
1320,233,7535,6611,1747,4532
7779,4835,4563,3640,638
5409,7881,4334,8503,511
2176,4522,1950,3547,4062
4423,7657,6220,7789,7958
1002,9172,6295,58,187
154,5419,7878
5248,6769
2886,2376,8848,2901,3031
2784,1618,8812,8684
2951,7145,6097,9239,3103
8585,5002,2002,9082,7423
10567,8016,1009,2839,10332
6881,12553,11856,11828,2552
7799,8887,7629,9879,11644
12228,7940,7845,4167,9867
8290,11141,11564,7471,10842
6416,1090,8371
2004,7757
7936,3642,7627,6128
1018,3500,6397,2823
1986,8902,1229,2062,3288,1754
8961,1053,4134,1135
6352,10059,2309,8845
9593,7114,4763,9118
9362,10275,10860,10466
6858,1068,2830,623,6683
7844,1576,168,4170,4785
2678,6566,5983
2218,482
1956,6477
5570,2670,6768,7475,4955
4867,7251,4789,8151,7967
7077,3717,5651,6195,5087
6066,1074,5460,1365,2039
6568,5162,8145,6387,4316
4673,2278,3057,6193,10331
1726,6996,7830,4311,11198
4185,8658,3862
3961,11697
5764,6311,6161,6003,7516
5920,5795,9508,9960,4942,5840,9276,4797
3106,5316,614,4915,1908
9862,2793,8911,3796,980
962,4749,496,2036,1244
8634,5666,4229
3964,4599
1673,3671,4792,3931,2975
5667,1544,5112,7931,4862
4421,934,4748,3821,2173
5120,5314,5197,10068,6173
5657,434,2097
1099,8580
12528,4880,5911,11322,11294
7042,4713,2826,6316,3442,3699,3033,5276,8287
3073,4932,2441,6263,4698
6163,8195,1101
5604,3726
2817,4222,4190
5555,7174
4130,4444,4310
11457,2484
12036,2706,3062,12183,12155
6500,11334,10474,9708,10678
9752,3852,6232,3993,1658
3915,5363,3572,2171,10142
5536,5410,1483,12077,11414
4801,5765,3020,9620,10169
10176,7778,2787,9467,11229
2563,10979,10728,8211,10007
1922,10119,10524,9726,5503
10403,3492,4714,3470,4467
6757,12171,6518,12732,10687
7392,12484,4357,8780,11099
10723,4484,12118,2487,8413
6401,2891,10669
5057,3646
6535,3114,11065,10491,10781
11627,1110,9335,10844,11455
12514,10183,8116,10837,12799
3304,10005,12473,11388,8735
9218,7875,11848,10833,12251
2051,6183,2632,2572,6127,8117,1116,4605
1122,8367,4151,3741,6174
3718,2960,1016,6521,4796
11398,8048,9078,6105,2524
4517,1513,4778,4718,8562
6466,1918,8518
8868,9580
7232,1248,9171,5397,8407
12288,7081,1143
7576,5733
226,1519,209,7289,10714,61
7159,1463,1146,1243,9533
9981,4500,7418,11645,4126
6050,7748,5684,12598,60
3040,1859,3896,1147,11101
3882,619,6172,157
7456,2182,1150
4232,3563,9116
7139,6150,785,10003,1491
757,7059,2893,1167
8224,9297,8132,7135
2840,8873
6850,4359
8808,1301
12074,8803
1857,3503,4696,5215,2079
1944,1369,3364,1367
1193,8275,6043,1487
10032,9624,1820,2645
2797,3422,1189,8326
7172,8937,3348,10493
2256,9779,8964,7647
37,2974,8509,7710,2655
1731,2500,1198,5814,10262
2663,5232,5937,11095,2489
5732,8073,5995,9966,1883,4223
4060,8838,5319
6437,8134,1998
7915,6860,3823,1202,4946,1429
7208,5259,7437,10388,10040,10299
2981,2791,1545,5166,10639,2264,10939
7588,2412,2223,1242,5661
4737,6114,9482,4237,12400
320,2245,3018,2194,2423,9660
4249,2363,1103
33,228,10775
2832,1299,4045
11793,4494,1246
8481,1701,553,5804,8524,4754,2515
8321,1707,1676,8589,6190,3375,1269
3401,1360,4694,3865,2141
704,3529,1171,726,1917
2918,3474,3826,916,9204
1121,3208,9870,3440,697
3814,701,2950
3664,1305
8389,8870,6407,213,11766
7138,1287,9288,1321,8285
12496,4284,4925
6739,10350
1220,2105,665,8699,892,1118,351
1238,1190,821,550
5746,9404,6661,1086
10378,10730,5286,1311
5670,5786,4686,2822
5433,1478,3094,4711
8736,3242,2005,661
82,1211
10416,4236
6648,3400,5003,3565
5338,4450,4005,7390
2592,8849,11892,4294
9946,3658,1316,9805
8288,7813,9498,123,4895
3431,3975,7125,4923,3711
2242,12234,6480,4978,11187
8001,10414,1327,5784,2813
1221,2805,6222,2846
8825,324,4887
5258,1091,766,8255
6738,963,7356,8479
1219,9359
8346,1339
2920,922,3453,3430
2138,3387,453,719
716,1356,589,2071,4440
8356,2120,565,3445,27
8740,5669,4999,11404,2836
73,4493,7150,817,4883,6330,7355
612,7269,7337,912,6932
3434,2733,592,498,5055
6702,6389,5302,5624,3998
2496,3909,3893,6262,7034
7911,7823,2608,4436,10260
6977,7586,7818,1364,8092
6307,7971,7979,8942,7067
12384,3137,4265,10420,12150
8240,830,87
6296,9194,1374
9097,12649,11983,4891,4095
4771,11539,5497,8444,5278
11555,8581,10023,9941,3455
12331,4559,6644,11000,12060
8593,2340
9896,9303
11059,10585,9385,8809
9907,4329,1381,11013
7651,3043,6374,3209,1227,8050,5171,6483,8061
8448,7146,6421,6422,7735
7008,2786,7459,1830,6955
6531,6019,643,6415,5392
6726,1414,9526,5019,4863
6395,2646
6133,3894
3173,3479
3904,2477,1295,3700,5022
4426,8939,1900,1454,8595
2721,3429,2959,3412,8793
4706,3432,2184,3286,6199
3813,9999,1109,4219,2397
1832,3214,1423,5909,1941
9031,2158,3631,5681,2682
9696,8266,4914,6586,831
3624,10156,3309,2867,8766
4865,2146,1738,1134,7702
3968,11720,2152,5362,1020
2498,3273,3756,4013,1104,2261,4089
3840,2941,1718
11874,3262
3200,2224,9207,1433,8439
3369,10226,9780,9595,9727
2864,3548,7484
6392,5000
5710,3763,2451,4634,5180,4668,1055
8679,9449,5324,5326,2289
4420,8357,10571,11214,10386
9829,3721,1458,10261,10776
2209,580,2551,1753,606
10955,1690,2011,4541,9566
1473,10055,8778,3054,8767
4258,2150,3559,5849,346
3079,3625,8236,7151,3568
3525,7142,1871,1523,1397
6933,4930,6949
7817,7575
4871,9390,7604,5208,5304
8322,5030,8519,9430,7930
3715,2629,3277,8309,1817,5046,2137,3002,4479
1538,10020,4049,4859,4639
3203,7780,3786,4397,2494
11363,2583,9861,9991,9847
4101,7754,9931,10412,12795
5186,10564,5317,12921,12541
3523,4362,7763,2359,6430
5413,7526,5290,2292,1406
3077,8135,1557,9147,2687
9732,7756,11278,8245,9304
7113,3019,5655,4601,9850,6526
5059,5769,1647,4241,6167
1284,903,393,4556,1561
811,5548,5391,1967,1177
7328,1570,4331,5458,5759
1568,2274,3908,1265,8851
7043,4419,298,3476,2778
6424,877,4465,7640,827
66,7056,3352,537,5949
2624,11781,3695,10903,1592
12198,3981,9525,5462,5565
9056,4228,4043,3255,3259
2760,3233,2963,10863
3038,1623
9032,9863
4745,1679,4528,1553,4252
1699,3534,4659,4313,8383
3392,1645,4218,9468,4829
4262,5384,10121,8179,4693
10956,5124,2622,2807
2286,1277,1750,10254
6528,700,7764,46
9554,1971
4993,9413
1960,4204,3859,1556,3071
3593,3211,1999,3228,11135
224,4139,1683,9402,1756
1156,7782,8391,6413,1911
11552,8177,7333
3274,10594
7121,6322,11046
1775,12071
8971,10607,11223,11193,10300
2447,3120,1626,10428,1247
6759,2856,2929,10070,2361
10880,6530,1776,11863,8830
10882,2,1809,12593,4024
1680,146,659,1931
1504,642,1564
965,911,7601,11090,4275,1844,5981
771,3530,6883
2032,5881,2907
2124,9453,2110
7323,9420,5527
4225,8923,6694
3502,6214,7503
10529,5076,6812
9336,1850,1935
9536,4051,10197
5152,7258,12061
11778,107,9611,8158,10335
3424,11466,7884,5615,6642
5036,2543,2964,10231,2589
10755,1861,8583,6313,4207
1447,4137,2154,8799,12308,4213,190,8478
3777,1191,4145
8482,1126
4196,8325,2983,2069,4061
6721,8592,2774,1882,4509
6961,6298,11749
7235,6023
10473,3754,10217,10421,12414
1380,5321,8169,1936,6928
2240,6612,5785,1371,6462
3265,4516,6321,5463,5566
7109,1256,9388,10205,4286
6217,6761,9166,4343,7609
5668,7431,3666,5077,5277
4878,6577,5012,5885,6910
5924,4356,4691,6203,5151
3592,6283,7314,8150,7416
9089,1155,4841,5230,7070
1650,6469,2927
1953,573,3606
4656,1836,1230,308
4536,4034,9499,8570
2722,5637
4708,5893
2562,8730
624,5818
6400,8528,4655,5175
9233,2482,6057,2771
3263,6380,9214,3095
2180,5204,1982
7491,1732,1511,7596,594,1331,596
8594,558,6319
5760,2008
9962,12300,8783,2486,7160
5240,2427,3206
2809,6682,3370
3416,3913,6899
4518,3404,4212,3414,2714
3042,2851,2841,3160,2073
6402,7047,5708,10989,10430
4428,10513,3385,7290,10879
1984,7393,3052,5713,2773,1879
1858,105,2352,6420,8827
2884,6693,6599,6728,4874
3025,7320,5401,5146,1179
5633,7378,2932,6998,7066
2207,7004,6235,5244,927
3750,3346,6388,3672,7899
1893,4948,6645,6104,3901
7713,6818,7396,3982,3860
5004,7148,6224,1017,8122
4736,5481,5355,7344,6110
2849,7015,7758,7191,7550
391,5712,5654,6874,5595
11439,4340,5750,2104,10748
8737,6196,11284,5110,11899
11945,11533,10225,9618,8376
7040,11202,8328,2121,7385
9440,9316,9980,9724,12670
994,8291,4081,950,9054
6159,6343
3466,2111
808,794
4485,4143
7273,5403,3900
3873,609,2385,7767,2364
6979,2467,300,8719,242
8621,499,4276,56,1947
6882,8076,50,2195,1597
1829,1452,5933,4464,316
3747,6277,6247,5424,347
998,8816,7670,503,6427
6960,6408,2521,5353
1536,1589,9053,10165
3295,4324,2335,4703
2044,1534
5753,2702
8121,9628,1839,7743
6607,2492,7078,3527
5498,11348
2228,4870
9585,8379,8532,11663
6284,3663,4981,4501,5016
4640,1065,8010,8559
1353,5582,3471,3318,2904
4588,2736,5780,1173,9245
4768,6724,4235,4622,6620
8712,930,5116
792,2250
710,361,883,1051,667
4740,9225,2857,5931,2455
5542,5322,2322,954,2938
9063,9997,2673,8531,1846,6463
9998,9296,9364,7163,6843
6371,2262,2968,5049,11579
8491,11190,4215,2586,11515
3712,2698,6863,10872,8895
5831,8522,6603,814,1520,5488,6006,7641,2332
1632,6425,3349
449,5596,103
2570,9124,2692
8226,2349,6887
1835,2188,940,1904,2225,9235
4486,4682,1867,5915,8926
1793,907,9777,4572,959
1710,847,152,8282,9435
1572,8238,6230,3320,2457
10120,1490,1877
1586,1807
5484,6306,1436,5096
6225,6004,2765,5487
267,6692,5173,7286
4809,10317
10308,7895
9096,2497,10906,10278
2211,3619,4869,5516,4589,6991,3419
5408,5698,10186,655,5617,1948
10809,7684,10301
8876,9558,2535
4585,8907,4637,4833
7137,4866,3207
3650,2789,3013,1801,2193
8674,4330,1902,4406,9208
11975,2538,6893,10415,12445
800,3943,1769,7856,4816,8093,2495
9604,4549,4070,8103,2994,8028
2560,835,3472
788,438,1470
3528,2089,1260,981,8823
10360,9221,2596,9637
7690,4253,6327
7593,1635
8440,9491,6795,8920
1057,8259,10851,3180
4259,7932,5781,2606
608,6691,1620
488,5721,5611
4928,2393,339,6350
80,3990,6925,158
6920,11129,10787,5469
8378,9923,6324,2642
4642,5386,8749,10591
1378,3490,3330,2661,10286,2003,409
9984,10306,935,2984,4781,10325,3290
7664,4913,2947,4965
2712,1713,2336,3949
6976,6440,7849,137,988
6274,2508,7214,718,7167
7523,997,5352,4146,985
2243,10285,4759,7965,4351
9120,1444,2094,2294,2267
3554,4395,971,4857,5886
1280,4646,6442,6294,1530
5387,7469,4654,4431,2143
8704,5128,5869,7886,4635
6529,6945,4842,4814,1975
1272,6563,6200,7452,6655
5025,7501,6832,850,6995
5505,3394,5514,7084,4149
8163,7529,9006,7284,1722
8032,4900,6986,1816,7645
6779,2709,6359
4529,4593
2161,8452,6975
8049,6947
7914,1485,3284,5174,10236
7841,6598,2187,5622,7806
10112,3875,6158,7797,6077
7397,3815,1261,7677,1790
6124,11636,3477,5243,3871
163,2694,4872,3282,1619,5020,2557
4417,5296,2742,2743,3101,1886
6093,4974,4303,6864,8053,6453,2751
2763,6517,7030,1052,3581
1440,9582,5807,4752,6419
7266,3613,5704,4304,5629
1796,8008,6506,1291,95
6009,2598,4537,6204,7229
5994,5547,5329,6514,4831
993,8774,2281,5940,3925
6433,5825,8417,5483,4398
1476,5546,4523,4502,5471
3410,6099,6492,6556,6589
4512,3306,4651,5900,7325
10828,582,1151
3489,5573
2378,3411,6357,1914,7038
4172,2638,5967,6237,2077
5896,7419,6258,6137,7483
8420,3976,238,6968,5817
6370,5092,5332,1591,62
8037,2991,1329,1209,6426
8512,8547,3366,3762,2838,6488,3962,10779,6236
2085,6219,1389,4569,1759
4645,6797,2990,7090,542
3365,5446,1672,529,6136
3011,3920,3219,3222,6525
5331,4917,5788,4990,4415
4290,1972,3127
1466,1659,1252
896,812,1359,3891,3036
2912,929,6572,9044,1719
8801,9348,1069,527,567
1066,8782,3087,1392,3004
4041,2954,1228,4057,8703
8772,2481,629,3001,2748
1199,1455,1366,2652,4255
3109,1614,3667,1077,8822
5532,4586,4180
1387,8967
3522,9320,1419,493,8882
1345,1187,8013,8761,510
1315,1352,688,8731,1215
8944,1172,8852,11004,93
9313,8458,4813,7341,6929
7296,9231,4626,6198,9918
3024,11109,3093
10954,10858
2369,3652,9293,2610,2971
11034,2093
2794,9535
3889,10731,7957,3086
12665,3300,6181,6558
2086,3947,875,3734
1996,2012,11662,1974
1929,7852,8773,3118
1425,2001,5075,7828,6485,2326,7257
1058,1001,8972,758,5343
7104,481,1551,1141,344
8871,5577,8427,1976,3256
9317,3269,8397,5457,3128
5368,3621,3749,12363,3285,3224,4350
3143,9992,4205,8144,3415
12068,3688,3722,10122,6614
4578,3914,8938,1292,2737,3443,7548
5568,3084,4689,4564,4665
6509,2671,2835,7706,3131
3047,2667,11179,2448,3162
9728,10948,6245,5575,7085
7904,7538,7261,6062
7178,7458,4653,4607
3151,4496,4082,7571,2808
5889,2507,5806,7221,5206
736,5609,1737,4435,5695
5985,4169,7466,6479,6582
1216,3630,7155,4153,5692
2658,4292,2701,5687,4442
11169,8962,10503,10760,8464
3648,6369,6669,5709,3839
2659,5219,5256,2519,4251
2409,1705,2740,6836,7454
3617,1872,9938,9081,4542
4002,3655,9803,2668,3292
5953,6510,6447,6233,3867
5289,2863,5105,8466,12571
5809,4001,4297
3768,5064
5923,4678,4009,6347,7115
1642,9518,1639
11619,3294
7441,5378,6545,8842,3308,394
4385,3538,4683
7583,2055,3327
7209,4381,6142
3008,1254,8872,7574,375
3686,2445,595,3608,9273
8384,2788,2411,8660,2623
8641,1992,1100,220,5117
10722,3332,11723,10093,10045
4618,204,7404,787,819,6455,3388
4256,4481,4178,2902,3575
8128,4288,6988,8696,1439
7176,6809,4084
2534,4206
7626,3985,9842,5914,4379
12321,3272,3408,11581,3614
3457,4963,3757,6673,7986,925
6085,5638,5973,5813,4633
7812,10376,4016,7384,8861
4769,8098,10987,9612,9232
6187,271
2704,1727
3674,9437,6063
5805,7727,6677,3510,4408,11450,8251
9573,4679,6600,951,6839
676,4776,6452,725,4282
802,774,3088,666,637
229,9447,8109,4114,6227
8295,3850,5170,724,5749
3842,5478,4042,8154,8445
11490,6508,10990,9205,10398
3520,11809,11979,3828,12120
10754,8970,10543,10703,10230
1061,294,3150,5588,3932,4317,3678
2720,2628,5551,7666,4531
4937,909,4847,4473,860
5602,5260,4786,4821,4827
1856,4909,3694,4337,3508
10786,7179,5228,11931,9915
966,5288,4462,9945,9241
6799,9331,6617,8315,6782
10826,8784,7602,4441,5821
5095,8843,10544,6423,7546
8385,8933,9492,5752,5119
9060,2566,11111,9200,12273
6119,4233,4109,8014,465,7634,1372
3486,6375,6989,1422,126
4583,2829,4429,5306,826
3656,1300,4822,4950,2202
7966,3764,6201,3837,5790
7718,5608,2060,7217,2518
7525,2123,1459,1716,731
5285,4456,7724,979,6205
4004,7536,3504,8917,7230
1890,6180,5870,6351,6138
2977,8866,6024,1324,6937,2394
6848,1014,8987,4189,5823
4483,1907,789,6297,1535
5313,5442,6658,2735,6002
4832,6439,4976,6776,505
1606,6630,6867,4758,6234
5093,933,2136,6010,5852
6755,6533,6663,7468,1212
4007,11722,7755,1771,6107
6497,5385,6930,12211,6238
1443,2604,760,539,3133
6210,387
4632,7413
5545,2355,8220,679
196,7860
128,8454
2490,1954,2148,3693
709,2059,7076,501
5649,5939,8463,463
5616,4065,11108,8806
1441,7989,9021,9527
10072,9170,7933,11575
10402,4610,7107,4141
8828,11603,7427,12028
9368,4723,9557,4934
8608,9131,12638,10455
416,15,12561,1906,4280,8221
235,2685,7069
8986,2091,684
2466,1204,7162,11100,10206
10505,942,11631,5464,4345
12105,4945,9041,884,249,7707
4389,11767,4667,4730,9787
6337,2017,419,6473,6482,7253,4830
6113,4627,7605,7864,6745
8486,5398,7804,9598,1567
5127,12017,4850,10522,4413
424,3827
2101,2903
6244,4868
7338,2443,2222,3854
3798,5591
318,4734
3371,7883
4121,7276
88,35,4557,2942
11556,8676,4612,555,5685
8307,12163
10993,5929
11346,9356,7925,8038
11442,9541,2615,991
11609,5963,9926,9095
8733,4117,11174,7127
3460,1093,4261,5416,6888,5453,2390,7129,4858
3264,2499,4935,3379,8339
3205,522,5327,882,887
2082,6569,3023,7026,6074
1888,1165,4750,4631,447
5178,8267,2197
2396,1550
3232,3458,1989,5543,4958
4961,6626,3048,6129,4575
3683,6302,5447
1896,374
8480,6376,2252,2383,4274
1959,591,4111,4760,5279
5664,3403,6956,2191,6256
6561,5829,3468,6583,1275
7013,9033,3785,9681,4308
4681,3337,2643,4120,3834
3556,5735,3662,4824,4952
5250,3181,5071,2491,2109
5605,9299,4629,4630,2301
5098,2514,2131,5620,5559
6086,2029,2483,3319,890
8616,3885,6842,3677,6431
2307,2149,3112,759,4191
5323,9212,5372,4988,6749
6819,713,874,3280,3709
2569,6060,2636,5932,1919
5058,4709,2502,1768,10739
4770,3012,3236,2312,1428
2353,5715,2772,2296,825
3459,2346,1611,2358,5627
1700,2408,3884,5045,5758,3967
5728,6465,1334,155,4795
1795,1092,5104,4756,2620
3792,1733,983
841,3391
707,1326,3590
9650,3243
3855,2896,2065,9399,9146
5544,1497,8748
8250,9367
1696,99,8338,5048,3710
6467,9734,4903,8693,2713
610,2946,7275,3737,2041
2163,9855,3343
4704,3905
4036,7494,4649,5261,3345,5367,5183
160,7144,4458,1298,8021
4643,3951,2356,6332,1245
460,7436,6967,3665,2295
4884,3638,1231
2627,3966
1032,1897,314,4315,7549
3174,7625,8088,4539,478
9154,5065,6027,10959,1656
6924,5212,4636,5789,7935
4674,7560,3727,1684,5725
7226,2162,7962,4283,5501
4644,44,5389,6446,4910
3136,8320,3788,6140,5822
7041,4906,6678
4761,7983
938,4726
5196,798
7346,115,7709,7519
8000,867,2885,1158,4744
5894,5902,7697,11893,7223
5249,7218,4947,7315,52
6434,2439,3016,8113,7254
9472,9828,747,9004,1780
12081,6405,7124,5005
1031,6346,172,4432,1720
5024,5156,5997,1302,1113
4877,5554,5522,2100,6166
9699,9319,5550,3996,7326
8208,8788,3029,7508,5499,7262,6943
10684,4933,9975
6120,7908,5102
7585,3467,5945,4056,4281,3994,2331,4893
1508,3669,6969,3418,2558
8147,1909,2042,7195,1502
5606,3015,3307,3475,3321
8885,534,5819,10077,2175
6192,1621,919,1657,1791
6080,7141,5557,7675,7068
577,6282,6827,3576,3166
1610,1773,3217,7897,2873
3241,3802,791
6393,6555
7074,6470,5910
7584,2752
3939,6532,772,4598,2526
7968,4123,2680,5210,3963
7913,2156,2140,5531,4348
3201,6590,6323,1725,4158
4746,2749,7847
2464,10339
12492,5295,468,5109,9912
548,840,2033,862,7838
10034,2619,3324,6365,6047
7334,2157,2513,2674,1467
1827,6378,1521,7352,5787
1603,7308,2165,279,9465
4135,6829,6573,6524,10237
4231,3979,1071,5714,9887
7592,6674,5718
5395,8005
834,5191,3944,9937,2546,6588,1757
5297,1044,7445,7862,9689,1563,734
6823,8298,7917,1263,10994,370,1174
1004,428,5549,5201,5652,5656,1821
6051,1253,7281,9049,9308
7073,451,5081,6267,4127
5060,5414,4966,4107,4028
3589,4199,4617,269,7294
3585,1811,9183
5337,3149
7492,6377,3386,3995,3803
2637,5198,8304,5080,8447
4194,4587,5619,8700,1885
7872,7206,5041,4018,3037
1962,5013,3897,5145,5021
5640,4017,4022,857,6303
5610,2957,8591,6418,6461
5521,3609,8985
3778,5422
7360,5257,6803,6169,6075
2306,2757,9766,9800,14
2049,2226,1853,2271
2561,2539
2450,2324
8777,2023,2310,10247
2272,8198
7467,5701
2660,10056,3853,1616,2969
6616,5918
8212,5974
1160,1554,1677,8648
6946,5480,7784,2348,7212,1461
2113,2153,7051,7037,4349
7973,7088,210,5108,6808
1797,7367,6891,8878,7674
7906,8034,5449,8074,5525
6918,6059,7795,8052,9461
7680,7369,6667,10486,6970
2657,2505,1539
1624,1973,2030
1678,6962,7676,5115,156
5632,5318,6727,9422,7934
7945,6071,8024,7001,5053
7719,937,3027,5686,6008
8664,6606
4660,5101
932,6156,8094,7383
8755,4076,8790,6379
4391,4503
3483,10638
186,8300,5268,6900,3129,8698,1435,1308
7974,7175,1416,1102,437
480,7044,6411,1405,1278
6209,1409,8231,47,16
2241,6266,6310
10608,10803
7133,2430
1613,989
8890,8442,6835
4808,352,4102
1450,3685,1294
1313,6276,4491,7019,5877
6917,871,7981,7118,7388
7619,1003,111,6516,6585
675,10704,5842,9109,1855
4998,7372,1107,4725,9181
6289,273,7669,3446,6840
7745,6948,7980,7149,7032
9127,4080,5621,5078,2905
3239,7055,3221,4567,3965
777,7340,4238,3953,5747
11554,7907,8170,11244,5935
8256,2501,2471,6999,3287
9600,8525,4306,506,11263
6000,2323
5008,1468
3074,2164
12231,5396,3098,11003,3007
2048,1512,4905,10096,5147
