739,324,5124,3827,4532,699
3750,341,6391,8314,3710
2690,4459,2212
5041,1172
5160,4108,5905,151,9212
6947,5958,3280,821,1758
8416,3778,9039,2672,8338
8097,9697,1352,3212,2962
4646,9225,3767,4283,671
4164,3236,6436,2285,10324
0,8996,4238,8944,9310
5122,7975,3243,1296,3897
10342,6158,5777,6806,953
9603,6468,7843,3779,4469
4015,4753,2643,3319,4761
6497,4675,8454,6100,11383
5419,9619,5594,7739,3357
9543,5128,4590,8852,1464
8225,2219,5939,8917,9819
2020,5554,9013,1403,4732
4004,8493,9773,5616,5649
6272,2469,9639,5520,2068
5505,9058,9064,9627,6367
7836,2170,8916
4584,425
5988,461,9357,4979,9396
1602,7506,2131,4957,7518
8675,6924,3984,8284,4031
451,5991,3148,2257,2295
11040,10116,2057,724,630
7400,8375,3450,1083,2238
7227,3341,5136,4597,9755
11108,6508,7983,3216,4184
611,11144,10990,3122,9341
8229,4742,12456,6930,4692
7560,4842,3376,2392,1339
3175,1386,5493,7896,9400
2567,7948,7700,252,2366
11959,7313,11796,10966,7959
9702,10444,7505,7410,12125
135,11432,11246,8182,2268
11584,2462,7912,12079,11102
10823,12754,2329,11610,7164
6499,7815,5772,4636,11103
2404,10030,7539,8860,9629
11810,11307,1968,11089,2617
10194,10838,12727,8697,5054
4360,9012,11669,11126,10042
11369,11817,2350,10483,10808
12449,8262,12263,7987,11997
10915,9168,8912,7993,9820
12803,11594,12270,12467,8692
8450,9763,12515,12372,12597
12481,12422,12712,9648,11895
1635,955,5251
385,2603,796
7405,848,9715,8093,7710
1731,5814,9402,1531,2655
4066,7,2663,3703,827
647,3180,1297,8056,8473
3363,8457,5232,471,1149
3562,747,1804,3187,1340
2250,3229,2902,3487
11824,2322,2012,3550
11625,22,9774,5567
5993,3771,1549,3647
6013,2799
2348,614
1244,726,1880,1947,9276
1536,8664,8594,10680,9438
8132,43,3150,558,10168
1408,7941,3496,9204,24
9056,3684,2760,1960,6967
5264,481,3242,4139
8871,7015,391,3867,5501
6976,8800,7384,6906,7965
4208,3316,31
722,1430
2374,2540,7954,1653,7093
2435,11700,5754,8472,4154
9635,1390,6103,2201,9725
1667,3789,2798,2258,5626
10690,2434,4166,11184,9851
2818,752,10523,2654,6079
10369,1988,7278,467,11199
6088,5295,7984,1012,6006
4706,5606,8660,8698,4605
4929,4838,4851,2900,9695
5987,41,4554,4695,7195
7362,10252,5744,4594,3957
8878,3120,2097,210,2354,1461,6231,1305,894
6816,10221,2545,1559,891
6786,6789,7369,6257,8732
76,5613,10637,8539,6494
2090,9036,10714,5662,4991
11200,6445,5581,2554,6719
9632,12440,2425,5658,11420
11972,12426,6030,11411,11702
5959,11722,2518,8572,6332
10311,7509,4888,6681,12508
9473,5796,11364,5863,9448
1825,8066,7238,7079,11387
10673,5174,1951
8042,9463
12098,1730,7368,10001,10290
10631,6444,10295,11927,11419
2472,8207,11536,3701,4437
3494,10638,2550,1307,9180
8900,5199,11090,10871,12666
4880,4896,1844
7601,5981
9383,8650,42,10417,10877
3010,3423,8530,247,3615
245,4662,11335
6889,11155
6176,10658,11746,7053,8342
484,9796,11408,9654,11964
9358,5394,7065,2587,2588
12934,11503,5269,1528,635
11173,12870,2503,12913,12562
12935,9802,12815,12591,12822
11747,12517,9289,11595,2478
5639,11372,5200,2489,2974
12386,12752,11194,10652,12382
3310,3697,8054,8666,6396
227,6632,8975,7130,11451
2500,2183,2517,4407,8509
3050,5937,10270,1465,3358
10414,12534,5911,5784,2813
9988,11045,12485,5644,11636
8361,12234,6668,10389,11095
12320,12769,12362,6512,7765
2021,4200,12211,4216,990
8489,5066,10916
11298,10125
3051,12177,9876,10742,10173
7559,10159,7922,3322,3102
12710,5612,1869,11601,10203
8001,11461,11464,11153,1146
9606,10758,12045,9138,3125
2599,11242,9973,9050,11547
8963,5029,10671,11761,4248
10854,3816,6451,5812,12470
9538,12399,1681,5465,2815
6338,11496,7216,10672,731
11890,3797,8763,6012,8159
11036,7517,10550
12570,11347
10699,9073,1847,10616,2233
12327,12153,2764,10227,11737
12587,1136,11062,11545,12543
10882,11022,8721,11795,11416
12554,12207,12208,12335,10554
11705,12685,10943
11888,4156
11234,12013,10382,9969,7186
12417,5167,11958,9143,11130
12322,10985,11510,4024,3773
11073,11713,12099,12265,12459
12416,8550,12490,12494,10463
11587,11460,3878,12209,11221
11881,1809,12819,10908,11967
11683,12389,10932,11353,12157
11911,9353,12717,12593,7317
8065,8997,5642,8566,6876
8769,7842,10788,10027,7098
1114,4531,222,9966
4330,7915,4132,10566
3079,879,10292,7100,8350
4327,4167,3433,48,3383
1634,9807,1488,2775,10745
9921,4457,6997,4853,6907
7940,261,9964,1200,8855
1761,9507,8488,3240,302
11080,8201,10256,7799,4252
7137,6221,4788,7196,4637
6856,3753,402,8437,9943
4833,4866,11500,11378,12445
11425,6731,9421,2935,10911
8506,588,3506,7894,6810
11616,5412,7205,9224,11736
115,867,68,7379
3016,7394,2885,6742
6426,6701,6726
944,8745
3696,7709,2213
798,2439
4172,3853,2638,3930,7419
7328,8289,4744,3213,4703
8008,10458,634
4544,5100
2378,7483,5556
9768,5332
12355,3267,8037,2728,7177
9761,10346,4911,4912,11313
10791,5843,12698,11483,7166
7393,2756,6471,3570,1685,5432,2809,7548
8551,6955,7026,4665,7706
886,5307,7958
344,1629
4649,8049,7378,10033,7956
401,1395,2015,10107,5599
7144,5004,3923,10105,2684
8492,2189,5105,7409,7217
7877,11376,6228,1877,3128
5953,7337,1617,3862,8152
6309,871,7372,8882,7452
6233,5545,7740
3667,9564
3264,1668,7639,6140,5279
3177,10821,3879
804,12471
10223,4082,2870,4699,10653
968,11019,2320,7222,10015
3256,9649,2869
4650,9858
6409,6028,5079,6652,8349
4064,1185,9298,9781,5434
9890,2921,9002,7375,7035
71,9228,20,6294,1210
10569,4201,9816,8397,6456
8804,2343,4463,6032,3838
7297,6915,10513,7996,6911
6825,7082,8044,8603,5405
8896,7105,8071,4712,7087
7810,4010,8083,2942,511
8106,7947,2388,9114,9278
2528,1666,4452,6762,10941
9248,2034,7512,5246,10207
10220,4973,6548,9947,10557
5190,9638,5069,8180,2710
6248,851,11448
5800,9301
8514,9419,7613,5182,6591
897,4678,2985,10507,12089
2544,11537,12146,7568,5687
5539,12168,7825,12276,9529
7264,9546,9326,11919,12378
2480,7282,2491
10138,9615
2025,9706,9586,3769,11901
10083,7621,7024,10738,12633
4097,11077,8199,10930,6972
9932,8557,4206,2637,3952,1719,1659,2685
6978,7630,4558,2260,988
8612,1069,4079,720,5435
8839,2718,2357,188,9406
2625,1252,1671,3059,1917
7887,6065,6360,9849,3069
1250,7755,1882,8219,5052
8227,2564,7017,6872,10620
9866,6091,12044,4047,7991
2594,10568,8082,2998,9978
3938,7171,7110,743,5693
1169,1556,5815,1272,1335
9608,2665,2346,9299,6654
2082,9000,1232,10481,1202
10851,1124,8390,10905,1342
5280,8645,8999,5775,8856
9380,10376,7386,2364,7678
5897,8459,10352,10321,531
898,3602,3610,3323,7807
7683,8708,6182,3303,920
10887,1225,1298,2101,11802
523,11117,6704,8631,12095
9155,11622,12108,5266,957
4573,2178,7050,6036,10717
8096,3108,12613,8998,7448
3587,7240,5129,5225,7694
9575,1516,11984,2037,2651
3907,12010,1040,4946,5689
9874,9645,9583
11544,9150
11970,5578,5358,10743,9113
1834,2162,6815
7530,967
12225,6602,2288,1046,9791
9920,7939,3091,12406,10587
11360,11541,9436,6014,767
9377,6821,9480,10477,5781
1120,2658,12780,8913,2459
7096,3636,12287
11273,11260
6179,2634,6922,2988,7759
3881,971,9329,11957,12766
6650,9818,10846
7117,7686
2754,9826,518,9129,7421
8832,4354,11459,12401,11098
4774,9545,11818,2316,10329
7433,10768,5426,8247,3193
10113,5519,7184,1051,575
10338,6475,2353,9309,1183
7716,8423,9197,2647,3481
8716,10575,4623,1496,6684
328,9134,11480,6553,11580
10410,10830,7537,2548,6741
10438,4046,7407,8276,11867
9412,9636,2372,10289,8853
9569,5700,10756,3355,9982
10322,10836,10314
3199,10279
7270,8263,11342,3484,10559
12066,11204,11845,10127,9788
10816,8242,2420,3804,11134
8651,9709,11955,12021,12056
7361,1094,10408,4400,6098
10216,1897,8204,10509,12624
10715,11484,11340
9393,9844
8354,9176,10651,10845,5887
4705,11754,9071,3605,10074
9687,12109,11771,7832,10875
10211,8910,12312,10813,6750
12546,6403,5154,5676,8118
11329,9572,8775,4876,10062
1280,1091,1219,3056,11293
4967,5811,11733,9883,10462
8120,11749,12398
7698,10749
9924,3080,8523,7730,7349
1066,6859,5838,8921,3679
7329,1348,9132,7380,5982
10447,8623,10771,9373,11647
4524,5039,7760,11358,9823
7556,330,7499,11182,9426
8299,12307,7447
8796,7932
10353,12242,8829
11337,7370
11458,11074,12709,494,6973
11042,3334,7498,8683,10079
4836,12356,9707,211,8725
3210,11437,6542,9427,4700
11010,5861,7207,12457,5719
9160,10134,10171,8701,1694
5538,2246,10920,6958,9903
4105,9009,10581,11230,11935
7879,9865,7020,10318,180
12330,11219,10351
6252,1222
10048,11240,8265,139,11261
4899,1384,6985,11948,4402
9634,9539,9653,12343,5406
11237,9910,10040,5756,1213
3063,10204,1351
11016,9455
1752,10103,5407
12667,10764
3275,6546,5237,9592,12415
5858,8966,5388,12493,10459
10309,8111,12055,7768,8537
12512,11917,1393,3541,639
7561,1654,11511
10986,9927
8451,12005,3579,11799,6875
9024,10536,11406,11988,11028
1088,7425,10050,4291,11743
7239,10094,11283,10102,12438
7655,2248,11052,5679,7359
10531,8358,7046,5558,2844
8834,5194,9775,10807,8286
7587,11053,12174,3283,11007
10152,10224,11122,10901,10774
11717,12006,6902,888,10264
9669,8614,8041,4110,7774
9091,11851,6897,10037,8057
6851,9991,11850,10164,11064
6464,11402,10899,1208,9469
8164,12324,10246,10249,9965
10508,10166,9495,12185,11611
10372,74,9771,10992,9877
5216,2948,9295,2910,10431
11949,11151,9363,11163,12255
11332,9037,9389,10576,8252
12299,12111,11158,10106,12795
10101,9621,12603,508,12605
5161,10210,5966
11834,12196
4352,8165,11373,9913,9181
10949,12397,11119,2803,10484
3817,8875,2029,7311,11391
8904,12145,12227
9281,10598
12714,8043,8556,11568,408
10712,3507,9445
3464,8035
11728,11605,10614,10200,7644
9284,974,5646,10546,6653
1033,6860,12237,11739,11390
11969,7876,8617,11854,12088
11112,5647,12083,4373,10271
10209,11811,8613,11562,11666
11659,5515,11600,1366,9244
12775,10449,11859,9493,1078
8365,11345,9810,12435,11324
11843,10692,12138,12176,8978
4358,11847,1735,9291,2252
11121,3857,9286
11760,9776
10340,5899,11671,9497,5628
5056,4773,2664,10482,11033
7457,241,7921,10364,6206
12070,10091,6189,12538,2750
10441,8586,10445,10991,11446
6792,12201,12599,10553,8507
11785,12463,11929,2490,10047
12233,11370,7165,11710,12159
10849,9712,4019,9275,8798
9880,11963,2358
5576,7865
12195,1744,11989,8534,6743
9263,9908,5972,599,10073
7208,5259,7437,3823,10299
9059,12294,4904,7003,8988
10285,11249,10130,11251,11254
2945,7235,6023,9457,10421
12325,7635,11092,8501,11070
10436,5380,10895,7028,5334
10789,6538,2061,9175,9916
11312,10933,11807
12032,10061
11852,2160,8854,9658,6747
11427,9675,12178,6291,8435
11557,10662,1190,11563,10002
12677,12235,4187,12316,9951
11558,2119,10219,6131,12309
9665,7395,11524,11786,8541
10179,12135,11218,12214,12735
12762,10373,12774
473,12802
12806,9101,9460,11291,3519
833,11140,8905,10892,11097
10022,9576,12114,12371,12092
11841,10759,12200,9162,11725
12193,1032,12604,12830,12063
10413,11952,2293,11576,8729
12004,9734,9735,9739,2291
12640,10889,6794,1901,9677
12741,11047,11992,10683,11998
11522,11311,12537,12507,12542
10082,10984,9067,844,1813
11481,9196,12573
11514,5350
10976,8928,12390,10031,10710
12458,5580,2675,11993,2203
4987,12772,1118
9804,10572
11297,10060,10995,9140,11903
1518,12402,12052,12057,1530
6435,8485,11435,12784,9183
6959,2383,2514,12281,1723
4244,6965,2871,12699,11965
9857,11716,12813,10157,3956
11813,5672,10632,12498,1816
11330,12612,9352,7569,11359
12547,11400,2923,12723,4959
12518,12522,9718,11772,11679
3746,9415,9895,11699,11443
12583,12744,12746,10827,7762
11654,9578,11629,12567,7551
8128,4864,3019,5902,3731,8053,2751
512,4303,4752,4304,4537
7266,5894,6828,2221,7229
5138,5235,4086,1974,440
1440,1927,5068,4502,11038
6305,3845,2598,2763,8429
7489,75,5615,753,3411
993,1796,8774,1291,1596
7401,4720,3067,8764,7869
5761,3249,7890,3380,7614
3553,3613,1889
1914,1604
8138,7693,7597,6609,8347
1633,11123,1651,8090,4831
3976,2700,432,8373,1151
4353,9801,237,10258,5113
1476,5381,11756,4941,1721
6373,3306,7946,7309,2991
4512,3489,4050,10675,7325
10828,3410,1209,9019,1789
1162,4398,1329,3925,7605
2630,4651,4523,7893,1591
3296,8196,10181,1128,2302
9954,10502,9644,8560,4341
653,12084,2453,9370,9756
7403,9102,6575,9398,10391
10883,11343,10967,10840,9854
7728,10435,4856
10593,12053
10980,9959,12078,10384,11005
11777,4008,11915,7788,10366
10374,12170,7888,11472,5631
200,8269,976,625,6900,186,1435
870,6571,1230,9070,668
3915,2513,1011,8632,9214
8388,8776,1521,84,1498
10848,6242,5430,10202,5885
6921,4714,8718,11319,5980
8005,1925,4873,4272,8636
11651,7786,8398,8271,1814
1093,6888,7273,6153,3951,980,3061,5206,4986
1472,5641,4981
5544,3004
1446,1037,8596,374,6262
4802,8967,1065,522,4209
737,329,3692,2797,820
4458,4396,9489,3676,3806
5389,11025,499,9466,9052
9120,929,1286,9006,7964
567,9127,1932,4758,9367
5219,9033,4346,8893,5439
774,5293,1806,312,4251
357,679,5099,1140,4828
8544,1345,2758,8456,907
4832,9123,8615,524,5229
1025,3671,8332,983,8479
933,777,589,6830,1270
666,4910,9471
825,6495
7793,5451,4652
6584,4002
3584,8682,910,4666,6811
7714,6564,3346,954,8924
5135,5654,8503,8761,8191
7009,10498,9640,9685,86
3744,930,6725,5834,501
3521,4395,6388,8693,8031
961,6724,3438,10645,4377
5542,8011,2989,9332,4155
8230,10024,240,2421,8216
4576,1537,4298,8625,9652
10244,8329,5291,10643,8213
6800,5217,3924
9977,3535
9477,3463,10248,9770,5820
12243,7219,11862,10393,10012
5024,3575,3652,3077,3751,1626,2359,1978
8867,325,9641,11278,5848
9699,10453,8982,4603,94
11013,711,7248,8792,3420
11120,3090,9330,10132,11477
10880,9072,11607,11897,3643
12009,6953,6672,12347,9950
12284,912,5302,4728,6074,7355,6268
612,7013,4797,5877,7261
3909,7979,817,4436,4185
5605,7911,73,141,3893
4364,8142,3954,498,7732
97,2607,10193,4374,3675
9832,9338,5767
10596,6333
113,6802,231,2279
5690,4879,6405,5711
3657,7473
10533,2925
9249,2669,9094,8343
11096,11528,9242,8372
4528,3633,2099,8569
6808,4324,8884,3999
5986,5059,6119,5561,2589
5417,9835,2066,119,3738
5094,1616,1522,4405,2877
4321,3942,4490,5655,9915
11113,5855,4115,8565,4671
6180,9956,7687,7215,1554
3224,7594,1677
6833,2053
7938,6275,12115
9918,8726
751,1969,6676,9813,8733
6616,4601,4411,3228,6782
7553,12333,9559,1145,10043
3340,6773,7194,12476,12062
8193,646,3882,939,1233,885,121
7201,5188,6984,11774,12191
7054,11676,8006
3848,5859
12240,6292,4806
7648,2782
1121,962,9188,8874,1137
10446,9296,9300,9723,5311
7279,8786,2580,1431,5310
9824,5925,6886,10250,9905
7607,1282,3427,10478,9111
10938,1532,7794
134,1399
7203,4782,2547,5593,1085
2339,3780,11822,2649,8958
3237,6125,978,11188,11327
11236,472,11864,5882,10141
37,8235,206,10158,5106,9748,8221
9280,145,9556,12793,10814
12354,6981,9061,10092,11835
1906,1931,8317
1680,911
642,965,146,659,1564
1504,362,5017,5946,7995
4938,2543,147,7000,7839
9057,6090,4460,10515,8605
9505,8136,12305,6871,10681
999,327,9901,12365,11006
2180,5797,5204,8215,1982
7859,3934
162,869
1573,2054,7475,1171,4661,3196
6062,178,500,6485,5983
4823,4174,5008,4375,3098
4161,5081,4495
4793,5343
4421,872,8,1544,8151
7104,9230,2323,1084,3007
6336,7776,7408,149,5147
6752,9666,10855,173,855
8864,11118,5584,4818,244
192,2019,5034,2126,443
3176,3601,6230,5990
7490,4906,5423,6354,2805
166,8425,304,6164,7515
198,1358,6585,5598,8319
5673,2639,8370,182,9567
1027,4677,6,3104,291,5475,4071,619,191
3600,4780
5575,1471
10584,5120,12106,8548
9728,6245,1937,6455,536
10763,11179,7342,12308,6903
12483,10948,11880,12528,12023
10923,8974,8571,1915,8542
9270,12745,2862
8655,11543
11333,12039,11380,12629,12408
11008,9387,10896,2966,3096
10691,11787,10713,6458,3291
4550,7918,8722,12761,12443
10145,12713,9076,4924,8862
11745,208,11833,7611,1913
8738,8739,11770,9783,3354
10753,9601,9812,9720,7293
11877,12464,11473,12726,9240
12451,12167,6908,11709,12446
8293,997,3914,2863,5652,1620,3736,4442,3390
3174,7251,2676,314,3966
609,5610,1741,1713,7281
7360,709,6128,1107,6169
5442,8452,1608,883,2748
7649,1574,5162,6222,637
6986,4311,2393,5243,3900
64,12908,8815,6075,7935
8704,1444,5799,5256,6836
6659,236,8047,1306,4124
4362,1130,5516,4589,5710,5073,4117
430,4564,1624,4092,669
5632,7145,6639,4408,6939
678,2826,4367,3290,5053
8937,7726,8400,4404,9397
5474,7299,3748,5833,1691
4389,4783,10008,4667,2747
5698,5961,9239,5976,5213
8742,10926,4852,310,10493
2436,246,856,281,570
7152,8925,10110
11314,10381
11658,1547,3921,2839,7423
10161,1009,9717,6805,6905
1188,2314,9623,4921,2879
8714,11755,2511,1587,4949
6854,4811,3916,7636,10494
11363,8520,10388,8567,285
9968,2256,10578,9779,7771
5798,8079,10577,2134,7647
2028,11438,3348,9787,2845
9219,8964,7247,10137,5051
2908,8202,9164,10510,7804
11104,10952,8426,7699,4730
4800,389,12105,12756,11767
8072,8841,11688,4684,4604
11266,11913,12116,4025,10429
1742,2331,3349,6670
3234,2282,2477
4931,8300,5681,2867,2175
7074,292,1361,2232,2042
8588,6038,3324,2014,5503
3307,306,6674,2873,1402
2007,1077,7999
8932,6573
9549,4914,8244,7800,2297
5730,6633,5335,2619,3166
35,6380,3126,7928,9596
934,7304,10965,8150,5209
9833,11698,254,1020,3422
5249,3756,7212,5774,5807,2641
7973,5480,2261,4474,5183
3200,3840,4137,4974,2941
1888,5126,3001,2267,2527
2149,1995,2094,1843,2197
7367,6506,2605,7030,3581
5994,11279,6514,6009,6204
5664,7906,4963,3369,4850
3110,5000,6492,6237,3582
749,2163,3315,2519,8439
5171,3548,5471
5896,6605
5825,5483,5547,6574,5329
2401,3344,10226,6867,9780
1959,1662,7228,2172,3262
5729,2953,5546,5940,6589
2052,2215,2473,6357,9727
6392,5092,5900,10642,6968
256,8455,3886,6137,9595
6433,6434,3564,6517,6556
5704,5139,5043,12059,4989
1193,2017,4446,2423
332,1822,1303
258,1322,5778,4147,3482
6853,7750,1584,1267,9693
419,5732,2505,6991,4306,7641,6236
1281,5831,6962,6647,6745
259,7213,5140,4693,1567
3302,6473,3728,5786,9279
6440,2336,7067,2088
1450,916,8471
5682,8339,6302,5559
7353,5747,4686,759
8337,1014,3585,8591
128,7801,1428,1879
8304,273,54,7055
417,10003,8885,6838,383
5511,5032,10349,11827,12600
7332,9894,6892,8115,7870
6150,10518,6775,10006,12282
9409,2437,9746,10261,9372
12492,10386,9182,3864,12126
9607,10440,11222,9912,1630
6083,4552,9837,8654,10583
10917,10407,296,12149,6072
12527,10802,12499,11032,10239
12385,12809,785,1491,7389
12041,6699,10766,12304,9203
11431,12203,12244,6938,10556
11250,6202,10972
6384,11308
11136,12407,12663,12283,2653
12033,10819,7752,8563,11540
938,5196,7697,3476,8212,4726
4256,8000,2660,8648,7346,7254
7315,3612
3971,1158
7218,1565
7785,298,8113,8818,5651,7743
3133,509
4195,2455
4940,1005
985,6362,137,453
322,8621,1421,39
5969,3034,3109,4242
5569,289,1505,569
8889,6143,12310,5847
7153,7900,460,12165
7428,6993,4982,600,6713
6026,9547,5390,1875,3835
10571,2386,8691,6139,476
4192,9458,3732,1622,10487
12192,326,6278,11027,7347
7558,8880,4658,6963,9395
9062,10535,10953,7606,6783
10970,6707,829
3588,8758
7496,10792,6578,10038,8184
10633,3313,1458,10776,6777
8161,5512,3721,11214,9174
8418,10214,9494
9268,8709
3681,5866,5867,6317,9784
7808,7969,11044,9829,10354
8386,11299,5220,2185,11693
12448,7857,9842,9139,10296
12012,4142,8431,436,1983
520,10735,11132,10909,4382
11907,10504,9897,10128,11581
11232,9729,9142,10294,3898
8678,12650,11788,9747,4023
10548,3189,8223
9889,4625
9255,9928,10089,8688,5648
11137,12452,4198,12680,12403
11114,7756,12338,6519,9914
8112,6601,9553
7016,6084
10945,578,11396,10677,12349
10496,10861,10451,8915,3707
10724,8879,8785,10011,8476
9892,12069,8646,1939,11519
10432,3682,7595,9713,12790
12832,9762,9759,11125,11871
3874,8836,4710,9736,11063
12482,12771,12770,11463,7863
10405,3157,10839,4953,10618
11393,11105,4790,9271,12671
11494,11918,9786,6814,8831
6849,1999,7634,3635,5365,3259
5312,6509,11135,8190,4895
7619,1866,3630,1525,6998
4640,8391,4553,9496,539
6342,3815,10409,3821,510
4674,7076,527,7320,1113
5248,591,5842,1495,1501
1258,463,8822,4985,6331
4009,1614,1392,1945,5852
1637,9673,334,7570,10773
1957,1975,2712,7226,8700
4292,464,336,629,1017
1481,365,3693,4539,638
3328,5091,11115,7705,10235
1868,6608,3955,6110,7327
1600,1387,782,5456,3039
865,3554,1575,1419,6975
11424,6913,11076,10000,2481
5198,6003,11164,6398,4191
12160,1696,5540,5222,6170
3123,12765,12286
11304,12421
11808,9487,7190,9719,6265
1892,9700,10801,6195,7283
6923,2507,3052,1295,6238
4704,6754,1196,8940,1231
5090,4131,2407,2861,5518
8238,2259,1524,4951,6267
6728,8540,1274,4315,700
2310,1106,8694,3036,6366
2537,2954,1943,8633,6303
5827,1611,8748,2781,8703
5352,2187,5844
708,356
4005,5257,2159,2419,565
5824,1665,2059,660,2041
2312,340,3861,9146,284
5258,4746,662,6046,2911
3394,5385,1003,275,6042
4294,6598,8399,3516,2143
6946,621,2673,1846,2045
4160,9997,9998,5618,213
4472,837,359
11940,10063
2395,2876,4526,5359
4434,6175,5261,1503
1985,4165,1990,3028,2646
560,2574,823
4227,12204
10336,4171,363,3116,2987
2824,8746,4277,8918,8412
7336,4848,308,4821,5275
10532,2382,9233,9234,10996
2499,1700,2158,3759,8239,3699
8355,9323,2896,1657,2749
3776,7141,6185,2171,2526
2146,5893,2927,3672,4698
2562,2184,2922,3666,3263
160,2722,2627,6636,2253
1412,7847,8824,4348,5566
8257,1551,6513,7416,9465
1509,2860,1911,2682,10237
2464,6474,5846,7292,5181
3465,6449,6898,2230,4221
1186,5970,628,372,9334
5252,12551,9267,9751,1881
422,459,1780,1206,1598,6430
9841,7531,4668
11921,7526,399
5656,1353,457,2679
5555,2365,7550,4622
5721,7713,4229,407
8545,6147,5244,405
6104,1893,7828,5197
7677,4955,4740,1165
4654,2859,3350,2735
7344,602,6996,9967
4961,4972,1812,3590
2349,9117,3190,7255
2305,12730,12619,2938
2498,2955,9996,3218,1756,3935
354,1156,2409,975,2898
2912,3525,3622,2632,746
1539,3398,2738,3260,2621
5473,3138,5318,5271,7934
2530,945,3252,5400,7422
7363,8363,5901,6550,7450
7955,1970,10443
2833,7495
9667,10541,6580,3060,8123
7812,1480,4722,6807,6619
9098,6320,9361,7382,442
11456,6052,900,7816,3755
2561,2981,908,2093,2226,8275,1909,2494,2623
2272,2606,7061,2678,2875
7301,2794,9742,5236,2236
4259,10087,7048,6766,10228
1824,3009,6144,680,9433
3169,8807,4620,1373,445
2402,10770,5523,5492,11069
10898,2796,12279
5001,11914
11009,8009,5357,10319,7161
8387,12067,7658,6576,2681
11617,8657,11926,10490,11423
3724,12173,12782,10925,8891
514,10019,10149,8214,12216
7233,290,486,3495,2399,7885,8531,7963,4063
5347,6095,1526,8760,3742
6721,2662,9811,6581,4509
6784,10115,1648,4794,4094
11107,3405,5907,6675,8406
9953,11942,5623,4538,3165
11176,11849,10280,10605,2321
6501,779,9868,10096,9976
10784,6270,863
7476,11599
6625,9765,12266,11789,11857
2337,7435,6671,12250,10974
3206,937,4527,4660,4886,8790,5179
2265,2539,3027
7426,11695
6277,8911,496,10649,8218
545,10456,8668,10878,10847
4809,875,2551,1689,2011
3945,8075,9861,3574
4068,559,6160,1362,6679
9252,7721,4492,1873,4533
11729,3155,8661,12151,2330
10539,11212,4779,4715,6108
7520,4293,10124,5486,2485
8330,10099,5495,6328,8604
9476,10247,818,12054,1499
6187,5805,6063,2704,271
5926,5943,563,1079,6687
9274,4787,5845,3226,8251
8549,9514,9424,1845,3674
6987,5356,11826,11673,10910
6756,10565,4615,4053,6071
7211,11407,10962,9215,7103
7945,9422,7727,7001,9437
4100,1447,2154,571,190
3777,1762,1126,2983,2069
7399,1191,946,11288,9503
582,10396,1542,8335
62,9510,5573,7038
7746,2405,1640,5321,5203,5945
224,2811,8643
8312,5083,3211
622,11731,1779,1494,7193,2047
1376,3366,6031,2577,1778
4613,12,2166,5500,29
2829,5488,3730,2046,2558
3145,4970,9710,8341,4889
4815,7504,627,1404,10461
8770,4707,8297,7542,9017
3244,10864,5202,9273,3517
3329,488,1354,4887,8147,3127,7415,7511
5571,4647,6569,8559,6330
4416,3843,6376,6027,5116
6528,7469,8175,5231,7004
5123,4297,2963,2904,10334
6274,7149,5645,5938,3284
9986,1220,2520,12180,728
6284,10419,633,1819,1310
1382,6193,3347,4635,6015
1127,9193,650,4176,5912,3186,4568,411,7288
8577,8417,8500,7223,506,3870
6884,8396,10255,7643,2269
9349,2056,4430,663,10488
11011,6852,9106,3543,3799,672,10018,174,1337
2211,3715,3277,7224,7642
7392,5574,3786,6603,655
3619,6437,7181,4634,1948
1998,4049,6482,4020,6709
9600,7176,7626,7114,8525
5793,8258,11172,5830,9754
3973,2318,691,10359,8380
9125,4581,5351,1784,6394
11168,6146,8099,952,11263
9513,11839,10799,11569,4287
5281,6213,10,1964,242,1273,447
1211,1207,890,3899,2846
1950,6572,1334
194,738
7814,6502,8616,5447,347
5583,8465,2713,316,7901
3140,7972,5739,7284,5883
10112,6755,4491,1740,592
109,8719,6427,1885,1215
11626,11031,5211,12828,5087
10437,11924,693,12662,12187
1792,2251,2766,1527
9124,2006
1898,8939
5221,1224,7951,695,10232
11650,1669,7128,3801,5853
9104,9714,8051,2613,12376
10537,9517,3245,5459,11994
7552,10497,5955,7527,12238
10625,11002,12500,11769,11578
12425,12172,9935,10066,8306
6276,7118,5403,4093,3135
2467,4743,7757,6289,4822
1313,9154,2853,3982,2191
7712,7436,5582,143,3477
1606,2381,6832,4080,5298
6693,3434,6891,4433,3860
5409,10148,5132,6770,6162
6979,7112,1962,5003,4588
701,4041,7980,4988,6749
7878,3048,6478,6452,7029
4199,6697,7789,5080,7388
1795,6662,5169,6010,2334
6663,1771,5387,5712,7032
12480,7465,5322,7501,7992
2055,4683,12400,1747,6132
2153,465,7574,375
3608,595,1100,2445
1179,1422
1520,3486
4456,5117
4429,4583
220,11723,3332,1797
8641,714,1035,10045
608,2338,5284,4858,3345,8405,3030,58,6655
3683,3556,4750,7758,7066
6442,6350,3727,27,2652
5735,398,4980,4759,4952
4928,4643,5065,4748,3309
7492,7886,5007,11954,4948
70,4422,5933,6995,4884
4641,3522,8360,3471,6678
5184,8753,7797,3990,4792
7841,6664,7148,3117,12302
11750,7430,10284,10709,729
2553,7914,859
12738,8802
3654,10251,3665,4220,4958
66,8228,12198,2096,3995,4349,703
7523,11781,1592,8154,5565
3981,755,9525,5462,10903
3330,1540,2087,2089,9259,1164,4350
7481,9321,1328,8089,8606
1312,1895,12076,9236,8951
5992,1770,7665,10323,761
5282,10978,5989,2038,10078
4233,8014,5168,1372,126
1992,7536,1459,5306,4381
3656,2411,2060,4109,1300
8259,2788,5608,2123,6351
7724,1716,4950,2202,7966
769,3504,950,2361,1980
1890,7525,5870,979,826
12579,10348,9262,6138,9630
10722,10093,3152,10740,7927
11265,8003,3539,10394,806,1008,8627,10172,125
800,4070,3943,3472,4816,2994,8028,2495
6186,7856,786,8989,1470
2560,4549,1769,788,10262
835,9604,8103,438,6970
613,4600,1259,6733,215,4440,2717
8004,6916,170,4697,3770,2300
8321,2854,839,5457,3281,10430
3424,9922,9090,163,5508,941,1138,3545
8711,2929,2227,3832,7199
4733,4078,11665,1142,9853
3011,7628,9038,10734,10579
5348,10345,11116,6476,861
12739,11588,10511,1782,6520
12353,10530,12488,9292,7021
1378,3490,409,9420,10286,2585,2590
9984,10306,2661,935,11146
9453,2032,5881,2907,2110
6694,2984,2124,7895,895
1850,5076,6812
4225,10529
5152,6214,3502,7503,9336
9536,1935,4051,10197,12061
4945,7707,884,881
3026,546,7414
901,6791,2792,3335,5274,4798
8669,4451,3910,5670,3215,7129,7037
3401,4565,6421,5525,2141
4326,973,8634,1628,4510
2508,9484,5550,3379,4915
2036,3293,3047
10257,1684
5314,6595,6824,1309,1086
5476,6918,6667,6234,6845
902,1198,434,6491,9628
1262,915,2168,4862,2975
7088,2837,8441,5723,5149
1736,2474,3441,5437,6942
12128,905,10601,4530,2488
8033,6122,8598,8759,6879
9028,12814,9683,10835,4470
9260,5677,6559
12740,4717
6116,12229,8805,1905,10427
8166,9831,11657,6259,11479
11782,9544,5705,4488,10475
9283,12615,12692,9911,11513
11909,10215,12141,11502,12015
1216,7458,2791,6635,6126,3859,4435,3285,3159
736,1737,3852,3118,3151
4001,4680,2701,3087,2740
2335,4901,7781,6207,3295
2112,12409,917,3928,2457
3046,1705,1872,5748,2299
12644,4518,6956,4308,6047
3655,8107,2924,2957,1711
9828,1479,3497,3818,4781,5046,4859
378,4084,2431,4279
5635,12598
9504,9472
4763,6300,926,3719
2470,8463
6539,6637
7696,11546,7796,5375
9152,7853,3022,8639
3720,5071,6899,4725,5240
4769,998,4496,3414,4607
3233,10856,1582,1876,5562
6470,1388,6510,3217,4629
9827,8301,4307,573,1438
6691,4516,7466,2098,8187
3458,5093,5098,6347,7502
5025,4805,4844,2510,7095
9441,4557,1201,4598,598
4399,2578,7603,10739,4219
6793,4670,9542
5185,942
2914,4932,5637,1318,6469,1836,3757,3668,5557
516,1508,809,1650,1621
1101,9682,3508,1308,893
3298,2628,2771,5595,3551
1738,3084,1134,4467,1109
1610,9887,6393,2397,1791
2890,2443,1102,3606,3836
992,4546,3371,8595,2943
960,3904,1071,1234,1405
2347,2484,1749
1603,2487
1827,1416,6411,2493,1278
5952,9701,1157,2475,3286
9016,1502,5175
986,2692
4992,645,1254,7784,7209,10283,8653,1946
2969,5962,7627
7113,3443
4065,6862,8592,8689,6866
6540,1006,6422,5308,7007
3207,8393,5234,12306,6227
964,9821,2744,6493,4543
5353,1090,8371,6363
8121,5260,3500,2823
2004,3642,1018,2332
4480,4645,7790,7056,6488,4569,90,10779,542
3365,1672,3822,7090,1759
6797,2990,529,3762,4309
5446,6826,7318,6136,3962
7874,7459,3920,6525,6878
1026,7565,7089,3448,7961
3396,6885,8496,6040,2715
8102,2024,11209,1515,6772
11977,3372,3373,10291,8153
1441,8699,550
9690,9021
5529,6543
11171,4547,7620,8820,11157
1029,11465,11468,11925,9530
2,1050,9651
6858,1060,623
168,4785,2563
3185,2612
6155,2903
4281,1042,3467,7109
4337,5463,3129,5276,3134
2881,5857,263,1576,1068
3107,4073,5268,3321,318
3841,3624,7913,3726,4592
7968,9122,7276,475,8124
548,7334,2856,7897,5210
483,8419,1482,5934,862
2691,7844,10156,8564,4444
5395,5591,5048,6524,2878
6657,7671,7610,1467,1181
3555,232,3374,2674,8795
1786,2044,3437,4213
2579,641,1235,2278
8610,4196,3534,3950,6066
4673,1074,5460,1365,2039
3057,8658,7830,10331,11198
11697,3961,7516,1726,8991
2784,2376,6152,3119,852,11542,3094,3577
3106,2306,3559,9960,1997
3524,2886,2918,9264,9364
3072,8402,3478
1673,1803
2432,9041,11445,9590,11224
3362,6025,2102,3164,7455
4579,2618,5851,11197,11999
2889,1692,9814
11192,9407
6021,12533,1081,7866,6109
8421,6312,11210,3436,11639
4608,7364,12103,2800,5270
2144,6534,9738,12110,9428
7976,9005,10958,9940,12024
8064,8992,4514,5603,8392,4555,7950,6069
1194,7662,6734,532,7351
10765,7566,4475,7892,5979
2894,5782,3739,6076,8029
4387,1095,7086,9199,2769
5376,4513,5891,11526,6780
12064,9825,12611,11049,7791
5671,6536,10611,6459,11357
10017,9672,12241,9521,10014
11655,2727,11981,3892,11321
8899,741,10760,3964,6173
10503,1099,651,10068,11294
8962,8464,11322,12571,7454
3617,8466,9938,9081,3292
7431,424,6323,5241,8287
4878,7838,7070,7174
5057,8195,10119,6829,10687
10403,8211,10007,9467,9726
10723,10669,11229,11065,8413
10979,6535,10728,3114,10524
10176,1922,4484,6757,12732
7778,12484,12118,6518,11099
5536,11457,12171,10781,11455
12036,11334,10183,10678,10169
5410,1483,3062,9335,9752
12077,10837,11414,12183,12155
6500,5765,9708,9620,1110
10474,11627,3993,10844,10142
4801,12514,8116,10005,12799
11848,10833,12473,10491,8735
9218,7875,3304,12251,11388
9088,2245,5061,6864
9282,2724,3994
8440,9003,5541,8384
12035,10053,6685,5742
1112,1581,4611,3837
11732,9845,10526,12679
6183,1116,1973,4103
1016,1727,6011,4151
3718,2572,8367,9078,2524
4128,4778,4718,6105,4796
1189,11398,4517,2960,8562
1122,1513,8048,6683,6174
6466,8868,8518,9580,1918
1594,6869,2719
9331,78,10815
10826,4339,1135
7232,1248,9171,8407,7864
12288,5733,7081,1143,7576
8961,6050,1986,8902,1229,3288,1754,1053
3040,4134,10059,8845,1147
1859,2309,6352,9593,9118
10466,10275,10860,2062,9362
450,6172,157
3958,108,1150
3947,3523,1883,8838
9688,3793,1841
7139,7059,1167
9297,2893
8224,4359,12074,2840,7135
6850,8803,8808,8873,1301
3527,1160,1679,1647,4223
3043,1830,811,1561,2492
1570,643,7596,6419,3711
903,4007,393,1967,5392
2786,3908,5995,1265,1177
1568,2274,8073,8851,3670
8930,3528,1260,3225,10428
1217,11874,491,914,8662
6121,7689,5166,1590,5590,1753
4289,8773,1519,4370,5661
7588,9992,10122,11662,1242
4737,6114,9482,7852,4237
6089,7159,4500,439,4126
226,61
209,1463
1243,11645
7418,9981
5728,2515,4343,2363,5022
320,6306,5125,2447
2721,1103,4656,6263,7675
228,6260,3669,6969,7609
6080,33,2051,6532,9660
3265,10775,7592,10070,7798
8167,4045,4494,2832,8055
11793,3794,1299,4249,1246
8870,107,2964,11766,4284
7138,8389,1287,9288,8285
1321,10350,12496,6739,4925
760,339,4566
3792,733,4143
4483,387,4493,4274,4083
8480,2604,469,2905,3514
8801,489,50,3640,3709
8320,196,710,2780,4351
5286,10378,11187,4149,3965
3905,5553,8529,8344,3677
5177,3547,8535
56,11945
6661,10730,11533,10225,1311
4965,46,7764,2807,1277,2622
2273,6563,1315,2286,6446,4542
4067,1478,2696,3509,661,3071
8736,3565,10416,82,503,9946
2592,1316,3658,9805,8849,11892
5572,4905,6321,1720,6235
1572,6346,940,1359,8282
130,847,2100,152,3611
4486,5522,5915,4445,4319
5669,9319,1356,9435,6301
5064,5075,5813,3641,8926
4505,2836,6461
11404,9470
4999,3445,5973,4633,4572
8740,6085,5638,4877,5997
8482,8872,10056,1227,1132,7439,7735,8799
8325,9194,5964,8025,1374
6019,9097,8240,5278,4095
11983,9941,5497,4891,8444
11555,4771,8581,10023,11539
4559,6644,11000,12060,3455
12649,12331,6415,6296,5918
9732,2340,9896,8809,8593,2292,9303
9385,11059,7027,1623,10585
1381,4329,10863,9907,2687
8448,5088,5035,537,5753,5596
6531,5769,7146,3183,2778
9850,4419,4331
7377,5548
7043,4556,6771,7125,4863
7008,5391,5458,5974,9526
1414,249,5019,5629,5759
3331,9031,7080,3626,1076,437
7654,4426,1002,8793,5950,831
11720,1832,3214,1423,1941,8766
9696,4865,8266,5362,7702,6586
4089,1466,4013
1104,3232,1718
8672,403,948
8294,415
5157,8582,396,11640,7742
12007,2761,9961,1429,5534
4751,7873,1469,8117
4320,1433
4,10390
2864,2083,7484,7045
1639,606,1642,9566,1599
2209,580,4541,3054
1473,10955,8767,10055
260,3589,2793,4235,943,5884
2768,6645,3992,5624,1597
7461,6669,6382,7250,4760
3690,5975,5695
3195,5549
4587,8364,7214,5490,2559
4804,4138,7373,7823,5044
6722,5563,7438
6288,6353
6630,6377,10199,5627,5214
1507,2428,1275
4449,3023
5323,7967,7183
6738,6299
6753,7747,7206,5692,7390
7077,3271,8816,117,5021
6124,3953,6130,5621,3772
3872,7813,3975,4871,123,4923
6480,6716,7245,3158
8050,1523,7819,3431
4930,4218,4332,7142
7817,6949,6933,4414
5208,5849,5304,9390
7930,5030,9430,8519
3586,2150,2413,3765,1853
2129,8309,3142
2049,3734
1538,7780,1929,9931,4639
5186,3203,7754,10412,4397
10564,5317,4101,12921,12541
2086,1553,6102,5878,7449,346
4136,1871,8383
7197,7942
3392,7795,7151
8322,1645
4262,5384,10121,8179,4829
3457,8098,2977,7719,10959
1984,1676,1022,927
7052,110,6161,7986,9049
525,1485,8942,5683,7356
7396,843,686,887,8122
3808,2849,8640,5414,4595
2657,4258,7652,2830
991,1699,9381,8495
452,3305,2186,4276,5272
4043,3895,4663
4962,8356
2976,8481,3076,10328,5151
3041,1707,8589,2895,8477
963,1955,1543,4716,1369
3977,10032,156,7676,1247
4255,1474,1900,4365,7583
4644,2441,4393,6387,604
6692,7412,10254
6385,10956
4993,9413,9554,1971,1750
4835,1221,11046,233,7338,9235
7115,4150,6166,5433,3231
5829,6568,754,7988,4631
6624,7397,977,6365,8255
99,7529,3768,9359,6776
7302,6599,3124,857,8250
11552,7782,3274,6322,9172
10594,7333,12071,1775,7121
8971,10607,11223,11193,10300
4682,4653,8781,719,922
5481,4026,1302,3247
1921,3885,882,758,4638
5313,675,6759,9032,2961
4519,2120,3918,7535,8185
1776,111,455
6530,11863
4481,8907,3006
2193,6988,2789
1801,3013,8061
9208,7651,1902
4162,6483,3317
877,4465,4439,6424,8986,4380,9277
8840,3593,266,8752,725,342
4616,3566,784,7091,8984,1820
4224,5795,6308,1096,4585,4978,2901,6327,5949
5770,2298,3695,3154,4890
2624,7593,6795,3352,2521
4897,5865,1965,52,8478
11778,11466,7884,4976,8158
6408,3065,6364
7010,9611
8583,5036,6642,10231,10335
10755,1861,6313,4207,2972
3238,6861,4239,8980,2677,1269
9388,9166,1936,2931,4186
11840,1155,1256,2575,1663
9089,3462,2601,10205,3038
8024,6281,2218,6008
4473,2412,2644
6761,6827,1039,534,919
4708,1605,2190,2482,6874
1409,840,2156,2157,2140
1953,468,3095,279,1852
4034,8528,4536,8570,9499
7917,1044,7862,9689,1563,734
370,1263,8298,6823
6865,1996,7445,1174
1061,4998,1743,5551,3418,3932,4317,7519
2720,4909,6425,3451,5119
294,3691,6612,5109,6590
7745,4770,3492,8052,7383
3552,6533,7883,4462,6192
5228,5327,4310,4055,6203
8105,4847,7669,5819,860
5602,966,5288,2002,8468
6048,10786,10021,3694,11931
7179,4270,4786,7898,287
9945,4861,8198
9241,6799
6617,7602,4441,8315,5821
5095,8843,10544,8784,7546
8385,3866,6423
5752,9492
12273,9060,8933
9200,11111
6883,771,3530,6666,5527
2003,10325,3375
7258,8923,7323
3416,6369,1811
6024,6389,2733
2753,9508,4874,1674,5145
1064,3273,1261
2556,2670
1550,1199,8687,2035,5108
2723,1347,3468,1709,2671
1733,5869,1808,2714,4954
2668,9650,8987,3261,6431
1896,6842,9245,3678,1535
5760,7491,8783,2008,1690
6658,6948,1772,3474,7581
4824,5178,7084
6882,8163
3745,2438,1799,4503,3167
7971,7924,757,3382,1212
9962,3446,1655
1683,3998
12300,6319,2486,7160,7034
3704,11003,4228,4189
2073,12231,6402,7047
3847,2026,9226,10641,1427,9083,1916
380,2281,690,10612
561,95,5967,10263
6370,562,8993,8279
1448,2077
101,238
7116,8420
631,3599
1380,6702,3025,5750,6682
2822,1031,7981,369,2396
1092,2342,105,6486,8985
2307,713,8141,5709,947
8737,4340,2104,7257,11899
8376,2121,8328
9316,11284
7040,9618,6196,10748,12670
9440,11202,9724,7385,9980
6928,4424,6316
3173,3015
2240,2916,7974,584,265
4995,615,3980,5012,10077
682,2449,2706
413,2311
5028,4072,3475,3412,4286
2817,9001,3854,2165,2200
3073,2147,5924,3631,4056
7044,2222,5077,2680,4123
1794,4841,3442,658,474
5604,2934,2139,4956,8637
3045,2194,10034,6199,6523
4812,2959,7225,3802,1725
2040,3963,6557
2152,6282
480,1729,4356,9999,5277
5238,269,3470
8865,1580
6217,854,3479
8576,5714
3592,10100,1894
1658,2214
132,2667,2932,248,2235
3968,5230,5299,7733,5787
4739,9379,9994,9302,2107
3201,2891,8780,791,5531
6209,586,9750,6232,4734
2787,3912,1773,6448,2033
10178,6250,6253,8409,4827
1163,7314,3571,5818,7391
2915,3813,3020,3342,7631
3906,10028,8019,5718,12182
4081,994,8291,6343
3466,6159,9054,2111
5180,6736,2451,6004,7253,5916,1055
5914,3763,5397
4420,3989
5227,5324,6059,3408,2132
7944,5489,4820,9304,9147
10822,10090,7157,12375,9307
2304,5570,3202,781,4501,3997
3429,3241,6256,8346,7645
2081,3661,2109,277,2301
3432,2161,4075
9108,4335
2114,4263,3595,8920,88
577,2115,1704,4427,8145
4357,1454,3314,8946,3417
10339,6129,4630,8249,8222
772,4497,4347,5532,3645
204,787,819,5657,2174,6463
8601,8074,12068
10362,2731,11933
7456,2182,87,4232,3563,9116,830
6592,352,3266,2400,454,5450,4875
3113,5201,5337,187,8220
5507,164,4454,9939,3064
3875,5224,3855,2620,1855
8040,8076,12465,2195,8351
2224,435,4632,1245,3325
1320,5513,4012,1319
7041,4522,7860,5725
6920,11129,2642,10787
5386,9923,6324,10591
4642,5611,5469,8749
9305,2228
5195,6627
11619,9053,10165,3294
4713,3572
3033,482
4016,6401,6932,7494
4619,6133,183,6555,4316
6529,4867,5521,6297,7068
2242,8226,6887,2802,8952
4768,6087,4245,4789,5372
7042,5764,5363,8021,7486
2992,3939,3638
3000,6577
4231,6311,7275,8303,7711
4868,6057,6378,4267,7549
3625,8522,3209,4745,1331,1400
6961,4659,7163,6843
10704,12414
6371,6917
2968,10473,7467,5701
5049,6863
2586,2262
3712,2698,8491,8895
3754,10217,6298,10872
2848,7585,1899,4428,3949,4689,4190
1989,1294,2289,3221,2390
4681,9417,2542,1907,218
3459,4102,4312,2970,8094
3403,3685,10486
5401,3662
5568,6496,3336,3788,4318
6552,2502,2636,2380,2296
7682,4900,789,795,892
1355,8723,2483,2136,697
12321,8679,5746,9461,3614
1453,688,5013,4120,6623
3012,874,6060,1452,2772
1571,7432,3337,3181,6447
6438,808,8268,2808,8825
4432,2385,5609
744,2148
427,428,5686,3607,3708
1401,8877,4464,2773,4729
4736,4236,3891,4022,2939
4450,3747,1829,8652,7615
1678,2030,7127
10975,1067,2615
3632,3557,9086
2465,9766,9202,1240,8734
9187,1062,6279,10198,10902
2688,10944,9511,8552,10603
9512,7880,9678,10811,10812
10982,3824,6290,5015,11035
1612,7660,9936,9075,5144
8353,9222,10377,10922,12654
2659,8010,4586,3663,5713,2225,5016,8730
2697,4655,5780,1173,3737
6477,6418,9109,6620,2207
1800,1129,5931,1934,1370
2496,9506,8272,1790,8447
8866,6818,9862,1912,7899
1187,5355,7150,10236,5055
6977,2608,10420,10260,7513
12384,3137,7586,4265,12150
10308,8135,5096,5484,3538,7763,6809,4060
267,6093,6127,6677,1436
2765,5173,7286
2497,7637
10278,9096,10317,1175,10906
1632,217,4204,3031
377,2532,9348
9949,2734,2583
4032,2276,10020,3783,4392,4561,2429,3959,9533
4431,1367,3512,3255,4159
3987,4461,2271
9158,3991
1765,1487,3856,1848,3002
8712,2928,3377,9624,1534
1817,4027,3790
2369,1714
7684,9418,9483,3596,2010
2535,2897,3896,10809,10780
10186,8876,11101,9558,10301
2105,8674,1238
9404,812
10415,2538,6893,11975
2244,8684,8812,6097,9790,3103
2951,8585,8848,1618,11828
6881,5002,7629,11856,8887
7845,10332,9879,9082,11644
12228,11141,10567,8016,2552
8290,9867,11564,7471,10842
1153,2852,10597,4520,1545,2264,2906
2730,2460,2533,2223
10921,10939,10636,981
4280,2872,10360,2741
10689,2596,9637,8823
1619,5020,2694
4417,3101,1886
4872,3282,2743
5296,2557,2742
3940,1001,8169,1468,2205
7599,2325,7352,5758,7039
6020,9317,7147,7478,7326
3648,8427,8524,1141,959
6696,5163,8972,3404,6910
2979,6951,6283,4881,7132
2958,4916,1976,665,7357
8059,11205,7623,6326,7803
6600,5514,951,6839,4282
5416,3131,6420,4679
802,676,4776,10703,3088
932,229,8109,6606,4114
644,8295,5170,5749,9055
5478,6439,4042,3850,2996
3842,9573,9205,8445,10398
3520,11809,11490,3828,12120
10754,8970,11979,10543,10230
7538,8979,5453,8806
8810,4813
6082,93
6929,8458,6412,677
707,7341
792,11004
7296,9313,610,9231
3024,4626,8731,11109
10954,10858,3093,6198
5418,349
7280,1682
6280,1204,7069,7031
6219,7057,8310,2838,3032
9184,7691,2414,5751,4058
9891,556,8461,5115,7485
4696,9293,3503,1944,2079
1857,2075,3364,6613
2843,6043
3171,2645
3889,9535,6558,3086
12665,6181
10731,7957
3969,2610,3621
3053,2973,3143
3686,9518,10639,8144,2774,5368
3568,11216,11154,11191,3035,3415
553,4754,5804,367
4944,4918,1701,6190
8352,10315,11439,3160,4409
7170,5443,7910,9863,8155
11869,9035,5110,10140,7708
6465,3162,4893
8938,4563
6094,5254
5526,4855
2835,2356
1292,4926
4057,6210,7308,4487
2737,5886,7094,5910
3400,3529,6002,5146
7584,4130
5668,3798
2448,10697,6400,7085
8032,5027,3646,4334
6561,7019,5620,4571
6399,4300,5822,5212
5920,5063,4840,5840,1562,2874,4830,3807
5482,4749,10206,2458,5854
5354,4363,5103,1457,5141
5633,5667,2085,1445,5010
1417,5716,3829,5494,4029
9793,4038,8424,3179,2444
5697,5794,6058,7690,6607,5111,6526
3248,3537,4947,8981,7674
1073,6453,1052,4061,5726
6374,5874,3766,7162,6909
1057,3618,3170,18,6044
5112,5172,7078
616,3573
3469,4917,5788,4990,5919
11338,3219,5879,2072,4415
7366,7663,8434,9491,5331
3936,3272,925,2971,4125
8898,836,4869,1862,7306
8705,8778,3820,5037,1492
3300,1327,11763,1048,9468
5378,8842,394,8208,7441,6545,3308,8442,2430
5588,5245,775
5408,2113,7666
3099,5316,2127
4578,2446,4305,1397,3327
8512,449,2882,2967,3452
5543,1578,7404,5396,5239
11169,8233,4618,9047,3388
2048,3074,5101,4144,1425,6000,2324,2164
4325,1289,4937,3220,2326
1512,8830,4814
4593,5998
4902,4391,5449,4076,4062
5413,617,8177,1364,10520
3714,11048,9425,5592,10527
4795,2947
1497,5371
841,7002,4935
5250,7783,6224,155,4383
5344,4575,2071,6200,3967
1443,7468,3983,5715,7191
2858,6990,2611,4180,6077
1954,2946,2920,3251,6936
5504,6220,1326,9399,478
5537,7779,8018,4756,4857
5696,6467,3814,4903,4188
4525,2736,154,7806,9855
3136,2243,44,2065,5789
6727,9128,1863,10151,5294,3419,9598
1856,9027,8547,1493
3161,6163,1389,5398
3680,3361,4003,6113
4506,2534,1439
4288,4178
8696,4479
2416,4112,3510,4313,4379
3937,8357,5165,5909,11450
8484,4006,10761,6450,4087
12194,11916,11820,6686,8511
3008,814,6960,3764,9527,7071
7936,8326,6375,7640,11037
10402,9170,11575,10072,7933
4610,7107,4141,8828,5790
7427,11603,9557,7989,12028
5285,6416,10455,9368,6205
8608,4934,9131,4723,12638
3944,834
9266,2546
4145,9937,1757,6407
5889,7267,1253,5477,1993,1972,5367,5823
4617,4170,3609,7221,5785
6848,1956,6511,9044,251
2888,7849,4529,3830,7770
2913,8039,1774,6611,4091
896,4709,7881,4943,7962
3883,718,8782,4599,7294
4913,4621,3887
7307,6359
673,5941,1656,9852,3005
2884,2857,7534,5614,5871
5060,493,6803,7321,6779
7872,9320,3473,3318,8088
4966,7625,6925,4028,3037
2179,2757,2199,4215,2108,381
1858,1028,2450,2709,8085,2005
2566,9063,11515,11190,5944,11579
12363,2702,6651,2777,3515
176,2091,982,10831
3649,3749,3722,4942,3644
2466,3208,3688,1588,1015
3078,3082,3222,5464,4345
3426,1703,11631,3664,11893
2570,4205,4406
4275,11100
9795,10505,6156,12561,7289
7073,1732,5127,235,684
8378,8941,8486
12017,10522,4413
4378,6395,7274,4222
924,8404,6244
4135,842,3576,3901,4158
5058,5026,8395,4691,543
2752,3979,4121,3130,3803
6413,5617,4535,8504,7903
2216,3865,4694,9207
1987,5685,2206,1511
3650,4612,3628,8307,596
9926,5929,9258,9582,7925
9541,11174,9095,5963,9356
8676,8038,11442,11346,11609
12163,11556,9446,9201,10993
7748,12553,6096,6935,7837,5684,6325,4664,60
1377,6051,6566,4711,3796
6626,4146,2919
3499,7126
909,5104,3254,5498,351
6723,7718,5703,3725,5619
6307,5445,4017,1332,505
3440,4302,4111
6819,7269
6562,8772,6344,716,6648
7175,7821,4018,3156,1821
4423,7657,3055,850,4567
4515,4870,5640,5422,6847
4194,8156,8532
9585,11348
5601,7398,11663,7063,8379
6656,4322,202,9004,6521,3741
5005,3919,12081,3985,7124
8256,5935,7508,3029,5499,7262
10684,7908,4933,3287
2471,2501,6999,6943
6120,11554,5102,9975
4385,5420,2629,6390
5377,1839,5215,6167
6337,2023,14,2137,6142
8777,5290,5454,5487,4627
6148,9800,6379,5072,6225
8134,5319,12620,11023,10174
10472,11306,5134,9366,11803
4499,1589,4118,9206,25,2940,4253
3168,6989,8013,3826,4210,6397
9772,5717,12405,5143,10937,6201
9011,7931
6588,5191
4098,8580,1197,9703
8611,4036,3651,648,1257,2509,6223,8827,7835
6615,7729,7381,6711,3929
1541,9238,8791,348,2398
6945,5738,2133,2204,766
6690,1767,5193,6157,9840
2410,3339,6414,2294,8313
8685,5262,80,6490,158
1958,3147,2391,5880,8092
5665,10114,4278,3706,5342
2689,2352,1908,185,9501
9870,1455,624,5297,8977
10994,9803,1644
338,9485
1406,6151,6314,1837,4766
92,5653,5326
9449,1557,8245
704,8771,7204,3884,1360,6937,7167
3360,3849,458,8755,6583
6345,11529,2549,2933,6295
3717,6769,5586,2173,3839
5666,2950,3483,6039,6107
8288,5817,9730,1284
555,6258,6099,540
4290,2188,1324,6479,3700,3894,3863,1276,3453
3913,1933,1615,2138,2427
3873,7298,3141,7155,3320
9681,2582,11034,667,9308
7172,8296,361,6064,9847
2241,6310,1613,10608,10803,6835
6266,7133,8788,8890,989
169,572,470
7051,6614
1865,1004,5045
2408,3834,4261
4485,551,4044,1686,1722
996,8267,7470,16,7413
2176,7169,3970,300,3480
8750,3343,5622,7767,4127
4241,794,3149
3986,47
4808,7664,3996
7230,3367
1777,7670,5078,3326,3391
6247,3785,5965,2198,3871
3239,3112,4107,6840,3386
8231,5424,4602,4883,5338
2208,6597,2569,9085,1919
8069,6086,7818,5932,7582
1768,3931,7340
2355,6516
3018,8236,103
594,9498
7604,7575
416,8034,656
7680,15
8170,7907,11244
7904,6178,2394
6673,7554,7178
7474,5806,4687
1867,1660
6628,3430,1835,2001,7319
1058,3460,9447,1490,4212
2841,3370,6582
9777,3042
1586,9612,10989
7571,172
10120,6417,4153,3387,6462
4169,1228,6768,6610,4825
1371,3269,10879
5289,5985
6112,6286,4369,1687,7290
1793,9987,2851,3205,2418
1710,1807,9232,3933,5023
9577,1451,3926,3385,1787
5577,10987,5708,1904,5809
5923,5156,5510,3227,8861
763,9221,11382
