3601,443,2019,5183
3176,336,4619,143
5990,5034,5169,8596,6391
5988,6502,8071,6990,9310
3521,4584,2126,1358,2939
9603,9003,9013,7896,4732
7490,3175,6608,7283,3767
4326,784,8465,2257,348
5905,2962,6100
4675,8182
1602,2020,4590,10257,6584
9697,4515,3212,6164,7836
7432,7506,3955,2291,9755
8996,9039,5553,10324,4469
8675,7843,5958,5520,6367
4547,2219,11383,1464,7227
0,9357,4753,1083,8351
3046,3367,4108,9619,6806
5122,6436,6862,2170,9819
8225,3148,461,5335,8344
1799,8685,7821,9400,7518
9639,5991,8493,9773,9396
3779,425,2285,953,3450
9058,5777,5493,151,9627
4164,9064,6354,4957,5214
11040,10116,2057,5529,9690
8069,10342,11307,4979,252
11810,3341,5136,4597,2238
611,8229,11144,3122,1403
4742,7948,11796,4692,9341
2567,2350,2068,7700,2366
11959,7313,10966,7959,12125
135,11432,10444,7505,7410
11246,2268,11102
11584,12079
12754,7164,2462
7912,2329
6499,10823,9543,1386,11610
2404,7815,5772,7539,8860
2617,11669,10030
1968,10808
4360,11369,10483,10838,12727
11817,11089,10194,9012,10042
12449,8262,12263,7987,11997
11126,9820,9629,5054,11103
8450,12515,9168,8912,7993
12803,12712,12270,8692,11895
12481,12422,11594,12372,12597
10915,9763,9648,12467,8697
4224,6058,8941,3537,5878,6390,90,6363,2046
5697,5794,3170,5111,6044
5639,7405,18,3573,1531
4321,5251,5812,3766,3703
4066,647,7,2517,471
3363,8457,2072,8473,1149
4480,3618,616,3469,5879
1289,4169,5359,2799,4915,4661,4918,3196,29
9987,2851,4970,6485,4375
4638,4174,7039
4161,4687
7233,3265,7408,2612,4793
7553,4613,12,4495,7513
3145,2166,4889,2235,5500
9710,627,8341,5275,1404
6784,4707,7504,7542,10461
8770,8297,4815,10864,9017
4481,1479,3497,3818,4859
3808,5484,5914,1340,2590
8128,3330,10306,5487,1841
3945,6482,6709,2585,4639
7176,4809,11824,1175,10780
5567,9774,22,12795,895
8672,4196,12363,1132,3019,4145,4213,1786
6978,9932,4205,4558,3952
4160,5435,4079
10680,9949
2357,2718,8839
2625,6182
43,7887,6065,3059,5052
1250,8082,6872,8219,10620
2564,7017,3886,5039,3411
5157,6091,12044,113,12435
10568,9866,720,2998,9978
7171,1124,7110,24,5693
5377,2665,5897,5815,1335
8390,8856,10481,920,10905
8645,837,9608,10063,3484
5280,9380,8999
5775,10895
8818,3317,7386,7678,415
2945,898,8459,10321,531
2532,10352,3602,3323,7807
7683,9669,10438,11117,3610
9849,9155,6653
12108,957
4573,11622,8263,6036,10717
8096,12613,5129,7694,10462
2178,9844,3108
7240,5225
6602,12010,1040,11984,7774
11970,9645,9874,10743,9791
8614,5578,5358,1046,9150
12225,2288,9113,5756,6815
7939,3091,5558,10587,9436
11360,6821,2734,11541,6014
6403,9480,12780,8913,7096
11273,6922,7759,3636,11260
3881,2634,2988,6650,9818
7686,9329,11957,8796,10846
4774,11818,12401,10329,11098
4354,2316,5426,8247,3193
9197,5519,7184,9309,1183
7716,8423,10575,2647,6684
4046,4623,7537,11480,6553
9412,10410,11867,11580,1213
1604,2372,10289,8853,11802
12546,3587,9636,7407,12095
10756,5700,7433,8701,9982
9569,7270,10279,4524,10322
11204,11845,8651,9788,11134
10816,9709,12176,5689,10813
523,8242,5266,12021,3804
12066,10373,8775,12056,10074
10211,4876,8204,12307,10875
10338,3355,3199,10845,5887
9377,9575,11342,8910,4400
9687,10509,9071
11329,3605
4705,3056,5811,7832,11293
3168,4967,7698,11733,10749
9924,1348,3080,8523,7730
6475,6859,7448,10715,5982
7530,7380,575
8921,11484
7329,11647,5838,7349,3679
330,10447,7760,7447,9373
10353,11337,9823
7499,11182
7556,8265,7370,12242,8829
11458,12709,9707,8683,10079
4836,6973,12356
11074,11042
7207,12457,211,8725,5719
5538,9160,10134,10171,1694
11754,9132,6189,8623,10651
11010,5861,9865,9903,11230
2246,8041,6958,4110,10581
10920,4105,5676,10771,180
10048,9634,4899,11261,5406
1384,6985,11948,7921,4402
9539,11237,9455,12343,10204
8354,10062,6098,10103,9176
10764,8966,1351
12667,12493
5858,6538,2061,9916,5407
3275,7117,1169,6546,9592
7561,5388,3541,12055,10459
12512,7768,639
11988,11511
8537,139,11917
10986,10995
8451,11811,11332,8111,11799
10309,9927,3464,10536,1393
8035,10508,974,3507,12185
9284,7239,10094,10712,7359
9024,5679,11283,12438,10102
2248,11562,11666,6743,8286
12624,10992,8120
9009,10372
7587,11052,12174,9775,3283
8834,11053,10224,10807,10264
10113,9572,10216,3481,9883
10408,10127,11064,11358,10559
12299,11576,11163,11324,11903
11600,9913,10130
9244,7165
11949,8276,9653,8729,8252
12070,12397,10774,12599,8507
10340,10472,5899,9366,9497
9281,4358,10449,10164,10614
10598,7655,8556,2293,12255
10209,11850,5646,11544,7865
5966,12111,11345,11249,408
6851,12006,3817,8586,11251
2761,9961,10576,11640,5534
12233,12237,10413,12463,11728
10849,11459,10949,8875,11007
11340,9712,9393,11952,11739
11969,9059,7876,11122,10484
8613,11528,7311,5972,10073
8043,10445,8365,7635,11605
11854,2803,10901,599,888
11112,74,9771,4373,9877
9091,10152,11785,12138,1744
2664,6792,4187,8988,11935
11843,8299,9363,4019,12766
10091,11373,10047,11390,11391
9665,7395,5194,10200,8541
11847,10441,9275,11254,12603
5515,11659,6897,10166,9495
9094,9263,9583,11096,9242
10692,11524,11717,10991,9880
11568,11092,9493
12741,11151
6704,12538,10887
11786,11028
3907,9445,9286,9037,10546
12325,328,8716,8501,767
8617,12714,11859,9621,12159
7941,9134,10482,10168,10271
9920,11370,12406
11240,7046
12196,12201,11446,7003,12605
12195,10037,8534,12088,11611
5161,12145,10101,8057,10106
5056,4773,12083,11955,11033
9857,11427,5380,12294,11119
10789,9675,11406,12178,9175
10436,11716,11557,6291,8435
12774,10662,10157,10002,3956
10219,6131,12309,12762,9951
12004,11654,12235,12813,473
10179,12746,12214,12316,12063
6464,11402,10899,1208,9469
12390,10759,8905,11218,12402
10531,6179,10830,6902,11929
10022,10031,12114,12371,12092
11563,5237,5334,3063,2844
10827,9677,12052,9718,11772
8928,12612,12200,5647,2750
12193,12109,10836,12057,11291
10976,5154,11725,12398,8118
12547,6435,12135,12723,12542
6794,10892,12604
10889,12677
11297,8485,2119,12744,1901
11522,12522,3213,3950,11481
11435,9101,9426,3579,11998
7457,241,12567,10364,6206
12772,11047,6959,4244,11992
833,12458,12784,11097,11965
7361,3334,3210,7498,9457
9415,1033,11443,11158,12537
12802,3746,10632,2923,12699
11140,12806,9735,9739,12498
9895,6965,2871,10683,12735
12775,8904,11851,12312,6750
11306,5134,11023,11803,508
11841,11813,12518,5672,12830
11330,10572,11311,7569,12281
12640,11400,9352,10477,12287
11558,9576,11629,12573,7551
5350,7762,11514,4987,4959
12583,3519,11699,10710,11679
9162,9578,9804,12507,11359
10060,9776,3857,11121,9140
570,2251,1130,6727
41,836,430,604
1060,4535
7362,4594
6816,4136,6039,2545,819,1559,891
6786,6789,10221,6257,8732
11419,5613,10637,76,8539
3362,3958,7228,5662,6719
8294,2090,3050,9036,6494
11200,6445,5581,2425,2554
6865,11411,11702,2587,11420
9632,11972,12426,6030,12440
8582,6087,10125,5658,10270
4896,11547,9262
8572,5644
3010,2183,10311,2992,4888
9249,3797,7509,6681,12508
9448,11364,3423
9473,5863
1730,7079,7368,8054,11927
10631,10871,11536,10295,3102
11298,11387,7238
1825,1951
8042,10001,9266,10673,9463
9606,2472,3701,4437,247
8900,8650,5199,10417,10877
8530,11155,9383
11746,4662
6176,11335,6889,9654,2588
484,12007,11408,635,11964
10689,9289,11595,12562,3322
9796,42,5394,1528,7517
12386,12517,12870,2478,12815
11747,12934,2503,12913,12822
7130,1307,5959
227,2550
11173,12935,12591,12752,12382
5066,3310,11194,10652,990
11372,9358,5200,4407,1465
8975,3697,7065,8666,6396
9802,12534,4216,11451,7711
9180,12485,3494
10389,5269
9988,2021,11045,8361,7765
12769,12362,3152,6512,10740
12480,12320,10916,4200,8489
1869,12177,10290,10742,10173
8303,10159,245,7927,10203
11461,12710,11464,5612,11153
10758,2599,11242,9973,4248
5029,6632,6668,12045,3358
10658,7053,3125,5465,9050
8963,10671,11503,11761,2815
9538,12399,7216,1681,4991
11036,11890,11347,6012,8159
10699,10550,1847,2233,12570
6338,11496,9073,10616,12153
12327,2764,8207,10227,11737
11416,3051,12543
11545,12587
5796,8721,11795,11062,11705
7559,12335,7922,8342,10554
12554,11022,12207,12208,3615
10672,9969,9876,11130,8763
787,8548,12013
12098,2174
11234,10382,7186,9143,10943
12417,8066,11888,11601,11958
10985,12685,5167,4156,3773
12322,11683,12209,12157,10463
11460,12265,12459,12494,11221
12416,12099,3878,12490,7317
11073,11587,8550,9353,12819
11713,2731,12717,10362,11967
10854,3816,1136,6451,12470
12389,11911,11881,11353,10908
6444,9138,11510,12666,11933
8769,8065,8997,5642,8566
7842,10788,10027,7098,6876
48,9730,222
3433,2747
7859,4783
7652,4132,10566,1114,9438
7100,10292,879
8350,4327
9921,9807,6997,3383,10745
261,1200,4853,8855,6907
1761,8488,3240,9964,9968
9507,8201,6221,10256,9651
3753,402,4788,9943,7196
6856,11500,11378,8437,10911
11425,6731,9421,2935,1050
8506,588,3506,7894,6810
11616,5412,7205,9224,11736
4995,1380,3173,5321,6670,6321,5557,7798
3073,3479,4729,2684,4286
5077,8301,598
961,9052
6468,4841,5012,4056,5277
6532,3592,1201,54,1181
6272,5668,6827,8239,7675
6217,6577,2482,8244,6047
3813,4135,7847,3314,2487
4356,5229,2578,1621,4347
3979,3470,8150,7838,543
738,4067,1259,2961,215,3933
9577,170,6286
5510,1687
6916,8551,7373,9470,5599
3918,1395,7639,10107,2015
7877,8492,2189,7409,6228
804,3879,3177,4650,9564
613,10821,8615,8535,8349
10223,401,9649,7222,12471
8004,968,11376,9781,10015
9858,2979,5163,2869,7357
4064,6028,5079,5434,10653
9298,4805,2854
8804,10220
1185,9890,71,1210,7035
10569,9228,9816,10105,8185
6915,9002,11019,7082,7996
7105,7087,4881,2870,8603
8896,7375,2320,8083,6911
7810,2343,2921,4463,2710
8106,9114,9278
2388,8180
9638,6762,7947,7803,10941
4452,7461,6825,3923,2300
2528,1666,8044,7512,5246
9248,2034,3769,10557,10207
5190,5069,4973,6548,9947
6248,4201,851,9301,11448
8514,5800,7613,5182,6591
11205,9419,2958,6326,8059
5185,2985,10507,11537,12089
7264,11919,2480,12146,12276
7568,9529,9326
7282,10138
5539,12168,9546,7825,12378
9706,9615,10738,9586,11901
10083,8199,7024,10930,12633
897,4097,7621,11077,2025
2498,3110,3487,2953,4204,11279,2261,440,9727
3581,6864,1104,4086,2941
3200,3840,3756,9780,9207
6828,3437,2224,5138,5235
7489,3845,1927,75,5068
4137,7401,10226,1718,8764
7693,2669,4720,7890,3067
512,644,3380
3249,7614
5761,8138,7597,753,8347
3296,6305,8429,11123,7869
1633,9801,2700,432,8090
8577,8196,237,10258,5113
4353,3267,6609,11313,2302
5381,6373,3564,4941,11756
7946,7309,10675,7893,9019
9954,2630,9644,4341,8373
10502,653,8560,2453,9756
1128,7403,6575,10391,1789
9102,11343,9398,10967,9854
10883,10181,12078,10384,9370
11777,10435,11915,4856,11005
10593,12170,7788,12084,10366
7728,10840,12053
10980,9959
10374,4008,7888,11472,5631
9001,3626,8269,976,3442,1076,5950
3331,870,200,6076,3130,668
12611,84,5430,5782,1980,9630
9259,739,3127
5522,699
8840,329,1474,377
2690,2212,6572,365,2672
6848,2897,3926,4665,671
3584,7964,11025,820,2236
357,7529,1932,2611,5652
5041,6564,2381
7872,6046
4616,5293,3566,1806,5744
8611,2758,5099,7091,8031
8332,6094,6836,1270,6495
8456,312,4346,4828,5439
8898,8682,660,7962,6811
1957,4842,5231,4311,2392
240,10228,86,9277,8191
7009,6725,5834,9685,10393
8230,3438,7983,10645,4377
3744,8011,6830,9332,9471
7625,5645,8877,2548,7327
6376,10024,2989,5554,4155
1537,8625,2421,8216,6972
4576,2858,10643,9652,8791
10244,8329,4298,5291,3535
5217,10248,6800,8213,9977
10012,9770,7219,12243,5820
10498,9477,3463,9640,11862
1837,9688,1978,4766,6430
325,5848,8982,9304,1598
6151,3751,3082,9425,5653
3714,8867,4003,9641,10453
711,9841,8792,4603,94
9330,3090,11477
11120,7248
9072,10132,4006
6672,11897
12009,6953,11607,12347,9950
7459,5592,11048,10520,10527
4728,2861,5432,3899,2397
2756,943,7251,8404,6967
3034,2733,5687
4704,6353
5387,525,141,5078,5279
843,7052,4364,110,405
5824,2112,5385,1129,7669
3838,3954,4951,6301,6366
10193,1196,2420
97,7534
7297,1995,2607,3675,4955
7206,6032,2259,4374,2911
2273,2942,5767
9338,2299
10596,9832,3861,12284,6333
2279,231,5711,4879,6802,8565
5635,6260,6360,5690,5628
5986,3942,3657,119,3738
5474,5417,2066,4115,1145
7938,6275,9956,12115,8726
1969,6676,9813,9559,10043
3340,6773,7194,12476,12062
4578,3475,1741,3215
4093,6626,973
2467,1747,6937,5403,3135
4449,6276,6256,6645,6655
6819,6377,6452,4985,4190
1668,5188,1574,839,367
1094,1705,980,2101,121
7201,8193,5842,6195,12191
2176,5447,2187,1453,6299
2508,1758,6359,6906,4958
4191,1654,6663
6010,5197
4587,6770,1816,1723,2364
5025,6722,3048,1355,9908
5128,2409,2559,1516,2143
5859,4806,8006,3848,11676
6658,6220,6292,5338,2782
1795,5933,6936,6302,11774
7648,6882,910,5424,6516
6309,2569,7054,5198,12240
1634,9835,12333,751,1522,8627,7224,125,5311
3234,292,8588,2325,3606
3776,4713,1743,1461,6462
2916,9323,8750,7770,3551
3631,306,3863,3802,3451
6761,2922,1234,2934,3576
132,1898,9238,7671,3866
7391,6636,1361,2232,287
3552,6513,9302,248,4861
1157,4838,6571,7314,3836
9379,9994,6448,2107,6175
6048,4739,6253,8409,7486
3201,6250,3342,3571,1402
10028,8019,2996,10996,12182
9862,9158,967,4305,5944
9723,9508,1639
8786,10446
1673,7279,2580,1690,5310
1703,1544,10250,7212,1431
9824,5925,6886,2089,9590
1282,10478,9905,8689,9111
3427,7794,7607,1532,4543
134,2547,1399,472,10938
3749,4942,2744,1753,2011
7203,4782,1085,5593,9821
2649,2339,3780
11822,8958
3237,6125,978,11188,5882
11236,8874,11864,10141,11327
6180,1640,4490,4528,3633,5655,25,2877
5094,7687,7215,7007,5855
3971,2053,206
7594,5106
8235,9556,11925,9748,10814
9280,6119,10158,145,12793
12354,9061,6981,10092,11835
3872,2955,5588,5494,7037
7666,5141,4830,5103
5010,4380,1493
2702,1015
1457,3822,5446
2444,1445
9793,5316,8424,5140,5946
1188,4038,1547,5716,7995
3179,147,3161,4123,8317
9057,1417,5354,6090,10515
4460,6871,10681,4890,8605
999,4880,12305,5398,11006
327,8136,9901,3158,11197
9505,12365,3448,5017,1562
4938,4363,7000,3065,7839
5920,4451,5795,775,8402,2967,3517,4671
5666,3398,486,2446,3099
162,4579,6021,6025,7455
4992,2882,2127,4210,6325
6152,5168,5657,4411,5851
2144,5285,5608,5203,4664
12579,2889,10348,6096,1692
11192,6935,8952,3164,9407
12306,9814,5911,1081,7837
6312,9075,12533,7866,6109
8421,12103,3436,12620,3452
4608,7364,11210,5270,11639
9738,9005,12110,2800,9428
6534,7976,10958,9940,12024
2977,7747,8,2188,3414,5240
4769,1573,6024,2005,5023
9388,2895,178,7797,4697
872,1451,8781,500,7095
6336,8800,5105,149,1084
8864,6752,9666,173,9230
10855,5584,4818,244,855
5281,4903,1964,7664,4631,4760,2846
1665,4680,8940,7149,469
9123,9417,1370,602,1501
4461,8723,3796,9466,6365
5739,1709,7221
289,1319
10148,524,7502,6606,2353
4450,1541,266,1258,662
8544,6213,6597,2668,2639
7972,1401,6738,2419,8633
8425,8652,9196,275,5087
737,1064,5673,11146,8375
8319,7814,1808,8893,9567
708,1740,464,9852,2652
5323,7340,1106,8916,284
8924,166,182
5598,8815
733,2096,9489,4986,188,3069
9826,2594,489,4047,1944
8708,8998,3303,4472,1342
518,6542,5618,8978,7421
7779,11940,1644,6262,185
8832,2754,8358,9129,11437
9545,10768,338,9427,11671
1696,7020,10318,11760,4700
4768,1993,2604,10351,11219
6252,9910,7879
12330,1222
8164,12005,11016,10933,6875
12032,10246,5576,10249,9389
4904,8165,9965
10210,12227
12324,11312,11989,11710,11807
10061,9810,11963,7644,8798
4352,4884,10553,11834,11070
13,4071
6824,6
3104,191,2533,5239
1027,291,5475,4677
5541,2216,5840,823,2458
8810,5035,9258,7151,5202
5418,5774,2775
1488,1400
5347,12106,6866,9047,8025
7043,8233,1937,536,6493
11880,11080,10763,7342,12023
10923,2862,8974,1915,8542
12302,8655,9270,11382,8571
10178,12745,11380,11543,12408
11008,11333,12039,12629,8312
12483,6664,3117,8753,6903
4641,11107,651,10896,11954
7430,9387,10709,2966,3096
10691,11787,10284,10713,6458
10145,11750,10251,7918,3291
12738,4550,8722,12761,4924
859,9076,8862
2553,8802
11745,12713,729,1913,12443
8738,8739,208,11833,7611
11770,9783,9720,9240,3354
10753,12451,11877,12464,7293
10584,11709,12726
11473,9812
9601,12167,7631,6908,12446
3649,236,470,1306,12908,4124,362,8047
9088,2354,7950,5063
2874,4733,5294,3807
7874,4429,176,7089,6845
9922,3545,6988,1142,6745
941,8400,1138,4339,3032
9090,8711,7628,2227,3832
9891,4078,281,9853,7199
10734,9038,11665,10579,246
5348,10345,11116,6476,861
9292,7021,10511,1782,6520
12353,10530,12739,11588,12488
2304,5572,6469
682,781
6281,3661,3759,2449,8637
8865,584,265,2190,2200
2081,2147,263,1388,2139
232,3794,2040,5022,7999
3432,3202,2253
4497,2915
4851,3429,3374
3371,4343
8632,474,3668
7800,8932
1318,4427,5230,8718,2014
1729,1704,5934,3417,4159
4263,4335,5714,9750,3963
9441,1163,5857
4714,615
2787,2214,1580,8946,658
5730,6633,3126,7928,2297
7304,586,3595,9070,3997
8576,4913,11698,3666,5209
2115,254,8167
10232,7951
9833,3645,2526
2114,10965
908,1469,10390,4751
256,7873,4320,7045
2083,5139,4,8455
4385,2017,8495,5046,2423,2971
258,9381,332,5778,4627,1973
10642,1267,1322
1584,6853,7750
2245,4840,5962,3728,3248,4058
6280,3980,3412,6488,3515
11874,6219,7691,7436,7090
5874,7548,4029
4569,6878
2466,3704,1588,6136,1660
5633,5586,5751,7961,7515
9682,5490,7485
7790,5919
259,982,6525,6909,7934
1281,3302,7213,9279,8991
546,763,4811
6939,9717,6639
9397,7726
1880,7299
5833,3748
3921,10381
10008,4025,6805,6854
5976,5961,4852,2511
5798,7771,10926,310
856,11314,8742,7152
4921,2314,2436,9623
1587,8925,10110,2879
6905,7636
8714,10494
3916,1612,285,8567
8520,10577,2134,8079
10137,9219,10510,7247
11104,8202,9164,2908
10952,8426,7699,12756
11688,4684,389,4800
11913,10578,12116,10429
8072,8841,11266,4604
1028,5670,6089,6121,1549,2390,6074
8640,2853,686,852,218
8034,8074,5003,10349,795
5032,11827,2132,6838,12600
5525,1686,2199,9276,5021
1408,4725,9894
5165,5511
5543,2636,5071,4758,5594
7332,7399,8115,5717,7870
4770,2179,6892,4044,6072
10822,946,12405,10518,6775
9409,2437,9746,11540,10006
9182,3864,12282,9372,12126
9607,10440,8563,11222,11288
4552,9837,8654,5143,1630
6083,10917,296,10583,10937
10407,9772,12149,9206,10239
11431,11250,10802,11032,10972
12809,12041,12203,10766,12304
11136,6699,12663,6938,12283
6384,9203,12244,12407,7389
7752,11308,12527,12499,2653
12033,12385,10819,6202,10556
7169,4485,4935,4433,3221,8471,3932,3262
2338,3280,3030,6842,4893
2919,7465,3499,5549,3706
39,7470,117,6427,3357
1347,648,3181,10328,3390
3680,322,1421,5969,4242
1505,3337,8370,7032,569
2502,7783,1274,3770,3709
2473,3147,5135,2198,6143
3140,12165,7153,12310,7900
7481,6993,3989,4982,600,6713,5916
6026,9547,5390,6139,3835
9321,2386,8691,10487,476
4192,399,7347,3732,1622
326,6984,8880,7473,4087
10953,6064,4658,6963,8951
11921,9395,6707,7606,829
3588,7496,10792,10090,10970
7558,9062,3313,6578,10038
7944,10633,7157,9174,6777
5512,2925,8343
8184,8161
8418,10214,5867,9458,6783
8484,6278,6450,8758,8511
3681,422,10354,9268,9784
7969,11044,8709,11114,7531
7808,5866,11693,6317,6686
8386,11299,5220,2185,12375
12012,7857,9139,436,10296
12448,520,4142,10909,1983
10735,10128,8431,11132,4382
11907,7428,10504,9897,9142
11232,9729,8678,10294,3898
9747,10548,4023
12650,11788
9889,8646,6601,4625,3189
10724,10861,8688,5648,8223
12194,6084,9255,11820,10677
8112,9553,10451,8915,3707
578,9892,4198,8476,12349
10496,9928,12338,9914,10011
10945,12452,7016,12680,12403
11137,11396,10089,8879,6519
10432,12069,8785,1939,11519
12832,7595,11916,12790,4790
12771,9736,9713,7863,9759
11393,11463,11918,11125,4953
3682,9762,4710,10839,12671
11105,12770,8836,9271,10618
10405,11494,11063,6814,8831
12482,3874,3157,9786,11871
2724,6279,1565,3006,3935
10831,1778,3218,2298,2206
2432,1067,2898,1240,1822
881,3557,9086
8734,10975
2465,9187,9202,11157,10198
1029,11468,334,10902,9530
11171,9511,8552,11465,10603
10944,10811,9678
7880,2688
9512,3824,5015,11035,10812
10982,9222,7660,6290,5144
8353,10377,10922,12654,9936
2753,8771,7274,369,924,4189
356,198,398,1524,6456
194,1507,164,70,8399
4012,1360,1171,4565,4694,2679
4292,7301,701,726,2141
704,1121,9742,5236,9204
6407,9870,4529,1305,4091
7048,302,6766,7061,10174
1824,6144,3883,916,1917
3814,680,9433,3483,3839
3009,1373,4646
359,8807
3169,10770,5492,4503,445
2402,8009,4620,697,11069
7658,10319,6576,8657,12279
2681,10898,11423
2796,11926
11617,12067,5001,11914,8891
11009,8387,5357,7161,10490
10149,12173,10925,5523,12216
514,10019,3724,12782,8214
3786,3116,1039,1527,5945,2395,2876,4222
4165,1990,4526,6006,2646
458,5488,3028,2680,4479
1792,1985,560,6612,4383
1605,1863,4937,4847,5819
2574,4277,2006,4473,5119
4171,5260,7885,4821,2549
4786,7898,5027
9128,2987
9027,5288,8105,2382,4827
4288,1062,4332,12204,4367
10336,4227,2824,363,9234
10532,7336,8746,4848,8918
1377,2914,5703,5352,8977,5405,3231
8355,5477,7191,3607,3325
8824,6562,2230
3465,5846
7276,5569,3516
8257,7975
6793,6449,6898,4221,5181
2860,5526,3247
6474,6847
7841,5970,3768,7292,6399
7398,8013,3473,9334,1943
1509,4300,3281,5938,7603
4459,5044,9751
1186,628
5252,7623,7657,3000,1881
8097,7267,9267,4980,5844
2401,12551,372,7063,6461
2859,435,1022,5016,4510
8545,2697,9967,8272,1812
427,6161,407,3676,8669
6147,3849,12619,3641,4319
8393,3190,7255,12730,9117
960,1012,6062,6088
4496,4822,6471
5312,5987,7306,5551,5073
4706,516,4554,2363,5790
9122,7718,809,2416,8504
4929,5601,551,6385,893
7307,4399,4467,2900,3260
854,5787,7422
1691,10252
2475,7903,6807,442,9695
11755,10443,6320,9596,9693
7904,7571,452,7767
4026,7298,6178,4607
5248,3305,4663
7849,7290
6438,2186,6417,4633,3227
7776,130,5605,4595,5151
4962,5847,6130,6610,3895
6112,3076,7474,6582,8477
3138,2540,7732
7954,2374
8142,11700,1653,7093,5754
2976,3041,6347,7115,8472
5562,9635,7615
4208,5809
2435,722,6103,2201,4154
3789,1390,2798,2258,9725
10690,2434,1667,4166,5626
11840,752,11184,9851,6079
10523,10369,8107
1988,2654
2818,4678,7278,467,11199
6080,455,10151,1194,3628,8979,7892,7351,6780
2662,10765,7566,4475,5979
7620,2894,1006,3739,8029
1095,8396,7086,2769,4094
5376,4513,4387,9199,8662
12064,5891,11526,5234,3165
9825,11049,491,7791,3643
10017,5671,6536,6459,10014
2727,9672,9521,10611,11357
11655,11981,12241,3892,11321
4833,4866,7137,3401,621,3379,3094,3865,4637
3106,1908,3508,540,3644
3664,10636,4406
3426,2950
2918,3440,2741,3478,2975
2265,7637,11695
10649,9503
10761,8218,5489
7426,4820
545,10456,8668,10878,10847
2561,3586,10020,3652,875,4779,3277,1817,2137
2794,1430,3512,3229,2271
2929,9861,2494
2010,2583
9504,7181,3574,11034,3582
4068,559,6160,1362,9847
11363,9252,7721,4492,6679
1873,4533,8661,12151,3550
9991,4715,11729,3155,2330
7520,10539,11212,5486,2485
4293,11625,6108,10124,8604
5830,8330,8075,10099,6328
9476,818,12054,5495,1499
1857,3503,563,4787,1367,4696,2079,5215,6687
3364,3377,5943,1369,3482
7172,6756,2928,10032,2645
7211,2797,1487,9624,3422
9424,5845,1079
3226,8549
9514,5356,11826,1845,10910
10565,6987,11673,9274,9215
4615,11407,10962,4053,7103
1862,3847,459,1206,11037,2431
8296,3272,2826,9494,92
12192,10535,1875,11027,571
3651,5993,2509,7381,7835
1257,6223,4144,886,2808
2282,8364,20
10315,1685
865,5443,1674,977,2133
6529,2311,2347,4944,9108
10114,483,8293,1617,10033
996,1767,6157,7729,1207
7214,6414,9840,3929,5342
1608,1482,754,1332,6238
1446,1958,1834,8694,5880
617,10140,9035,8155,7708
1412,7910,2075,2204,9055
5665,673,341,6711,11869
5193,5738,2035,4278,2391
64,192,454,5544,3370,3509,3254
2400,6465,4875,6486,3967
6307,251,7581
3064,6467
6592,6342,7468,622,3806
3266,2438,3242,3061,6749
3970,8360,6345,8337,2933
8643,4454,8040,5264,5747
5696,6086,3113,1934,7739
11731,1779,1494,7193,2047
5028,4424,6155,3321,6395,509,3134
3141,4073,1042,8564,5531
3906,6057,4621,5463,183
3841,3843,4307,5276,3166
5238,4055,475,8222,2878
4592,3691,5555
6140,3646
2691,5924,5395,7225,413
8419,9701,4072,1011,8795
3912,2513,5299,4571,4670
8388,8776,9549,1498,5885
7610,10202,5503
6242,3555
10848,5026,9542,5980,1852
5952,4873,6921,625,11319
1925,8398,4272,8249,9085
7786,8271,3957,1814,8636
4835,260,6923,1005,4527,2768,3635,6362,8284
3339,1899,8314,3195,4445
3690,6267,4209,8889,5563
8416,3336,1771,3630,757
3271,4940,3216,6288,2428
11651,12456,7400,7956,630
9510,1933,8335,631,10396
68,101,6574,1542
6861,4239,8687,8980,10334
633,5123,12180,31
10419,6015
3347,1382
10641,690,1427,7674,9083
9226,2026,1651,948,10612
1162,3599,6742,8279,380
8745,6701,561,5043,1721
3553,8899,944,562,1303
8289,5729,1448,634,10458
5100,4911,4050,8500,4989
4544,9446,9768,2281,5556
12355,2728,7177,3930,12059
8993,9761,10346,4912,7166
10791,7116,5843,12698,11483
1127,9193,650,4176,5912,3186,4568,411,7288
848,8705,3969,3244
1503,2940,3053,10255
12068,8395,11224,955,9790
6884,7643,8412,2269,3870
9349,2056,4430,663,10488
1337,9106
3765,3799
6852,174
672,10018,11011,5571,3543
5570,7394,7458,5061,3730,1273
354,1955,7178,4309,4789
4961,5058,7393,7217,3167
7269,678,746,6231,6683
5400,5473,2621
7450,5262
2530,7363,945,3252,6490
3875,3977,5901,7955,5271
1892,7495,2833,1970,1628
4867,10541,4949,1078,4255
9667,4722,6580,3060,8123
8313,6619,8363
1480,975
9098,6052,6550
7816,7382
9361,3755,4857
11456,900
5793,642,911,1906,3225
1680,659,1564,965
11168,1504,396,403,8601
8258,3973,2318,10359,9754
4581,9125,691,6394,8380
6146,8099,5351,1784,952
9513,11839,10799,11569,4287
2336,5728,6051,2088,457
5823,7204,6975
7019,8405
5799,5514,4759,7066,7167
5664,4709,2890,1997,1843
1615,6995,4666,5852,4954
7914,7084,109,3983,4188
6753,10,4972,2029,8049
2052,11626,11031,5211,12828
10437,11924,693,12662,12187
834,9000,3944,9937,2546,2613,12376,1757
11650,11172,10533,3632,695
7128,5221,5853
3801,1669
10625,2766,9104,9714,8051
10537,3245,5459,8372,11994
10497,5955,7527,9517,12238
7552,11002,11578
11769,12500
12425,12172,9935,10066,8306
7640,5985
6153,3460
7784,1297,2405
2113,2028,4493,2191,6867
2082,1037,5975,217,2398
5827,5389,1959
2651,6027
1025,1921,2172,6077,8606
10021,11113,4270,8468,7991
9986,714,10161,5213,6654
11658,11438,9295,1232,2845
5216,10431,2948,2910,12415
4864,4322,743,1804,2641,7642,2751
641,5732,3369,4147,4279
6656,2276,3783,4178,1235
8610,1193,2221,5454,6647
4128,3596,4020,7605,11038
4457,8557,4206,3924,11771
7712,1472,6628,842,5423,3570,277
4802,6754,7501,5518,6042
5513,7883,5785,4699,7740
4832,7076,7321,8187,3005
7878,7469,4015,5682,4318
677,5258,6956,6233,5307
744,6409,5451,8268,6158
5542,5931,1912,5627,6620
3745,6979,7273,6284,5365,7355,7899
9485,4622,728,1495,4792
5314,7924,2510
7118,1543
3360,6779,8056,6331,7901
1120,2348,494,9460,2781
1354,4236,3663,3284,5177
5610,1296,6998,1819,3900
6986,5355,5327,2676,2365
5090,5219,6724,1496,3708
1220,9291,1945,5116,7935
8352,12035,4804,8569,1276
7170,4611,1581,749,9307
10053,5742,9845,8631,6685
12679,5227,11732,1112,10526
381,4405
9715,703
7554,7126
2848,8228,6613,4312,8190
7971,6826,6478,6382,7250
6976,6723,7523,8021,7742
7649,10087,7050,7029,1752
5456,947,755,5883,6652
7714,2675,5580
11993,2203
3018,2413,2129,8884,8089,378
2038,1895
761,9236
10323,12076
5992,7665,5989
5282,10978,10078
6849,7651,2577,6102,2811
1376,9184,3999
1682,2414
8050,6605,8310
556,8461
4414,7906,7318
769,1026
7565,8496,7028,349,11999
3396,6885,7366,11338,7663
4162,2024,3372,2102,2715
3361,8102,11209,6772,8153
9795,7942,8434,6040,7197
11977,1515,3373,9201,10291
290,2399,3495,11176,3562,6095,1526,7963,4063
10605,9811,6581,8760,3742
10115,1648,8820,8406,4794
9953,3405,6675,5907,5623
11942,10280,11118,2321,4538
2337,6501,11849,9868,9976
10784,779,11599,7476,863
6625,11789,10974,6671,6270
9765,12266,7435,11857,12250
2244,9996,645,9487
964,1774,1535
9506,9282,1606,1866,342
2215,1800,1225,1671,1140
1571,1868,8529,8540,894
1481,1711,8752,304,1655
1735,1772,1742,1777,1629
1575,1518,340,10199,8984
1217,1637,10409,782,9496
1600,9700,9673,7570,10773
3328,5091,11115,7705,10235
11424,11076,10000,11164,3039
12160,5540,5222,6170,6398
12421,3123,7190,9719,6265
11808,11304,10801,12765,12286
5667,2603,3820,5037,786,1492,5245
8992,3936,4514,8392,4555
6412,7662,7280,4084,6069
8064,5603,532,7864,5561
8003,6734,1008,12465,10394
11265,806,9939,3539,10172
10283,6833,2099,6424,9406
1096,4439,2521,5306,1946
5770,1073,7379,6364,5949
385,796,8653,6201,2972
8227,8612,10314,1035,7630
1088,10050,4291,10984,11743
7425,10082,9067,844,1813
5508,869,5797,8215,2618,3934
169,1233,885,8989,1599
2629,4392,10100,4506,2429
1765,3919,4404,1749,669
2369,1224,3856,1848,4092
3335,1714,7414,3991,5274
901,6791,2792,3026,4798
6150,785,10003,1491,915,383
417,1309,902
2168,5476,1262
10475,3441,2837,5723,2044,5149
1736,2474,7088,8441,6942
8033,4659,5437,2334,6559
12128,3938,10601,4530,2488
905,6122,8854,9658,6747
8598,11852,9702
2160,6741
9028,12814,9683,8759,6879
8805,9544,9260,10835,4470
12740,12229,9831,5677,11479
8166,11657,4717,1905,6259
6116,4488,5705,12015,11513
9283,11782,12615,11502,10427
11909,10215,12141,12692,9911
1153,6627,5574,5195,9305
10697,4901,917,6207
3928,12409,12644,7781
4103,3719,202,4716,6637,7984,2644
2470,6539,7696,6300,926,5375
9152,7853,3022,7796,11546,8639
939,108,9300,439,2045
992,4546,78,2719,1594,6869,9016,986,10815
3640,5179,4195,4532
1320,1002,58,638
233,9172,3862,187,4062
7881,4522,7958,3992,3293
2491,3382,8503,3547,511
4334,3984,6769,154,1950
2376,8585,8848,2901,3031
2784,1996,8812,8684,1618
2886,7145,6097,9239,3103
2002,5002,2951
9082,7423
10567,4167,1009,2839,10332
2552,7940,7799
8016,11828
6881,12553,7629,11856,8887
12228,7845,11141,9879,11644
8290,9867,11564,7471,10842
1090,2823,5353,7634,8371
3642,2004,3500,6607
6408,8121,1018,7743
1986,8902,1229,3288,1754,9118
8961,1053,4134,1135
10059,2062
6352,8845
9593,7114,4763,2309
9362,10275,10860,10466
6858,1068,2830,623,4785
7844,1576,168,4170,4695
1956,4653,5983
6768,482
6776,2678
6066,5460,1365,2039,3736
7257,7073,6598,4588,4185
2278,2670,1074,8151,5433
4673,3057,7830,10331,11198
2218,5162,7475
5521,4740
5764,7077,5160,2857,6803
3961,11697,1726
8658,7516
962,614,934,970,8911,496
11322,8580,434,8634,3964
1099,10068,7931,6173,11294
5637,7109,7494,3185,2771,6263
7080,3699,4691,3572,8287
2817,1101,7174
6523,4348
2562,8195,5604,3726,2171
7968,6400,7584,7913,7416
7431,4909,6199,7352,4444
5410,10474,9620,3062,7549
5765,9335,10169,12155,11455
12036,11627,6192,9752,10844
11457,6500,7654,10837,1110
9708,11414,12183,3993,2558
5536,10183,1483,12077,10678
4801,6590,11334,7670,10142
7334,8780,6232,1658,6524
7141,6573,6674,2484,6555
10403,12171,8211,10007,7897
1922,10979,12473,12732,2943
7778,10723,6757,6518,11229
10669,2706,5591,6874,10524
6657,3114,3020,5363,10005
5057,6282,2891
6401,7733
10119,3624,2959,6393,9726
8413,8005,6829
6323,7070
2628,10728,10833,5718,11099
9218,3304,12251,11388,8735
7875,9467,10491
4484,10687
10176,12484,6535,11848,11065
12514,8116,12118,10781,12799
2051,6183,8117,4151,1116,4605,6174
2632,2572,8367,2960,3741
3718,1016,6521,2524,4796
11398,4778,8048,9078,6105
1122,4517,1513,4718,8562
6466,9580,8518
8868,1918
7232,1248,9171,5397,8407
12288,7081,1143
7576,5733
209,226,1463
10714,61,1519
11645,7159,7289,9533,4126
1146,4500,7418,1243,9981
6050,7748,5684,12598,60
3040,1859,3896,1147,11101
7456,450,2182
4232,3563,9116
6172,157,1150
8930,1540,1770,1931,7135
1328,7139,2893,1167
8224,9297,7059,8132
2840,6850
8873,4359
8808,12074
8803,1301
5060,6000,5298,2677,1310
2054,4647,5640,2407,1803
5889,3171,5577,4075,4749
5445,5098,5871,4635,4797
4120,4644,5941
3987,4431
9483,5072,8275,3420,9501
1189,8326,8937,9418,10493
8964,2256,9779,3348,7647
37,2974,8509,7710,2655
2500,1198,5232,5937,2489
1731,2663,5814,11095,10262
8838,3947,9966,3823,3734,1883
4946,6860,1998,5319
10040,1202,10388,1429
7208,10299,5259,7437
4520,1242,2906
2264,1545,2610
10939,2412
4289,2730
2223,10639
2566,10921,5166,10932,2582,5661
4737,6114,7588,9482,4237,12400
4656,7609,6928,2927
10856,5758,2240
320,6635,4655,5818,9660
7592,1103,4049,5683,5566
33,228,6733,2194,6969
6020,6380,4045,10775,4249
4494,2832,11793,1299,1246
1701,553,6479,7538,4435,4409
5804,8589,6190,8524,2515,6011
8481,8321,1707,1676,3375,1269
646,1287,3528,7689,1260,914,213
7138,8389,8870,9288,11766,8285
4284,4925
1321,6739
12496,10350
665,9188,351,1137
10378,8699,892,821
1086,1118,10730,550
5746,6661,5286,1311
2689,4290,1478,3658,661
10416,82,8736
2592,1211,2037
8849,5786,11892
9946,1316,9805
4923,7813,4895
8288,123,3975
3431,7245,4978,7125,9498
2242,12234,6480,11187,3711
8001,10414,1327,5784,2813
963,1221,7338,4235,3124,4501,2805,6166,766
1091,5932,8255
324,6222
5829,3205,7438,5780,8825
1219,9359,8346,1339,8479
6624,7397,7302,6599,4887
8356,453,716,589,922,3453
7155,565,5206,4440,2138
2920,1356,6669,4308,3387
719,3445,2071
2120,27
8740,5669,4999,11404,2836
7586,5450,7981,912,4883,6389,5302,4602
612,3909,3434,592,3998
6913,817,4436,3893,7226
73,8942,7150,498,5055
2496,6977,2608,1364,10260
12384,3137,4265,10420,12150
9194,830,87
6296,8240,1374
9097,12649,11983,4891,4095
4771,10023,5497,8444,5278
11555,8581,11539,9941,3455
12331,4559,6644,11000,12060
8593,2340,9166,1439
10585,11059,8809,9385
9907,4329,1381,11013
8448,6531,5865,1227,3183
6771,8061,7439
7785,5964
7008,6019,1830,7146,9526
643,1414,6415,7377,5019
3015,3700,6133,3894,8793,4378,2619
5125,5606,2477,1295,5909
1900,2158,1423,1876,1109
1832,8939,3307,9999,2331
4219,10156,8595
3107,1941
6470,2184,4426,3309,3217
2146,1738,1134,4281,5210
4231,2152,1454,2867,4629
3492,4746,5910,1020,831
9696,9031,8266,3214,6586
4865,11720,5362,7702,8766
3600,1433,9484,1164
9264,4780,1471
1312,8439,6392,1048,9628
2864,3548,7484
5000,9595
3523,6692,6225,6004,7253,5527,1055
5180,3763,7286,4634,4668
4420,8357,7526,9449,5324
8679,10571,2289,10261,10776
9829,3721,11214,1458,10386
2209,580,606,2673,1846,9566
6946,9960,10955,9997,9998,6463
1473,10055,8778,3054,4541,8767
4258,2150,3079,3559,4745
3525,3625,1871,1397,346
4930,7142,8236,3568,1523
6949,6933,7575
5304,7817
4871,9390,7604,5208,5849
8322,5030,8519,9430,7930
2049,2981,2086,1929,8309,1974,1853
1538,7780,9931,10412,2012
3203,10564,10247,7754,4397
5186,5317,4101,12921,12541
5413,7763,3829,9303,1406
6306,4362,5096,2359
3077,8135,5290,6127,5173
5326,6736,2292,1557,2687
9896,5008,8245,4823,9147
9732,7756,11278,7026,7027
6031,9850,5059,1647
1916,3154,1284,4703
4419,903,3527,393,3209
4256,1570,3142,5753,4252
3043,4556,1967,5392,2778
5769,5995,5548,5391,3670
1568,2274,3908,1265,8851
1177,298,811,1561,5629
4331,5458,4863,3476,5759
4645,877,7056,10903,3352,537
2624,66,7757,4465,5854
7010,11781,3695,1592,827
12198,3981,9525,5462,5565
9056,3233,4228,2760,4043
9032,3259,1623,3255
2963,10863,3038,9863
8383,1699,8073,1553,4223
8134,1645,3534,9468,4829
3392,7596,1679,6419,4218
4262,5384,10121,8179,4693
4965,46,10254,7764,7988,2807,2622
1277,10956,7645,1750
7360,2286,700,6446
9554,1971
4993,9413
224,1960,6316,4349,3071
5088,4324,4139,1999,3859
1156,3211,3228,1556,1756
7782,3593,1683,1911,11135
11552,4897,8391,8177,4601
7333,3274,6413,6322,9402
10594,12071,1775,7121,11223
11193,8971,10300
11046,10607
6759,2447,3120,10070,1626,10428,1247
10880,6530,1776,11863,2361,8830
10882,2,1809,12593,4024
7601,11090,4275,1844,146,572,5981
6883,771,3530,6666,4754
2032,5881,7323
2907,9420,9453
2110,3502,7503
8923,2124,6694
4225,5076,6214
10529,1850,6812
9336,10197,1935
5152,7258,7895
9536,4051,12061
10755,107,9611,2964,2589
3424,11778,6642,8158,10335
1861,8583,11466,7884,5615
6313,5036,2543,4207,10231
2154,4100,190
10473,1447
1191,8478,8799
1762,1126
3777,8482,8325,1965,2069
6721,2983,8592,1882,4061
7235,11749,6961,10421,4509
6023,10217,3754,6298,12414
1936,9089,618,10205
6566,1836,6509,1230,3349,8730,2749
5681,6569,4825
1650,4931
3904,5893,3084,624,3263
4531,308,4536,573,2493
4130,6038,5175,4698,6203
1953,4034,8528,8570,9499
2722,7074,1155,3298,9233
4812,4878,4914,3095,9214
2180,5204,1982
1732,1511,558,594,1331,596
2008,8594,7491
5760,6319
9962,12300,8783,2486,7160
6682,2394
2809,6899
3160,2427,3416
7047,3913,2822,2841
4212,4428
6369,5806
5256,3042,7261,7535
2073,6402,5709,10430
3404,10989,4518,10879
10513,5289,5708,3385
2913,1858,7719,6702,2352,6420,1879
4963,3052,6673,7094,10748
1984,4874,4948,6583,5145
1888,105,7793,7986,3611
3025,6418,2773,6297,927
7758,6002,8827,5886,2207
5201,6996,5624,5401,6235
7713,5004,6477,3982,5244
6388,6104,3672,8122,3901
3346,8052,1179,7004,6110
7396,6955,7344,6224,1017
4736,6818,7015,7980,7967
5481,5973,6294,7319,4575
2849,5224,7112,7378,7356
6533,5712,5813,5595,6075
8098,6085,391,6124,7677
11439,4340,2932,2104,11899
8737,8328,2121,11284,5110
7040,9316,11533,9618,8376
11202,6196,5750,7385,9980
9440,11945,10225,9724,12670
994,8291,4081,950,9054
6343,6159
3466,2111
3873,4143,2385,242,5241,2714
1947,300,8719,5045,347
609,808,8816,499,794
4138,4111,4276,5178,2843
1829,8621,2195,56,1597
8076,1452,503,5080,316
3747,998,4464,50,3251
1536,2087,1534,3295
10165,9053,2335
4370,4870
5498,2228
1689,7973
8379,1590
9585,8532,11348,11663
4932,5254,2696,1353,5713,7828,4981,1173,5371
3684,4708,4082,4245,2938
4640,930,2250,8559,2904
8085,3318,667,8092,4158
710,4487,2514,883,4542
361,1065,3727,5367,8088
3344,9245,3887
2736,1051
2322,6678,4423
8712,792
9225,5322,4267,6924,954
3074,2260,2326,7129,1371
3648,2048,3621,10120,8531
6918,6891,9364,7031,6843
7104,2272,6511,6330,6332
4902,9063,4814,9296,6422
6379,2159,7163,2109,4862
2161,5449,2097
6648,5081
2968,6371,11190
11579,11515
6863,2262,4215,5049,2586
3712,4966,2698,8491,6615
6690,5998,10096,10872,8895
7915,814,5870,1520,6960,6205,7071
7936,6375,8522,6603,6416,7676,2332
6314,7746,6397
1632,7819,6716
449,103,6425,5596,6431
6344,2570,9124
8226,6887
2692,7979,2349,8145,5789
3430,3206,4682,1835,1867,1582,2225,9235,152
2659,940,1490,3320,4572
1793,1904,9777,2457,8926
1572,1710,2863,847,8282
5064,1787,9435
1586,1807
907,1877,8238
6230,959
4561,267
4060,10317
1436,10308
2497,10278,9096,2765,10906
2211,5516,4589,3419,5053
2093,3619,4869
5408,6991
7684,10186,655,5617,1948
2535,8876,9558,10809,10301
8907,7051,3207
2193,2789,5590
3650,3013,2579,6614,4350
1801,4330,6893,1902,10415
8674,11975,2538,9208,12445
4549,4070,3943,4816,438,6970,2495
800,1769,2994,2872,8028
7856,9604,8093
6186,8103
2560,835,3472,788,1470
2105,9404,1238
981,8823
10360,9221,2596,9637
7690,8920,6327,8440,4253
10851,1635
7593,8259
3180,1057,9491,6795
4259,7932,5781,2606
6920,608,1620
11129,339,5469
158,2642,10787,7886
80,8378,9923,7789
5721,6691,6324,5611
488,3654,5243,3990
4928,2393,6925,6350
4642,5386,8749,10591
1378,3490,2661,4781,10286,2003,409
9984,10325
3290,935
2984,1256
2947,4681,2637,4689,3220
2544,2777,4474,4036
5641,3949,1485,988,4351
4553,971,5550,2542,3772
4131,8452,1989,3174,1272
1261,1713,850,2294,2455
5568,7682,3109,2483,1975
1444,2094,6832,2267,7452
6496,2243,3459,137,7183
2410,7372,2802,2520,8094
1280,4294,7337,1525,985
6060,2380,9006,6552,1722
8704,997,10285,2481,10236
10112,4593,2383
2709,718
3012,3986,5013,5174,1790
9120,4009,2252,4220,2301
6447,11636,5172,1530,6623
4417,1619,2742,2743,5020,2557,1886
163,2694,4872,5296,3282,3101
6337,4585,6839,6093,4974,6514,8053,7735,6808
1987,5573,4303,7057,3731
8774,5994,5171,6517,4537
2763,4398,4304,6009,1052
9582,5807,7030,6204,7229
7266,6667,6357,5112,62
1440,993,7113,6237,6589
6726,5704,5483,1329,5471
5825,582,5900,6099,1591
3489,1796,3976,6137,6556
8417,4831,4502,7419,95
2598,5896,6506,10828,7038
5092,2991,5940,3925,7483
238,4752,6258,3410,6492
8420,4172,10263,1914,2077
8008,5546,4523,3306,5329
4512,6433,5332,5817,1596
1291,5547,2638,1209,1151
6370,1476,8037,4651,3613
1889,5967,6968,6426,7325
5331,4118,2838,10779,542
2085,6374,3365,5726,1759
3366,7367,1672,6989,7162
529,3762,6421
8547,6797
8512,1389,2990,3962,6107
7680,3011,7369,3920,3222
3219,4917,5788,4990,4415
4153,1466,7511
4600,2537
7466,1659,4422,4743
812,4563,1972,1719,4539
6728,1069,4274,4150,7415
4184,3867,7284
4001,8018
6693,1228,8782,9044,7384
1187,3622,8039,493,1359
1252,7175,4041,8822,7034
9348,1077,5583
3480,7148
1199,1366,567,7388,4926
6659,4998,6442,4813,6043
1066,3665,4180,4598,510
5953,8703,7412,7002,1215
8801,8967,688,629,8731
1345,1315,3717,1419,5822
1387,3087,527,5654,7294
8458,6929,5146,11004,93
1190,1614,1392,4146,3931
896,8772,8944,6003,5372
3394,4010,4315,2459,7326
4586,3692,8882,1172,2748
6568,929,4297
4416,1662
7296,9313,7341,9231,9918
9320,8761,4525
1352,5715
6755,4626,3667,3093,5212
10954,5250,1455
3024,10858
11109,6193,8852,6198,4031
3522,4395,4396,4251,4028
3300,3238,9293,5272,1663
3329,2575,3889,2931,9535
4186,1820,5126
10731,5132
4325,3462,2601,4369,3316
6181,3086,7957,12665,6558
1441,8773,7852,11662,3118,9021
3792,2757
1001,2342
1425,1058,2001,2717
481,8871,8972,1551,344
8427,1141,1976,758,3256
9317,3269,8397,5457,3128
5368,11445,11542,3224,3577
3143,3119,8144,2774,2973
3524,9992,10122,11191,3575
3072,11529,11216,11154,11763
9728,10948,6245,741,5575,3162,11179,7085
736,7585,7042,2791,8147,3994
1216,1737,2507,8464,7965
6945,2701,3286,3033,7068
2658,3243,4943,6611,2296
3400,6163,3891,2740,7550
5505,3915,3788,1872,5748
11169,8962,10503,10760,7454
3617,9803,9938,6585,7390
3852,5170,2519,9081,3292
5257,8466,6932,3350,12571
4357,6378,7308,4462,4316
1642,11619
3294,9518
7441,5378,6545,8842,3308,394
3008,2055,8872,3591,3538,375,3327
1254,2153,1100,2445,2623
8384,1992,2411,595,8660
2788,3332,9273,220,5117
8641,10722,11723,10093,10045
3882,619,204,6455
4618,7404,3388
2786,3793,2226,8696,3002,2875,4446
2534,4112,2902,4313,4379
3937,3187,2451,6809,11581
12321,3408,3985,9842,3614
8861,3757,925,4016,4125
3457,10376,10987,9612,9232
6187,6063,2704,3674,1727
5926,5805,271,4408,9437
7727,6677,3510,11450,8251
6274,7627,3088,951,5656,4858,637
4282,6227,4679
4114,8109
8032,774,7706,725,666
802,676,229,9447,5416
8295,3850,724,5749,8154
9573,5478,6508,8445,10398
3842,11490,4776,4042,9205
3520,11809,10543,3828,12120
10754,8970,11979,10703,10230
4337,4434,5261,3150
2720,294,7383
3418,3467,1061
8315,2499
1856,3208,909,4310,860
2464,3968,966,2674,2682
5602,10786,3694,9915,11931
7179,6799,9945,9241,6782
10826,6617,9331,4441,5821
5095,8843,10544,8784,7602
8385,9492,6423,5752,7546
9060,8933,11111,9200,12273
4233,4683,8014,1459,4057,4381
2829,1422,3608,1372,126
7525,3656,4456,4109,2202
7966,1716,8917,4950,3486
4583,2123,7536,979,2518
4004,1797,3504,3837,7230
7724,465,1300,826,731
1890,2060,6351,3764,6138
4089,3556,3959
3720,4027,3790
3273,3458,4013
4002,2888,3830,505,3261
3264,1324,3855,789,3671
3683,3815,1907,3678,3871
3939,3750,3910,3036,1244
3468,3821,2735,8987,3803
3905,8866,3885
2605,3725
3662,3474,2873,3001,2556
933,3315,2197,4022,1212
6439,7755,4976,3035,2173
3232,3590,3319
3326,3471
6497,4007,3785,11722,2643
10990,6930,12211,2772,1014
4632,6210
2780,3133
5616,760,387,1443
1954,5545,8220,539,8124
2148,709,679,2954,2355
128,196,2059,3693,463
8806,8454,501,2490,6303
4065,11108,8463,5649,5939
4098,9703,1197,9011,9527,9368
10072,9170,7933,11575
10402,4610,7107,4141
8828,11603,12028,7989
7427,4723,9557,4934
8608,9131,12638,10455
416,15,656,12561,4280,8221
1204,2685,684,7069
2091,235,11100
10505,942,11631,5464,4345,8986,10206
4945,9041,884,11767,249,7707
4389,12105,9787,4730,4667
5632,2657,419,5831,2505,7641,6236
8486,6473,6962,5115,9598,1567
5318,5127,12017,4850,10522,4413
4516,5284,424,2222,3854,3827,2903
8010,35,2443,318
8152,4121,88,8175
4868,4734
4557,3798
4117,2615,7127
5685,991
8733,555,8676,4612
8307,11556
10993,12163
5929,11174
11609,7925
11346,5963,9356,9926
11442,9541,8038,9095
5480,6483,6132,2970,6651
3914,3055,2098,2905,3834
3589,4711,5453,9681,2396
5537,1093,2418,4855,3004
5482,6543,4241,882,5108
4229,3403,4652,3151,1275
8616,8267,4750,2358,759
1286,1865,1611,6128,3647
1165,5869,374,887,6234
4900,1550,5104,3860,5622
5735,3343,1428,5692,2527
3655,4844,591,8339,3897
5184,5442,2346,4442,5532
2723,1896,5007,6129,4824
3023,5619,9299,3156,825
3496,3514,3391
6595,5695
3585,713,447,9212,1919
522,874,4630,890,3996
1768,9033,2149
3112,2208
2312,5923,2712
3565,3045
5414,2856,4238,10739,6491
8480,2881,2884,2469,3529
99,1700,6888,2408,3884,3159,155,4795
5344,707,841,6200,3737
9650,5620,1497,9146,4317
1733,1334,983,2041,2620
9734,1326,2896,2065,9399
2305,2307,2163,9367,2713
610,8163,1092,8693,3710
1893,7275,8748,7320,9855
2946,8338,4756,5048,8250
5124,4421,4519,5101,5614,3345
4643,6662,2356,4599,478
3241,7013,5582
8156,1245
6082,4906,1231
7281,1298
6528,7041,4649,4458,1684
160,1897,314
9154,4483
5507,1032,3951,6162,2136
3554,6563,2627,5065,2295
4712,4149,4761,5725,7806
6697,8141,4654,4952,5501
5409,5419,460,3376,6295
5504,4910,2162,3477,3638
4005,7560,44,10959,1656
6311,4617,4748,4283,4636
3136,8320,4674,2131,3966
5894,938,5196,5902,7519
5249,2885,115,7709,798
8000,52,4726
3696,867
2439,7697,7346,4947,7223
1158,3016,8113,7218,7254
7328,6308,2213,5651,7315
6434,4744,2378,11893,3612
9472,9828,747,9004,1780
12081,6405,7124,5005
9699,6346,4432,2100,1720
5156,4486,1031,5075,1302
5638,9319,4877,5997,5915
5024,5313,1113,172,4505
8208,8788,3029,7508,5499,7262,6943
10684,4933,9975
6120,7908,5102
3940,6244,1508,8169,7147,534
6185,2205,1502
3669,6510
6696,7599,2042,2175,1791
577,1603,2007,4956,10077
8055,7478,919,1467,1438
1725,1773,10034,6557,862
548,6283,1909,7132,10237
1794,9827,1894,1657,2140
1827,1610,2157,2165,9887
10339,7974,1071,4916,791
2752,772,840,2156,6910
12492,1521,2033,279,9465
6951,468,5109,8885,9912
6113,3715,3047,6126,2737,3415,7195
2721,6437,8938,5295,4564
4032,7392,7626,1292,3131
2667,2671,12528,2448,2835
5120,5191,7795,12308,6588
1263,370,1044,7862,9689,1563,734
10994,7917,1174,6823
5297,8298,7445
1253,6630,4261,6440,1004,7413,4566
428,3609,9049,6169,4127
1962,9308,4017,3995,5884
7492,4199,7144,2957,1821
4107,3149,5337,3386,1885
6247,5965,8304,857,8700
3778,6947,4018,7860,8985
451,8591,1811,7353,3677
4194,2924,4302,3037,9183
3236,7818,269,5422,8447
1839,10597,9766,2551
9800,2306,2324,2108
2460,2450,2036,2023
7467,2492,14,2310
2539,8198
8777,5701
10056,3853,1677
1616,6526,5918
2969,2660
6616,1554
8648,8212,1160,5974
2852,3078,3686,1578,3722,3771,6013
7078,3688,210,1589,8981
6059,8878,9461,6453,10486
2563,2441,7209,5420,1678
2912,5083,4499,6167
6148,3443,1624,7449,156
4365,3285,6071,6142,7583
4393,2030,6387,7574,5308
1539,2738,8024,7001,5051
5698,7812,7945,9422,7804
6600,937,932,5228
6008,5609,5093,8790
4076,3027,4660,5686
8664,8755,6156,6277
4886,3826,10638,4391
480,8698,6900,437,3129,186,1435
1416,8300,5268,1308,1405
7044,6411,1102,3324,1278
6209,1409,8231,47,16
10608,2241,6310
6266,10803
7133,2430
1613,989
8890,8442,6835
352,7745,2793,1450,4686,4080,6289,6268
675,4102,1294,5559,7067
7823,1107,4083,9109,7801
6917,871,111,7992,1855
6840,6561,7055
4808,5621
1313,6948,4491,10704,5877
3685,1003,4567,4988,9181
9127,777,273,3446,7582
7619,3239,7911,3953,3965
11554,7907,8170,11244,5935
8256,2501,2471,6999,3287
4306,506,11263
9600,6540,8525
2323,1468,5710
5396,12231
4905,2164
11003,1512,3007,3098,5147,5343
