5124,6153,2575,6682,4645,553,3626,4653,2096,1594,2622,1090,4686,2644,8287,1635,3173,613,7274,4204,3185,5241,2685,1663,2689,4228,3206,2186,2188,2717,2724,2225,1720,703,2244,1221,1227,1743,2768,6869,6362,7394,1253,2807,6402,8979,8471,3863,2336,808,5432,3899,5450,3416,2405,877,3443,4474,3453,9088,4485,2441,912,3994,922,924,424,1450,4527,1973,951,1478,454,457,3018,2509,2001,3025,7634,4058,4067,2544,4600
2051,4995,9996,2961,1042,5652,661,3606,537,8986,5403,2331,2848,3234,1955,7458,1320,682,3884,3756,5294,6062,178,8371,4405,4795,3517,1984,6210,2498,7109,4935,5321,1104,4566,1372,352,5728,482,2019,4195,3430,4711,2282,1259,3442,2805,6133,1022,3967
509,4619,3211,1295,143,1302,1562,155,3228,4895,5541,1960,4776,7338,4139,2604,3757,2861,2808,3248,3635,1204,1588,1718,3127,5433,5570,66,6471,4424,7757,1747,2903,2777,3033,2394,217,3806,5983,3807,3581,354,2537,3307,3570,9715,3700,3699,4728,3325
7554,3202,6928,6673,3601,4501,277,152,5785,5656,10779,5281,2977,8355,5284,8228,2679,4137,6826,1964,943,183,1466,324,4932,4679,3914,1620,1493,7381,4190,3551,608,224,4578,8440,6244,997,6888,233,1899,235,3572,6900,4855,760,4858,2427,5884,4986
2947,4486,1031,2696,3849,6666,4875,141,4365,781,4496,3345,5522,3220,5016,2073,3611,2342,7080,5804,7986,4276,4663,3259,6465,3266,2756,2245,7494,1353,4682,1867,4428,1993,3663,4432,2771,4440,2392,481,105,3305,3052,3949,6899,6389,2809,6523,1660,4607
7298,3460,6024,1294,1297,20,1044,6166,2970,3873,1058,6051,7204,5416,4393,1835,684,1582,1457,5302,3895,4153,3135,2753,1093,3913,7115,2763,716,719,3792,82,8405,4822,2390,4312,215,8282,2518,7767,2400,7393,9447,2793,7019,3822,4212,1014,8190,3071
5889,9987,4102,5641,9489,3730,6932,1173,5780,4633,1821,2846,5023,2467,8356,4518,2088,2733,2352,7475,2356,1461,2100,1597,3134,5063,2760,73,3403,2508,2261,5206,5463,2138,1245,738,6754,612,2919,5480,1257,1001,8940,2414,4080,369,8056,1659,4093,3966
3841,3073,3331,7174,263,2311,2953,6282,2706,6163,3475,534,6557,543,7974,4135,9001,8750,4913,5557,437,8504,2232,186,2499,4931,2558,1230,976,3412,1621,8404,4056,5210,4706,9827,483,1508,1894,6761,4713,4337,8564,6263,3321,8698,7675,4348,4222,1791
512,3200,644,645,903,7047,3593,3725,1553,6417,279,2841,4380,8611,39,6568,4013,2222,7733,1976,5562,3131,8255,192,4928,9282,7671,964,1606,2632,4553,7627,6219,5453,4940,9681,5329,8152,4697,1756,4189,5344,6630,5483,1132,367,6514,6387,1015,6267
6657,2562,7044,265,3595,3980,4878,2578,5012,4378,4123,668,5277,7706,292,676,2212,1071,3631,5681,7599,7221,5818,3776,6080,3904,4929,3912,1610,8780,1101,1361,5847,5591,6232,4698,3418,10077,1502,9695,2014,2397,2147,5606,7654,4838,9323,5229,1657,3963
6276,4493,5518,3726,9235,2200,3227,5531,289,5537,4643,3233,2081,6438,1319,7847,3370,1324,8238,2354,5555,5045,1719,4665,699,3515,318,577,1989,842,4043,4812,5582,7118,6610,6867,9044,595,342,2900,6104,7126,1876,1377,5985,10339,7523,746,1771,5365
2817,2691,1156,9348,3084,3470,3215,6420,1686,3607,4760,6042,3995,1308,8736,8865,7074,3745,164,1061,9123,3107,7968,160,4138,1196,812,1201,1843,4026,1467,5823,2113,3273,3796,6998,3414,3802,2396,988,375,6369,6626,1767,1896,7913,1773,3055,759,2175
1539,5893,4874,6555,7068,35,1700,3622,5544,1834,1451,2863,2098,8244,7609,9402,9660,5312,3906,6723,5060,4036,3404,3661,6478,2941,468,469,8021,5077,88,2139,4956,7549,3166,4319,2659,1252,6628,3174,5604,3434,2922,3691,8946,7155,242,886,2680,1917
2176,3201,1794,516,3589,1416,525,4622,398,6289,8339,4883,7961,8220,5664,1313,3885,4143,4281,2620,2878,7619,2628,3141,7290,3015,4808,4681,2507,3020,1490,4948,3030,2905,9049,5721,3678,2149,2152,489,2408,4219,1004,8300,2671,5877,2933,3320,3834,1275
5637,5254,5513,3852,2959,1811,5268,5787,4640,4519,809,1535,2477,4016,10033,7217,2867,6967,4792,3064,58,7355,3390,2112,4422,4302,5201,3665,4433,2260,980,4310,7770,2780,7391,3552,8801,3813,615,4073,2409,6377,4462,7535,4467,2934,5238,3576,1273,6655
1793,2690,3458,2184,1165,2701,8977,6418,8723,6038,3609,1945,6169,7073,8871,1066,6572,3630,3509,3254,6840,8249,6848,8257,7416,4297,4041,8269,6606,2510,4691,2904,8920,3034,4445,6365,2912,2915,2158,2670,6128,6256,1650,5363,1907,6768,3830,1272,4347,381
6913,1409,3459,4231,8840,6411,2060,1421,269,7055,1037,1163,6674,7956,791,413,5919,6562,6948,7718,1704,6955,430,2353,2738,5299,2483,7089,7218,827,6209,5058,8391,2888,3400,586,5714,8660,6357,5718,4567,5078,4057,9308,2787,5869,8816,1524,1140,894
1665,1412,2822,6412,6032,4497,3217,3992,4632,539,8222,5668,4261,1574,7334,3241,1962,5545,4274,4146,3382,314,1212,6590,6975,9154,6217,2637,8150,3798,344,4952,854,2652,4317,478,480,3683,2920,5352,7789,2542,1904,3314,4598,9465,2682,2171,2556,5503
3468,8718,527,16,2197,2459,6302,7326,5022,548,1959,4263,6569,7466,8616,9006,5806,9777,567,5559,2873,1722,1855,959,2881,2115,6342,840,1737,718,6353,7250,3286,598,4442,2526,6496,9441,6624,3939,2784,4709,3690,5482,3565,6382,5231,5490,7412,7415
5633,4235,3982,1934,5244,6161,3860,405,7191,6552,6297,9367,7319,1181,2207,3232,5279,930,927,9506,2976,3750,8615,6440,6057,6827,7468,1334,7352,3901,7492,3910,2890,843,2385,6354,5338,6235,8156,6874,7396,744,5481,1129,6388,4981,374,3451,3836,1277
6400,4483,1668,3720,137,1032,2191,3855,5395,9109,7066,3109,679,3242,2605,4654,6702,4909,817,9780,7094,6524,5178,7034,7230,7490,6213,4680,2380,4943,3668,1109,4184,5337,474,10202,3676,6878,5090,1897,8812,8304,2802,7924,6645,8439,7032,2042,3708,5886
130,4357,648,10120,10376,4111,8719,9750,3357,3998,7712,802,5924,2215,3112,4649,2347,4652,5933,7981,47,1453,1709,2735,2484,4670,3262,1094,70,1738,971,4557,3151,847,6995,4307,4055,4955,7013,3685,8039,7273,3181,7664,3315,4083,2165,7801,1405,8703
7682,387,3970,7302,1671,3977,4236,8588,5116,1428,3861,3480,3867,4002,2857,428,300,6452,5172,3004,447,4416,194,7747,3140,8005,9417,1866,1611,589,592,8018,3156,4824,7002,2651,6620,5852,1888,2913,4832,5219,7529,874,1516,6002,10226,2296,8827,2428
3979,5004,2443,2065,1943,7962,3871,4127,929,2722,3875,6563,6691,2466,3360,7337,7344,5041,5938,8632,2752,3522,2627,5065,1741,6094,5583,8272,4563,339,985,862,9055,2146,4708,7783,3176,3432,1002,4459,6636,7281,4980,2676,2295,8824,5367,10237,638,2943
6533,7814,266,6284,3477,5526,4245,7958,5145,2464,4130,2082,1572,6693,3243,940,4914,3638,3768,7225,6331,6847,5569,6728,584,6986,4427,1485,1615,3666,6611,1107,2643,982,1495,1498,3036,609,4072,377,5354,2410,4844,3309,3951,4729,6003,2294,1017,9852
5510,391,5256,4114,2457,8477,5923,675,5669,2851,5289,170,1707,6582,7095,2104,3385,4409,1084,7615,5953,4805,8902,839,2120,3655,6347,1228,8781,6479,3926,6230,7384,7257,1113,9435,10328,5599,3042,8551,9577,10989,111,625,882,2418,6391,3704,8187,10879
8576,1800,4746,4491,7308,4242,4884,4121,27,7070,6561,7076,166,2860,4018,3891,7992,5307,700,3263,5568,7878,8268,8529,850,725,2773,4315,4316,3933,97,2658,1507,2148,229,4449,9697,4712,3046,8810,7276,1774,2159,4469,758,1911,1656,8822,7548,6399
1921,6658,1795,5007,6288,789,3350,794,4255,7971,6819,7461,3492,3239,7465,6060,4396,2094,2482,3251,2355,6195,5298,306,2300,3514,6842,1603,3012,2636,3149,2895,5456,2513,2007,6359,4951,348,6110,6112,8800,7397,357,6247,4199,4588,1654,1402,5243,4988
8704,6529,6401,4740,1797,3592,6157,9999,3344,8591,658,1298,3221,2455,4768,9122,5026,2469,2214,3624,4906,9650,569,1852,3261,5822,4926,7104,3264,1217,963,453,2252,2253,724,2136,7897,7515,2140,3041,2916,3429,3047,1261,4592,2033,2674,2035,8694,2684
0,3585,7041,5640,2954,5389,910,5135,2962,1684,5910,2712,8985,7067,9887,6303,1827,934,7592,1705,3376,6323,8633,1723,4539,3646,8776,5577,7883,6350,2383,1231,2514,1366,7388,4958,6367,1768,9320,6378,5739,2286,251,883,2548,629,3446,9466,5371,3324
3840,6662,1674,3339,273,9238,7582,7967,5665,8231,1064,5419,7214,3374,688,7729,10034,4278,5687,1975,8889,3770,1211,3386,4797,2619,831,8124,1347,8388,3909,5193,1482,9291,7502,4436,341,3929,7267,998,7144,4587,109,9070,4335,4082,6516,117,3706,9470
5250,4356,6663,522,4107,5514,1807,4759,8344,7320,3737,7581,7972,551,5799,1065,1199,5553,7356,6077,196,6724,1733,4169,6345,8267,9549,6990,6224,3923,2772,3672,1497,602,1370,4444,733,9310,3167,6882,3556,996,4454,7911,3048,4458,7148,8942,1141,893
6528,6277,6409,6669,3471,3087,6294,4887,1179,667,4638,671,2208,5682,2611,4789,2358,4666,7740,5952,4675,2502,6598,7112,713,1225,460,1740,1102,5969,7251,1879,8924,8540,4318,4191,4962,610,8419,9319,1003,2668,3693,5619,3061,5622,887,5621,6140,637
3205,7052,7438,5654,284,7841,5156,4005,4900,6309,427,6571,10285,1454,8752,6577,1332,821,7988,3000,3001,825,6075,8761,2749,1725,3772,1220,1234,5715,4180,7378,5080,1118,9183,5990,7806,1387,6124,1772,110,5104,2161,7793,1011,2419,8185,5372,3838,2559
7169,1543,4617,6414,7183,6803,1556,1685,4886,5013,9108,2068,4635,3997,673,1444,1446,7849,8364,6836,1207,3640,2748,3645,6592,961,4802,2884,8772,198,708,8782,7886,1617,4311,8795,7645,6238,5342,8032,8293,493,7534,5871,9840,4464,5614,2029,8825,890
896,2305,7432,4748,4750,3727,1808,784,2835,1687,8088,8346,3747,1957,5542,1575,6573,2481,5175,6199,4283,2364,5696,5184,3778,322,4292,1092,3654,6470,4423,9032,8010,1995,1352,7625,6222,4300,2519,8284,10206,8545,3554,1893,8425,5610,2672,4985,2301,766
5248,2946,5507,9734,8967,524,2957,3854,1683,6678,2071,1816,4761,8984,8731,5405,1950,4903,5160,10156,6446,3887,2736,4017,4399,947,1713,565,2101,8503,8239,3136,5824,5958,977,6996,3547,475,5725,1758,1120,737,3298,4835,3815,7657,501,3318,6262,2942
6916,1541,7175,2312,4734,6924,7821,3343,3473,7063,3231,7327,4131,3371,44,3247,6193,1077,3641,8250,5563,6203,3897,9542,6599,5064,1868,3667,5844,340,4571,5980,3037,2911,2401,2273,9701,4714,4972,2157,6510,8944,7284,5748,1525,3195,6652,7677,9214,9727
8961,5638,4364,2189,6286,4877,401,5915,6301,8349,1787,8737,2849,2979,1187,10107,3879,5673,4650,6825,8492,2473,1710,5813,11319,10430,7877,6085,3269,2121,5457,6228,1877,5973,7639,6233,9564,4572,8926,2015,9317,3177,5105,3954,498,1395,4595,10105,11899,10236
4868,772,8071,3336,5385,907,2187,660,6164,662,4630,4251,3236,10148,7206,4010,7469,6832,8882,3124,6456,4028,2109,3005,7360,5827,4294,9543,5708,2896,2259,3284,4308,9172,7896,4185,3417,2143,4704,10848,99,356,1892,4584,2924,1134,754,2420,7029,510
3968,1157,774,1799,7560,1419,3983,1296,5520,4629,5627,7321,9120,6945,5409,9003,4267,1711,5554,8370,5044,1078,6584,953,954,187,2491,6461,2365,3391,6082,5442,1091,2381,5327,464,10324,8791,4954,5212,1629,2527,8675,7398,5735,1258,3955,5749,2938,6779
10112,5128,6027,10257,6295,7452,5021,6947,6311,1580,5549,4910,7983,5809,1972,9013,54,9400,5313,4164,1735,7881,2126,5198,1614,7758,3450,7764,8535,5335,2520,3803,1628,3293,7901,5601,5857,7141,1386,365,8685,8815,1392,4209,2162,6776,1530,5501,1790,7935
4736,6272,777,7818,2569,5521,8337,8596,2714,7836,9245,1571,2723,1829,7340,1452,5932,50,3893,7353,6722,6468,3271,9033,3785,5323,1355,5965,463,5712,6486,3931,3677,6749,1885,7518,4194,503,2020,4326,871,8040,1518,5747,499,4979,7797,1655,892,1919
128,5122,8069,1286,9212,5905,3346,1172,3862,4120,3996,5532,7838,1696,4644,7077,5414,3367,4009,2346,1662,2487,3767,7610,707,6597,3529,7501,3662,1358,1359,3918,7373,3671,1496,2781,7649,6755,3045,3175,5098,2285,4590,4220,6513,1777,500,2170,8700,3326
1280,5257,2059,511,8465,8852,792,6936,154,1051,1954,1443,6307,8996,9127,8360,3113,3883,8621,1069,5169,5683,4532,6583,2490,7739,3387,1083,4674,6467,2243,5703,1742,5071,10959,5586,857,5594,1501,4957,4575,7779,5988,9196,8049,9460,4857,1274,7294,3839
4867,5764,8319,3212,9359,8338,151,4505,4636,8097,1315,4515,677,425,6697,5162,8877,5422,2299,1586,5170,9908,2740,8375,6585,1339,4542,1729,1345,5057,3915,7372,1872,5595,2267,7390,6366,2398,6623,4450,5093,4586,1644,8175,2037,5751,1403,4732,7550,8447
10114,1925,6921,11019,8076,8463,10642,2195,11284,5529,6299,2204,10653,8092,933,1958,2219,1326,9649,5939,5430,2870,8376,12471,7226,4547,1219,10821,1608,3147,3148,8652,2257,9299,84,2133,6100,2391,9690,3680,6497,11874,1505,7269,2156,10223,11383,5880,6393,4351
5504,2692,2438,4108,5645,6158,5264,4753,9618,3474,7314,5777,2198,666,8351,8479,7843,1190,7975,2856,5931,6829,4525,2607,7470,7860,56,5177,3516,2114,6979,709,1481,336,6608,1106,10193,3675,9058,5477,8806,7015,5355,5997,4334,6129,6769,3319,1912,1401
5505,9603,2052,3590,5387,9485,9619,2713,8480,6818,4522,2858,8748,7980,7084,1455,304,4149,4022,6200,1464,7227,5692,8893,7872,3905,1602,3394,710,841,5709,591,2131,983,4188,6753,4961,8163,865,10342,6376,7914,6130,2163,5620,8693,7283,5624,2041,1278
1025,9858,10116,2057,6028,9357,6925,3984,2320,6930,275,12310,3990,9755,9627,10015,11040,6436,9639,11307,9773,8493,4272,9396,2869,9781,7222,3256,4031,3779,8004,968,6220,3788,6862,7506,8917,2393,9819,9181,8544,5991,10730,3821,2291,5493,8182,630,9085,6143
7040,6915,8454,5767,9228,2958,10513,4881,2710,8603,1185,9890,8740,4004,2854,2343,7082,5163,9002,6326,3128,1210,5434,7996,6333,7357,11202,11205,71,10569,8397,8398,7375,9298,5079,9816,7385,4064,4065,8804,4201,2921,8427,10220,8044,4463,5616,9338,8059,6911
8320,7810,12670,2307,3337,7947,4238,1550,3986,8083,9114,9724,5883,8225,2338,11810,9980,8106,4395,6447,4015,7087,8122,2238,8896,3521,5447,5451,461,3280,5842,6738,8916,2388,9052,5214,9440,8416,10596,5224,7400,12284,10739,8180,7670,2939,252,3709,3710,9855
1666,4742,2567,11144,9225,5258,7948,11533,3341,7823,3216,7313,5136,7700,11796,6806,7959,9341,6427,5025,8229,12456,2350,5424,3122,11959,316,10941,2366,1215,6086,9039,8399,4692,10966,5975,347,611,11108,5605,6502,9064,6508,10990,3953,10225,4597,7803,2172,3965
897,12168,10507,11919,7568,7825,11537,6548,10138,9248,5539,9638,5800,2985,2480,11448,9529,12089,3769,7613,5182,6591,9278,5185,8514,10557,4678,5190,9546,9419,5069,851,9301,7512,12378,9947,10207,7264,2528,4452,6248,9832,6762,4973,9326,7282,12146,12276,2034,5246
4097,12165,7815,4360,135,8199,5772,9615,2329,8860,9629,2462,11432,11945,10030,12079,1968,10930,2617,11584,11077,7621,10823,10444,7505,12754,12633,11610,2268,7900,11102,11103,12125,6499,2404,10083,9702,7912,2025,9706,11246,7024,7153,7410,7539,10738,9586,8697,7164,11901
8450,12803,11651,12422,4756,11669,1814,12449,9763,10915,12712,11817,9648,12467,7987,12597,9012,12727,5048,7993,10042,10808,8636,5054,960,12481,8262,11594,8271,9168,8912,11089,10194,12372,10838,9820,11997,3555,12515,12263,11369,7786,7275,12270,1521,10483,8692,3957,11126,11895
9600,5761,641,4864,2,6405,10374,3845,1927,5894,3847,1804,7693,5902,5138,3731,6685,11038,1567,4128,1953,9598,419,4517,1193,6828,7597,2221,3249,1841,3380,7605,4536,8764,2302,7614,6907,1473,4034,7748,2885,8138,75,5068,8525,8528,6609,7890,1235,6997,10198,2524,10975,3296,4322,2276,7401,3947,2669,8429,5615,4720,753,3950,4853,8570,3067,3582
11777,4353,10883,8196,5381,10502,12170,11915,7946,653,9102,7309,10384,2700,10258,12053,2453,10391,3095,9370,8090,9756,8347,4008,1789,9854,9644,12078,6575,7728,432,10675,12084,8373,9398,9019,10435,10181,2630,9801,4941,11343,11472,7888,7893,10967,10840,11263,10593,9954,1633,10980,6373,9959,1128,7403,7788,11756,10603,3564,8560,237,11123,4341,4856,11005,10366,5631
4866,4100,6150,6155,6031,1680,1682,4118,6937,800,5920,37,4520,6327,2105,5179,3771,6469,2757,4434,1492,5588,7129,2011,7904,8548,741,5353,6121,1642,2673,884,123
1549,4370,2838,2326,3865,1689,7069,4637,542,1573,294,5670,2216,7212,1331,2874,2876,1470,2495,11080,6600,4816,5840,1491,6102,346,4349,2799,6132,8441,7037,2046
5251,3207,6280,1289,1039,18,2323,2837,3094,7835,6044,4510,5795,2852,3366,2218,5034,2348,3499,5037,2044,3647,7743,6849,8771,2940,2376,8522,1360,5713,5202,3196,2004,4565,726,6485,3932,8669,2141,3170,1254,1511,621,1908,5108,5878,2164,6008,7162,6268,5245
4480,7813,3472,7057,1554,5655,3352,2969,25,9498,1436,3999,2085,1447,3625,2091,4528,3633,7088,2099,6074,4923,6716,2877,3777,1096,3401,6607,1616,1488,848,852,2901,2521,6364,349,1759,1376,7519,1762,1503,1632,8799,1126,1640,3180,4465,4978,1400,2811,6526
4992,8705,385,4,1028,2054,775,3079,5770,6540,1933,7056,2577,4375,3608,1946,4897,9508,932,7973,1956,8872,4145,3762,3764,1589,9273,5306,7746,1987,1100,4174,6227,596,218,6493,9566,4321,10597,6119,5865,362,9966,1647,3568,8818,6771,885,8310,5111,6397
8452,2053,2823,785,2193,5010,1171,1300,3098,2973,2206,1057,8482,6180,4012,8878,5423,7215,2994,3379,4411,2108,3644,9790,8512,4161,2882,3656,7113,6344,1992,8653,4687,594,1618,3027,2906,8028,4320,8672,7010,4324,3431,9960,1769,3559,5101,7280,5494,11003,7167
1792,6281,909,2702,5261,4109,2829,919,2199,6425,8730,7071,2720,8226,3244,560,4660,823,5819,5950,1856,1985,449,1863,458,210,6612,3028,2646,8790,6616,6488,2395,860,6236,5854,8547,2789,103,1389,5870,4847,624,4601,4210,5488,1520,1397,1527,4473,5119
1536,8325,8,7436,5260,2190,4749,6416,2448,2579,9364,3099,2460,5147,3106,5027,3749,7594,2987,3500,7213,2730,6192,9264,4786,4529,8755,4277,438,8121,3900,2886,12363,4171,7885,6351,8911,6866,4821,7383,5726,3168,870,1639,3943,2667,3820,7666,2549,8312,1018
9604,1164,9997,2574,4752,1425,786,916,2324,7828,8085,1947,8987,6431,2853,7719,4905,2474,3116,7856,10416,3508,6453,5686,185,3642,9276,8637,7745,962,3651,5316,1605,4937,1997,3534,2127,2005,2006,7898,1244,2023,872,5608,496,7408,9204,4725,2036,505,6013
2306,1284,132,2310,7687,1160,4490,3722,9233,11154,7445,1174,6808,1690,415,287,6308,3365,6823,1965,4659,4915,7862,11191,955,2492,10939,6843,835,3013,1990,7367,3019,4303,11216,7640,8025,220,7007,5088,4703,1121,5094,6374,4840,7785,3053,7917,370,8050,7674
7936,4229,4861,8074,6156,10636,6543,7315,6421,2582,8601,3866,540,2334,4383,417,5666,6946,5288,10921,1328,2996,1846,1974,697,8634,5437,6463,3650,9027,966,2382,6480,9302,8151,8664,3452,2399,9188,4196,3686,6887,3688,2539,4332,4976,1523,11763,248,9468,2173
4739,6659,6918,9994,5003,9870,4862,8594,5651,2709,4503,795,2332,5789,3483,6559,1312,2975,1309,9379,7078,1703,5543,6439,1578,2603,2983,2741,6201,2107,64,8899,4549,8777,1996,4044,3664,6107,3035,4062,7906,3300,7142,5228,6253,9582,6511,4593,5746,5112,1534
1408,3072,3074,3717,3208,1929,1673,1803,9484,5396,5525,6422,665,8094,6175,6048,6690,4770,550,4391,9128,4646,8105,558,4144,6448,4150,6332,6845,1086,1858,5314,4421,5449,3150,338,6615,4827,351,4599,2918,2407,614,5993,5609,6891,1898,5998,3826,8699,4091
2560,7297,8580,6789,7045,2182,2950,396,8845,11662,788,1559,5657,10906,8732,9501,3102,6816,5667,6949,8103,4136,6186,5297,434,2097,2872,6970,9404,7486,4930,6595,7163,7369,8145,6231,11224,8409,1242,8033,8294,5478,4070,4330,5613,10221,8047,2545,6257,9590,891
3078,1672,1417,3850,4363,5879,9611,4237,10637,529,2072,1150,11419,5788,8989,5662,4890,3872,3618,1445,10409,556,4530,11187,4917,12598,2488,7485,4414,6087,76,9296,3161,6494,9184,6371,5476,3814,616,10601,3050,3051,3573,3958,7031,6136,3065,3962,757,6525,4990
2048,1538,6147,6786,9862,1544,2697,10,6667,2446,2450,1812,149,3478,6039,5401,7963,9116,3742,7713,8866,3496,6442,2859,7979,686,11445,8760,4793,5055,2496,6721,5695,8640,3007,9036,5197,973,6095,5075,9811,7899,5087,4063,5343,7776,3426,10605,7150,3440,1526
769,3842,11529,7819,1677,4241,12561,403,10260,1048,2972,796,8093,7710,12445,12068,2090,7724,8236,5168,3504,2608,1459,6581,1592,2361,2624,2242,8259,9802,2123,9803,4429,206,7379,5203,5081,8154,731,6234,10714,12128,1890,7525,3695,5106,8820,8052,2554,6909,126
2179,2566,5639,902,905,12426,6030,9998,6159,11411,407,12440,1305,5658,2587,4763,11420,2974,9628,9632,2968,6445,11702,6711,3896,4794,701,5565,6719,704,11200,6977,11972,8013,4814,5581,6865,2262,8539,2655,10335,5738,4076,7405,9967,1648,7669,6648,2425,9082,8445
10115,8582,2183,8583,2698,5644,3981,10125,915,5907,11157,6675,4888,2586,11547,10398,11294,10270,10412,10158,9262,2992,1198,6451,5814,11192,2489,5049,8509,3010,1731,3524,10567,11722,9931,8778,3405,6863,5462,8406,7517,11101,9573,6122,10994,6642,9205,2550,5623,1531,8572
3712,1027,646,4232,7051,4880,8598,5911,7193,1306,6172,3104,4896,3362,9249,5796,11942,3494,6824,939,8491,6961,4275,5812,4538,7228,1599,8895,4677,10311,9300,7509,6614,1494,3797,5981,1504,9953,11490,10722,2533,4071,236,10093,622,1779,5239,2168,2045,2174,2047
7680,9473,1029,7,7053,2321,9748,12180,11925,6681,4124,8221,1951,7456,10658,291,11298,7079,2731,5937,9266,7601,1844,4406,2486,4280,9530,10814,191,3520,8643,1861,7238,12508,3423,8034,227,11364,5475,9700,5863,9448,10217,8042,491,3563,1262,8054,10872,11387,12414
7942,4871,10631,7817,9606,1146,10638,8207,11536,10001,6933,10262,7575,11927,6296,11933,10362,6313,8235,6444,9390,10673,10290,7604,10295,5304,1465,9280,12098,1730,8900,8519,7368,2889,2813,11468,5199,1871,11090,11731,9556,5849,6879,4066,12908,7151,3701,10871,12666,9463,10877
8322,6407,647,12553,9358,12814,11408,145,11155,10903,7065,2588,3615,6176,11171,9383,11176,10280,2472,7467,10417,9138,9654,4662,4407,8759,834,9028,11335,11849,8650,5200,9937,8530,9683,4437,7130,1757,11746,484,12007,2663,6889,11372,4205,11118,10096,245,247,7930,4991
12934,12935,9868,12815,9976,12562,5394,5269,8342,12822,6298,10652,11809,11173,3754,9260,10414,2478,12591,11194,11964,4415,10689,3396,9796,12870,2503,9289,5066,11595,12752,3152,10835,12120,8666,990,12382,12386,11747,6501,12517,3310,11503,3697,7922,12913,4470,1528,3322,635,6396
4101,11657,779,12300,8975,10389,5784,7711,10784,2337,11045,5030,8361,5677,10801,12211,7476,10427,6459,11451,5186,10564,12229,12485,5701,12740,11465,12362,12234,9544,5317,11599,11479,5208,863,6116,8805,8166,9831,12649,6250,10475,4717,1905,6259,10740,3828,12534,4216,12921,6270
7559,4488,10505,7691,6797,3469,6671,12177,3219,3222,7318,6040,2715,12320,10916,8102,8489,3372,3373,2990,10543,10291,10173,12480,9795,7366,5446,11209,5705,11338,3920,5331,7765,8153,11100,6625,12769,2021,2024,4200,1515,7663,6512,9201,8434,6772,7028,10742,10230,3448,12541
10754,11909,11782,2570,8970,7435,11789,11153,12692,12182,9117,3361,7586,9765,12710,12198,4265,10028,2349,10159,10420,9525,9911,12730,3137,8001,12228,11461,12615,11977,12619,1869,10703,11857,8019,1364,9430,7255,12250,10203,12384,10215,10473,12266,12141,12015,8303,3571,10996,3190,12150
8963,10758,8457,6668,12045,1681,9876,4248,8473,1307,3358,1825,3363,5029,2599,10671,7216,3125,12470,11835,9538,9283,2500,6981,5959,11464,11979,7927,2517,471,11095,5465,9050,9180,10974,9061,10854,6632,3816,11242,10092,5612,11502,12399,5232,11761,9973,3703,11513,1149,2815
12417,10882,12554,12685,11022,8721,7186,11795,11416,11545,12570,11036,12327,12587,12207,12208,12335,10672,5174,11958,11062,11705,10554,1847,4156,2233,10550,10943,8763,12354,6338,10699,2764,11347,11737,8159,4966,11496,12013,12793,11888,1136,9073,10227,11636,11890,10616,12153,11130,6012,12543
12416,8065,11911,9353,5642,10382,1809,12819,7317,10908,7842,11683,10788,8997,3878,12322,42,10027,12459,12717,5167,12593,12209,10932,9143,4024,7098,3773,11967,8769,11073,12099,11460,11587,11713,12490,12494,11221,11353,6876,10463,11234,12389,8550,11881,12265,10985,9969,8566,11510,12157
8448,5249,1158,4744,9226,7690,5774,8335,10641,146,1427,6419,8981,9850,2967,10390,914,10396,3487,2083,5285,1448,938,3882,1068,1197,5807,5171,52,435,3766,7735,6839,1721,4282,5949,7229,3265,7874,7873,1732,5573,8774,204,4304,6864,1233,4830,867,4585,4974,115,8053,7030,6009,1786,9083,4350,2431
643,1796,1414,2439,5000,12,11279,9491,1433,5019,1052,3613,7325,7709,2213,9510,1916,6574,2864,1329,8113,1073,948,9526,7223,440,4537,7483,1596,7484,62,1604,3016,4172,6605,3537,3154,3411,4947,6742,7254,6492,5471,95,1889,6370,7266,2281,2026,3437,3696,10612,6517,631,10360,380,5629,7038,1151
8195,1542,5896,1162,1291,5900,3599,4502,1303,3612,2077,1440,8993,6433,3489,4512,5794,2598,5546,4523,5547,4651,3886,4398,2991,561,690,5043,8500,5940,562,1591,6968,6204,6589,5825,1476,68,582,8008,5704,2378,10828,4050,3410,3925,8279,4831,5729,8417,101,3306,5994,6258,1651,6137,1914,7419,7166
256,1026,8455,7177,3213,5139,10263,12698,12059,6426,7328,9761,6434,10791,2728,9768,3495,8745,6701,4911,4912,11313,944,5556,1081,1209,1980,4544,4162,12355,3267,6726,4042,7116,8396,2638,5967,7504,5843,5332,10458,11483,3164,3930,8289,3553,8037,6885,9446,8297,10346,5100,12533,11893,6392,7289,634,9595,4989
3586,8066,9988,6795,14,8848,5649,3349,5141,11542,1817,4252,4253,8478,4126,3621,6566,8614,7209,10283,1836,8109,5550,1839,6960,6833,3119,4531,3129,3130,4158,8383,3648,8000,4290,830,452,9669,7245,1999,11601,4689,3158,2775,4439,87,7774,222,5855,10462,734,4451,2788,7784,8298,2154,2413,6509,1263,8314,383
3969,2563,9732,3077,3975,2826,2955,8842,394,2960,2704,2451,5653,8982,22,5914,411,7707,4893,6430,1055,1701,172,814,6063,5935,6835,10803,8890,3523,10308,5061,4933,6858,459,970,1613,8014,6736,8788,6999,600,3674,1883,92,1248,3937,2914,9828,7908,2534,8684,4716,623,10608,2292,1780,9975,6011,2430
4999,3976,11146,6026,1423,3985,3989,5909,4634,5790,6943,10021,8357,4134,1832,9641,5290,5934,3763,1716,8245,6071,7481,9146,4668,4029,1598,5567,3008,4420,6089,2891,1356,5324,5326,3408,6993,1875,10070,2902,9304,3295,3557,1127,8296,9449,4456,749,6127,9841,4982,7288,5885,8830
7426,6278,10761,5390,399,3214,11921,11027,3732,1941,8343,5912,12192,11168,8484,10535,9774,6064,7473,11824,9395,7347,11450,571,326,9031,10953,8266,10571,9547,4176,4087,4820,7637,1622,10456,9437,10847,9696,4192,3835,9187,9062,7526,9321,10090,2925,1008,5489,9458,8691,3186,10487,6139
9090,4611,12035,3588,10633,7306,4873,7054,5397,4379,10526,12191,10792,1581,8496,8880,4658,6777,1458,6578,10038,8758,6707,6963,6586,4413,10174,829,7103,6853,10053,8134,3272,7496,10826,8135,4568,10970,9307,476,9193,5227,11631,12017,2929,4339,3313,9845,4850,8951,8184,11129,3837,6783
7808,4865,8709,7558,5512,2185,3721,7944,650,9494,7702,10776,8218,6686,12448,545,7969,11299,11044,422,11693,6317,7857,6450,9139,436,9268,7606,10296,9784,8511,8386,11720,11214,11732,9174,12375,1112,8668,3681,8418,5220,9829,10214,5866,5867,12012,7531,11115,9842,5362,10354,7157,10878
9729,11907,11396,7428,12679,10504,520,11788,5648,4625,10128,9747,10909,4382,8223,9889,12194,12452,9892,9255,9897,11820,4142,8879,8112,12338,10548,10677,10294,9271,4023,9142,9914,3898,11581,1983,10945,578,9928,7756,8785,8915,11232,8678,10089,11114,12650,10861,10735,8431,12403,3189,3707,11132
10496,11393,11137,8836,12671,9736,12680,11916,11918,1939,10011,8476,6814,9759,12832,3874,9762,10405,12069,7595,4790,11063,7863,9786,12349,10432,12482,6084,8646,11463,6601,9553,10451,3157,10839,4953,11871,11105,12770,12771,3682,11519,11494,4710,10724,4198,7016,8688,9713,11125,12790,6519,10618,8831
8838,6408,1801,6923,908,3600,9106,6802,659,3734,4506,1563,6942,2590,7966,9124,10020,4902,7593,174,2226,6962,308,3765,1590,5046,6713,6330,1340,60,9021,5831,3786,5962,8907,4942,4049,4178,4306,4945,9688,3288,7642,5723,3935,8930,739,2150,2279,4842,1770,3441,1778,3827,8309,4726,8823,4479
4224,2049,3330,6019,6531,7172,9483,3596,4112,7697,8851,2964,2836,2583,3991,1175,1948,3229,4639,1568,4256,8610,1699,804,555,2606,6709,3002,2875,1853,4671,4288,8128,2623,3142,9418,5964,5072,3670,2271,2272,2786,4325,2794,5995,2411,6893,5487,3187,2678,4859
3332,9861,7176,782,3086,1167,5117,8468,6558,2209,4132,6181,10278,48,3889,6066,4020,5684,4541,2494,9535,8258,5571,11004,10566,3783,6984,7626,9932,4558,7630,1998,5711,6482,213,3799,2008,6105,2010,606,9438,5602,7139,7915,6379,8557,4206,879,11766,5500,9981
5760,11011,7684,11398,5005,7181,6160,6679,9496,9754,11931,8350,2718,9504,5793,10786,10018,7721,4270,559,10415,7991,10680,5690,5435,7100,4160,6978,4809,11466,7628,4813,5454,1873,7124,8661,3543,9949,4068,7780,7652,4327,3945,747,5742,4079,3694,9202,10359,1147,5628
9986,3203,5123,2951,8839,8585,5002,7179,9230,2318,6929,7570,2330,3103,8870,4397,10745,6065,2357,188,9406,6336,2625,6466,9921,2497,837,4167,10055,5319,10955,7884,7887,720,6097,2002,9297,5460,9945,4187,10332,1637,1513,3433,4715,1645,4718,8048,3059,3574,9849
2564,8711,9096,9866,7050,12044,8082,7059,11034,8219,8224,8227,8868,8612,5157,9125,6182,43,5039,2227,10168,5052,7742,1600,3011,6852,8389,8006,9673,6091,7755,2893,4047,8016,6872,3550,7135,3424,7138,1250,7017,2538,10731,3952,113,1138,1142,3832,6394,10620,3069
7171,4359,9608,11528,5897,8459,1169,12435,1429,920,10905,10394,24,2840,2594,10544,1202,7602,10419,2998,1335,5815,952,1213,1342,6850,8132,7110,10568,6860,7629,10063,1232,4946,1752,6881,8674,10851,9826,3938,1124,743,5351,10481,9847,633,9978,8315,7932,8701,6654
2945,898,7683,8708,6146,10887,12415,523,10895,5775,3602,531,6423,9879,8856,3610,3484,5280,9380,7845,8999,5676,6189,6704,11569,8887,10040,1208,9658,8120,10431,11459,10438,11975,8390,10321,7386,6747,2532,1382,3303,5095,8808,11117,10352,4472,7546,11644,6653,7678,7807
2178,3587,5129,1033,7437,7694,1040,5266,3347,6036,6935,7448,9242,7837,8096,3108,8998,5036,5689,826,9916,957,2750,4287,12095,8385,3907,9155,12613,7240,5580,6989,12108,11984,4950,10842,10717,8803,8933,11622,9575,2153,12010,5225,9580,7536,5618,755,9844,2038,5752
7939,2948,7941,9094,2061,6542,5647,9874,4626,767,3091,5781,8854,8978,11158,9113,1301,2203,11544,6815,672,8099,11940,8873,12074,11564,9645,2734,7471,10799,5693,9150,11839,9920,1088,11970,4291,5578,7635,9436,11360,1122,2665,5358,9583,12406,10743,5756,7421,6014,6015
6403,11141,10373,9480,1035,11023,11541,1046,11802,5534,7199,9377,6179,9891,6821,7208,11957,10172,10045,9279,9791,8641,12225,2761,714,11723,6602,11852,7117,10954,4046,8913,9037,8276,9818,10587,8796,4573,12766,2910,9961,10858,8299,12780,4078,2288,2160,9329,9853,1918,12287
4354,7686,7433,11273,6922,2316,5259,5154,4774,9513,11818,3881,2988,173,5426,3636,8501,5558,8247,11190,7096,8118,11579,9158,8263,9288,2634,12109,4815,3323,7759,9295,855,11096,11993,10329,11098,10846,6752,9060,10855,11111,10477,9200,12401,9457,2675,3193,6650,11515,11260
10113,7940,1287,5384,6538,5899,5519,3728,11665,7184,2039,7830,8855,3481,8991,1183,9507,7716,4262,8488,3240,9776,11697,1074,8380,11198,1726,575,4673,9922,6851,6475,10575,8658,10579,4693,1365,2647,10331,7516,9309,10338,4581,3302,8423,9197,3057,8179,7799,3961,4733
12546,10756,9867,10508,8716,10127,10899,8853,10902,12185,3355,6684,9636,12325,10279,10410,4524,9134,10289,10299,9788,11580,10559,2372,9412,9286,328,334,11342,10830,10322,10836,6741,11480,11867,11743,5216,9569,7270,7530,9709,7407,4207,7537,12273,3823,11121,12021,11640,9982,3199
8832,7425,10755,518,4623,10768,3857,9236,3605,11671,7832,6553,5282,12066,8358,10408,9129,12076,11437,4400,8242,5811,10816,2754,10050,5700,11845,11204,9545,8651,10317,10318,6098,10323,9427,11771,9176,10074,4700,3804,10978,10340,1895,5992,7020,10351,11760,7665,761,10875,11134
3080,4876,10509,8204,7698,12307,1813,12312,9883,10651,9373,11293,7329,8354,7730,5887,7349,11329,7361,9924,1222,7879,8775,11337,6859,8523,844,5838,10447,12624,10062,7380,11733,8921,10715,11484,10845,5982,3679,10082,9572,4967,10984,10216,11754,6252,12398,9071,3056,10749,11647
11010,7556,3334,8201,3210,11402,6546,10771,8725,10134,7447,9469,1694,5538,11042,12709,7207,12457,11182,9651,10171,6973,6464,11074,12356,9160,8265,10314,7498,330,6221,7499,7370,7760,12242,211,9426,5719,9687,6360,11358,10079,9823,4836,5861,9067,8683,9707,10353,9592,8829
2688,9222,10377,9865,139,6290,402,5015,5144,11035,2844,7196,5406,11935,8353,9634,9511,9512,10920,10922,11948,6958,9903,4402,180,9653,4788,12343,10812,10944,10048,9539,2246,6985,7754,3275,9678,9936,10581,9943,11230,5989,10982,8552,1384,11240,7660,12654,3824,7921,11261
12160,3328,12421,4105,10764,2062,9487,10000,10103,12176,10773,7190,7705,6170,9497,11164,9118,11808,11424,10275,5540,4899,11304,3123,3063,10813,11458,11076,1348,1351,7114,10059,8910,6352,12765,6750,3039,4705,10466,5091,10211,11237,5222,12665,9455,5237,12286,9719,6265,10235,6398
8451,8966,7046,11016,3848,3464,7561,5388,11917,11799,12055,5407,10531,11811,10536,12330,4779,9004,8111,12081,9910,9284,11332,4806,10309,9927,10186,12493,11219,11988,3541,10712,8537,7768,6875,10459,2782,12512,5858,8035,12005,10986,10860,5486,1393,10995,12667,11511,9593,3579,639
10372,9224,4110,11406,5646,11666,11283,11028,9877,12438,1050,6810,5412,7205,11562,9771,11052,9132,8623,5679,9009,3506,10546,8506,7359,3392,9024,6856,2248,74,6731,5194,9421,974,7894,6743,11736,8286,11616,8164,9445,7655,11112,8041,11500,10094,10992,11378,8437,10102,2935
8834,9991,6023,12299,5515,12174,9493,9621,8729,12195,12196,12324,7587,12201,10413,11053,9775,11955,4019,10421,10807,11064,9913,11324,8252,6206,7235,7876,8645,12227,10441,12233,10445,12237,11345,10449,3283,10073,1882,12255,8165,11749,12397,11119,241,12145,11122,4215,8057,10364,12159
12032,10130,9363,9495,9880,4773,12070,8613,1321,8875,9263,11312,12083,10037,12599,12088,9275,4284,11710,11070,9665,9281,5576,8904,10060,10061,5966,12111,12496,1744,9810,6739,5972,7003,8285,8798,12006,3817,11370,12138,10091,11373,10350,8043,9965,10482,10484,2293,10101,10106,11390
11524,12294,6792,8586,11659,7311,10901,10774,408,11929,11033,9244,7457,2596,4901,5161,8365,11949,12463,11952,9140,10933,11446,11576,7865,10553,11963,5056,11969,10949,11600,10576,11007,11092,11989,11605,11611,11391,10849,7395,7781,12775,2664,10991,6897,2803,6902,12538,12795,508,11903
4352,10246,4358,10249,11786,11785,4373,10264,10780,8988,11807,10271,10152,8876,9389,6319,818,10164,10166,10809,11834,8507,12603,10301,12605,1859,10692,11843,7239,11847,11850,11851,11212,11854,11859,9558,8534,599,10200,8541,3040,10209,10210,10598,2535,9962,8556,10224,9712,10614,7160
9857,9091,5380,10511,11151,6291,11163,8864,10530,11427,10789,11557,4904,8617,12714,11568,4533,10047,12353,12739,11588,10436,11717,12741,12488,9675,9292,6476,9038,5584,11728,4818,11739,10204,861,7644,9059,5348,10345,11116,7021,10734,11249,8435,244,11251,1782,11254,6520,888,7165
9476,11654,10247,9352,8330,8075,10124,9362,10002,12178,12309,12054,8604,12316,12193,11813,10022,10662,12200,11563,10157,10031,11699,2485,12214,6328,12604,3519,12612,4293,5830,2119,11716,11725,12371,5334,9175,1499,12640,7520,12772,12390,12774,11625,10219,10099,6131,3956,5495,12281,7551
11140,10759,11400,10632,6794,7569,4244,12056,12830,11679,6435,11558,9895,12458,11435,9393,3507,6965,2871,10683,12092,12735,11841,11330,833,10179,8905,10827,11340,10572,12235,12114,10710,11992,473,12762,11097,11998,9951,8928,4959,5859,12135,9576,9578,2923,11629,1901,12402,4987,11772
12802,12547,11522,12677,12806,9735,10889,9739,10892,9101,12813,12052,12567,12057,12699,11291,12573,12063,11297,3746,8485,11047,5672,12583,6959,11311,11443,12723,11965,9415,12744,9162,12746,9804,9677,7762,12498,11218,11481,12507,11359,10976,12004,12518,5350,12522,12784,9718,12537,11514,12542
2304,5126,7178,8972,6670,2449,5140,2325,3479,8089,29,1438,2205,4125,4516,5028,6696,7081,6185,4655,4656,6321,3759,2612,3894,1468,573,3006,5566,6462,2240,5572,12231,9800,6096,9171,6099,979,8531,3669,8407,4825,3031,7127,4061,8158,8161,993,7907,5092,1380,3940,10856,8169,7147,8301,5359,2927,372,4086,10231,9208,5113,6138,7798,8061,5758,7039
6784,1155,5252,4613,12551,8328,6793,3465,6283,4495,1551,2194,8341,4374,9751,4889,11803,5151,1186,9388,942,6449,9267,7603,4916,2230,7478,9017,2235,5181,4286,8770,7623,3145,6474,8524,4944,3281,5970,7292,12240,3024,5846,1881,4343,7132,10461,4707,9316,1509,1512,4841,4970,6635,1388,5230,10864,6898,627,628,2932,9334,7542,2166,4851,1404,4221,6910
6656,2561,2818,11778,3076,11781,3718,3462,6020,3329,4362,260,3591,4239,4369,6545,8980,5527,5272,8606,33,6178,2340,3238,2601,7474,3510,9730,10684,320,6346,6733,6861,6223,78,11729,3577,2515,4186,1371,3038,9056,228,1256,6126,8687,2416,7409,7538,506,4340,1269,7286,7413,8696,2677,4602,6395,5240,11774
10369,2434,1667,2435,7170,261,5377,7307,4494,11793,7954,1299,5754,1430,8472,2201,4249,10523,10775,31,8481,9635,8107,11184,11700,7093,7732,4154,6079,11840,11199,10690,3138,1988,4166,2374,3789,8142,4045,2258,467,722,6103,7513,2654,10591,1246,5611,2540,7278,2798,752,1390,4208,3316,1653,8055,5626,9851,9725
5378,3715,5125,7431,4621,2447,8208,7441,4117,7195,5276,7585,11554,1060,6266,6310,7984,4535,4151,6969,2363,5183,10815,8256,2241,836,6727,4554,1229,1103,5073,9682,8147,7508,3029,4695,3287,8793,1754,3419,604,989,7133,7262,7392,5987,6120,9833,1130,8939,4075,1900,3308,5102,8442,11244,8170,6260,10100,1909,1012,1658,4605
3843,6532,7304,8843,1020,10252,7951,6799,9231,8595,9492,6807,2040,1691,5024,7584,7844,1576,41,2475,5295,6320,11698,3126,9016,442,3260,8766,7999,4159,4546,7362,4426,10443,7800,8395,4170,8784,7928,3794,10965,1749,5209,986,4441,6617,3422,7903,7422,992,5730,6242,8932,8167,6633,11755,6380,5617,6385,10232,2297,9596,254
6274,4743,4487,5132,4631,1944,3736,2075,1819,5149,1310,2079,3364,4647,4392,46,3503,1076,3255,1848,6205,3133,2369,1857,2505,1354,6477,3959,6613,1367,728,1369,4696,7511,1116,7261,3171,5732,3684,4965,8295,488,361,4461,494,7790,8559,4213,6647,2429
4998,8712,1806,3856,11025,6162,2963,3987,4758,9624,5146,2843,1820,7965,158,6043,2592,6050,9000,9259,10032,3377,1714,5941,8631,6906,4027,8384,4032,1474,6976,4804,5445,5829,967,329,1487,4431,80,2645,4699,7004,1765,3692,2797,7149,2928,6770,6010,1276
3584,3973,6279,8456,4616,8332,1932,8849,2322,5017,5786,6811,7964,6046,7714,6564,4778,5293,6830,7091,820,312,2236,9277,5439,8898,8518,5322,3658,9805,2897,3924,86,9946,4828,8031,6495,8682,5099,3566,240,5744,8562,10228,11892,1270,9078,4346,8191,9471
1537,10498,10244,9477,3463,10248,8329,6800,10643,8213,10645,8216,4377,10393,10012,7839,3744,1316,8230,9640,10024,9770,5291,2989,8625,7219,9652,4155,5820,6972,6725,2758,4298,8011,4938,5834,3535,12243,9685,11862,7000,4576,5217,7009,1761,3438,9332,2421,1784,9977
4610,7427,4869,8198,5127,2055,267,5134,15,6672,3090,11031,5916,12828,2087,6953,2089,4141,10541,7989,11575,9527,12347,5180,2621,61,572,325,4934,7248,6225,11603,7253,9557,11607,10072,8792,5211,12638,94,11626,108,11120,9072,9330,4723,12662,11897,8828,8326,11924,10132,9368,3225,12187,8608,10402,8867,4003,9381,4006,3751,169,9131,693,1978,7107,10437,711,3793,9170,209,10453,11477,10455,5848,470,9950,226,9699,12009,4603,12028,7933
1281,5635,6917,10765,7566,4879,1678,532,2971,156,2589,1053,8992,4514,9766,10151,1194,3628,8627,8884,8117,6069,5561,10428,3652,5318,8392,3657,4555,3790,2129,7892,4053,9689,5979,3420,1247,6113,1634,5603,2657,4345,2662,231,7662,4084,3829,6006,2423,6390,8569,378,4475,6780,125
5376,4993,5891,11526,4492,10254,2066,5782,3738,3739,4509,4513,6305,4387,5417,941,7086,10292,3383,7224,10043,9915,6076,7489,8003,7620,9413,1095,6734,2894,10704,2769,9554,9939,1362,8662,1750,119,3545,4829,8029,5474,5986,3942,11113,9835,751,9199,1522,5235,12151,4094,9215
7553,7938,6275,11265,11655,6536,3340,4115,6676,8726,7194,8733,12062,10014,12064,10017,806,2727,5671,11049,12333,1969,9521,1971,3892,12465,11321,8378,3643,12476,7869,9918,12611,9672,10956,11981,9807,12241,12115,3539,9813,9559,11357,3165,9825,9956,10472,7791,10611,6773,8565,1145,6782
1282,2309,10250,12306,2580,2069,8734,5408,7201,2339,7203,5925,1062,11822,1327,2610,1079,5944,8251,1085,11327,8767,580,6988,8786,7763,4694,11864,2649,6745,9305,9821,9824,9313,3427,3944,5484,7279,1137,7794,5234,1399,134,8592,1431,9111,10141,4766,3237,8874,4780,4782,9905,11188,7607,2744,10938,5308,5053,5310,4543,5311,6337,1471,3780,8393,10446,4305,978,472,5593,4833,7137,11236,6886,6125,10478,1006,8689,2546,2547,3575,5882,9723,1532,8958
4223,1153,7042,1545,2444,1292,10639,655,3859,3224,5661,925,6047,2719,4001,2721,6437,2981,937,9518,2223,2737,10165,1216,8773,455,3143,1865,8141,3023,8144,4435,3285,2774,3415,2264,10199,3159,9053,3294,736,3936,994,6627,5733,2791,8424,8938,875,2412,1005,4081,2931,5368,763,11135
5120,4737,8962,4870,10503,10760,9992,4618,9482,10122,8464,6173,11169,9252,7588,7852,6956,7085,3118,2228,11322,7995,5946,3388,6588,6207,9793,7233,5575,5191,10697,12106,1099,11348,10068,981,5716,3928,5464,3162,6114,5347,11619,9194,9710,12400,11376,11382,12409,5498,7931,3964
9728,8581,5497,9097,11663,1937,10515,147,917,536,4891,8605,5278,7454,3617,4641,4771,11179,5166,8240,8753,11954,6455,10681,8379,7105,10178,6090,7631,11983,9938,8532,9941,6871,9047,3292,1374,9057,11107,12644,6245,3179,4460,7404,2543,9585,7795,9081,7035,8444,8317,4095
11008,10753,12039,6664,651,10763,12302,8974,10896,12305,8466,11539,12308,11543,3096,12571,12060,9505,1915,11555,10023,8233,10923,12331,3117,2862,9901,11000,6903,7342,9270,12483,10948,11333,327,8136,12745,12365,8655,4559,12629,8542,999,11880,12528,11380,6644,12023,12408,8571,11006,3455
9601,7430,12167,10251,11787,8722,2966,9240,3354,12443,12446,8862,10145,8738,12451,8739,12713,9387,10284,2553,12464,12726,9783,11833,6458,7611,4924,11709,12738,10691,4550,208,11473,9812,10709,10584,729,12761,859,10713,3291,11745,8802,11877,11750,7918,9076,9720,1913,11770,6908,7293
9472,3971,6151,5516,2572,2830,3088,4499,7574,8215,7449,669,1565,7583,4258,1191,6183,6314,5420,8495,8367,4785,7346,7090,4404,2615,5945,570,5697,1986,4165,2629,6473,202,4683,5196,2765,5710,3919,10831,2898,8402,1624,2137,5083,6363,5215,991,2017,8291,3562,618,4092,4589,5874,2298,5115,7676,6142
2432,5632,259,6148,6021,3335,6152,4103,3719,6025,8461,4367,4627,5271,2585,6683,6300,11037,926,7455,6174,4385,162,546,1822,5797,678,1322,1067,12204,945,4147,7859,1206,950,2102,4796,3525,4038,1862,3398,6603,332,9041,5473,4579,869,486,7145,2030,7934,881,4594,7414,1016,5499,9086
7299,6791,2824,3466,1547,5398,2839,9239,11546,5275,1692,5274,9499,3870,6939,12579,3748,1189,5375,4389,7336,2470,8746,7726,4783,9397,4664,2618,9787,2747,11197,9407,2111,5833,8400,8918,1880,5851,9054,3934,7648,2144,11999,9063,2792,8937,363,10348,6637,6639,4848,1009,7796,9717,8952,6905,7423
7812,9098,6539,5901,5262,2833,9234,7955,6805,6550,5400,10008,7450,5798,6312,8363,10926,11438,1970,691,6580,3252,4025,7866,8123,4667,8639,5698,9667,7363,2501,6854,7495,1480,5961,6343,7750,3022,975,2511,4949,7382,5976,6490,6619,7643,9693,6109,2269,2530,6884,9968,4722,9075,3060,4852,10493
4608,900,901,9349,2436,2056,7816,11658,9738,8714,2314,10255,7696,5270,663,9623,281,2845,10532,6052,1188,8742,7976,3755,10161,10110,310,4921,4798,2879,9152,7364,12103,11210,4811,3916,12620,12110,4430,3921,3026,9940,9428,7636,3032,856,7771,8412,5213,8421,2028,3436,2800,246,11639,10488,10494
11266,9219,8964,389,6534,8072,11913,8841,8202,10381,10510,8079,9361,7699,3348,10388,10137,285,11688,9005,7853,11314,9779,1587,5051,10429,4800,11456,10952,12105,8520,4684,9164,10958,7247,2256,10577,10578,1612,12116,12756,9814,2134,2908,8925,7647,11104,7804,8567,11363,8426,7152,11767,12024,8313,4730,4604
4417,5508,1619,2743,5020,3101,1886
163,2694,4872,5296,2742,2557
5152,6692,6694,10286,6190,5173,2110,10306,6214,2124,9293,2639,10325,7258,2661,9336,121,4225,8321,1676,11404,4754,6292,7323,6812,8352,6306,168,6316,4781,2224,6324,182,9399,200,2251,9420,3282,7895,3290,8923,3808,6883,3818,9453,5881,9984,771,10003,12061,10529,290,4918,1850,9536,7503,2907,1378,6506,895,8589,1935,409,9630,3490,2471,935,2984,3497,3502,4526,5551,1479,3530,4051,2003,5076,10197,5598,2032,2551
8212,6167,1561,1570,8288,2660,107,3183,5753,4218,3711,5759,4745,5769,3209,1679,1177,1736,7377,2778,2274,4331,1265,3317,249,4863,3327,5391,5392,6415,7439,6424,5918,2335,7459,1830,1318,298,811,5418,1337,4419,3908,10056,5458,5974,7008,1902,4481,8577,7043,8073,393,2445,7565,1422,3476,7576,2458,11676,6556,3486,1441,9637,4007,6058,5035,5548,7596,1967,1463,3512,5059,5574,3527,8648,4556,465,4561,7125,5596,3043,7146,5103,9207
10880,8064,3082,3467,6413,7950,5008,7571,787,1557,6809,1435,9503,11552,12321,1439,5413,1837,11695,3120,9011,819,8885,6838,4661,2359,443,2493,1469,1472,5443,451,6088,5195,6093,3538,11863,3160,4313,1626,8155,3548,6237,93,9567,4569,90,7651,7782,6759,5096,4583,9703,10349,1776,8177,7027,5109,3445,4089,1406
3714,9607,5511,10386,11540,10261,10006,10518,10520,3864,11288,10649,7708,10140,10527,7332,7333,11046,12071,11048,9894,5032,6059,5165,946,6322,8115,11827,9912,11193,9147,7870,9409,10822,3274,10315,12492,9035,7121,9425,2132,5717,11223,5592,2265,11869,12126,9182,10594,7910,7399,617,6892,1775,2289,8563,9461,12405,6775
11136,12033,2437,12041,12809,8971,10766,12304,9746,5143,11032,6938,9372,3614,10917,11431,296,10407,12203,11308,6699,9772,10802,6072,12600,6202,10937,10556,10300,10819,6083,7752,4552,10440,8654,12499,12244,11222,10583,10972,2653,7389,12663,1630,12385,8679,9837,12527,6384,10607,11250,9203,12149,10486,12407,9206,12282,12283,10239
6144,514,2180,7301,7048,10121,9742,10256,3093,7061,7957,9241,3741,7197,10911,2465,4259,2086,3753,11306,10539,302,11828,6198,5821,1982,7232,9666,7491,5188,8783,11856,3155,5204,8275,7641,6108,2012,10078,10334,4060,2278,10087,4457,9964,6766,3054,5236,2552,6521
11009,5001,11914,3724,12173,4620,10898,5523,10770,8214,11926,11423,1824,11425,10019,12067,10149,680,10925,6576,12216,8891,10811,7161,11069,445,4925,3009,8387,7880,8009,588,10319,8657,9433,1373,11617,2402,3169,8290,8807,359,7658,2796,5357,12782,5492,12279,2681,10490
642,1540,4233,7689,1931,3342,911,656,3218,4500,2202,1564,416,2211,9258,2093,1200,176,7159,2613,6325,7351,4279,9533,190,3649,4289,965,1224,3528,2250,3277,9424,12500,4564,4309,5590,1240,1753,1114,1243,1238,10336,8420,6375,232,1260,238,1135,1519,1906,9331,6004,1143,7418,6651,11645
7552,10497,10625,12163,4612,7296,1669,9095,11650,12425,12172,9356,9104,9366,11556,10533,11174,11172,10537,5929,9517,3245,7341,3632,11442,8372,5685,695,11578,5955,9541,9926,5963,12238,9935,2766,10066,11346,5459,12376,11609,11994,3801,7128,5853,8676,5221,8038,7527,10993,8306,9714,8307,7925,8051,11769,11002
12288,8193,9218,4098,12036,8211,10005,10007,9752,10524,10781,8735,5410,3114,12077,10491,11065,11334,11848,10833,10837,1110,12118,11099,10844,6491,7778,6500,6757,11627,619,6518,9335,12155,11388,1922,4484,5765,6535,10119,12171,9620,11414,12183,3993,157,10142,5536,10403,10669,8116,10678,12473,10169,12732,10687,11455,11457,4801,7875,12484,10176,450,10183,1483,12251,11229,8413,12514,10723,10979,3304,10728,10474,9708,3062,9467,9726,12799
3457,6530,9089,11013,6661,9863,9221,6,10378,9612,13,11278,9232,8593,1936,8861,1311,4769,8098,5286,6951,9896,9385,11439,3375,9907,11059,6196,439,9166,1623,9303,4823,10585,10205,1381,4329,8809,10987,10863,7026,5750,5110,10748,2687
258,4615,6920,7945,8458,5386,3853,271,2832,6677,10522,4381,798,6687,4642,10787,3619,3110,8486,5926,3369,9514,7211,6187,8749,7727,1584,11826,563,1845,5943,4408,9274,10565,6987,6991,2641,2386,6483,2642,8024,7001,5469,4446,4963,6756,8549,11109,6000,4227,11407,4751,5778,11673,3482,3226,10910,5805,4787,7864,5817,1727,2751,9923,9422,10962,5845,5356,8941,1267
