32,970,6000
618,4213,3591
3947,741,87
5020,5508
3018,4561,7508,6869,3935
4081,6390,763,4125,2719
2,2244,6310,1642,5710
3969,4100,3847,830,4446
2981,3562,7127,2615,4506
994,884,8215,1337,7707
1248,2340,37,5272,4089
9730,3652,5046,600,3288
4258,3490,8014,1238,3577
6187,411,7641,1563,60
2689,771,623,3120,1076
4745,2225,6802,3031,10396
5920,2757,3765,7642,2685
1635,4067,1221,1320,6395
3523,107,4204,8980,1780
613,454,424,6923,924
4290,8169,1435,443,3453
506,1732,877
2704,2251
290,3626,6031,1492,4223
8170,394,5935,7262,2430
4228,938,3853,10641,3771
739,4485,46,4566,3416
7904,1837,1472
937,5124
452,6346,7690,6327,6424
2188,1022,2644
4682,6469
9056,3940,2096,1720,703
2657,231,814,4945,1727
1090,7274,1227,3183,5179
1632,5061,10151,6864,123
8992,4233,6937
2001,10390
1682,2837,4118,2326,6526
608,8407,5241,3994,3899
6088,6004,4239
1012,1055
4481,4751,4306,1116,991
1955,4689,760,4058,2205
2088,808,2861,4527,912
2724,5670,2395,2323,4923
3259,5149,3238
6682,2677
2336,1960,6316,3792,4026
1380,200,5359,4434,3133
457,5652,1620,5240,3967
7394,29,4405,4381,4349
2753,3503,4080,3894,3863
2240,8355,6321,2331,509
4322,2279,4555,5196,9689
7458,6600,7784,1549,3517
4224,5353,8367,7511,1883
5059,10283,346,2874,542
2660,2405,2099,1331,1400
1376,8907,7862,3865,1786
7209,3305,1999,8627,951
6566,2799,1425,3159,8441
6151,2505,202,9996,271
1836,2927,6928,435,2679
7585,3715,2629,3419,6236
1443,260,1450,4432,7413
6058,8228,2901
5840,7069
775,4585,7917,1263,2551
482,1253,2955,6133,3325
9305,8938,2086
1865,6627
1096,11080,6132
2521,5251
5450,2509,4686,5403,3807
7204,3430,4139,4378,5371
4479,3277,174,4696,2079
6509,1616,1747,25,1946
1527,2216,5416,3757,6839
4578,8771,848,3088,5945
7554,1993,4653,7118,6362
1701,553,4754,3538,1663
2848,5541,4528,4726,190
2304,1216,1005,2768,4501
3329,10856,2325,2809,1468
1478,2408,4143,8471,8287
940,6062,4496,2392,4607
4864,3586,6183,8884,5723
4600,3914,4895
1466,2429
2154,6483,11542,3196,3006
612,1354,3052,1360,5522
5574,3142,7593,7253,5527
1762,6823,6280,6716,4510
4043,3759,4433,4632,4795
800,4451,4816,2940,2495
5728,3129,4605
6733,6006
2498,3913,143,1104,7261
2083,419,459,1804,2641
5028,4645,3467,3116,3150
4514,8838,4743,655,5916
7748,5711,5684,3674,1754
7873,2017,5962,5774,1469
5831,2091,908,8799,7743
7080,2218,4875
2771,2508
1377,648,1257,6389,3071
4711,2793,5518,4728,478
1862,1004,1678,719,3635
6337,5516,332,2610,2137
8301,6223,6268,2164,5884
3625,3209,4974,1679,8053
3180,1589,2646,3932,4766
3170,8335,115,3731,1718
3621,1545,8236,4565,5596
2720,8424,6488,3228,3999
6727,3786,1130,2572,669
1281,2051,2441,8117,1275
2276,6991,4178,8309,3734
3777,4531,3764,1817,4253
1508,6858,1461,3479,8698
4195,1295,852,2356,155
4393,4716,2960,7538,1436
5321,5045,1791
4619,3661
3601,2186,4663
8356,6438
3783,5484,621,7640,4569
4261,2394,2676,1014,6074
320,1229,5655,7195,9598
2852,6607,7088,3094,3608
5096,5195,4661,1626,1439
6479,4656,2515,573,7039
5637,1353,1774,5016,11135
4935,5352,8719,3699,8793
3364,2931,4404,6613,156
10597,8298,3472,5171,6167
4902,489,2544,1277,2622
6626,9715,3220,4117,3515
4365,6126,4147,4499,2751
1956,4,5420,909,8790
3234,3441,4186,6493,6942
267,2765,6093,6962,2590
2916,3174,1737,1367,1821
4769,3457,1058,847,7475
3975,1553,1457,4978,9498
4986,5276,8940
6465,4981
7746,5453,1839,4144,6808
4135,3015,1103,3475,5758
3872,2211,7056,4439,2811
5281,6178,6670,9777,4474
3840,4102,3884,5178,7835
1378,10286,1841,409,7323
7019,4532,5526,2777,4797
449,6210,1582,2838,2558
5770,3756,5807,1916,3487
4385,8495,9106,9688,1948
512,4963,1567,2221,5183
2054,5769,4013,2577,734
3950,5008,7763,6713,2623
1254,9258,555,6009,5083
5284,841,1811,3607,7355
4681,2390,3135
4706,2197
875,10639,3224,9053,3294
3266,2756,3720,6477,927
4992,3648,4679,6768,3127
2632,7627,3218,5115,8383
1061,2260,4153,8827,959
6692,3530,9293,4918,4279
3233,4392,2537,5480,1001
4424,2449,6155
534,1503
7280,7445,7449,8028,3711
3042,4486,1867,5804,4319
4103,6603,6063,5073,1624
2049,8226,973,4210,7828
4998,5132,3856,2963,1848
9124,682,5488,8564,4056
6344,5550,1039,2199,3647
7712,242,7155,2905,4602
5985,2467,3151,1173,1879
7042,3202,6693,3349,7798
6473,5103,5874,5141,4029
4324,11279,8275,819,7197
8291,8392,2967,2971,2431
5635,9828,10308,747,5914
5987,6696,781,3185,8504
8448,4252,3527
7146,1830
9896,1936,8593,604,1406
2534,1067,3793,4627,5215
5603,3077,10325,2359,8830
2209,1986,606,7030,9566
5254,338,2100,2261,982
1792,9508,3631,823,8730
2412,8653,4303,1588,1175
9123,7144,5582,4276,733
8128,9158,4847,5072,3098
9800,1224,4362,4695,7864
3264,6702,6932,342,8569
8672,3154,9535
3559,2271
903,812,6582,9308,93
2369,3377,3027,570,158
352,3745,4169,5108,7094
4032,2841,3265
3273,6683
8098,6635,9388,4823,4286
6849,7010,1987,9226,1303
5173,7286,1623,4379,5180
3330,1769,370,7125,3962
7813,5418,4465,537,8986
656,7674,556
6437,8039
3401,4855,9484,6350,2903
4621,2510,5555,2232,4893
10306,1479,3818,4781,1340
7181,5454,4879,1147,2012
2690,8977,1272,1945,8314
2791,2059,7162,4380,5854
7169,9987,5829,2126,1535
2193,2006,5007
3945,3991
738,1573,7217,1853,2846
103,2439,624,5306,1372
4320,9992,7245,1871,2994
9504,2853,4112,2678,3229
5633,4473,9447
4776,3262
7113,6514,4556
1440,2474
3106,4809,955,11038,4859
9850,2972,2046
6795,52
614,7213,3086,9364,8061
5088,1539,6833,3633,1565
802,1028,2376,6540,4114
3078,1511,7596,8941,5494
3173,7974,7250,3668,1109
6128,339,6899,5721,7167
2035,5078,7523
2912,5513
3554,5101,1741,7535,314
8135,1193,2093,14,2003
4288,2451,532,6709,8982
4001,644,1196,2224,7218
6405,7727,2292,5653,5690
3943,3437,2446,2448,2583
5126,5926,8687,4409,31
33,2423,4495
3669,111
11172,9604,7436,6482,2460
6745,580,4305
5408,9723
5316,4966,9997,3534,185
6993,9841,3889,4060,8734
5732,1594,3290,5053,10815
259,1699,92,22,7676
2730,2127,6453,2105,6843
4601,4683,4321
2206,7007
2030,3919,4564,6174,6430
3110,6988,5805,48,8696
3200,6723,8282,3685,218
6893,10446,3408,9171,2875
2499,458,3980,976,10077
8064,3082,5397,4313,4668
5795,8113,948,7223,2044
4640,9001,2737,7548,1438
3657,4982,8767
10533,7957
1953,836,3369,8939,4535
645,2298,7757,1554,9402
6666,172,7474,4435,6647
3269,8902,2888,3830,10879
1121,7367,10,1690,1822
3011,5094,9960,2774,1759
417,10939,6828
3722,11154
8357,749,5295,6127,3160
3557,3632,4020,5310,10975
7109,9385,7478,4343,2235
1634,4325,5140,1430,125
2563,4850,1973,1206,4408
3808,73,7115
2697,228
736,3622,1964,4749,6606
5290,6148,4367
7145,9766
5221,2951,1998,5235,3835
2881,1066,2324,374,6431
1284,811,8212,5019,4671
3841,4235,4655,1909,6969
7176,10612,213,5685,2582
6656,4128,5188,3718,5147
5915,2215,1392,2457,3099
4068,10278,5390,4086,6139
8972,7599,598,8920,8255
2272,3942,2601,2411,5311
11650,5138,11763,119,3738
1985,962,9204,916,9276
5664,3140,453,1876,5975
1062,12204,2830,7984,3741
7392,4075,5125
6385,1247
2113,3079,4109,8878,7215
9600,4613,6761,7574,5944
839,4851,6011,1820,10430
4206,6543,2996,2166,2524
2386,2334,4383
4889,6679
2585,7306,7412
4594,4869
4646,1927,2062,7279,5308
1669,10566,9932,6066,6421
4832,1474,1714,7956,8439
2592,2672,3248,6163,661
451,1318,7431,789,2005
1990,4490,7819,3053,1044
1984,1319,1032,8268,3036
5656,1572,1543
6572,324
5986,7684,5068,2008,4541
4038,9641,5909,3829,7351
4546,4995,4708,277,5501
1640,1736,5035,2775,8312
6160,8025,4915
4976,2589
6305,5793,4132,9703,7630
8547,6219,7691,1273,349
383,7151,1523,7288,5855
6190,7503,2032,7895,5881
835,4070,1639,786,438
10780,5437,3398
2309,9438
5704,10636,9264,6480,5753
5669,1356,6286,722,1371
4554,9547,4426,7571,6237
430,7954,2015,10107,5599
5953,678,882,1171,3061
6113,1645,7061,5274,4796
8402,3971,9063
2907,3013
7301,5449,8937,11766,476
2223,3411,9491,4537,7071
9096,684,5010,7128,6044
8258,5571,6439,4558,2718
1120,3458,9489,5244,3806
9612,1660,2245
8427,942
6308,695,3317,5111,415
988,4445,3574
8848,1618
7491,4549,7721,9787,9503
6690,3208,3440,4789,2075
2882,1447,1965,879,3568
3845,3751,6225,9527,1978
2817,3084,3028,308,5557
6630,2409,7849,170,7729
4192,6978,1194,7963,8350
8003,1996,3628,9296,6838
6791,6097,1778,9397,1240
1312,5760,11398,8777,403
5568,584,1512,7276,6256
7089,7379,1048,6909,6136
2658,1713,149,1722,9660
1026,75,4813,9754,7100
8679,6059,1873,5746,9461
4256,5473,3790,5271,1756
2401,4654,3663,3672,6620
132,263,2987,5228,6511
2540,11025,7093,9078,2236
7780,4327,1929,753,10359
10018,7139,7652,9202,7991
2148,9417,9435,2941,3871
1896,329,10254,2195,6359
5024,4049,8147,9044,5785
4160,11011,1167,6095,5853
258,9166,2575
7384,6412
3799,3566,7790,2129,3543
2661,935,1256,5673,11146
7782,8300,4209,2835,4691
4034,4227,3694,2447,11931
7299,6918,7892,10680,5435
1536,164,4808,1289,1140
516,7147,1107,759,3802
1165,2671,1972,1687,3678
7307,8812,4045,12,2738
7783,6826,5396,796,894
3937,8525,1235,1880,3870
387,4675,4012,6583,1501
10250,1431,8024,7001,6687
4480,5446,1672,2990,7031
5000,2864,1433,5628,3582
8736,1408,1705,5490,8094
289,2542,3986,7126,58
3683,2896,3379,4631,8634
896,1092,5041,7251,3933
9472,6080,378,4536,8570
4900,872,1516,381,8319
5510,10315,2189,7409,8085
8585,8557,2002,8121,9468
10072,6100,4079
9496,7726
3465,5619,7132,5181,3038
4395,4212,4184,9181,3167
8325,7142,6119,8684,7536
5423,5170,4760,5433,7965
363,3214,8691,3029,571
4134,9321,3732,2902,9118
676,2311,2282,1658,447
6374,1191,11695,5651,2579
7337,2527,2637,638,2975
6756,7211,563,5943,11450
2019,9348,6611,377,2843
1488,8259,6422
6364,5500
2023,4952,1113,1017,4191
2938,469,9055
2385,10226
2497,4330,720,7059,3069
4768,5889,3181,6331,5563
837,2318,8592,6231,10906
5602,292,1388,8637,2014
964,7397,306,602,3451
5667,8103,5037,2872,1309
8987,7461,6891,3387,1051
2082,8872,5865,2226,2069
6595,5833,4187,188,10334
2913,4459,8013,718,3609
7534,5172,1686,3611,27
7745,4770,1673,7669,4725
7297,1538,5925,326,8839
6336,6887,8689,594,4057
4647,9259,1485,3982,3025
8612,7859,220,5117,3550
2250,10349,4084,3575,1053
9297,9905,9811,10008,2330
10880,9984,6917,5297,6069
7172,5261,4526,560,2548
2596,9221,3143,8144,5368
8193,6883,6984,7473,3186
6152,10317,5460,2132,9406
6588,4901,9252
5464,9458
1155,1900,2158,7675,2175
9921,1637,8870,10902,9949
4930,6182,8845,6929,2357
8492,7877,9567
5443,6228
2914,229,2157,4317,6590
2580,1941,6677,3510,8251
8458,7884,1559,121,7163
2625,1282,4136,2545,7570
9088,8400,4947,3837,7455
10056,6742,5391
7199,1967
1856,6020,1605,8055,3997
3342,10416,4593,2709,3483
1200,43,6789
1600,3059
8801,4519,4874,3700,437
6466,6786,5032,4715,1365
6736,7026,11059,1557,9303
9986,7369,9964,9453,7887
8774,7401,5329,6867,6492
3424,3952,1142,6939,5375
8551,2893,1395,3316,4063
6721,7233,11404,10221,9230
9125,5318,941,6734,7224
1250,5236,7607,12600,5052
5026,5238,887,4729,3901
2976,6195,3891
80,4867
2763,631,1561,3581,798
3427,9673,10168,11676,11004
3164,4720,8885,3067,8764
5859,5476,2564,6150,7135
7017,3050,6872,8539,6494
5543,1064,3370,4595,794
5638,1710,7986,498,1118
8899,5157,12044,4047,6099
9282,10605,3155,7575,8219
5632,2241,4785,11191,5499
6021,6637,4852,9780,8952
8018,2741,3926,1656,1950
3619,7945,4787,1079,9274
10625,8712,2613,9690,5439
4897,8482,2983,4553,2190
9922,3848,6766,5168,1532
486,2824,3145,4970,7027
4267,8694,8559
673,5998
8256,2374,11216,5946,10620
8132,10409,6091,11187,5662
751,9807,2066,6963,6780
6491,9611,4806
4673,10314
3843,7338,3826,4916,405
3328,9802,2090,9978,5693
8384,7110,1806,1750,11129
7171,3332,5091,2227,2782
3478,3606,4159
468,2895
4581,134,8488,7817,9651
9608,206,4946,5815,10905
11774,1202,1429,2554,1342
546,1581,691,9239,10493
2598,1329,562,8279,1052
3910,1451,7886,883,3576
5716,9717,3032,5213,3103
8737,1311,1381,5286,2687
2281,5547,7693,3249,7614
6144,11466,920,11515,3484
5034,1933,8341,4091,6845
679,2924,2418,9624,3004
6306,1060,168,2929,6260
5511,6605,7484,6360,3548
5280,8390,5775,8856,7386
6114,10503,10122,3118,5661
8746,4848,1691,3260,7422
9380,902,8459,7405,7678
2639,1551,2802,248,5566
5798,12400,5106,2361,3102
7360,35,1703,2904,4442
7170,10855,5754,855,4154
9033,6571,2539,5268,5012
4579,8227,7628,6065,7869
1648,9021,5581
8120,2945
7620,2662,9742,4345,5979
2781,7294,3350
524,8621
5761,7597,4831,440,1151
8363,10765,9395,6357,5750
3588,9420,6707,8758,7481
428,1292,4278
3640,3706
6279,4616,5099,7091,4828
110,6673,4948,7732,9564
1057,1445,7090,2072,2458
12128,8033,3938,905,2488
6470,3849,4016,3134,543
8326,10926,1009,2839,7423
6659,3280,1592,3966,5087
992,4270,8849,9682,8468
4547,3973,8332,6830,1662
8138,6292,8500
5825,6258
3651,2407,1995,7388,4542
7938,1095,1006,2769,8565
11200,9998,3602,9082,2974
5432,6024,6417,3320,5023
898,6275,6030,10352,3323
3009,7683,680,3610,1531
6881,8389,7629,11828,8887
8184,9425,7107
6578,829
7459,4078,2702,8380,1404
11622,1321,12108,11117,957
7490,6661,6311,539,2300
1091,6094,1298,2740,5044
6272,7298,9681,7383,2138
4389,559,4783,7771,11037
1187,1800,4588,9109,7004
2659,6085,1129,9049,8926
1362,4533,1016,6521,6105
6369,708,5939,886,6330
4512,6506,7504,8528,1914
361,1610,2200,667,5022
7584,1863,265,4123,5950
10731,3300,6181
5123,6558
5165,8177,5717,8828,7870
3112,4208,9299,1270,1369
6945,804,3879,6103,2808
7363,7414,3719
7796,8463
3497,2124,2110
6812,895
7682,4931,548,2184,7999
2178,6019,9155,6036,10717
3896,6050,1859
3040,7114
2153,1422,6416,8786,5790
4364,1934,947,5813,1245
1793,7381,1685,5687,6648
8417,5794,8195,4398,432
160,1773,671,919,5119
2470,9193,11824,4176,926
2857,4617,493,6803,9470
2435,173,367,6609,7742
8257,2295,4698,2171,3551
10987,141,3954,5973,1787
8294,2603,3820,9036,2655
10235,10087,3695,856,827
4492,5005,2322,12151,2363
1473,9666,3138,9835,782
2979,6951,7178,2836,8918
1665,842,2187,9399,3737
5639,6445,788,6970,8509
6497,1895,7048,7755,10487
8096,8998,5129,8778,4573
3108,4780,7694,7666,7448
7341,9236,9844,8661,9918
1731,7240,5225,11984,10270
5689,6451,1198
1040,6602
2436,8714,1587,1692,8925
2296,3171,5456
6552,1305
2489,10994,9874
12010,9791
7525,6375,1992,1035,6201
7969,8161,5512,8201,5866
11827,5419,4222
9241,6449
3460,3177,11284,6196,8376
7377,7906,4259
7008,3476
99,8452,7373
3690,7284
7489,5127,6920,8429,2302
11781,1752,3065,5565,4414
4993,2297,627,8409,4221
3564,1889,1796
9801,3553
5381,582,4941,7893,1789
7942,7915,4332,10070,4665
8548,3600,787,7129,7037
9894,1071,6448,4827,2140
2338,1674,427,2097,2036
5959,10567,9583,1046,7421
359,4853,6997,1114,6907
3658,11892,569,1562,6878
5578,915,11547,8572,9150
3008,8198,4339,1980,7966
9870,8911,2173,1947,2141
4494,2832,1299,2230,1246
710,2120,11019,7222,1534
870,3979,1498,6555,4670
4391,5993,5003,5358,558
12225,518,7530,5644,6815
7073,6474,3473,4281,2878
10053,6775,5742,10518,10006
2464,356,1361,983,5531
3043,8073,1902,6419,6747
2630,7750,1322,975,8123
9710,3091,11031,5211,1374
4584,109,2007,3321,2559
6530,3794,1877,7357,8029
8748,5614,5871,4529,3318
5608,5870,7634,8660,9695
2561,843,4718,8154,9436
6403,7941,9393,4888,767
9377,6821,9607,9480,12780
3010,3587,869,743,6087
1547,1612,4811,8567,285
5058,6948,2149,6309,2643
11224,6371,12471
4530,8115
3203,7754,4397,1653,10174
8979,3545,4387
2570,4475
3556,7183,1650,4756,3965
7714,6862,2320,9627,10015
2496,10223,5457,5907,2998
966,2922,1932,6523,5277
3169,10373,3881,7117,8276
2194,6203,3572
3798,287
5376,4513,5891,11526,5234
4544,8993,5483,9582,690
8961,12598,3704,4794,4763
3256,1835,7615
968,2869
1417,7565,3920,529,4309
10786,3726,6382,3128,5529
2786,1265,8851,1177,2492
1668,1487,2041,7452,4062
3433,399,5266,6685,1598
9858,6028,240,5079,8191
3168,8420,3306,10263,540
3494,11942,210,3636,11222
12064,10311,9457,8598,1471
1568,11970,11459,5392,6675
4774,11818,76,7791,8118
2566,6615,3033,6076,10461
2243,5703,2611,5749,5594
1570,7043,6726,2606,5458
1313,9725,2628,8269,1405
2788,2123,7724,465,3486
4353,9317,5002,4881,3739
2754,9545,9234,1335,6782
3624,2959,3314,10100,5818
101,9510,3599,1974,6204
3179,2543,7794,147,5017
8522,5426,3797,8701,1630
8962,10697,9518,10165,3295
8645,11756,8783,1882,10364
97,6307,4709,2608,10260
5812,7509,3193,12508,575
10568,10220,2870,5434,5598
6401,1409,232,6250,4944
5447,2353,1169,10481,4638
7078,2991,3696,1073,2077
1858,2918,8364,1807,341
4196,5039,8082,9849,7807
7980,5645,5997,84,985
4262,7526,5384,9943,4829
8654,6865,2969,4411,5851
8606,8179,24,8923,6654
6242,4042,6898,2932,10202
11631,1520,402,1300,8437
10113,4610,8296,6475,11034
2530,8682,6539,945,2102
3714,11299,325
6317,9031
9700,1029,1183
9448,9530
4065,9890,71,5616,6930
9409,10792,1875,5109,4634
5989,4141,7665,10323,761
5991,9228,10704,9396,3509
9249,6851,5863,6538,7096
11778,5100,5615,10231,4989
1068,3252,5400,5113,2269
6884,1576,4170,1267,9499
2278,4457,11921,6933,8855
5730,261,4517,8562,9471
1153,4618,9482,11419,3388
9630,8456,41,2900,7230
2758,8295,4586,461,8493
1608,3339,2863,3477,7226
9473,10338,7716,9197,9309
2305,4292,3814,5789,766
241,2647,3481,11387,6206
7362,1127,7496,3985,5912
6568,401,11700,151,1339
4611,5163,235,5969,10522
967,3400,4300,9685,700
3360,5090,1872,4018,5692
10116,1957,4201,784,6495
4623,7537,6681,11867,11580
9090,11722,10125,10831,4242
11168,2185,436,1622,1983
4449,4108,2267,252,4255
10502,9644,8560,4341,2453
11298,9412,2372,7407,8853
8397,10989,5778,8820,9912
227,9636,7238,2321,10814
5700,7,10322,3355,1951
8524,1269,5055
8481,1676
483,6617,3126,4249,8315
8042,4237,11382,9047,3199
9184,8496,3222,3448,4415
7270,10279,9866,4524,6799
12483,7404,1937,3964,8317
10059,11212,6352,4788,10809
2925,4382,10735
520,10909
128,4714,16,2674,5151
10816,4066,10658,11340,10813
8231,6057,525,3836,6110
10498,1480,10381,5262,6490
10631,7368,8207,10290,2425
12306,6949,8454
11192,3921
8204,4400,4406,9176,5887
8775,4876,8974,7832,4350
1825,2183,6186,1262,2168
6147,5355,6998,5335,3641
10787,9923,9773,2642,6324
3618,322,3396,11338,3469
2020,7378,1204,7450,11197
162,5797,3525,5911,7866
5314,5708,1525,3638,9501
961,5958,1550,4463,1211
4231,1704,1065,8718,7225
3335,11113,6300,4798,2879
5199,10001,5811,11733,6296
12098,11468,3701,10749,6879
9891,5478,11665,9945,2201
4346,9805,1399
5744,5377
8900,434,6711,1244,6013
746,182,6811,8445,1215
6793,3963,7654
3331,7670
1696,5122,1286,6956,4862
7812,2121,9097,724,8313
9219,3748,9669,2511,6905
1505,8486,2024,9946,2715
713,7823,9840,273,6289
1507,3977,6990,2772,3897
714,9635,4589
4650,4733
5285,7718,4456,2734,6351
8576,6784,6378,9549,7542
7856,5814,2550,5245,7710
3390,6825,3725,5405,2942
18,10779,7485
6772,8102
9795,5919,3573,5786,6143
9225,5323,4503,2714,795
11171,9924,7079,2472,3080
10848,3968,3912,2934,5787
2380,2736,1843,1083,1917
2343,3221,5880,2713,4988
7467,9132,8623,8921,9373
9089,8861,2826,10863,10205
2242,12579,6025,4693,6325
647,7730,9683,4407,247
9577,3565,9262,850,2299
6376,11307,10513,630,7996
9383,10280,10903,8650,10583
1441,11210,12620,12814,9404
3650,1797,3656,10093,4950
2402,10539,302,10770,5523
2797,2491,7958,7227,1758
8265,10318,7447
7370,330
6989,2445,979,4822,2202
7907,1832,2475,2416,8766
1126,3495,8818,7315,10335
3023,688,1172,3861,2172
9028,11335,6667,11445,3615
5474,8880,2964,10137,4667
6176,11746,6664,6889,3117
7588,11662,10417,4437,1242
2849,1352,8272,3346,1812
11907,9897,8431,7347,8343
8896,8044,2710,7095,4440
4010,1617,145,2068,6719
1861,8583,5964,7439,6642
6083,7399,10649,946,2265
4130,2052,396,8180,9278
196,2735,817,5595,2207
5413,1584,8662,3742,9407
4740,2473,8393,2607,6301
484,9358,9654,8759,11964
3813,4335,658,3955,1011
68,9370,3886,1721,634
5834,4348,7928,9596,5821
4003,711,11027,6777,94
1280,4712,5293,6257,6164
9793,5275,6861
10256,78
1401,347,2556
8416,7013
3875,44,977,1366,666
1199,7793,6354,3156,2388
9413,9554,6550,281,7934
8932,8843,1530,8595,986
2766,9366,3095,7546,5469
2627,4868,6446,7549,4158
9824,8549,3226,3482,9437
2984,5076,6694
10529,4225
3904,5057,3595,7733,7486
963,11626,3953,1524,701
9640,3057,7830,11575,10331
8230,5351,6633,3438,1784
1761,6853,4949,8917,6807
11408,10003,204
11529,785
7138,6852,8358,10329,6973
7428,3763,9142,9304,5756
12007,5394,5269,1528,635
11176,11849,11118,4509,4094
12028,7845,8247,9756,11069
5900,2638,4050,6556,6589
5347,8804,536,10140,10653
11528,5322,113,7124,6108
8545,9154,7344,8216,9114
7553,10956,8142,7513,3165
3929,1921,2238
5905,3367
8328,8106,5970,3571,9463
11173,12517,2503,2478,11503
9592,2844,7207
6546,9903
2884,7947,10193,954,6461
633,10419,5519
11644,10431
4004,1189,1513,246,7800
2114,7878,3005,7770,3645
651,10896,5363,981,4571
4098,5613,8047,2673,1689
5738,10709,4814
4076,3358
8009,2796,7161
6576,5001
4664,2618,3934
10096,6159
9539,3051,9138,3096,4637
1954,4903,2858,3887,1816
9057,12457,11625,4779,5486
9729,6278,6026,7637,6809
9433,8266,7179,7602,4441
1666,11205,2958,9781,8603
4737,8773,12745,5278,4095
9796,42,885,12343,10204
4263,1163,9070,5846,3417
2500,5588,11893,11095,990
6632,12649,6668,3310,8666
6536,11049,491,6459,3643
2057,7566,7950,8784,4115
3236,1544,4111,1464,890
10851,11579,11357
4216,6892
3686,7057,3730,9273,3452
933,70,198,2701,6262
4064,11376,1210,925,6911
6433,1476,1591,6137,380
2182,12362,10801,12211,10389
12017,3412,6532
7844,12310
1667,3789,1390,2798,2258
10944,8552,10603,9678,10394
7403,653,4911,5556,12084
2665,12667,9455
10103,1351
256,7045,5139,6392,9595
9313,6886,9111,312,6783
3749,10637,15
12363,7212
8966,5897,5388,12055,10459
5348,6476,10579,861,639
4420,7333,2289,10458,9182
10345,11116,7021,10511,1782
8421,6312,3436,11639,6109
4452,6762,1297,5202,11802
6921,8685,4914,9334,11319
4871,3016,7785,4856,1081
4608,4162,616,5398,5879
9732,650,5324,11278,1213
6501,2889,9260,10161,950
11232,8678,10294,3898,11581
2312,7340,5136,7121,6516
3201,3555,5606,2513,5048
10883,9102,6575,10391,9854
8580,8753,10068,9941,6173
834,3944,1137,4145,4694
6413,10642,11540,5782,11288
2560,2517,7130,8093,1470
9544,9390,5304,5849,6396
3936,7105,455,7082,7087
7936,2823,8361,2004,6397
1852,3915,1580,7603,7292
3148,3341,4597,3769,5246
7781,5575,7085,5498,3162
4419,2021,7604,6040,9916
8740,8004,4999,1707,3445
12320,4200,11465,6512,12445
5282,9826,12076,8089,10078
7655,3753,11406,10101,10073
901,2028,1232,10577,2845
2688,9512,7880,334,10811
1537,8868,8518,4778,8625
3109,2469,7053,6650,10207
9248,3274,6508,2034,10557
10336,1188,7940,881,2747
9187,5326,4625,9747,8245
10916,8489,8975,9876,8221
8224,6850,4359,9002,5584
12480,1869,12177,10742,10173
2337,3125,11461
11464,12228
7808,5867,7332
10970,1423
10758,12045,7631,5174,11065
7364,12103,2800,9428,5270
3680,9122,6827,269,3646
3681,3272,6580,9845,2621
4131,3336,7275,2259,1403
8867,9381,422,10504,10453
12160,10000,11164,6398,3039
2087,7051,1260,4205,4942
929,1574,7758,5649,4666
3392,3383,9279
3728,3302
11108,996,6548,9146,7515
9422,9424,1845,5845,6071
8289,9446,1651,1209,4061
611,11144,10990,9819,9341
8034,6121,4280,1564,572
2599,4275,9973,9050,6172
238,5967,561,3410,3322
6253,625,2040,5980,2493
3984,3983,6592
1296,2946
1185,6468,6213
9064,54
2681,5492,5357
7658,8387
4289,6946,7973,1770,1846
10671,12399,11761,5465,2815
4298,10643,1749
9652,6972
769,7559,3981,5462,3423
2219,8048,5430,4151,9915
4576,8329,5291,9492,3422
8864,12493,12333,4818,244
9603,4742,1775,4274,2391
3842,2789,10505,9205,10398
1744,9913,9038
7457,7865
5190,5069,11448,9947,10941
2274,6531,5995,3415,249
672,6639,10645,6619,4639
7009,12115,5972
9712,8641
11265,10017,806,1008,1522
1925,10440,4873,6320,9016
6248,851,4973
5800,9301
2692,6380,8404,4598,6874
0,9649,4692,3767,5182
2890,7948,8399,9525,6235
11045,4007,6415,7216,1681
5665,3909,1446,2347,1207
5477,2567,2350,7700,3924
8514,9316,1509,11793,628
897,9419,9618,3675,7613
6400,8225,9751
1186,12611
6189,10734,5647,3832,2750
8418,578,3189
12650,10548
8321,8589,3502,3375,7258
1730,8601,1491,5657,11933
2728,7177,5546,12533,12059
9889,6084,11788,8112,4023
10768,5051,3063
10578,7698
4036,1958,3247,3838,4031
7313,953,1225
12125,6591
4833,4866,2546,1757,4991
7304,7951,11698,10232,5209
464,8697,4877
11040,9639
11723,11244,10252,9331,10045
5252,8398,4272,5105,10673
9004,1135,12081,1971,10775
8763,3907,8159
10672,6012
643,8519,10217,4218,12414
11104,10952,10510,7699,2908
1287,11856,8016,2552,10332
1088,4291,3240,5161,408
10699,11347,9011,10550,6463
7876,6792,5561,10321,7065
3649,3362,4880,11927,8664
8898,10244,8134,4722,1020
11169,11619,10760,11787,8464
8930,642,1680,4370,3225
2089,13,1590,2906,2011
9073,10227,1847,10616,2233
6434,8037,6313,1515,11100
1136,8721,11416,7517,12543
939,9300,6614,1753,2045
8035,2061,3507,10037,6653
1033,6860,4105
11458,5380
3524,6824,3119,5239,191
6156,11795,11062,3958,4126
5961,9098,1970,12756,7382
7137,9188,12613,9606,9937
4896,5796,362,622,7228
11552,8352,7558,8951,10393
8074,1328,5590,6651,2973
7328,8648,10158,9556,5781
135,7505,7410,6140,637
2462,11432,12079,2268,11102
6499,7815,12754,2329,11103
4167,6731,9421,11064,1050
6089,1519,1463,7289,10554
646,7689,619,157,61
11840,2434,2921,11184,8083
1504,965,1931,1233,659
11439,6322,12149,9147,3614
7366,3372,7663,5788,4990
12288,2594,5733,7081,10388
416,1540,3528,914,1906
1219,1657,7897,6393,2684
4520,169,1197,911,146
8860,5004,7539,1370,10236
6282,7786,10030,9012,2617
3878,298,12207,3670,4863
450,6,3882,108,209
5899,2485,5334,11671,8604
9833,9104,9714,4155,254
9353,12335,12819,10908,3773
1128,3090,8563,11477,8792
8,862,187,662
874,166,503
865,610,266,365,463,304,50
20,5806,3895
39,686,316,1078,284
677,660,1077,117,892
56,668,758
336,893
3489,1094,391,4431,4277,4793,62
1644,2636,7470,4464,4120
7764,5620,7967
3000,1571
4587,9650,1106,8822,6456
3970,5735,871,3987,1855
3996,3655,1455
4315,5093
66,5203
7709,3158
6408,74,5237
310,86
95,1943
2026,1453
194,2355,2381,1671
1808,629,460,725
4312,105,3822,215
130,499,1015
522,500,998
398,2159,592,1684,860
1944,609,137,1231
1316,10992,6610,7506,2366
4899,139,11948,12174,10807
8834,7587,11053,9775,3283
488,369,2365,152
586,1003
792,772
154,675,357,591
163,2694,3282,1619,2743,2557
5296,2742,1886
4872,4417,3101
176,3366
1904,178,4883,4083,3949
9868,6444,9298,180,2780,5406
2528,1384,4402,6581,9816
192,709,1611,348,511
11745,10691,7852,5166,208,12726,11833,7611,1913
8738,8739,9812,9240,7293
12451,10584,3354,6908,12446
9601,11877,12167,11473,11709
10753,12464,9783,9720,11770
3744,211,4836,8725,1222,6252,445,10911
222,6102
226,470,439
233,2977,997
11536,12561,12908
1306,4124,236
275,8250,7797,565,5146,1358
1416,300,3263
474,1101,1502
577,318
6090,4460,6871,10681,7995,8605,7839
999,8136,4938,12365,7000
9505,327,9901,12305,11006
7635,10228,12325,8501,8807,328,237
737,1602,1315,340,821
344,2760
6185,12551,7623
1881,9267,372
385,6771
2432,11363,8520,7247,11767
4800,389,12105,8426,4730
4739,9994,3850,1421,9039,1526
407,6564,5520,7639,9400,4957
840,413
2115,791
2285,3450,7836,2332
425,3779,8996,8675
2818,3227,10523,752,1490,9851,6079
10369,1988,8107,7278,467,2654,11199
5232,8457,1459,1149
8473,471,3363,2663
2339,7203,4782,5593,1085
3780,11822,11188,2649,8958
6125,978,472,10141,11327
11236,3237,8874,11864,5882
8076,9199,10002,3539,3956,12498,12567,11293
9739,12052,12813
11297,6435
11522,12547,12806,9735,10759
2923,12309,12057,11291,12316
12004,10710,12573,12830,12063
1901,11725,11992,11097,9951
11481,473,12762,12507,11998
8928,8485,11813,11558,12746
10976,12772,12583,5672,10632
10022,11047,12235,9677,11311
12744,8905,10031,6959,12723
9804,12784,6965,2871,12604
833,11841,10827,10572,12092
11330,12612,2119,11218,7762
12640,12135,9162,12371,4959
12402,4987,7551
12114,5350
11140,12774,12518,12281,11772
9352,12522,10219,10892,11359
11654,12390,11400,10889,6794
9576,9101,7569,6131,4244
9578,9718,12537,12699,11679
12193,3746,9895,11629,11514
12458,11443,12542
12200,11435
12677,9415,11699,12214,10683
12802,10179,12735,11965,3519
1347,475
480,5604,2443,3854,2222,2482,2612,2680,3166
2037,3512,5401,4699,510
2208,5542,4525,5198,3376
1777,501,857,3677,2911
505,8699
6338,12485,3046,8391,599
12714,508,974
888,11969
11425,514,12782,8594,8214,12216
10019,10149,3724,12173,10925
3361,11107,10899,1208,523,10923
6842,4652,4926,527
2144,531,2669
545,10214,8218,8668,10878
1482,4219,3666
7913,2253,4878
3906,1412,551,3592,6232
3298,971,4502,567,7801,5562
2176,1628,4318
10156,2487
4041,2954,4009,3885,2364
6810,588,1397,7894,2935,8506,7196
11616,3506,5412
9224,7205,11736
595,1606
4363,596
11869,7910,11223,617,8155,12012,7708
4487,641,3414,5063,4428
5697,9349,2056,9738,8396,4430,10255,663,10488
3048,665,5819
2624,11924,10437,693,12662,12187,12828
697,1291
3386,4334,4150
8529,707,8791
5696,6528,1387,5135,6294,2301
1857,5990
7664,716
1252,11750,7430,10284,859
12738,8802,10251,2553,729
744,6388
8347,5949
867,755
3664,757,2950,9590,6107,6332
1729,2667,1102,5910,2873,4121,4027
4522,7084,1452,3315,6585
5409,1765,774,6345,5243
2146,1892,2569,4311,3293
1448,1586,1228,1518
825,1190,777
10784,6462,7476,863,779,6283,6270,11599
7520,11729,8075,5830
6328,10099,5495
8330,12054,10247
818,1499,9476
6046,6175
2170,4861
6048,6701
6426,3213
3923,820
826,8652,6205
6524,5924,854
5952,1738,831
960,550,10984,8683,2588,11743
7425,10082,10050,9067,844,1813
891,6039
11456,9361,354,900,6052,6326,7816,3755
2722,1794,2466,1890,1002,1134,2619
2752,2410,1419,2668,910
1220,1541,1542,1481,2549
1829,1258,1428,2520,2136
934,907,2420,1655,1919
3928,12644,917
922,3827
930,3394,6533,1735
944,5332
2992,1824,2700,952
6387,1156,980,3995,1132
2501,4933,2471,8208,989
1613,8788,3287,8442,10684
11554,7908,8842,7441,6999
5378,5102,6835,8890,7133
6120,3308,6545,9975,6943
3642,1018,3500
3104,291,5475,1027,4677,8989
6224,5601,1389,2133,1037
1042,4932
10033,8293,1069,3613
1074,7050
3251,3271,2393,1084,1711
6297,3034,1093,8405
1100,6478
12554,3352,3993,10844,11455
9752,6500,11414
12077,1110
12036,5765,10183,10474,9708
12679,5227,11732,1112,9307
1122,4965,9580,11993,1918
1614,2574,1141,1654,2651,3007
2514,1868,1959
1768,1355,2957
7576,7232,1143
4025,6854,1145
10714,9981,7159
1146,9533
7418,1243,4500,11645
7456,4232,3563,9116,1150
8056,4165,1174,4744,6414,8478
6425,7148
5104,8122
4937,4890,3612
5060,1179,2286,7992,4955
6267,2191,8304,6645,3131
4906,3855,1332,4985,5342
1217,11874,10428
1493,3959,4713,1230,5294,5902
1234,3187,4357,3420,5214
3076,3468,3344,2162,3001,4316,2652
3432,4491,1454,2071,1467,3037
2562,1261,3217,4185,3772,2397
1975,1274,3243,1596,1885
3859,8371,5878,1294
2840,8808,1301
8873,12074,8803
1307,2877,3703
3816,5937,9180
7352,1308,3431
4351,1615,1790,1326,4687
10515,9075,4612,1327
8978,6455
11544,6922
2288,11273,11260,7759
3232,1683,2101,1334,7002
7032,1345,3504
11811,1348,6859,5676,5646,6553
2419,3852
2065,1819
3552,1962,3205,1359
2180,4265,7586,1364
12384,3137,10420,12150
4538,3035,1373,7686
3521,1386,3918,5493,5718
4164,6436,3175,1521,6233
11237,1382,11917,3347,11230,6015
1393,10309,8111
10536,7561,10986
8451,11511,11988,11799,8537,3579
10034,1402,5487
8239,1725,4055
5668,7883,3020,8780,2749
2691,1603,7308,8946,8222
5974,1414,5918
3908,9526,5759
7393,1427,2518,8190
1444,3925,2438,7502,3727
1458,9829,10776,3721,11214
6440,11457,9335
10837,10678
1483,9620
5536,5410
1779,1599,1494,2047
1575,2252,2962,2682,2428
1772,1742,1496,2490,2143
1976,5193,1497
4241,1578
1795,1733,2773,3195,1597
1604,1677,3766
8220,1621
1723,1629
1633,8090,11123,10887
9852,6517
1659,3951
6276,3055
6157,3750
11010,3630,10575,6002,10771,8829,1694
5538,5861,9160,10134,5719,10171
1700,3307,6244
2112,6819,7619,5219,4980,2294
4928,5569,5065,1709,3665
1888,5344,2933,6840,6975
5624,4704,3149
3030,6967
1716,6180
9006,3961,1726,8991
11697,8658,7516
2098,4082,2396,1767,4940
1776,11863,6759
1898,1799
9208,7266,6142
1801,7651
10882,3152,1809,12593,4024,126
3957,1814,4680,9129,8636,8271
2891,1827,4462
1834,6612
1844,5695
11090,1803
7601,5981
1850,10172
3480,1866
2856,3284,1893,2094
3073,3429,1894,7174,6263
4717,1905,4470,2712,5307
1908,2348
1912,2748,2204,2060
1915,11333,2444,8655,9270,8571,8542
11008,12302,2862,11380,11543,12408
1922,4484,6757,6535,8211,8310,9467,9726,10687
5152,9536,1935,4051,12405,10197,9336,12061
3418,8229,2165,5054
1968,4360,9629,11126
10292,8733
6676,8726
1969,9813
9825,10043,3340,9559
7194,12476,6773,12062
2352,1989,2342,7719
1031,9615,9586,12633,11901
2025,9706,7024,10930,10738
4097,10083,11077,7621,8199
3778,4229,4172,2161,2033,2291,2131,4149
10978,6915,5992,2038,11899
2039,4087
2081,4337,5681,5210,2042,7068
2048,2939
6363,2055
6402,12231,7047,2073,11003
2085,2213
2257,8760,10105,2107,7964,9967
5027,5605,3654,5451,2928,3474,5338,2109
4644,6027,4910,6162,2450
3522,5809,5622,6678,4857
6112,2307,6597,5224,5422
6343,6096,6935,9054,2111
2794,2139
2427,2413,2150
2152,2398
8097,9702,10601,11852,2160,6741,8854
2310,2605,2645,3319,3002,2494
3136,2383,2163,2519,3516
3905,3747,2502,2346,3821
10362,2731,12068,2174
3064,2273,2198
2228,6214
5312,11249,12195,4358,9495,2248,2203,11052
2256,9779,8964,3348,8461,7647
2961,5442,5701,2262
5049,2698
2586,8491
10872,6863,3712,8895
5216,9281,9295,5365,11576,8729
11952,2293,10413
10209,8613
2306,2706
5698,8742,8079,7152,5976
2314,9164,3916,11314,9623
809,4354
3692,2316
6207,2335
3161,11209,2349
2784,2354
2358,2620,3446
4804,5160,3785,4972,2382,5043,3385,2399
224,2404,3211,5772,3122
11242,8716,2989,1743,5682,2421
9746,1740,3012,2437,5110,12282,9372
7281,2507,3589,2455
2465,4340
5539,2480,7282,5206,4697
7264,9546,7825,9529,10138
2481,2723,2483,3239,2920,3255,3357
2484,5893,6038
3688,10921,5666,2533
2535,8455
10415,2538,8674,11975
10938,2547
2947,2604,4835
7184,9019,6423,2634,8011,2988
12553,10802,11636,375,11032,6938,10972,2653
12809,10766,12304,12244,7389
12033,10819,7752,12041,12499
12385,11431,6699,12283,10556
11136,12203,11308,12527,6384
11250,9203,12407,6202,12663
11112,9771,6319,3762,12083,9877,11935
10692,12294,2664,4373,11033,12538
5056,4773,12138,10091,10482,10271
5629,2670
6051,3684,8669,2717
3405,8531,3892,7317,8342,8406
2727,11655,11981,12241,9521,11321
4583,2744,6138,731,9821,4543
2761,9961,10773,11640,5534
932,12153,2764,6227,11737
6520,9847,5983
8507,11588,2246
3464,11562,2803
8001,217,2813
5784,12234,10414
8472,2833,8059
11651,2854,12456,7400,3216,3281,1302
3930,2859,10324,5197
3337,2860
10339,3492,4356,4429,4497,2867
3107,3286,2943
4347,7847
4840,2885
3801,12435,2894
3584,2897,4979,4469,3212,4590,4015
2898,4659
3074,2919
12192,9696,3296,2968,6586,11546,7932
6281,2970
2985,7273,11537
7976,7086,12110,7696,9940,7837
9152,7853,3022,7804,8639
7296,9231,4626,7028,6198
11109,10954,10858,3024,3093
9968,4921,3026,6221
3045,3462,3047
12155,6442,754
4801,12171,10142
11334,11627,3062,12183,10169
3072,4633,3717,5525
7465,3113,4174,4750,4759,6042,9245
8616,6882,7326,7066
5739,3254,6302
993,3114,9207,10007,5112,12732
5540,3123,6836,11383,5885,12286
6265,12765,7190,9719
11304,9487
11808,12421
3130,4307
4161,7396,7269,8840,3147,6003,4954,8092
10432,7595,11916,11918,3313,12790,11063
12832,9762,9271,6814,9759
8836,9736,9786,10618,12671
3874,10405,7863
12770,12771
9713,11125,4790
11494,4710
11105,3682,8831,4953,11871
11393,12482,11463,3157,10839
9506,12619,3860,3190,7255,12730,9117
3285,3207
3334,7498,3210,8912,10581,726,10587
5537,5713,3992,4297,3231
4146,3382,6166,3834,3242
10537,12425,9517,12238,3245,8051,11994
7552,10497,5955,7527,11578,11002
12172,9935,10066,8306,12500,11769
8512,6955,3596,6299,3708,3261
6562,3459,7015,9483,7821
6704,4071
10203,3267
10372,3275,9493,9910,2807,4377,1310
2400,5747
7512,10713
11496,245,3291,9387
3617,8466,9938,2966,9081,12571,3292,7454
3303,10216,11437,6542,3056
2179,10005,12473,10491,11388,8735
10833,12251,7875
3304,9218,11848
7076,3309,3862
6370,5064,5714,5395,5586,8050,3508,6010,9855
5385,3883,7372,6669,10199
4005,7592,9032,9172,4220
5822,5709,3662,3326,3391
3788,4251,4022,3803,4028
4194,3590,9127,3931,4188
4450,3667,3815,3768,3770,4375,3343
3365,4703
3371,4427,5077,4072,5337,3691,5934
9201,8434,10291,82,11977,3373
3403,7052,7221,4563
5081,3426
6153,3443
11555,12331,1099,11322,11294
4559,6644,11000,12060,3455
5217,10248,9770,5071,1495,5820,9277
9477,3463,7219,12243,11862,10012
3466,10965
8480,5896,3693,7885,4369,6749,7038,4575
6636,4467,4821,6199,5503
7779,5965,4629,7319,8187
5116,4326,3671
7649,3471
5258,6060,5932,8088,6427
7841,4844,5389,8752,6230
6222,8693,3547,4444,5343
5387,4180,6776,8924,7838
6913,7302,6599,5883,6303
3496,4421,4599
4416,3585,4002,4107,4396,4523,4567,3514,4958
3520,11809,8970,3828,12120,2108
10754,11979,10543,10703,10230
3535,6800,10608,10803,6266
3537,4858
7361,7879,10509,6098,12307,3605,4248,10845,5609
5780,3796,6420,5641,3676
4967,3593,5580,5838,3679
11601,8530,11153,3697,6529,12198,6662,9999
5648,8688,10011,5362,4198,3707,9774,5567
6467,4515,4423,6409,4786,6295,3900,3709,3839
10473,3754,7229,6298
3776,4073
9776,11121,11760,3857,3804,4660,7020
3817,943,4019,1212,8286
10040,5319,7208,10299,5259,7437,3823
9280,5852,7765,3864,8235,10652,2029
5025,5098,4651,3893,4758,4824,4505,4732,5021
6657,4557,4310,9238,7416,8249
5857,3939,4746,4592,9750
6192,5414,7112,3976,6379,7901
9449,3989
4905,4748,5712,5075,4630,5080,5471
5184,4842,3990,4283,4636
4294,5257,5521,5715,5372
4017,4458,6652,3998
4643,7988,7814,4199
9699,4006,11120,9330,10132
6373,10374,10258,9398,279,10366
4008,12170,7788,11472,7888,5631
11658,9427,4046,8423
10565,5356,11158,10910,9215
4615,11407,10962,4053,7103
6418,6485,4093,4886
5186,10564,5317,4101,12921,4282,12541
8000,9988,8614,7239,7774,9009,10462
9024,8041,10094,5679,4110,7359
4649,4138
4142,10128,7857,4568,11132
8124,4516,4166,5095
4736,6818,7321,5013,5481,4171,5260
8021,4189
10755,5036,5894,4207
6169,7466,8611,6655
4792,6284,4622
6563,8615,8267,4236,4302,8152
4753,5169,5554,4308,4805,5288,4238
5201,4539,4245,6161
6739,4284,4925,9790
12496,9288,10350
4287,6146,11263,8099,9513,10799,11569,6394,11839
7426,8484,4293
4304,4461,4518
9728,12321,10486,10585,4329
4331,5548
8164,12005,11016,1138,6875
10061,9810,11989,7644,8798
12032,12227,10246,5576,10249
12324,11710,11807
11963,11070
4352,8165,4904,9965,9389
10210,11312,10933,10553,11834
4962,5842,4374,9820,4413,3710
6728,5549,6486,5231
6353,5298,5545,4422
4436,4951
6722,5327
8346,5847
6200,4961,4483,4454
12355,11940,5618,8151,4472
294,10215,4488,5705,5279
11502,12015,12692,9911,11513
9283,11909,11782,12615,12141
2264,6458,8722,8862
12761,12713
12443,9076
10145,4924,4550,7918
8145,4572
6314,8202,4684,2134
11688,11266,4604,10429
8072,8841,11913,12116
5591,10830,4399
9113,6179,4620
6104,6377,4635,6797
6977,4641,3404,4815,7035
4929,615,8776,8297,5611,8153
4642,5386,8749,7803,10591
4658,11013
5264,6569,7074
8008,5869,9120
7971,6995,4884,5933
4802,4674,8772,5559
5504,8425,8700,6847
5185,2147,4678,10507,1771,12089
10289,5686,4662,4700,6684
4705,2532,3541,12312,6750
10864,8770,4707,9017,186,5612,1181
7427,11603,7989,10455,9368,7933
4723,9557,4934
8608,9131,12638
9542,9003,6829,5817,4761,6367
9701,8071,7560,5553,7896,9214
2721,4771,8581,10023,11539
10761,5489,4820
7104,5229,4838
4841,6234,7318
9585,8532,11348,4870,8379,11663
8240,5497,4891,8444,11983
7881,10237,6323,8244,6365
9441,7314,4909,8150
9761,10791,4137,7116,4912,5843,12698,11483,7166
5156,4943
8913,6290,10812,8999
3824,11035,7660,5015
9936,10982
5144,9222
10922,8353,10377,12654
8288,8322,5030,9430,5208,7930
6961,5066,6628,11796
2378,5092,7325
5120,10821,5848
5128,5729,7626
10410,10472,11306,11803,8942,5134,11023
12071,11048,5592,3019,9206,10520,10527
10917,10407,9772,5143,6072,10937,10239
5145,8339
12546,5154,12398,5204,1982
2915,9289,3374,5167,4913,2526,10943
5177,5212,2733
7931,5191
5194,7890,2486,10200,8541
9665,9962,11786,11851,7160
7395,11524,12775,8904,8617
8550,3434,11372,589,5200
6064,1939,9174
5220,12069
11424,5222,10055,10955,3054,6170
7979,9628,5230
9862,9418,8755,6366
5424,6043,5532
5248,5250,5507,5482,8591,5627
10257,6399,8967
5938,7550,8175
6976,5941,8631,5256,10328
5289,5354,5445,6047
5544,5302,7767
5313,5505,6193,5577,6077
5858,9827,1278,5407
6754,6471,7519,5551
7968,7810,5558,7959,9976
5570,8981
7747,5877,5610,7962,7981
10021,7336,8395,5617,442,8412,7903
8005,7983,8944,7605,8344,8185,6525
10739,6391,7283
8632,5764
8419,6411,8815,7610,8795
9027,6129,8852,5621,7739
6947,6502,8465,7860,8375
10112,5988,6086,6158,6130
5626,7643
5640,8633,8882,7483
6738,7972,7029,5654
8065,10788,2053,7687,7098,6876
8769,7842,8997,5642,10027,8566
9632,11411,11702,5658,11420
9672,12449,1907,2212
10611,10014,5671
481,12229,10475,5367,10835,11479,10427
12740,8805,9831,11657,5677,6259
7583,10206,8503,6968,7899,5726,7391
7872,7141,7501,9359,6032,7924,7067
5748,8781,4887
9861,6924,6574,10032,9233,5751
8800,6608,7063,8731,7677,7327
8385,1157,9060,8933,11111,9200,12273,5752,3324
5767,7375,10596,9638,9832,1259,9338,12284,6333
8889,7469,8985
8596,9052
8825,7034,9485,7175
6658,5844,8156,5799
5823,7254,7735
5824,9235
5886,6277,6342
9667,7495,5901,7955,3060,4092
11076,11174,5929,11346,8307,7925,11609
11442,5963,9356,9095
8038,9541,9926
6832,6082,5931
7419,5940,9086,8479
7961,6770,6347,6075
7818,9196,6447,6288,7806
7077,6247,7432,7468,9183
9460,6925,7935
7914,6124
6755,9291,8338,8984,8761
3499,7349
7329,5982
5994,9083
3244,6116,2829,8166
10569,8233,6122,10633,9748,6903
7939,6725,11749,9062,10110
6209,6573,7070,9887
6577,4734,9465,7334
7697,8810,6238
11179,10948,6245,2886
11360,6816,10436,6291,9175,9880,8252
12178,11427,8435
10789,11557,9675
7680,6407
6450,6686,8511
6464,9572,11402,4812,9709,6674,10740,9883,9469
10148,9319,10828,7662,7290
6496,7645,6691,7529,8893
1160,6518,11545,2778,10524,8413
10979,12484,10403,10119,11099
9953,6885,4552,7756,4917,6519
296,6601,7016,9837,11519
6534,9005,10958,3215,12024
7044,6557
6624,6561,7346,8723,6616,7353,6779
8745,9379,7150,10342
6584,8916,7518,9543
2578,6598,7390
6623,6663,10959
6625,12266,3206
10974,6671
9765,7435,11789,11857,12250
6672,7248,11607,11897,4603
9072,6953,12009
12347,9950
8069,8535,6936,6697,9212,8141,8284
7041,6724,7206,7149,7055
6752,3041,5923,8167
6753,8049,8806,9734,7257
6769,9619,6916,6806
9853,6805,11438
6856,9332
6866,7594
8610,6897,11666,7380,11929
10531,7046,5515,6902,7003
7398,7320,6906,6986,7356
2953,8732,6910
8440,6960
6979,2805,7438
12354,6981,9357,5725,9061,10092,12793,9466,11835
10048,9538,9865,11261,351
9634,11240,6985,7921,9653
9514,11826
11673,6987
7267,6996
7040,10120,2104,7385,9724
11202,9980
9440,12670
7648,8006,7054,12240,12191
12165,3241,7153,3124,1911,7900
10822,12375
7944,7157
7164,4190
7912,5175
11568,1124,7311
10152,10224,12463
10264,7165,8988,9244
11600,11850,11659,11391
12088,9275
10441,11122
8010,7191,7214,8447
7193,8643,11731,1647
5573,8373,7309
8963,11880,12023,7342,7922,7927,3866
8544,8640,7911,8877,7408,7581
8704,8320,9320,8337,9908,7898
9569,10854,7433,4752,10836,6743,7768
8290,3327,11141,10842,9867,11564,7471
7760,5514,7499,7556
7531,7636
7568,699,3176,9326
7713,8370,8163,7975,8040,8105,7582
8360,7625,8477
2696,7657,8540
8824,8865,7671
12665,8372,9511,7705,10730,11115,11101
12710,10159,12470,183,7711
7728,10593,5249,10980,12053,9959,10840
8032,7776
10114,7789
8577,1162,12118,11229,7778,12327,10728,12587,12799
1997,4044,11157
7795,12308,5029
8066,12208,12528,11155,11194
9507,9966,7799
2851,9697,7843
10024,9658,7946
1025,12712,3345,11895,7993
9763,12515,11594,9168,12372
12270,10915,12422
8450,12803
12481,9648,12467,8692,12597
10028,8588,47,8019,10996,12182
5777,5827,8043
8057,11810,12465
9803,8052
12514,2214,2156,8116,5463,10781
8582,8158
9058,8388,9013,8182,8349,8351
9035,11500,10526
10953,10690,10494
10544,11378,9879
10532,8196,12415
10748,10535,9863
9977,6274,8213
12194,12680,9928,8785,9553,8915,7606,9914,8476
11137,10945,11396,8646,10451
12452,10724,9255,10089,12349
9892,11114,11820,10861,8879
10496,12338,12403,10677,8223
8238,8871
9286,10121,8651,9426,9823,10353,8242,10745,9788
4127,11997,8262,12263
10124,8263
8285,9575
8299,8709
8796,12766
8354,2587,11972,11342
10875,11219,8910
8386,10846
11693,10038
8556,8109,10895,12401,2675
9059,9091,8586,8875,8534
11009,8657,11926,5417,10490,10319
12163,11556,8676,12106,10993
10376,8703
8708,10063
10178,8711
9323,10020,8750
8816,8866
10360,9637,8823
8832,2787,10756,10826,4956,9982
10186,8876,9558,5623,10301
11914,10898,5459,11423,11617,12067,2792,12279,8891
2477,10607
6217,5299
8971,10300
11193,11046
9000,9041,9755
494,9071,9687,728,10074
11096,9085,9128
9242,8054,9094
3736,10477,9134,12287
12448,7874,11343,9139,9268,3380
10060,10995,9140,7415,11903
10689,3529,10295,11705,7740
11888,9969,11958,9143,11130
12417,11234,12685,10382,12013
9170,9194,10198
9232,11999
12006,7494,8365,9263,1201,10047
2010,9621,10438
9363,9284,9445
12353,10530,12739,12488,90,9292
9310,9302
9956,10090,9329,10354,9939,9494,9784,9818,10456
10466,10275,9362,9593,10860
10285,9367
496,10211,9497,9707,10062,10079
3442,11755
10443,9693
9768,10932,9814,1719
4865,12035,11720,9842,7702,10296
9857,7235,11716,6559,10662,11563,10157,10421,4215
9907,11190
12512,251,8782,9927
7987,9931,10412,2876
8378,9954,10675,9727
2948,11845,6023,6014,10743,11198,12095
12066,11204,9991,6958,11771,11134
3087,10194,10838,12727,10808,10042
11817,11369,11089,10483,11669
8523,10764,11283,11028,12438,2459,10920,12330,10102
9920,1899,12021,12406,8031
9037,9645,10130,11098,2910
5966,10164,11092,10166,10106
10402,10115,10348
10408,10127,3644,11358,10559
10176,10723,1164,10669
7201,12078,10967,11005,4830
11777,10435,10181,11915,10384
2822,11945,6220,11533,10225,5683
10594,8809,10378,10386,10261
12624,3570,10651,10715,11484
11042,10340,11754,10351
11329,11074
12356,12709
11313,10346,1158
11584,3873,10444,3141
11332,10598,5583,3867,1276
10445,11605
10576,11859
10447,4493,11647
6008,9573,10463
11728,11490,10712
12196,12070,11373,10546,12795
12299,11151,10901,10774,11163
11949,11119,11446,12599,12603
11843,10949,12397,11324,12605
12741,12145,10484,11739,11611
10849,11847,11370,12255,12159
11717,12233,12237,10991,11254
11854,12111,11251,10614,11007
12201,11785,11345,10449,11390
10571,10478
11480,12185,10508,7492
12180,11364,10541
3470,10638,10871,7609,12666,10877
12109,11954,10966,12409,10847
10722,10763,11957
12376,11044
5572,10823,5162,11246,4825,11610
11353,64,12099,11460,11221,10985,11022,1897
2414,8303,11890,3219,5331,12570,11036
11073,6513,7186,11510,4156,1086
6848,12242,11955,9108,1556
12056,11182
12176,11337
704,11541,12534,11959,11451
1465,11713,10262,8705
11881,11587,11683,11911
12386,11747,11595,1324,12382
12146,12276,6900,12168,12378,88,11919
12769,11925,6888,12492,12300,12126
12717,12494,12209,9266,7706,12157,11967
12416,12322,12389,12265,12490,12459
393,12629,12039
12440,12426
6510,12591,12752,12562,6452,12822
12870,12934,12935,12815,12913
