1153,9221,1158,6150,1160,4874,9226,909,398,1042,9364,8471,2712,5145,1052,1057,9506,8611,8228,4393,9258,2604,437,7094,66,963,964,454,2632,5193,7627,1104,8405,8790,6104,217,9305,2396,2784,7393,738,4578,352,229,1126,613,1001,6128,2673,754,1014,7415,3064
1539,6662,1286,5004,1037,6412,8719,3855,3477,1179,6302,673,5665,9123,2082,6693,812,4013,817,306,7992,3131,8255,9282,7619,5060,8391,3400,3147,8267,7501,7502,6354,342,6998,3672,9308,988,7397,1896,7144,1002,1899,4588,2286,2671,2670,6382,242,7412,1272,4985
7169,3458,6658,1543,10376,3593,1165,3346,405,789,7706,3357,2338,7971,164,3112,7469,7981,2098,1207,5823,192,5569,2112,447,6724,3909,2888,9033,1866,3149,4563,8660,2133,6359,3034,347,2781,6110,6238,3678,4449,2912,2149,998,5739,4587,2542,8304,117,377,894
1156,2701,1808,2065,3473,1686,1051,7067,9245,539,289,6562,4131,7337,4906,3887,2736,4276,1975,8503,58,4539,3005,5824,6979,2884,453,4553,460,4302,6094,592,341,5078,8152,985,4057,2527,4704,4961,1252,871,3176,8295,8942,7793,8694,1656,890,4988,7294,511
896,4483,7814,1671,4622,527,10257,1553,7962,4635,5279,3232,3745,4643,6307,1066,3243,4654,1326,7344,2738,1843,4792,4665,6652,6975,6592,7360,1092,709,6342,5065,843,8782,5327,3151,5201,7388,6624,1888,8293,1893,3434,8812,5869,1392,2162,499,887,2300,3966,6399
2946,3459,5514,2957,5135,6164,6818,1444,10148,1446,6569,4010,7980,6832,5041,4018,10033,5044,6200,5692,3261,2243,8772,3273,971,3667,983,4184,1497,4315,2267,4445,6496,2913,6882,5219,7267,3815,3048,5735,1771,4844,1261,4209,6002,2419,5748,5747,1907,3318,6267,4351
128,9348,7175,4491,6284,5007,3986,2835,1556,4887,6552,4120,4900,3622,3239,4009,1065,6955,5933,9006,4017,9650,3514,7740,3901,2556,2881,5442,707,4802,1093,3529,2380,5583,1359,850,4185,7002,4954,7645,4832,5601,2658,7396,3174,8039,5871,6003,3830,1654,7801,8700
7041,4867,3205,8840,524,7821,7438,4750,3344,6032,3984,8596,2459,284,6299,2204,4768,4640,9120,1574,427,1790,3247,2353,5938,7988,6452,1078,6840,3768,6331,700,2748,451,1091,710,4300,1231,8529,339,1628,348,2398,1118,99,996,7269,4458,6256,2672,2301,7550
6913,1018,6533,266,907,10003,1177,7581,2849,930,5414,1958,8748,4525,430,6060,3376,304,8882,8250,827,7356,2109,4542,187,961,3394,708,1735,2896,857,3293,6749,2911,7649,3045,7398,5224,874,2924,493,365,2668,2802,9207,1524,2420,8439,2296,1530,510,3839
6528,137,6409,6027,5243,522,9359,7183,5013,8346,5532,8480,677,1957,2856,8364,8877,1077,5307,6082,1094,6599,6986,1868,1614,1872,3284,2391,2520,2651,2652,5852,8540,2401,4450,7779,5093,7529,4586,5481,8810,1644,7534,8175,5104,2035,8822,5880,1274,6779,5116,8319
6277,5640,3977,2569,3339,8703,5389,5258,2191,8337,9109,6295,2713,7066,3996,3998,2208,2723,1187,4515,1829,2473,4652,5549,1709,1919,1347,4041,1355,5451,2381,463,9681,9299,10199,5975,4311,602,1885,1629,8416,503,4326,2409,2410,3690,4464,501,1655,1401,892,2559
1797,9734,5385,7063,4251,8479,1696,8097,7077,1190,9127,5160,4005,2346,3883,6956,1197,6447,8370,4022,8761,1345,9291,7372,3662,1358,5712,591,1491,2643,2519,1496,3931,5212,4188,5214,9183,3326,9208,356,6247,6376,4842,9196,6130,9460,7797,6391,7032,4220,1150,9855
10114,774,7302,777,910,8591,3471,273,8338,8723,3221,7320,8731,1571,3109,1959,8360,7468,3885,2094,2355,8375,2428,567,2490,3770,2620,1855,194,3522,196,2636,589,5456,7378,340,6996,4567,4824,7901,4191,737,1507,4709,357,6377,1003,1772,8816,3315,1140,10236
3970,6663,1419,4107,4748,660,7319,9367,5627,7321,4759,4636,7967,929,1455,2481,50,2611,1334,5559,3000,4028,3391,3905,4294,1225,7886,5071,6608,3665,5715,3671,1495,5594,9052,1501,8156,610,8163,4454,8806,9320,1897,1387,3181,8049,7924,8693,2041,2939,5372,3710
5504,3585,2176,0,1025,5128,2059,3468,3343,3474,6294,662,3990,8985,7327,1315,6948,4522,4396,6446,5886,825,1723,6077,6847,1602,3788,2252,336,464,6995,1107,3803,5725,4958,1758,8032,865,8545,1768,5098,6124,3821,3693,1518,9840,2548,3446,1017,251,7806,7935
5764,1668,1541,5257,1550,6288,5521,5654,3350,8344,3862,1816,5405,5021,7076,7461,7975,5545,2605,1199,6836,3124,821,6456,2491,1212,3516,3772,1215,6467,7878,3271,198,70,8141,1615,6738,2131,3156,1106,7390,6623,4575,2273,6366,6755,7657,1516,1777,5620,2037,4732
8704,8069,8967,2312,7818,4108,9212,7055,8465,8852,3995,4255,3871,6561,5025,4644,933,934,679,8616,1064,2469,3367,5932,1452,688,5682,7353,3897,316,3012,6597,3785,1740,5965,3023,4436,2136,3677,4194,6502,2029,3965,8944,3953,6516,5621,6262,3319,5883,6140,3709
4736,10112,5505,2438,1032,6925,6158,1296,275,4884,9755,6303,5409,4002,5542,5799,2857,5162,5931,1711,6193,5169,5554,9908,7860,8889,6075,2364,4926,9154,1220,6598,1352,7625,1995,5198,5335,2904,8284,9181,2143,5344,7015,8425,7789,8685,2291,500,2295,1912,8825,1662
8320,1921,2305,5507,1799,7432,5387,2187,6924,4753,6678,1943,8088,6169,666,667,6947,166,1575,1705,4267,7983,947,2740,4149,3638,7226,6461,5184,3778,6086,6220,2383,10959,2514,9172,725,1366,2393,5595,3037,4318,8544,1120,1892,5988,3047,10739,4980,629,5622,374
1280,5250,3590,9466,4238,3983,2962,6803,2198,792,8984,6936,7841,3747,6309,3113,1962,4395,6697,10285,3251,565,5177,954,4283,3386,8633,5822,8893,5696,3654,4423,7112,1481,5447,1742,5842,7764,4180,8535,8791,8924,2920,1258,4972,4334,2163,883,7029,4857,2938,3838
9603,2052,8071,7560,3212,784,5905,2195,9619,1172,6806,151,4761,9627,8351,671,7843,6436,3236,5419,9003,4015,5553,9013,3767,6584,953,1083,4031,3521,4164,5958,6990,8916,7896,7518,9310,6367,9697,9058,3046,3175,4584,4590,1006,6769,4979,3955,4469,8182,5493,2170
5122,10116,2057,3341,9357,3216,5136,5520,5777,2836,2068,7836,11040,11810,8996,9639,425,11307,2219,8493,9266,9396,182,1464,9400,7227,2238,4675,3779,9543,461,9039,2257,7506,6100,10324,9819,4957,8675,2020,5991,7400,9064,7275,2285,4597,630,11383,3450,1403,252,1149
8454,7815,135,2567,11144,7948,8463,7313,5649,7700,11796,7959,2329,2462,4004,8229,6311,11432,12456,12079,3122,5939,11959,2366,11584,10823,10444,3148,8399,7505,12754,4692,8917,10966,11610,2268,12125,11102,611,11108,9702,10342,7912,1386,11246,5616,1136,7410,7283,8697,7164,9341
8450,12803,12422,4360,9225,5772,11669,8860,9629,12449,10915,9763,12712,11817,10030,9648,1968,12467,7987,12597,9012,12727,10808,7993,10042,7739,2617,5054,12481,8262,11594,9168,8912,11089,10194,12372,10838,5080,9820,11997,11103,12515,2404,6499,12263,11369,12270,10483,8692,7539,11126,11895
8,1289,8972,11789,525,8588,658,8339,8979,149,537,3098,5147,8730,29,794,802,676,4905,809,9001,682,8750,560,4793,8766,4161,834,973,4687,598,8407,4694,604,5343,7776,7137,4833,3944,7408,624,498,1137,2546,509
10115,7435,779,9868,6671,2321,5907,6675,7963,10784,2337,9765,11942,11176,10280,7476,6581,8760,4538,4794,11849,3405,11599,6095,11857,9811,8406,12250,10974,863,4063,6625,9953,6501,8297,12266,10605,11118,10096,1648,1526,5623,9976,6270
1536,1408,1284,7436,4749,1164,916,2069,1048,8987,2973,7071,6690,3106,6308,2730,7856,9264,4529,2994,3379,5686,6711,8121,955,2492,4411,9790,3644,9276,830,7746,2886,7113,5964,1997,87,7167,1244,5726,4703,7010,4966,1639,3943,1769,5738,6891,4076,7666,3826,9204,4725,8312,505,8699,383
7936,3722,10,10636,9997,4752,7057,11154,2193,5396,8085,2582,4383,417,4770,3365,550,4391,1578,10416,4915,6453,1974,11191,10939,5695,3650,5316,4421,7367,11216,9937,6866,6480,2005,6615,8664,4061,3168,1121,6374,2407,3686,4070,9960,2539,9582,6511,7028,4599,3452
3072,6659,3717,8325,3208,1673,5003,1803,2448,4241,7315,2324,5525,6422,6421,2709,3099,3483,8094,6431,2975,4646,3496,7594,6442,1965,558,5423,2741,1592,697,8634,64,4044,8013,4814,8911,338,8151,351,5087,9188,2918,8294,2023,5609,5998,3440,7669,7031,4091
2950,2566,6918,1929,1544,396,9870,5651,403,7318,3478,4503,795,9501,5789,1312,7078,1703,5543,6186,2097,6201,6332,701,6845,1086,5314,8899,4549,8777,5449,9803,3664,9296,6231,5081,6234,6107,3035,5112,4062,3426,7906,4330,5228,4205,8052,757,9590,6648,1534
7297,6789,9611,6667,10637,12561,6039,1559,11419,8732,12445,5662,3102,6816,3362,4136,2090,7979,6445,5297,434,11187,11445,4406,11200,6595,7369,9802,9036,5581,206,76,8145,10714,8539,6494,10335,121,3814,3050,3051,5613,10221,6257,2545,3958,2425,2554,891,11774,4991
6786,8582,2183,8583,12426,5644,3981,10125,6030,4880,9998,11411,4888,1305,12440,1307,9628,11547,5658,2587,4896,9632,11420,5796,3494,939,10412,10158,11702,5565,6719,962,3010,11972,10311,10567,5959,9931,5462,9180,7517,496,4593,10994,6642,2036,2550,9082,8572,2173,4862
9473,8066,9606,7053,10001,9748,12180,5911,6681,1951,1825,10658,11298,9249,7079,2472,6313,8235,2731,10673,7601,9138,1844,2486,5174,1465,10814,9280,12098,1730,1861,7238,7368,9556,9300,7509,3797,12508,5981,3423,227,11364,5863,9448,8042,8054,9463,1146,11387,2813,2174
10631,12553,9358,10638,11408,145,12562,11155,11536,8207,8342,10903,11927,7065,2588,11933,3615,6176,10362,9383,42,6444,10417,10290,9654,4662,4407,10295,11964,9796,8900,11335,8650,5199,5200,8530,11090,4437,7130,247,11746,484,6889,11372,12908,7922,245,3701,10871,12666,10877
9988,4101,12934,12935,1528,6668,8975,12815,5394,10389,5269,12822,5784,10652,3358,11045,11173,8361,10414,2478,12591,11194,11451,10689,12485,5317,12870,2503,9289,12234,5066,11595,12752,8666,990,12382,12386,11747,12517,12007,6632,3310,11503,3697,12913,11636,12534,4216,3322,635,6396
8963,10758,7559,12300,12045,11153,12177,9876,4248,12320,10916,5029,12710,2599,12198,8489,10671,10159,3125,12470,11835,10173,12480,8001,5186,12228,6981,11461,10564,11464,12362,1869,11601,7765,5465,9050,10203,12769,9061,10854,2021,4200,11242,10092,5612,6512,11761,9973,10742,12921,12541
12417,10882,12554,12685,11022,8721,7186,11795,1681,11416,11545,12570,11036,12327,12587,12207,12208,12335,10672,7216,11958,11062,1847,11705,10554,2233,10550,8763,10943,12354,6338,9538,10699,2764,11347,2815,11737,8159,11234,11496,12013,12793,12399,9969,9073,10227,11890,10616,12153,6012,12543
12416,8065,11911,9353,5642,10382,1809,12819,7317,10908,7842,11683,10788,8997,3878,12322,10027,12459,12717,5167,12593,12209,10932,9143,4024,7098,4156,3773,11967,8769,11073,11713,11460,12099,11587,12490,12494,11221,11353,6876,10463,12389,8550,11881,12265,10985,11888,8566,11510,11130,12157
2689,4866,4485,2186,4490,2188,1549,4754,4499,4501,3863,1435,2846,4514,1443,1320,2088,4520,3884,2861,4780,4527,2096,2225,4661,1720,2874,3133,4290,2685,4682,4555,1227,2509,4689,1620,5588,4566,3159,3416,3031,7129,3453,4089,4067,4585,2164,2677,1908,2807,4600,4726,7037,1022
2304,3206,2822,4744,2961,1425,1427,2326,2199,4637,4766,1955,10151,1960,2348,4143,1328,4528,3509,3127,4026,3899,3259,2622,2753,1865,3401,4686,3663,848,3025,2001,4432,3792,2390,4696,4569,2394,3071,2141,9184,1762,4195,4451,2405,3305,2799,3570,2808,4474,2429,3967
3460,2955,1933,1294,3345,3859,3349,2714,924,1821,4510,2717,2848,2205,2342,424,3626,3370,4653,9518,3759,2863,3757,4405,3517,2498,4036,2756,4679,3913,4043,1867,1999,1747,2644,4565,2392,4440,2138,4319,2019,3940,2408,4716,4080,1265,1904,2805,3959,2809,4602,2427
3840,1795,2051,2947,2054,4743,4235,3211,4365,1811,3607,3737,10779,3872,3873,4769,1313,4645,4776,4137,4138,1324,4663,3262,3390,3015,4681,1737,2763,3914,4556,1743,2385,4433,4435,3796,2518,2905,1754,8287,2400,1767,2919,3818,8938,3949,4601,4082,4083,1012,1273,3581
3202,3720,3849,1674,4236,781,1934,9489,3860,2197,2455,4632,3994,3611,4378,2336,8355,1956,4649,4139,2352,4016,3635,2356,4532,1972,2100,1718,186,2365,3135,1984,2240,1989,4422,2508,1741,2510,2768,2771,1493,4056,1370,1245,3430,2793,2282,1774,3951,3827,2679,11135
4737,1793,9987,9604,2179,1414,3976,9482,2450,3220,2325,4633,2073,1309,2720,1700,9510,4518,294,4651,4526,2735,4656,4531,2612,4660,9526,3894,2232,4153,4668,2624,3265,3008,12231,11080,2890,3404,2515,3669,2646,1621,10328,3414,2659,10856,4595,3829,1527,3320,1657,4607
3200,1665,4486,2441,4619,9485,2446,3215,3601,2449,2457,2970,1947,3997,543,2207,4127,292,4261,2858,2859,1836,2218,3756,4655,1710,3242,4274,9727,1719,3001,3004,1597,3140,1733,3910,842,2126,4691,2773,2261,3834,3036,4190,3683,3173,3055,1650,11893,8698,3195,3327
3073,2690,4613,2311,4617,4495,3087,1685,4245,3992,2721,2212,4135,3630,2737,4146,3382,2235,3776,2684,2499,7671,976,3280,1617,3028,3030,4698,5210,3676,474,2014,4317,992,2914,3554,4199,4712,4713,3307,4459,9967,2927,2159,3061,2933,6263,3576,4729,4348,3325,1791
3589,9862,4102,1800,2310,11146,3725,3982,3727,4111,4493,1684,1812,4760,1659,2977,1954,2467,1061,3750,2680,2733,1964,2354,2483,2101,3254,2358,3007,4292,2502,2760,3403,2637,1485,2127,977,2903,4312,1879,3418,1242,1756,11874,2148,3685,4711,2294,4728,1275,2941,2558
2817,3841,2307,4356,2184,2953,3084,1292,1295,2959,1039,1308,1787,160,3360,7074,3875,3492,5026,1201,3893,4281,1722,9660,3263,4416,6080,3912,4297,2507,8780,4045,3020,1361,2900,10070,2140,10077,3552,4838,7913,2922,2157,4337,10226,3314,3954,2166,1402,7675,10748,2943
3336,2954,2832,4629,9750,6038,2200,9238,8222,3231,7968,2081,2722,7838,1318,2214,6571,2171,3371,2222,3891,2484,823,8504,2619,8124,3645,3646,577,4929,2628,6470,2253,4307,3668,1109,8920,88,4572,9695,2146,9827,2661,7654,615,1134,3699,5238,2042,3963,3836,893
2562,2691,3337,2443,3852,3854,3726,3475,1683,5012,3479,5277,1950,6047,548,10156,2477,5934,8239,10034,2873,3136,1729,4674,3904,3906,584,1610,3915,8269,3798,3286,6232,3802,3167,480,9441,3298,483,4708,3429,2915,870,2791,6378,3309,3565,2676,2165,8824,3321,5503
6400,3201,4740,4364,7308,2578,279,7068,413,1827,5924,551,1704,8231,6573,1917,3631,7733,2487,6524,6203,4670,831,6590,3145,1738,4427,3661,2772,4055,9049,3929,4444,2397,2526,3166,4706,8419,3556,3813,2152,3691,8300,5229,4335,2674,1011,4222,4219,2172,1405,1278
4357,5893,1157,1416,4231,2696,6411,269,4497,7314,3217,5910,35,4399,8244,7352,8249,4666,2749,4158,2493,2752,1725,2114,8257,4424,2891,4812,7883,1101,4557,2639,1234,3666,468,854,2007,475,4316,7549,5857,3939,4073,2158,4462,6513,8946,1911,7416,2682,3324,10237
3968,8576,3592,265,3979,4878,5395,668,1181,9887,8865,4130,7592,3241,300,4909,2860,47,6577,4914,2482,5430,8632,7230,2878,6209,2627,1603,9542,6217,586,9549,1876,84,8150,1498,10202,2139,7391,10848,6242,2787,5604,2147,6636,1773,4592,2033,4467,2932,4598,2175
1794,772,1412,4746,9999,9108,3861,4756,11284,4630,3609,1311,9122,3107,3624,1834,2347,2607,1713,1332,4278,6199,3640,3264,5057,4547,1993,1482,1611,4428,10193,2942,2259,4442,3547,3555,2916,10339,1894,4072,3432,2537,4347,2544,2161,4723,1525,3706,2299,3708,5885,9214
1409,2692,6921,3595,8076,1163,3470,8718,16,791,4121,7070,2464,7334,4263,7847,1580,5299,2867,6323,11319,7225,7610,1467,1852,960,5952,2115,8388,840,8776,1102,2513,5714,5718,4310,3417,4571,8795,5980,862,6365,232,4714,2156,9070,625,1521,2934,7670,9465,4734
4610,11651,1925,4742,4873,11533,4626,10642,1814,1306,12187,12828,4763,4639,4642,12071,4007,11945,2350,1327,4272,12211,12730,8636,4543,11202,4677,8398,8271,3675,11869,10461,4065,4066,4707,10596,4581,12644,4071,7786,10730,1262,10990,10864,9585,4340,3957,12662,12150,9595,9085,12670
260,3600,8977,1298,1302,1174,152,3608,922,155,3865,3613,1310,1440,3618,9508,9637,3621,1319,428,3886,3633,3764,3766,3642,443,3771,1470,3647,1471,3777,1090,3651,3908,1221,3656,73,9417,1354,8272,1360,215,1367,3932,1757,3935,1253,105,1257,3820,3695,3696,3577,1277,766,3711
5889,7298,130,6417,1428,20,7326,5023,3233,1058,4001,8356,4519,7466,1835,1451,8621,1582,1453,8238,1069,178,3895,56,4409,9399,1211,3387,3900,1339,959,9146,968,4169,7115,847,2260,5847,4697,8282,2780,4189,5985,6369,481,6628,9447,110,367,6768,7535,4212
391,5256,10120,4114,2071,2841,3227,3867,8477,2976,2851,5289,170,5809,9777,6582,1976,1084,10430,7615,7104,3648,3269,8902,839,2120,3655,4680,5708,8781,2895,6610,1490,3928,1113,9435,6112,3042,4962,9317,9319,10989,6510,111,109,882,2418,1141,758,3704,7290,8187
3712,6916,5510,6669,6286,1807,1687,4505,27,8349,4638,5923,675,6825,11826,5683,1586,7095,3385,5313,5953,4805,455,5064,5577,9032,6347,1228,7373,3918,5709,3923,4308,3926,7639,7384,6233,7257,3933,5599,2015,3041,8800,8551,9577,8427,1395,3703,8185,10107,9470,10879
8961,9858,3714,4999,11019,6028,8589,2958,2189,2320,4881,401,11924,10653,10015,8481,2979,804,3879,4650,3754,5163,8492,9649,2869,6326,9781,3256,7222,5434,2870,12471,7357,3128,8004,11205,10821,7877,6228,1877,5079,9564,97,3816,3177,10223,11376,5105,7409,3445,10105,8059
7810,6915,7947,9228,10513,8083,2710,9114,8603,1185,9890,8740,9638,2343,2854,8106,7082,9002,7087,3769,1210,7996,10941,9278,8896,7105,7035,71,10569,8397,7375,9298,2388,7512,9816,10207,2528,4064,4452,8804,4201,9706,6762,8044,2921,10220,4463,2034,8180,7803,5246,6911
4097,897,8199,12168,10507,9615,7568,11919,7825,11537,6548,10138,9248,5539,5800,2985,2480,10930,11448,9529,12089,7613,5182,6591,10557,5185,8514,7621,11077,4678,5190,9546,9419,5069,851,9301,12633,12378,9947,7264,10083,6248,2025,4973,9326,7024,10738,9586,7282,12146,12276,11901
9088,2563,4872,4875,9996,4877,2572,2447,4883,4117,4886,5016,5020,4893,4385,2211,4903,4913,1973,4151,2615,1594,4795,4797,4928,2113,4931,4932,2245,4934,4935,4808,2505,2251,4940,78,4943,4948,4952,4825,4956,4835,4965,4858,1130,623,4981,2423,4986,1660,4605,4479
9984,4993,4868,7941,4869,10121,5002,10252,5005,5015,24,1567,8224,1060,9381,4902,1576,43,2475,2093,4910,4781,10161,1841,2227,4147,2613,1206,4789,10680,10168,4408,4667,2363,9279,8258,9922,8132,4809,6473,4813,4946,4820,4564,4951,1880,4955,9438,4963,1645,4594,4850
3329,771,3076,6666,1676,141,1936,8593,3606,1944,1819,2331,4125,2340,1701,2601,553,172,4012,10286,7984,7474,3134,2751,320,1857,1727,3266,3652,8524,9293,3451,2003,10325,9303,344,3551,3937,228,1256,3052,2032,6011,125,1663
6656,3457,8321,11013,3462,10378,11788,11404,4494,4369,7954,1430,31,2079,8737,935,9896,1707,2224,7732,8376,2104,3641,3138,2121,3657,1356,3790,722,1623,1371,10205,8926,9567,3038,1381,1765,2540,9453,8687,4208,3316,1269,8055,8569
2818,3718,3721,1935,3985,4115,10522,11803,10140,3738,12062,8352,11552,10529,4006,3751,12081,3763,9907,3510,1850,10300,2110,9536,3274,10315,10956,2124,12115,3539,10197,11863,7513,10585,7903,10594,3942,12009,10987,749,1775,10863,10225,9336,11897
10369,2434,1667,2435,7170,9863,11793,1299,5754,8472,2201,4249,10523,9635,8107,11184,11700,7093,4154,6079,11840,11199,10690,9923,1988,4166,2374,3789,8142,2258,467,11732,6103,2654,1246,7278,2798,752,1390,1653,1784,5626,9851,9980,9725
5633,516,12310,534,1562,4123,8736,39,8749,5172,569,6219,82,90,3680,609,8801,617,5751,644,4242,2706,661,8861,8871,6826,684,3248,8371,7874,716,718,719,2777,7900,6878,3807,739,5354,235,760,3331,263,7961,4380,5919,322,841,5969,3412,9044,7515,860,872,5482,2414,369,5490,375,7548,381,12165,3980,1421,915,917,1945,9117,2466,937,7089,1457,951,3515,452,5063,970,5586,982,10206,1505,482,7153,1015,6143
5124,1542,6151,5896,6281,6153,1291,5900,11279,2577,1682,9491,8981,4502,2838,3612,5149,415,4512,6433,3489,6178,3366,5416,4523,3244,1839,8113,1073,5171,948,52,5170,7223,440,6968,4537,2046,1596,5949,62,190,8008,2378,10828,5840,3410,3154,3411,3925,8279,5723,95,8672,867,2281,2026,3562,8941,1778,6387,115,5749,884,6390,506,4603,380,5629,7166
7177,1162,3213,3599,10263,12698,12059,6298,6426,2077,7328,9761,10791,2728,3495,8745,1448,5547,6701,6574,4911,4912,11313,944,5043,5556,561,5049,1209,7483,4544,12355,3267,68,6726,1476,4042,7116,4172,2638,9038,4050,5843,5332,6742,10458,11483,3930,861,5471,8289,3553,5729,6370,8037,9446,101,7266,10346,5100,3437,1651,10612,631,6137,634,7419,4989,1151
4100,7690,6155,6670,6673,6682,7707,5670,6190,3120,5179,6204,6716,7743,6210,10308,7784,7274,5240,3715,7813,6280,5284,3238,6823,6314,6316,174,3765,7862,6839,6327,3277,4816,6362,6363,7904,747,6900,5878,5371,6402,6923,3853,6424,6937,6960,4923,1340,6469,7494,8014,6483,6485,6488,7519,3441,7538,6008,6526,7039,3975,7056,5526,411,7069,3490,5037,10684,7109,6600,3538,7634,7642,6627,8169,6121
7042,6276,7174,6282,6157,6414,5518,5652,6166,3736,5656,7835,6555,6557,5537,7204,5541,7974,6566,7338,6702,7599,6074,6465,5570,6471,5450,6346,7757,7118,7381,5721,7770,3290,6620,3684,6888,5993,7273,7019,7276,5614,7155,6389,6133,8056,6523,5884,4093,8190
3077,5770,7691,1804,6540,5774,3472,7445,5245,7191,6808,6809,7709,3487,4897,5795,7973,5550,5807,7088,7229,8000,5825,6849,7745,6344,5195,6093,7250,6612,7254,6486,6235,8028,6493,7394,7651,5865,5994,6506,7785,4978,5108,6517,8053,5111,6009,7674,6397,2431
2049,6795,3596,9106,3730,2964,3734,1948,3229,6044,5794,9124,6180,10020,8109,3503,3002,5690,6330,6589,8128,3786,7245,6607,5072,3408,5202,6611,7379,4049,6616,7640,7899,3420,4060,6364,2271,7007,6236,9828,6375,2794,6509,3950,5487,7280,3187,8309,7162,8061
9861,2951,7176,5769,8074,7819,6797,7697,6419,3731,6167,3482,6556,7966,8610,3364,6058,555,7596,5035,7085,4020,5940,6709,7735,6843,6205,2494,5059,3011,3142,10059,6989,8525,6482,6099,7125,213,3799,2008,6614,2010,6887,7146,6771,5753,6138,4859,6525,7038
7554,5251,7047,5641,7052,6543,6289,6161,6418,6420,5403,7073,7713,5666,5156,6438,7719,5034,5806,6062,6321,7475,7221,6583,5432,5433,5562,6842,9418,5453,6353,6867,7251,8021,5206,7383,7126,8025,7261,5983,2272,6754,6114,7917,4976,5619,3700,7798,5367,6655
5513,5645,7828,7958,6297,6172,7712,6563,6051,5667,7206,8103,7080,7465,7849,6572,7214,7218,5045,5302,6967,5687,7609,7355,5563,7490,5058,7492,5703,6728,8010,6350,5967,5844,7897,7931,6626,7523,6244,7781,5990,6761,5610,6379,5101,5231,7281,6899,5498,6395
5760,6657,3330,3332,11398,3719,11658,8468,3226,11931,926,3103,3870,10786,4003,3619,2470,6439,2984,3369,7991,5435,4160,10306,6978,4038,1479,3530,7626,9932,4558,3919,7630,3032,3545,6105,9949,3424,5602,7780,8549,7141,8557,3694,4079,3952,4206,11766,119,895
11265,5123,7044,6917,8839,7179,6674,6932,3991,6042,11546,5501,6392,6819,8612,6182,5544,6440,6568,7852,7470,4270,7217,5298,6970,188,1853,7872,6722,6723,6213,837,11466,6606,8018,6357,4187,5090,3171,7013,6630,7782,5477,7147,5877,7413,3832,11515,6268,3069
5248,11650,4870,6407,3214,11278,3090,7571,7956,5657,8870,7084,9774,3502,11824,3632,3375,2357,6585,11450,9406,5568,5827,7620,325,8005,6087,2250,7884,6478,5582,6222,5460,3160,3801,6237,6753,6371,5476,3557,1127,7911,5352,7914,6637,8047,6129,6776,7163,7677
9986,3203,2564,3848,8458,9483,12044,11407,11665,8082,12435,8219,2718,5918,8227,8868,5157,12076,4397,5039,11314,1074,2226,11190,5052,4671,4673,6466,2625,8389,4806,7754,7629,3022,4047,7887,4051,4053,6872,1882,1250,5859,7017,3057,113,3059,8565,2039,9849,10620
8193,6147,7171,1287,9608,11528,5897,1169,10775,10394,6301,8093,12061,8098,2594,5669,6951,3245,7986,10419,2998,1335,5815,8122,7228,5693,11198,6336,9152,6085,7110,10568,7758,6224,11477,6230,11994,10331,2782,3808,9826,1124,743,2665,7148,6388,633,9978,8701,6654
2945,7043,6019,5639,8073,8459,5391,5392,6415,6159,4863,531,10895,5775,920,10905,3484,5280,9380,8999,5548,5676,6189,2606,8887,8120,11579,1342,8645,8390,1232,10321,5458,11603,7377,5974,3670,7386,7008,10851,2532,11749,5094,1382,8552,9962,7405,12028,7678,5759
2178,7683,8708,898,7687,10887,5129,12415,523,5266,3602,6036,9879,3610,7845,8998,1321,7215,6704,6833,6065,11569,1208,9658,4284,957,2750,12095,10431,9155,9669,10438,8263,12108,7635,11644,8154,6747,10717,4573,8285,11622,3303,11117,10352,4472,3323,7932,6653,7807
6529,3587,3973,9094,2061,6542,7054,1040,7694,3347,1046,11544,7448,9242,8092,8096,3108,8614,11306,5036,7729,6195,6451,5814,5689,11578,9916,9150,11839,9791,3907,12613,7240,5578,6602,6863,10842,7774,10462,7648,9575,5225,12010,10350,9583,3824,5618,9844,10743,7421
6403,2948,7045,10373,518,7939,3340,12172,9230,5647,8978,767,3091,5781,8854,11541,9113,6815,11940,6821,8358,12074,2734,7471,6319,10421,5558,6015,11064,7484,10172,1088,7873,12225,4291,7235,6360,10587,9436,11360,9961,7530,10477,5358,8048,2288,7160,5628,6014,11263
6272,7682,6024,9480,5264,3093,7582,8864,9377,6691,7972,5673,7340,6829,173,6961,9393,7478,7096,6977,11970,11459,7747,6721,6345,5323,9037,4046,7504,5457,4818,3024,8276,8913,855,7255,5338,2910,6752,6497,10855,8040,12780,7150,7664,244,6645,7284,7034,10364
8832,4354,10755,7686,6023,11273,6922,2316,10768,5534,4774,9129,11818,3881,2988,11437,5426,3636,11957,8118,8247,8501,2754,11588,9288,9545,2761,2634,11852,7117,12109,7759,12240,5584,6739,11096,10329,11098,9818,8796,12766,8299,2160,9457,12401,9329,3193,6650,11260,12287
6784,6401,10113,8198,5624,7433,5899,8716,4623,5519,7184,11925,11671,6553,3481,6684,1183,7586,5154,7716,12325,10410,10544,9776,7602,5812,6206,10559,575,6851,6475,10575,12496,9427,7767,2647,11867,9309,5598,10338,8423,9197,7407,4207,241,11121,11640,6393,8315,6013
12546,10756,9867,10127,12176,10899,8853,3355,7325,7456,9636,10279,10408,4524,9982,9134,10289,8242,11955,5817,9788,10813,11580,10816,10050,11204,11845,5700,2372,9412,328,11340,11342,10318,10830,10322,10836,6741,4700,11743,5216,9569,7270,7020,9709,3823,7537,6258,11134,3199
7425,9991,4876,10509,8204,3857,12307,3605,12312,9497,12056,5661,12066,7588,4901,5166,4400,6588,6207,7361,11329,9286,327,5191,7879,8775,8651,844,8910,8144,12624,11219,10074,11484,10845,3804,4705,10082,10211,9572,10216,11754,3179,9071,10351,11760,12021,5368,11771,5887
7040,6530,6661,3080,7950,7698,1813,7832,10649,9883,10651,11293,7329,5286,6059,9645,11439,7730,5811,6196,7349,10875,1213,9920,1348,9924,1222,8523,11214,11733,9687,8921,5211,10715,10846,6750,3938,6759,4967,6252,12398,3056,7026,7027,5746,12406,11899,5756,10749,2687
7556,8829,3334,11402,3210,10771,8725,7447,9373,11042,12709,7467,9132,11182,8623,6973,6464,11074,11458,12356,8265,7498,11337,330,7370,7499,10447,7760,6865,9426,211,12242,7380,5838,6859,11993,11358,10079,9823,6881,5982,3679,4836,10984,9707,8683,9067,10353,9469,11647
11010,10372,4105,9865,139,10508,4110,6930,10134,12185,2844,5406,11935,1694,9634,4899,5538,7207,10920,12457,12330,11948,5422,6958,9903,9009,4402,180,9653,9910,12343,10171,10048,9539,2246,9160,6985,10581,5719,11480,11230,11237,5861,1384,11240,8041,10992,7921,5232,11261
8451,8966,7046,11016,7561,5388,11917,10764,7823,10103,9877,12055,11799,6427,5407,10531,10536,8111,5424,10546,3063,6333,11332,10309,6468,9927,1351,74,12493,11988,10712,7768,8537,6875,10459,7385,10204,12512,5858,8035,5605,12005,10986,9455,1393,10995,12667,11511,3579,639
8834,3464,12174,11406,5646,11283,11028,9493,12438,7711,11807,6434,7587,9771,11052,11053,9775,5679,3507,10807,9913,11324,8252,7359,9024,9284,11717,7239,5576,2248,5194,12238,974,3283,6743,8286,12255,8164,9445,7783,11112,7655,12397,10094,9712,6514,10101,6902,10102,10106
9091,12294,12299,11659,9495,10264,11033,9880,7708,10271,12324,7333,4904,8875,5165,8365,12463,11312,6322,11710,9665,5443,7876,10692,5701,11720,8904,10441,10445,10576,10449,9810,11092,11989,11607,5592,10210,9059,8165,7910,12006,10598,3817,8177,11249,10482,11122,5110,888,11007
4352,12032,11524,4358,10246,6792,11785,11786,5515,10249,9363,9621,10774,11163,7457,4773,12070,10152,12201,9389,11568,4019,10164,12083,11446,10166,12088,11834,12227,11843,12741,12233,12237,1744,599,7003,8798,10849,7395,2664,11373,9965,11119,10224,11251,11254,10614,12538,12284,7165
7311,10130,10901,7830,4373,408,11929,9244,8988,8991,12195,12196,5161,11949,9263,11697,9140,10933,12599,7865,10553,11963,8507,12603,1726,12605,5056,10949,10060,10061,5966,11854,8658,11859,5972,8534,10200,3961,7516,1122,11370,9580,8556,10991,11903,6897,2803,8057,1918,12159
9857,5380,8586,7051,11151,12178,6291,7193,11427,11557,10789,6824,8617,12714,10037,9275,11070,10047,9281,11969,10436,11847,11850,9675,11851,12111,11728,11345,11600,11605,5334,9175,10073,11739,11611,8541,7644,5475,12775,12138,10091,8043,12145,8435,10484,5239,12795,508,11390,11391
10002,12309,6423,12316,7452,10662,11047,12458,11563,10157,6959,833,8385,11716,7881,9060,8933,11111,5095,9200,12273,3956,7542,5752,7546
11140,9101,4244,6965,2871,11965,10827,10572,7762,12371,11992,11481,11359,10976,4959,12390,10219,11629,12402,6131,12281,11514,4987,11772,7551
11522,12547,12806,11654,11400,10889,6794,10632,10892,10759,7569,12567,11291,12573,11679,11297,3746,6435,8485,11558,12583,11813,11435,11311,11699,11443,12214,10683,12604,3519,11841,11330,12612,2119,9162,11725,12498,11218,10710,11097,12507,11998,12640,12004,12518,12522,2923,1901,12537,12542
12802,12677,9735,9352,9739,12813,12052,12057,11802,12699,12830,12063,6945,12193,10022,9895,5672,12200,10031,12723,11193,12092,12735,6848,10179,9415,12744,8905,12746,12235,9804,9677,7121,12114,11223,473,12762,8155,5342,9951,8928,12772,5350,12135,9576,12774,9578,6508,12784,9718
512,5761,8577,3845,1927,7693,8335,2960,5138,6292,8090,8347,540,11038,4128,7201,6305,4517,1193,6828,7597,2221,3249,562,3380,7605,8500,8764,7869,7614,2302,7489,4034,2885,582,8774,8138,75,5068,8528,6609,7890,1235,2524,3296,1633,8417,2276,8420,7401,618,7788,8429,2669,238,4720,753,11123,5235,4086,3067,9598
11777,4353,10883,8196,5381,10374,12170,11915,7946,653,9102,7309,10384,2700,10258,12053,2453,10391,3095,9370,9756,4008,1789,9854,9644,12078,6575,7728,432,10675,12084,8373,9398,9019,10435,10181,2630,9801,4941,11343,11472,7888,7893,10967,10840,10593,9954,10980,6373,9959,1128,7403,11756,3564,237,8560,4341,4856,5113,11005,10366,5631
6274,1672,5132,9484,1422,1677,3856,1680,1554,1044,1173,8986,2075,1565,6946,932,1573,808,7212,940,46,1076,3255,1848,4027,703,6976,2369,324,1606,1353,80,1488,728,1369,1753,1372,1632,1377,1635,1511,488,1640,1259,8940,1004,8559,2551,1400,9850,2045,4350,1535
3584,4998,648,1932,3987,2963,1276,4758,4631,5146,2843,7964,7965,158,6046,1820,6564,4647,9000,9259,3377,1714,820,5941,9780,8631,5439,1472,8384,4032,4804,5445,1608,329,8652,1487,980,469,2645,6495,3692,2797,7149,2928,6770,1779,886,6010,9852,2047
1666,261,1031,8456,4616,8332,1806,11025,6162,9624,5017,6811,6043,8225,1572,9770,4778,44,9773,6830,5293,10032,7091,312,2236,1474,5829,2758,967,713,4431,3924,9690,4699,4828,7004,8031,9832,8682,5099,4346,494,3566,8562,1270,9078,6906,8191,637,9471
1537,10498,10244,9477,3463,10248,8329,6800,10643,8213,10645,8216,4377,10393,10012,7839,3744,8230,10024,9640,5291,2989,8625,7219,9652,4155,5820,6972,9277,6725,8518,4298,8011,4938,5834,3535,12243,9685,11862,86,7000,4576,5217,7009,1761,3438,240,9332,10228,9977
1792,8195,9994,2570,3342,2574,6425,3866,287,6175,3361,8226,10028,2349,6192,6448,8755,308,2107,61,7486,9027,1605,4937,4171,2382,8019,9302,2399,8547,6250,2667,1898,6253,1389,2412,619,4473,4739,132,5260,12182,919,157,6048,8866,5027,9379,9128,8105,5288,2987,4786,2996,4277,3508,966,7885,4821,2006,8409,7898,4827,2789,3571,10996,2549,248,4861
1282,642,2309,134,10250,147,2580,1431,9111,10141,8734,5408,8353,7203,5925,1062,3237,8874,11822,4782,9905,2610,9011,11188,8372,819,7607,185,10938,8251,8380,1085,5310,11327,8767,8379,3780,580,8393,6988,204,10446,4305,978,8786,11864,6745,2649,472,5593,9824,3427,11236,6886,5484,6125,10478,7279,7794,2547,8306,1399,5882,9723,1532,8317,8958
5632,5378,258,259,6020,8326,7306,394,6413,1678,271,6928,7441,9361,6163,6545,5653,6683,156,11037,6174,6943,6430,7459,6310,6057,6827,5935,4785,7090,6835,6586,570,5053,7362,4933,6727,6088,6858,6477,6733,8400,5073,7508,3029,6999,3287,1624,6874,7676,7133,7262,6113,354,7907,7908,6120,8170,5102,2030,10608,6385,6260,6266,5499,4092,2430
900,7812,7816,9098,6539,7307,5901,5262,2833,5778,7955,6550,6807,5400,281,7450,1691,5271,6052,8486,678,7336,1322,3755,8363,10541,6320,1584,1970,945,6580,3252,442,8123,8378,3260,2621,11456,9667,7363,6853,7750,7495,1480,3272,5318,10443,8395,975,4949,7382,6490,6619,9693,5473,2530,11755,7934,5617,4722,1267,3060,9845,246,8313,7422
8705,3079,7197,2086,3625,8236,7213,4659,594,5208,8799,8288,4218,8322,643,8838,7817,5788,162,5797,9390,686,3762,690,5304,8383,2242,2244,9430,5849,731,222,4332,9966,755,8951,7930,9468,7942,4871,7439,6933,7449,798,8993,6949,814,1329,826,4414,4930,8519,2889,8522,1871,5979,6492,9057,3431,9063,875,881,8050,1397,9090,2439,9096,6025,908,399,8594,7575,9125,5030,938,7604,3525,3016,3018,459,3534,9170,979,6102,991,993,994,7142,7151,3568,1523,5115
9728,5120,8962,3969,10503,10760,4618,10763,10639,8464,1937,8466,6031,12308,788,536,12571,796,8989,7454,7710,800,3617,4641,11169,12068,542,5920,1441,8233,11179,811,7342,2223,8753,11954,5937,6455,3388,9404,9021,7233,10178,12483,10948,5575,12106,12023,8653,7631,9938,596,981,9047,5464,2264,3292,349,3936,11107,5347,6245,11880,123,7404,8303,12528,7795,11382,6903,9081,1915,7293
11008,9601,10753,7430,12167,6664,12039,10251,11787,651,12302,8974,10896,8722,2966,11543,9240,3096,3354,12443,12446,8862,10145,8738,12451,8739,12713,9387,10284,2553,3117,2862,12464,10923,12726,9783,9270,11833,6458,7611,4924,11709,12738,10691,11333,4550,12745,8655,208,11473,9812,10709,12629,10584,12761,729,859,3291,10713,12408,8542,11745,8802,11877,11750,7918,9076,11380,9720,1913,11770,8571,6908
641,8711,2829,655,8851,1300,5397,407,8601,3486,8478,6942,546,8867,8872,7081,7724,8878,176,563,1716,438,695,9273,2623,8640,5574,1992,8392,8907,1100,465,210,7525,5733,8679,6119,2153,1254,362,489,8696,5870,1520,8818,7927,8440,5881,126,763,8830
769,8580,1035,2060,6416,8592,663,7576,8605,9630,672,12579,7718,8873,9262,3504,691,950,2361,1980,10045,7232,8641,8898,8643,8259,711,714,11723,4429,6351,3152,720,471,220,10722,8803,2788,4583,8808,5608,10348,10093,11631,7536,8689,10740,761,8828,5117
4227,6148,6791,2824,3335,4103,10254,2575,2066,9239,2585,6939,2589,10910,925,2719,1189,4389,9766,12204,4783,8627,9397,1845,4796,10428,2629,1862,2376,5833,1996,6861,10704,2129,6869,1750,2137,10332,5213,2657,9956,5732,7145,363,9835,4589,107,6639,9717,7414,6647,5750,9086
7299,2436,1547,9234,6805,9623,10008,2839,5275,2845,1188,3748,8742,5798,10926,11438,7726,1969,1971,310,4921,4025,10043,9787,10429,4798,2111,9918,5698,6854,5961,2511,3921,3026,9813,8918,9559,5976,856,7771,5474,8937,2028,10734,9968,1009,4848,4852,6905,10493,10110,7423
11266,9219,8964,389,901,8072,11913,8841,8202,8714,10510,8079,7699,3348,10388,10137,285,10532,11688,9779,1587,5051,2879,4800,10952,12105,8520,4811,4684,9164,1612,7247,2256,10577,10578,3916,12116,12756,2134,7636,2908,8925,7647,11104,7804,8567,11363,8426,11767,4730,4604,10494
256,8064,8448,2437,5511,8455,8457,3082,1931,12304,5008,9746,656,11540,10006,10518,8473,9372,3614,12321,8482,291,7332,9894,2087,5032,298,8491,946,8115,11827,8885,6838,9912,12600,9147,8509,7870,10822,2132,5717,8532,4313,1626,218,8548,7399,5096,8424,6892,10349,236,12405,6775,12282
11136,12033,9607,12041,12809,10766,5143,11032,11288,6938,3864,10917,11431,10407,296,12203,11308,6699,9772,10802,6072,10937,6202,10556,10819,6083,7752,4552,10440,12492,8654,12499,12244,11222,10583,10972,7389,2653,12663,1630,12385,9182,12126,9837,12527,6384,11250,9203,8563,12149,9206,12407,12283,10239
7940,9224,8201,10256,8848,402,8855,6810,1050,7196,8350,10911,11425,9507,5412,4132,7205,8488,3753,3240,302,2935,1200,3506,9651,10292,4788,693,3383,8506,7100,8895,704,9921,449,8773,10566,4167,5831,6856,6731,588,9421,6221,9807,6997,7894,9943,11736,1114,346,734,11616,8930,7652,741,2150,4327,103,3433,4457,7915,11500,9964,621,879,8823,11378,4853,8437,7799,10745,6907
1540,902,7689,6026,5390,914,532,3989,8726,22,4500,3225,9116,8992,419,8357,806,2089,5290,3119,8495,8367,6707,8245,1590,1463,6651,9533,1598,835,6984,6089,3528,9547,4942,4087,1875,5590,1243,8412,8923,94,3835,92,2534,231,8296,1770,1260,1519,751,6127,9841,8691,1906,4982,7159,7288,7289,7418,6139,9981
3588,8709,6278,5512,7944,650,10633,11921,11027,3732,8343,8218,8733,12192,7969,8484,422,10535,10792,6317,8880,7473,6450,6578,9268,6963,7606,8758,9784,9395,4658,7347,571,829,8511,326,7496,10953,8266,4176,9174,1622,10970,476,4192,3681,8418,8161,9062,9193,5866,5867,7531,10090,2925,1008,3313,9458,7157,8184,6777,6783
7808,11137,9729,11907,7428,10504,520,2185,5648,4625,10128,9747,9494,10011,8476,10909,4382,6686,12448,9889,11299,11044,9897,11820,11693,4142,7857,12338,9139,10548,436,10294,4023,9142,10296,3898,12349,11581,1983,578,8386,7756,2386,12375,11232,12770,5220,8678,10214,7016,10089,11114,12650,12012,8431,8688,10735,9842,10354,3189,6519,11132
10496,11393,8836,11396,12671,9736,11916,11918,1939,6814,9759,12832,8223,9762,3874,12452,10405,12069,9892,9255,12194,7595,8879,8112,10677,4790,9271,11063,7863,9786,9914,10432,10945,12482,6084,8646,11463,9928,6601,9553,8915,10451,3157,10839,4953,11871,11105,3682,12771,11519,10724,11494,4710,4198,10861,9713,12403,11125,12790,10618,3707,8831
4224,4864,6405,5894,5902,4367,4751,4370,6677,4375,4252,6687,4256,2209,6306,3999,6187,5805,4398,7727,4144,3889,6063,4787,5684,7864,1337,4282,60,4288,6337,7748,3783,8135,5711,6991,6479,4178,4306,7763,7253,4434,4439,3288,7001,606,4446,4321,4322,4324,7030,4349,4223
4225,1281,4612,6920,7945,782,2062,3728,3086,7957,4118,9496,4253,9118,4126,6558,6181,6694,4134,5926,7211,4275,5685,5943,6071,5944,4541,9535,1473,4289,1859,4420,4419,7114,4303,4304,7637,5845,8024,3040,4320,6756,5221,3302,10731,5356,4331,5615,4339,11763,1147
3328,4229,9095,4615,9593,5386,9356,4237,6799,9362,7570,10773,7705,10275,11174,4262,10409,5929,4141,11442,6324,12598,952,12347,7103,1600,5311,9926,10055,9673,5963,6860,10955,4430,6862,334,11346,12376,7643,12409,6884,4325,8038,1637,11115,10860,3054,8307,7925,12665,10235
12160,12163,12421,4359,4232,12425,9487,10000,12305,7190,6170,11164,11808,11424,5540,11556,11304,4265,9513,12333,10801,3123,12476,6398,4287,11076,9541,12488,8778,12619,6987,12365,12500,4215,11609,12765,12638,3039,12384,5091,9700,8676,5222,4329,5611,10993,5234,9719,6265,12414,12286
4995,5637,5638,5261,5522,5780,5268,5527,5272,5785,5915,5531,5022,5028,2085,2213,2471,5418,5294,5551,5681,5555,10803,5813,5557,4918,5046,5945,8890,8256,2241,2501,1990,5321,1613,5713,5077,5973,5591,5463,5337,5854,5728,5606,4840,11244,5997,5359,5488,6000,5241,5244,5758
5635,7301,5767,5127,14,2190,5140,7061,5141,4889,5274,5401,5119,5787,5790,5793,11554,5668,5804,5295,48,4535,5175,5048,5818,5819,5950,5055,1856,1985,1863,4554,5197,5454,8275,5716,5075,4823,4695,5215,10336,5987,4970,5355,3308,4847,5363,5494,9975,5500,5375
4865,5377,7048,5259,5134,9742,5909,5398,9241,4634,11676,5152,5024,5282,4259,9891,9853,10021,11828,9915,9793,9666,5571,5955,7491,5580,4815,11856,8783,2002,5076,5848,9945,5853,10334,5469,5348,5989,2278,5351,5992,5227,12782,5742,6766,5489,5362,4718,5236,5744,4733
6144,11009,514,5001,11914,3724,12173,4620,10898,5523,10770,8214,11926,5144,11423,1824,10019,12067,10149,680,10925,6576,12216,8891,7161,11069,445,4925,3009,5821,8387,12739,8009,10319,8657,5459,9433,1373,11617,2402,3169,8290,8807,359,7658,2796,5357,5492,12279,2681,10490
1026,10505,4363,8461,529,18,4890,3101,556,3372,3373,8496,10291,1588,4917,2102,7485,4415,8512,2557,4162,9795,3396,4417,5446,11338,5962,3920,1619,11100,9566,1886,614,616,370,6772,8310,3448,3962,4990,2694,1417,7565,5010,3219,3222,6040,2715,163,1445,8102,2990,2742,2743,11197,4029,7366,11977,11209,6605,4561,3282,5331,4309,8153,11999,6885,2024,1515,7663,9201,5874,8434,5879,6136,3065,6909
9600,1538,1033,1545,9612,1551,9233,9235,8980,1301,1429,277,1561,9754,9499,9498,1564,1438,1439,1568,33,1570,290,4516,6696,6185,9514,9517,1454,1461,1589,183,1591,9527,1563,1468,573,6462,5566,1599,5572,1604,1224,9800,200,1616,1618,8531,8404,9557,1502,1503,1634,1508,1380,1642,6635,1388,8301,9323,1522,372,1016
9089,1155,5252,12551,8328,6793,3465,6283,9618,2194,4374,9751,1404,5151,9505,1186,9768,9385,9388,942,6449,9267,7603,4916,2230,9017,5181,4286,8770,7623,9031,6474,9035,9166,4944,3281,5970,7292,1364,5846,1881,7132,9821,9440,9316,1509,9701,1512,4841,9710,5230,6898,627,628,9331,9334,4343,4851,9338,9724,4221,6910
4608,2432,3971,1027,6021,6534,646,6152,647,9738,8845,911,659,8341,7574,2967,5270,1303,1692,1822,7455,7583,1191,7976,6312,3882,9005,7346,11192,1081,2618,7866,9407,5697,7364,965,3398,12103,11210,12620,12110,10958,9041,8402,2898,9428,9940,9814,1233,5851,3164,6109,3934,2144,4579,8291,869,486,8421,8441,8809,3436,622,2800,8952,9075,8820,12533,885,11639,12024,249,2298,8827,6142
4098,12,10765,8212,25,1053,5671,3628,8752,11321,3643,8771,1095,595,11357,3165,9825,612,2662,7791,8815,6780,645,5782,665,3739,2727,1194,12465,7351,8396,11981,2769,9939,7892,724,726,224,736,746,759,4345,5376,5891,11526,775,8971,785,786,787,10014,12064,10017,4387,11049,9521,3892,6459,6463,12611,2894,8029,10611,4475,385,11655,6536,393,7566,4509,4513,7086,6069,6076,8637,9672,8648,458,12241,8662,9703,491,8684,7662,9199,4084,4094
5249,3586,6531,9730,5254,3207,3847,4233,5516,4879,1679,10641,5655,4381,5281,4258,6692,3749,1447,6183,7209,1450,5296,1459,8884,2099,1204,4279,6713,5306,1466,3006,3523,5573,1478,5061,1096,202,4683,5196,5710,6864,3793,1492,2902,7127,5596,4830,1376,9056,5353,877,4974,6126,9715,6004
4992,9472,5384,1801,5000,7178,2445,9232,1297,4627,1433,5019,3228,669,1436,4895,5664,7458,5413,5285,5546,1067,1068,5420,5168,1331,5178,5183,5312,3649,836,1736,1229,1230,5329,5203,4947,4950,4822,1240,2778,5083,4831,5088,1504,5603,5092,5480,5483,3053,1263,3317,5109,4855,5365
11778,7684,11781,5126,8712,4492,7181,6160,2322,5139,6935,10780,6300,9504,1953,9252,2215,7721,4533,3896,4664,4536,10809,5180,3512,5308,3575,5704,332,6096,1873,9554,3155,1362,8661,1494,6097,9688,6225,2012,3550,4068,2535,3688,3945,5103,5106,3186,7796,3574,12151,8570,1531,11004,3582
9476,10247,8330,8075,10124,7696,12054,6679,5912,5529,2330,8604,7837,12191,10539,4779,7853,8876,559,9004,818,2485,6325,11575,6328,9525,10301,5567,3392,8639,4293,5830,8006,6343,10186,5322,11212,8016,11729,4693,9558,4568,1499,6108,4829,9054,11101,7520,10466,11625,4715,5486,7152,10099,5495
11909,11782,7,4488,11657,905,12814,15,12692,8598,6559,169,9260,5677,4530,8759,9911,2488,439,10427,5437,9283,9028,12740,12229,12615,9544,5705,9683,10835,470,11479,6879,12128,8033,226,6116,8805,8166,10215,9831,10601,6122,10475,108,4717,12141,11502,12015,1905,6259,4470,11513
2561,3843,6532,5125,7431,4745,4621,2830,8595,1658,1817,1690,7195,2460,5276,2590,409,7584,2971,1055,2981,168,1837,2359,6969,1469,2495,1986,2765,1103,2641,9682,1749,3415,600,8793,7641,1883,7392,2017,1378,2786,2279,8939,4075,1900,2413,4081,2931,10100,1909,6132,1780,2040,378,1406
10880,2560,9732,1669,2826,267,2451,1941,8982,2583,1557,8606,9503,11168,2465,10018,1699,11172,10533,10278,1832,9641,8746,2603,1581,2872,1978,2747,2875,4159,2496,4546,9420,1998,9425,2897,3794,10453,9304,2265,2907,93,10975,9699,2792,9321,2411,1776,2416,9202,2292,10487
2688,11011,1029,9847,2056,2314,9866,10381,2318,10255,1423,10515,11157,10902,10359,2840,11034,10402,2339,11171,2552,10537,7859,10040,9530,10174,10944,2497,10565,10317,9678,2766,2893,10962,10579,10323,10965,10198,1752,10072,2269,10078,9437,9829,10087,1895,11113,10603,2543,2929,10231,10488
10502,7304,8843,1020,7951,10511,9492,11158,10232,11035,2203,8608,10787,9512,41,10799,11698,3126,9016,10681,10811,10812,7999,10053,10826,9935,8784,2642,10066,5209,986,4441,6617,3422,10591,5730,10978,8932,10982,8167,9833,6633,10345,6380,11116,2421,2038,7928,2297,11002,9596,254
10625,9222,10377,10761,11023,9104,10386,10132,10261,10776,10520,10526,10527,545,10530,11046,11048,10922,9901,1458,11059,10038,10299,9409,10954,10571,11006,9936,8785,10455,10456,8792,8668,9950,10847,9696,9187,11109,10472,9449,10858,10607,11120,9072,9714,2289,9330,9461,10486,2675,1782,10878
1374,6,12649,9097,12331,1099,9194,13,8240,10068,6296,11322,3964,6173,11294,4095
11555,4771,8581,10023,4559,11983,11539,6644,9941,8444,11000,5497,4891,12060,5278,3455
1922,2,12036,4484,6535,10119,12171,8211,10005,10007,10524,10781,10403,3114,10669,11065,12732,10687,10176,12484,10837,1110,12118,11099,10844,11229,8413,6491,7778,10723,10979,6757,10728,3947,3062,6518,9467,9726
9218,5765,9620,11414,12183,9752,3993,10142,8735,5536,5410,12077,8116,10678,10169,12473,11455,4801,11457,7875,11334,10183,11848,1483,10833,12251,12514,12155,6500,3304,10474,11627,9708,9335,10491,11388,12799
4480,4481,7172,4228,4487,6408,4362,8842,4109,4239,4496,8208,6802,2704,1175,5914,4379,7323,3741,5916,4506,7585,6050,4392,7593,3497,4404,5173,8117,10815,4426,6603,9292,5324,5326,6223,6736,6993,4945,9171,8147,8788,7511,4186,3674,1116,3419,3806,1247,5855,4058,989,6883,4196,1248,4456,5995,4204,4461,3822,12400,4465,7286,6006,6521,8442
12288,7553,7426,12035,7558,6279,7050,1167,8849,6929,7059,9236,8089,6812,6685,2592,7714,6437,5417,6064,6962,1079,7224,5561,5946,7995,9274,11129,7742,7481,7107,6852,8003,6214,5319,4170,7755,9422,6734,7248,9297,9424,6352,7503,7124,7895,7258,9307,8158,7135,7138,5986,7139,7526,3837,7790,1135,8179,1143,7800,1145,6394,7933,6782,9215
7296,7552,6146,6275,7427,4611,9349,12679,12680,7938,7437,9231,6672,6290,6676,9366,7702,9368,7194,5786,7199,8099,1316,7844,9511,7208,6953,9131,941,7341,1202,7989,6198,4413,12353,6850,9413,8134,8136,7880,6090,3658,6476,7628,9805,6871,1112,7128,9946,9313,999,7527,7660,7021,12654,4078,4460,12017,1138,8051,7665,6773,1142,11892,6520
2180,11141,5508,8585,6538,4112,6546,9874,11666,8215,8856,8729,8354,6179,11811,8613,11562,11564,10413,11952,6066,11576,1982,5188,9158,10314,3275,6091,10062,10063,9295,11984,6098,5204,1365,3541,9176,10209,10340,1513,10481,2293,5237,2678,9592
3520,10754,3842,450,3850,8970,11979,10703,209,146,6227,12120,10398,3742,416,11809,11490,9573,5478,8298,10543,3828,9205,4150,10230,2108,8445,572,191
2055,3591,143,912,2323,10390,10396,927,2724,10283,435,2105,1216,1732,2757,3527,10056,457,3150,1238,9689,2906,2011,733,8669,608,2660,1005,3183,3443,638
3074,387,2697,3467,2837,3352,1689,1946,3234,2216,3116,943,1846,3129,314,2876,8268,2901,2521,3033,2395,478,997,233,3185,3442,8564,3572,1786,2811
1028,903,3209,2444,2702,3088,3218,1171,3094,11542,3480,3224,2202,2458,8220,2969,2596,2852,1830,8615,3499,2091,1196,3374,1071,2044,9402,3130,699,2877,318,1987,3141,3143,3019,3027,852,2004,6613,2775,3285,3158,9053,3294,9055,1759,3170,3043,10597,1129,361,2154,1132,3180,1647,3573,8314,11003,2940,8447
2048,2306,8452,2053,2182,3078,9992,2823,10122,3469,2579,2072,154,10906,2332,2972,2334,2335,2206,2083,2853,10921,2474,3500,3118,2991,2864,10415,11695,1967,2228,10165,54,1217,1858,1219,3524,3013,2882,10697,2123,10831,3537,2774,3543,3161,3162,3295,1890,11619,3300,2533,2274,3559,744,6893,1902,10360,9083,3196
10497,1796,11529,2698,3466,11662,11663,10260,3476,10262,11031,2968,11673,2586,2168,10270,2974,3104,3363,2598,2983,3110,1198,2992,2608,10420,2744,1721,2489,3137,1731,2500,10437,11975,11465,11722,11468,11731,11348,2517,2262,11095,11224,3548,2655,1889,8674,2663,10473,3306,10217,3563,11626,2538,3190,10872,11769,1914,1916,11645
7680,4,4165,12363,6156,4174,12306,4124,8221,8034,37,4145,4210,4213,4280
