3969,9730,2,4100,3847,3591,4745,394,13,15,6802,787,4506,411,1563,10396,7707,2719,4125,1441,4258,32,2340,37,2981,6310,6187,4780,8627,819,5046,2615,1337,60,9021,830,3652,2244,3018,970,3577,8014,5710,4561,5204,6869,7508,7127,600,3288,87,4446,3935,1248,994,7907,741,9703,3562,1642,11244,3947,618,623,6000,4081,1780,884,6390,2551,4213,4089,763,2430
2689,6923,4239,2704,6031,6424,5272,1435,5149,5920,3490,1701,6183,553,937,1837,46,3503,3120,2225,3765,1720,2105,5179,3133,4290,7748,2757,2685,10056,202,2509,4816,4945,7763,1492,1238,3031,9305,7642,7641,1632,1635,4067,107,4204,3183,123,3453,4223
2188,3863,4632,924,925,290,3238,808,814,3127,951,6469,457,2251,7511,4058,7904,9056,2657,613,1259,4589,877,4600,6395
5124,6153,8979,2205,5284,1320,2861,2096,454,1353,5450,4682,4689,1620,3159,3416,608,1377,482,739,3430,1005,3827,2807,1022
2304,4485,2186,3467,6670,1042,3349,4501,922,2331,6682,2846,4645,424,2088,3626,1450,1964,6316,3759,4527,1076,3894,4151,3771,443,703,2240,1472,1090,4932,1221,6088,6346,4434,2644,4566,8407,3419,5728,3940,1253,8169,7274,2927,1012,6133,2677,5241,509
3975,7690,4490,6155,3853,2837,10390,2325,6937,3994,5403,2717,8992,2336,1955,10151,7080,938,4653,4656,6321,435,6839,6327,3899,3259,1984,452,1732,1478,5061,4683,5196,6864,3025,7634,2771,2768,7129,2017,4322,2405,3305,3699,3700,1400,506,5371,3325,4986
7554,4995,2051,3206,648,2441,2961,1682,2323,3606,2326,4118,537,4381,2467,5028,5670,6438,6696,1960,4143,6833,1331,2100,1204,5432,4795,6465,3266,1993,4555,1743,3033,1754,1372,5983,3936,7394,4711,1640,5353,3052,8301,4474,5359,9715,2164,2809,9850,6526
6151,2055,1549,1294,6673,4499,3859,2838,5656,3865,8986,155,29,542,3234,7458,2724,6314,4139,682,3757,3633,178,2099,4282,2874,4923,3517,3134,3651,2756,4679,8907,1999,6479,82,7381,346,2395,224,352,5480,2282,1904,6899,886,4728,2427,4349,2046
4481,2947,7813,5261,5774,1679,9489,5522,3352,25,1562,10779,7069,2848,5156,5034,10283,3116,3370,5168,3635,4405,7862,1466,2876,1468,1470,3135,4036,6600,1227,4043,1104,1616,5840,215,90,733,8669,1376,7784,115,3443,2805,4726,2679,8441,1786,2811,3327
4864,5249,3715,1158,775,2697,4607,1039,7056,4751,1425,1946,1565,800,8228,1573,2216,2218,5551,5807,4663,190,2495,2629,1096,11080,5962,719,848,3537,1360,5203,6485,7039,2521,4830,7519,1503,3807,4840,4585,7917,3053,1263,3441,1908,6132,1527,2044,1663
4224,4992,3207,6281,3209,3088,3218,1427,18,1174,11542,2458,6044,8478,1055,4510,932,2213,2085,8872,5418,5037,174,8367,4526,823,5945,5306,6716,1469,3006,1990,2376,3019,3196,3538,5202,6227,6483,2775,6488,867,4451,2154,4974,6004,8053,6008,2940,1406
3457,2690,4605,267,3211,7571,3220,9235,4633,3609,5916,1310,2079,4769,7585,5541,9896,4392,6826,1457,7986,1718,4153,2429,324,1989,4297,1354,6733,7757,9044,7253,9303,4696,2777,1116,6626,2659,3684,4965,1899,8940,8941,6509,6768,8696,1273,4858,1277,9727
4480,5251,4744,9226,8335,3730,8981,5245,2969,1052,7709,798,4766,3872,1572,3366,1191,6823,4518,4776,2348,176,7090,1589,2877,7743,5825,5573,8774,3150,5713,2901,3158,5854,3170,1762,1511,5096,5993,6506,5994,233,3180,2799,3696,4465,6009,9083,1916,3581
3077,7950,3472,3345,1554,2451,5008,3731,7195,4253,1439,2211,5795,3621,8109,7088,4531,8884,2612,2359,3647,320,3777,449,2624,2245,3401,458,3277,6607,1488,2641,7379,2261,4565,3669,7640,4569,1626,5723,6364,9689,9184,1126,621,5488,5108,3829,6006,2423
9088,3329,7178,4362,5516,2955,1678,2575,1936,4496,10641,8980,4117,3608,2971,669,4385,6178,33,4393,7209,6062,6063,7984,3764,1461,1727,5312,2751,1986,3523,2498,1862,6471,6727,6477,6223,1747,4822,217,4186,5215,354,8291,1254,1130,6126,5365,375,8440
2822,8972,781,1295,6928,3475,277,534,152,8730,4893,3231,2720,6051,292,8355,1318,7338,3756,3631,2356,4281,3129,573,5566,7109,7494,584,8269,8147,3668,1621,2903,344,2394,860,4319,8287,2914,1508,1380,2916,8938,5614,2158,3185,3572,6900,5367,8698
3840,516,645,5638,2696,3593,3215,912,1044,3094,3607,2199,2714,3611,7835,4380,2342,294,2604,3884,1710,5294,2352,817,684,7475,1719,7415,2113,4935,4424,3914,2763,4432,3412,1493,2390,5463,982,2518,7393,9447,2408,2793,1004,2035,4343,1659,5884,8190
1031,7047,4877,4365,2194,6420,1302,8471,4378,927,2977,802,676,6693,6566,4135,4137,1324,9388,1196,1791,5557,5045,3895,4409,186,4026,3390,2753,8771,963,5063,7115,8268,2508,1230,4433,8404,4442,3418,8282,7261,8926,3551,2784,4706,1907,4083,760,3967
641,3586,8838,5126,5894,4487,4743,7431,9612,9996,2830,655,271,5902,5655,9498,3228,4895,3999,4514,419,2086,1447,3625,7593,8236,8495,6960,4528,7474,8383,6337,2885,7627,459,4306,6102,6363,6236,222,8799,6754,6883,2150,103,488,6517,5878,3959,5115
6530,1028,1156,3079,5770,6540,1677,7057,1553,1683,1557,6808,6425,2841,4897,2852,9258,5420,3244,1839,5950,3648,5697,7746,1987,6849,8392,4937,1100,10831,210,8531,596,8790,4823,6104,218,5083,6493,5088,4321,2912,10597,8298,3695,624,8818,4978,6387,5111
1793,3073,6276,4486,6024,5518,143,20,661,4886,7326,543,7712,9508,7974,8871,6185,1451,8238,1582,5172,4532,7355,6462,5183,2112,1985,5570,4931,3655,6728,842,2637,3665,2260,342,1245,478,3806,609,2019,6244,9317,5990,105,6761,7273,6510,3951,4980
771,1804,4879,4754,5653,5527,5914,1436,3741,2590,6942,1058,6692,3497,5804,6190,10286,5684,4661,4918,6713,1340,10308,1479,3530,332,9293,2765,5711,6736,1229,6093,2515,4435,3160,1883,1378,9828,231,1256,2279,3818,747,4716,3950,7538,4851,2931,7286,2431
5889,130,3460,1543,2706,6932,3867,1443,2212,7719,4138,3499,9402,3131,1216,66,716,5453,2510,3151,3792,5582,1490,595,5206,5847,4312,728,7126,4056,2780,4189,2014,5985,3042,4195,996,4578,997,9319,1257,3949,2414,1774,4337,498,3704,4985,8314,381
2561,5635,9732,6408,908,14,7697,9106,2964,3734,4379,1948,2209,9124,10020,4902,9641,1067,1841,6962,4147,5173,4279,6330,5180,2623,580,3783,1224,6473,5831,3786,8135,6993,4178,2003,4049,10325,2902,2137,606,3937,5603,2534,5484,5487,8309,1016,125,8830
9987,10120,1289,8588,4493,6289,1297,4375,3480,1945,2970,3227,3992,1821,1313,1061,7217,1713,1332,437,6074,5178,5562,3515,6723,964,4808,73,1866,6219,3913,4681,4686,2001,852,980,8056,3932,2396,1502,3685,2919,1132,5877,1014,758,5240,8827,6268,3071
2049,385,2054,1164,4750,2577,5140,7828,7445,919,2197,7197,8226,812,4013,5550,7215,3889,7346,3763,1588,4660,1846,6582,3762,3644,9276,10430,10306,9158,6344,3273,973,4174,3408,8275,9171,8028,734,5855,7007,9566,8547,4324,2794,5101,4210,8310,4601,7167
1665,387,3205,5254,3720,3087,8977,4114,7706,539,7068,3233,7204,3622,4903,1319,7465,1972,3382,7992,8504,3387,959,4928,7615,5568,5569,7492,6085,3910,5703,6094,6606,8272,847,10205,7523,6628,4835,3174,7144,4458,8810,746,1771,7535,3442,4981,3576,5758
512,4,644,2439,11279,2960,9491,2967,1303,3612,3613,3487,5794,2083,2598,4398,1329,562,5171,1073,8117,3766,7223,52,1721,4537,1596,6589,7229,6204,8000,7873,3265,5949,1604,7874,582,3016,4304,5329,6867,7254,8417,1889,5483,367,6514,7030,6521,2941
8064,3971,2053,7687,3082,7819,1292,5010,1171,4502,1433,3098,7325,2206,1057,8482,8610,5546,2474,4523,8878,2990,2864,8113,3512,5819,2875,3656,5704,8524,1997,8653,4687,4303,3154,5075,3411,1618,8672,993,7010,7651,2789,3559,6635,7151,4847,7793,370,1778
8448,6019,6531,903,8073,5769,5753,8851,8212,6419,6167,1817,5019,4252,6556,4256,1830,6058,555,7596,5035,1967,2226,948,7735,5059,3908,4419,3142,3527,1736,8648,4556,7377,8402,7125,2778,5596,8288,2786,3043,2660,7146,2413,1647,1265,6771,249,5629,3711
6274,3076,1147,5132,532,1430,1175,1944,6043,2075,1819,156,31,6050,3364,2601,5935,3255,1848,3002,1853,8256,2369,8391,6988,4431,5072,10879,5586,3029,6613,1367,3670,1371,4060,9308,3038,7262,3171,4963,361,8939,7149,4461,10608,6002,3316,10100,5499,4479
8705,1539,4869,4103,7306,2572,8848,3856,22,7449,6683,6430,1660,9381,2215,172,2093,4785,1594,4027,4668,5053,1598,10815,2632,2505,4554,6603,6861,78,3919,5073,1624,9688,3290,3674,988,92,5732,1765,9577,8427,4092,2030,6382,9841,4594,2292,6647,7676
2048,1153,2306,643,2179,8840,1545,2444,9484,6286,10639,1037,2193,5392,3224,796,7583,4001,1570,9510,556,3886,6711,6968,2108,9790,8008,7113,2378,5195,10828,3285,3925,7384,1240,7899,351,736,95,2274,6627,6374,5094,2281,1769,3306,2026,5748,7674,11135
2817,3202,5893,2953,6284,2449,2200,8346,5022,2081,7337,7599,560,308,699,1084,318,8255,3776,577,9282,2499,1093,4422,6213,8781,3661,6350,80,2900,8152,8920,3802,4190,7392,3041,2791,5482,9323,1388,3565,4075,1650,1015,7412,8564,2294,4855,7798,4473
7042,5637,1416,4621,3854,3217,2578,5268,3479,2712,5785,2721,6563,4519,2477,1071,4016,4913,5809,7478,7352,7609,4286,2627,200,1101,2646,3286,598,8793,4956,4316,10077,3298,2147,4708,3429,3963,615,10856,4073,2409,3307,4713,8300,2159,6263,1657,6523,2558
6657,2562,2691,3331,7044,7174,263,3979,3980,6163,6038,4631,6557,1438,8222,7968,160,5026,1827,4640,6047,809,4012,5555,183,8249,4159,3904,4929,4546,6080,3028,5077,10070,6616,7897,474,475,4698,9695,7654,5606,3432,7276,1900,5230,8946,7416,2042,4734
1408,8195,4867,1414,5000,1291,4749,2446,5391,4495,2574,894,788,9364,2324,5147,415,5919,6562,6308,2853,2730,5548,2994,8755,4659,4277,4150,440,2492,1471,2886,7245,1871,2898,2005,6492,5726,4703,4320,3431,9960,6891,4084,4725,3575,505,380,8061,6142
7169,7682,260,9348,3084,141,8719,3601,5012,5910,1947,1308,2976,5281,6819,4261,5544,6440,1535,4652,300,1069,943,7729,1201,7988,3004,1597,5953,6210,5058,1865,3404,3451,10328,5090,7013,8039,377,5739,2671,8687,369,2418,4080,7413,3321,4602,3195,8703
6277,4102,1160,9238,4760,5016,2207,8736,5537,5151,3106,4516,8356,6180,35,7466,6572,2733,1453,5549,2736,9777,2098,3891,4916,10034,2354,5433,1722,1211,5572,2760,4680,3403,2380,592,338,3796,2773,3030,3034,6362,1756,3434,3181,6128,6256,1272,7675,7548
8452,7814,1550,6417,1298,8723,5652,789,1686,2455,3736,8220,3997,3873,2082,2851,164,3750,1064,6267,3248,2483,6195,314,3261,8257,1729,451,5064,6217,2126,1231,9681,4691,4440,2138,862,6878,738,1896,1897,7529,8812,7662,2670,1392,2672,2286,1525,8699
3078,6280,1672,1417,7691,4363,6797,6795,2702,529,2072,7961,4890,3618,1445,3365,39,2091,7213,7031,6069,7484,7485,4029,4671,8512,7162,5446,4038,4947,4309,2264,3161,349,1759,614,8424,616,235,8684,1389,3822,5103,7280,5874,3573,5494,5751,6136,3962
5632,1281,9984,2563,5125,2826,6412,2447,3985,409,5146,2843,6174,1567,6010,5024,6306,1060,168,3369,4781,5295,3377,7218,4535,6969,2363,3262,4288,4426,6858,3790,5454,1103,604,93,1247,992,5987,228,2661,749,10989,2416,2928,6260,1909,8569,378,1276
3458,391,3977,7055,3987,5780,8339,3221,1684,7962,2295,8987,5664,3745,1700,6948,5162,1835,2858,6702,47,686,3630,9780,5686,6583,5302,4793,192,7490,6722,8772,3141,589,7118,6486,5975,2392,3929,1370,1244,3678,6112,5609,2542,111,496,6389,759,251
3841,1286,3462,4491,1934,2191,1811,4887,794,5787,7965,158,6561,2466,677,8616,940,7469,1709,8750,7089,8244,1975,2873,3514,4539,570,5445,5447,1737,713,7883,1228,1102,3280,7767,1879,2007,7770,10206,4832,8800,4962,2149,494,5747,5619,7290,10237,6655
3330,7684,7172,9483,3596,7181,4112,4758,3229,9504,2592,1699,6437,6181,2606,2223,10032,2610,1714,9527,5690,9535,4032,8128,967,4809,9418,329,2250,5324,4564,3415,2012,3420,2271,2272,6113,1634,3945,875,3692,1645,6893,6127,2032,3187,2678,3574,5881,4859
2305,5633,8712,3849,4235,7052,7821,6669,1275,6169,3737,3995,5915,8477,1787,289,4647,9259,1836,4655,2353,4018,7732,7221,7353,2619,9660,2749,3901,3007,1611,1868,1485,8267,5583,4948,4697,3676,7004,8540,6624,6630,5354,4588,110,4209,8822,887,7670,8187
1792,6020,8325,8,393,5879,3469,2448,916,5013,7574,8094,1568,673,1956,3374,5806,4144,9264,2738,5941,5823,1856,962,5060,3269,1605,2888,6909,8782,8911,6866,4821,2006,2136,3162,2141,5343,7008,4325,4709,2667,7534,3826,3830,3318,8312,9852,6013,5119
1536,9604,4613,1284,2823,5260,9997,4752,786,2450,1048,5401,1177,3099,2460,7459,3500,7085,7856,6192,4786,8371,438,8121,185,6843,10428,3900,2235,1858,5316,4165,3013,5191,8522,3920,2004,11863,4313,3808,7776,3168,4966,1639,3943,3820,9204,3065,1018,6397
2432,10880,2310,1801,1673,3722,10636,8461,10,6415,3222,2582,1561,3866,1690,540,1053,1822,6431,5288,8105,4905,811,1965,5759,6453,11191,3642,10939,3650,835,7367,2127,6480,9041,11216,5458,5974,2399,4196,4070,6887,1898,4331,7666,2036,3317,4091,6525,4863
4483,3459,7436,527,5007,8085,8088,5145,6427,3998,3871,287,4255,2338,4643,7971,5416,7849,6442,9000,2481,4915,2358,2364,1857,9032,4041,1355,4940,1867,8405,5721,1113,6235,2139,8801,8545,4199,6888,8425,4586,5610,8942,2162,7924,5749,1140,3834,5244,638
6656,258,9861,2951,7176,6160,4627,7061,7957,2583,8606,3103,4128,1953,2465,6558,11172,10278,1193,2221,2224,3632,4020,7605,5685,695,7864,10809,5561,6709,4541,2494,5188,3657,7626,6097,3794,1362,5716,6482,1235,2010,3040,5986,7139,2276,5602,6379,11129,9598
9600,8577,1542,3976,5896,1162,12,5900,11038,4512,6433,3489,1448,4651,5547,2991,561,690,5043,5940,9526,1591,7483,62,1476,4172,8525,4050,3410,6357,3548,5471,4831,5729,6370,5092,101,3582,7783,8420,3437,1651,10612,5109,9207,6137,1914,7419,7038,1151
7936,3072,2560,6659,7043,3717,3208,3213,6543,4241,7315,5396,2709,6421,6426,1309,5918,2975,2334,4646,3495,2983,8745,1578,6701,2996,697,1209,5695,64,7233,8899,3448,8902,455,6605,6742,4061,8289,3553,3300,8294,9582,6511,4976,1902,11763,7028,9208,4862
3074,1674,5525,5526,6166,1685,665,4245,6690,4002,1957,9128,170,8364,7214,4274,2867,7094,1976,2232,6331,1339,4797,2622,5193,8010,9417,718,1359,4943,6611,4563,3706,7515,6369,5219,1252,2918,2407,1001,5738,4076,5997,8559,2544,4082,2802,2808,890,766
7942,2445,1422,4109,6416,2829,8594,6422,2202,3486,7071,417,1459,1716,1206,9273,4411,6205,2882,8259,1992,2123,4429,3534,6351,6989,594,3027,3452,4057,220,7266,2788,7525,3686,6119,5608,4583,5870,11631,7536,3568,8050,1520,1523,1397,9966,9468,5117,126
4619,2443,909,2959,9750,5276,5277,2464,7584,7074,8611,5668,7461,8865,7847,9001,10156,4909,7225,3772,6590,3263,6470,1863,7885,2639,976,1361,3666,4307,468,9302,5591,6232,5210,7898,6365,3166,4317,3939,5604,870,2152,1002,7147,8824,5229,7671,2040,2171
522,4111,1808,6162,1173,7191,6042,6046,5279,4638,929,1954,6307,3232,166,4649,5041,2741,1334,6842,5818,5824,2881,3264,1092,2120,460,5201,850,6610,725,1749,88,2267,3552,5601,99,2915,5477,229,8295,3176,3047,874,5869,3570,1911,8185,8700,4093
9472,4227,6148,3335,3719,6025,6413,4367,9239,2585,4634,6939,5020,8089,926,4639,11037,8734,546,4003,2470,678,9766,3751,1322,5290,12204,945,9397,950,1592,4796,2621,5308,6976,3138,3525,3398,3282,6745,2907,4068,486,7145,5995,2411,881,9717,2298,9086
9090,11650,7301,1669,1927,10121,3086,2062,6679,10780,2718,5793,5375,559,10161,6066,4536,8258,1859,9922,10566,10059,9932,5068,4558,7630,6352,722,3032,6105,7128,1114,2524,5213,9438,10975,2008,9063,8937,7915,10731,8557,4206,879,1138,8179,7796,11766,1142,7423
5624,4875,1165,3855,7823,3986,8596,3991,7067,795,3483,6302,2723,4391,5932,5933,7470,7981,5424,50,4276,1207,6840,5559,58,7745,7619,4804,9033,4044,3149,7502,7383,2905,347,1885,6749,4191,2400,8416,4838,1767,2539,7664,242,882,3446,2296,2173,4222
5760,1026,3845,11398,5002,403,1812,407,4503,9754,7963,8350,6559,1312,5667,8103,7081,7721,2603,6828,6186,6838,6201,5307,7100,5437,9787,6978,7491,2242,4549,6726,8777,75,1996,2893,4813,6095,8400,9296,213,1880,3930,7906,7652,5733,3302,7142,4593,9202
6913,2946,5510,3337,5003,4497,2459,675,10148,4900,550,6569,3243,7980,10416,5938,1843,6200,8893,3645,4542,7872,196,1733,5449,2890,4169,971,5709,841,3667,5078,6359,4315,7388,1120,4961,6882,5344,8419,1893,3048,4841,7281,5490,8052,2933,4599,4988,4351
769,6021,6150,2950,2566,6918,8585,1929,8711,3850,5139,5651,7318,10906,2332,3742,7455,8612,3749,7726,2097,4533,2102,7991,2872,5435,6332,9404,701,6845,2111,4414,1473,4160,1873,8661,10198,6231,5081,6107,4063,3426,7780,4327,4079,753,757,10359,6392,5628
7299,3332,2309,4612,10250,11658,2318,3728,7059,6677,5271,9496,6687,3619,10533,3110,5926,1062,5805,7727,48,10415,4787,3510,4408,5944,10680,8251,5310,8767,5311,2497,837,7628,10446,720,4305,8786,4693,8024,7001,3801,5473,5221,2792,7401,3054,7279,9723,3069
6026,5390,399,3214,1423,2580,1941,8982,3989,5909,6809,2589,9503,8357,4134,9774,11695,11824,7481,1978,571,7288,5567,10571,9547,1998,5326,4176,2386,1875,7637,5848,476,5853,6237,3835,4192,3557,1127,8296,9193,9449,2925,9458,8691,3186,4086,10487,4982,6139
3200,4998,524,8480,4131,934,3113,4906,5545,1580,2857,9006,8752,5170,5687,5048,8889,8632,6779,2748,5692,4926,2938,3400,4171,5071,8018,1495,985,7002,2781,2527,1888,481,1121,7779,2148,9055,4326,871,7019,1516,5228,5104,10226,374,1274,5627,5116,1917
1794,3843,132,7175,9994,1803,2190,8468,149,4505,11931,6048,4770,10786,5924,8866,4263,3496,6439,2987,2222,6448,2107,8637,4161,4034,9803,4812,8013,2002,6234,5087,1512,872,2412,4332,4462,3694,3440,7408,6513,7284,2549,7669,1526,2680,500,8570,5500,4861
3203,5123,7045,8839,6152,8458,2570,396,8845,3342,6929,9236,1559,9628,7199,5925,6182,4136,12076,5297,434,2357,6970,188,11197,9406,4930,6595,10055,5319,4042,10955,10317,2766,334,3832,9297,5588,4187,10332,10334,4579,869,5478,1895,4718,2545,8689,1143,8952
777,7818,6027,3212,3983,1296,8337,4242,3474,7956,9367,2713,930,6947,8870,3883,2605,430,2613,827,2109,6467,198,6598,7112,9549,1358,591,2897,6738,5460,8535,10199,5595,8439,5852,11874,1892,7782,6247,4842,2029,7789,6130,1524,6391,7032,3709,1662,9855
0,5385,5387,3471,6288,9501,671,3360,4383,7073,6816,7967,3109,7206,5286,6955,3371,304,3508,2101,8250,5442,3012,4805,1610,2636,3023,5456,5712,7378,2643,5715,6230,3417,3037,7901,9310,2397,4445,2658,2020,7269,7913,1258,4459,4844,1644,8175,8177,1919
12288,6786,6789,8455,7817,3466,7565,7570,3476,5788,5662,3102,8224,6949,10409,43,9004,4397,6065,4530,4917,2488,2618,1600,7232,6466,2625,6087,7369,11224,8409,8539,5851,6494,3934,11999,5476,10601,3050,6637,9453,10221,6257,3059,2039,9849,9595,11004,7037,4990
9986,2564,12044,1806,782,9742,11025,10773,7576,7705,11034,8219,8868,5157,9511,5929,1581,7341,5039,10168,5052,8132,8389,9673,7754,6091,7755,4047,11856,8783,8016,10323,7887,1365,6872,6360,7135,1250,5989,2278,7017,2538,6766,8307,5236,7925,761,2552,12665,10620
259,7940,5384,10381,10902,7575,8855,2839,3870,162,8867,4132,4389,9507,5413,8488,3240,5797,4262,3748,302,4783,1200,7859,6325,6905,2747,8764,9921,7750,3067,4167,5833,8528,3793,7890,6225,6997,3164,9054,991,1637,4457,3433,9964,4720,4853,7799,10745,6907
8454,5256,2569,5258,4746,3344,8338,6803,8092,1444,1959,5422,2094,3376,4529,1586,5298,2740,4789,182,8760,4665,5563,6848,1217,4675,6468,6086,1735,3271,840,4428,5708,6222,5969,6100,2645,3926,9690,7649,8293,5605,3815,7657,6770,3061,1654,6652,2301,8319
6532,3589,1157,4236,9870,4622,4884,1051,3357,1950,9245,4768,8360,5289,7594,3241,6829,1711,8239,3254,567,56,3001,569,187,2620,2365,3385,3391,2752,6979,4421,70,709,5065,5327,1106,339,6612,4184,6636,1772,5231,2291,2548,2676,9590,1141,1401,5886
2824,5901,5262,9234,7955,6807,10008,5274,1691,9499,2845,9891,9853,1576,1832,8746,8363,10926,11438,1970,11314,310,4025,8766,7362,7363,6854,7495,6343,4170,8918,856,5976,6490,7771,9945,2269,7643,10336,2530,5730,8932,363,4848,6385,7152,9968,4852,2297,10493
11265,4492,10765,7566,10254,2066,2195,3738,3739,11168,6305,806,5417,1194,3628,941,11187,10292,12598,3383,7224,2361,7351,9915,1980,7869,8003,7620,2894,9807,6734,7892,1622,1750,3545,5979,8029,4829,5474,4345,3942,9835,751,1008,2929,5235,119,1145,4475,6780
256,3842,902,7048,905,8201,2314,4115,6933,1689,7196,8093,7710,7328,2090,7212,6445,7086,8496,9651,4788,4664,5304,4921,4415,4673,4162,3396,1095,9802,9036,7629,206,6221,2769,10458,2011,6491,2655,2144,12128,6881,7405,1006,3057,5106,7665,885,2554,8445
7553,6402,4228,2189,9230,1807,10256,7954,6805,1687,2073,8737,2979,10107,5669,6825,5163,8492,173,2104,5055,6336,9666,2374,12231,10315,7373,3918,2511,9811,4308,855,3933,2015,6752,5599,2662,10855,8551,2540,10605,11376,7409,4208,1395,4340,1653,10105,5754,11003
10625,7426,3588,6278,5511,10761,9104,11921,11027,3732,10649,3614,12192,12321,5032,6059,5165,8880,6064,11827,6707,6963,8758,7606,9912,9395,8885,829,7870,326,10953,9425,4820,10456,2265,10847,9187,9062,7399,7526,6759,4329,9321,10349,1776,5489,2289,7157,9461,4087
3328,4610,2436,8326,9095,1287,9356,3090,10132,2840,10402,4259,4006,11174,4141,11442,2998,11575,5693,7107,325,9541,711,9926,10568,5963,7248,9170,11346,5459,11477,10453,9943,10072,8792,11994,12376,10331,11609,94,9699,1124,9956,8038,11120,8565,633,9978,4603,8828
6144,4225,7938,7171,3848,1169,402,1431,920,10905,10394,6812,11676,3484,7201,10529,6694,2984,3753,10537,9517,3245,1335,5815,1850,1342,2110,11198,4806,6654,6984,6856,7110,2124,10063,7503,4946,5076,7895,8923,2782,9826,5859,5091,8552,2665,9336,8701,11774,895
2688,2180,9608,5775,8082,531,1429,8215,24,8856,10911,1824,5280,2594,9380,5798,8999,5676,6189,9905,10419,7989,8887,1982,3392,10944,5698,6850,5955,8645,8390,9678,10321,11603,3539,7386,3039,8674,10851,7932,7527,8808,9962,2028,11500,1009,10481,8437,12028,7678
6146,1282,134,4615,7945,9866,11407,9111,3226,3482,10910,2339,7203,9125,9514,7211,4782,563,691,1845,1079,952,5943,9274,11450,7607,1085,6071,7103,10565,6860,9422,6991,9424,10962,4053,5845,2649,5593,9437,3427,6756,8549,4581,5351,5356,2547,6394,1532,9215
2176,6658,6663,2312,10376,1421,398,7183,4753,9624,1816,2208,3239,3112,3367,7979,7340,8370,9650,3893,54,8631,3897,447,7999,194,7747,3140,4802,1606,453,5965,3156,2133,4055,7639,1629,9697,737,1507,998,4584,3690,493,6516,2037,7034,5883,2556,2175
8576,1409,6916,6283,7307,3595,3470,3726,16,4878,4494,2832,1551,10775,4889,5275,668,9887,1704,942,6577,2230,6524,1467,831,6209,2115,3912,4427,4045,8145,7250,1876,8150,7257,4825,4827,7132,2526,5857,9441,10339,3173,2674,4467,2166,8055,248,7292,9470
5761,4611,5381,5127,2700,7693,11665,10258,8849,6292,663,8090,8347,4517,1068,7597,432,3249,3380,8373,10938,8380,7614,9279,7489,9801,3658,8138,12238,4430,6783,6609,3296,1633,6886,10603,11756,237,8429,4078,4850,1267,11123,11892,8051,10488,5113,4733,2302,11263
5120,8962,8580,9221,5639,10760,1547,8459,8464,147,11419,10360,11169,1188,9637,2596,10535,8484,9252,7852,9518,8240,4658,2228,10165,11322,7995,6588,5946,5574,3143,12106,1099,8144,10068,9047,9053,1374,3294,5347,12644,9194,10478,7794,11382,8823,5368,5498,7931,3964
6528,6662,5641,3339,6157,6414,5389,8465,3477,3862,6299,2204,5405,5542,6568,428,8877,558,2863,5934,5044,6452,3640,3768,700,1215,1220,6599,1995,6478,1614,1872,1617,4436,341,4311,6615,8791,2651,5342,4449,7267,9320,8685,5998,9840,5621,8694,3064,3966
11778,11781,7050,9611,9998,7439,1935,6159,2579,2069,5141,2587,2974,2425,946,8115,11828,4667,955,5565,7742,11200,5961,4553,2889,5964,7884,5581,12151,6865,5717,2774,4439,1752,8025,8154,10335,1382,10087,5865,7785,6892,2543,5615,11378,10231,121,9082,10235,383
1541,5513,4107,3343,8463,4369,660,3861,7319,7321,5529,8731,1696,3107,6309,7334,1703,1065,7468,4399,5423,9399,4792,3005,3905,3274,463,3664,6996,983,2904,4952,3547,9052,1501,4444,3167,4188,3931,4450,3556,7141,2023,5098,2163,8693,1655,5880,3450,7294
6917,8582,12426,10125,6030,8592,11411,10263,2968,1531,7063,1305,8732,1692,4763,11420,1440,9632,5658,7078,6775,8500,11190,1974,3896,5817,11702,11579,8509,6721,68,11972,7163,11466,10704,6096,6099,8662,1882,8158,8033,6371,9446,238,6258,4215,5112,4218,11515,12440
10112,3968,1795,3590,2954,907,4108,2701,6032,3473,1172,4756,3350,8985,5414,4009,3242,8621,3887,4017,1202,3379,10033,9013,1078,6967,8503,8634,4666,3778,2243,3906,3015,3662,4302,469,726,348,4958,2143,5352,1387,2924,1261,3055,5871,2419,6776,1534,2559
4993,898,7683,8708,6275,6279,10887,523,4620,3602,6676,8726,9879,3610,6685,10526,11425,7845,680,1321,11822,6704,11569,1208,10040,9658,4284,9918,3009,11459,12613,2758,10053,10438,11975,6731,7635,6747,4828,8285,8290,359,3303,5099,11117,5742,10352,755,4472,6653
7552,2178,1033,3981,7694,10000,5266,6036,10518,6935,7448,11673,7830,9368,8096,11424,4387,8998,9512,11826,4275,10811,957,2750,12095,9407,9155,11076,9669,8263,7880,8778,6987,12108,5462,5592,5849,10842,4573,10462,10717,1373,9573,11622,5225,11626,9199,4723,9844,11002
5250,9603,2052,5764,4617,5514,1419,8332,9485,9109,4629,8479,4127,5409,6945,1958,8615,6697,1066,7084,1455,7344,5169,4278,2490,6975,6592,7104,1602,1345,4547,322,710,1608,1481,8652,4814,9299,1497,8156,3683,5988,4454,6376,9196,4972,8049,4212,11383,891
6405,11528,8075,10124,5005,9362,2322,8343,5912,2330,8604,9118,12191,10275,4779,8876,10539,12081,7473,8372,2485,6328,10301,1726,8639,4293,5830,8006,10186,7114,11212,11769,3022,3155,7124,9558,6108,3550,7520,9824,10466,2535,11625,4715,10860,2669,5486,113,10099,9593
12035,7812,901,3718,9096,6539,5778,6550,5398,5400,281,7450,11546,10522,1189,8486,41,4778,10541,1584,2227,3252,1973,8123,2236,8384,9667,6853,9413,5318,3272,10314,975,3921,9554,9946,1505,6884,1513,3564,8048,4339,3060,9845,246,9078,7800,8313,3837,7934
9094,8583,7437,7054,9231,1040,11540,11157,12054,10006,6810,9242,8733,10270,8991,4007,1198,10799,2935,6451,4406,5814,2489,11578,9916,4925,4287,11839,3907,3780,1731,10567,5959,11722,5580,588,11984,9813,11101,7774,7648,8676,9575,8807,9580,10994,6642,12405,5495,8572
3584,4356,3973,1799,1544,3984,784,10642,9619,6164,5520,2836,6039,8344,4759,7327,5923,5799,679,2219,6956,6830,6193,5939,954,1083,6077,6719,4416,707,1480,3529,7886,340,8795,7645,1118,9183,6497,6755,8163,3046,5735,3814,3315,1656,8825,2300,7933,3839
3587,11011,4359,5129,2061,6542,1167,8958,5138,12435,9874,1046,11544,11164,10018,8227,3108,5036,4404,5689,8506,10812,445,9791,11970,5571,6852,3011,7240,5578,6602,2129,3799,3543,3424,7138,743,4330,12010,7790,6639,3952,10350,5618,9583,3824,10743,3323,7421,6398
6147,8069,4229,9862,137,6161,405,6552,6297,8349,2849,9506,1187,7713,2735,1077,5813,2487,3641,5439,2496,961,5313,6724,6597,1094,9800,843,1740,8142,2385,6998,3671,4951,1369,6233,4955,6620,602,9049,3672,612,7148,7150,4595,252,117,6003,4346,3836
7808,8709,7944,5512,10633,650,6672,5397,8218,7969,11044,422,10792,6953,9645,6777,6450,6578,9268,8245,10038,9784,1213,8511,4420,10822,7496,2132,9304,4568,10970,9307,8668,3681,3938,8418,8161,10214,10090,5867,5866,7531,11115,9072,3313,10354,9714,8184,11897,10878
7296,12160,5376,5891,11526,4871,10247,5644,5647,8978,12306,3347,1301,11158,915,9113,2203,1307,6815,4513,3237,8614,8873,11564,1969,3506,11188,11064,11192,9150,11327,12225,7235,9931,9935,978,9559,472,9180,1122,8803,7530,6125,5358,2288,8306,9205,2550,7160,5882
8320,896,5505,8704,3585,1032,6409,266,4748,3468,275,3990,284,1315,1574,1834,427,947,6585,953,6075,4158,704,9154,5314,7625,7881,1741,6862,1615,464,7506,7251,4567,5594,8924,8284,3036,6366,4318,4194,3821,3309,2161,3955,1017,6140,5501,510,6143
12163,7939,7941,9476,2183,518,8330,12172,4626,3091,6290,5781,11541,5015,4888,6170,11035,11294,672,8608,8099,11940,11556,12074,9131,10412,10158,6319,2992,7604,6015,9920,76,10066,9939,1499,9436,12638,11360,11616,10982,5222,9961,6122,7660,10993,5234,12406,6014,767
9089,1538,11013,6661,2437,3721,10378,11278,9232,8593,10386,9746,10261,11031,10776,3864,10520,9372,1311,5756,10527,8098,11048,9385,11439,1458,9907,7347,11059,12600,9147,9409,11214,1623,10585,7513,5211,1381,8679,8809,10863,7026,7027,5746,10486,5750,12282,11899,10748,2687
4737,8581,10503,9992,5497,9482,10122,4618,4237,11662,1937,11539,10515,536,4891,5661,6173,5278,8605,3617,7454,4771,7588,10023,8233,5166,3118,8753,6455,10681,3388,8773,11983,9938,9941,6871,5464,1242,3292,9057,6114,4460,7404,12400,7795,6903,9081,8444,8317,4095
6401,1412,772,2311,2184,6282,9233,658,8595,1658,791,6555,7070,4005,2214,3624,1326,2737,4914,8633,7226,6203,1725,2878,2684,960,2114,9027,5321,2891,8780,2382,1109,4310,981,6238,7391,480,3813,1894,4072,232,2922,3691,4592,1402,4347,4348,7549,9214
6403,9607,3340,8854,8598,12571,6946,11555,3494,9390,7471,1327,12465,6961,10421,3010,12483,4559,1491,9182,12528,2673,2168,12287,3455
10373,9480,3093,9377,5540,7205,6821,7208,11697,9393,818,3636,10172,9037,4046,3024,8913,8276,11864,3169,12780,10477,6773,10364,1918
10883,1796,10502,7946,653,9102,3599,7309,2453,10391,9370,9756,2077,8993,9768,1789,9644,6574,6575,944,4911,10675,5556,12084,9398,9019,4544,3267,2630,12492,8396,2638,11343,5967,5332,7893,10967,10840,8279,9954,6373,1128,7403,5100,8560,4341,631,634,4989,9854
128,5504,3970,6529,774,5128,5135,9359,273,4883,6294,7320,4120,7066,4251,3996,9123,4644,1571,6564,5543,425,2347,6060,5419,4146,4149,2428,7740,1855,2628,2884,2507,5842,10324,2520,4824,2652,610,7397,8806,8040,489,2285,9070,1777,2420,5243,9212,3965
11777,10755,261,6023,11273,9098,5259,1932,6922,10384,12053,10141,5534,6179,9129,8874,11437,12078,7728,820,8378,12476,4413,10435,10181,9288,10954,10956,11852,7117,7759,2642,8658,11736,9818,6619,8796,10593,10980,11236,9959,8299,2160,8562,2675,1270,3961,6650,11260,9471
7427,12421,7686,11141,12425,11915,6799,9487,7190,9623,5144,9241,11808,8353,5412,9513,10922,3881,2988,3123,8501,11957,10174,1088,2754,4291,8134,4934,2761,2634,9421,12109,9936,6739,12500,9557,7516,12765,10846,12766,8170,10858,12654,12401,9457,12286,4856,6265,11005,6782
8832,10113,4354,9719,9222,7433,10377,5899,2316,5519,7184,10768,6681,12059,12060,12062,1183,12064,5154,4774,11304,11818,5426,5812,8118,8247,575,12355,8519,10311,9545,6475,8654,12240,7509,3797,10455,11096,11993,11098,11222,12508,1630,9700,7791,5492,3703,11000,3193,10366
9473,8066,1029,10374,6538,8716,4623,10770,9748,11925,12180,5911,11671,6553,3481,6684,9249,7716,2728,9134,9776,693,6198,7096,9530,10043,6206,10559,6851,10575,12496,9427,6741,2647,11480,11867,9309,3423,10338,11364,11109,8423,5863,9448,9197,1262,241,7537,11121,11387
12546,10756,9224,7177,12170,9867,10508,7053,785,10003,10899,8853,12185,7194,1825,5666,11298,9636,12325,4008,10410,10289,5174,10299,11580,10814,10050,2372,9412,328,12363,204,10830,7888,11472,9556,7894,4700,11743,9825,2402,10217,7788,7407,3823,4207,11640,12414,9982,5631
1671,5640,1556,5372,5017,5786,3355,7714,4515,7843,7077,8493,5293,2355,6324,6199,3767,11069,6847,5184,3779,5700,7238,5322,9291,2381,6990,9039,6995,2772,86,8151,7382,9819,3677,2398,6623,8032,9058,3045,10342,7911,5227,491,10228,3319,4732,5885,7550,8191
1797,7,5897,4233,1035,2060,10895,5523,1300,10262,2972,5790,7966,1951,12579,5285,7718,8742,10279,7724,3504,5937,1074,2486,1465,826,3008,1861,7368,714,10318,465,10322,979,8660,8917,4950,731,12126,9569,1890,227,6375,4456,2153,10348,10093,9331,6138,3199
9991,8204,10127,12176,3857,12056,4124,10658,12066,10408,4400,7601,8242,11955,1844,3643,9788,10813,10816,8643,11204,11845,9286,8775,8651,11340,8910,11342,12624,11731,11219,10836,9176,11484,10845,3804,4705,4066,8037,7270,10216,7020,9709,11760,12021,8054,10490,11771,11134,5887
11009,7425,5001,11914,4876,10509,10898,12307,3605,12312,4637,11423,8354,12067,10921,11049,10673,8891,7161,9280,7361,11329,8387,7879,8009,844,10062,10319,8657,6098,9687,10074,10715,6750,11617,10082,10211,9572,10340,3688,3051,5357,9071,10351,2546,11893,12279,2681,10875,4991
4736,2438,1800,4364,5004,3982,6418,3860,5654,2071,6301,2859,5931,10236,4654,9908,4022,8122,8640,3521,6082,6986,2252,5197,3663,6224,8529,5973,5080,4572,6110,8031,7390,2401,7396,7015,744,1129,5355,7275,9967,8304,10739,6388,6645,6262,1912,3708,1790,8447
3201,6533,8198,1163,6411,11536,5782,5531,1405,9630,413,7838,4130,548,7844,9894,2860,2482,7733,5430,10295,7230,5952,10178,8900,8005,966,10877,8518,1738,4557,2513,5714,6617,10848,1761,3555,4714,8315,12908,1773,2157,4335,1135,2033,2934,4598,4219,893,6910
7041,8967,7432,9466,6158,3727,10257,2962,6930,1943,666,4635,5532,5789,6691,4004,9773,4910,7983,6446,9396,7227,7360,1474,4292,4423,5577,8141,5198,2383,336,977,2514,11090,9172,3284,1366,5199,7000,2911,4065,3554,5991,10730,1134,5616,5622,6906,892,3326
9606,10631,3080,11529,6667,8207,10001,7698,1813,11926,11927,6296,7832,9497,9883,11293,7329,11171,7079,2472,8235,6444,9138,7730,10290,11445,5811,8759,4543,1348,9924,1222,4552,2813,11468,4437,11733,6879,2663,4967,7658,6252,9837,12398,3056,3701,247,7930,9463,10749
8322,7556,647,10637,145,10771,5143,10903,7447,7193,1306,9373,10149,9383,11182,10417,7349,4407,10937,5838,8265,330,7499,7370,8650,11337,10447,7760,8523,9426,9683,12242,7380,6859,10583,8921,7130,7517,11358,9823,5981,3679,5982,10984,9707,236,1260,10353,8829,11647
4098,12553,7051,9358,12814,11408,5394,12562,11155,5269,8601,5657,2588,11933,3615,6176,9761,12068,298,1197,11313,9011,9654,4662,2744,11964,6463,6464,1730,6083,9028,11335,3322,5200,8530,2906,11746,484,12517,12007,635,6889,10346,11372,5613,11503,5232,245,12666,6651
4353,8961,10115,2435,3714,9097,12815,4881,5907,11284,6675,12822,8472,2201,10140,8861,4509,4641,804,3879,4650,6581,3128,4794,4154,7357,5443,10821,7877,2503,9289,9035,3405,4818,6228,1877,8155,9564,12382,12386,11107,3177,3179,1648,244,8820,5110,5623,9725,4094
1155,4739,4357,7304,3852,8718,6674,279,3747,9379,933,5027,1829,7592,10544,306,5299,2484,3386,7739,1852,6076,4670,5821,1603,9542,12870,11720,3785,6474,3915,8784,2257,84,854,5337,10202,6874,9693,2787,6378,11755,6250,4464,4979,2165,7928,9465,2170,9596
2957,5645,6925,9755,4123,6303,9120,3875,9003,4396,10285,4525,8748,6832,5554,5683,3251,6461,3394,1091,3522,4674,6342,1352,6220,7758,6608,2896,1234,3798,5335,3803,4957,3293,6496,2913,6753,8544,356,2537,7914,1518,7283,499,5493,7935,7797,7801,2939,6399
11010,10498,514,3334,7816,9865,3210,11402,3724,12173,1784,6546,8725,10134,8214,1694,11935,5538,11042,10019,12709,7207,9640,12457,12330,10925,6958,9903,12216,10171,6973,11458,11074,12356,2246,9160,7498,211,9685,5719,10591,10079,4836,5861,9067,8683,12782,240,9592,9469
5378,8456,4105,8842,8208,6545,7441,11154,1050,6943,11554,9635,6266,2471,8358,10920,9262,10803,6835,6580,5558,8890,10684,10045,2241,8641,9923,2501,4933,10826,11723,1613,3152,12115,8788,10581,6999,3287,10329,7133,989,11230,7009,9313,7908,6120,3308,5102,9975,8442
5507,7560,265,1528,3592,269,9999,5777,7314,9108,2198,1181,8351,5665,9122,1446,551,2856,8231,6827,5681,6323,5175,3130,7610,8124,3646,5057,1219,8388,8776,1482,3147,7372,2253,2391,2140,9827,483,1003,2156,4729,754,1011,5238,6648,6393,2682,1278,5503
9858,6793,3465,11019,2958,2320,1299,8341,4249,6811,10653,10015,11942,6951,6449,9649,11700,2869,7222,6326,3256,9781,4538,2870,8376,5181,12471,3520,9793,11205,6196,968,2121,3145,9166,4944,724,5846,3165,1246,9953,6242,11490,10722,10223,6898,2932,8059,1404,4221
1025,12934,12935,5386,139,3725,9357,662,151,2457,1179,5406,9634,4899,6052,11173,1705,4395,3885,12591,8882,4402,9653,8375,825,10048,10689,5829,5958,6985,5066,11595,3788,12752,6354,1758,6495,6367,11747,1768,6377,1386,1384,11240,365,8944,7921,12913,1399,11261
5377,2307,10116,2057,5649,3346,9618,10260,1428,10645,7964,3358,11552,3744,6818,4642,1316,7333,8230,2473,4265,11307,2478,2608,6322,9525,6977,6725,8393,4938,5834,461,9805,10193,7255,5338,3675,4954,97,10594,6502,5224,5481,5611,10987,3438,5744,3954,4469,12150
6536,6156,10638,656,11924,9620,12183,8473,6298,10142,5536,11809,5410,3363,2089,42,3754,11948,10414,4912,180,10678,12343,10169,11194,4801,11457,9539,2500,9796,11334,1483,10835,2517,10837,471,12120,11095,8666,9335,990,9821,6632,11627,3310,3697,4470,3062,12155,1149
8196,10505,6668,10511,3219,12310,6040,5784,2715,10530,6434,7332,8102,3372,9260,10291,12353,9795,12739,11588,7366,12488,11209,11338,9292,6476,9038,7116,5331,5843,10579,8153,11100,861,5348,6885,2024,10345,1515,11116,7021,10734,7663,9201,8434,8563,6772,1782,6520,6396
7297,1668,4101,8071,5257,8457,2187,2065,7958,8984,4761,4121,154,7452,7076,5160,4522,2346,44,3247,1199,2611,6456,3000,9146,4283,3136,5317,7878,4294,1742,1487,2131,5844,4185,4699,1628,5725,4062,4575,4704,8675,3175,4712,12649,2797,4334,6253,6129,2041
9988,3336,8975,5905,2963,10389,3478,4377,27,10014,7839,10017,6436,11045,1190,5671,5030,8361,4267,6571,5677,4015,821,6584,10427,4155,6459,11451,4031,7356,5827,12740,12485,9544,8011,4180,5208,857,5212,10475,2668,6124,4717,10740,9332,12534,3828,4216,1530,3838
2948,6920,7179,8843,5134,11023,9366,11802,11803,6300,5408,10787,10021,7336,11306,2475,2734,4270,3126,312,3260,7486,10431,8898,836,8395,10443,9295,11729,9682,3924,4695,4441,986,8412,9949,2910,5469,5216,2532,10472,6633,8682,11113,5617,4722,7414,11644,7422,12415
7040,7298,6915,4740,4874,9228,6028,1933,401,10513,6806,8603,667,5023,9890,2343,7082,9002,7095,1210,5434,7996,7105,11202,71,10569,6347,8397,2895,7375,9298,3923,5079,9816,7385,9435,4064,8804,4201,2921,8044,10220,4463,5105,7155,9847,3320,7035,7677,6911
9728,4870,10763,8974,11663,12302,12305,8466,12308,917,11547,10652,2335,9505,1915,4901,11179,10923,9901,7342,2862,12331,11954,9270,8379,6207,10948,5575,327,10697,12745,8136,12365,8655,8532,11348,3928,8542,3295,11619,7781,6245,999,11880,9585,6644,12023,12409,8571,11006
1921,1925,8328,4873,6921,8076,910,7951,5521,7836,6175,1185,2722,6573,6320,11698,11319,9016,1464,442,2493,708,3020,4300,7631,5970,8021,5718,5209,1498,4571,5980,3422,3680,2146,9316,9701,8167,5095,1521,3314,5363,625,3571,9334,12017,10232,3324,254,2943
6784,5508,2694,4872,779,9868,2321,8342,2710,3101,10784,2337,7586,163,11176,10280,6313,5296,7603,10420,2742,2743,9017,4417,8770,3137,11849,4815,7504,1619,1364,8406,10461,1886,863,4707,6501,1509,8297,4970,11118,9710,10864,10096,7922,627,628,7542,9976,2557
6272,5122,4868,9225,7438,2835,2068,4630,792,9627,7841,8996,2469,6311,4010,1962,1454,6836,3124,7860,5177,3516,3654,9543,1225,5323,3148,7501,6353,2259,7764,1496,7518,5214,2273,6116,8166,9831,9064,2920,2410,4590,883,9460,7029,10611,2299,4220,2942,511
1280,9734,4231,11657,6924,5264,8083,6295,4636,8097,9980,1575,7087,1971,7476,9400,8761,6270,2491,4028,1086,5822,8896,4164,12229,9672,12234,11599,1107,11479,7896,2393,11483,11357,9440,865,357,7398,8805,3693,8815,6769,1905,6259,5620,11636,12541,9724,637,12670
3712,10497,10114,7810,7302,2698,12300,8852,8216,2586,9114,12187,12828,10398,12320,11810,9127,10024,8106,7467,8491,2989,6447,12211,3509,5049,1212,2238,8895,9278,5186,10564,5701,10437,11465,6863,2388,7765,3414,2519,2262,5093,2021,6512,8180,12662,503,10872,12921,1403
1537,2434,1667,1666,4999,4616,6666,7947,11404,11793,9851,1820,8864,5282,9638,12333,8749,11184,7091,10941,6079,10690,8004,4166,1356,3789,5584,3281,5457,2258,6103,10587,7803,10078,10978,5992,7400,2798,3566,752,1390,1522,3445,2038,1269,630,2421,5626,6011,7807
9219,8964,900,9349,6791,2056,8714,8079,10255,9361,2833,7696,3348,10388,9494,10137,285,10532,3755,7853,7602,9779,1587,10110,5051,4798,2879,11456,9152,8520,4811,1612,3916,7247,2256,10577,3026,10578,7636,4949,2134,1232,9433,8925,7647,11363,9329,8567,7804,10494
10244,8329,3341,4238,8591,3216,5136,10643,5246,5021,7582,9248,8225,5025,7972,3236,5291,1452,688,5553,5682,8625,9652,3769,3770,316,6972,1347,3909,2502,4298,5451,7121,8916,7512,3035,10207,4576,2528,4452,6762,4587,6508,109,8816,3953,2034,4597,2172,3710
8451,10372,7046,8966,11016,5388,11917,4110,10764,10103,9877,12055,11799,10651,2844,5407,10531,9132,4524,8623,8111,9009,6576,9910,11332,10309,9927,1351,74,3275,12493,11988,7768,8537,10459,6875,10204,5858,12005,11237,8041,11754,2796,9455,10992,1393,12667,5237,3063,3579
4865,2185,9492,7702,6423,3095,6686,12448,545,11299,10917,10407,296,9772,11693,6317,7857,9139,436,10296,6072,6586,12347,8385,8386,9031,10440,8266,6090,12375,11607,9950,9696,9060,8933,5220,11111,9829,12009,12012,9200,12273,5362,9330,9842,12149,9206,5752,7546,10239
8321,8193,2818,10369,7170,7558,12679,9863,11146,1676,8589,7323,7708,12061,10523,8352,8481,5152,8740,2854,935,5673,1707,8107,3502,3375,7093,9277,11199,9536,11840,1988,6214,839,9420,4051,11732,467,9174,10197,1112,7258,11869,5598,9567,2654,7910,617,7278,8951
7680,2182,11782,11655,7559,8970,4488,11789,6671,3600,12561,11153,12177,12692,9876,8221,10916,7973,12198,10791,8489,939,9005,3373,10159,10543,9521,10801,7228,10173,12480,8001,12098,12615,5705,12362,1869,4942,9300,10974,6625,12769,8548,3816,4200,8047,1779,10742,10230,7166
642,10754,11909,1931,4880,1680,659,4500,3225,7065,12698,9116,157,8989,2973,416,4896,5796,9765,12710,10871,2727,169,3882,3119,439,572,61,1599,450,3528,7927,10703,209,1233,11601,11857,470,1494,10203,226,8034,2533,10215,619,4205,622,12015,5239,2047
897,4742,2567,10248,11144,10507,7948,6800,7700,11796,6548,7959,8213,8229,12071,5800,12456,2350,3122,11448,12089,7613,2366,5182,6591,5185,8514,10557,4678,5190,9419,5069,8399,3535,851,4692,9301,11223,9947,9181,5217,611,11108,6248,4973,10990,1775,8182,9977,9341
2945,3464,7561,5646,11406,11811,10536,9771,10546,3507,8120,9284,2248,4941,974,3541,10712,12512,8035,11749,9445,10986,10995,11511,639
8834,12174,11666,11283,11028,12438,7587,11562,11052,11053,9775,5679,10807,7359,9024,7239,5194,3283,6743,8286,8164,7655,11112,10094,10102
1027,1540,6,646,4232,7689,8074,911,146,4370,914,6172,1564,3104,7456,3362,291,2087,6824,4520,2731,1328,1590,4280,2174,191,4289,3649,3524,965,4677,5590,6614,8664,1753,1504,8930,5475,4071,6121,362,1770,3563,108,1906,3958,10362,4350,2045,1150
6400,11651,2692,5252,12551,5767,1020,525,10252,5395,4374,1814,9751,10393,7581,9117,11040,3361,1186,3492,9639,6057,2349,2607,4272,9267,12730,6333,12611,7623,586,12619,8398,8019,10965,1881,7903,12384,10596,9832,9833,7786,6380,372,3957,10996,3190,9338,12284,9085
1922,6535,10119,12171,7435,12045,12182,4126,10403,10028,3892,3125,1463,9911,11065,11321,9533,10687,10176,9283,12228,11513,11461,11464,6089,7418,11977,11979,11981,12241,9430,10714,1243,12250,11645,7778,10979,10728,10473,12266,10092,5612,11502,1519,12141,7159,7289,1146,9467,9981
4866,8963,4484,10758,6407,1681,8211,4248,10524,12445,5029,2599,10669,10671,10672,4145,9266,7216,12470,11835,834,9538,12484,6981,9937,4694,12118,5465,9050,11099,1757,11229,8413,7137,4833,10723,9188,9061,10854,6757,3944,8042,11242,12399,1137,11761,9973,6518,9726,2815
4608,11266,389,6534,8072,11913,9738,8841,8202,10510,7699,5270,11288,7837,7976,6312,11688,1081,7866,10429,4800,11767,7364,12103,10952,12105,11210,12620,4684,10958,12110,9164,9940,9428,12116,12756,9814,2908,6109,11104,8421,8426,3436,2800,9075,12533,11639,12024,4730,4604
5248,12168,2059,7308,8971,11533,9615,7568,7825,7313,11919,11537,6678,6936,10138,5539,11046,7975,11945,2985,2480,565,3638,11959,11193,9529,1723,5820,10300,8636,5696,6345,9546,10959,8271,10966,12378,12125,7264,9326,10607,10225,9586,12146,12276,501,629,7282,4857,7806
4097,12165,9477,7815,135,8199,3463,5772,2329,8860,10012,2462,7711,11432,9770,12079,10930,7219,11584,11077,7621,10823,10444,7505,12754,12243,11862,12633,11610,2268,7900,11102,11103,6499,2404,10083,9702,7912,2025,9706,11246,8303,7024,7153,7410,7539,10738,8697,7164,11901
11008,10753,7430,12039,6664,10251,11787,8722,11543,3096,9240,3354,8738,8739,10284,3117,9783,11833,6458,4924,11333,9812,12629,10584,859,8802,11877,9076,11380,12408,1913,7293,9601,12167,651,10896,2966,12443,8862,12446,10145,12451,12713,9387,12464,12726,7611,11709,12738,10691,4550,208,11473,10709,10713,12761,3291,729,11745,11750,7918,9720,2553,11770,6908
4352,9857,5380,12806,10759,11400,4358,6792,5515,7311,10002,6291,12178,12309,4373,408,7457,11427,10789,10662,11557,4904,5161,4773,11563,10157,4019,7865,5056,11716,10436,7876,5576,9675,5966,1744,5972,5334,9175,599,11097,7003,7644,7395,12004,8165,2664,3817,8043,6897,8435,3956,2803,2293,6902,888,8057,508,7165
9735,9352,10889,6794,9739,10892,12813,4244,11291,12316,12830,12063,11297,3746,11813,9895,5672,12458,11435,11311,11443,11699,11965,11841,11330,10179,9415,12744,8905,2119,12235,10827,9804,12498,12114,7762,12371,11992,11481,12762,12507,473,11998,9951,8928,10976,11359,12772,12774,5350,12518,12390,10219,12784,12402,6131,9718,12281
12802,12547,11522,12677,11654,11140,10632,9101,7569,12052,12567,12057,12699,12573,11679,12193,6435,8485,10022,11047,12583,11558,12200,10031,6959,12723,6965,12214,2871,10683,12092,12604,3519,12735,833,12612,12746,9162,10572,9677,11725,11218,10710,4959,12640,12135,9576,12522,2923,9578,1901,11629,12537,11514,4987,11772,12542,7551
9729,11907,11396,7428,12680,10504,520,11788,10128,4625,9747,10909,4382,8223,9889,12452,9255,9897,11308,11820,4142,12338,10548,10294,4023,9142,3898,12349,11581,1983,578,8646,7756,8785,10451,11232,4198,8678,11114,12650,10861,8431,10735,12403,3189,3707,11132
11136,12033,10496,12041,12809,10766,12304,11032,6938,10011,8476,9759,6519,12194,9892,11431,6699,12203,8112,10802,10677,6202,10556,10819,7752,9928,6601,9553,12499,12244,8915,10972,7389,2653,12663,12385,7016,10089,12527,6384,8688,11250,9203,12407,12283
11393,11137,8836,9736,11916,11918,8831,5648,1939,6814,12832,3874,9762,10405,12069,7595,8879,4790,7863,11063,9271,9786,9914,10432,10945,12482,6084,11463,3157,10839,4953,11871,11105,3682,12770,12771,11519,4710,11494,10724,9713,11125,12790,10618,12671
8450,12803,12036,5765,12422,4360,11669,11414,9752,3993,9629,12449,10915,9763,12712,11817,12077,10030,9648,1968,12467,7987,12597,9012,12727,10808,7993,10042,2617,5054,11455,12481,8262,10183,11594,9168,8912,10194,11089,12372,10838,1110,9820,11997,10844,12515,6500,12263,11369,10474,9708,12270,10483,8692,11126,11895,12543
10882,9218,12554,11022,8721,11795,10005,10007,11416,11545,12570,11036,10781,8735,8997,12327,3114,12587,12207,12335,12208,8116,11062,1847,10550,11705,10554,2233,8763,12473,12732,10943,12354,6338,7875,11848,10699,2764,11388,10833,11347,11737,12251,8159,12514,11496,3304,12793,1136,9073,11890,10227,10616,12153,10491,6012,12799
12416,8065,12417,11911,9353,5642,12685,10382,1809,7186,12819,7317,10908,7842,11683,10788,12322,3878,10027,12459,12717,5167,12593,12209,10932,11958,9143,4024,7098,4156,3773,11967,8769,11073,12099,11587,11460,11713,12490,12494,11221,11353,6876,10463,11234,12389,8550,11881,12265,10985,12013,11888,9969,8566,11510,11130,12157
9091,11524,12294,11785,8586,11659,11786,12299,10130,9363,9493,10774,9495,9880,11033,8729,10264,8988,9244,11929,10271,12324,12070,8875,8365,10413,11949,11568,11952,12463,12083,9263,10037,11446,12599,12088,9913,11576,9275,8252,11324,10901,11969,9281,11843,10949,11847,8904,10441,11850,11851,10445,11854,10449,11345,11859,11391,10849,12006,11370,11373,12397,10991,11903,10482,10484,10614,12159,11254,12538,12795,11390,11007
12032,10246,10249,11151,9621,11163,11807,12195,12196,8613,10152,12201,12714,8617,9389,11312,10164,10933,10166,9140,10553,11834,11963,8507,12605,11710,11070,10047,9665,12603,12227,10692,11717,12741,12233,10060,10061,12237,12111,11728,11600,9810,10576,11092,11989,8534,11605,10200,10073,11611,11739,8541,8798,12255,10209,10210,9059,10598,12775,12138,10091,8556,9965,11119,9712,12145,11122,10224,11249,10101,11251,10106
