4067,8425,912,8977,251,8319
1797,2163,499,954,5021
9003,6925,6158,527,501
192,8069,3434,3855,733
5505,2469,8071,2291,9212
6502,7975,3883,3998,671
3521,2052,10342,4015,9627
3779,8675,9543,3212,4979
9603,4675,8370,6516,4824
6947,5958,3175,7983,5621
0,3046,5777,151,8351
2219,6100,11383,1464,9819
4164,5419,9013,8182,7227
2020,7560,460,2257,2068
5122,5988,8916,5493,6584
8996,9639,8493,9396,252
2312,425,5177
8685,6806
2212,5520,4761,1403,5212
5098,9357,6990,4469,7739
9697,10116,2285,2170,2238
6376,3341,5136,6608,4597
1025,4584,6508,9039,3897
611,8229,11144,10990,9341
8225,7843,5905,1083,7518
6436,11796,10324,4692,2366
11040,7700,2567
7948,7959
7313,10966,11959,9400,12125
135,10444,7505,7410,2268
11584,11432,11246,8338,9619
2462,11102,12079
7912,7164
10823,12754,2329,11610,4957
6499,7815,7539,8860,11103
2404,10030,11669,2617,9629
4360,11369,10483,9012,10042
11817,1968,11089,12727,10808
7987,5054,11126
10194,10838
12449,8262,12263,8697,11997
9763,8912,12597,7993,9820
8450,11594,12270,8692,11895
12481,12803,12515,10915,12467
12422,12712,9648,9168,12372
4320,7873,4751,8117,10390,1469
2864,2083,4
1433,7045
8548,7,4780,3600,1471
2603,2872,8093,7710,2655
1731,7405,5814,10262,1531
4066,2663,647,3703,8473
3363,8457,5232,471,1149
2342,5359,1425,3441,6485,4186,29
7233,3098,1289,4495
6784,9987,4687,3159
1512,2235,12,4613
4889,4970,5500,2166
3145,9793,1404,8341
627,9710
7504,4815
4707,7476,10461,7542
10864,9017,8770,8297
4128,4385,1804,3793,4178,4147,4506
2250,4112,4020,1340,2431
11824,3985,3574,4379,2012
749,9774,22,378,5567
2793,2846,1908,2260,9438
1795,943,1843,3796,3899
710,361,1705,1880,10680
871,1614,910,2420,4760
9320,43,6702,7664,825
8132,4485,1674,1196,10168
1386,5323,8877,6359,24
930,9064,2352,9650,792
7941,7340,980,5883,8893
4026,452,6223
7554,6438,2186
4199,3305,4663
8356,7115,7986,3895,4153
7619,7147,5748,4633,6842
7408,5847,7290,8477,10879
6112,4962,6533,2895,3227
5669,8551,1807,3933,5599
7104,3076,6610,9470,7615
1395,4805,2015
6233,8349
8492,2189,7409,7639,10107
6825,4464,11376,7729,27
3041,6916,7877,6228,1877
2976,7298,401,6417,9564
804,10821,3879,3177,4650
4999,3445,2870,12471,5562
10223,2320,9649,3923,10105
9858,8004,968,9781,10015
4064,6028,10220,5079,5434
7035,8804,2869
7222,71
9890,7082,8107,9228,1210
4201,10569,10513,9816,7996
6915,8740,8044,3918,8603
2343,2921,9002,4463,2710
8896,7105,2854,7087,8083
7810,2388,8180,9114,9278
1185,8106,5105,7095,10941
1666,6762,7947,9298,7512
9248,2528,3769,5246,10207
4973,2034,6548,9947,10557
5190,5069,851,9301,11448
8514,6248,5800,7613,5182
5185,4678,10507,9419,12089
897,2985,11019,11537,6591
7264,9638,12168,7375,9529
7568,10138,2480
9326,11919
5539,9546,7825,7282,12146
9615,10930,10738,9586,12378
10083,8199,2025,9706,11901
4097,7621,11077,7024,12633
5312,6471,6088,6062,5551,7217,4822,375,8190
8384,5987,595,8660,5790
5601,7718,7112,2900,1012
4929,2447,5744,5073,9695
4869,41,4554,2826,10252
7362,6853,4594,9085,7230
4833,4866,190
1132,1447
6816,4330,4749,6332,4703
4136,5613,6039,1305,891
3777,4553,3664,8145,757
6786,10221,6257,3476,8732
6789,7369,76,2545,8539
8482,10637,4237,11419,5662
9802,9036,206,2554,6719
2090,3050,5581,6445,6494
11200,1762,8325,11466,8799
12426,6865,11411,11702,2425
9632,12440,5658,4637,4991
5959,5644,9262,11547,11420
3494,10311,10093,3797,4888
9748,7509,3102,12508,2174
9473,11364,5863,9448,7079
1825,7238,9556,11387,10814
8042,7601,9266,8054,6681
10001,8235,7053
7368,12098
1730,10631,9463,1146,247
8582,6444,10295,11927,11933
8900,3701,10871,12666,10877
5639,2550,1465,1307,2974
9383,8650,42,5199,11090
298,11372,245,2588,3615
6176,9358,11408,9654,7517
4896,9796,4880,1844,5981
11746,12007,6889,11155,635
11747,12934,3152,12562,5394
12517,9289,11595,12591,7065
11964,484,5269
1528,11503
10689,12815,12913,12822,12382
12386,12870,2503,2478,12752
12935,3310,11095,11194,990
11335,6668,8975,12534,8666
11045,12485,8361,10740,11451
12320,6512,10290,7765,10389
2021,4200,12362,7130,9180
10916,2472,8489,4662,1951
12480,7559,12177,10742,10173
11461,12710,10159,10203,10652
3010,7922,8342,4216,3423
11464,1869,8478
5612,7927
4737,12045,10417,3125,4437
9606,10758,11242,9973,9050
3362,5796,5029,2599,4248
8963,10671,11761,5465,2587
227,12399,5200,10270,2815
5937,5812,4407,2489,8509
7137,9538,1681,9138,12445
2500,2183,6632,2517,3358
6338,11496,7216,6012,8159
3051,11890,12793,12570,11036
11298,5066,10699,11347,10550
10616,2233,11737
12153,2764
12327,12587,10227,11545,12543
2579,11062,1191
10882,3322
10672,9073,9876,1847,8763
8721,11795,2069,4439,11416
12354,6981,9061,10092,11835
10554,11022,12207
12208,12335
12417,12554,12685,11705,10943
10658,11234,11888,7186,6396
2983,12013,9969,11130,4156
10985,10382,11958,9143,4024
10854,3816,1136,6451,12470
11587,1126,12265,5167,3773
11713,11173,8550,12490,11221
12322,11460,11911,12459,12593
2731,12717,1809,10362,10908
12416,9353,12209,10932,12157
11881,8207,12819,7317,11353
11972,12494,6030,11510,10463
11073,12099,12389,3878,11967
8065,7842,5642,8566,7098
8769,10788,8997,10027,6876
2154,48,4145,4213,11542
4196,3621,14,1839
720,11658,3332,1263
2432,11601,9988,11158
1033,9866,6860,6799
1408,1665,10148,3949,8848,2096,5403
5568,997,39,6289,2712
6210,7273,137,1453,2035
3072,289,453,493,525
890,934,8967
5041,1261
5664,2636,1077
8621,9855
10033,985,4725
54,7438
10112,6124,4083,5975,3708
6272,6722,3953,5169,5654
5795,2276,1193,9932,8557,4206,3952,4915,6716
4224,7630,4558,7346,2718
6336,6978,837,4079,5435
641,8610,6182,1235,9949
8612,3059,2357,9849,9406
1250,5052,1035,8219,188
2625,2538,7887,6872,1882
8227,2564,5157,173,8082
3170,7785,7017,12044,4047
6091,1213,2998
2594,12435
1124,7110,10568,9978,10620
9826,7171,9608,5815,1335
10851,11749,8390,5897,1342
9380,8645,8999,10895,3484
5676,5775,10321,7386,7678
2945,898,10481,3602,531
7683,11459,11802,3323,7807
11117,10352,3610,957,12095
9155,11622,12108,5266,10717
8096,8263,5129,6065,6036
3108,12613,5225,7694,7448
9575,7240,12010,9583,1040
8708,8998,3303,5618,9791
11970,5578,8978,7421,9150
11723,5358,5647,11064,8701
6602,8459,2288,1046,4573
518,7530,8113,3091,6815
7939,11984,9874,9113,10587
8000,5756,9920,3317,9436
4291,7884,11541,5781,6014
11360,9377,6821,9961,8913
9480,12780,4046,10364,767
11273,6922,7759,3636,11260
9129,9329,11957,6650,5534
12225,6179,2532,7117,2734
2754,2178,2634,2988,7218
4354,7686,12401,11098,10846
3193,4774,7433,2316,10329
10113,5899,7184,8247,1183
6538,6475,9393,9844,920
8423,10508,1208,12185,9309
11640,10830,7537,11480,11580
8832,11940,9545,10063,4472
9412,7716,8716,2647,6553
10289,8853,8839
9636,2372
6752,9569,12066,5700,10322
10816,11204,8651,8856,11134
11845,9709,8242,12021,7743
7270,11818,11342,7407,3804
7235,6023,9457,10421,8120
3587,743,9991,3355,3199
10062,9071,12624,9687,12312
8204,4876,4400,5426,5887
7361,10509,6098,12307,3605
10211,10279,4623,12176,10813
4524,9197,5519,10575,10651
8775,9176,10074,10715,10845
11329,4705,7832,11293,6750
5894,4967,3056,11733,1786
7329,9924,3080,8921,10749
6851,7932,3679
10338,7349
5280,8523,5838,9427,5982
575,9373,11484,6684,11647
5249,11182,10447,9426,9823
5196,7760,10353,12242,7447
7879,7020,10318,10351,4700
11337,7370,7499
330,7556
12356,10855,3210,9707,10394
12709,3334,7498,6973,10079
8641,4836,10045
11042,11074
7207,12457,211,8725,1694
8265,3881,10771,855,8829
5861,6546,5719,9592,10171
5538,8358,9160,7380,5558
11010,9865,6859,1169,10134
5377,2246,9903,10581,11935
10756,1222,6252,5811,9982
1384,11240,139,6958,11230
1088,10048,7921,180,7096
7425,10050,9916,6206,11743
9634,6985,11948,4402,11261
8041,11754,9132,4110,8623
9539,1351,9455,10103,12343
10082,10984,9067,844,1813
5858,8966,12493,12667,5407
11458,4899,1348,4105,10410
12512,10743,8683,12055,10459
10309,10536,8111,1393,11511
11237,3275,10764,2061,6653
7768,7561,639
10986,11988
8537,7046,11799
8451,11917
11811,9927,3507,3541,3579
8035,3464,10546,7254,10712
7239,11406,10094,5679,11283
9024,11028,8276,9653,5406
12005,11016,12330,9910,6875
8164,10102,12438,8286,7359
7655,11562,5194,6743,9788
8834,10920,11053,3283,10807
7587,12174,9775,3696,11728
10849,8617,12111,408,11739
9059,11052,9134,7003,508
9665,6792,12299,10224,10264
9445,11306,5134,5646,9366
12233,11850,11786,10413,10037
9091,5966,10991,9712,8252
7395,1744,8729,12603,11324
9281,11524,2803,11092,9621
10449,10130,10164,10106,11007
10949,12006,8904,12795,10047
11332,11847,9493,10774,11576
12237,12397,11600,10200,12255
11373,11854,4818,9275,11390
10152,12201,10484,10901,9818
6704,11955,10887
11544,241
10209,12714,5515,5972,2293
8613,12070,11370,10073,10462
11969,11785,8043,11952,12605
7457,6403,7876,11851,599
12546,5154,12398,8118,10905
3937,5388,11666,244,5237
5161,9263,11345,11251,11254
3817,9880,12599,12088,5689
11163,6189,2750
7165,12741
11312,11671,10553,11963,11070
12775,11949,4019,888,4537
8365,12463,8507,9244,12159
12196,11717,11151,9363,8796
8586,12145,7865,9913,8541
6897,10101,11446,10614,8057
5380,10441,10933,8534,10166
10408,10127,11611,11358,10559
3907,9284,9286,9037,974
9669,5334,7774
9009,8614
10246,5576,10249,9810,8798
10436,11557,9675,12178,6291
10372,74,9771,10992,9877
11427,10789,10157,8435,9175
10662,10219,11699,3956,11679
9739,5039,12214,11992,3519
2923,6131,12309,12057,12699
9895,11867,12063
11140,12542
10598,10445,10576,11859,11605
11291,12402,10683
3746,9804
8674,8165,11975,9965,11989
10632,10827,12316
12806,12583
9735,9578,12109,10836,11359
10889,8875,8556
6794,11311
5056,4773,11112,11033,10271
11710,10438,11807
4352,12324
9415,11400,9352,10477,12287
12390,12235,9645,9718,12406
10340,10472,11023,9497,11803
11297,12744,12746,1901,12723
11841,12371,7315,12052,12735
3857,7698,7730,3063,11771
11481,2119,12135
9576,12547
9572,523,10899,3481,10204
10179,11725,5902,4244,11514
12193,12498,11998
12640,12004
11654,12830,7551
11522,11965
11843,11760,11121,9776,10768
12138,10482,12083,4373,12538
5672,12604,9101
9162,11813
11558,12458,11218,4187,11772
12032,10210,9389,11834,7644
12802,11563,11119,7569,12507
12518,12200,8905,7697,9951
12677,5350,10759,12813,12537
10060,11443,10995,9140,11903
833,11629,7762,11097,4959
6435,8485,9677,12567,12573
8299,12784,10710,473,12766
8864,8928,11330,5584,12281
6464,10216,11402,9883,9469
10976,12772,12774,12114,12762
12195,4358,2248,11249,9495
10692,12294,2664,10091,10172
10531,12612,6902,11929,2844
9857,11716,11340,10002,12056
2885,2213,12522,3213,7223
12227,4904,10061,11437,6542
11659,11568,11122,8988,11391
10022,11435,10572,10031,4987
10755,5036,3950,4207,12092
10373,11047,6959,6965,2871
8354,10892,8910,11219,10875
4840,506,4306,5138
6828,5068,11038
3845,1927,7401,75,753
5615,4720,7890,3067,8764
3249,3380,7693
6609,7614
5761,8138,7597,8090,8347
1633,2700,432,11123,8373
4353,5381,9801,11756,4941
7946,6373,7309
9019,1789
9954,2630,1128,9644,7893
10502,8560,4341,2453,9370
9756,653,9102
12084,11343
10883,9398,10967,10840,9854
10435,9959,11915,7728,12053
4856,11005,12078
10980,10181
10593,11777,10374,7788,10366
4008,12170,7888,11472,5631
2188,8940,3863
679,2331,8703
8544,2236,8782
6046,6495
738,677,716,1294,8693
7964,510,4346,284,158
5293,1806,592,11025,312
3584,2758,8456,4616,7091
1474,6564,8616,1324,8731
8332,8723,8031,7383,1855
6830,688,8816,1274,8700
261,8191,1270,6811,9471
8736,1932,10228,86,9277
7009,10498,6725,9640,10393
3744,3873,5834,461,3438
4377,4155,9332
8011,2989
1537,10024,524,2421,8216
4576,4298,8625,9652,6972
10244,8329,5291,3535,8213
5217,9477,3463,10248,6800
9770,12243,7219,11862,10012
9381,9841,1780,9527,7481,5180,94
5024,8867,3751,5848,1978
9699,325,711,10453,4603
8792,3090,11477
7248,9330
11120,10132,11607
6672,6953
12009,9072,11897,12347,9950
6469,1354,3052,1836,5016,1720,12284
612,2697,4235,5522,2207
1319,1369,2385,817,3641
7713,1129,3982,9049,3836
9506,141,3611,4955,4319
73,6388,4951,602,6110
1800,8942,887
744,843
1187,4740,4877,3284,5973
6085,1710,498,5813,4572
4364,3954,7732,1787,6301
97,8142,2607,10193,3675
10596,5767,9832,9338,6333
10533,9094,741,3657,2925,7473,8343
9249,9242
113,2669
11096,11528,8372
4321,6031,1616,3633,8884,3352,5949
5770,1554,4405,5561,2589
5088,5986,3942,8569,5306
6305,6734,2066,119,3738
8003,11113,5417,10254,1750
11265,806,5865,10956,1145
7938,9956,4115,1971,8565
3228,3539,3224,4601,2972
6275,6676,9813,8726,8733
3340,1677,12115,9559,7869
6773,7194,10043,12476,12062
7689,6121,1100,1689,1171,4370,5590,1590,9273
4289,5188,8878,121,9628
7201,8193,6984,11676,11774
5859,8006,3848,7054,12191
7648,4806,12240,6292,2782
1634,9835,12333,8627,125,5311
7553,3789,751,1522,7224
8838,3783,3947,3596,9966,3734,1883
7279,1523,2580,9723,5310
5925,6886,10250,9905,1431
7607,1282,8786,9111,9688
3427,2547,1399,10938,1532
7203,4782,10478,7794,5593
2339,3780,11822,2649,1085
9824,134,11378,11188,8958
6125,978,472,5882,10141
11236,3237,8874,11864,11327
2624,1990,3207,8109,6102
4490,2099,3053,1503
1605,7151,624,8730,7197
7138,8389,8870,308,11766
1287,9288,145,4284,8285
1321,6739,4925
12496,10350
3980,3248,2777,1562,3515,6526
6308,6151,2091,6488,6236
1511,6473,6453,4726,4380
4029,3822,10831
6988,5141
5716,6069,7961,5017,5946
8424,9184,1417
6797,7318
1445,529,7090,5874,2458
4938,3179,2543,5651,7995
3872,4480,2444,1389,4309
3065,147,6909
4890,5879
7459,2085,4363,6136,3161
4162,6476,4658,8317,8605
9057,6090,4460,10515,7839
10681,12365,6871
8136,9901
9505,999,327,12305,11006
103,3625,4528,3508,4694,4665,9498
3079,2888,2439,3568,3762
3525,6407,8236,3534,4218
162,4930,7142,8594,4414
6949,7817,6325,6933,7575
2242,2889,6025,4332,5304
4871,9390,7604,5208,5849
8322,5030,8519,9430,7930
553,6190,4754,4661,10430
5673,1676,367,2639,182
3808,8321,11146,5598,9567
450,2533,4677,146,5239,191
3104,291,1027,5475,4071
1360,6937,3644
2876,5261,4847
458,2324,4012
5670,5423,560,4150,4510
5120,403,8052,981,5695
5314,5347,1164,4599,4091
9728,5543,5575,12106,9047
2950,434,6648,2395,5343
11954,6234,8637,1086,4383
4641,11107,6245,536,2173
10178,8233,8753,1937,5087
5248,10763,11179,7342,6903
12483,10948,11880,10923,12023
12745,8974,8655,12629,6845
12039,6664,651,3117,10896
7430,9387,10709,2966,3096
11787,12528,7795,12308,6458
10691,4550,10284,10713,3291
8862,9076,11750
2553,10145
12713,10251,7918,12761,12443
7898,859,4924
12738,8802
11745,8722,729,1913,7611
8738,8739,208,9240,11833
9601,12167,12464,3354,12446
10753,12451,11877,7631,11770
9720,6908,11709
11473,12726
9812,9783,10584,1915,7293
12302,2862,9270,8571,8542
11008,11333,11380,11543,12408
3013,1736,4745,9689,4659,8441
8033,4530,2488,5437,6559
12128,905,6122,10601,213
9702,9683,8598,8759,6879
3938,9028,12814,10835,4470
8805,9544,9260,5677,10427
12740,8166,9831,10475,11479
1905,12229,4717
11657,6259
6116,12615,4488,5705,9911
11909,11782,12141,12692,6741
11852,2160,8854,9658,6747
11513,9283,12015
11502,10215
3649,236,470,1306,12908,4124,362,8047
2017,4446,419,10391,1660,9598,1567
10975,10258,237,6575
10384,7403,10675
8993,8577,1441,8420,690,9021
101,238,8500,1591,540
5665,46,3127,4696,7511
6274,4487,3914,6420,5656
6528,3400,2286,700,1277
2273,5099,10643,6330,4828
8518,8230,240,9685,5820
8400,7859,5508,246,8215,3032,281
842,3940,6670
3429,3759
8300,265,8698,292
3107,10339,8105,1295,3666
2304,3906,3432,1454,6462
2915,1738,3661,781,4159
480,2081,232
840,3371
35,8419,6696,4851,7800
6951,1135,8244,3417,413
8576,8231,3374,5230,254
4098,9703,1197,9011,8439
3564,9230,5139,5628,3582
256,8455,10314,6360,12059
7213,2830,623
4785,6683
3728,6962,259
1281,3302,9279
1857,4965,3238,6126,7474,7642,2079
6178,836,1900,1367,2075
4369,5132,1276
2843,5445
7145,6639,9239,2747,3229
6656,3462,3987,5941,1371
881,4783,7423
4389,9397
2369,9624,9259,6613,1848
5829,3692,6893,10032,6010
7299,1547,7726,2839,9787
5833,2585,1009,9717,6905
5698,6854,6805,4025,4667
6976,5961,2511,5976,4027
5798,10926,1487,4852,2645
2845,2028,11438,3921,5213
2797,6770,310,1944,7771
8742,10381,7152,10161,11314
1188,2436,2314,856,4921
1765,2928,2897,1714,3187
8714,7636,8925,10110,2879
4811,3916,1587,8567,285
5474,3748,1612,9968,10388
11424,11363,8520,8079,3924
9219,10577,2134,10137,5051
2908,10510,7247,10578,7804
11104,10952,8202,9164,10008
389,8426,7699,11767,4730
4800,4166,11688,12105,12756
8841,11913,4684,4604,10429
11266,8072,12116,9623,10494
8705,1540,2087,1770,12527,1328,594,4350
1312,9484,4313,955,9468
5032,10349,11827,8885,6838
9894,5511,8115,12600,7870
7332,7399,6892,5717,9912
946,12405,10006,6775,10518
2437,9746,11540,12282,9372
9409,12492,9182,3864,12126
9607,10440,8563,11222,11288
4552,9837,8654,5143,1630
6083,10917,12149,10583,10937
10407,296,9772,9206,6072
12304,10802,11032,6938,10239
11431,10766,12499,6202,12283
12809,12041,9203,10972,7389
12385,12203,6384,11250,12244
11136,12407,6699,11308,12663
12033,10819,7752,10556,2653
4923,123,4895
6480,7746,3975
7010,7245,9943
8288,3431,7915,5235,1114
4132,7652,10566,879,10292
3433,7100,8350
4327,3383
9921,4167,4457,9807,10745
1200,6997,4853,8855,6907
7940,8488,3240,9964,302
1761,9507,10256,9651,7799
8201,6221,402,4788,7196
6856,3753,11500,8437,10911
11425,6731,9421,2935,1050
8506,588,3506,7894,6810
11616,5412,7205,9224,11736
2689,1478,10416,661,1211,511
6297,82,4679
7814,4527
322,7089,4242,569,6143
1505,12165,7153,7900,3837
11105,9547,6993,1941,4982,600,6713,3835,5916
9321,5390,2386,8691,6139
399,1008,9458,10487,476
4192,6278,9031,3732,1622
326,8266,8880,9395,7347
7558,10953,11921,6963,8951
9062,6707,7606,8758,6783
3588,7496,10792,10970,829
3313,6578,10038,8184,6777
4865,8161,10633,9174,7702
8418,422,5512,7531,9784
3681,11044,10214,10354,9268
7808,7969,8709,11720,6317
8386,11299,5866,5867,11693
5220,2185,7857,9139,436
12448,12012,5362,9842,10296
4142,8431,10128,10909,1983
520,9897,10735,11132,4382
11907,7428,10504,9142,11581
11232,9729,8678,10294,3898
11788,4625,9747,3189,4023
5648,12650,10548
9889,11396
9892,10724,6601,8688,3707
9928,12338,8915,10451,8223
8646,9255,11820,8879,9914
10496,12452,10861,12403,10011
6084,9553,10677,8476,12349
11137,10945,7016,12680,10089
12194,578,11114,7756,8112
12069,8785,1939,6519,11519
10432,7595,11916,9713,12790
12832,10405,11463,4790,9759
11393,9736,9786,10618,6814
12482,9762,3874,7863,8831
11494,11918,3157,11125,12671
3682,8836,4710,10839,11871
12770,12771,11063,9271,4953
6849,11080,6540,5774,6864,2775,1400
5541,8810,9258,1488,823
2216,5962,8025,4252,3069
328,5035,8312,6493,5693
12325,8807,2665,7635,8501
3557,3214,3632,9041,4945,884,8734
9187,6279,334,9202,10902
2465,9511,8552,10603,10198
2688,10944,9512,9678,3824
6290,5015,10811,11035,10812
8353,10982,7880,7660,9936
9222,10377,10922,12654,5144
608,7682,5284,5477,3345,4792
4640,7066,7148
4539,4948
2338,356,357,5715,7967
3522,340,4858
1524,6655
4643,70,5065,6442,2652
5735,7914,3665,7797,4952
4928,7841,3556,4748,4220
369,5298,7886
3885,398
194,5886,7801,5243,4958
3683,3654,198,365,7534
5184,8465,6995,3990,7806
5007,8399,1334,3030,6077
3586,3652,2931,991,11423
7301,555,1871,5236,7061
9666,7048,6766,9742,10174
6144,4259,680
1824,9433
3009,1373,359
4620,445
3169,2402,10770,5492,11069
5001,11914,10898,5523,11926
8387,8009,5357,10319,8657
11009,11617,12067,7658,12279
2796,6576,2681,8891,7161
514,10019,12173,12782,10490
10149,3724,10925,8214,12216
1700,294,7784,7088,5840,2837,4827
2720,1858,4044,5525,4862
6690,1062,12204,2709,2646
10336,4227,966,2674,860
10532,2824,8746,363,8918
4848,9234,5398,5275,8412
7585,2441,2098,6133,3669,3606,3994,7195
1582,5294,3700,5819,1438
7392,8301,6612,3412,4893
5604,7494,5606,4913,4281
3691,2449,7897,4729,573
3552,4786,6674,4219,7068
3813,5714,5337,5818,3645
6080,4746,6283,5531,6910
961,9827,6378,3451,4123
7334,6217,3595,4467,4444
6532,1388,4909,5151,6047
9052,598,2487
1201,4670
1155,3465,2230,7292,5181
3968,6474,5048,5210,6524
9441,3939,4462,4629,2007
9542,3912,2578,3004,3646
6793,3023,1876,4598,5846
3680,6449,6898,5970,4221
1509,4944,3281,7603,9334
5252,628,4374,9751,6393
7623,12551,9267,372,1881
5028,6316,8147,2325,509,3134
4706,3475,277,1461,5276
4995,2916,8588,4916,5557
3234,7109,7308,5229,4056
7974,4399,5490,5785,5277
3841,3843,5027,4838,7675
4424,5077,4055,1691,4316
5924,6900,2232,7770,7549
5857,3915,6571,3307,5934
1576,4170,7307,6385,3260
6163,5238,7391
2499,7838
6282,7314,8021,7225,5787
5395,6636,4356
4841,2922
7844,10443,6807,7422,7903
4931,11755,9596,9693,6557
4130,6320,4914,442,4190
4578,7394,3684,488,4139,3316,4985
6955,7019,6606,6003,1430
1793,1066,4874,9485,7251
329,1356,6128,722,7954
6848,5605,2540,5327,8631
5985,9489,1819
4208,728
2374,5610,11404,1653,7093
6470,6284,5582,5754,6906
9635,2435,6094,8472,4154
3232,9181,6103,2201,9725
1220,4646,5449,2802,3357
6945,1993,1772,3344,3640
1667,1390,2258,9367,5692
7015,4842,1995,7372,9755
10690,2434,2798,11700,5626
3360,11840,11184,9851,6079
10369,1988,752,10523,2654
1711,4082,7221,7321,4542
1120,2818,2604,7278,467
5409,6986,4267,7275,11199
3398,618,11999,8402,2102,8952,7455
2144,12579,4579,486,6152
6021,3164,11192,5851,1692
8421,6312,9075,7866,6109
11210,12620,10348,3436,11639
4608,7364,12533,6935,1081
12103,9738,12110,2800,5270
7976,9005,9428,9940,4664
6534,10958,6096,12024,7837
4683,3628,4381,8014
5168,1179
8872,2195
10765,2829,7566,2836,6780
6180,3686,2894,4475,5979
2662,5991,1095,2057,6076
6119,1992,4233,2055,7892
3656,2153,8392,11307,6351
4429,4109,7536,1459,2623
2788,2769,2361,1980,4509
3008,2411,465,3608,6138
7525,5608,7724,5203,7966
4583,4456,979,731,3486
1890,2060,4950
2202,1300
11810,11526,9199,8662,4094
2123,2445,1422,1716,826
8396,5782,3739,8029,9630
5376,5891,4387,1194,9939
12064,12611,7791,12465,3165
9825,6536,11049,491,3643
10017,5671,9672,10611,6459
11357,11981,10014
12241,9521
4513,2727,11655,3892,11321
2179,9508,2757,2054,2348,2199,9276
2306,9960,9264,8987,1244
1803,11695,496,7637,6237
7426,1673,2029,852,9503
2265,1997,10456,505,10847
545,10649,8218,8668,10878
2097,4820,8085
10761,5489
2150,9800,2794,875,3018,2129,1948,1853
9504,4068,8712,6160,1362
5106,4492,2583
7721,9252
1873,2322,3155,8661,12151
7181,559,4533,6679,3550
10539,11212,4715,11729,2330
5322,4779,5486,2485,6108
7520,4293,11625,10124,8604
5830,8330,10099,5495,6328
9476,10247,818,12054,1499
1057,4912,1073,562,2551,1753,1690,2011,796
5729,8899,561,10612,8279
3553,6701,10263,1209,6426
8289,3495,8745,5967,634
4544,1026,6726,9446,3930
7328,6885,4042,944,10458
12355,3267,9768,4911,5556
9761,8037,10346,11313,7166
10791,7116,5843,12698,11483
9483,6687,5487,3512,5215
5251,6756,7593,7917,1563
563,3482,7211
5845,1079
8549,3226,9514,9424,9274
5356,1845,1559,10910,9215
7172,6987,11826,7445,11673
4615,11407,10962,4053,7103
2563,1862,5290,7127,1206,2615
9696,8296,459,1875,571
12192,10535,1832,11027,9494
582,8335,7038,10396,62
7712,6529,2336,9123,6276,6888,4143,3321,3390
2197,1014,7992,7645,6878
5416,5549,6294,10328,5178
3685,7782,1031,4041,916
5058,7076,6440,1597,7935
6277,2773,1879,8471,6623
4674,5871,3280,8882,8375
7745,5224,7981,5933,5624
7971,6342,8141,5456,4666
2307,3140,9840,5338,4732
6658,4102,3337,6697,5842
8032,3585,713,6738,666
128,5443,196
10315,3709
6060,5553,5747,3221,6302
11552,3274,9035,8155,10140
7910,1768,617,6322,7708
3239,1775,7121,11869,7582
11046,12071,8971,11223,11193
6427,117,10607
10300,3871
704,8259,970,11731,665,8634
8643,622,1779,1494,7193,2047
5061,1899,1835,4241,8440
6819,1156,1044,1976,3071
896,1794,1610,983,9055
2176,2405,7793,567,2397
9120,2082,1896,5045,1912
2401,1959,1064,7183,10257
2296,1958,6357,2136,2109
1606,2252,2065,7378,2355
5880,1498,4493
1518,2383
7529,5389,2094,8944,2143
4768,2346,3216,2198,10199
11651,12456,7400,7956,630
2852,5588,1588,5494,3865
5446,3078,5391,7666,631
3168,5316,6574
1578,68
5112,210,8981
4978,1589
7904,7178,5614,1904,7571,2809
6286,2001,6582,1275,7261
4875,6157,5201,4337,8793
6496,7469,882,4602,2620
4905,4998,8687
9000,31
5668,5703,6728,7337,4759
5352,4649,1359,2548,5559
6377,4274,3838
5250,5780
7144,5004,5104
5545,3036
1888,5504,7269,5990,6262
5123,5571,10419,633,10334
6776,5620,3000,2713,6590
4704,8932,4294,5258,6366
5824,6309,1382,7432,6032
6723,4180,5844,5725,4575
1777,1212,3347,6140,5279
5507,5827,6162,6836,6015
5160,5257,3124,2556,6303
5521,3772,7878
12180,5198
6824,169,108,572
646,3524,4205,6614
1127,4568,5914,411,7288
9193,650,4176,3186,5912
3847,3016,938,8495,9499,92
6884,10255,7643,2269,3870
9349,2056,4430,663,10488
1337,9106
3765,4639
672,174
10018,11011,6852,3543,3799
7209,3730,1955,4766
1656,4499,3285,1543
4261,1709,1140,4184,4255
3622,4393,4365,4404,3706
746,1069,9006,6387,8504
1280,3977,1172,4436,1723
2621,5420,6167,11037,7934
5473,6148,5318,678,1322
3138,5262,2738,7574,5083
1571,1347,1541,1428,3156
2912,1866,9996,430,3252
5697,2898,6231,7449,6142
7363,8363,7412,6490,7583
7495,5901,10541,7955,5271
9667,7812,5778,4722,3060
7750,1584,1267,8313,8123
2530,945,6550,5400,7450
1480,975,6580,4949,6619
1970,9098,6052
7816,7382
9361,3755,2833
11456,900
6113,2657,4038,6727,10151,6006,2423,2363,10359
9766,8525,5209,604,1247
11168,5793,8258,9600,11172
9125,3973,2318,9496,9754
4581,691,1784,6394,8380
6146,8099,5351,952,11263
9513,11839,10799,11569,4287
5570,482,6768,1620,5652,5433
7360,7073,1956,3174,1451
99,6267,5799
8,8452
7649,11626,1228,6222,3635
5344,7625,2857,7860,3638
4867,6075,11031,6169,5211
11924,5162,5116
6468,693
10437,5542,12662,12187,12828
2218,4859,5046
3786,2629,4165
3619,9124,3277,820,1658
1856,4171,2574,2040,2399
4288,1224,9682,1749,4535
8939,2190,4367,4787,4479
7128,11650,5221
5853,1669
10020,9104,8051,695,3801
10625,4362,2766,2613,4695
1863,9714,5459,12376,11994
5955,10537,9517,12238,3245
7552,10497,2382,2549,2006
12425,11578,7527
11769,11002
12172,9935,10066,8306,12500
2409,2191,1811,7028,7991,217,7674,2685,8606
2658,1767,1037,2542,1535
9986,2473,2410,2671,1617
1921,714,2670,1207,1662
2398,10114,1232,6654,2559
2668,2605,2519,2393,2651
2208,1668,1735
1742,9295
5216,10431,2948,2910,12415
2768,5297,2323,6362,8986
5156,3339,428,2799,1686
5256,6867,7002,2781,10206
522,667,1550
6624,500
8772,2259,1943,377,351
2353,662,1919
4644,1868
8013,3697,724,8761,3742
11153,10994,9407
8530,8572
66,6307,8228,5993,2509,6414,703
2919,7050,3725,5619,7742
3667,2675,5739
7714,10087
5580,755,1752,11993,2203
3969,962,870,8524,3088,1174,1527,2108
1121,2954,1933,909,10428
8481,8755,9590,9302,8089
10323,2582,1895
761,9236
5989,3814,2566,3478,2038
10978,5282,5992,7665,10078
3618,3365,6374,3573,4118,10779,6044,542,1759
6989,18,7162,5726,6431
1672,5197,2990,5103,3962
3469,3920,3222,3448,6107
769,7366,11338,7565,8496
6040,2715,3372
2024,7663
8102,11209,3373,6772,8153
9795,11977,1515,8434,10291
2914,1865,1964,7634,6270
4743,1093,6566,4855
5537,5544,6932,4442,6268
5281,6572,7214,1659,3647
2881,6693,3690,5482,178
1286,1611,5550,4750,7294
872,4009,6256,7284,4789
5442,7267,3986,3514,6847
6552,2380,1654,3768,3996
3315,5532,7302
4586,3045
8704,6597,5414,6027,7901
7077,5640,3662,6288,5372
7626,6956,8781,4238,5214
6659,3717,5809,2299,1084
8800,5923,1544,149,7963
6095,9811,1526,8760,4063
10115,10605,1648,6581,4794
3405,6675,5907,8406,5623
2321,4538,9953
10280,11942
11176,11849,9868,11118,10096
10784,2337,6501,779,11599
6625,6671,11857,10974,863
9765,12266,7435,11789,12250
9715,2733
1466,2518
9282,812
645,6826,7149,1297,342
1600,1637,7570,9245,894
2537,9673,2861
6353,7965
7523,4297,8752,6195,10773
10409,11115,7705,9466,8540
3328,1345,5091,3891,3061
996,1094,782,4315,3039
1217,6311,1225,10000,8984
1315,3565,5554,1366,1017
1091,11076,5387,5563,6652
12160,2748,3516,11164,6398
6193,1003,7475
6568,6598
4712,4010,6164,3931,5405
5222,10235,7757,6170,827
11808,9225,1452,7506,7355
5540,12421,11304,3123,9719
9487,7190,6265,12765,12286
9700,10801,3122,6042,7326
5667,5037,786,1492,5245
3296,1732,616,235,1052
3658,8941,8849,11892,4830
9922,9090,941,1138,1142
3424,9413,8711,9554,2227
7628,4078,2929,9946,7199
11665,5786,4733
1316,9805
7489,5348,8429,9038,10579
10345,11116,10511,861,2302
12739,8196,11588,7021,1782
12353,10530,12488,9292,6520
4258,8298,10641,346,3934
869,2618,5797,2215
656,8989,885,1599
5272,5193,5126
5125,2677,1310
4621,7414,4647
3364,669
3329,3171,4461,10100,2429
5072,4699,5140
3420,4431
4804,2792,570,5274,4092
901,6791,3335,3026,4798
2848,6946,6600,7051,4349,7129,7037
1096,4526,6132,3158,2521
3401,3180,3695,6808,5854
8672,4897,4324,7113,6866
4770,6887,7085,1965,415
9188,6543,6421,1592,6201
6595,6918,6186,396,407
6667,2168,6970,6491,1309
915,5476,1198
902,1262
1153,6627,5574,5195,9305
2596,10697,917,9053,3295
12644,7781,3928,12409,2335
5635,4103,202,4716,6521
7984,4564,5653,3741,926
2470,7306,6637,3919,7796
3719,6539,7696,6300,5375
9152,7853,3022,11546,8639
3490,10286,1841,409,2590
1378,4781
9984,3290
2032,935
5881,2661
2907,9453,2110,7503
2124,6694
2984,8923
10529,4225,5076,6812
1850,1935
9336,12061
5152,9536,4051,10197
1931,4406,3225,1564,2045
1504,642,939,9300
1680,659,965,911
986,10815,78,6869,1594,2719
992,4546,2475,8395,5617,9016
224,1635,7690,6327,8056,4253
9681,58,187,6364
1401,1002,589,9734
7881,154,316,1556
964,10283,8653,6227,2969
1254,6795,3443,6839,6424
7819,6422,5111,1946,734
1929,6862,8592,8689,5308
8393,1996,1006,12306,7862
1327,5234,2744,9821,4543
5353,6754,6363,3642
8121,1090,8371,7627
1018,2004,3500,2823
9001,7274,1435,5268
200,3668,1230,7999
7044,7175,8269,976,186
8257,668,8239,2297,3324
5730,8167,6633,6380,3126
7304,9833,7928,1020,3422
1313,3416,6948,3112,7849,1450,489,760,2905
4547,9109,391
8480,374
273,3319,5529,9690,8284
6561,7911,7818,7055,9310
7620,8820,11925,11157,9530
737,9033,8591,8304,447
8337,8339,4149,3446,759
11171,1029,11465,11468,5932
1632,4134,7885,1229,6803,4918,1053
2309,10059,2062,6352,4049
4325,8902,5288,8845,9118
5889,4966,9593,6013,5119
7776,2913,8961,5806,6511
4529,3318,5174,4635,4763
10466,10275,7114,10860,9362
1986,2724,1067,3218,3935
2137,258,332,1822
1778,5460,2298
6066,9086
4673,2278,1074,1365,2039
3057,8658,7830,9814,11198
7516,1726,8991
3961,11697
8580,3943,3820,4816,2994,3964
1769,7856,11322,1470,2495
800,9604,4549,3472,438
2560,835,8103,788,8028
1099,10068,7931,6173,11294
2,10119,1483,9620,9335
8211,9467,6518,6535
4484,12484,11099,9726,10687
5536,11457,5410,10837,10678
1922,10403,10728,10524,8413
12514,10979,6757,8116,10781
10723,11848,10005,12732,8735
9218,10833,10007,10491,11388
12473,7875,3304,11065,12251
10176,3114,10669,11414,9752
12036,5765,10474,3993,10844
6500,10183,12077,1110,11455
7778,9708,12118,11229,12799
6425,3349,1493,1754
809,676,4531,5572
8865,7599,474,5555,4698
3904,7042,9388,1109,4825
7074,1416,4878,1361,1308
5681,1482,615
1412,1101
8039,3241,1134,791,6203
8352,7170,12035,4426,5295
3298,4812,9549,3576,8766
1603,3309,3314,5363,831
1409,4357,586,1102,9887
3776,4072,6199,8632,9660
4611,6569,1581,4307,7415
548,9701,5893,6038,9465
8595,8150,1402,3963,9214
10053,5227,5742,6685,10526
12679,1234,11732,1112,1405
1704,6573,7733,854,1278
1163,5175,5503
6513,3201
1186,893,7847
4714,5718
2051,6183,2572,8367,4117,4151,1116,4605,6174
3718,2632,2960,1016,4796
11398,8048,9078,6105,2524
4778,1122,4718
1513,4517
6466,8868,9580,8562,1918
7232,2211,6858,2251,9171,8407
12288,7081,1143
7576,5733
6050,7748,5684,12598,60
3040,1859,3896,1147,11101
13,3958
6172,1150
7135,7139,763,1167
8224,9297,7059,2893
2840,6850
1301,4359
8808,12074
8873,8803
2497,9096,10317,9296,1175,1048,10278,1137,895
2561,2981,8937,908,9790
2272,2093,2606,2271
2761,11034,8275,2494
3348,10493,8326,1189
2256,9779,8964,7647
932,937,6155,8790,6008,7835
8777,1998,3826,3027,4660
5093,4076,8911,7669,3483
5319,6379,5228,10415,3991
4503,4391,4886,5686,795
7437,1202,4946,1429,10040
7208,7979,5259,3823,10299
439,226,209,4500,1463,7289,61
9981,6089,7418,1243,11645,4126
8169,7039
4656,6321
320,10856,5758,2927
2601,6733,2194,7798,7478
2240,5577,6669,4655,1551
6185,4343,3479
6400,7132
33,228,1103,10775,5566
6020,4045,4494,2832,8055
6635,11793,1299,4249,1246
2753,3403,3503
2544,1771,1005
3459,963,8822,3261,8255
324,718,9044,8825,6043
1989,3087,2455,8346,1311
708,3012,3343,1530,8250
6661,5286,10378,2428,8479
6477,3663,6928,2225,7962
8010,5713,435,6104,8447
5064,5931,6418,3676,1245
8268,1485,5075,4884,405
427,7150,7513,7899,5055
2496,6147,10260,3737,6620
6977,8545,6818,2608,1790
4265,5355,1364,12150,7255
12384,3137,7586,6057,10420
3910,12619,3190,12730,9117
1640,3211,6833,1331,5655,5945,6397,7519
8818,3790,7007
7393,8294
385,7906,7215,6616,5855
3971,2053,5094,7687,1160
9194,7594,8240,6939,1374
9097,4891,8444,5278,4095
4771,10023,11983,9941,5497
9280,5059,12649,4411,4671
11555,8581,11539,6296,3455
12331,4559,6644,11000,12060
3457,2340,9166,8593,1623,1439
4329,7026,9385,1381
10585,9907,10863,2687
10056,1227,5964,7439,7735
6531,6019,1830,3209,6058
8448,7377,811
9526,903
7043,643,1414,6415,5019
3331,516,7654,7080,3626,1423,1076
8547,4003,9641,942,6586,5950
1837,7950,7727,3763,1626,4668
4420,3082,5324,6413,5326,6430
8357,9449,8982,10776,4634,1598
8245,10571,9829
3721,1458,11214
2209,9566,580,1639,8778,1642,606
1473,10055,10955,3054,4541,8767
6,619,1519,9533,157
8355,4935,6615
6626,4445,4986
4713,9323,4245,6263,1657
5513,3572,3129,2459,3231
5910,1719,6365,8092,1501
4932,2513,7094,7416,699
5569,8776,5885,4093,8222
3555,5645,6577,4980,1972
2253,5430,8249,7034,4158
2627,4844,3247,1685,11319
2692,3176,6921,2896,8824
610,8076,6247
10848,4873
1925,5938,5749,4121,5980
8398,4272,1521,3672,4283
7398,4231,7786,4028,4031
8271,3957,10202,8636,6399
4322,3715,2086,6603,7641,3415,1817
2049,1538,5454,8309,9847
3203,7780,9861,1969,2010
5186,7754,9931,10412,4397
10564,5317,4101,12921,12541
3077,5413,5096,11278,6127,7763
8135,6026,5008,4823,2359,1406
9896,6064,2292,5109,3829,6809
9732,11013,6736,7027,1557,9303
6314,5753,9850
2660,5596
2274,4419,393,3183,537
1568,5769,6771
2778,5548
4331,4556,7379,7125,5629
7008,5458,8851,249,5759
9730,1699,5384,1645,4829,222,8383
3392,7526,4262,10121,8179,4693
3936,6759,925,2971,4125
10880,6530,1776,11863,8830
1253,4433,7413,4566,5884
260,1861,4138,8750,1821
3205,6630,3589,9417,3094
3336,4107,1975,3959,8889
4515,3785,10,5965,3677
1885,7353,3386,3965,3326
8416,8388,3236,109,3995
8583,6313,9611,6642,10335
8098,7052,1022,7719
1984,5145,2659
5638,6161,8122,6235,3551
5637,6645,5915,7004,543
4736,7396,3468,8404,3547
483,4708,6220
1683,6678
6367,5997,7951,3217,7327
960,6242,625,1909,10232
2849,7297,5481,3849,7758
9089,6861,4239,1936,8980,10205
3202,6281,1039,2771,2644
1508,6827,1650,468,4473
2184,2347,9999,2482,279
6761,10156,534,2139,2140
2156,2157,2033,1911,2619
1157,7336,6192,1852,1725
1953,6874,4536,6969,8570
2180,5204,1982
1987,4204,1999,2901,126
1240,6097,2886,3103
2784,8585,2002,2951
1618,10332,3031,5002
6881,11828,7629,8887
9082,11644,7845,9879
11856,12553,12228,10567
10842,11564,8290,7471
2552,8016,9867,11141
771,3530,2003,10325,5527,7258,7323,6883,3375
5240,6682,5983
4769,4474
1553,1867,4607,3951
3745,4808,5078,1272,9852
4169,4496,1713,3220,2392
2947,1741,1774,2358,8699
1497,850,494
1118,1495
1252,4519,1032,10989,2394
2851,1671,2735,1687,5342
4005,1065,6510,1455,1339
4018,9908,1525,5013,9402
6347,1516,4308,2841,2301
3778,4421,5080,2008,1758
2037,1574,1655
5128,1644
1190,1199,1332,4758,4351
1834,2391,3167
1496,1219
1733,5510,9291,1615,821
5760,7491,9962,8783,7160
2305,1092,6319,1296,10236
1696,2161,2162
4416,9460
4483,1893,8682,3821,2486
1608,12300,9183
1602,9196
2073,6402,2244,7047
3206,2822
4435,4653
7458,2427,2100,6899
1573,940,2808,4600,152
1058,6628,719,7535,3414
6755,4409,8282,9435,8926
6369,973,9777,4114,1141
1572,5289,3767,4189,959
5953,9577,5709,1586,3867
4518,8809,1490,3385,8187
5683,5750,7063,2104,7257
2932,4340,4505,2138,10748
8737,9863,10730,11439,11899
130,9319,8328,2121,7384
7466,6196,11284,5110,8376
9316,11945,7373,10225,9618
7040,11202,11533
7385,9980
9440,4452,12276,9724,12670
3173,2791,3116,2702,4378,4956
4135,7609,2158,3033,2042
1792,8866,8226,2789,919
3592,3150,10077,1502,1791
577,2722,1318,8531,2014
2562,2147,3286,2200,2175
1985,9027,2987,3028,2996
2628,2152,2878,2680,862
5026,4861,5463
7352,2867
1827,2749,2934
6448,2691
2146,4263,2860,3997,2493
3802,2282,7913
9128,2684
7592,3084,1071,2873,2558
2107,2526,7670
2165,3342
1729,9994,1773,9070,9233
4739,9379,1898,8409,7486
6048,2115,1580,9750,1467
2464,6253,10965,2682,10237
6250,2570,2349,3571,1814
3361,10028,8019,10996,12182
994,8291,4081,950,9054
6343,6159
3466,2111
3601,443,2019,4943
5034,4619,2805
6344,110,143,6354,5183
7490,2126,7515,348,10653
2120,7821,1358,6230,6911
7206,3757,8094
2955,3215
927,4449,2356,5063
6562,4292,9862,7436,7344
2310,5264,338,5146,8669
10376,6891,4565,185,7067
8097,1812,2036,5401,5822
10822,6924,7896,5595,4926
7333,6059,2132,9147,9501
830,3563,2182,87
7456,9116,4232
834,3944,9937,2546,8532,10165,1757
4870,11663,9585,11348,2228,5498,8379
2467,4711,6967,7250,5108,5365,4631,4728
802,6382,8151,7226,381
1028,9063,2005,7126,6843
11579,3149,6917
11515,7163
5060,7397,6002,11190,6975
2756,3750,1934,4981,6998
7789,5170,4595,4988,4318
2149,5044,6391,7032,7740
7677,2859,7980,3025,3901
4900,5424,2396,2172,6749
5633,4588,3346,7320,6585
5219,2723,2569,3860,3893
6371,10704,2262,4215,2968
4194,4567,8088,4797,7390
2698,6863,5049,2586,3900
3712,8491,7467,10872,8895
8163,5701,4229,6086,5772
417,6150,785,10386,1491,10003,383
2289,10594,11059
12769,10486
9461,10261
5831,814,6991,6960,7676,7640,2332
7936,5285,8522,5260,4210,7071
6375,5870,6416,1520,5117,6205
9997,621,2673,1846,220,2334
6721,6961,6298,9998
10473,3754,10217,12414
3593,3856,7381,3509,7767,3932,11135
7204,1960,3181,1907,1950
7169,2672,2676,3382,539
2884,4422,2023,1107,6331
7874,7779,7470,4311,1629
5696,6583,3001,9308,5789
4961,1004,4883,6389,7550
3113,6224,1392,6486,6295
1258,3055,3474,7319,6456
3471,7084,6599
4857,1419
4326,1355,2957,2514,5396
3394,5090,1892,3815,4127
1575,6350,7924,5371,3037
3747,7783,5329,6514,1816
2527,2131,5594,2491,1215
3905,20,8852,8694,953
6467,8652,463,341,3254
1507,6663,7468,9773,8405
933,4742,8293,1799,2350
7684,3272,655,3288,5723
10809,10186,10780,1130
8876,10301,9558,2535
5241,4645,3015,3756,3699,11129,4348,8287
3492,3631,8124,4286,2943
6920,2817,1061
2953,5469
1894,3624,3852,3866,4222
7174,682,2959,4277,7671
10787,6823,2311,2642,3442
6401,9923,2214,3020,2706
7968,2114,8005
6523,3470
3073,2891,10034,6232,3418
5057,2787,4592,4310,6555
4571,2484,3263
5611,6829
4642,5386,8749,6324,10591
2279,231,4879,5711,6802
5944,4305,6260,10125
5690,10331
4160,2678
163,2694,3282,1619,2743,5020,2557
4417,4872,5296,2742,3101,1886
4131,5124,1353,2679,5721,2171
5518,4563,314,3325,478
4459,5101,7191
1298,7013
1231,7281,2419,1684,2938
9154,6563,3554,709,4302
4396,4654,8596,6452,8985
7041,1326,3727
883,3887
8360,7657,266,2924,7764
464,4753,2962,7283,6461
64,12234,11187,11224,7836
8001,10414,5911,5784,2813
6346,8972,1302,951,5432
9447,3453,3894,8871
9317,3913,111,758,344
481,6024,8427,847,3320
2979,5163,4881,6326,5023
8059,11205,2958,7803,7357
4864,6337,4585,2641,7253,4282
2498,3369,1104,2261,1718
3840,4137,8053,3262,9727
512,4776,6506,7030,2941
3200,644,2224,4627,7864
10226,9780,6968,6556,95
3581,7266,440,380,7229
2991,7605,6517,6742,6492
6433,7177,9207,7325,6589
25,2877,3006,3591
2577,1756,2741,2206
2048,2450,2492,7711
2992,6087,10158,8303
2414,7280,1682,2838,7707
1273,4058,3366,7057
6219,982,1015,5115,7069
5354,5586,5010,596,4569
5418,7691,370,7031,2072
8512,614,5751,7485,5919
3011,1421,9201,3219,6525
5331,4917,5788,4990,4415
8128,4481,7651,2376,7146,8907,2193,6483
3650,6437,6709,8061,6942
7176,1801,6482,9208,93
8898,8134,8075,4086,11004
11778,8458,4813,6929,8158
9313,7341,7311,10231,5113
7296,11109,9231,4626,9918
3024,3093,6198
10954,10858
3537,4100,2967
9083,1427
9226,1916
3265,4070,11279,3154,3487
2281,2026,3599,948,3766
3411,3437,3110
3612,3886
8417,3489,8195,3976,1303
3306,3925,11334
4050,4061
4801,11627,3062,12183,12155
2728,1448,12171,10169,10142
3528,2089,9418,9535
3889,6181,3086
10731,7957,6558
12665,1242,1260
5602,290,3562,248,287
4034,10021,4339,8468,3545
10786,4270,3694,9915,11931
9891,7179,8528,9945,9853
8198,6617,9331,9241,6782
10826,7602,4441,8315,5821
5095,8843,10544,8784,7546
11111,9492,3095,5752,6423
8385,9060,8933,9200,12273
1376,5920,4451,848,2940,3517,2046
4992,5666,7852,3244,5488,5202
6114,8773,5166,11662,12400,3118
6465,4432,2961,4212,2300,2717
613,1259,7502,215,2520
6691,7461,1808,3256,4697
3269,170,8397,5457,3128
3559,9992,3499,3119,3577,2973
3106,2918,2610,3575,2264
10639,3440,11216,11154,11191
3208,2412,2223,2774,3162
3143,10122,8144,11636,5368
11683,3300,11529,11445,10360
8930,10503,3882,1233,914
10760,11169,701,8464
8962,9938,12571,7454
9081,8466,3292,3617
4520,10714,2906
1545,10597,3294
2730,2460,1647
10939,10636,9637
10673,10921,6207
11619,4901,9518
8208,7441,5378,6545,6310,8842,3308,394
1256,5804,9293,6479,2575,7538,2515
12076,1701,839,1663
3330,1707,1269,10906
6666,1820
6011,8589
8801,8979,6412,789
725,4963,565
6082,11874,777,5453,6455
455,4618,9482,7404,3388
6280,877
2811,3999
7056,5172,8310
2874,556,7813
8461,1204,6605
4465,349,12310
5969,3396,11197
3523,5710,12375
3408,3989,1055
9304,9307,5397
7944,10090,7157
6306,5484,3538,6004,1436
6692,7942,267,2765,4060
10308,4198,4809,7286,7895
6214,4006,9420,3502,5173
5408,1727,6187,6063
2416,3674,2704
5926,5805,271,4408,9437
6677,3510,5943,11450,8251
929,1377,2510,5526,988,3133,2622
1001,977,3861,1173,3064
229,3850,971,8924,3005
5478,8295,5003,9299,2942
3842,10739,8445,892,637
609,9573,774,2696,784
10722,9205,8633,2204,10398
865,11490,6832,947,629
3520,11809,10703,3828,12120
10754,8970,11979,10543,10230
3019,6093,4974,4303,5807,3731,6390,2751
5825,5994,2763,9491,5171
2474,1596,5573
1721,5794
5704,4744,4752,4304,6009
1440,1796,1604,8774,3613
993,2378,10828,9582,6099
2598,9510,2221,4398,1974
1889,4523,5483,4502,6204
5896,1291,5900,6258,1914
6370,5000,5940,7484,3548
5546,5547,3410,6137,4831
4512,5092,1542,1329,1151
1162,4172,5043,6392,5471
2638,1651,5817,9595,2077
1476,4651,5100,5332,4989
648,80,3651,1221
8827,7988,8611,6166
5081,6299,4617,9238
451,7356,3109,8791
9359,8314,10645,5439
7000,9977,4993,3566
1947,3884,1549,5823
4795,7828,7167
8640,4681,2390,8679
6074,5244,2853,5746
218,3034,7747,8719
794,1444,686,3834
6409,3035,6345,2133
12321,3614,3710,5071
874,3788,5302,3271
4120,2483,4709,7823
339,1747,3477,3764,3736,1113,4089
336,354,4013
304,3273
1352,275,9172,2772,8535
8840,3504,8177,1372,10527
3714,5592,11048,9425,10520
1248,1060,168,1068,3794,10642,8378
3370,4317,5450
454,3806,4903
2400,4906,3967
3166,4454,2159
2477,2438,8615
2059,1443,2267
6936,2933,4525
8040,1106,166
9088,4228
2354,3807
5464,7790
176,4345,11100,8684
3832,10505,10734,11631
5179,4195,3966
1320,886
233,3955,4036
8272,1257
3609,3862,7958
673,1078
5025,3909,4632,4940,3992
8503,469,9399
4017,9058
3136,5952,4522,4587,4062
11781,6408,107,2964,10903,8154
12198,3981,9525,5462,5565
2088,4686,3135
3266,6051,7118
164,6662,841,2508,5852
352,457,6996,5877,4188
6913,5869,4278,6779,3391
2408,2890,1051
8049,4972
3970,1370,4954,8220,7581
5649,8454,5335
8917,8463
6592,5514,3983,591,6200
4065,4004,11108,5616,5939
2113,449,775,4007,3771,3327
2882,9348,6607,1397,6711,6238
7078,2446,2127,4976,3099,3452
6497,6439,11722,7755,6930,12211
2534,3120,2451,2902,8696,3002
10565,10446,6450,5909,2875
8484,5165,4087,6686,8511
1238,9158
2105,9404
6225,546
8812,967,9364,11575
9170,10402,7107,4141
4610,11603,8828,7989
9368,7427,4723,9557
10072,12028,7933,10455
9131,4934
8608,12638
7680,416,8034,15,1906,4280
1472,5254,4622,9235,3859
6213,1446,6153,3570,155
707,8748,4652,3376,8018
6724,5385,7501,5135,5627
4832,2407,5583,4209,9146
4802,4458,5451,5712,857
5447,4887,3671,4251,4638
3426,8238,6769,754,5307
907,4334,660,5687,2904
4395,5682,4756,5622,5206
2977,3460,2245,90,10120,5641,6509,4689,7706
2466,5127,684,3704,7548
2187,10285,2041,2780,1628
5708,1457,2418,1945,3450
8486,10522,6447,1722,4413
2714,1387,1740
1481,1962
5728,437,183,88,6395,924,2205
6244,1621,8780
584,8946,6323
3130,4868
2752,7070
84,4557
8992,4514,5603,4555,532
8064,5661,7662,7351
8307,7086
4612,5685
5929,11346,7925,11174
5963,12163,9926,9095
10993,11556,8676,9541
11609,11442,9356,8038
3430,4682,4174,2736,4440,8185,922
8267,8815,3792,6673,2071,3387
5313,105,6446,6129,4630,7452
3827,5591
424,3195
8320,4835,318,8152
160,9108,2222,8175
7338,4516,4734,2903
2443,4910
2101,5501
44,3854
7276,3798
3853,2044,1565
115,1158
867,52
7709,798
7419,11893
8008,7483
6434,4947
9828,1479,3497,3818,4561,4279
10306,3945,747,9004,4084
9472,6405,5005,12081,7124
8256,5935,7508,3029,5499,7262
4933,2501,2471,5102,8788,10684
11554,6120,9975,6999,3287,6943
3367,8938,1292,4434,5022
5191,2667,3726,4821,6588
3264,2721,2737,3131,6175
4032,4300,2835,3830,4057
2448,4427,4108
3529,3047
6923,4532,2381
739,8364,2807
2611,6611,387
2690,8559,6840,2365,766
4185,5422,2295
1957,5231
4423,3984,8529,2481,638
7872,5764,7492,8156,4636
787,12068,819,5657,8074,8601,204,6463
4223,8050,3527
8212,3142
1679,6419,1284,3711
1570,3043,7596,2413,1967
8648,8073,1902,1265,1561
4256,2786,5995,2226,5974
3908,5392,3670,1177,5918
2505,3419,5732,1973
6745,5516,1678
1539,4589,2030,6071,156
7945,8024,10070,1624,5053
9422,12017,3377,6647,7001
2592,5632,11698,4850,9845
2112,808,4392,3467,4501,3607,8920
5480,5609,300,6478,2364
1829,4111,50,306,56
2148,8806,3048,4236,242
6979,9127,6130,3251,503
6882,998,1165,8344,2939
6753,4491,3148,7029,347
4450,7972,2502,1872,3678
3749,2637,4942,11763,6651
8771,3242,2858,726,2141
1954,1897,12363,3379,3007
1536,3496,3722,9204,8664
550,3688,6156,558,697
1703,2539,4275,1534,2975
2243,10638,9870,9967,2490
1380,7431,5321,1743,3185,1042,2612
132,7465,658,4691,4347
9122,263,2920,16,7388
7584,8391,47,5299,8795
6657,3979,269,8718,8564
772,7141,7883,4590,4497
3141,551,1011,7610,1181
6209,6411,4335,5012,475
2241,7907,7908,8170,11244,10608,10803,6266
7133,2430
1613,989
8890,8442,6835
12561,37
11536,8221
9056,2760,4043,6000,4312,3259,5149
4486,4428,2963,4793,3038
3233,9032,4680,10987,3255
675,172,9612,9232,8861
4290,1737,2863,4080,3160,2970
1216,736,9221,5367,3480
4001,2507,3151,7155,8823
3648,4073,2294,3929,1917
3243,3404,4075
4002,3042
3655,3147,4016,2457,2911
3630,11382,3350
3926,4191
3770,2946,3720
9803,2740
3458,3590,10959,2643,3293
3875,2856,3693,4146,4276
2701,3473,4022,3803,3839
7973,12231,7212,5998,5878,11003,3196
4161,7588,7367,4375,5147
3074,4902,4937,4144,1468
8066,5738,2164,2326,4863
4814,4593,7159,9976,7228
