32,618,4213
6000,970,3591
741,3947,819,7508,5020
3018,4561,6390,87,3935
2,4081,6869,763,4125
3969,3562,4446
1642,4100
2244,5710,4506,7707,2719
994,2981,3847,8215,2615
1248,2340,37,11244,4089
5508,884,7127,3288,1337
3652,6187,8627,5046,60
3490,107,8014,6802,600
771,4067,4204,3031,5272
3577,4754,1238,2105,10396
4258,9730,4745,3853,3120
2689,1635,1732,9703,10641
5920,4290,290,2757,6031
6923,6395,1076,1435,3133
6469,454,4434,924,2685
3626,3503,7763,8980,1563
4485,808,1620,4566,2846
8169,2188,5240,2205,1022
739,1221,613,2509,2096
7904,608,3940,937,1450
452,1253,951,6424,6682
46,814,3765,7642,4223
553,4239,7641,506,411
2088,1012,4501,5179,3771
2336,1632,10283,10003,760
5728,6316,1005,3863,443
8992,6937,6155
4233,2837
1679,4945,5149,4118,4381
4645,1701,2408,202,623
3975,1227,3183,6327,123
2225,3994,4682
482,3700
5124,424,1320,6346,5450
5353,4555,2323,4726,2326
5670,2164,9689,1372,3967
1836,3349,3127,5016,1466
9056,4228,2677,8407,3259
7784,4816,3633,2099,4349
1472,6465,7634
7080,1478
4995,5061,435,661,3419
3865,1461,3238
3234,8907
1353,457,3792,2390,6362
1960,7274,912,2808,703
2405,1640,1682,4058,4923
1376,4481,7748,1616,2931
5284,2927,2768,4080,4795
3523,2724,6183,7209,1780
9305,3715,3607
1747,3159
8335,6864,1331,10390,6839
5034,1425,8441,25,3135
2186,3052,4653,4600,7261
8938,4716,3757,3572,5241
1955,4679,5196,3699,4151
5840,1492,2901
1360,2218
4385,2017,1837,2704,542
8355,2861,886,155,638
5541,5254,3053,1263,4439
4322,6004,103
9498,2086
10856,2251,6733,8301,2325
6151,5962,2838,6236,3999
736,775,1096,2551,190
1562,8228,6509
4405,1447
3538,2359,7511,1469,1055
1865,2001,4986
6210,3370
4935,3305,2356,6389,2395
6526,7690,7917,115,2046
2657,2505,4306,991,3807
2279,7538,4696,5723,2079
6702,6289,4602,2679,4026
235,2521,1039,4528,5945
231,174,10286,4918,4605
800,2154,5037,3088,2495
7554,1380,3430,2637,6673
1318,509,6566
4689,4895
2019,3759,9715,8564,2777
4864,459,8941
2641,419
7458,1573,6696,1549,6062
2498,5480,4585,5774,2261
8291,1862,4776,1004,4499
1216,3015,534,2331,8287
7394,8774,6506,5807,3731
3586,5516,6477,3277,4479
6483,1972,11542,3196,4510
7585,2629,2044,4974,6716
1479,7593,8884,6006,2971
1737,3467,1964,940,1821
1762,4451,4393,2091,4365
4992,6626,8053,823,7743
8838,5096,4661,7253,5916
5795,1511,8424,1044,1589
5251,684,3248,6044,1759
5008,449,645
4531,4565
1986,6600,4879,1754,5914
4743,1257,3914,7413,5656
6849,3720,3401,6607,7088
10308,3497,3818,409,1436
3625,938,8236,1104,1718
1804,8495,7030,4279,5183
5126,9226,6009,3581,798
5935,1624,669,7262,1727
9984,2211,532,1626,7195
1377,4392,3669,2646,5371
4578,3756,3475,5596,11135
5732,3786,621,2129,6962
5028,3173,682,277,3479
3460,6606,5557,1014,4378
2793,8719,4527,1273,2429
6337,4514,655,4656,92
1058,719,1551,7475,4607
7640,3180,1400,2458,2811
4769,5805,4751,6063,8696
8448,6058,3527
3209,1235
10597,7146,1073,5171,5111
2830,1678,271,4117,1973
2369,4781,6613,1367,1848
2697,7338,4496,2199,1720
3224,2431,4855
2113,1254
2467,4711,781,1457,5758
8098,7109,6088,2644,3160
3515,3661,3174
842,3061
1987,4,560,5329,3487
5603,2276,14,8309,5215
8771,4728,3416,6074,3932
7746,6795,5453,342,1272
7392,836,6858,1130,8939
580,3142,5035,2221,1817
4261,3151,7478,381,3071
6883,747,5711,6677,1883
8298,9996,1999,7126,4253
4075,3116,909,5108,5178
3783,3441,4178,7474,6942
3364,3369,1193,6991,1948
7042,1508,143,4286,1791
738,4102,4143,6133,8471
8256,6310,4362,2430,1567
2852,6280,7691,7790,2874
6723,4036,7849,2544,3220
5141,6488,4569,7548,349
6167,2967,5083,7676,4766
3913,3894,5432,3453,5022
8135,2441,2702,7950,5874
4139,2508,7118,8920,3899
2394,6438,4663
2809,7523
903,4013,5550,9276,8255
3079,6382,5655,346,3228
6808,1090,7280
6344,4210
6178,7115,6768,2260,4186
292,4135,458,6928,2771
1378,3734,8982
6713,5484
5582,3635,5652,2903,8793
4324,3556,11279,338,6136
1445,872,594,8402,6809
1985,8547,9124,308,919
3530,6479,2003,10325,3704
5635,4103,332,2765,2137
8392,8872,7217,6611,3764
2049,5454,2610,8275,1175
4001,367,3218,4474,2751
8452,4780,8113,3154,4060
4963,5125,1103,6260,156
5408,3330,5684,2590,2271
2030,4627,4404,4564,570
5926,4433,9171,2875,158
3559,2474,3082,5010,5494
8648,4683,8684,5855,7007
1313,4195,260,4432,7828
8128,6127,5173,6582,7286
9123,8940,4056,8827,3806
6670,5072,6321,1438,7039
9508,1061,4012,3027,6268
1281,5831,9106,5180,8383
3170,948,7223
4321,7445
908,2572,8367,1116,3741
5446,1769,6893,7674,5690
3233,4998,4043,4235,2100
973,3094,6330,7835,1853
218,1835,4875,2714,5403
6374,7481,3945,556,7129
7245,1871,2032,6331,7071
5281,4686,2799,852,8790
4320,2994,4084,6069,5881
3331,2916,5606,4144,6523
5568,9447,1289,1451,141
9504,2853,2730,4112,3575
320,1224,6603,172,7323
3648,2245,6126,2841,959
2848,4897,8482,4553,4847
4749,11038,7031,4859,894
9088,3971,2990,1565,2206
1028,2376,1992,2775,4473
6308,614,4809,8121,8061
9472,2592,5127,1067,6745
8356,4655,2449,4851,4698
6861,4589,6132,1594,10815
2561,7684,2534,9800,5147
9960,2537,1196,3609,3098
2976,73,2392,4153,4319
4706,4931,676,2900,10077
5416,2756,3884
4532,5045
5420,10831,5103,9364,6521
200,8300,624,3028,5109
168,5073,7984
5987,4695
2987,2190,7666,9723,415
3011,3820,2448,8025,6909
3685,1165,242,1811,4665
962,11172,9264,3826,6482
2240,2601,1229,9044,7798
7298,6514,6867,3962,2940
2272,2753,2082,5829,3622
324,5352,4169,8282,7615
3200,5094,3856,1756,1247
9158,3793,5527,1340,9527
1001,4317,1657,29,3551
7139,1639,786,7956,383
4224,5865,7785,7379,9850
2298,5770,8653,7757,1946
963,3273,2250,4554,7571
6666,9293,6190,2515,1663
185,9997,10533
5316,5188
9417,1354,749,4760,1245
259,955,22,9688,5115
6113,4495,4823,4343,573
3790,2451,2964,5944,2621
160,3840,2914,7974,8147
6627,3013,2023,10639,6843
7431,3631,5488,437,8504
9600,5602,4325,3110,9598
1965,7503,4020,1053,1822
6761,1527,5359
6540,2789
3651,428,3150,2863,3185
875,6588,7367
6437,5574
1121,10,3632,1690,4637
3264,648,3280,4276,5975
10880,2563,2632
6080,1439
5473,430,3919,7218,7412
8064,10306,7864,5561,125
9828,4134,2902,7288,4379
1539,1543,7627,3568,3038
1536,2671,8439,9308,7965
6473,2093,3086,3889,3799
6727,9641,3829,2423,1016
3695,7056,9780,537,988
11080,1839,1588,6493,734
2304,5985,1388,5555,2014
1774,8977,3509,3129,7355
5290,1322,6692
12204,6148
1953,6405,1362,926,5310
3937,6639,4850,695,2907
3457,9896,8593,9303,1623
7873,8117,606
4147,6174
3722,11216,4915,5464,10939
5986,5221,7782,3440,5716
4068,4070,3317,213,7351
1984,1572,5637,4486,8272
8848,1553,1699
1841,1206
7727,2585,3674,5053,8734
8357,5397,4982,3835,2687
5633,8269,3606,3802,6620
3942,1673,9547,10612,5685
265,1909,3451,2684,927
4391,5390,9397,3738,8634
1371,6693,8039
5490,1867
2596,9221,3143,8464,3162
8295,1714,982,8314,5919
7069,4465,5172,6364,4029
6543,11763,2996,119,2008
3751,6988,10446,1998,2589
8551,6286,7986,4595,5915
6984,9841,2580,6139,4668
8325,5513,4632,2141,478
4206,2386,2166,5213,4383
5088,4313,7213,7151,4345
6160,2224,5140,7061,2012
5132,722,3316,1430,31
6887,2446,4305,2583,4639
3008,8259,4456,2411,1300
4032,7750,111,4435,4445
555,6828,5068,4086,10975
3525,9468,1240,7449,5308
546,7145,7181,6225,9239
3849,1275,5522,1787,3134
3043,1284,1830,811,2226
1927,9096,4976,1523,7128
5793,9932,6066,6421,5437
7169,289,2676,916,3325
5632,394,4785,6969,2363
5003,2925,10161,3483,1309
2209,8767,1147,9566,9535
6223,8559,10100,4789,2075
11650,1645,4783,48,559
11168,9612,2447,9660,604
5499,6430,4535
1576,1936
2720,2737,1171,4889,8730
1443,5703,7337,1516,58
3032,3398,6422
8400,476
4109,7124,5306,2972,2623
3040,1859,2062,7957,10809
8384,7954,5400,6011,4796
6375,5608,2153,8786,3486
5825,5794,2763,3696,1916
2951,7630,6097,3574,3103
1736,5769,7596,6419,7125
3265,2412,3870
9499,1068
4647,9259,7732,9049,447
6539,7796,4869
5653,3719
9987,1582,7057,3517,2558
6659,8294,4558,11059,795
512,2216,1488,5271,8312
3300,6181,10731,4541,6558
2054,4797,3991,3099,2173
8258,5571,6186,9458,2718
3808,10278,267,6093,8830
5667,7491,1167,6201,9787
9184,1417,6219,529,3222
3266,996,612,1934,1173
8195,7113,4303,9491,1303
2577,1554,7215
6833,796
1127,2824,6791,363,941
10566,11766,6679,1114,9438
6978,1194,4492,9296,6838
9122,802,306,7897,3321
8777,10018,3628
1880,5760
1312,11778,5228,4813,9202
5311,1634,9835,2893,4063
11169,7780,1873,5746,2066
352,8801,164,4681,9204
7459,7813,4038,3545,5950
10786,6439,1512,3694,287
3621,5261,5007,2324,2138
6150,7991,4079,3543,10359
8687,1109,1658,11931,5500
2187,5101,2896,314,3036
6059,8691,9461,4536,1406
1065,489,2036,3926,4184
7942,7142,3016,4332,879
2912,453,3647
1945,1722
1474,4300,6350,1298,4057
7712,6354,5619,2005,1535
3557,3214,6993,3732,9304
1954,7461,2539,6891,8987
5599,8524,1395,4409,2015
3619,7279,4787,3510,8251
6531,8073,7377,7574,2492
7584,3841,4893
1211,789
4389,1062,5733,7081,9754
2499,847,7793,498,2975
4770,3690,8018,850,2843
3745,9388,2510,7535,10107
11011,6918,6278,8585,3388
329,812,3377,6709,93
2817,9001,2235,3963,3933
7299,7726,10680,5435,701
2497,326,2102,10072,3069
8902,839,1618,7224,6683
4330,2330,2318,6231,10906
9732,2289,3186,2292,1557
4016,8569,4494
228,9766
992,8698,2175
976,7654
3843,7013,967,4619,1900
4725,374,759,2905,6590
3202,1292,718,1749,5566
9187,10349,7473,2839,7455
7172,10636,8013,1361,6105
6119,7059,7859,220,5117
5297,8343,4187,188,10334
11265,5123,6595,8839,7179
5262,9166,8880,1009,10332
6152,9297,9811,2132,9406
5912,3763,6736
4176,9193
4708,1295,5012,7675,8637
4646,9484,7094,5526,2295
2309,7114,334,9496,9118
6306,6412,1008,1691,9503
5889,6020,170,4049,7132
8845,6929,2357,8952,121
5024,1423,5909,1622,8766
3203,8580,4136,8458,1559
2149,4808,3023,5456,9624
3465,80,3798,2140,4159
3904,8226,1071,468,5277
9282,3952,1142,6939,3550
964,3140,2215,2895,4114
4034,3845,75,8570,8350
2530,6182,7915,945,6647
8352,9321,9420,10487,8606
746,3262,9055
644,229
7233,4613,2575,7093,5181
9252,5833,1547,10008,5946
258,6021,8812,12,7384
7176,4367,720,1941,12151
1792,3657,2006,1468,5119
10056,6742,5391
4252,1967
2625,1282,5478,43,10221
1600,4397,6734,7570,3059
4327,753,3411,7100,4414
9986,9125,5032,7369,11224
2603,788,438,2460,1470
8878,5870,7536,6351,210
4449,3269,2888,10416,3997
7107,6707,6963,10970,1978
7001,563,5943
8024,6071
2946,7397,966,4281,9695
7409,9777,6095
5754,8492
1605,4617,6635,6511,5785
708,11025,9078,2236,4062
1250,7755,691,5236,11676
806,9673,9742,8783,10620
1026,6605,8525,8429,4947
2157,2297,7549,2878,5151
3588,11004,2488,8219,5052
8296,7496,9425,6578,8184
1990,7819,4526,9945,1503
5859,2564,4530,6872,7135
835,9604,7856,2872,8028
12288,5157,5511,7017,4047
9033,2035,387
8364,1207
6656,6466,2083,2960,2524
7362,8937,7306,4594,6550
1929,6474,3726,7250,248
5286,782,5742,1806,4828
9921,1637,4167,10902,7197
10409,12044,6766,113,3614
3042,5443,2189,6228,7963
4806,5165,11187,12598,5662
1189,7048,6860,7341,4115
9385,2826,5324,5326,2416
3112,8712,4395,3737,6780
8224,6852,7754,1592,7486
4160,837,5460,4853,2678
3553,1473,1796,2223,380
4128,7401,8885,5628,3582
4930,3437,1200,6997,6907
8867,3433,399,6777,1598
4832,1507,6572,1713,5396
2788,3332,5168,8660,5790
1297,5202,1778,3730,6453
5026,1650,3314,5238,5787
3910,1485,7758,110,4091
11466,8522,8557,8592,2334
2594,10568,5512,8565,9978
5449,6956,6899,4212,7167
4490,1996,4601,7892,2969
4549,6789,3943,2545,6970
1674,9299,2741,9402,827
8961,7877,486,10070,1660
896,1064,4111,9489,2232
2407,7729,1118,9501,766
7808,3681,9802,5867,5693
3777,856,7771,3006,5375
5664,1665,4292,7204,4191
4556,1902,9582,6099,8212
1440,5704,9258,562,1052
7710,2090,3050,9036,6494
6850,7171,1006,10419,633
7938,8003,3566,10254,378
1895,10317,4141,9236,761
3650,2983,3656,4822,2202
7629,1581,2002,11828,4729
2241,8418,5866,6317,4634
6307,3683,3977,4274,5749
206,5106,5815,10394,1335
3748,1669,9104,2613,3383
8612,7301,7110,4946,11575
3360,4640,2690,3400,3891
7906,3306,5235,5979,6492
7525,5285,6989,3608,7966
2628,7823,1876,7230,543
3936,9395,6357,8918,5851
4042,8528,4720,5138,3164
4533,9230,9031
6336,6905
9090,8389,8870,2766,3067
5761,6920,8138,7597,7614
6065,8227,5798
829,2269
1153,7781,5195,7085,9053
6530,9317,7178,3739,8029
8552,9608,1202,10905,2554
516,584,942,7089,5818
6144,2769,1429,3484,1342
4256,5059,2660,1561,4218
769,4579,869,2618,3934
3106,2955,2709,3478,8094
8645,8390,4359,743,920
6445,7405,5775,8887,2655
7620,2662,10151,9807,2195
7969,11299,325,10053,8177
2835,3452,2127
417,2882
7553,33,4045,751,10775
6690,4902,5738,2672,1617
4519,2736,2802,2904,733
4675,6279,6100,3638,9690
9380,6091,7386,3229,7678
1568,6019,2606,147,8317
7588,9992,4618,11662,1242
3872,1057,132,11827,9241
1889,8899,3886,6609,10458
1408,6256,8849,10226,1501
2758,1035,5099,2322,11129
2688,5639,8459,10321,5717
710,841,2858,2041,5692
10944,2945,5581,9678,8120
3814,2059,5170,8085,1687
571,10909,8431
520,1983
7010,1095,9866,6480,848
4003,10735,3249,8758,94
7162,5418,7378,1204,7450
9274,7945,5845,1079,11450
4547,4900,8332,6552,5087
2436,678,8463,1267,8123
11200,7297,9998,6711,2425
2772,5973,5813,1369,5439
8672,3534,2265,8154,7742
5474,7907,4227,3921,11154
6204,1329,2193,1974,540
4503,5090,2674,882,1879
898,6667,3602,11445,2974
4192,11398,4718
4778,4517
650,4715,11212,9004,5486
4768,35,4231,598,3646
11459,6030,10352,6775,1692
11695,3408,7637,10649,6237
1956,4966,8911,3830,9470
6826,877,3065,8986,4380
1155,149,9564,8764,8319
5280,4288,6026,7884,11515
7940,2278,9964,11856,1365
5953,3879,1705,7373,2457
3554,2884,1896,10315,1877
7489,6189,2929,2361,8445
1188,1587,436,7414,8925
2243,6213,2924,5594,1534
8737,11439,3954,5750,1311
4131,1703,5423,5433,4442
7683,11907,11117,3610,3323
101,7078,2598,8279,1151
5925,10250,9111,9905,1431
3090,7347,10453
8792,711
5477,5645,2267,339,1051
4881,5002,10989
2121,5778
7428,9669,1033,9897,957
8161,4424,1610,6128,5854
1574,1608,1872,7251,4542
6497,6661,6830,8689,2738
1793,5665,7381,8694,6648
4573,9155,12108,6036,10717
8096,5225,7694,10518,7448
5129,3587,3108
9512,9844
7436,1741,7886,1812,5789
9381,4457,302,11921,5266
11984,10270,5814,10006,830
8417,5483,5547,4398,3410
2439,1786,631
440,1914
9729,5853,9714,9142,11581
10125,7566,4078,3832,2302
3907,11622,8998,7240,3898
3145,5804,5457,8341,1269
1040,12010,6451
6602,9874
4737,8773,10503,10122,9482
9583,1046,11164,7421,9791
9057,3118,6173,1374,4095
5447,10481,1169,4666,4638
451,1319,4981,602,1215
679,2542,2642,3706,1403
4611,3658,5163,4242,6878
1538,5959,403,2489,8572
6050,7721,10059,6352,10780
2979,4426,6385,3985,9912
3328,5091,10000,6398,3039
10567,5578,2550,11547,9150
2881,2219,3986,469,3861
7404,7439,1937,9941,5278
2658,3955,981,3350,2781
8409,5993,4814,6799,3033
7360,5314,7490,2740,2300
8820,9097,5708
1648,3714
12160,5644,5358,11064,6815
6881,8701,1135,9331,11037
3379,2611,4631,2938,1950
6568,8972,4670
1409,7599
7138,99,1995,983,5405
2120,9710,7504,2230,1404
12225,6917,518,7530,7163
724,5413,9407
4664,7812
6862,5939,1270,9819,3167
6884,7565,8380,281,5788
870,263,2791,6633,5268
2242,6685,1286
3128,5529
673,493,5614,4529,3318
2353,3473,7284,9435,7294
9801,10603,432,6292,5113
3842,2445,1520,9205,2750
2659,1710,6094,7344,8926
804,3177,6675,11284,12471
672,9409,3091,5211,5756
1191,8488,1545,7817,2774
3009,359,7880,680,10811
361,1933,7155,3320,6719
3335,11113,2845,6300,9949
3171,3208,5997,5044,1277
4546,4270,8468,6654,10431
6721,8033,2178,5651,4509
1126,3495,8818,8115,3102
8718,4914,2194,6555,5531
2418,1668,558
7226,1685
582,11756,4941,5100,1789
5543,3181,7534,3887,4593
3794,3260,8662,1980,4094
4888,767,11031
3010,9436
3329,2435,4208,2201,4154
6403,8358,9480,9393,9182
5376,4513,11526,9915,6782
9923,7019,5017,6811,3678
3169,9377,10373,9607,12780
9922,9577,4650,9082,3837
4196,5039,8082,9849,7807
6786,3494,5998,8276,6615
7144,1487,2963,9146,637
7515,1957,151
5563,1199
2754,8134,3636,10364,10174
322,616,3920,4309,5879
7363,7887,9433,10493,7423
10760,3881,7117,6650,11419
5989,7665,10323,5907,9717
1392,4209,1530,7452,5501
10336,6949,12306,6325,11192
2312,2713,4988,2941,6431
4263,3668,7733,2040,3417
8456,1797,7718
312,9262
6449,6898,627,2932,4221
11631,3057,11665,4339,11802
4673,5318,246,8313,6490
12128,3938,905,6747,7870
3950,4911,2579,7315,11893
4993,6275,2665,10956,1750
8598,76,8118
9457,12483
3458,2338,1807,4346,3901
8132,7941,3848,10168,24
8778,10605,10994,8376,10879
2913,1993,4621,5871,6803
4162,3396,3078,11338,8496
2401,1129,4654,3982,3663
5057,2922,3915,3980,5363
6305,5381,2630,9644,7893
4586,5004,2126,5884,6845
2072,18,10779
3448,7485
1066,3813,4158
6532,269
4774,9545,11818,5492,10329
7170,7558,2185,8951,4382
6571,4108,5518,6324,7669
5426,7509,8247,3193,575
3336,8621,6932,1113,3611
1091,44,2158,5041,4018
10113,5899,3797,6491,12508
9249,9700,9448,6475,7096
10502,1128,5615,8560,2453
1029,5863,10770,11671,9530
9473,6538,9197,1262,9309
7008,1570,1265,5458,3415
8714,10381,10926,5647,4852
11019,10223,2320,9649,2870
196,2735,817,6235,2207
6242,3595,3979,6253,1405
9666,10855,3179,173,855
7652,1287,8179,10331,4829
8416,3109,4584,1932,8748
5476,902,915,2168,1531
8548,3600,9011,787,7037
968,78,11700,1653,3256
2543,6642,6933,10231,10335
7607,3427,1183
8641,714
843,2385,3346,5244,4255
9038,10579,11892,10522,7934
6369,1352,3966,3477,3390
2464,1858,9894,8198,7225
6371,7716,9063,10704,1882
2347,3640,1339,6461,2622
4623,2647,3481,11387,6206
4948,4952,8539,9181,2527
3168,6433,2281,1721,4061
11298,7053,7537,11867,11580
5969,9413,5687
9554,7366
6057,6378,7307,1656,2171
249,3476,6726
10851,4259
2402,9412,2372,7407,8853
1825,227,9636,4076,10814
1092,4364,5638
8545,8142
10338,6851,7238,241,3355
5700,4406,15
7517,11069
1381,6951,10863,7027,8861
1305,10318,7
10322,3199
10087,5322,4978,1752,10235
10625,8266,11027,11477,3029
8932,4944,5430,347,9630
10787,8682,9682,3252,9946
7270,10279,4524,5523,9047
1088,3240,10504,4788,9943
4588,9109,6998,7004,6301
2797,1107,2548,7958,3767
4066,10658,11340,4400,10813
1800,8493,6359,3004,671
3973,5351,5295,6617,5274
9858,1544,6028,9681,2869
8993,2638,4050,5556,6556
7783,2857,6195,1686,10398
713,5897,3725,3156,1172
5958,5510,1296,1816,5721
3896,10539,4763
3155,6637
1731,2183,1198,5812,8509
4903,7980,6583,1017,3387
3968,3084,5048,953,6203
4065,5616,240,9685,5079
5891,10765,10734,370,4475
10498,9640,6930,1784,10015
653,12084,4341,9370,9756
11774,1256,4616,3290,2110
4874,5078,2582,667,5023
1280,4712,5293,6257,6164
71,6024,9002,7383,5434
6401,1863,3912,6448,2934
3126,7928,4441,986,8315
9348,3339,7183,4278,377
5347,9781,536,10653,3742
8962,10165,5498,3294,3295
8746,2028,4848,9234,8856
5348,3302,3728,2227,7199
162,5797,6025,5911,7866
422,3753,8201,402,9651
2305,9805,5744,1525,5469
8321,3502,1522,3165,5055
11232,8678,9747,10294,4023
2469,1225,4010,883,2942
10116,1446,5991,947,9396
97,6085,10193,10260,6495
7368,8204,8974,9176,5887
8775,4876,10001,5811,7832
8112,11788,6783
4625,3189
6312,11468,6296,10749,6879
10631,7079,8207,9138,10290
4132,8437,7575,5304,9918
6250,8784,7602,2998,5821
3080,3701,4437,6681,1951
10848,2627,3624,2570,3412
3576,1011,3983
4130,2493
2921,9228,8397,7095,4440
2470,11625,11824,8661,2485
9225,396,9840,3965,3871
4098,11171,9924,2472,204
8576,8257,7147,2007,4827
8900,42,7467,5199,8921
3201,548,1163,2513,5846
11116,6476,7663,11197,3423
8486,2024,11722,861,10430
4480,3618,3469,7090,3573
9891,2184,6793,6163,1852
647,8650,10417,4407,1048
5000,7403,2864,1433,7484
6309,2057,5834,6990,784
643,6731,6892,5849,11579
4610,9132,8623,7447,9373
2836,9453,2639
7091,9463
8265,12745,9021
7370,330
8421,9383,11210,12620,6109
10391,8289,4831
1081,6575
3436,145,434,1244,6013
8193,2540,1390,6103,2782
1921,1550,3247,5905,3929
1441,9404,7207
6973,3615
9890,7304,2798,5519,2258
1696,2020,4459,3984,2068
11746,11335,6889,12457,11639
4419,10158,6040,9916,6653
2409,5323,7340,3601,2559
356,11626,954,9725,1758
6664,3117,7730,7698,247
9793,1299,8595,4249,1246
8583,9611,5964,2069,8799
2728,2991,690,634,2077
12064,11049,491,7791,5234
4387,11781,3981,5462,5565
4779,5005,12081,8604,6108
6176,9358,11408,4275,9654
8736,5058,4709,1140,2172
8102,1672,3372,6772,11100
2148,7333,688,6322,1524
11619,5575,10697,9518,3964
5122,6948,4463,887,3838
961,2918,5880,341,1464
1861,8328,7951,5970,11319
6272,6468,4756,54,1083
484,9796,5588,11964,12445
12007,651,5394,3322,635
7996,2343,8044,3438,6140
3649,1528,11529,11927,8664
6886,3226,9422,3482,9437
1480,5961,9098,975,1584
8454,2889,4201,8427,7357
3138,9635,2374
10256,7009
8230,2259,2710,8603,4031
2491,5595,9399,27,2238
4544,1476,9510,1651,12533
6470,6921,10673,2200,11034
3944,8042,1137,4145,4694
10883,7693,9102,4856,9854
1032,7275,6110
3025,4740
6392,5139,6360,2715,3548
0,7073,128,2473,9070
794,1947,252
3672,9064
3272,881,4949,950,2747
6592,9603,9870,1843,5335
12028,6821,8326,11644,8828
6156,3749,1846
8034,7212
7745,2566,10896,5269,3221
2681,5357,7161
8009,5001
834,12517,2478,11503,1757
6083,10311,8679,11222,12600
6087,1321,9421,2734,1050
11173,2503,7065,3358,1471
11458,4105,9903,12343,2844
10345,10511,1782,4794,4733
11278,7026,8245,9147,1213
9539,3063,9455
10204,1351
3310,10103,8666,6396,990
4335,4916,405,10202,7999
6825,8083,8180
8896,9278
2052,2643,2197,1370,10236
1505,8106,7947,2388,9114
933,70,198,2701,6262
1185,1666,1537,2380,8625
5967,561,1209,6137,6589
8549,4581,9424,1845,6687
4452,4298,6762,5136,6972
8966,9260,8975,885,12667
4064,8804,11376,1210,6911
6946,13,1680,2906,2011
12649,2800,10389,4216,1689
6827,461,2097,569,4862
4811,1612,10578,8567,285
6376,2890,3341
4597,5246
1401,2556,3953
7682,6516
4871,6823,6865,3571,7862
3424,7628,7021,4990,4415
3367,8685,3769,3897,7388
8048,8868,12493
10314,5388
2114,7878,3005,7770,3645
6114,4237,12400,8753,5661
6576,10816,8387
7658,2796
3686,2061,7604,9556,9273
9219,10510,10577,10137,2908
7043,4007,6415,3670,5019
6311,4267,9627,2299,1917
256,12059,7045,8855,9595
11970,10459,639
8035,12055
7105,11787,7631,10709,3096
2849,8393,4877,464,7227
5282,9826,12076,8089,10078
4576,8329,10643,9652,8216
9795,10505,1515,12310,5786
2021,11465,12362,6512,12211
10244,5291,6508,7222,10207
9154,11144,5419,2034,539
7724,1422,6416,465,4411
1707,11404,1356,8562,1820
3555,4714,16,273,3422
935,1676,8589,3375,630
4901,8144,10068,11382,5368
7399,7121,946,4722,5649
6400,1187,525,84,3836
7973,2089,6121,10801,9300
4868,8231,1704,7670,9016
3392,11045,6546,7830,9592
12320,4200,10916
12480,8489
2984,2124,11733,7258,8923
9089,10987,6196,10140,10205
7936,2823,8361,2004,6397
12579,11108,4004,8917,6143
3274,6413,11540,9845,5782
9316,1925,10217,10513,12414
68,8037,7177,3599,4989
9248,1667,6548,9947,10557
7714,611,4973,11448,6619
7332,6536,8979,3643,6076
11793,4170,8055
5275,3789
5321,2282,1773,625,4348
3680,12017,11698,7603,5209
7559,1869,12177,10742,10173
5546,6258,8500
9446,10263
8864,5377,12333,4818,244
5669,8518,3718,1513,3564
298,5995,3711,9525,4863
6784,4353,4970,7542,10461
2692,6380,8404,4598,6874
9712,3507,11406
7876,5972
1060,6853,4408,7869,7422
11840,2434,11205,2511,11184
2500,6632,6668,2517,5245
4742,7948,4692,700,9341
10768,7699,5051
11104,10952
1856,12611,3342,2959,5174
6147,5355,8399,2607,7700
8601,11461,11933
11464,3125
9188,12613,9606,3051,9937
6434,6313,52,10903,4537
901,1232,12756,4798,2879
9313,6580,4667,4155,254
3875,2567,977,1366,666
7276,3148,6446,1498,4123
8170,9366,3095
8843,4291
628,1509,9334
1186,9751
11040,9639,427,8268,3641
10758,12363,785,1491,11065
1970,2475,6807
8363,7382
2661,4873,11146,5673,9567
2496,2608,9618,7513,3675
12098,1260,4942,656,4350
9544,9683,12814
9028,8759
6792,9913,10037,408,10073
929,3909,9549,5980,4222
1120,2599,11761,9973,9050
642,5657,10671,8047,5465
12399,7216,1681,8159,2815
10017,11307,1971,6459,11357
8481,8740,8004,4999,3445
6812,5076,6694
4225,10529
1761,261,8519,10220,9390
4420,3077,10792,1832,1875
7457,12115,10045
5161,7865
8103,10672,9876,11095,8763
5190,5069,2958,851,9301
4512,8420,5900,238,1591
455,7082,7087,10642,925
4262,7526,5384,4693,9279
12650,6084,10548
9889,578
2337,11942,10280,5584,2321
6630,524,7313,2296,985
7844,10252,11191
41,5398
6501,11176,11849,11118,10096
5252,232,4272,4691,4571
135,7505,7410,8697,12125
9824,11528,7794
1532,134
2233,11347,6012
10699,10550
4289,6172,1328,1590,1564
8930,5613,10637,2673,1906
1730,9073,1847,10616,8221
5730,2051,9596
7800,9471
6945,483,2311,6282,5276
4867,3565,401,2268,1662
2786,2274,5753,8851,1177
2123,979,10227,4950,12543
8225,3236,11432,109,12079
7328,5392,5781,5689,4671
3362,1136,11062,11416,7228
362,7051,4880,4370,4280
1219,6320,658,10232,6393
2462,1958,2391,890,11102
4833,4866,7137,2546,4991
8074,914,5590,6651,2973
2560,12045,3472,7130,8093
6248,5800,5105,6417,6591
3524,4520,1233,572,6463
10990,182,7895,5598,895
4896,5796,6824,4205,622
11723,10093,8721,11795,10554
1504,939,6614,1753,2045
5380,7655,1744,10101,5334
897,8514,9419,7613,5182
8654,8563,12149,10583,1630
9833,7786,1580,12754,7292
2329,9773,2350
6499,7815
646,12207,12335,5239,191
7689,6089,1519,1463,7289
2087,1770,1931,146,3225
416,1540,965,911,659
11552,10440,8398,1775,11288
2182,3528,3119,3958,4126
6159,8016,2552,10941,11103
8898,3924,10645,10393,1020
450,3882,619,108,1197
6,169,209,157,61
6756,7211,2832,1399,8191
4608,7364,12103,9428,5270
12228,7845,10388,9492,7546
10030,7539,9012,2617,8860
3878,9353,12819,10908,3773
8,862,187,662
874,166,503
865,610,266,365,463,304,50
20,5806,3895
686,284,1077,316,892
677,39,660,117,1078
56,893,758
336,668
3489,391,3655,9650,3987,4277,62
5093,2636,4431,3000,4793
4587,1644,7470,4464,4315
1094,871,4120,3996,7967
3970,1571,5735,1455,1106
5620,7764,8822,6456,1855
66,5203
7709,3158
6408,74,5237
310,86
2026,2381,95,1943
1808,629,725,1671
194,2355,460,1453
4312,105,3822,215
130,499,1015
522,500,998
137,2159,592,1231,860
1944,609,1684,398
1316,10992,6610,7506,2366
4899,139,11948,12174,10807
8834,7587,11053,9775,3283
488,369,2365,152
154,772,586,591
1003,357
792,675
163,2694,3282,1619,2743,2557
5296,1886,2742
4872,4417,3101
176,3366
1904,178,4883,4083,3949
2528,4402,9298,6581,9816,2780
1384,9868,6444,180,5406
192,709,1611,348,511
11745,10691,12451,7852,5166,208,11833,7611,1913
8738,8739,9812,9240,7293
11473,10584,3354,6908,12446
9601,11877,12167,12464,11709
10753,12726,9783,9720,11770
3744,211,4836,8725,1222,6252,445,10911
222,6102
226,470,439
233,2977,997
11536,12561,4124
1306,12908,236
275,8250,7797,565,5146,1358
1416,300,3263
577,1101,1502
474,318
6090,4938,6871,7000,7995,8605,7839
999,8136,4460,12365,10681
9505,327,9901,12305,11006
7635,10228,12325,8501,8807,328,237
737,1602,1315,340,821
344,2760
6185,9267,7623
1881,372,12551
385,6771
2432,11363,8520,12105,7247
4800,389,8426,11767,4730
4739,9994,3850,1421,9039,1526
407,6564,5520,7639,9400,4957
840,413
2115,791
3450,2332,7836,2285
425,3779,8996,8675
2818,3227,752,10523,1490,9851,6079
10369,1988,8107,7278,467,2654,11199
5232,8457,1459,1149
8473,471,3363,2663
7203,2339,4782,5593,1085
3780,11822,11188,2649,8958
6125,978,472,10141,11327
11236,3237,8874,11864,5882
8076,12813,9199,11311,10002,3539,3956,11293
9739,12063,12567
12052,12309
8928,9735,12057,11291,12316
11522,12547,12806,10759,12573
12640,6435,12583,10572,12830
11297,12004,10710,11481,12281
12518,12762,12507,11998,9951
10976,8485,11813,11218,4987
12772,11558,11047,5672,4959
10022,5350,8905,6959,473
12744,12746,10031,6965,11992
11725,9101,2871,12604,7551
11841,7762,12092
11330,9804
833,12612,2119,10827,12498
9576,9162,12235,9677,12371
12784,12114,12402
2923,1901
11140,12774,10219,11097,11772
10632,9352,12522,10892,11359
11654,12390,11400,10889,6794
12135,7569,6131,4244,9718
12193,9578,12537,12699,11679
3746,9895,12200,11629,11514
11443,11435,12542
12458,12723
12677,9415,11699,12214,10683
12802,10179,12735,11965,3519
1347,475
480,5604,2443,3854,2222,2482,2612,2680,3166
3512,5401,4699,3677,2911
5198,3376,2037,501,510
2208,5542,4525,1777,857
505,8699
6338,12485,3046,8391,12714
11969,974,599,888,508
12216,11425,8594
12173,12782,8214
514,10019,10149,3724,10925
3361,11107,10899,1208,523,10923
6842,4652,4926,527
2144,531,2669
545,10214,8218,8668,10878
3906,3592,4878,3666,6232,4219
1412,551,7913,1482,2253
3298,4009,971,10156,4502,2364
7801,2954,4318
2176,2487
5562,1628,3885
4041,567
6810,588,1397,7894,2935,8506,7196
11616,3506,5412
9224,7205,11736
595,1606
4363,596
11869,7910,11223,617,8155,12012,7708
4487,641,3414,5063,4428
5697,9349,2056,9738,8396,4430,10255,663,10488
3048,665,5819
2624,11924,10437,693,12662,12187,12828
697,1291
6528,4334,5135,4150,3386,2301
707,6294,8791
5696,8529,1387
7664,716
1857,5990
1252,11750,7430,10284,859
12738,8802,10251,2553,729
744,6388
867,755
8347,5949
3664,757,2950,9590,6107,6332
2146,3315,1452,1765
7084,4027,1892
2569,1102,4311,2873,3293
5409,774,6345,5910,6585
1729,4522,2667,4121,5243
1448,777,1228,1190
825,1586,1518
10784,6462,7476,863,779,6283,6270,11599
7520,11729,8075,5830
6328,10099,5495
8330,12054,10247
818,1499,9476
3923,6175
6048,6426
4861,6046
2170,820
6701,3213
826,8652,6205
6524,5924,854
5952,1738,831
960,550,10984,8683,2588,11743
7425,10082,10050,9067,844,1813
891,6039
11456,9361,354,900,6052,6326,7816,3755
1890,1794,1829,1542,2410,1002,910
2466,1220,1541,1258,2668
2752,1134,2549,2136,2619
2722,1481,1419,1428,2520
934,907,2420,1655,1919
3928,12644,917
922,3827
930,3394,6533,1735
944,5332
2992,1824,2700,952
6387,1156,980,3995,1132
4933,2471,3287,8442,10684
8842,1613,8208,8890,989
7908,2501,7441,6835,8788
11554,6120,9975,3308,6999
5378,5102,6545,7133,6943
3642,1018,3500
3104,291,5475,1027,4677,8989
6224,5601,1389,2133,1037
1042,4932
10033,8293,1069,3613
1074,7050
3251,3271,2393,1084,1711
6297,3034,1093,8405
1100,6478
12554,10474,3352,10844,11455
12077,1110,11414,9752,3993
6500,12036,5765,10183,9708
12679,5227,11732,1112,9307
1122,4965,9580,11993,1918
1614,2574,2514,1141,1654,3007
1355,1868,2957
1768,2651,1959
7576,7232,1143
4025,6854,1145
10714,9981,7159
1146,9533
7418,1243,4500,11645
7456,4232,3563,9116,1150
8056,4165,1174,4744,6414,8478
7148,1179,2286,4890,5104,8122,4955
5060,4937,7992,6425,3612
6267,2191,8304,6645,3131
4906,3855,1332,4985,5342
1217,11874,10428
1493,3959,4713,1230,5294,5902
1234,3187,4357,3420,5214
3076,3432,3344,2071,3001,4316,2652
4491,3468,1454,2162,1467,3037
2562,1261,3217,4185,3772,2397
1975,1274,3243,1596,1885
3859,8371,5878,1294
8808,2840,1301
8873,12074,8803
3816,9180,2877
5937,1307,3703
7352,1308,3431
4351,1615,1790,1326,4687
9075,4612,6455,1327
11544,10515,6922,8978
2288,11273,11260,7759
3232,1683,2101,1334,7002
7032,1345,3504
11811,1348,6859,5676,5646,6553
3552,1819,3852,3205
1962,2419
2065,1359
2180,7586,4265,1364
12384,3137,10420,12150
4538,3035,1373,7686
3521,1386,3918,5493,5718
4164,6436,3175,1521,6233
11237,10986,11917,1393,11230,6015
7561,3347,1382
10536,10309,8111
8451,11511,11988,11799,8537,3579
1725,8239,5487,10034,1402,2749
5668,7883,3020,8780,4055
2691,1603,7308,8946,8222
3908,9526,5759
5974,1414,5918
7393,1427,2518,8190
1444,3925,2438,7502,3727
1458,9829,10776,3721,11214
6440,10678,9335
9620,10837
5410,1483
5536,11457
1779,1599,1494,2047
1575,2252,2962,2682,2428
1772,1742,1496,2490,2143
1976,5193,1497
4241,1578
1795,1733,2773,3195,1597
1604,1677,3766
8220,1621
1723,1629
1633,8090,11123,10887
9852,6517
6276,3055
6157,3951
1659,3750
5538,3630,10575,6002,10771,8829,1694
11010,5861,9160,10134,5719,10171
1700,3307,6244
4980,2933,6975
5624,7619,3149
4704,1888,6819,2294,3030
4928,5569,5344,5065,3665
2112,5219,1709,6967,6840
1716,6180
9006,3961,1726,8991
11697,8658,7516
2098,4082,2396,1767,4940
1776,11863,6759
1898,1799
9208,7266,6142
1801,7651
10882,3152,1809,12593,4024,126
3957,1814,4680,9129,8636,8271
2891,1827,4462
1834,6612
1803,1844
11090,5695
7601,5981
1850,10172
3480,1866
2856,3284,1893,2094
3073,3429,1894,7174,6263
4717,1905,4470,2712,5307
1908,2348
1912,2748,2204,2060
1915,11333,2444,8655,9270,8571,8542
11008,12302,2862,11380,11543,12408
1922,4484,6757,6535,8211,8310,9467,9726,10687
5152,9536,1935,4051,12405,10197,9336,12061
3418,8229,2165,5054
1968,4360,9629,11126
9825,10292
9813,8726
6676,8733
1969,10043,3340,9559
7194,12476,6773,12062
2352,1989,2342,7719
1031,9615,10930,9586,11901
2025,9706,7024,10738,12633
4097,10083,11077,7621,8199
3778,4229,4172,2161,2033,2291,2131,4149
10978,6915,5992,2038,11899
2039,4087
2081,4337,5681,5210,2042,7068
2048,2939
6363,2055
6402,12231,7047,2073,11003
2085,2213
2257,8760,10105,2107,7964,9967
5027,5605,4910,2928,5809,6162,2450,5622
2307,6597,3654,3474,2109
6112,3522,5451,5422,5338
4644,5224,6027,6678,4857
6343,6096,6935,9054,2111
2794,2139
2427,2413,2150
2152,2398
8097,9702,10601,11852,2160,6741,8854
2519,2605,2163,3319,3516,2494
3136,2310,2383,2645,3002
3905,3747,2502,2346,3821
10362,2731,12068,2174
3064,2273,2198
2228,6214
5312,11249,12195,4358,9495,2248,2203,11052
2256,9779,8964,3348,8461,7647
5049,2961,5442,2262
2586,2698,8491,5701
10872,6863,3712,8895
5216,9281,9295,5365,11576,8729
11952,2293,10413
10209,8613
2306,2706
5698,8742,8079,7152,5976
2314,9164,3916,11314,9623
809,2316
4354,3692
6207,2335
3161,11209,2349
2784,2354
2358,2620,3446
4804,5160,3785,4972,2382,5043,3385,2399
224,2404,3211,5772,3122
11242,8716,2989,1743,5682,2421
9746,1740,3012,2437,5110,12282,9372
7281,2507,3589,2455
2465,4340
5539,2480,7282,5206,4697
7264,9546,7825,9529,10138
2481,2723,2483,3239,2920,3255,3357
2484,5893,6038
3688,10921,5666,2533
2535,8455
10415,2538,8674,11975
10938,2547
2947,2604,4835
7184,9019,6423,2634,8011,2988
11431,12553,10802,11636,375,11032,10972,2653
12809,10766,12304,12244,6938
12033,10819,7752,12041,12499
12385,6699,12283,10556,7389
12203,11308,12527,6384,12663
11136,11250,9203,12407,6202
11112,9771,6319,3762,9877,10271,11935
10692,12294,2664,4373,11033,12538
5056,4773,12138,10091,10482,12083
5629,2670
6051,3684,8669,2717
3405,8531,3892,7317,8406,8342
2727,11655,11981,12241,9521,11321
4583,2744,6138,731,9821,4543
2761,9961,10773,11640,5534
932,12153,2764,6227,11737
6520,5983,9847
8507,11588,2246
3464,11562,2803
217,12234,2813
5784,8001,10414
8472,2833,8059
11651,2854,12456,7400,3216,3281,1302
3930,2859,10324,5197
3337,2860
4429,2943
4347,7847
3492,3286
10339,4356,3107,4497,2867
4840,2885
3801,12435,2894
3584,2897,4979,4469,3212,4590,4015
2898,4659
3074,2919
12192,9696,3296,2968,6586,11546,7932
6281,2970
2985,7273,11537
9152,7853,3022,7696,9940,8639
7976,7086,12110,7804,7837
7296,9231,4626,7028,6198
11109,10954,10858,3024,3093
9968,4921,3026,6221
3045,3462,3047
6442,12171,754,12183,12155,10142
4801,11334,11627,3062,10169
3072,4633,3717,5525
7465,3113,4174,4750,4759,6042,9245
8616,6882,7326,7066
5739,3254,6302
993,3114,9207,10007,5112,12732
5540,3123,6836,11383,5885,12286
6265,12765,7190,9719
11808,9487
11304,12421
3130,4307
4161,7396,7269,8840,3147,6003,4954,8092
3313,6814,11916,12790
10432,9786,7595
12832,3874,9762,11918,9759
3682,10405,11463,4790,11063
12771,8836,9736,3157,12671
12482,12770,7863,9271,10618
11105,8831,10839,4953,11871
9713,11125,11494
11393,4710
9506,12619,3860,3190,7255,12730,9117
3285,3207
3334,7498,3210,8912,10581,726,10587
5537,5713,3992,4297,3231
4146,3382,6166,3834,3242
10497,10537,3245,9517,12238,8051,11994
7552,5955,7527,12500,11769,11578
12425,12172,9935,10066,8306,11002
8512,9483,3596,7821,3708,3261
6562,3459,7015,6955,6299
6704,4071
10203,3267
10372,3275,9493,9910,2807,4377,1310
2400,7512
9387,5747
11496,10713,3291,245
3617,8466,9938,2966,9081,12571,3292,7454
3303,10216,11437,6542,3056
2179,10005,12473,10491,11388,8735
10833,9218,12251
3304,11848,7875
7076,3309,3862
6370,4005,5064,9032,6669,5586,5714,8050,3508
7592,5385,5395,4251,4028
3788,4022,3326,4220,5822
4194,9172,6010,3931,4188
3590,5709,3662,3803,9855
9127,3883,7372,10199,3391
4450,3667,3815,3768,3770,4375,3343
3365,4703
3371,4427,5077,4072,5337,3691,5934
9201,8434,10291,82,11977,3373
3403,7052,7221,4563
5081,3426
6153,3443
11555,12331,1099,11322,11294
4559,6644,11000,12060,3455
5217,10248,9770,5071,1495,5820,9277
9477,3463,7219,12243,11862,10012
3466,10965
4467,7038
4821,5343
5896,4369,7885,6230
7302,6636,6199,7319,4575
6913,7841,6599,4629,8187
6060,5932,5965,8088,6427
8480,4844,3693,8693,6303
7779,3671,4444,5116,6749
5258,5389,3547,5883,5503
4326,6222,3471
8752,7649
5387,4180,6776,8924,7838
3496,4421,4599
4416,3585,4002,4107,4396,4523,4567,3514,4958
3520,11809,8970,3828,12120,2108
10754,11979,10543,10703,10230
3535,6800,10608,10803,6266
3537,4858
7361,7879,10509,6098,12307,3605,4248,10845,5609
5780,3796,6420,5641,3676
4967,3593,5580,5838,3679
11601,8530,11153,3697,6529,12198,6662,9999
5648,8688,10011,5362,4198,3707,9774,5567
6467,4515,4423,6409,4786,6295,3900,3709,3839
10473,3754,7229,6298
3776,4073
9776,11121,11760,3857,3804,4660,7020
3817,943,4019,1212,8286
10040,5319,7208,10299,5259,7437,3823
9280,5852,7765,3864,8235,10652,2029
5025,5098,4651,3893,4758,4824,4505,4732,5021
6657,4746,4592,9750,7416,8249
5857,3939,4557,9238,4310
6192,5414,7112,3976,6379,7901
9449,3989
5257,4905,5075,3990,5080,5372,5471
5184,4294,4748,4283,4636
4842,5712,5521,5715,4630
4017,4458,6652,3998
4643,7988,7814,4199
9699,4006,11120,9330,10132
6373,10374,10258,9398,279,10366
4008,12170,7788,11472,7888,5631
11658,9427,4046,8423
10565,5356,11158,10910,9215
4615,11407,10962,4053,7103
6418,6485,4093,4886
5186,10564,5317,4101,12921,4282,12541
8000,9988,8614,7774,5679,9009,10462
9024,7239,8041,10094,4110,7359
4649,4138
4142,10128,7857,4568,11132
8124,4516,4166,5095
4736,6818,7321,5013,5481,4171,5260
8021,4189
10755,5036,5894,4207
8615,7466,8267,6284,4622,8152,6655
4792,4302
8611,4236
6169,6563
4753,5169,5554,4308,4805,5288,4238
5201,4539,4245,6161
6739,4284,4925,9790
12496,9288,10350
4287,6146,11263,8099,9513,10799,11569,6394,11839
7426,8484,4293
4304,4461,4518
9728,12321,10486,10585,4329
4331,5548
12005,11016,5576,1138,6875
8164,10061,9810,11989,7644
12032,12227,10246,10249,8798
11963,11710,11807
12324,11070
10210,8165,4904,9965,9389
4352,11312,10933,10553,11834
4962,5842,4374,9820,4413,3710
6728,5549,6486,5231
6353,5298,5545,4422
4436,4951
6200,8346
6722,5847
4961,4483,4454,5327
12355,11940,5618,8151,4472
294,4488,5705,11513,5279
12141,11502,12015,12692,9911
9283,11909,11782,10215,12615
2264,6458,12443,8862
12713,8722,9076,12761
10145,4924,4550,7918
8145,4572
6314,8202,4684,2134
11688,11266,4604,10429
8072,8841,11913,12116
5591,10830,4399
9113,6179,4620
6104,6377,4635,6797
6977,4641,3404,4815,7035
4929,615,8776,8297,8749,8153
4642,5386,5611,7803,10591
4658,11013
5504,7074,7971,8008,6569,5933
4802,8700,5869,8772
9120,8425,6995,5559
5264,4674,4884,6847
5185,2147,4678,10507,1771,12089
10289,5686,4662,4700,6684
4705,2532,3541,12312,6750
10864,8770,4707,9017,186,5612,1181
7427,11603,7989,10455,9368,7933
4723,9557,4934
8608,9131,12638
9542,9003,6829,5817,4761,6367
9701,8071,7560,5553,7896,9214
2721,4771,8581,10023,11539
10761,5489,4820
7104,5229,4838
4841,6234,7318
9585,8532,11348,4870,8379,11663
8240,5497,4891,8444,11983
7881,10237,6323,8244,6365
9441,7314,4909,8150
9761,10791,4137,7116,4912,5843,12698,11483,7166
5156,4943
8913,10812,7660,8999
3824,6290,11035,5015
9936,10982
5144,9222
10922,8353,10377,12654
8288,8322,5030,9430,5208,7930
6961,5066,6628,11796
2378,5092,7325
5120,10821,5848
5128,5729,7626
10410,10472,11306,11803,8942,5134,11023
12071,11048,5592,3019,9206,10520,10527
10917,10407,9772,5143,6072,10937,10239
5145,8339
12546,5154,12398,5204,1982
2915,9289,3374,5167,4913,2526,10943
5177,5212,2733
7931,5191
9665,9962,7890,2486,7160
11786,11851,5194,10200,8541
7395,11524,12775,8904,8617
8550,3434,11372,589,5200
6064,1939,9174
5220,12069
11424,5222,10055,10955,3054,6170
7979,9628,5230
8755,9418,6043,8591
9862,5507,6366
5250,8967,5482,8175,7550,6399
5424,5938,5627
5248,10257,5532
6976,5941,8631,5256,10328
5289,5354,5445,6047
5544,5302,7767
5313,5505,6193,5577,6077
5858,9827,1278,5407
6754,6471,7519,5551
7968,7810,5558,7959,9976
5570,8981
7747,5877,5610,7962,7981
10021,7336,8395,5617,442,8412,7903
9027,6086,8944,7605,8344,8795,6525
7283,6502,8815
10739,5764
10112,8005,6391,8185,7610
8419,6411,7983,7860,8632
6947,5988,8465,8852,8375
6158,6129,6130,5621,7739
5626,7643
8633,8882,7483,5654
5640,6738,7972,7029
8065,10788,2053,7687,7098,6876
8769,7842,8997,5642,10027,8566
9632,11411,11702,5658,11420
9672,12449,1907,2212
10611,10014,5671
481,10475,5367,5677,10835,11479,10427
12740,8805,12229,9831,11657,6259
7141,7924,10206,6968,7899,5726,7583
7872,7501,9359,6032,8503,7067,7391
5748,8781,4887
9861,6924,6574,10032,9233,5751
8800,6608,7063,8731,7677,7327
8385,1157,9060,8933,11111,9200,12273,5752,3324
5767,7375,10596,9638,9832,1259,9338,12284,6333
8889,8596,8825,7034,9052
8985,6658,5844,5799
8156,7469
9485,7175
5823,7254,7735
5824,9235
5886,6277,6342
9667,7495,5901,7955,3060,4092
11076,11174,5929,11346,8307,7925,11609
11442,5963,9356,8038
9541,9926,9095
6832,6082,5931
9086,7419,5940,7806
7961,6770,6347,6247
7914,9196,6925
7468,9460
7432,7818,9183
6447,8479
7077,6124,6288,6075,7935
6755,9291,8338,8984,8761
3499,7349
7329,5982
5994,9083
3244,6116,2829,8166
6725,9062,10569,10633,9748,10110
7939,11749,8233,6122,6903
6577,6573,9465,9887
6209,4734,7070,7334
7697,8810,6238
11179,10948,6245,2886
11360,6816,10436,6291,9175,9880,8252
12178,11427,8435
10789,11557,9675
7680,6407
6450,6686,8511
6464,9572,11402,4812,9709,6674,10740,9883,9469
10148,9319,10828,7662,7645
6496,6691,7529,7290,8893
10979,1160,11545,2778,10524,8413
10403,12484,10119,6518,11099
9953,6885,4552,9837,4917,11519
296,6601,6519
7016,7756
6534,9005,10958,3215,12024
7044,6557
6624,6561,7346,8723,6616,7353,6779
8745,9379,7150,7518
6584,8916,10342,9543
2578,6598,7390
6623,6663,10959
6625,12266,3206
10974,6671
9765,7435,11789,11857,12250
6672,7248,11897,4603,9950
9072,6953,11607
12009,12347
8069,8535,6936,6697,9212,8141,8284
7041,6724,7206,7149,7055
6752,3041,5923,8167
6753,8049,8806,9734,7257
6769,9619,6916,6806
9853,6805,11438
6856,9332
6866,7594
8610,6897,11666,7380,6902
10531,7046,5515,11929,7003
7398,7320,6906,6986,7356
2953,8732,6910
8440,6960
6979,2805,7438
12354,6981,9357,5725,9061,10092,12793,9466,11835
10048,9538,9865,11261,351
9634,11240,6985,7921,9653
9514,11826
11673,6987
7267,6996
7040,10120,2104,7385,9724
11202,9980
9440,12670
7648,8006,7054,12240,12191
12165,3241,7153,3124,1911,7900
10822,12375
7944,7157
7164,4190
7912,5175
10224,1124,7311
10152,11568,12463
10264,7165,8988,9244
11600,11850,11659,11391
11122,9275
12088,10441
8010,7191,7214,8447
7193,8643,11731,1647
5573,8373,7309
8963,11880,12023,7342,7922,7927,3866
8544,8640,7911,8877,7408,7581
8704,8320,9320,8337,9908,7898
9569,10854,7433,4752,10836,6743,7768
8290,3327,11141,10842,9867,11564,7471
7760,5514,7499,7556
7531,7636
7568,699,3176,9326
7713,8370,8163,7975,8040,8105,7582
8360,7625,8477
2696,7657,8540
8824,8865,7671
12665,8372,9511,7705,10730,11115,11101
12710,10159,12470,183,7711
7728,10593,5249,10980,12053,9959,10840
7776,8032
10114,7789
8577,1162,12118,11229,7778,12327,10728,12587,12799
4044,12308,1997
7795,5029,11157
8066,12208,12528,11155,11194
9507,9966,7799
2851,9697,7843
10024,9658,7946
1025,9763,12422,3345,7993
12515,11594,9168,12372,11895
12712,10915,12270
8450,12803
12481,9648,12467,8692,12597
10028,8588,47,8019,10996,12182
5777,8043,5827
8057,11810,12465
9803,8052
12514,2214,2156,8116,5463,10781
8582,8158
9058,8388,9013,8182,8349,8351
11378,9035,10526
10953,10690,10494
10544,11500,9879
10532,8196,12415
10748,10535,9863
9977,6274,8213
12194,12680,9928,8785,9553,8915,7606,9914,8223
11137,10945,11396,8646,10451
12452,10724,9255,10089,12349
9892,11114,11820,10861,8879
10496,12338,12403,10677,8476
8238,8871
9286,10121,8651,9426,9823,10353,8242,10745,9788
4127,11997,8262,12263
10124,8263
8285,9575
8796,8709
8299,12766
2587,11972,8910,11342
10875,8354,11219
8386,10846
11693,10038
8875,8109,10895,12401,2675
9059,9091,8586,8556,8534
11009,8657,11926,5417,10490,10319
12163,11556,8676,12106,10993
10376,8703
8708,10063
10178,8711
9323,10020,8750
8816,8866
10360,9637,8823
8832,2787,10756,10826,4956,9982
10186,8876,9558,5623,10301
11914,10898,5459,11423,11617,12067,2792,12279,8891
6217,2477
5299,10607
11193,10300
8971,11046
9000,9041,9755
494,9071,9687,728,10074
11096,9085,9128
9242,8054,9094
3736,10477,9134,12287
12448,7874,11343,9139,9268,3380
10060,10995,9140,7415,11903
10689,3529,10295,9143,7740
11888,9969,11958,11705,11130
12417,11234,12685,10382,12013
9170,9194,10198
9232,11999
12006,7494,8365,9263,1201,10047
2010,9621,10438
9363,9284,9445
12353,10530,12739,12488,90,9292
9310,9302
9956,10090,9329,10354,9939,9494,9784,9818,10456
10466,10275,9362,9593,10860
10285,9367
496,10211,9497,9707,10062,10079
3442,11755
10443,9693
9768,10932,9814,1719
4865,12035,11720,9842,7702,10296
9857,7235,11716,6559,10662,11563,10157,10421,4215
9907,11190
12512,251,8782,9927
7987,9931,10412,2876
8378,9954,10675,9727
2948,6023,6958,11198,10743,6014,12095
12066,11204,11845,9991,11771,11134
3087,11669,10838,12727,10808,10042
11817,11369,11089,10194,10483
8523,10764,11283,11028,12438,2459,10920,12330,10102
9920,1899,9037,9645,12406
10130,12021,11098,2910,8031
5966,10164,11092,10166,10106
10402,10115,10348
10408,10127,3644,11358,10559
10176,10723,1164,10669
11777,7201,10967,11005,4830
10435,10181,11915,12078,10384
2822,11945,6220,11533,10225,5683
10594,8809,10378,10386,10261
11754,12624,3570,10715,11484
11042,10651,10340,10351
11329,11074
12356,12709
11313,10346,1158
11584,3873,10444,3141
11332,5583,10576,3867,1276
11859,10598
10445,11605
10447,4493,11647
6008,10546,9573
10712,11490,10463
12196,12070,11949,12145,12795
12299,11151,10901,10774,11163
10991,11446,12599,12603,11324
11843,10949,11370,12397,12605
11717,12741,11251,10484,11254
10849,11847,11119,12159,12255
11373,10614,11007
12233,12237
11854,12111,11728,11611,11739
12201,11785,11345,10449,11390
10571,10478
11480,12185,10508,7492
12180,11364,10541
3470,10638,10871,7609,12666,10877
11954,11957,10966,12409,10847
10722,11044,10763,12109,12376
5572,10823,5162,11246,4825,11610
11353,64,12099,11460,11221,10985,11022,1897
2414,8303,11890,3219,5331,12570,11036
11073,6513,7186,11510,4156,1086
6848,12242,11955,9108,1556
12056,11182
12176,11337
704,11541,12534,11959,11451
1465,11587,10262,8705
11713,11683,11881,11911
12386,11747,11595,1324,12382
12146,12276,6900,12168,12378,88,11919
12769,11925,6888,12492,12300,12126
12416,12494,12209,9266,7706,12157,11967
12322,12389,12265,12490,12459,12717
393,12629,12039
12440,12426
6510,12591,12752,12562,6452,12822
12870,12934,12935,12815,12913
