3969,2,4100,5508,3847,3591,13,787,4506,7707,5020,4125,2719,32,2340,37,2981,6310,6187,8627,819,2615,1337,830,3652,2244,3018,970,5710,4561,7508,3029,6869,7127,3288,87,7262,4446,1248,3935,994,7907,741,9703,8170,3562,1642,3947,618,623,6000,4081,884,4213,6390,2551,763,3453,2430
9730,771,4745,6923,4239,6031,2704,4754,15,6802,5272,411,10396,5920,1441,3490,4258,1320,808,3503,3120,5935,5046,6327,2105,60,3133,9021,2757,10056,202,6861,8014,4816,4434,1492,1238,3031,600,9305,4089,4067,1635,107,4204,877,1780,6004,3577,2685
4864,4224,4481,4490,3853,8335,4751,1679,10641,2837,10390,6937,1563,5149,4381,8992,3749,2086,6183,938,10283,10286,814,46,3765,5179,3523,1732,1862,1479,4555,5196,6864,4945,7763,7641,7642,991,2017,4322,2657,2279,231,4589,3183,3441,1400,506,123,4223
2689,3715,260,4485,5124,6153,5516,912,1682,8979,8980,409,1435,3741,290,2724,5670,424,2088,174,4527,2096,8367,1076,3771,443,4923,2622,1470,1727,4290,5061,454,6600,5450,1227,2251,2509,4689,6362,5723,9056,482,739,4965,7784,1005,2423,6395,4349
641,6531,7813,8838,775,6151,267,1804,1549,5774,655,7056,4879,2451,6419,4499,3865,5916,7069,542,1055,2216,7209,6058,2348,1837,5807,6713,2874,1340,1469,190,2495,7873,3142,3527,8907,5840,7253,1883,4830,1376,1378,2150,747,2413,6132,5878,8696,8441
5251,3975,3209,3349,924,2205,2590,2846,800,2211,1955,5284,10151,1916,3625,5034,6316,6063,7984,1459,3127,4151,6716,2629,6727,6088,2431,2376,1096,1360,2768,2129,6483,7634,4566,2775,1626,3419,2395,608,3327,2405,1130,4716,4974,1908,6006,760,2044,4479
4992,3586,7690,908,3731,1174,2838,4118,11542,8478,3999,6942,2083,932,4902,1447,7593,5037,6960,5168,2099,1331,7862,6839,4282,8383,6526,5059,848,4306,2901,6102,2521,9689,6363,6236,222,1762,6883,4840,4585,5353,3053,7917,3443,115,4726,6008,1786,2046
7554,2186,2188,9996,3345,5016,5656,6682,155,922,669,2079,2848,2467,1701,3238,1960,553,2225,4532,4405,3894,951,2356,8117,3259,3517,2498,6210,452,4682,6346,3530,1999,1104,7904,224,613,3305,1259,3570,2931,5365,2677,8053,4600,6521,5371,5240,2429
5254,6155,8719,5652,3863,8471,4632,3994,156,2336,3873,8355,5541,937,1836,3757,4653,4143,435,3509,1720,3135,320,1984,1221,457,1353,841,3277,7118,4432,2515,2644,8407,1624,217,8287,4195,1380,6888,2793,7274,8169,2544,1012,7413,3959,5241,4605,1022
3206,2697,7178,6673,3218,2323,1427,1302,152,2714,29,925,2977,4514,7458,6178,1573,6438,3370,1663,8884,1589,6074,7743,5574,2760,1867,4683,719,6479,5713,5202,4435,6227,3159,2394,7261,5215,3936,8291,6627,2799,1904,7538,6899,2164,5368,4474,3196,4607
2304,2051,2822,2441,1295,6928,1042,9235,3859,2325,4501,3352,537,7585,3234,4645,7080,682,3626,3756,2477,3759,4656,4795,1472,6465,4932,2756,3663,1743,8147,3669,2261,7381,728,6485,4696,3940,997,8938,7147,3052,8301,3827,3699,3700,9715,4986,5884,509
3329,3207,6281,2953,5261,1039,534,5785,9498,7323,4510,3872,10020,6823,7719,6314,3116,4526,5551,6321,4918,823,4663,5945,1466,186,2876,6462,7109,1478,6469,11080,1993,4043,6733,2771,1620,2392,5721,2141,1503,1632,1253,103,3442,6133,1527,2809,2940,7039
9984,4995,6280,2955,4365,1678,1551,4496,18,661,8981,2458,10779,6044,1567,5023,4895,1058,3618,8356,3366,5926,4776,4393,5418,2091,5294,1204,1718,5570,324,2245,7115,7757,3537,9044,2518,3158,6488,90,3674,3806,3807,1256,3818,4465,8056,4858,8190,11135
4480,1672,7691,6797,2702,3472,1044,8730,4252,1436,4766,7712,5795,2852,1191,3499,3244,7596,7088,7090,7735,4029,6849,449,3143,3019,6607,852,726,7254,2646,4569,860,349,6364,5854,9184,3170,10597,1254,1126,616,8424,1511,621,5488,4212,5753,9083,5245
8705,1153,4,2054,7687,1164,6540,2829,3600,529,7828,7445,2072,7449,5661,8482,1956,1445,5420,2990,1967,1839,4144,9518,1588,6344,1100,4303,8144,7377,594,3027,210,4309,6612,8790,10831,8028,9053,3294,8672,8547,3043,3559,7785,7146,5103,7280,5874,5111
8448,2053,1158,5769,4363,2444,10639,3088,5010,8212,6167,3224,5655,25,3228,1565,2206,4256,3364,5035,8236,7215,4528,3633,2877,5949,3006,3777,4419,1990,8648,1736,6991,1616,7640,2264,1759,7519,7393,4321,7394,2660,1640,8684,1647,8818,370,3573,5494,1397
4743,141,6670,8848,3601,1171,3094,2199,8986,3611,1821,1310,5281,8228,2342,4392,1451,1964,3248,178,7986,2100,7475,4153,4409,573,703,1216,3647,66,3914,1866,716,3404,82,7511,4312,7002,5596,5983,8440,4578,2659,9447,5480,2537,6509,6387,4728,381
5126,5894,2572,4877,2830,271,2447,1553,2960,2575,5780,1944,419,4647,6826,8495,3762,6962,7474,1973,3515,5053,5183,10815,5063,2632,2505,6858,459,1354,6477,2641,3793,5973,982,1367,6620,1116,8799,6754,4963,228,235,8941,7790,3822,7162,5115,1660,9727
3460,6024,4874,3467,398,1294,1297,6418,3480,4378,7835,8220,2970,3233,9123,9508,4261,294,5416,1450,1835,3884,1324,4660,3895,4026,2753,7745,964,1093,1606,5060,3913,1865,4686,3416,2777,3932,2396,4190,1756,352,5090,4706,2408,872,1132,1014,5758,3071
1272,5889,9088,9987,648,4235,7052,143,8977,2961,5403,3231,4137,2601,428,1582,2863,5550,1713,2098,3635,7221,1211,3262,447,3651,4679,6606,6223,3285,4186,8282,2780,736,2784,1377,4711,5993,2282,1257,110,369,1015,1907,4981,886,5367,2808,3962,7548
6656,2561,1281,3462,6408,5132,14,9106,2964,532,3734,1817,5914,7195,1948,2209,3619,3497,2093,5805,3889,1841,5684,4671,4288,1986,580,7748,3783,5831,3786,6988,9293,3790,5711,4178,6613,9688,1369,1754,606,5603,2276,2794,875,5484,6126,494,8309,378
1156,909,1425,789,1947,927,1700,39,1196,943,1457,5302,1334,1848,3899,4027,2881,6723,453,4169,3401,73,4553,5453,718,3025,2001,8018,980,2260,2390,218,3034,1247,5985,1252,1765,105,233,1899,4461,5614,2671,6768,2414,6382,4595,4602,8314,3967
3840,1792,3074,3073,2311,4617,6414,6163,3220,1685,4886,802,9124,8364,2733,9388,6572,1468,4797,3390,2240,1985,6848,4036,1605,3141,200,5321,4937,1737,3661,3150,8404,3028,4056,8793,3551,6369,2019,2789,2919,1001,8559,3185,7155,8564,4851,3706,766,1791
3457,6530,3077,5638,7047,7950,5008,8593,4114,7571,1557,5527,665,2841,3227,31,1439,4769,8098,9896,9385,9777,4661,2359,5562,959,3648,9800,5195,6093,9166,6736,3538,6610,1490,9303,3160,4189,3042,9317,5096,6510,111,8687,367,882,498,3829,125,1406
512,5249,644,2439,4744,9226,5902,11279,7057,2967,1433,1052,3487,5629,5794,1057,1193,2474,8878,2864,8113,2226,5171,948,3766,7223,7864,7229,2751,5697,1987,1604,2885,8774,5573,3016,4304,4947,596,1235,5083,8288,867,6506,3696,3568,6514,7030,9850,3581
387,3076,5127,903,5641,2191,4369,20,6932,7706,539,3745,2212,3622,6440,812,4013,6702,2352,1972,6582,7355,699,3644,1597,7615,4032,7490,8771,3269,8902,5447,3273,847,4948,9435,4961,6628,1381,3174,4454,489,5354,10989,4080,4337,5108,3061,2679,3704
1665,6274,391,1543,6289,6420,3479,2075,1950,289,1572,679,1319,4139,940,4016,7217,5813,1976,4665,4286,9282,1989,3910,4680,2508,1741,6094,2637,8272,4433,1485,4563,8405,4565,215,4440,8669,3038,1245,7523,3430,488,2409,7144,5101,5871,2676,2807,251
2306,8,1160,5000,4749,7439,2193,9364,1570,6308,3365,3110,7594,2730,5548,556,2994,3379,6069,4150,6711,7484,7485,2492,2108,8512,4161,9790,3575,5446,5964,1997,1244,5726,4703,4320,351,7651,614,3431,6374,1769,2026,8061,496,2546,4084,7031,7674,6013
3458,516,1674,8588,3606,3737,3867,2331,7965,1438,543,1061,7974,5544,817,306,1332,437,1461,3129,1856,2558,584,4424,2895,339,1493,1621,5591,5463,1495,3418,5342,4449,483,1508,3685,5606,1896,3307,1004,5997,2542,4847,6263,3576,3321,8698,7675,4222
2049,3330,5635,7172,3971,4103,7181,4627,1430,1175,2971,8734,7583,4128,4385,8610,6692,9381,1067,4781,2610,4147,7346,5944,3512,3002,2875,1853,9535,8128,6337,9158,6473,332,2765,5454,4305,8402,8275,9171,3670,2137,6745,3420,2271,354,6893,3187,1147,6142
8064,9732,11013,3718,3082,9483,4112,6677,22,3229,9504,1699,5413,6181,9641,5290,172,2606,7727,3763,6709,7481,1978,5690,5180,1598,10308,8135,10446,3408,6993,2902,1623,2010,3548,92,10205,3937,9828,4325,2534,3945,6127,9841,2292,2678,7286,7288,4859,8830
9472,258,259,6148,5125,3719,4362,4367,1936,3985,4117,5653,5271,4634,6683,6174,6430,6050,4003,1062,12204,4404,4535,8504,6969,570,2363,836,4038,6603,1229,3919,5073,9682,4564,4695,3290,604,7676,93,5473,8939,2030,10863,2928,4850,1909,7414,1016,4092
5637,137,3339,2959,3856,2963,2324,5268,3477,2712,4633,5146,5276,6563,676,678,4519,5295,4529,1719,3064,4281,700,4926,3134,458,4174,6611,1109,3033,4825,1502,4319,6626,2916,229,3176,6891,1771,4219,2670,2927,6900,3572,4855,1656,4985,2171,4348,4093
896,4483,3720,1811,794,5915,2459,9245,7073,673,1443,7204,4131,164,8616,7465,1069,10033,5172,2101,5687,58,3387,192,7874,5445,7494,8781,589,5327,3792,9681,4431,592,469,344,4952,7897,4317,478,5352,2159,5104,7412,6389,758,8694,1274,3325,7167
2176,8840,3468,1165,5262,6286,1037,6412,7954,9624,2843,5919,2592,5279,1959,4009,7089,50,2738,7218,3377,3138,4802,194,6979,70,2888,4041,2250,971,6350,10879,722,7384,7515,2652,9308,3041,8039,3048,8427,8812,7534,4208,7026,6003,374,377,1017,8703
128,1408,2179,1668,4491,2059,7055,4111,5007,8339,4758,4631,4760,7961,1179,3871,3885,5806,567,6842,5178,3772,9276,5058,1347,3140,5829,4804,4808,4681,3023,3796,2133,7126,4567,2905,1885,6878,4191,4832,738,4962,6630,3434,2418,5619,242,6268,2941,1535
8325,2823,5260,3469,11278,3086,2448,2446,788,2069,2583,6808,5147,2589,8867,7459,933,3500,7213,1452,48,9264,8371,438,9527,8121,5819,4796,1090,4165,8522,2004,5848,8025,6493,2015,5599,1634,3943,8551,5738,3820,1645,6639,5879,8312,1018,9723,6397,2687
2817,3202,4867,3331,4351,7431,4619,1298,3997,160,2720,2082,3492,2218,4531,2484,308,3638,4277,5557,5433,9660,8255,3263,6080,963,1103,80,850,8531,4691,4698,8540,7392,2915,4587,4075,1900,2286,5998,624,1774,7281,2162,6385,5751,8824,1657,893,2943
5633,385,4740,1028,9862,4486,8712,10376,1417,7819,2577,1554,405,4890,796,5408,4897,9766,3751,9259,4012,686,2224,1073,955,4556,7245,3154,7125,2774,342,9049,602,7899,7004,9566,7010,4324,996,5865,5995,4588,4601,749,6128,4978,8310,8569,894,3711
7042,3843,6020,2690,3084,4621,9484,7308,3475,5013,6552,8092,5022,292,3109,809,6185,9001,8750,560,4913,318,6590,5824,5572,3015,842,460,1101,338,4307,2900,598,4055,8920,2912,2914,4073,6635,493,7149,5490,7284,5748,7415,2042,6523,637,1790,2559
1536,1284,9604,6663,7436,9997,3474,786,7956,7957,916,1048,2460,6558,8094,11172,10533,430,10416,7856,6192,565,5561,10428,3900,8767,1858,962,5316,3657,3534,3920,6097,7378,6482,3799,8664,4313,1629,3168,11874,7139,4966,1639,6379,2540,3826,9204,7797,8439
10880,2951,7176,1673,3722,10,6415,7061,2582,8085,1561,1690,1053,1822,3103,6431,8357,3496,811,4395,1965,4915,4020,6453,11191,695,3642,10939,4541,835,5188,4421,7367,1998,2127,11216,9041,5458,2643,213,1121,5986,4070,2918,2792,8296,2029,11892,3317,2036
3841,774,3995,4893,2296,3106,1957,1574,4652,8621,3631,1201,8755,2232,5818,3260,2365,5823,4931,6213,1733,1610,4426,2510,6867,3156,5206,10070,5337,5594,5852,4956,3678,2527,5728,3813,7654,2791,7783,7019,3692,1261,2924,4464,1525,6262,2680,4729,3963,8319
7936,2560,1544,1801,8461,6543,3222,4383,4770,4391,4406,1974,953,697,8634,5437,6525,9208,4196,1902,4976,11763,3448,4345,2173
6659,3850,1803,2195,5396,1309,5918,1312,5667,8103,5543,1194,2603,3628,6186,4549,3398,8777,6615,8151,3035,3300,8294,6887,1534
2432,7043,645,3079,5770,3211,1677,9232,4241,403,6424,2969,1946,7071,3621,6833,2104,827,5308,2624,7746,7113,5962,7627,1996,8653,1488,6480,2898,7379,5203,6866,4439,734,7007,4451,9960,2154,8298,3180,9966,1263,3695,4210,6136,3065,2298,2811,3452,6909
5760,2180,11398,6791,5002,782,1167,1806,10254,11025,9754,3738,2465,10018,7081,5293,941,6066,7859,9397,9787,2236,6978,5571,7491,8258,325,7626,9932,4813,4558,7630,8400,1750,119,3032,6105,2008,4060,5733,3942,8937,10731,8557,4206,7279,9202,1138,1142,11766
5120,4737,9221,6918,9992,9482,10122,8464,5651,10359,5628,6173,11169,7588,9637,4901,6437,2596,7852,6956,7085,3118,10165,7991,3388,6588,6207,4160,5314,8773,5191,455,10697,9803,3543,5464,3162,2012,3295,6114,7781,5228,2412,5746,8052,5750,8823,5498,7931,3964
6019,2055,10760,10503,4109,6421,7318,3608,2585,2202,3099,10360,6180,2983,8872,6062,176,2354,3764,2228,2872,10680,5306,4411,6205,2623,5312,3522,8259,3656,1992,2123,6989,4429,1747,10068,4822,1372,9949,9695,2788,4583,6119,9577,2411,3440,6771,375,6648,126
9600,1796,4752,9491,10263,6556,540,798,3612,4512,1440,3489,7709,11038,5547,2223,1329,562,5940,9780,6968,440,1721,1596,3650,8899,582,2763,6605,8525,5329,3411,3925,6357,8279,95,1889,7906,7266,5994,5483,4331,3437,238,10612,5109,4982,6009,7419,7038
5123,643,7045,3078,4615,8839,2950,6026,4618,2318,1935,8592,7059,7574,9496,1305,1177,10906,2332,2334,415,6559,10415,5297,4659,2357,6970,5946,188,9404,5311,6595,3013,837,11466,12106,9297,6231,1242,4187,6107,8158,10334,3054,8048,8689,757,1143,12409,3069
7426,11650,4612,1669,10761,5390,2580,8982,8343,6809,9503,11168,8484,1581,11695,8880,6064,7473,11059,3632,5685,6838,7351,571,326,5319,10571,9547,2386,1875,1622,10456,2265,7128,476,6237,5853,10847,4192,3835,9187,3557,10349,2925,1008,5489,2289,9458,4087,6139
7684,6405,3845,1927,4492,5005,2062,6160,5138,5912,2330,4379,10780,926,9118,5793,6306,6305,9252,9598,4134,7721,6828,4279,10809,5310,5567,1859,4809,7114,10059,5068,4176,1873,6352,1362,7124,7637,2524,10975,3040,4068,2535,9193,3186,8691,6260,3574,4086,3582
4736,6528,2566,2438,1800,10636,1934,527,1173,6294,9109,6297,2207,2849,1571,5414,2473,427,10236,2605,2613,3386,5439,3266,196,2628,6724,7502,1106,6998,3672,5210,4954,6235,3676,8926,6110,612,1893,871,1768,1129,7657,5355,4713,8942,2035,7801,5244,3710
8962,3203,8580,8458,6795,2445,1422,8845,6929,7570,5141,1559,6039,4253,3486,417,10275,6566,8870,4136,1578,2227,9273,9406,8000,7232,9922,2625,6471,8392,10055,10955,7884,334,8786,595,5460,220,5855,5478,5608,1513,11631,1520,2545,8050,3059,121,5117,383
7044,6916,10120,2190,3214,2194,1941,6038,919,2326,6425,5274,6557,4638,287,8226,4516,2213,1832,3241,9907,2612,11579,6843,577,1603,6470,7163,9296,4049,5716,2006,4823,6616,3161,3414,11863,1371,7776,5602,9063,10856,7913,1389,6511,5359,4343,4473,11515,5119
4487,2569,3727,1807,1296,1683,3736,5145,3609,9501,671,3360,6945,2466,550,1705,6442,2858,4396,5045,8250,1723,5696,1345,322,1474,6467,5703,6220,5583,10959,977,724,1366,7767,7901,4445,4318,8031,3426,6244,7397,2023,4459,4593,9590,4599,9466,1277,7294
2048,10625,9090,6147,4613,4229,2824,525,4495,1812,5140,8468,8215,407,6939,6301,4639,5151,7713,6439,6057,8746,5804,4655,7732,2996,2235,1982,3265,7233,6085,8524,5197,6734,1618,5075,5204,2002,8918,3155,8154,10077,4330,363,8429,3952,3316,4346,1787,3836
132,263,1929,6413,2574,279,4123,1308,5531,33,7074,8865,5286,8231,2987,300,4909,3374,7609,6332,8637,2878,831,5950,1217,6217,586,3915,1230,1361,7250,3666,1876,3412,474,3802,6874,2399,8419,3173,4838,3432,6761,7276,4592,10100,4598,2040,3451,2175
1280,3337,10378,1550,3986,2578,6164,3862,1444,6693,1829,7337,1453,2094,4018,1975,1592,3001,3004,4416,707,1092,4675,2502,1608,7112,5449,2380,8268,6478,5582,1872,4814,461,6100,3284,4311,2391,3929,9690,3037,1118,5601,1892,2410,4334,8049,2802,2420,3966
1539,7301,7942,6667,9612,399,8594,3732,10902,6679,7197,8350,10786,4132,8612,6182,4262,2215,559,10292,11445,11575,5435,7100,4668,4930,2242,5704,1871,346,1114,4829,9438,5088,7652,1637,7526,4327,7142,3433,3302,7915,5732,4332,7151,879,1523,5235,10745,9468
2564,6789,9742,11662,7575,7576,10649,8219,3102,8224,8227,9125,4397,5039,6065,4530,11190,2488,10168,12600,5052,1600,6466,7107,11004,6852,6087,9673,7369,7755,8783,7887,1365,6872,11224,1882,6360,7135,8033,1250,5476,2538,10221,6257,5236,11382,2039,9849,6394,10620
9728,12288,4610,5511,7817,12044,4237,8082,12435,917,10773,11419,5662,3614,12321,8868,5157,10409,5165,7341,11187,8115,8372,12598,7995,4673,8132,5575,10314,7754,76,9036,6091,1099,4047,9047,3928,1374,6494,8034,6371,5351,10601,3050,3051,7017,6766,113,7157,10486
4356,6662,1671,2184,2954,3980,524,9619,4756,7068,9887,3232,2721,5026,4768,4135,7338,3243,3371,1455,2737,2740,2487,6199,3641,6203,5692,5566,8257,3394,2499,961,9027,4171,2382,1102,1615,6224,983,7770,3166,3552,3683,7269,8300,2157,2158,1650,6002,2291
3595,8972,3852,3726,781,4878,4497,2706,277,9238,3866,6555,668,8222,2085,1318,8105,1454,8239,4786,7352,2873,6845,4159,3904,4929,7881,4812,2253,9549,2639,976,8529,1749,4310,8791,88,6232,3286,8021,4316,2397,2014,615,2667,5229,4462,3830,248,4734
7297,8452,4357,5128,4364,3087,6803,275,3861,3478,7958,6816,930,4515,7076,2469,7206,6564,2861,7344,1083,5563,3005,3779,708,2120,1740,1358,336,7506,468,340,3926,4185,4442,4315,348,5214,6495,609,99,3939,5477,8806,8295,361,1392,3315,2805,4732
4225,11778,9096,7050,9236,5881,6812,11676,8606,10529,6694,10278,2984,12076,9774,11824,5173,1850,2110,7742,2497,10306,8003,6214,4806,10566,6984,2124,9420,10317,7503,2003,10197,8661,7895,10325,2907,8923,5859,2661,10087,1895,9321,9453,2032,8179,10487,9336,761,895
9089,2562,3465,7307,6283,2449,9750,10775,2200,4889,7326,4001,2081,35,5028,548,5923,6951,6696,5289,1580,8238,7599,942,6449,4916,2230,7478,7225,5181,2109,5953,2115,4428,4045,5708,981,7257,7132,1512,4841,1388,7150,9070,2165,7798,8055,2166,7292,9470
3842,7171,4359,11528,1169,147,24,2840,10394,8093,7710,2594,10921,10537,2090,4780,3245,5166,10419,2998,5815,1335,952,5693,11198,7870,6850,7110,10568,9802,206,4946,5588,12376,11994,10331,6491,2782,12128,9826,1124,743,3688,2543,3057,5106,10231,9978,10235,8317
891,396,9357,9870,9230,1808,1933,149,2709,4503,2071,795,7963,5789,3742,9628,9379,8871,7979,7980,434,5683,7347,8760,4793,7224,5055,64,6721,6336,2893,6095,9811,7513,8539,4063,2272,5347,3814,486,4329,5609,9835,4076,2539,9967,2549,1526,4091,5500
2563,12035,11011,6279,6920,3848,4494,2322,9499,1691,11931,5024,1953,10402,168,3369,1322,43,4536,11129,4408,8766,7999,8256,8384,4034,10053,7750,9031,4554,75,3794,10198,4828,5469,1246,5730,7780,9449,5099,5742,4079,10608,2416,753,3694,9078,2297,8570,7422
7299,6021,8326,3335,6152,8585,6278,1547,10381,11027,6805,9239,2839,10008,7455,12192,162,546,3748,5797,7726,6325,4025,2618,4667,5698,6854,4167,5833,7629,6225,4693,1240,10072,1880,5851,10332,3934,3550,6881,4579,869,7145,4848,1009,1778,8952,6905,3837,7423
7553,7938,11265,4227,6917,7179,12,10765,3342,1423,2066,4115,5909,3739,5275,1060,806,5417,4270,1716,3383,9915,1980,2107,7620,3145,8266,2894,9807,10704,7892,3545,5979,8029,5474,5987,9956,2662,6759,11113,4970,1006,751,1776,12400,7027,8565,12151,1145,6780
2945,8701,11781,5639,9608,905,8459,5775,531,1429,8856,920,2968,10905,3484,7454,5280,9380,8999,5676,6445,7086,6189,1202,4275,8887,4664,5304,8645,8390,1095,10063,10321,2769,5717,2262,1752,7386,2655,9057,11749,11774,7399,8808,2665,7405,4215,2554,8445,7678
9986,4869,1287,6025,3466,7306,5901,2833,6300,11037,3870,1189,4389,5798,6949,8363,4783,10161,1970,691,950,1206,1594,2747,2621,4798,2111,9152,7363,3525,5318,6343,7495,8389,78,1232,3921,8016,5976,6490,5213,9054,7138,7934,881,4594,6647,2552,10493,6654
5896,3976,1162,5139,4502,1303,6426,8732,6392,6433,2598,8745,9258,4651,6701,6574,2991,944,690,1591,6204,62,4544,1473,1476,68,8008,2378,10828,5967,3410,4050,6099,6742,3801,4061,5471,993,5092,7401,2281,9582,6258,1651,6517,631,5112,6137,634,380
6657,3201,6401,2691,7174,3592,265,9994,2443,16,9233,658,5395,5905,791,6047,7584,7847,47,2097,10034,947,4914,2482,1467,2619,1725,2114,1738,8780,3020,1234,5714,3668,5846,8795,4444,870,2152,232,2922,4714,1773,2674,8946,5238,7671,1402,6140,1405
4993,6786,3459,9348,9734,8454,2187,7821,8463,5649,151,5529,1311,4640,7843,1187,5160,4778,6571,5162,3630,1710,5044,6836,3767,56,185,2301,3261,5568,710,2758,3785,3274,3403,1868,8013,2903,2519,5595,6623,9697,2147,5093,7782,3690,7793,1524,1275,5885
3200,7041,5893,1541,6409,4108,5645,7438,3344,784,2068,5910,6422,9627,158,929,6309,170,2859,5170,5555,1339,2749,4158,5827,3654,9542,1481,1225,1995,1614,7886,3417,5081,4572,1501,2398,4958,6365,481,4062,6753,3556,1387,8685,2672,6513,6769,1403,1662
3588,7558,7944,520,2185,5512,9104,5397,3989,10909,4382,6686,545,11299,11044,10792,1458,6578,436,8245,10038,8758,10296,6707,6963,9147,9395,1213,829,1983,4420,7496,5324,5326,2132,9304,10970,3938,8418,5220,10090,12012,10735,3313,9842,9714,8951,8184,6777,10878
1282,3332,2309,7945,9866,10250,11658,2832,9111,1431,3482,3226,10910,6687,7203,5925,9514,7211,9517,4782,9905,563,4787,3510,1079,5943,7607,9274,11450,6071,8251,1342,10565,6860,9422,9424,720,4053,5845,8024,7001,9437,3427,6756,8549,5221,10478,8431,7794,1532
6533,3979,3470,3217,5787,413,7968,4263,7592,2222,1071,6448,2867,7733,3126,5430,183,8249,4670,5952,1729,6209,8005,840,3912,3664,8145,2513,2007,2139,4827,7549,2526,2651,5857,6242,3555,5604,3046,6633,1002,9323,5230,625,4467,2934,7416,9465,4861,6910
0,9603,2052,6661,3973,9611,8332,2957,5135,5520,1684,6295,4121,7964,10526,8097,425,5419,44,2219,1326,6830,11383,569,1086,4031,3778,2627,4547,10956,1231,2896,2514,9299,6234,1628,3293,5212,6497,2020,7396,9064,7933,7275,8562,1270,2295,252,5501,9471
898,7683,8708,6275,6146,10887,12415,6030,6159,9998,3602,8726,9879,11802,4763,1692,8605,3610,5658,2587,9632,6946,2974,7845,946,6455,3896,1208,9658,10040,8509,9918,10431,11200,10438,2889,5581,6865,8285,1382,3303,9962,6892,10352,6775,2425,9082,11644,6653,7807
769,1026,11907,7428,8582,8711,1033,10125,7565,7566,3728,11665,6676,1531,5788,7199,9897,1321,4658,4917,2102,4533,9142,2361,8380,11197,4414,11581,2750,7489,4284,3011,12613,7628,6096,7635,5076,8662,5849,3424,4472,8809,11626,11117,4078,2929,8051,3832,4475,4990
9729,2178,3587,11529,5129,7437,7694,785,5266,10003,6036,11157,7830,6935,536,7448,9242,8096,3617,3108,8998,5049,9916,957,1726,12095,3907,9155,9669,8263,7240,11722,8778,12108,6863,11984,5592,10842,4573,7774,10462,7648,10717,8803,9573,11622,5225,9580,7795,9844
6402,7170,4228,6793,2189,401,1299,4249,2073,5017,6811,8737,7714,10107,6825,8492,8493,173,11439,7093,9666,2374,12231,10315,8142,2511,6862,7639,10585,9819,6752,4065,10855,10730,5227,10605,11376,5616,3954,7409,6898,2932,4221,1653,1395,10105,5754,11003,10748,4733
8321,8193,4616,11146,6666,1676,11404,4881,2836,6933,8089,1820,8352,11552,5282,2979,5669,935,5673,1707,4141,3502,3375,6190,7091,6581,182,3128,10430,839,1356,10323,6228,1877,855,7258,11899,5598,9567,3808,5989,3566,7665,1522,2547,4340,1269,9717,8820,6011
2436,901,650,2314,10124,9362,12191,1188,2470,4779,8876,7853,9004,10926,12081,11314,1587,2485,310,4921,10301,8639,2879,4293,8006,10186,4811,3916,11212,3022,3026,7636,9558,4568,856,7771,6108,8925,7520,10466,1127,11625,4715,10860,6637,5486,7152,7796,9593,5375
8961,1667,2435,4999,9863,8589,5907,11284,6675,8472,2201,10140,8861,4509,4641,8481,804,3879,4650,12333,2607,6196,11700,12471,4794,4154,7357,5443,10821,7877,2121,9035,3789,10193,2258,5457,8406,6103,8155,9564,97,3177,3179,10987,2798,1390,1648,244,9725,4094
5761,9094,7693,7054,1040,10642,9874,3347,1301,11544,10270,8991,7201,4517,5032,7597,9645,3249,6451,3380,8885,5814,8378,8764,7614,9791,3067,4042,6602,8528,2642,7890,7643,3164,2269,11101,9824,6245,6886,9575,5992,12010,9583,4720,10994,5618,2038,9595,7421,2302
6144,7940,261,134,5384,8201,10121,7048,10256,10128,402,11921,8855,7196,10911,9507,680,3753,8488,3240,4142,1200,7857,9651,4788,4925,3392,3009,9921,6856,6731,9421,6221,11856,9170,5459,6997,9943,1373,10078,4581,2278,4457,11500,11378,8437,4853,7799,6907,11132
8577,4353,1542,8455,1291,7309,3599,10258,6292,8347,3613,12448,7078,1448,5546,4523,9773,4398,432,561,9139,5043,8373,9912,1209,5817,10938,9801,8138,2638,4430,6609,5332,10458,3930,6492,4831,8289,6370,3553,1633,6373,9446,101,5729,11756,237,10488,5113,11263
5376,5891,4871,5644,2061,6542,1937,8978,915,1046,9113,11547,4637,10398,6815,672,4513,10743,8614,8873,12074,11564,2992,11192,11064,445,9150,1471,1088,11970,10567,5959,5578,7129,10587,9180,1122,8548,6122,7530,5358,10350,2288,7666,2550,6903,7160,8572,7037,6015
10114,772,6282,1292,7183,1530,8595,5012,1658,3107,5924,1827,2214,1958,1704,7334,9128,3624,1834,1703,5934,558,2347,7729,8244,1207,9400,5048,3645,3776,5057,3909,1735,2942,341,2140,9441,10339,7267,7141,1894,3429,8932,1767,4335,7928,3450,4347,2684,890
1538,6403,1797,7941,2183,5897,4233,1035,10895,6416,1300,11541,8854,2972,7966,5790,11294,11940,5285,7718,7724,10158,7471,3504,1074,7604,6201,826,7869,3008,2882,4291,6351,465,979,8660,4950,731,9436,1890,7525,3686,6375,4456,2153,5870,5234,6138,6014,767
5632,2948,2826,8714,394,6539,8849,9234,7955,5398,6550,6807,281,7450,5400,11546,2845,10787,7844,9891,1576,41,2475,1068,11438,4785,945,3252,7230,4546,7362,3272,4170,8395,10443,3924,11999,992,10336,2530,6113,6884,9696,8682,2028,5617,4852,246,7800,5499
10502,8583,7946,3213,9102,653,3981,2579,7315,2453,10391,9370,2203,9756,3495,9768,1789,5036,9644,6575,4911,10675,52,5556,9398,12084,4537,1081,9019,5565,2630,5580,8396,11343,7893,5462,10967,10335,9954,1128,7403,5100,3950,5615,8560,6642,755,11893,4341,4989
9858,2434,7298,11019,6028,2958,2320,11034,667,10653,10015,1185,9890,2854,9002,11184,9649,2427,2869,9781,7095,5432,3256,5434,7222,2870,8376,10690,8004,11205,4166,968,7373,7375,9298,5079,2138,3165,4064,8059,8804,617,10220,10223,5105,3445,9847,3320,5626,7035
5122,4611,8196,2312,1421,3730,3219,4242,6930,6040,10522,2715,7332,8996,8102,8486,3367,5163,3372,8496,7610,4413,4415,4162,3396,9413,7366,71,3529,11338,3658,9805,9038,9039,5969,9554,10579,2136,9946,4058,9307,1505,6885,2024,2285,10734,7663,633,1273,6143
8198,518,2570,6799,9618,10260,8341,5782,9623,4888,9241,9630,6821,9894,9639,9854,2608,9393,1918,11827,9525,10172,10174,7486,2496,6977,10178,9793,3010,12225,8134,8393,2766,7504,6617,4441,8409,3675,9945,7903,6380,10093,9710,4718,627,9338,8315,1404,9853,6782
10883,10373,6023,9480,11273,6922,5259,7837,12064,9377,6179,3494,7208,2988,9390,1327,10364,6961,11697,3636,7096,4538,2754,12483,3267,10181,9288,2634,11852,9037,4046,7759,5584,8913,8658,6739,8276,7255,7516,10846,2910,3169,9953,12780,2160,2675,9075,3961,11260,12287
8832,10113,4354,7433,5899,2316,5519,7184,10768,12308,5911,6681,12059,1183,9249,4774,11942,2728,11818,12465,5426,5812,1846,8247,7866,575,6851,12355,10948,8519,10311,9545,6475,12240,7509,3797,11096,11098,12508,11364,9700,9448,11880,7791,12528,9457,12401,6772,5492,12023
1025,2307,10116,5767,2057,9228,6417,10513,3860,2197,666,11040,6948,7333,2343,7082,6322,5939,9396,1464,3897,5177,7227,2364,701,6333,1210,1094,3148,8397,7758,10324,725,7383,9816,7388,9310,8032,8416,5991,4201,1897,2921,7789,4463,5747,5363,629,1655,7032
9473,8066,1029,7177,6538,8716,4623,10770,9748,12180,11671,1689,6553,6684,11298,7716,7212,9776,9530,10299,11580,6206,10559,328,11209,10575,9427,9556,6741,5331,2647,8153,2011,9309,3423,5216,10338,8423,5863,6121,9197,3823,4207,7537,241,11121,885,11640,11387,12414
10498,8456,5386,8208,11154,10645,10393,1050,9851,5786,3744,9635,6052,4004,8358,8742,9640,9262,10803,6324,5558,312,9277,11840,2241,9923,6725,6853,8518,5834,714,5322,9685,86,8917,7000,10329,10591,7009,1761,3438,1135,240,1267,10228,1399,1784,6266,3323,8191
256,1414,10631,9606,5391,5392,8207,8851,3476,8853,11927,5019,1568,7328,4259,1830,4007,6444,5759,7601,10290,9138,1844,9526,10295,5689,3908,8900,6726,9412,7368,4172,5199,11090,5974,3415,2778,7008,2786,10851,2274,2402,5094,12908,1265,8054,10871,4218,10877,4863
12546,10756,6150,11536,3857,12176,5523,10262,3355,9117,1951,1825,10658,9636,10279,4524,10289,8242,2486,5174,3643,10813,11069,10814,10816,9795,5700,1861,9286,7238,2372,204,11342,10318,10322,1491,10836,4700,9569,227,8037,7270,1515,7020,491,7407,11760,3190,9982,3199
6400,1409,8576,1155,6532,1157,1412,1932,8718,3854,6674,6806,1816,5277,7070,4130,4642,1316,6829,6323,8632,6076,7996,6719,2752,4674,5958,6474,2891,8652,8269,4938,2257,8150,3798,854,1498,475,4957,7391,480,3298,8675,4708,2787,6378,5611,1011,630,6524
11009,4866,6407,8974,10001,10898,6296,7832,12312,12445,11293,8354,6313,11049,8235,4400,4145,9266,5811,10673,4543,9280,11329,834,3520,1222,12624,9937,12279,11219,11733,4694,10715,11484,1757,6750,7137,4833,4705,9188,4967,3944,8042,11754,6252,3056,1137,9463,10875,2813
3968,6784,7810,6915,12679,7304,2710,12310,4377,9114,8603,7839,2464,2722,8740,8230,8106,11307,2860,6573,4522,7087,4399,2493,9278,7105,8011,4944,2388,9302,1112,986,11869,9693,10461,2146,7400,6250,11755,8044,6253,1521,8180,9332,7542,1911,7670,3324,10237,6911
8523,7556,3080,10637,10771,1306,4124,9373,11171,7079,2472,6312,7467,9132,11182,8623,10417,8759,3649,1348,9924,11337,8650,7499,330,7370,12745,10447,7760,5838,12242,9683,9300,4437,7130,5981,7517,11358,9823,3679,6879,11468,236,12398,10353,3701,247,7930,10749,11647
9219,7812,8964,7816,9098,8202,10510,8079,5778,7699,3348,9596,10137,8216,285,10024,10541,2989,1584,1971,6580,9779,5051,8123,9667,1480,10952,8520,9164,1612,7247,975,10577,2256,10578,4949,7382,2134,6619,2908,7647,11104,11363,4722,3060,9845,8567,8313,4730,7804
2437,9607,10504,11788,4625,9746,9747,11540,10006,10518,11288,8476,9372,8223,9889,9892,9255,8879,8112,10548,10294,4023,3898,9409,8646,711,4552,7756,8654,9425,8785,8915,9553,11477,11222,10453,8792,9182,1630,11232,94,9699,8678,12650,9837,8688,8177,8563,3189,4603
1666,4739,4868,4231,8328,4746,1163,6411,3341,7947,5136,1172,5246,5668,8748,10156,6577,11698,5299,11319,9017,3769,2491,1852,2238,960,3906,4557,5970,84,5718,7512,5209,10202,4571,10848,2528,4452,9701,356,8297,6762,4972,3309,2033,3314,3571,12017,2421,9214
8322,6664,12553,651,9358,12814,11408,5394,11155,5269,8342,10903,5143,2588,3615,6176,9383,4520,298,42,3117,9011,9654,4662,2744,10937,11964,6463,6083,9796,9028,11335,3152,5200,8530,10583,11746,484,12007,6889,11372,12666,8047,9201,7922,8434,245,1528,3322,635
11144,269,9999,7951,5777,7314,3216,9108,6548,1181,9248,11810,9122,8229,551,2856,6827,5681,3122,5175,11448,3130,8124,10557,3646,8770,8388,5190,8776,1482,5069,7631,851,9947,5980,10207,9827,611,11108,2156,4973,10990,6508,754,2034,3957,6393,2682,9341,1278
6536,7051,11787,10896,2966,5784,7193,6298,3096,10652,7711,5030,12713,3754,9387,9260,10414,3119,10291,6458,6459,11451,11194,12098,8643,10691,12485,9544,5066,4942,11731,10709,6614,12761,10713,3291,8666,990,1260,3310,11503,3697,12149,12534,4470,4216,6396,2045,4350,4991
5377,7686,8843,10252,5134,11023,7698,9492,9366,6423,11803,10532,10021,2471,7336,11306,10544,7730,7602,4155,10684,5821,10494,8385,8898,8641,4933,11720,10826,11723,6090,1613,4815,8784,11729,12115,8412,989,9313,8933,5095,11244,5744,5362,9331,10740,4339,5752,7546,254
7680,9988,10758,7559,6156,10638,8975,4880,656,12561,12177,9876,10389,7065,8221,10916,7973,11045,2087,2599,2089,8489,939,8361,3125,12470,11065,7228,10173,12480,8001,5701,11464,1869,7765,5208,9050,10714,10723,2021,10854,3816,4200,11242,5612,4205,6512,11636,9973,10742
11651,5252,1925,4742,2692,4873,6921,8076,11793,1814,9751,4374,3361,1186,5800,12456,2349,4272,6320,9267,7603,9016,442,7613,5182,2366,6591,8514,7623,10440,9419,8398,8399,3281,4692,10965,9301,1881,3422,3680,1509,8167,6248,9833,7786,372,628,9334,1020,9085
4098,8963,2182,4232,8074,1680,1681,4248,5657,8601,9116,2973,11933,7456,4896,5666,12068,5796,5029,3882,2731,1197,10671,7216,1730,6338,9538,12363,2815,1494,1753,2906,5465,362,3563,5613,622,1519,12399,2673,1906,1779,11761,3958,7159,7289,10362,6651,2174,2047
642,1540,6,646,7689,1931,911,146,659,914,4370,3225,1564,157,4126,6172,416,8989,3362,6824,169,1328,1590,439,1463,4280,572,61,9533,1599,191,4289,450,3524,965,3528,6089,209,1233,470,5590,1504,226,8930,2533,1770,619,108,5239,1150
11010,10372,4105,9865,139,6546,8725,10134,7447,2844,5406,11935,1694,5538,12709,7207,12457,6958,9903,4402,180,9910,12343,10171,6973,11458,9539,12356,2246,1351,9160,8265,74,3275,9426,211,10581,5719,10204,11230,4836,11237,5861,1384,8683,9455,5237,3063,9592,8829
9857,5380,8966,7046,6792,3464,5515,5388,11917,11406,7311,10764,10103,12178,11799,408,12055,5407,7457,11427,11557,5161,4019,10164,10166,7865,8252,7876,12493,5966,974,1744,5972,11988,5334,599,10712,7003,5858,3817,8043,11373,6897,2803,6902,11511,888,8057,12667,508
897,7815,135,2567,10507,5772,11537,11669,7959,2329,8860,9629,2462,7836,8225,11432,11817,2985,10030,12079,2350,12727,11959,2617,12089,11584,5185,4678,10823,10444,7505,12754,10966,11610,2268,7900,11102,11103,12125,6499,2404,7912,11246,7153,7410,7539,1654,8697,7164,1919
10882,902,647,7,6668,12045,8721,11795,11416,12570,1307,2168,10781,3358,11036,1198,10672,5937,8116,11062,1847,4407,2489,1465,8763,2233,10550,1731,2500,10699,2764,11347,2517,11095,11737,8159,4066,2663,6632,11496,1262,1136,9073,11890,10227,3703,10616,12153,6012,12543
8195,12677,11654,12421,10632,12425,8330,12426,4872,9101,2694,145,10002,6291,12438,12440,12443,3101,12446,8353,163,10662,12327,11563,10157,5296,2742,2743,12604,4417,11716,2119,10827,9804,7762,12371,3282,1886,9951,11359,4194,12390,8299,12397,8303,12402,12403,3956,8306,12406,12407,12408,8307,12405,2557
11140,12806,9735,11400,10889,6794,9352,10892,12813,9739,10759,7569,4244,12309,11291,12316,12699,12830,11679,12193,3746,11297,11813,9895,12200,5672,12458,11435,11311,12723,11699,11443,12214,10683,11965,12735,3519,11841,11330,10179,9415,12744,8905,12746,12498,11992,11481,12507,11998,8928,10976,12004,12537,7551
12802,11522,12547,12052,12567,12057,12573,12063,6435,8485,10022,11047,11558,12583,10031,6959,6965,2871,12092,833,12612,9162,12235,10572,9677,11725,12114,11218,10710,11097,473,12762,4959,12640,12772,5350,12135,9576,12518,9578,2923,12522,11629,1901,12774,10219,12784,6131,9718,12281,11514,4987,11772,12542
6658,1794,1795,7814,4102,3977,4875,2701,4750,7823,3346,3987,7066,6302,3998,5664,1313,2338,6307,6051,3750,5545,1709,2735,3247,5682,2358,8631,6840,8889,6583,3255,7034,7619,4292,7747,9033,2890,5193,2507,4940,1107,6486,8152,3834,347,6112,1888,6882,5344,4709,998,4458,3949,9840,7664,500,5877,3446,759,5624,6010
10112,3584,4101,777,12554,5385,6924,11022,8465,273,3473,792,4251,284,6048,6818,7971,3239,7340,5933,12335,12207,12208,5553,5554,5169,1711,5424,1077,2483,11705,10554,2490,1212,4666,1855,2243,713,5451,3147,6990,3662,5842,4824,3931,3803,737,1507,8040,5224,874,7529,1518,6130,4469,5622,503,4988,3965,9855
12416,4097,8065,12417,11911,9353,5642,12685,10382,1809,7186,12819,7317,10908,7842,12322,10788,8997,3878,11683,10027,12459,12717,5167,12593,12209,10932,11958,9143,4024,7098,4156,3773,11967,10943,8769,11073,11587,12099,11713,11460,12490,12494,11221,11353,6876,10463,11234,12389,8550,11881,12265,10985,12013,11888,9969,8566,11510,11130,12157
6913,7302,1289,5258,5387,5389,3471,9361,1428,7319,8088,6427,6303,8480,7841,2851,9765,5288,1066,5932,6060,4910,8752,5686,9784,316,4542,5695,1219,6599,5965,6222,591,4687,1619,4180,6230,3671,2520,5338,3547,1243,6749,8924,4575,5343,7649,7779,357,4326,3045,3047,8425,8187,4844,2668,3693,9585,1140,8693,9461,9207,6776,5883,5116,1151
9601,9218,1027,9477,9738,779,5646,5647,5648,9620,5270,9240,9752,9759,5536,9761,5410,5539,9762,9638,5671,9771,5291,5677,8749,9775,5679,9521,9270,9783,9786,9788,9407,5186,9283,5317,9672,5705,9289,1483,4818,9810,1364,9428,9430,10838,1110,5211,9335,863,12384,5217,4707,5475,9706,9708,9199,5232,9203,9205,5623,9720,1146,9467,1149,9726
130,7682,6277,8967,1031,7063,4375,2457,3098,8731,2717,7967,2976,5025,4255,6691,4644,6561,7466,8240,2355,8375,3007,8772,3271,8267,973,5198,6738,10199,5847,4697,4951,5975,985,5087,9055,4450,5988,9319,7408,8816,10739,6388,5621,5880,505,2556
10115,8581,9097,5497,12300,6669,4110,12302,2321,12305,11539,8214,1687,4505,27,12060,8349,4891,5278,11555,4771,10023,12331,1586,10420,6326,1084,11077,4805,329,5709,3918,4559,11983,3923,4308,9941,10328,6233,12649,10864,6644,11000,8185,4095,8444,3455
10369,8450,2818,12551,12168,9868,11919,7568,7825,6671,8083,10138,10523,7708,10784,2337,10280,8107,2480,10930,10941,11199,6079,1988,7621,10569,467,12633,2654,7264,6625,10083,6501,7910,2025,7278,7024,10096,10738,12146,7282,12276,9976,7803,12284,11901,6270
2310,393,8073,1545,3596,3983,6288,7697,8338,2450,3991,8984,5401,8987,2335,6690,5027,8866,7077,2853,9510,4905,555,2221,3886,5423,8109,3508,7605,6330,4283,2494,5184,3905,8640,704,2886,1863,1224,9418,6347,9291,7885,8911,5712,5072,2005,4821,7898,9183,8417,11619,6247,4842,6124,3821,7662,5487,7536,5102,6770,9460,4725,249,8699,9086
3072,3717,9861,3208,3721,10633,5003,7432,11407,4500,5525,10776,7705,3483,2718,2975,6175,4646,9511,10539,302,11828,1845,7606,2741,6586,7103,9536,9279,966,5961,10953,4044,11214,6783,10962,4051,4820,8668,9062,8679,2407,1898,11115,9964,5356,9968,7028,7669,4862,9215
2688,8828,7427,5257,7818,8075,4748,5521,5372,4630,4636,8604,12061,8479,1824,5152,2339,7468,6447,11569,11442,6450,7989,8120,1085,8511,10944,11459,4294,11975,5830,9678,11603,5080,2649,5593,11645,8544,2144,8674,6755,2532,7932,8552,9196,10481,12665,7418,12028,9981,7935
7296,523,4620,10511,9231,11411,12054,9368,11673,2586,11420,3104,12579,9512,11822,10799,6704,11826,11188,11702,6328,10811,10812,10045,4287,11839,7235,3780,4677,10822,11972,7880,9931,6476,6987,978,9557,11100,861,10978,5348,8807,359,10345,11116,10348,3824,4723,10099,5495,8958
7939,9476,4870,10247,2698,11663,4626,10515,10386,5781,6290,11031,3091,5015,5882,11035,11158,8608,8099,3237,10535,11179,10412,9131,7342,2734,6319,8753,10681,11322,8379,11327,9938,8532,11348,6871,472,1499,3292,12638,12644,10982,9194,4460,7404,10477,7660,6125,9081,12282,5756
3712,10755,10505,10763,7053,8466,11925,3093,12571,10141,5534,8993,291,6520,9129,3881,10923,8491,11437,9901,8874,818,693,11957,8501,8895,11588,8136,2761,10954,7117,3024,11864,9818,8796,12766,11490,10722,11236,9060,4071,999,10217,10472,10858,9200,1782,10872,6650,1915,11006
11141,9222,10377,9867,2700,10508,10127,10899,5144,12185,8090,3481,9505,12066,10530,5154,9513,10410,10922,9134,6198,8118,10050,12739,11204,327,12488,8651,11340,9292,10830,9295,12496,9936,12109,7894,11480,11993,11867,11743,3296,11109,11111,2669,12654,7021,12273,9329,11123,3193,4604
1537,7425,9991,6925,8213,3990,12056,9497,10651,11423,12067,10408,2862,6576,2681,11955,9652,8761,6075,8891,11845,7879,8775,844,10319,6098,5715,11134,9687,9176,11771,10074,3804,8542,11617,10082,10211,9572,10340,10216,7914,7658,9709,10351,9071,12021,7161,10490,8571,7806,5887
11008,3714,7430,12935,12934,12039,11914,4876,12815,12562,11924,12822,11543,11926,7586,11173,11176,2478,12591,11954,3137,10689,7361,8387,11333,12870,2503,11849,8009,11595,3405,10062,8655,12752,8657,8910,8019,12629,471,12120,9821,10845,11107,11747,12517,2796,11118,12913,10996,11380,12150
4608,11266,514,389,9349,3334,8072,8841,11913,2056,11402,12173,3210,10255,7696,10509,5001,10388,1813,3605,663,9883,10019,11688,10925,12216,10429,11639,4800,6464,7364,12103,12105,11210,7498,4684,12620,12116,12756,6109,10079,8421,10984,8426,9707,3436,5357,12782,11767,9469,10110
8451,9224,7561,11016,3724,9877,6810,11425,9634,10531,5412,7205,11811,4899,10536,10920,11042,10149,11948,8111,9009,3506,9653,8506,10048,11074,11332,10309,9927,6985,588,3541,11736,7768,6875,10459,11616,12512,12005,11240,8041,10986,9067,10992,1393,7921,10995,2935,3579,11261,639
8834,9091,10249,8457,10251,12299,12174,11666,11283,11028,10901,10264,8473,10271,11809,12195,7587,3363,11562,11052,11053,10284,10546,3507,10037,10807,12088,11710,10047,7359,9024,9284,7239,2248,5194,3283,6743,8537,8802,8035,8164,9445,11750,7655,11112,10094,10224,2800,11122,3828,10102
8586,9621,9244,8862,10145,4773,8613,10152,8875,10413,8365,12463,12083,8500,10933,9665,12738,12741,10949,11717,8904,10441,11851,10060,4941,12110,12111,10061,11345,10445,11859,10200,729,12255,10209,10210,8165,12006,3306,10603,3564,11370,7918,11119,9965,11251,11254,10614,10106,7165,11390
11526,3340,8722,10130,10774,7194,12828,8733,12062,10014,10017,4387,7976,2553,9263,11312,1969,12211,7476,10043,12476,4924,9275,11324,9281,12611,10564,10692,4550,11465,12234,12237,11599,10449,9939,3539,9813,9940,9559,11092,10073,859,11357,9825,12775,12145,10611,9076,6773,10101,12921
7808,4865,12032,11524,8709,11151,9363,9493,9494,7702,9495,11163,7969,12196,422,12070,12201,12714,8617,11693,6317,9389,11568,9268,9140,11446,11576,5056,8386,12227,12233,11600,9950,11391,3681,8161,7395,9829,10214,5866,5867,7531,12138,10091,11249,10354,10482,10484,2293,12795,12159
12160,7552,3328,12163,9095,11659,9356,12172,9487,10000,7190,6170,11164,11808,11424,11556,5540,11174,11304,5929,3123,11578,6398,5955,11076,9541,9926,5963,11769,12238,9935,11346,10066,12500,11605,11609,11611,12765,3039,5091,8676,9059,8038,5222,7527,10993,7925,9719,6265,11002,12286
11136,12033,11137,10496,11396,12680,12809,12041,1939,10261,11032,3864,6938,10011,12194,12452,12069,11431,296,12203,11308,11820,6059,10802,10677,6202,9914,10556,9920,10945,578,10819,6084,9928,6601,10451,12244,3707,10972,2653,7389,12126,10724,7016,10089,11114,10861,12527,6384,6519,12283
11393,8836,12671,9736,11916,11918,6672,3090,10132,10520,6814,10527,12832,3874,10405,4006,11048,6953,7595,4790,9271,11063,7863,10432,12482,4934,11463,7248,3157,11607,10455,4953,10839,11871,11105,12770,12771,3682,11519,11494,4710,12009,9072,11120,9330,9713,11125,12790,11897,10618,8831
11777,10497,5381,10374,12170,11915,5900,10766,10384,12053,3095,12187,7325,2077,6434,4008,6699,12078,4912,11313,7728,10801,6589,10435,10437,7752,7116,12492,7888,11472,5843,12499,10840,11483,10593,12769,8420,10980,9959,10346,7788,11250,12533,12662,12663,4856,12541,1914,11005,10366,5631
10753,10754,12036,5765,11655,11414,12183,3993,10142,8738,12451,8739,2727,10791,12077,3373,10543,3892,10678,10169,11833,7611,11709,11455,11457,4801,11334,10183,12619,11979,10958,208,12241,10837,9175,10584,12250,10203,10844,10974,11745,6500,10473,10474,11627,3062,10230,1913,11770,12155,6908
4352,10246,4358,11785,11786,4373,9880,11929,11033,8729,8988,11807,10789,4904,11949,11952,12599,10553,11834,12603,8507,12605,11070,11963,9913,11969,11843,10436,11847,5576,11850,9675,11854,10576,11728,11989,8534,11739,7644,8541,8798,10849,10598,2664,8556,10991,9712,11903,8435,12538,11007
1922,6534,10119,12167,8970,7435,11789,11153,12692,12182,12698,3354,8735,10403,12710,12198,3114,10028,9005,10159,12464,12726,12473,12730,11321,12732,10687,10176,7875,12228,11461,11848,11977,11981,10703,11857,11473,11601,9812,12118,11099,12251,7778,11877,3304,12266,10092,7927,12024,7293,7166
4484,11909,11782,6535,4488,11657,12171,10005,8598,10007,11545,10524,12587,10669,9911,10427,11835,12740,12229,6981,12615,12484,10833,10835,11479,6747,11229,8413,12514,10979,6116,8805,8166,10215,9831,9061,6757,10475,10728,12141,11502,12015,4717,1905,12793,6259,6518,11513,10491,11388,12799
8736,5537,5825,10226,3992,4297,6955
6529,1286,4998,5256,6161,5522,4887,8985,8346,6169,4380,8477,1659,9120,5409,8611,6819,5156,6568,1065,4010,684,9006,5041,6195,3891,9402,7483,2748,1722,6847,4928,2112,5442,6722,3655,4427,1228,2126,1359,3151,6353,6354,5078,2904,1113,4955,988,2781,862,6238,3171,8810,746,3565,3055,8827,887,2938,6267,9852,1917
5250,2947,5510,5243,6284,907,910,3343,6032,662,9367,7320,2455,1051,5532,7838,6562,12712,8360,4906,7084,10285,6446,1199,5809,2353,4017,7988,820,3768,6585,5307,7104,9154,1091,967,3400,9032,6345,7625,1355,5323,3195,5071,6104,9052,8156,3933,2911,7645,2658,7398,9320,883,7029,8822,2294,6779,892,3839
4753,4761,9755,5021,1696,3236,1190,6311,7975,9127,2346,5542,6193,12597,821,825,954,7739,3516,6461,1215,2252,3788,1742,6608,857,9181,1003,8944,9212
12803,900,4360,8971,9615,6436,4265,8625,9012,9529,8636,5054,8896,9543,9546,9168,8912,4576,10596,9832,9326,4590,752,9586,4979,8692,4597,5110,2170,2299
7169,12294,266,8204,9485,4622,9489,8211,12307,4884,4120,3357,12320,3875,2857,3883,2604,10032,2300,54,8503,4423,6986,4943,1617,1370,5982,3167,7518,8801,2401,5219,4198,4199,3175,1134,2419,8320,6276,4238,8591,9359,5264,3982,660,8852,5526,1945,154,7581,8351,7329,677,4518,7849,8877,5298,12467,4276,7349,3514,3770,5822,709,5064,6859,4302,7380,8921,2267,733,6366,8163,4584,4072,1777,3318,1276,5886
5504,3589,1416,3593,2696,5004,3725,5518,3855,4883,8596,3221,3350,1943,1562,4635,4127,4002,7461,1446,3242,5931,4146,4789,6967,7992,6072,314,3131,4539,3901,7360,3264,2369,2113,7492,5577,6219,4300,3280,5201,7251,2773,4699,10206,8800,6624,4835,4082,4980,1141,6652,511
8704,5248,5507,8069,3336,2060,12306,1556,6391,3996,6685,1315,7972,10407,1714,7860,3893,8633,3319,7356,6331,7872,8141,464,2897,5456,11732,2772,9172,5335,3677,7390,2143,1120,865,610,7550,6502,7911,6376,3815,1644,8815,3953,3955,4857,9206,11895,10232,8182,3709,510,6399
10244,12165,3463,10248,7948,6800,7313,12304,10643,7700,11796,10012,9763,10915,10917,11046,12071,9770,3755,9772,9648,1968,7987,7219,10808,7993,10042,11193,5820,10300,6972,11456,11594,3535,11089,10194,12243,7121,11862,11223,9820,11997,10594,9702,12263,11369,12270,10607,1775,10483,11126,9977,10239
2946,6157,3215,2065,4629,4759,3607,6042,6043,7962,5665,9506,675,4643,1954,5799,4903,7981,4274,6452,4278,9399,6200,3254,7094,3382,6592,4935,6728,5065,7883,1487,3665,5586,2385,6996,2645,5844,1879,4184,1497,5725,4704,2913,3554,2920,7273,3691,8940,499,5749,6645,2933,2041,3838,5503
2305,7175,1032,4493,2835,1686,6299,7067,12449,4900,10148,1064,3112,1962,4649,7470,9650,1843,4792,7353,3000,8122,7740,8893,2620,3385,2884,6342,1611,2636,3149,8782,3667,4436,2259,4057,2400,8545,2148,2149,7013,5735,4712,6377,7015,5869,8175,6256,8825,4209,5620,1912,1401,5627,3708
6272,5505,1921,12422,8071,7560,8329,9225,5640,2962,2198,6678,6936,8344,2713,7582,2208,3747,166,9003,688,304,8370,3251,3124,9013,4149,9908,3391,4164,6468,6086,3012,6597,2383,463,8916,8535,7896,8284,6367,2273,5605,10342,1258,4586,365,2161,6129,2163,6516,501,2037,2939,2172
3585,3970,5513,522,1419,4107,5514,4236,3849,6166,7191,1819,8615,9000,6569,3113,4138,5549,4654,7214,6832,2736,5559,7226,6976,5313,451,1220,7290,9417,843,2381,6995,5077,6359,3684,744,5482,5739,1516,3181,7148,5231,5610,3951,7535,4083,117,6906,638,8447
5764,3205,3590,6027,3984,6162,5654,7321,7452,5405,6046,7327,2204,2723,1575,7469,4525,3887,5422,2481,2611,5941,4022,6456,3640,9146,4028,6077,6975,3521,6598,7878,4422,198,7372,2131,3030,1496,2393,3036,5481,5098,2797,4220,2548,8700,7924,2428,7677,3326
7040,1793,8199,1799,3212,11533,6158,10257,8723,6947,9980,4005,934,11945,6697,4267,7983,3376,4015,5938,8882,1078,6584,187,3136,5569,1602,11202,6082,1857,1352,8010,7501,7764,7385,1758,9440,6496,9058,9316,5990,1386,1772,6636,10225,7283,5493,9724,12670,6655
5378,7441,8218,6943,11554,12324,12325,8233,12330,12338,12347,12349,12353,12354,8262,12362,12365,8271,12372,8788,9814,12375,6999,12378,4188,8286,12382,11360,12385,8290,12386,8293,109,8304,8842,8337,6545,4245,8864,6835,10421,8890,12481,2501,8391,4298,9174,3287,9433,7133,12515,7908,6120,9961,3308,9975,8442
