3969,9730,2,4100,3847,3591,4745,394,13,787,10003,4506,7707,5020,4125,2719,32,1441,37,2981,6310,4780,819,9021,830,2244,3018,970,5710,4561,7508,6869,7127,3031,87,7262,4446,1248,3935,4067,741,9703,3944,8170,3562,11244,1642,3947,623,6000,4081,618,884,4213,6390,2551,4089,763,2430
2689,771,6923,2704,6802,3863,5272,1563,411,4258,3490,2340,1701,424,553,6187,5935,3120,2225,8627,1076,5046,1337,443,60,3133,1471,8256,3652,1221,202,2251,6861,8014,78,3029,1238,600,7641,3288,994,1635,7907,107,10608,6004,1780,3577,6395,3453
2304,4485,3853,6031,3600,10641,4754,912,922,10396,925,2846,2205,5920,924,290,1320,938,814,3503,2096,435,3765,1594,3771,4290,7748,2757,6469,2509,4816,4945,4434,7763,1492,1620,3416,9305,7129,3419,7642,9056,8548,8169,4204,877,2927,506,2685,4223
3975,4233,6155,8979,2837,2838,3352,3865,6424,6682,5149,1055,8992,10151,937,3626,10283,6316,2861,1837,4527,951,6327,2874,5179,1469,10815,2240,452,6600,2505,6864,4689,2644,8407,9689,346,1632,7904,4322,3940,3173,7784,1640,5353,2164,1012,1400,123,2046
5124,6153,143,6928,2323,3349,2326,5656,5403,8355,4645,808,1960,1836,46,3127,1720,3259,3899,2622,1472,3651,4932,5061,454,1478,457,6346,1353,2768,3025,6362,1372,8669,608,1377,482,739,2405,3430,1257,1259,3052,3827,3443,5878,4600,5240,3325,3967
4995,260,5637,781,6670,1295,1042,277,661,2325,5016,3994,2331,155,1821,1435,5284,7080,3759,4656,6321,2356,1204,3129,703,3266,200,5321,5450,4432,2771,4566,2903,1754,2395,4956,2914,1380,613,1253,8938,3185,3570,3700,3572,6900,2807,5241,5884,509
3202,648,4619,3345,8977,3859,5652,4501,4632,6937,4378,4893,2336,1443,294,7338,4139,3884,1964,3757,943,682,4532,3509,3134,1984,2753,5312,2756,3015,4424,842,4686,82,2390,478,3551,6244,2408,6888,2282,3307,1005,2544,5365,6133,2679,4728,886,1022
4481,7042,3715,1292,1425,5268,7585,419,8228,1061,2086,1318,4135,6566,2218,5416,2733,7599,5168,2737,3635,7862,183,186,3904,4931,841,8907,1360,5840,8404,3668,6102,5463,7511,217,3418,5721,222,2019,1508,4965,2279,2537,2799,3442,8564,6389,8441,3963
6401,3074,5254,4235,1679,3601,785,4118,7835,7204,292,676,809,9001,2348,817,437,5045,4923,3390,2495,7494,10056,1096,1227,8268,2637,3150,5203,1621,5591,88,3033,4190,3806,4578,5606,103,4459,3053,3183,1263,8698,9715,1908,1527,4858,2044,7037,766
387,2186,8588,3475,1173,8471,927,1700,5670,2088,6440,1450,3116,6702,5557,2232,5433,4281,7355,3135,3776,6210,1865,1737,3914,2508,7118,6485,3159,4056,352,5728,4706,4195,612,997,10856,2793,7274,7019,233,4080,4602,7413,1014,2805,760,1657,4986,3071
4864,2051,3460,4486,2822,4239,2961,8980,1302,152,2714,5281,2977,1955,5028,2212,2342,3238,6696,6438,3370,4653,2863,178,2615,4026,699,320,3523,4808,73,1354,6733,2001,3669,4312,4440,344,2394,1116,7261,4713,105,1001,1004,8301,3305,2677,2809,4607
2817,7554,3073,3209,2575,1039,1811,534,10390,11542,3609,794,6263,6557,1950,2083,3756,5037,4526,5551,1459,1972,7221,6839,4282,2876,7873,8771,2499,4679,5703,6471,8269,848,6483,4563,2261,8405,4691,4442,8287,2154,7917,369,3699,4855,4474,3196,3966,11135
2180,5508,6151,2441,3084,4365,1678,3088,4499,4117,2971,539,4381,160,4385,6183,7719,4393,6314,168,7984,2352,306,5555,1973,4151,5945,3262,1727,2498,2629,1862,6727,4683,5196,4555,6363,6620,991,3936,2017,354,2657,4589,6126,3441,6132,2423,2940,1406
8448,3329,4992,2572,3726,5780,6420,1174,7195,7068,1310,2079,2081,2211,932,5544,4392,10286,174,3631,8367,4918,577,1990,1479,2431,3910,3530,1101,2641,8147,2900,8056,2905,474,5723,3676,2141,1502,5210,3552,231,4716,2931,8053,6008,2042,6268,2429,1663
3331,516,7044,5251,263,6280,3980,1549,7056,18,6163,2706,1682,8986,10779,7069,542,2720,3618,2467,6823,5294,3248,1457,1719,3515,2811,324,1732,1093,3403,5713,3537,1493,7126,6488,2777,4058,90,1759,736,3807,3685,3174,4840,235,8941,3822,1275,381
4480,1665,3720,265,6281,2443,3852,8339,1044,5245,7958,6038,5145,2970,6555,8220,8865,4261,2214,2098,2484,1589,7609,6074,7415,4797,6590,5823,5824,5568,1733,4681,5582,6606,8272,2646,3802,5596,2396,3932,480,229,7144,3180,2676,7671,2680,7162,2941,2175
3586,1156,7174,775,1672,1804,5516,4879,409,3741,669,4253,6178,164,6693,3622,7593,3497,3499,8495,1713,7474,2354,3641,2751,1986,3401,3277,6477,6607,8018,4948,852,726,4565,728,7640,4186,5215,4451,8291,5477,2150,1254,5619,5108,3959,5244,4349,4479
3841,2690,2955,2188,1294,6673,1298,6418,2199,2200,5022,3873,3621,5034,1324,6572,940,2100,3894,4663,5432,2365,1216,3141,3913,4682,1993,716,4043,6479,976,719,3414,5206,2392,215,2138,1245,3166,5983,738,5090,488,489,5480,1774,5367,6523,4348,4093
4490,3211,9996,3472,1554,1427,2969,25,2458,6044,3999,7458,2085,5541,2216,6058,5807,7088,6833,3633,1331,2099,4405,8884,823,2877,3006,449,5570,7109,11080,5962,3019,1743,1488,4306,2521,4569,6236,4830,7519,1503,224,1132,6509,621,6387,4726,2427,6526
4,2055,5769,7178,4363,2829,6797,398,3218,1684,5141,6167,3480,9123,9508,1956,2852,2724,7209,5035,5420,1839,4144,1340,7745,3140,2245,6094,10831,1999,592,2901,8790,4952,218,5083,6493,2784,2912,1252,10597,8298,3434,8684,5103,1647,2159,5874,8440,3327
6274,9732,3077,4103,267,908,6795,7950,655,8593,2451,1557,5527,1944,5914,5916,6942,2590,4769,4514,10020,9896,172,5550,5684,4661,2359,6713,9276,6088,4554,459,5711,6736,3793,3538,7253,1367,2137,8793,1883,7007,1378,5732,5096,747,4461,7280,2292,7286
7047,8972,909,5008,4497,2449,5012,919,3479,6425,8730,29,1438,5277,33,8226,4516,3492,7847,6185,5758,3371,2222,5934,560,2482,4531,5818,573,6462,5950,1985,5572,584,458,4307,3028,3286,3798,4825,860,5604,3813,7147,8300,5359,5488,4337,4734,7039
9984,8705,8838,1543,3079,1164,8848,1553,6419,532,1171,22,5655,7828,3228,1439,4895,2721,1447,3625,4781,7215,6960,4528,3762,4660,8117,4665,2363,3644,8383,963,5831,8392,6344,3786,7627,4435,3027,1626,8799,8288,6754,9828,5101,9966,3568,4210,3829,5115
5889,6402,7298,4228,10120,4496,6417,2194,7571,9235,2073,3867,3227,7326,5023,3233,8356,1451,1835,9388,7475,7478,3895,4286,959,3648,12231,2760,3404,4428,847,6610,1490,2260,2780,4189,5985,481,2659,6628,9447,1388,6510,111,7155,4212,758,4343,11003,1660
896,4483,1539,4874,527,2578,2197,789,1179,1308,9245,8222,4640,7074,1827,6563,4652,8239,6842,9660,8255,192,6080,7490,6213,6470,1606,3273,5453,6478,9681,1361,2139,348,3678,9695,4961,4449,2147,7141,7654,2152,1896,3432,5229,1392,1272,4219,893,1278
4224,645,1417,7690,1677,5774,9850,1786,9498,1946,7709,8478,2848,4897,1440,2213,1191,4137,8236,7346,1718,1466,6716,190,7743,3777,7746,4553,7757,1230,1104,1616,4439,10077,5088,1762,867,4324,1126,5865,7785,4585,4974,3695,3696,4978,6771,115,5111,2298
3840,5641,3339,1165,4111,3220,1685,3094,4886,20,6932,4902,1834,2347,8364,8750,47,7729,1332,5302,1976,3130,5178,447,6848,4036,453,1485,2253,5327,6223,977,1876,7381,598,3034,4317,5342,2916,2919,5993,7913,9323,2542,2671,6382,8694,2808,4985,8314
6531,2691,4487,4743,137,6414,4878,3087,8212,537,3232,289,2466,3234,35,1319,2601,1071,1791,2867,1975,2487,7352,3004,4926,2881,1989,3142,7115,4812,6611,3285,1495,4696,6626,996,4838,615,361,1899,2413,2670,4462,6128,8559,7790,2035,2295,3064,3711
8064,2176,2306,2179,8452,7687,9484,1037,7439,2072,665,7961,6809,667,2459,7197,1057,8482,7206,7337,4012,4396,812,6711,1339,5819,1347,1092,460,1997,4303,1618,8402,4567,351,7010,7651,3683,8039,3559,872,1389,4847,496,2162,1397,5494,5751,7801,7674
4605,5633,2563,5125,7431,10376,4362,2830,2447,1936,9238,9750,4647,4909,8504,2628,2632,6858,6603,1866,1229,7758,1103,1102,5073,9682,3451,5714,2891,4310,4444,7392,5857,5987,4708,228,1130,8939,4075,1900,4592,4467,10100,1909,6006,4598,1016,1658,2171,1405
2561,6019,6532,3843,5635,6408,5132,14,4751,271,9106,8595,2964,3734,8982,2040,1817,8734,4766,5408,7584,9124,5926,9641,1067,4013,7727,6063,5295,2610,308,1848,6969,580,8135,3783,6991,1749,2902,6613,3674,1371,606,992,5603,2534,5484,8309,8696,8569
3200,512,5894,2439,2953,9226,8335,3731,8981,7445,2967,1303,1052,798,5794,9258,4398,1073,5171,52,7735,4029,5949,8000,6849,66,1987,5697,582,8774,4937,2763,8653,6093,4304,594,210,596,7254,1889,3170,7394,6506,5483,5994,6514,6517,6009,1916,3581
3076,4356,3206,2184,3217,2071,3737,7706,2841,31,3745,1573,5289,3243,2477,5806,4143,9777,6582,4153,3387,5566,6465,5953,8902,2120,4680,1608,1867,5708,8652,3529,971,3792,3926,5337,602,9435,3038,6369,3042,10989,494,8687,6768,7281,6899,1907,3704,10879
637,9862,2823,8840,6411,4749,3862,6808,796,9887,7071,7583,2082,3365,1574,3500,7980,686,8371,7225,2492,3261,8637,9790,6209,1090,2882,4165,8522,5964,1871,1615,2898,2004,7899,5726,4703,4320,4832,2787,6374,9960,5609,1769,6891,1017,4084,3575,377,6397
2054,391,6662,1674,2187,6289,3477,791,4760,3231,3360,1572,6948,7076,679,2858,7344,4016,3379,1597,318,5057,5063,4041,3661,2510,1231,4433,338,3796,341,983,8282,8795,7523,7397,8295,5352,4073,4714,7149,2158,5104,1904,754,1650,242,1654,2942,9727
3458,9348,3462,2438,4491,4369,5279,7712,1571,1444,1957,4131,4519,2856,7465,428,3630,7089,5681,5683,5044,7095,56,3001,58,8124,4416,7874,4802,196,710,589,7502,2133,469,8920,4185,7257,2398,1771,7793,882,5747,1525,3576,4729,7675,1277,4222,1535
641,2049,5902,2960,2963,5140,4379,1948,1567,3487,2209,6306,4003,7073,9381,2598,3369,5290,4147,3763,3766,4279,3512,1721,2875,1853,7229,5183,4288,6337,1604,2885,9158,332,6988,5454,4431,3408,6993,5329,6867,92,5855,3937,4963,2276,2794,3950,125,9598
4869,3719,7306,2826,6412,4367,3856,3985,5653,1430,5271,5146,6683,4634,156,6174,6430,5024,6050,1060,1062,9766,2738,4535,570,4027,2621,5053,7362,4546,836,5829,4426,3919,10070,4695,1624,604,93,1247,5473,1765,8427,2030,2416,6385,4594,2928,7412,7676
5249,2053,1158,4744,1160,5392,2193,8851,4627,2579,4256,1570,8610,3364,5795,1830,6308,5548,7596,2226,4537,4671,5059,4419,3908,3527,8648,1736,4556,3790,7377,1235,7125,3670,6616,2778,1756,8672,4321,2274,3043,2660,2786,5094,7146,5995,4601,1265,8818,5753
3201,772,4621,1551,658,5785,4123,5531,3997,5787,668,673,7974,3241,10156,4913,7733,3005,1725,2878,4159,8257,2749,2627,5060,4929,3912,9044,7770,475,2140,4316,2397,7391,2915,2922,7276,3309,5614,4335,1773,2033,4347,2165,3830,5238,1656,2682,251,7549
8325,774,9992,10122,2190,10639,2448,786,9364,2069,3224,5661,6047,3871,7588,1958,7594,6192,9264,6588,4032,5827,8773,5574,5191,9542,1995,4564,3415,2264,2391,5852,7388,7008,6113,6627,1639,3943,2791,5738,875,2412,3820,2924,2549,6262,1018,8061,6142,1919
385,7813,7819,2444,6413,2702,529,5010,4890,2972,3872,1445,39,6826,2091,556,7090,827,955,2624,5446,1610,7245,7379,3412,2774,3158,982,3161,342,6364,349,9566,5854,1376,6878,8547,1511,8424,616,5354,3431,7534,4465,3573,8310,1015,6136,7548,894
7684,7172,8712,9483,7181,3086,4112,5909,2583,6300,3229,2589,158,2592,6181,6437,3751,9259,12204,2093,945,3377,6709,2613,5690,3002,9535,8128,4420,2250,8395,5324,5326,10446,4305,8275,2010,4060,2012,3420,2271,5602,3945,6893,6639,6127,3187,7414,7288,4859
3470,6674,5395,279,4768,7968,5923,548,1959,4009,1196,1580,8238,2094,300,6323,5172,567,5048,7610,5562,7999,3647,707,6724,4804,70,6979,840,8781,3023,850,7250,4311,6232,3417,7002,1501,1118,6495,4191,10339,7269,871,3692,2418,3315,6003,9214,8703
9600,1796,1414,5127,5896,5000,1291,11279,9491,4502,1433,5019,6556,3612,11038,4512,6433,3110,1193,5546,5547,4523,1322,2224,8113,7218,1329,9780,948,9526,7223,440,562,1596,7750,8008,5704,2378,3016,10828,8525,3410,3154,3411,8279,3548,7266,2026,5109,5629
6400,7041,1409,4351,8,2954,2059,5261,1933,2957,1808,7821,2324,9109,6294,3736,1947,4510,3106,8871,4399,1455,4529,8755,4793,1467,700,4795,1094,7881,1481,1741,4174,1614,80,2514,1628,3293,1244,3939,4454,1897,6378,2409,2410,1387,4334,624,6013,7167
1536,10114,1284,6533,6663,3976,7436,9997,4752,916,149,6295,1048,3099,8094,930,2730,6442,4786,565,2105,185,3900,3394,3522,8388,5316,3654,1735,6467,1858,962,7378,7383,1629,7901,3295,3168,11874,101,6379,4076,3826,9204,7797,8439,6137,1530,6140,383
6150,3722,8085,2582,1561,540,1053,1822,6431,417,3496,1448,811,1965,6574,2605,561,4915,6453,1846,7351,11191,5177,1591,10939,4421,7367,1740,8013,2127,6480,9041,4050,11216,2519,5471,6753,1121,356,8806,2918,631,2023,4331,3440,8049,3317,4599,7032,4091
1792,1155,6020,7307,6286,4495,10775,3866,5151,1058,6692,3374,942,2612,4916,4409,1468,3645,1852,1856,4161,2114,3265,3906,3269,1605,4171,9293,2382,4049,3666,8531,6612,4823,3290,7132,2526,7776,10848,6883,4966,3818,6635,2029,5230,7538,6260,7798,9723,5119
1281,258,5126,7176,7061,7957,7964,11037,7965,6558,1699,11172,8357,10533,6828,48,3632,4020,1206,695,10809,5561,4668,4541,1598,5180,8767,5188,2888,1998,3534,6482,4178,7124,213,9688,4313,10975,7139,4068,3557,1645,7151,9841,3186,8050,3316,4982,6647,8830
9603,7043,4229,4861,1801,1803,10636,5390,6543,6160,4241,6421,6806,4383,2465,4770,550,3367,1578,11695,6836,5685,697,8634,3897,5437,64,3525,3398,6099,8151,3452,6615,4196,486,3686,3942,6887,2539,4332,9582,6511,1902,1523,11763,10612,248,6139,9468,2173
2432,9083,1028,644,3078,3207,903,643,5770,6026,6540,4114,7574,7449,1177,4252,2334,802,2215,4776,2474,5170,4659,2996,1588,4150,5944,3642,6843,2108,10428,4670,964,3013,2376,7113,6866,6227,468,2775,8025,734,7393,2789,6761,370,8312,4473,3835,380
2307,3459,6024,4617,1673,269,5007,8719,1296,5013,2843,543,5026,3107,6564,5160,170,4395,8748,1452,8244,1334,5692,2364,7615,6723,5445,5447,1225,6220,2380,3156,725,5594,4315,5214,8416,4962,3298,7783,3048,3176,4711,5871,2672,5490,3061,1655,1402,4092
11650,1669,10254,11025,1175,6679,3738,1691,1436,10780,9504,11168,5793,4132,559,3889,6962,6066,1841,5173,7481,10306,10308,6984,3657,4809,9547,9420,2765,7630,6734,9932,7626,2386,2003,10325,2008,6105,1114,4829,9438,2661,749,2925,8557,2032,9078,119,5881,378
7936,9987,7691,2446,6415,2574,2577,7057,1297,5396,3730,415,3366,3244,1069,1582,8878,7217,3764,1461,9273,8121,3517,1345,2558,7112,1100,5202,5458,7634,4950,2518,2651,9184,2788,6375,6119,9577,9449,3437,2414,5998,1778,2802,2036,8190,7031,1273,126,1662
1797,2445,1422,4109,7315,1300,3608,2202,3486,7966,5790,7718,2983,8872,7724,6062,176,3504,1716,5306,2623,3008,3650,8259,3656,1992,2123,6989,4429,6351,465,979,595,8660,4822,1747,731,220,1890,7525,4583,4456,5608,2153,2411,5870,1520,375,6138,5117
6659,7301,1544,10121,6025,4492,1806,782,399,8594,2195,2709,6422,7963,795,9503,6559,5543,7721,1194,10292,1592,6201,1086,6978,2242,7491,8258,8899,5449,10571,4558,4814,4176,724,1750,3035,476,5853,4062,4192,9697,9208,7652,3300,3046,879,1008,11766,5112
1280,1025,6528,1668,1157,3592,4108,1934,3727,784,3474,1683,2712,5789,671,929,7843,6309,1829,1705,4522,5419,2101,8632,2301,2109,3263,5696,1217,3778,1474,3785,6350,7886,336,339,4698,2652,3037,4958,9308,3556,5093,4972,2286,1011,2420,9465,5371,5501
3332,6405,3213,2832,2580,6677,1431,8606,6687,10278,3495,7211,5805,9774,563,4787,3510,5943,4408,6071,1079,11450,8251,5308,5310,2110,1209,5567,10566,2124,7503,8786,5845,6742,7895,8024,7001,8923,9437,6237,6756,5221,9321,7279,4976,367,8179,7030,6521,895
5760,5122,11398,10250,3850,5005,9870,2066,5651,3732,403,407,4503,9754,3226,8350,1312,1703,5417,2859,6838,7991,7100,5314,8777,9803,1996,4813,2638,9039,9424,1873,9296,10324,1622,8158,4063,7906,7780,8549,4327,9193,2289,5746,9202,8052,4593,1526,3450,1534
2560,9604,2950,2566,6918,8592,788,7318,3478,1690,2460,1309,9501,2332,800,5667,7078,8103,6186,2603,7856,2097,2994,438,2872,9404,6332,1470,701,6845,835,4675,4549,3664,2257,6100,6231,2265,1242,6234,8028,9690,3426,8294,4070,10349,9967,4079,10359,6780
6656,7426,4612,7942,10761,2318,5139,7059,9496,5147,3742,10910,4128,8612,9514,10415,2864,3383,7224,8760,10680,5435,2236,5311,4160,837,11466,720,3155,4187,9949,10334,2272,5986,1634,9187,4325,2535,3433,11113,9835,751,8048,5489,2678,12151,6392,5628,3069,3582
128,1408,2052,10,3467,524,1550,3344,7314,6803,6164,3861,4756,4631,4758,151,4638,8616,8621,1326,10416,1201,4018,6199,3386,1211,3772,961,4674,3779,5583,2896,1872,340,7767,1885,4318,2014,5601,609,6630,7275,1261,8685,9070,7284,757,1403,7294,8319
0,1671,2312,3337,2569,1274,1932,3468,7438,5135,7055,7183,3986,1172,9624,1816,3995,8996,3109,1453,5293,3885,50,3767,953,2873,4031,2752,194,5058,5958,1106,2643,980,2136,6107,9310,6623,8032,2527,1768,493,4464,1524,252,374,2296,9466,4732,2559
10880,7297,1026,10625,6917,7045,9096,3082,3469,1423,3222,10902,9628,5925,4262,7979,941,7213,10745,6064,5297,434,6069,6970,11579,7484,6525,8512,3011,6595,10565,5319,9807,3920,7128,10456,10847,4345,3302,614,7526,10090,10731,1138,1142,5879,3448,3065,11515,6909
8577,1542,1162,3599,10263,6426,3613,3489,8745,4651,6701,2991,944,2223,690,5043,5940,1974,6968,5817,6204,62,4544,1476,68,5573,4042,4172,5967,5332,3925,3930,6492,4061,95,4831,8289,6370,993,5092,3553,9446,5729,2281,238,6258,1651,634,7419,7038
9088,769,4227,6148,6021,3971,3335,8711,6416,3728,3989,2585,1565,926,2206,6180,5285,5413,5418,3628,2990,8880,4785,2227,8885,950,4533,2361,826,4411,6205,4414,9922,9282,6605,4947,7892,4309,1240,6745,10072,3164,7145,8812,11631,881,2929,3574,3832,3962
8321,8193,3330,4225,1538,11778,6666,9357,1935,7956,5529,10906,7323,1820,6812,10529,935,2984,1707,5804,6190,11824,182,2104,1850,10430,2497,3138,8003,6214,839,1356,8524,3148,2639,722,2515,5076,6357,8661,7384,7258,3041,1256,3566,1522,4851,1269,9336,6011
7299,6791,7945,11658,1167,11027,5274,6939,3870,10018,546,3748,1189,4389,2470,162,1832,7726,4783,10161,4404,9397,9787,571,2747,4798,4796,5571,326,5833,6473,7628,9422,2129,1875,3543,1880,2907,5213,10336,9063,1127,8937,2792,8296,4206,7796,9717,6905,5375
1145,6786,3203,8580,6789,7558,11265,5384,8458,10765,9104,11921,9236,6039,1559,9111,1305,8732,3102,6949,6182,4136,6963,9395,2357,9406,6907,2625,4930,9921,7163,7884,10317,2766,9297,5588,6997,2132,8154,121,5478,1513,10221,4718,6257,2545,8689,4853,9849,891
1282,5123,8326,6278,2951,8585,5002,4615,6929,2839,9239,8343,8855,3103,8867,4397,1200,7473,6065,11575,9527,1978,188,2111,7232,6466,325,4167,711,7887,6225,9170,9425,6097,11477,4693,10453,8792,5848,1365,4053,10332,94,3550,4457,1009,3059,4087,4603,7423
5632,9472,259,8454,6152,6539,8461,5901,8463,1421,2833,4242,7955,5262,6550,5400,7450,5788,7199,5919,1576,8363,10541,430,1970,7859,3252,6325,569,3260,322,7363,5318,7495,4038,3658,4170,8400,5969,4949,3032,6490,2530,4078,4850,8051,11892,8952,3837,7934
9090,3845,1927,2824,7693,3214,5138,8468,1941,3482,9499,7201,1953,6305,3619,4517,6694,1068,4536,9274,8764,1473,7489,75,5068,7890,3794,2002,1362,10198,7637,3801,3545,2524,9824,1895,7401,7915,363,8429,5615,4720,753,4339,8691,5235,4086,10487,8570,3067
8576,6657,4739,132,1929,9994,3595,7179,5260,3342,8718,396,275,1812,11931,287,10786,7334,6439,1704,8105,7592,2987,8746,4270,6448,5299,4277,2107,1980,831,4034,9027,2115,8266,8780,8528,8145,9302,2006,4827,2399,870,2667,5228,7789,3694,8946,2934,6524
2048,4740,5638,2697,6283,7052,141,4877,525,8849,3860,6552,6297,4633,5915,3611,9627,7713,2469,6057,6827,1710,4655,7986,7732,5687,5439,6085,9800,5197,1358,2895,3663,8529,5075,6235,4572,7515,6110,8031,8926,4319,5997,110,8942,498,9590,3320,1787,3836
5120,1153,5368,4737,9221,10503,10760,1547,8464,6173,11169,2596,4901,9637,8484,9252,8870,7852,7085,9518,3118,4658,2228,10165,11445,8245,5946,3388,6207,3143,10697,5195,8144,10068,981,8918,5464,9304,3162,9053,3294,6114,7781,12400,9458,8823,10360,5498,7931,3964
8962,3465,11146,9482,11404,2189,4618,1807,401,7954,2836,4001,5669,5673,6825,2219,6956,5939,7093,2230,5181,7233,6721,4547,2374,455,4169,12106,4045,7373,9811,5716,7639,2015,5599,6497,12409,9317,8551,2540,10478,4208,1395,4340,1653,11383,10105,5754,10107,9470
8961,7170,4611,2435,3718,4999,11019,8589,4881,8472,10653,8352,8481,2979,804,3879,5032,5163,8492,1581,3502,6707,11700,8758,12471,3128,4154,7357,10821,7877,3274,5457,6228,1877,11863,3160,10585,9307,9564,9567,9699,7782,6759,3177,10223,1776,8177,11376,5105,3445
4993,12035,1667,7812,6279,8456,4616,8208,11154,2322,2201,10526,9635,2471,4778,10803,6580,7091,312,8123,10684,7869,8384,2241,9667,4933,6853,2758,3272,9413,10053,1613,3789,975,3921,9554,2258,6103,9946,4828,989,8313,5099,5742,1390,3060,11129,6266,5499,9725
1412,2311,6282,9233,5777,9108,3606,2075,5276,1181,9122,933,551,8231,4391,9128,10033,10034,1207,2619,3646,3909,8005,3321,8776,2502,1738,1482,4557,9549,461,84,1109,4055,2007,7897,3929,7267,483,3429,1894,1767,9827,2156,7670,6648,6393,3706,2684,890
4613,12,1676,4494,8215,5500,8089,4889,7455,10402,10021,5797,4650,43,9649,6449,11827,2870,9915,2235,7486,1982,5055,9031,3145,2893,8142,6095,7504,5204,8412,3424,3808,4579,5347,869,7142,2662,1512,4970,4330,2798,3952,3954,6898,2932,2166,8055,1404,4221
4357,5893,6793,1163,2959,16,5520,5910,7836,413,2464,2722,9379,5924,4263,3624,6571,6829,6577,4914,5430,8249,1723,7230,5952,1729,708,586,6474,3020,7292,2513,1234,9299,8021,5718,1366,1498,4571,6874,10202,6242,8419,625,3314,5363,6513,2674,7416,3324
3588,7940,1035,7565,11662,9595,7575,11034,8219,11676,5666,9125,10792,2552,3249,6578,9011,11190,7607,10168,5052,8380,7742,829,7107,6852,8389,7496,7369,7755,8016,11224,8409,10970,5851,5979,6360,8033,1250,4581,10605,9453,9710,627,5236,11382,8184,6394,4475,4990
4866,2564,5511,7050,9742,8082,10649,8227,5157,806,8488,3240,5039,4530,1074,3380,4917,10038,2488,10620,2618,7614,10174,2496,6087,4047,8783,4694,6872,1882,8539,8029,6494,7135,4833,7137,7138,5476,5859,3427,7017,3050,2538,6637,1137,2546,3313,9714,6777,11004
9728,5761,8455,7944,7817,3848,9866,12044,4237,6667,917,11419,3739,5662,3614,12321,9507,8868,9894,10409,5165,7341,7597,11187,8372,8115,7995,1213,8132,7620,8134,5575,7754,6091,1099,2894,9047,3928,3934,6371,3814,10087,10601,6766,113,7157,7799,9593,1532,10878
4610,134,1287,5512,7048,8201,9611,3466,11665,4115,6933,2840,7196,9630,7710,2594,2090,4782,5166,9651,2998,7870,4415,4673,10178,4806,10568,10314,714,6860,7629,6221,9036,8138,6609,11856,5459,8664,6491,1374,6881,8418,2278,5351,2543,3057,7794,8565,9847,9978
3842,7938,7171,4359,5897,1169,402,147,24,10394,8093,6686,545,11299,7203,11044,3753,10537,3245,8496,6581,5815,1335,952,5693,11198,6850,3396,7110,9802,206,10704,4946,9943,12376,11994,10331,2782,12128,9313,9826,3938,5220,9956,1124,743,1006,8820,10231,6654
9089,3457,6530,11013,6661,9863,10378,9612,11278,9232,11284,10140,8861,1311,8737,8098,5286,6951,9385,11439,3375,1458,9907,6196,7347,11059,8376,12600,9147,5443,2121,9035,10315,9166,1623,9303,8155,10205,1381,4329,8809,10863,7409,7026,7027,5750,10486,11899,10748,2687
6144,11781,902,9608,5775,1429,8856,920,2968,10905,3484,4637,4509,5280,9380,7332,8999,5676,6445,6189,9517,1202,1342,3392,8645,8390,1095,6856,10063,1232,2769,10579,1752,7386,2655,11749,7399,8808,2665,3051,11500,7405,11378,5106,8437,8317,4215,2554,8701,11774
2945,898,6275,6146,5639,905,8459,6030,15,6159,9998,3602,531,10895,5658,2587,2974,7454,9632,10911,3749,7086,4275,4406,4664,5304,5565,9918,11200,11338,5581,9038,6865,10321,12115,5717,2262,10335,9057,9962,6892,10734,7807,10352,1648,2425,3323,8445,7678,12415
2309,650,1147,10124,8845,2062,9362,7570,10773,5912,2330,9118,12191,10275,4134,4779,8876,9004,12081,9905,2485,12598,10301,1600,1859,4293,8006,10055,9673,7114,10059,10186,11212,10955,334,6352,11729,9558,4568,6108,3040,7520,10466,1637,11625,4715,10860,5486,3054,10235
2436,901,8714,2314,10381,9623,10008,11546,285,2845,12192,1188,8742,5798,7853,10926,11438,11314,1587,691,310,4921,4025,4667,2879,9152,8639,5698,6854,6343,4811,1612,4430,3022,3026,7636,856,5976,7771,7643,8925,2269,9054,5474,2028,7152,4852,9845,8567,10493
7683,8708,8582,1033,10125,5266,6676,7830,8726,3610,4763,8605,3617,4641,680,1321,6455,3896,1208,9658,10040,4284,957,2750,12095,10431,3009,8509,4794,9669,10438,6731,12108,9421,7635,5462,8406,8662,5849,1373,8285,3303,11626,11117,755,6775,4472,1531,6653,4094
9858,4867,6916,4231,5645,2958,2191,2320,9619,8092,10015,6816,8097,6945,678,5414,5162,8493,558,2740,2869,9781,7222,1464,3256,5563,4158,8004,11205,968,3915,1868,6862,718,8917,8791,5081,9819,5212,8540,4445,6365,9441,99,2020,617,3690,2291,5748,8059
261,8198,3973,9098,10252,6799,1299,6807,4249,5017,6811,9241,7714,9471,41,2475,6830,3126,8766,1480,5322,10443,10956,86,7382,6617,4441,6619,9945,1246,7903,7422,5730,8932,6633,8682,5227,6380,1135,5617,8562,9331,10228,1270,7800,2297,8315,7933,6782,8191
2178,3587,5129,7437,7694,3981,5907,11540,6675,10006,10518,536,7448,6036,1050,10270,8096,3108,7973,8998,7212,5049,9916,4925,1726,8641,1731,9155,8263,7240,11722,8778,6863,11984,5592,2011,11101,10462,4573,7648,10717,8803,9573,11622,9575,5225,9580,6642,7795,9844
5376,8583,2061,6542,7054,1040,9874,3347,1301,1046,11547,1307,8991,8614,10921,5036,9645,9262,1198,6451,5814,2489,445,9150,9791,834,3907,12613,10567,5959,5578,6602,5580,9937,9180,1757,7774,6245,3688,12010,10350,9583,7666,10994,5618,2550,10743,2038,8572,7421
10502,6920,7946,653,7309,10642,5778,10258,2453,6292,9370,10522,9756,8347,10787,8486,1789,9644,4911,1584,432,10675,6324,5556,12084,8373,9912,8378,9019,10938,9923,2630,9801,8396,2642,7893,10458,9954,6373,1128,5100,11756,237,8560,1267,4341,10488,5113,4989,11263
9219,8964,9094,11528,2570,7566,8079,9234,3219,3348,11157,5782,5398,8341,281,9242,2715,10137,6040,6935,1692,7459,7844,9891,7336,946,9779,2102,5051,11197,4162,7366,8520,2889,2256,10577,10578,6096,2134,11999,9696,1505,7647,11363,2024,7663,4848,246,9853,6143
5891,2437,518,2183,4871,5644,1937,9746,8978,915,10391,4888,11288,9113,2203,9372,11294,6815,10398,4513,8873,12074,9390,10158,2992,7604,11192,11064,9409,3010,12225,11723,76,7247,9553,10587,9436,9182,1122,6122,7530,7403,10093,5358,2288,5234,6903,7160,7804,767
4353,2434,7553,6403,7941,2948,9480,8202,9230,10510,10256,6805,8854,11541,5275,9377,11940,6821,8358,12333,173,11184,9393,6014,5558,10172,11840,9793,9666,10690,6336,4166,10952,9164,2511,8913,855,7513,2908,3165,6752,11104,10855,3179,2547,244,4730,5626,4733,1918
3968,4868,9734,4746,3979,9999,2068,4121,7070,4515,5668,10532,44,2860,1454,10544,10237,7602,9400,6203,6076,5821,6719,960,1603,11720,6217,10826,4815,7928,5846,854,8150,9693,10461,2146,3555,232,8297,1002,6250,6253,2157,1521,6002,1911,8824,9596,5885,2943
4098,9607,11273,6922,7699,12308,5911,7837,12064,9249,11942,3494,7208,7079,2988,1327,10364,12465,6961,11697,5812,3636,7096,4538,12483,10948,8519,10311,3703,204,9037,4046,7759,5584,8276,7509,3797,11222,1630,2910,3169,9953,11880,12780,7791,12528,9075,12023,2168,11260
12288,10113,4354,8832,7686,10887,8839,7433,6023,5259,8332,2316,5519,7184,10768,5397,11544,7576,6179,4774,7081,11818,5426,8247,7864,575,2754,9288,9545,2634,11852,12240,8658,9171,5460,6739,11096,10329,11098,7516,10846,1633,5733,2160,9457,12401,2675,5492,1143,3961
10498,5128,6409,5386,7816,6028,7308,3854,6930,666,5786,1185,9890,6052,4004,2854,9640,9002,9773,9396,3638,5434,2491,7227,8250,8518,10959,9298,9685,5079,7000,4957,5598,10591,4064,7009,4065,1761,8804,5991,7657,10730,4587,10220,5616,240,629,1784,9851,3710
9473,8066,1029,6538,5899,8716,4623,10770,9748,6553,1689,6681,6684,1183,11298,7716,169,9776,1590,9530,7866,11580,6206,10559,6475,8654,10575,6741,2647,12508,7517,9309,3423,5216,226,8034,11364,9700,8423,5863,6121,9448,619,1260,9197,1262,7537,11121,11387,12414
12546,10756,7,12176,3857,5523,8853,10262,4124,1564,8989,1951,1825,9636,10279,4524,5937,9138,10289,2486,5174,1465,3643,10299,10813,11069,10814,10816,3649,3520,5700,2372,7238,9412,328,4942,11342,10322,9556,9569,2402,227,7270,8042,491,7407,3823,885,11640,9982
4736,6147,1541,1800,4364,405,6301,2207,1316,2473,427,5813,3284,5973,6998,9049,4954,7396,9701,1129,4588,7150,4595,4981,1790
10116,2057,10260,10645,3744,8225,4642,1187,2849,7333,425,6322,6725,4938,5834,1369,7004,8675,10987,5355,2285,3438,630,1399,4346
9606,10631,8974,8207,10001,11927,6296,1306,10658,11171,2472,6312,11049,7467,6444,8235,4400,7601,10290,10673,1844,8242,8759,10295,4543,9280,12098,8900,9286,4552,7368,11468,5199,11090,9300,4437,10836,247,5981,6879,4066,2663,12908,236,9837,3701,8054,10871,7930,2813
256,8322,647,6664,12553,12814,5391,4863,3476,11155,5143,10903,11802,2588,5918,3615,7328,1568,4259,4007,9383,298,2606,1967,10417,4662,4407,2744,5689,10937,7485,9028,6726,11335,12745,8650,5200,8530,9683,5974,10583,7130,11746,10851,6889,11372,245,4218,9082,5759
5377,5134,11023,5649,9618,5905,9366,10393,4377,11803,9117,7839,11040,11552,8230,9639,11306,2607,2608,947,1971,9525,1083,4155,6977,8898,8393,9805,6224,10193,7506,3924,7255,3672,3675,5595,5469,97,1892,1893,9064,5611,5744,6769,4722,9332,3190,9338,10236,10494
7680,651,10637,9358,11536,12561,914,10896,5394,5269,11408,8342,3096,6298,10652,157,3358,6176,3362,3882,3754,42,939,3117,3119,9654,11194,7228,11964,6083,2500,9796,5066,3152,10709,11095,10714,2906,990,484,12007,635,1519,11503,2673,7922,12149,1528,3322,6651
6784,4742,11144,8328,7304,8843,3341,7951,3216,5136,9492,12310,6423,8216,11810,8229,10024,11307,2989,3122,11698,11319,9017,2238,8385,8770,6090,8011,7631,4944,8784,5970,5209,986,611,11108,8933,5095,7400,11755,6508,10990,12017,3571,2421,7542,5752,7546,9341,254
9988,6407,6536,11787,6668,8975,10389,2966,5784,7065,12445,7711,10916,11045,5030,8361,12713,9387,9260,10414,4145,9266,6458,6459,11451,10691,12485,5701,9544,7765,2517,5208,12761,10713,3291,8666,9188,2021,4200,6632,3310,6512,3697,11636,10740,12534,4470,4216,11893,6396
1666,7810,6915,5767,7947,9228,10513,6548,2710,9114,8603,9248,8740,2343,8106,7082,7087,11448,3769,1210,7996,10557,9278,6333,7105,5190,71,5069,8397,7375,851,2388,7512,9816,9947,11869,10207,2528,4452,4201,6762,2921,8044,4973,4463,2034,8180,7035,5246,6911
9986,7556,3080,7698,10898,12180,7832,12312,3355,9373,11293,8224,8354,9132,11182,7730,10419,4788,5811,6015,11329,6851,9924,7370,8523,5838,10447,7760,12624,12279,11733,10715,11484,6750,9823,3679,3199,10338,4705,1382,4967,11754,12398,3056,241,2039,633,10875,10749,11647
11009,11010,10771,8725,11671,7447,5282,5538,12709,7207,12457,12076,4141,8623,10171,9277,6973,11458,1348,12356,1222,8265,330,7499,11337,10318,9426,11219,10323,9427,10197,211,12242,4700,10078,11358,4836,5989,5861,5992,8683,6252,7020,11760,7665,10353,8951,761,9463,8829
8963,10758,7559,11529,8074,12045,1681,12177,9876,4248,8601,11933,2973,12068,5029,2599,8489,1197,10671,10672,7216,3125,12470,11065,10173,6463,12480,8001,1730,6338,9538,11464,12363,1869,1491,5465,9050,10723,10854,3816,11242,5612,5613,12399,11761,9973,10742,12666,10877,2815
897,2562,2692,1925,2567,4873,6921,10507,8076,11537,11793,7959,4130,5800,2985,12456,2349,6320,7603,11959,9016,12089,442,2493,2366,7613,5182,5185,8514,6591,4678,10440,9419,10444,8399,3281,4692,9301,10966,12125,3422,3680,1509,8167,6248,4841,628,9334,8697,1020
9729,11907,7428,12679,10504,520,2185,11788,10128,4625,9747,8476,10909,4382,8223,12448,9889,9892,9255,9897,4142,8879,8112,7857,9139,10548,436,10294,4023,9142,10296,3898,11581,1983,8646,7756,8785,8915,1112,11232,8678,12650,12012,10735,8688,8431,5362,9842,3189,11132
642,646,7051,1680,7193,5657,12570,11036,10781,8221,4896,6946,5796,4520,2731,10550,1847,4280,2233,8763,191,1599,450,8643,10699,2764,1233,11731,11347,6614,1494,11737,8159,11496,622,8047,9073,11890,1779,10227,3958,5239,10616,12153,10362,4350,6012,2045,2174,2047
1540,6,2182,4232,7689,1931,6156,10638,911,4880,656,146,659,4370,3225,9116,6172,4126,416,7456,2087,6824,2089,1328,439,1463,572,61,9533,4289,3524,965,3528,6089,209,470,5590,1753,1504,8930,2533,362,1770,108,3563,4205,1906,7159,7289,1150
11651,5252,7815,135,5772,11669,1814,9751,4374,2329,8860,9629,2462,1186,11432,11817,6573,10030,12079,4272,9267,12727,5175,2617,11584,10823,7623,8398,7505,12754,10965,1881,11610,5980,2268,11102,11103,6499,2404,7912,9833,7786,11246,7410,7539,372,3957,7164,9085,6910
10372,8966,7046,3464,4105,9865,139,5388,11917,11406,10764,6546,10134,11799,12055,2844,5406,5407,11935,1694,6958,9903,4402,3063,180,9910,12343,11511,9539,2246,1351,9160,74,3275,12493,974,11988,10581,5719,10712,10204,11230,5858,11237,1384,8043,9455,10103,9592,12667
10882,10883,8196,12543,7177,9102,8721,11795,11416,12059,3361,8102,2728,6313,9768,3372,2350,6575,10291,8116,9398,11062,1081,4413,2302,9795,12355,1861,10181,3267,11209,11343,5331,10967,8153,7900,6884,6885,8037,6886,1515,4207,1136,9201,8434,7153,6772,8563,9854,4991
9857,11011,5380,10373,6792,5515,7311,12178,12435,9879,408,4639,672,7457,11427,7845,11557,5161,11564,7471,4019,10164,10166,8887,7865,8252,1088,11970,4291,7876,3916,5966,1744,5972,5334,3799,599,10842,7003,3817,11373,508,6897,2803,5237,6902,888,8057,11644,12287
6276,5640,3977,522,2060,4236,4493,3855,1556,3221,7581,6046,2208,6561,2723,3750,3112,1064,5545,3242,4649,5549,4138,1711,5298,2483,6583,3131,2556,7356,1855,3264,2369,7747,2884,3149,2897,5842,1617,6353,2005,5078,3030,6486,3036,1120,1888,4709,2149,5224,3691,365,887,3055,4083,503,4220
8069,777,4107,6924,3725,6925,8723,4883,3350,6391,7708,8477,5664,5025,4002,7972,3239,6697,8107,5933,4015,5553,7353,8893,6342,9033,5451,9291,6995,11732,2772,4436,8535,1496,7385,737,1507,357,7910,7911,5739,1644,3821,3953,4979,6516,4469,2037,5621,10232,117,8182,2939,2172,3709
11136,1537,12033,10244,4101,12809,12041,10766,6800,12304,10643,8083,11032,6938,11431,296,6699,11308,12203,3755,688,10802,9652,3893,6202,6972,10556,11199,11456,11202,10819,7752,3535,7121,12499,12244,10199,12407,10972,7389,2653,12385,10594,5219,12283,7278,1775,12527,6384,11250,9203,12663,9977,7803,12284
12165,3463,12168,10248,7818,7948,11533,11919,7568,7313,7825,7700,11796,10012,9763,10915,11046,12071,11945,9770,9648,1968,7987,7219,10808,7993,10042,11193,5820,10300,7621,11594,11089,10194,12243,10838,11862,11223,9820,11997,3677,7264,9702,12263,11369,12270,10607,10225,7282,10483,12276,12146,11126,11895,11901
266,9485,4884,6685,3883,302,8503,8761,7739,316,4943,3923,6996,347,7518,8801,8290,12386,4199,1134,2419,7550,5257,2701,4238,5264,660,7320,154,6307,677,4518,8360,2736,4017,4276,6326,4022,6847,709,4302,5586,5080,733,7390,3296,4584,9968,5624,3834,1276,7677
6157,12302,6158,6669,12305,4635,6691,8233,12331,2604,8240,4146,5184,1091,6219,12365,5198,5201,1107,2645,2143,610,10342,5735,8815,5231,6267,9852,5248,5256,2717,9901,9908,3768,1212,5313,1219,4300,1742,6871,5847,6366,2294,4857,11006,5385,8465,8984,5405,9505,1315,4906,10032,314,4928,4422,327,843,5456,4951,5975,2393,1370,865,4460,7535,5504,4998,5518,5521,8596,10681,8633,4539,6075,9154,8136,5064,1487,9181,10206,999,4072,1516,6124,6652,510
8195,8581,9861,12426,5900,7697,4500,5525,5401,7325,2718,4387,12579,4646,9510,8491,555,2221,3886,5423,8753,7605,8379,7483,6589,8640,5825,8391,1224,9418,4559,5072,8911,4687,4820,8532,8676,12644,8420,8679,249,3306,5356,5102,5487,9330,505,1914,8699,8444,9086
4608,4865,8709,9095,8457,9356,2700,12815,12562,8466,9494,12822,8598,8473,8090,12571,8604,5152,291,422,9511,12591,9268,9784,8511,9536,9279,8386,12611,9541,12620,8655,12752,12629,9174,471,5593,8668,8542,9829,12517,8421,9062,2669,9072,11123,12408,12665,8571,8828,9215
4484,9349,4488,2056,4620,10255,8722,12692,3095,9368,12828,8735,8738,12451,8739,12710,9512,12464,12726,12473,12730,12732,1085,12738,12484,12740,4550,12615,12619,588,9678,12238,208,4818,9813,9557,9433,729,12769,8802,8674,5348,8807,359,12649,8552,10603,3564,4723,12662,12541
9476,389,12680,8330,11915,5647,10384,5648,4626,9231,12053,5781,5015,8733,5534,8864,8608,5412,12452,12327,8874,9131,12587,12078,818,9914,8506,12476,4287,4800,9920,10435,9295,978,9559,10840,472,1499,861,12766,12638,12514,9060,8426,8299,9329,5495,12793,5756,8958,12799
11777,10374,9222,9224,5001,12170,9867,4876,8841,5144,9497,4008,9513,9129,9134,7728,8501,8891,9788,8387,12739,4934,8775,12488,8651,844,9292,8910,4684,7888,8657,11472,12756,9687,9176,8921,9818,8796,10593,10980,9959,7788,5357,9709,9071,12654,9200,4604,11005,10366,5631
4352,8834,9091,8451,514,523,5646,9621,9877,9880,8729,8988,9244,9634,4899,12324,4773,4904,8875,9771,8365,9389,12463,9263,9775,5679,9009,9140,9653,12599,9913,9275,5056,9665,9024,9284,5576,8904,5194,9810,8537,8798,9059,9445,12775,9067,9707,12782,1393,12538,639
11654,4358,8586,7569,10002,6291,4244,4373,9363,9495,9493,11679,12193,11813,10662,8613,5672,8617,12458,11563,12714,10157,11699,12603,12604,12092,12605,3519,8507,9281,10179,11716,12741,2119,12235,9675,12114,8534,9175,8541,12135,9576,9578,8556,1901,11629,9712,8435,3956,9469,7551
11522,12547,12677,9735,9739,12052,12309,12567,12057,9883,12316,12573,12063,3746,6435,8485,10022,11558,12583,9895,12200,10031,12214,11841,12612,9804,10572,11725,9677,12498,7762,12371,11992,11481,12507,12281,11998,9951,12640,9572,12004,12518,12390,12522,10219,12402,9718,12537,11514,11772,12542
12802,11140,12806,10759,11400,9352,10889,6794,10892,9101,12813,10632,11291,12699,12830,11297,11047,11435,6959,11311,12723,11443,6965,2871,10683,11965,12735,833,11330,9415,12744,8905,9162,12746,10827,11218,10710,11097,473,12762,11359,10976,4959,8928,12772,12774,5350,2923,12784,6131,4987
8320,7169,1032,4622,6032,3984,1943,4759,2713,7191,6299,27,1051,3607,4127,5409,5537,4643,166,8877,3376,304,8882,1843,2611,4274,1078,8631,3000,9399,3012,3655,6728,329,5065,5323,1611,4935,591,463,3665,5844,2904,1497,4699,8544,8545,4450,6882,4704,2913,3684,4586,8940,6256,8692,501,2548,5749,3318,6645,2933,8827,511
11393,8450,8836,12294,12671,4360,9736,9225,12299,8204,11916,4110,11918,7432,4753,12306,8211,1939,8852,4630,6814,9759,12832,3874,9762,10405,12069,7595,4790,7863,11063,9271,9786,54,6461,1215,10432,12482,578,4294,11463,464,4748,3157,10839,4953,11871,11105,3682,12770,12771,11519,4710,11494,6502,2273,6247,9713,4597,11125,12790,10618,8831
6529,1793,2947,1286,907,6284,662,4887,6169,8346,2457,5532,3357,2976,10148,5156,2857,4010,7214,4654,2353,1586,6195,7988,3891,4278,5809,4792,8889,5307,7740,7360,6082,6722,198,967,3400,5577,4297,4427,2252,7501,1228,1359,7883,3918,2636,2126,12372,9172,6354,6104,4697,4184,988,3933,6238,2911,2781,9319,8425,1003,4209,10226,4980,7029,8822,5880,1659,892
7040,10369,2818,6272,900,5381,12422,9212,9615,6288,8338,663,10138,10523,8479,12449,5154,5539,9980,12325,9638,7975,1190,12330,6447,2480,6193,10930,12467,9012,9013,8118,4149,8370,9529,954,3516,10941,5054,6079,12481,1988,11077,4164,1352,10569,9546,4298,9168,8284,2654,9183,9440,10083,10596,9316,6755,9832,2025,9706,6376,9326,7024,10738,9586,5110,3193,2170,2299,9724
2113,1945,1545,746,684
8122,1313,5522,2696,3849,1562,3982
2946,1794,1795,3589,7814,1416,5514,5004,2065,6162,3987,1686,2455,6166,1819,2338,9506,5799,5931,9006,3247,12597,5941,6967,3640,3255,1084,3901,6975,6976,7104,5442,7290,5193,2507,6347,3195,3151,7251,1879,8152,4955,6624,2401,4835,744,5610,6636,3181,3949,6770,4082,3446,7034,6779,1917,6655
3584,2305,3585,12803,5764,3336,3343,1428,5654,6678,7327,7967,6562,6947,1446,12712,6569,8749,6446,3887,8625,5554,9650,7860,1077,825,2490,3770,8636,8896,3905,6399,2243,6986,3788,2381,6990,2383,8912,857,4576,7398,3815,7914,1772,5869,1518,8175,1777,3839,9460,3319,5243,3708,3326,9855
3072,3717,2310,1799,3208,393,1289,5003,3596,8073,2450,1687,3991,3098,3483,8987,2077,2975,8993,6690,5027,8866,2853,5288,4905,10539,8109,1714,3508,1845,2741,8500,5686,6330,2494,5695,704,3007,966,2886,1863,5961,4044,7885,973,2131,4821,7898,5087,8417,2407,1898,9964,7662,7408,2161,7536,7028,7669,4725,1151
2688,3328,3721,10633,8075,11407,7696,11411,10776,11420,12061,1824,6434,2339,6059,11822,6704,11569,6450,11828,7606,11702,8120,6586,7103,10944,11459,11972,5955,5830,11975,10953,4941,11214,10962,3539,4051,2649,1243,11100,11645,2144,2532,7527,10481,10099,9461,7418,7932,9981,10110,6783
7296,7552,1027,11526,10247,10511,10515,11158,12054,11673,6810,3104,11425,8099,3237,10535,10799,1969,3506,11826,11188,6328,11322,11578,10812,11002,10811,11327,11839,9407,10045,3780,4677,10822,7880,9931,6476,6987,9935,10978,10345,9194,11116,6125,10348,9199,3824,9585,9205,2935,11769,5882
10755,12163,7939,3340,12172,10386,3091,6290,3093,10261,11031,3864,11035,10141,11556,7205,3881,10412,2734,6319,11588,2761,10954,12105,12492,12109,3024,10066,9939,9814,11864,11736,5211,12126,11360,11616,10722,12282,11236,10982,10472,9961,10858,7660,10477,4856,10993,6773,1782,11767,6520,6650
11266,11141,9991,8072,11913,10505,10377,10508,7053,10127,10899,11925,12185,7194,3481,12062,10530,11688,10410,10922,11437,11955,693,6198,11957,10043,10429,10050,11845,11340,7117,10830,12496,9936,12116,12500,7894,11480,11993,6747,11867,6109,11743,9825,5475,11109,4071,7021,12021,12533,10872,1146
7425,11914,10509,10388,1813,11926,3605,12056,7705,10651,11423,7329,12066,12067,11174,10408,5929,6576,11442,7161,7361,11204,9926,7879,8009,5963,6859,10062,10319,11346,6098,11609,10074,3804,10845,5982,11617,10082,10211,10340,8038,10216,7658,11115,2796,10351,7925,2681,10490,11771,11134,5887
12934,12935,3334,11402,3210,3724,12173,9761,11042,10019,11173,10149,10920,11948,10925,2478,4912,11313,7349,12216,10169,6464,10689,11074,7364,12870,2503,6985,9289,1483,11595,7498,11210,7380,9821,10079,11747,11111,11240,8041,10346,10984,9708,3436,10992,12273,7921,12913,10996,5232,11639,11261
3712,12036,5765,11657,2698,9620,5270,12183,11414,3993,2586,9752,10142,5536,11809,5410,3363,12077,10421,10678,8895,11455,11457,4801,7235,5317,11334,12103,10183,7116,12110,5843,8019,10835,1110,11479,12120,10837,11483,10844,6500,8805,10217,10474,11627,4717,2800,3828,3062,9335,12155,1149
10497,10754,9097,9738,11539,4891,5278,10014,10017,4771,10023,10791,7976,5671,11179,3373,5677,10159,10543,9521,10427,5186,10564,12229,9672,11977,5705,11979,11465,12234,11983,9938,9940,9941,9428,3292,11357,6116,9081,9831,8166,12266,10475,7404,11502,12921,1905,10611,6259,10230,5497,4095
9218,11909,11782,10119,6535,11655,6534,12171,8970,11153,10005,12182,10007,12698,12198,2727,3114,10028,10669,9005,3892,9911,11321,7875,9283,12228,11461,11981,10958,10703,11601,12241,12118,7166,9430,11099,10203,8413,7778,10979,10215,10728,10473,10092,12141,12015,6518,7927,12024,11513,11388,9726
7561,12174,11666,11283,11028,10264,12195,12196,7587,12070,11811,10536,12201,11562,10531,11052,11053,8111,10546,12083,3507,10807,7359,10048,11332,10309,7239,2248,9927,3283,3541,6743,7768,10459,12255,12512,8035,12006,7655,11112,10986,10094,10224,12145,10482,10995,10484,2293,10101,10102,10106,3579
1922,10115,7435,779,11789,9868,6671,9467,2321,11545,10524,10784,2337,7586,10403,9765,11176,10280,7476,10420,11835,10687,10176,3137,6981,11848,11849,3405,11599,11857,10833,1364,12250,12251,11229,10974,863,6625,4707,11107,6501,9061,6757,3304,11118,10096,10864,12150,5623,9976,10491,6270
11008,10753,9601,4870,12167,7430,12039,10251,10763,11663,11543,9240,3354,12060,8862,2335,10145,11555,10923,10284,2553,7342,2862,11000,11954,9270,9783,11833,7611,4924,11709,11333,11473,11348,9812,10584,859,11745,11619,11877,11750,7918,9076,11380,6644,9720,1913,11770,1915,6908,7293,3455
11785,11786,10774,11929,11033,11163,10271,10152,11949,10413,11952,10037,11446,12088,11324,10047,11969,11843,10692,10949,11847,12233,11850,11851,10441,12237,11854,10445,10576,11345,10449,11859,11092,11007,12111,10073,11391,12159,10598,2664,11370,10091,12138,10991,11249,11251,10614,11254,12795,7165,11390,11903
7808,3714,7427,11524,11659,11151,6672,3090,10130,10132,11924,7702,10901,10520,12187,10527,7969,10789,4006,11048,6953,11568,7989,11576,10436,10437,11717,10060,7248,11728,11600,11603,11605,10455,10200,11611,11739,3681,8161,10849,10209,7395,10214,10089,5867,7531,11119,11120,10354,11122,11897,12028
11137,11396,10249,10011,12194,10917,10407,11820,9772,11693,6317,10677,6072,10945,6084,9928,6601,11607,9950,10724,12009,5866,9206,6519,3707,10239
12032,10496,10246,11016,11807,11312,10933,10553,11834,11963,11710,11070,12227,10061,10451,11989,6875,7644,10210,8164,8165,12005,7016,11114,9965,10861
4097,7682,6658,4102,8199,8967,1031,12554,4875,11022,7823,4750,273,792,4251,6302,3747,7971,6819,10027,1709,7981,12335,12207,5424,5682,2355,2358,7992,11705,4666,4292,4805,3271,713,3147,4940,8141,5712,3280,6738,3667,6359,4824,6112,2400,5605,998,8040,7273,4458,8944,9840,6130,499,7664,5622,759,4988,3965
12416,8065,12417,11911,9353,5642,12685,10382,1809,7186,12819,7317,10908,7842,11683,10788,8997,12322,3878,12459,12717,5167,12208,12209,12593,10932,11958,9143,4024,7098,10554,4156,3773,11967,10943,8769,11073,11587,12099,11713,11460,12490,12494,11221,11353,6876,10463,11234,12389,8550,11881,12265,10985,12013,11888,9969,8566,11510,11130,12157
6913,7302,5258,5387,5389,3471,7319,8088,4375,6427,6303,8480,7841,5883,2851,4265,6060,5932,4910,8752,5296,4542,4417,6599,5965,6222,3282,4180,6230,3671,2520,5338,3547,8924,6749,4575,5343,7649,7779,3045,4326,3047,2668,3693,4844,8693,9207,6776,8187,5116
3970,3205,638,1419,910,8591,3215,3992,4505,7066,3998,1954,675,4644,7084,5422,7470,6832,2735,7094,5559,6456,3382,7226,9146,2620,2938,6592,2890,1355,8782,2385,1113,8156,862,8800,8293,9320,2920,8810,4712,7148,5482,6377,8816,6129,8825,7924,500,6388,1912,2041,6906,2300,3838
1921,130,3590,6027,10257,2962,3473,7962,7067,2204,1696,5665,3875,934,1575,9000,7849,2346,1962,10285,7469,5041,5938,2481,6452,3124,6200,3385,4283,3136,5569,12354,8772,7878,6598,8010,7372,2259,7764,4308,985,5725,1758,9055,6496,3554,4194,5990,1258,2163,8700,8185,5627,2428,7935
12160,12670,12421,12551,3212,9487,10000,12307,8213,8214,7190,6936,4761,6170,8218,11164,9755,8731,2198,11808,11424,5540,6436,11304,10801,12338,3123,6584,12347,12349,6398,6077,12353,1602,11076,6086,9543,467,12375,12633,12765,8286,12382,12384,3039,9058,5091,5222,1386,7806,109,7283,9719,6265,12286
8704,8971,4380,7452,4903,1065,1066,3113,5169,1857,6468,9032,5709,5715,3931,3167,5493,1401,5503,5505,5250,5507,5510,8329,5513,4862,3983,4245,5526,9367,6042,6043,8351,6051,4005,6311,9127,4267,9402,4028,7872,5071,5335,3803,5344,9196,2797,4590,752,5620,5886
2694,4872,12425,145,1619,12438,12440,7321,12443,3101,12446,6175,6048,8353,6818,163,1886,5481,2743,8306,8307,12403,12405,12406,2742,2557
5378,2501,8262,8071,7560,8842,8271,8337,6545,7441,8788,6999,7896,3287,12378,4188,7133,6367,4255,6943,11554,12515,7908,4198,6120,9003,3308,12397,8303,8304,6835,9975,8890,8442,187
6277,7175,3593,9359,6161,3346,2835,9489,4629,8985,7838,9120,8736,8611,7461,8615,6568,7466,6955,7340,1199,4789,3254,6840,3514,6331,2748,1722,2112,451,7492,7619,9417,8267,2773,5077,10328,4057,2267,9052,7645,5217,2658,2148,7013,7015,7529,3565,3951,883,1140,1141,5877,8447
10112,9477,12300,9361,3990,7063,8344,4120,4636,5021,7582,8349,12320,284,3996,3236,7077,5542,4900,5291,7468,4525,7983,12211,820,821,3251,8375,6585,5822,3391,3521,1220,6597,4423,7625,12362,6345,3662,6608,8916,6233,11490,8163,5988,3171,3175,5098,4842,874,3955,10739,6010,5372
