3969,9730,2,4100,2180,3847,3591,4745,787,4506,7707,5020,4125,2719,32,1441,2340,37,2981,6187,4780,8627,819,5046,2615,1337,60,830,3652,2244,3018,970,5710,4561,7508,6869,7127,3288,87,4446,3935,1248,994,741,3562,107,11244,1642,3947,623,6000,4081,618,884,4213,6390,2551,4089,763
2689,771,4228,6923,3853,4239,10641,4754,6802,3863,5272,1435,1563,10396,411,3490,4258,1320,553,46,3503,3120,2225,1076,2105,443,3133,4290,3523,7748,1221,1732,202,2251,2509,8014,7763,4566,1238,3031,7641,7642,600,4067,1635,4204,1780,6004,3577,6395
5124,4485,2188,6031,3600,912,922,924,925,2846,5920,290,808,937,1450,3626,1837,2096,435,6327,1471,1472,1727,2757,454,6088,10056,5450,4816,4945,4434,1492,1620,3416,9305,6362,7904,608,4322,739,9056,613,1259,4589,877,2546,4600,506,5240,4223
9088,2822,6153,2186,8979,5652,2837,10390,8471,4501,6937,6424,5403,8992,2336,1955,1443,2088,938,10283,3884,4527,6839,3127,3899,3771,1469,3259,703,1090,452,1478,4683,1227,4686,6864,4689,7634,7129,4058,1632,482,4195,1005,3183,3443,3827,7413,760,2685
4481,3975,394,267,3467,6670,6928,2704,8980,3349,3994,2331,5916,1055,4645,6310,10151,7080,1701,6183,6316,814,3894,4151,6469,200,1353,2515,2644,3029,8407,7511,3419,7262,8287,5728,2657,2017,7907,1380,3173,2279,8170,1130,7274,3700,1012,6133,509,2430
2051,143,661,4118,5656,8986,1821,542,4381,2467,2724,1960,7209,2477,4143,3633,1331,1204,4532,2356,1466,4923,4795,1470,6465,6210,3266,7494,3015,1865,4555,2390,2395,1372,224,352,7394,2405,4711,7784,6888,1640,2408,5365,4726,3967,9850,4349,1406,3071
7813,6151,4490,7690,5261,7950,2830,1549,1682,4499,2838,3352,25,9498,1946,3865,7069,3872,294,5034,6314,6833,2099,7862,2874,2876,2811,5059,5061,3527,2505,8907,5840,1616,6102,9689,346,6363,6236,8669,222,1376,103,231,5353,4840,5878,1400,123,3327
5251,3715,775,3209,4751,7056,2969,6044,1565,4637,800,7585,419,2086,1447,2216,6058,4528,3765,1973,5945,5306,190,2495,2629,1096,11080,5962,7037,848,1360,5203,7253,4439,2521,1626,3674,1116,991,1503,4965,8941,7917,3053,1263,6132,3573,8441,2044,4605
5254,3211,9996,2955,1294,8848,3345,3859,10779,3228,155,2848,3873,7204,5541,8228,6566,5416,6440,2679,4139,1324,3757,2733,3248,8371,4405,951,3135,5312,4679,4808,3914,7757,1999,1747,5721,90,3806,3807,478,354,4716,6509,2414,3822,3570,2805,1014,1527
2304,3202,4995,2441,6155,1295,1042,277,5785,4378,537,5022,3234,1061,424,682,3116,2861,5294,3759,3756,1461,186,2622,3390,2240,3651,4036,7109,5321,1993,841,1743,1493,3418,4956,7519,6754,3940,4858,7019,2544,3185,3442,4080,8564,6389,4728,5241,4986
516,2311,8588,2706,5268,4632,4893,802,292,1700,676,4135,1318,809,9001,6523,5557,183,2232,3904,4932,3141,4424,1230,2771,3668,1621,598,5591,88,2903,7770,4056,4317,4190,1377,4706,483,1508,5606,4713,8938,2927,3699,6900,6263,8698,3963,4348,2558
6402,3207,6280,7178,2449,2326,3479,11542,2971,4385,7458,3618,2085,3238,6823,6696,9896,5418,5037,10286,4526,1457,4918,3006,320,2245,1862,2376,3530,6733,6479,3538,4563,6483,4306,2775,9303,1759,8291,105,2154,7147,369,7538,2931,4465,2677,2423,5758,1663
2817,3074,260,648,1039,1425,2323,2073,6682,7835,5149,29,1438,4769,4516,1573,5884,5670,2348,4653,6702,6190,4913,4661,2359,5179,8771,12231,3913,4433,3159,4312,2394,3453,5983,4578,1253,3430,3305,4855,5359,3441,1908,7798,886,4602,3196,4093,4222,7039
4864,3586,5516,2572,1678,4879,3084,4365,2575,2451,409,3741,4510,2079,160,1950,2211,3497,174,8495,8367,8750,7474,8884,1986,2627,1479,6600,9293,6223,976,2641,1876,1109,8405,728,4696,1754,5723,1883,5215,738,1762,2150,747,6126,6006,8696,2429,4479
7554,7044,4619,781,6932,1685,4886,6557,5284,1964,2863,306,5555,1972,3509,7221,437,5045,5433,4663,699,2365,3776,5570,1093,5703,5063,3661,7118,2768,82,2261,7126,7381,3034,2915,997,1894,2919,489,2793,235,1004,1650,9715,5367,8440,3321,7675,766
3841,8719,1298,2325,5016,3609,4895,5281,8355,4392,3370,7338,940,943,2100,4281,3129,1984,4931,2760,6346,2510,3150,4432,2001,9044,6485,3669,344,4825,2777,2014,2914,6244,2537,4073,4459,1388,8169,2158,1899,2799,6899,2164,3061,2808,1273,2427,3325,1022
5641,1044,6420,1174,2200,5145,1277,539,4766,8478,7712,932,4261,1191,7719,4393,2352,2098,1589,5302,6074,2877,4797,7743,1733,1989,4681,1741,8056,469,7767,2905,3932,2396,5596,2141,7393,6626,4451,3685,7144,5993,3818,5096,3180,6008,251,6268,5245,8190
8448,5249,1158,5126,9226,1804,5774,8335,3088,3731,1427,8981,534,2458,1052,7709,798,3999,1567,2083,2213,4776,4137,1718,5178,4282,6716,2751,7873,66,8774,2940,3019,6093,1104,3537,2901,3158,217,4830,5480,4585,4974,115,8053,9083,1660,2941,6526,2431
1156,645,3720,398,3472,5008,1554,1684,3094,2199,4760,1436,5795,2852,3621,2858,3499,7088,3647,8000,3777,447,6723,3140,453,964,5823,449,3401,6606,592,4304,1488,7379,980,852,726,4565,4952,7640,6364,1889,1254,1126,1132,621,1774,2159,2542,5108
3329,3073,387,3460,3206,6024,6289,3601,9235,8339,7958,152,2714,927,3360,3745,2977,164,6693,6572,3635,4026,7355,5566,2753,2499,5572,963,324,1354,3403,4428,2508,2637,1231,3792,842,4691,3796,4440,2392,7261,2784,3434,3307,3052,1904,4337,1275,4607
5889,7298,9987,2697,4235,1551,4496,20,1302,1058,2212,8356,6438,8871,1451,1835,1196,6062,9388,4656,817,1713,6321,1836,3895,1720,5432,7415,3262,4286,6462,1216,4682,3663,719,3025,6611,215,2138,3676,5985,2019,9447,242,7155,2035,4981,1907,2807,2809
5893,5637,6281,3852,3606,6038,3737,7068,1439,543,2720,2081,2218,2222,3631,5681,4531,2484,823,7609,3134,2624,4165,1990,584,6217,458,3277,1101,8404,2900,2646,8920,3802,5210,860,474,1502,3551,3552,9827,5604,6761,5488,4851,7671,2680,2042,3451,1791
9984,641,3462,8838,6408,4743,4487,6666,908,655,2964,532,3734,5527,1944,7323,6942,2590,4514,9124,10020,4902,4647,7593,6962,5684,8117,1848,1340,5183,2498,3142,3783,5196,4049,4178,2129,6613,1367,1378,5603,4963,361,5484,4461,494,8309,7030,3959,6011
3200,8972,3087,8977,2961,2970,8220,2205,7326,5023,3233,6178,5028,7974,1319,2601,6185,8238,1582,7599,5806,178,7475,7478,4153,3387,5824,6848,7115,4043,716,3404,847,8018,2260,3414,5206,8282,1371,2780,6369,6628,10856,5614,4474,6768,7281,4212,3706,381
6020,5125,7431,265,5132,4621,2959,5012,4117,4631,279,5531,7195,669,5277,7584,33,5026,8865,3622,10156,300,6063,7984,7733,2487,8504,2363,6590,6727,3912,6858,1229,1103,9682,4307,10325,8793,5337,604,7392,480,3298,8300,3314,5363,6387,1909,3576,2175
512,1028,1543,4617,4874,5770,6540,4878,4497,2578,1683,2967,2040,3480,5408,3232,3107,3492,1201,1073,5171,2867,308,1334,1211,1985,9282,3906,7745,1866,718,3666,7250,3028,8021,3286,6232,5083,6493,606,2912,10339,1252,10597,8298,4978,5111,3064,4219,2942
4,1656,1933,909,789,1948,668,1308,2209,7074,9508,1956,5420,1454,1839,560,3630,9660,700,2878,6080,5697,2881,1987,580,6213,1606,80,9681,1361,6612,342,1495,8790,218,2147,615,1896,3176,5865,2409,5229,1647,2671,6128,8818,624,1525,1272,378
1792,7042,2054,6795,1292,7308,1677,527,4111,3856,2577,2197,6808,6425,5787,4897,1827,4652,8239,4144,2737,6842,4027,4926,192,7746,5060,5574,4937,8780,5453,1100,210,4435,983,4055,348,4321,996,7397,4838,6635,3309,2670,5104,1392,8694,2298,125,1278
385,4866,3458,4483,7828,7445,919,673,8226,679,8616,3241,3243,3374,7215,5550,4145,1975,9276,834,10306,6470,5447,4553,589,4174,5327,977,5588,4694,2139,8028,1885,1757,4833,4961,8548,1765,4454,7654,3944,8295,2794,5101,1137,6771,7284,7412,11003,7167
2049,5635,9732,3077,4103,4362,271,1936,8593,5653,22,1557,5914,6683,8734,6430,6306,6692,5290,172,4781,5295,3889,3763,4404,5173,6713,570,6337,10308,9158,459,332,2765,6603,3919,3408,6993,3793,6736,2902,1623,4695,2137,92,5855,2030,2292,7286,8830
8064,896,9348,2053,2954,1164,10003,1171,1175,6809,2459,2722,7337,812,3885,4018,7346,4660,6199,3512,2875,2364,5692,3646,9535,1856,3644,1092,1605,6344,4041,3273,971,5324,8653,5454,338,8275,9171,6616,4060,1501,7010,3683,6127,4847,7793,5871,4601,1147
4480,3331,263,1672,1417,4363,7691,6797,2702,3980,529,18,6163,5141,8982,2072,4890,1445,3366,6826,1067,7090,1588,5172,3515,5950,7874,6473,6988,10831,3412,4309,982,6488,4569,349,9566,6878,9184,5854,8547,616,7790,5874,3829,8310,1015,6136,7162,7548
5633,8321,3457,4486,391,10120,7047,141,6673,6417,2841,5915,3611,3867,3227,31,8098,4519,5289,170,9777,7986,6582,4409,5562,10430,7615,3320,3648,959,4680,1867,2895,6610,1490,4948,602,9435,6235,4189,4319,3042,2659,4962,10989,749,8687,367,882,3704
4992,2055,4233,4109,1300,3608,2202,7706,4253,3486,7966,6180,8872,2091,1069,2990,8878,5551,7217,2354,1459,1716,3764,176,5168,9273,2623,3008,4929,6471,8392,465,595,3027,6227,2518,4822,9695,7007,4324,7525,6119,2153,8684,5870,1520,4210,3830,375,126
1153,3971,8452,7687,7819,2444,10639,3224,7961,5661,5790,5279,4638,4001,8482,5923,2596,9518,7089,2610,7095,3002,3143,4169,5195,3023,8144,3285,2774,2264,3161,7515,9053,3294,2271,736,6113,8672,6627,4318,2791,3559,4456,872,875,2412,374,5368,7801,11135
7041,2306,2179,1671,8840,3082,4491,2059,1037,8703,7055,5010,4756,665,5119,1947,1444,1957,556,4012,1453,6711,5819,194,460,1997,7502,3926,4567,1240,7257,3962,351,8416,7651,2789,9703,4583,8039,1769,3048,1261,1389,496,2162,370,5751,4473,7674,4351
128,9992,13,1807,15,785,5007,2193,3862,2972,7071,7583,2082,7076,3365,2730,1455,7344,2994,5170,3379,4277,6069,10165,2104,4793,6588,2108,8637,9790,8512,4161,2882,8259,8773,710,2123,7245,1615,2898,2006,4832,4320,9960,6891,8812,6003,3575,6013,894
644,5000,2953,1291,11279,9491,1433,3613,2206,3487,1440,1057,5794,2598,39,9258,4398,5807,2864,562,9780,3766,1721,7484,4029,1596,6849,1604,5573,582,8008,3656,2763,4429,4303,5329,3154,6867,596,4950,95,4703,8424,2026,6506,5994,6514,6009,1916,3581
1408,1281,3330,9221,3079,1160,3337,10122,2445,2574,7183,4749,1553,788,9364,2324,5147,3106,8236,686,1841,50,8755,4529,4150,4665,8121,955,5180,7485,8383,5831,7627,5964,2514,1244,5726,8799,5088,5599,614,6375,5609,7657,1387,9966,6517,7031,5115,8061
1412,4356,2184,6282,3339,3726,9999,3217,658,8595,3220,3477,1657,2075,3997,9122,2214,551,3624,4263,2347,5934,2482,1207,3130,2619,8124,1468,2752,4171,2253,5463,7897,2140,2526,2916,3432,7913,2282,8301,4462,4335,1773,4729,4467,10100,4985,1658,4347,2684
9604,8325,774,6663,7436,3469,11278,2190,2448,786,916,2069,2460,8094,3871,7588,4901,933,7594,7856,9264,438,185,9021,1858,6467,962,5191,6989,6351,6866,979,7383,2136,3162,870,1639,3943,5738,3820,493,3826,7666,1524,2549,5879,8312,3065,6142,383
6274,4867,6532,1541,3076,2187,4369,2963,1430,3736,1310,5919,7073,6050,2466,1707,10033,2749,4159,4032,5445,4426,8781,1872,8147,1749,4186,475,4316,2397,3038,1247,93,3041,7523,2661,3174,488,233,4075,1900,7149,5998,7534,2928,2672,2802,2676,8314,4092
8705,3078,7439,1679,6419,7574,5655,6167,7449,1817,7197,3364,2215,3625,2474,5035,7596,7213,6960,3762,4659,4668,7229,1598,4288,4419,2888,5704,1992,3790,1871,7125,1756,734,8288,9828,2660,3431,7785,7146,2411,2413,6382,7151,3568,9841,7026,5103,1397,5494
2176,9862,137,7052,1165,1550,1402,6418,5780,6297,794,1179,2207,1571,2342,427,7980,47,1719,3641,3001,3772,707,2756,6724,1094,1603,3529,73,1485,6477,7758,6224,1106,5973,6998,2133,6620,1245,6110,609,7396,1893,612,110,4595,5619,9466,5244,890
7172,6148,3335,7181,14,4367,4112,3989,5909,156,3229,9504,546,1699,6437,3110,5926,4134,5805,4013,7727,5944,7481,5690,5311,8128,4038,8135,4554,10446,5711,6991,4305,5326,2003,4564,6225,3420,2012,2272,6883,4325,7145,3945,6893,3187,6260,4084,3574,7288
6656,7684,5127,5896,3086,2960,7957,6677,2583,5397,4379,2589,3489,11172,9381,6181,3751,1193,2224,48,4147,6709,9527,4279,5561,4796,8767,4420,4809,6097,6482,6357,3799,5848,2010,3548,7266,7139,2276,1634,7783,6379,1645,6639,6258,5109,2678,9723,9598,4859
10880,1536,6533,6026,1421,9997,8464,8085,1048,3099,1822,930,8357,9637,10533,10921,4395,7085,3118,2991,10416,947,8245,10809,6843,10428,961,5188,3013,5316,10697,3657,2127,3920,7124,9304,4313,731,8439,3295,6370,11874,1890,4966,2023,3688,2036,8823,6138,6140
4737,1801,1673,3722,10636,10,1162,3222,2582,1690,1053,6431,417,4391,1965,3504,5043,4915,6453,7351,11191,5177,3642,10939,322,835,4421,7367,8013,6480,11216,1362,6099,6615,220,1121,4070,6887,8806,2918,2029,8049,8050,10612,3317,4599,7032,4091,3452,6525
643,6531,1284,1414,903,3976,5769,9483,2446,5391,5392,6415,4627,8212,1177,4252,1568,4256,1570,1830,3496,811,5548,1967,2226,7735,2492,4671,3908,1736,6909,8648,4556,7377,5458,8402,9041,5974,3415,2778,2786,2274,3043,5094,4331,5995,3711,1265,5629,5759
2560,7043,6150,7942,9482,8461,6543,4241,8594,5396,2709,6422,6421,9468,795,1309,5918,6559,2334,4383,550,2983,1578,558,11695,1592,697,5308,5437,64,3448,3398,5449,6605,4814,1491,8151,6114,3300,2539,1902,6511,4976,2673,1523,11763,9208,7931,3964,2173
11650,1669,2951,2062,5390,6160,2580,7061,3738,10780,11168,5793,2465,10278,941,9774,3632,6066,5685,4541,5310,1859,6984,7626,10059,9932,9547,7630,1998,4176,6352,2386,213,2008,476,94,3835,3040,5986,4068,3557,3942,9321,10731,2925,8557,4206,3186,119,6139
9472,258,259,1539,4869,8326,6791,3985,5271,6679,6174,3103,4132,678,2093,430,4783,559,10161,4785,9397,1206,1594,2621,5053,10815,5567,4546,3525,10566,6861,78,2896,1624,9688,3290,1114,5213,9438,4829,5473,5732,9063,2792,8937,7915,7414,11766,7676,7934
9600,4224,6019,6405,1927,5138,8851,5019,3870,415,11038,6305,8610,926,1953,4128,6308,6828,2606,8113,7218,948,9526,7864,4537,1853,5949,3650,2885,3016,5068,4172,3534,594,1235,7254,3670,10975,3937,867,6374,3437,7279,3696,8691,5235,4086,4982,3582,4863
10114,2438,5645,7438,3860,1173,2071,9245,9123,1959,2856,1452,2094,5683,567,56,1976,58,1597,4416,4674,6979,7490,5829,70,2120,1225,1481,1995,8652,8529,7378,2519,7388,7901,3678,4191,8032,4449,5090,5852,2527,1767,1768,1129,1897,5747,9204,2420,1655
2048,2561,132,5508,1676,525,4877,9106,3218,8215,9239,8730,6939,8606,4639,9128,6057,9641,6827,5804,2987,1710,4655,6192,4786,7859,2612,4916,6969,3900,573,1982,2628,325,9800,3786,1618,5075,5204,5716,7132,5602,4708,8551,3952,3316,1142,4343,2171,3836
8577,1796,7301,10121,6025,399,1303,3612,540,9118,9503,4512,6433,7721,6186,4523,1329,11059,1974,1591,6968,6204,8258,8899,1476,5571,7113,10571,4558,5967,6607,3411,6742,8279,8025,6492,4061,3168,993,3170,7008,8294,2281,879,1651,5753,4603,380,7038,7423
5760,5120,3845,1544,5002,4492,1167,403,1812,6173,8350,1312,10018,5667,9252,3749,1703,5543,8103,1194,2603,3628,944,10292,6838,6201,1086,6978,8003,2242,7491,4549,6726,75,1996,9296,1622,3035,5853,3550,7652,7142,9193,1008,4593,9202,10487,5112,5498,1534
7045,2950,2566,10760,10503,6918,3850,396,9870,8592,5139,7318,4503,10906,10360,7455,11169,162,6648,7852,5297,434,2097,2228,2872,6970,9404,6332,701,3388,6207,7100,5314,6595,4813,3664,10068,6231,1242,6107,3164,3426,4579,7781,4330,5228,2289,5746,6392,4218
8193,1155,4613,6283,12,6286,4495,8468,5500,4889,8089,7963,5151,10786,9379,10021,6439,8105,942,6448,2996,8760,2235,3265,3269,8777,8524,2893,6095,8055,2002,8531,981,4823,3545,4827,4063,2399,1512,1256,4841,4332,6253,3694,5230,2166,1526,248,7292,4861
7176,8712,5005,11154,2066,3732,4758,9624,5146,1820,6558,158,2592,6564,7718,5417,1322,9259,5935,11824,3377,2613,7991,8256,2241,9922,7362,7112,2250,1356,1613,1873,8786,722,8660,10198,7004,6495,8031,5601,5987,7780,4327,9449,3692,4208,753,11892,6647,5117
5632,6021,5638,3719,6412,4364,2447,4114,10775,6301,3742,9766,4016,2738,7732,5813,950,7224,7233,6085,8902,455,839,5318,4045,6734,10070,7384,6745,5464,4572,8926,3936,3808,5347,228,9317,486,4345,9577,8427,9835,5997,111,498,1269,9717,8569,1787,10879
6530,11013,11146,9612,2189,11404,9232,7571,8352,5413,6951,9385,5673,6825,8492,1581,11439,3375,9907,7093,8885,1978,2374,9166,11863,3160,10585,7639,9307,2265,10205,9567,2015,1381,6759,4329,2540,10349,10863,1776,5105,7409,1395,4340,1653,5750,5754,10107,10748,2687
6659,8,1674,1803,524,149,3478,3861,6552,3995,7965,3231,35,3109,5544,8621,565,5687,569,8250,5563,3004,4804,1737,9803,2380,2559,1358,850,3156,4311,2007,7002,4442,8540,1118,5214,6630,5354,3440,2418,3315,5748,5490,1654,757,2296,377,7294,9727
7426,5123,4612,11011,6278,10761,2318,7059,10359,9496,2330,8484,8612,10415,7347,10680,5946,11579,188,8764,5435,4160,1473,837,326,4167,711,7114,3155,4693,3543,10072,3801,4187,10332,9949,10334,9187,1637,2535,3433,11113,3054,751,4079,5489,12151,9336,11515,3069
11265,8962,7297,8580,6917,4615,6152,8839,4618,10765,8845,9230,10902,1559,1305,10275,5797,8870,6182,4136,10745,6325,1846,2357,9406,6336,2625,4930,9921,10055,5319,12106,10955,334,9807,9297,9170,9811,2132,6997,9425,869,5478,4457,2545,8689,4853,8952,12409,7163
6400,9089,772,4357,3465,6411,3342,6674,5395,4121,11931,5024,7968,5924,548,8231,4909,4399,6449,4914,5299,6323,8244,2230,8249,5181,3645,6209,9542,840,3145,586,6474,1738,1102,2639,2513,8150,4310,9441,8419,4970,4714,2033,7027,2165,7670,4598,7416,10237
7553,9986,6786,6789,6407,6667,11662,7570,7575,8855,11034,8224,10402,9125,6949,5032,43,9004,4397,1200,6065,11445,11190,12600,5052,7742,7486,1600,6721,6852,7369,7887,11224,5979,8033,1250,10466,4581,2662,4715,10221,9710,6257,3059,5236,11382,9849,6394,6907,1404
4227,2563,7306,8458,6539,7179,5262,4494,6929,8341,6550,5400,2585,7450,6300,11037,7459,1062,1576,3369,1832,8363,12204,945,3252,695,4535,4408,2747,3260,7999,9793,3138,836,7750,4170,11466,5073,9945,6490,10077,8158,1246,992,2530,8939,6385,4594,4850,881
12288,4098,2564,5511,7050,9742,8082,3476,10773,10649,8219,9507,8227,5157,806,8488,3240,1197,173,5039,4530,9011,2488,10620,10168,6463,9666,8389,6087,9673,12363,204,7755,4047,8783,6872,2906,8539,1882,5851,6494,7135,7138,5476,7017,3050,2538,5613,10605,11004
3203,2435,1797,11398,3718,9863,5128,11529,5901,1296,2833,7954,11025,7956,1172,7955,8737,5669,1189,2469,4270,11700,4020,3128,2236,8384,6466,7107,5443,7363,7495,2632,2121,3658,6228,6360,6105,2524,4192,4196,2534,1513,7401,3566,8048,11376,9078,1016,6521,5628
9728,4610,7048,8201,7817,12044,4237,10256,4115,12435,917,1689,11419,7196,5662,2594,8868,10409,7212,7341,11187,8372,12598,9147,7995,1213,8132,5575,10314,7754,76,6221,9036,6091,1099,2894,9047,3928,855,2011,1374,6371,10855,5351,10601,6766,113,8565,9847,11899
3842,7938,7171,4359,11528,1169,402,147,6933,24,2840,7710,6946,5666,12068,4259,10537,2090,3245,5166,10419,4275,6581,2998,5815,952,4788,5693,7870,6850,7110,1095,10568,9802,206,10704,4946,5459,9943,12376,11994,6491,12128,3938,9956,1124,743,3179,1006,9978
1542,2439,5894,4744,9611,3213,5902,3599,7693,7315,2579,5651,4502,3102,4517,7078,3495,1448,5547,4651,2223,561,8115,52,7223,440,68,2378,10828,8525,7504,7890,4947,5332,7637,3925,3930,6237,5471,4831,8289,3553,3950,5615,2543,634,10231,121,1786,9595
1026,9090,8711,9096,7566,4752,5140,1561,6426,5788,8732,8093,3753,5546,6701,8496,5940,4917,2102,4533,1335,11197,62,4415,4414,7489,3396,5446,6654,4042,7884,10063,8400,8145,7128,3424,7906,9826,9446,1511,8809,2665,8429,1138,5106,11893,631,4475,8317,4990
7170,3588,2824,6413,3214,1423,9104,11921,1941,8343,5912,9241,4634,5274,9499,3614,12321,4003,8867,10792,6064,8880,6578,11827,6707,6963,9395,7473,571,829,8766,9031,7496,3272,8266,1875,10453,8918,3032,10456,10970,8792,10847,10336,1127,8296,10090,363,2416,10486
4739,1163,2957,8718,269,3854,893,3986,3475,4123,1181,9887,2297,9894,7847,7592,2860,1790,8632,2107,4670,5952,8257,2114,3394,1482,1610,6782,4557,6478,468,854,8409,10202,1498,4315,5857,2146,6242,7141,2156,2157,6513,6898,627,2932,4221,10105,7549,6910
1282,3332,2309,134,7945,9866,10250,11658,2832,9111,1431,3482,3226,10910,6687,7203,3619,5925,9514,7211,4782,9905,563,4787,3510,1079,5943,7607,9274,11450,6071,8251,10565,6860,9424,720,4053,5845,8024,7001,9437,9824,3427,6756,8549,5221,10478,7794,2547,1532
6144,8961,4611,9608,1806,782,5775,5905,4242,2195,10254,1429,8856,2968,8472,10905,3484,4509,5280,7332,5286,8999,6189,9517,1970,1202,3767,4154,1342,1217,10053,8645,8390,6856,1232,5969,2769,724,1750,9697,9699,11749,8808,11500,5742,8177,8437,4215,2554,11774
769,1538,902,5639,5897,905,2829,1422,10895,6416,7057,1297,3730,9998,9628,7454,10911,5285,3244,7724,6445,5676,5304,2361,826,4411,3517,6205,11200,11338,5581,5202,7892,5717,2262,7386,11999,2655,10335,2788,3686,7678,5608,6892,7405,7280,12400,1778,8445,2046
4993,1668,8454,6279,4616,10378,1932,1934,3727,5135,2322,3474,2712,1816,1311,671,5419,6829,7091,2101,953,1474,4675,9413,3785,6350,2257,9554,339,6100,84,3672,4698,9946,2652,9690,4958,9308,4828,3556,3814,5099,4972,2286,8942,9465,5371,3324,2301,2943
2945,6146,7299,1547,8459,11027,531,6805,2839,10008,10394,2845,12192,9380,4389,5798,8746,10541,11438,7726,691,4667,9787,8123,4798,2111,5698,9667,5833,9422,10321,4949,5976,1880,7643,8412,2269,9054,9057,1382,9962,2028,4848,1009,10352,4852,9845,3060,6905,10493
898,7683,6275,8582,12415,10125,6030,6159,3602,3219,6676,8726,3610,4763,2587,8605,5658,2974,9632,680,1321,6455,3896,1208,9658,10040,4284,957,2750,10431,8509,3009,9918,10438,6731,9421,3323,6865,7635,8662,5849,1373,8285,11117,6775,2425,9082,1531,6653,7807
4225,11778,1145,7558,1935,9236,5881,920,6812,11676,10529,5282,7201,6694,935,2984,12076,4141,3502,182,4025,1850,2110,2497,6214,4806,6854,2124,9420,10317,7503,10323,10197,8661,7895,7258,8923,2907,10078,2782,5859,5989,1895,2032,7665,1522,8179,8951,761,895
1665,1025,9734,6409,9484,6294,6039,667,8222,929,8097,6563,1572,2721,4131,4009,4522,6442,6571,1705,6956,3638,3005,5953,5827,3654,1608,7881,6094,7886,8272,4431,336,3284,725,1366,5846,4185,3037,3293,481,1892,5477,1002,2924,754,758,2295,8824,637
3968,6401,6657,3201,3843,4231,3592,6793,2194,1811,7314,5910,791,7070,287,6047,4130,7334,7206,3371,6577,7352,5048,6203,960,1729,3522,5958,2891,4812,9549,2382,3450,4944,3798,9302,8795,4444,3166,10848,3939,7269,232,9323,9070,1011,3572,1911,2682,1405
12035,8708,1287,5384,1035,7565,10381,3728,11665,11802,7199,9891,9853,4262,1074,2227,8758,11575,8380,11198,3392,4673,3011,2758,7628,9038,3832,3921,10579,5076,1365,10331,6884,3302,2278,6886,3837,7526,3303,10734,11631,4078,3057,4720,8051,2929,2039,4472,4733,2302
10625,2178,6147,4229,10376,5129,2570,1033,5266,6036,405,10518,407,7830,1050,7713,4770,3617,3748,8998,7979,3383,5049,5055,12095,9155,9669,7366,12108,5197,2766,5713,11729,11477,5592,7513,8154,7899,6234,1369,4573,10717,5474,9573,11622,4718,7150,7795,8052,6780
3587,9094,7437,7054,7694,1040,3347,11540,10006,6040,536,9242,2715,7448,10270,8991,8096,3108,4007,5036,9645,9262,1198,6451,5814,5689,9916,4925,1726,3907,1731,7240,6602,11722,8778,6863,11101,7774,10462,7648,8803,9575,5225,12010,9580,7663,5618,6642,9844,2038
8198,8456,6920,2826,3848,6799,8208,5778,1299,4249,10522,1060,8486,2471,168,6266,1068,10803,6580,3126,5430,312,4536,9915,10684,7869,1980,7230,8641,4034,6853,4933,3067,714,8528,3794,12115,989,9313,5730,6633,1135,10608,9331,1267,4339,7800,11129,8570,5499
0,4868,6916,6661,3973,4746,2191,8463,401,10642,2836,151,5529,7964,10526,289,10787,5668,5414,4778,4396,5293,6830,10034,3897,2489,6845,4158,9791,4547,1740,2642,5081,5594,4062,2398,6497,1505,8675,8932,99,229,6245,2410,6510,4334,7797,891,7933,1662
5376,5891,2437,9607,2183,4871,8583,7051,5644,1937,9746,915,4888,8601,1307,9372,11547,11294,10398,12064,4513,3494,8102,3372,9390,1327,10158,6961,2992,7604,9409,3010,10567,5959,4942,11222,9180,7517,9182,2024,6122,10093,12528,5234,8563,10994,2550,6903,2168,8572
5122,261,1808,12308,6295,5911,6681,666,4633,5789,9249,9471,6948,1574,2219,1326,12465,5812,2873,2491,5696,12483,10948,3910,2502,8519,10311,12023,6220,10956,10959,7506,7509,3797,6874,12508,1629,1630,871,11880,6378,7791,8562,6772,629,1270,3703,5501,3710,8319
2690,5520,5777,9619,2068,9748,12180,9501,6816,4640,9700,6309,8748,2740,5044,9400,3386,1339,8378,3261,4413,4031,5568,6719,708,5708,8269,5582,6862,8654,5331,8791,1628,4445,3423,6753,356,3813,7782,5863,5352,11364,11626,1771,3690,9448,8682,6002,7928,11387
2948,7941,518,10887,8332,2061,6542,8978,767,11541,8854,1046,7576,11544,9754,6815,672,10743,11940,8614,8873,12074,7081,11564,9651,5558,11383,11064,445,9150,7232,12225,1088,4291,11970,8263,11723,5460,10587,1122,5733,7530,5358,10350,2288,9583,1143,7160,7421,6015
6403,7940,10373,9480,11273,6922,5259,8585,9874,1301,9879,9377,7845,6821,8358,7208,7471,10364,11697,9393,3636,8887,7096,10172,2754,6343,9288,2634,11260,7629,4046,7759,11856,8016,11984,8913,8276,10842,7516,2910,6881,3169,5992,12780,7799,2552,3961,11644,1918,12287
8832,10113,4354,7686,6023,7433,6538,5899,2316,5519,7184,10768,10770,11671,1183,7716,4774,11818,2988,9776,5426,8247,6206,10559,575,6851,9545,5578,6475,11852,9037,12240,8658,9427,6739,2647,11096,10329,11098,9436,9309,10846,10338,8423,9197,2160,12401,9457,5492,6014
4736,5377,1280,9603,2052,4740,1800,10252,8849,10260,9366,6806,5017,6811,2849,7714,7843,2473,2859,10236,2608,5939,9277,10174,5439,2496,8134,457,3148,9805,461,8142,8268,86,9049,4954,9819,5469,9310,6623,10987,4588,6380,5227,5744,3954,10228,4346,4732,8191
2432,2436,11781,2314,3466,3981,6935,11288,9623,281,2203,1692,7837,3739,796,1188,8742,7086,10926,946,11314,310,4664,11192,4921,827,2618,5565,9152,4162,2889,5580,6096,3026,5462,1752,856,7771,8029,3934,7399,10087,3695,7152,11378,9075,2675,755,246,10235
256,5761,8066,9473,8196,8455,7946,8716,7309,10258,6292,8347,6684,7328,7597,432,3249,10675,3380,8373,6324,9912,10938,9019,7614,9923,2630,9801,8138,8396,4430,10575,6609,7893,10458,1633,6885,6373,1128,5100,11756,237,1262,633,241,11121,10488,5113,1789,11263
4353,1667,4999,8589,5907,11284,6675,2201,10140,10653,8861,4641,8481,9635,804,3879,4650,12333,6196,2870,12471,8376,4538,4794,6977,10690,10821,7877,9035,3789,5584,5457,2258,8406,6103,8155,9564,3165,9953,97,3177,2798,10223,1390,1648,244,3445,5626,9725,4094
3840,6662,2312,6414,3344,9108,5786,2843,8092,5276,4768,6945,8996,3367,5160,1834,8364,428,9773,8493,7729,1332,6836,1464,3779,3909,8518,1735,9299,341,9685,2391,7000,3033,3929,5342,5598,1761,7267,2020,3429,1257,1001,4587,4076,8559,240,6262,1530,3966
7936,1018,2823,10631,5260,8207,4623,8853,11927,6553,2332,11933,11298,3500,6444,10289,10290,9266,10295,6397,10299,11580,12098,1730,8900,10877,2372,9412,7368,328,8522,11209,5199,11090,2004,6741,8153,4700,6752,5216,2402,7407,3823,7537,4207,8054,11640,12666,8701,12414
1409,2562,1157,8328,7304,9994,3595,2443,9214,9238,6555,2464,1704,5162,1580,6573,1071,11698,5175,11319,7225,5818,1723,2493,318,8255,3263,5057,577,2115,8388,1345,831,3915,5714,5970,3417,5209,4571,986,9701,7276,1521,12017,2109,254,6393,6524,5885,4734
12546,10756,7,12176,3857,5523,10262,3355,12445,1951,1825,10658,9636,10279,4524,4400,5937,8242,1465,3643,10813,11069,10814,10816,3520,9795,5700,12613,9286,1861,7238,11342,10318,9937,10836,3199,7137,4066,9569,9188,227,7270,3051,7020,1515,491,11760,12279,9982,4991
9858,2434,7307,6028,11019,2958,2320,4881,9851,10015,1185,9890,2979,4004,2854,11942,9002,5163,11184,9649,2869,5174,9781,3256,7222,5434,7866,7357,11840,1347,8004,11205,4166,968,10315,2511,10193,9298,1877,8917,5079,7776,4065,4064,8804,617,10220,8059,9470,6143
6528,10498,2569,4108,7821,9357,9228,6930,6803,6164,7836,1187,4515,1958,9640,7465,425,1535,44,9396,8634,1083,1210,4802,3778,71,1868,7373,1614,5583,9039,7375,340,2651,5212,4957,7391,10591,7009,5991,2921,10730,7275,2285,5616,6769,9590,1784,7035,1919
11009,9606,3080,8974,11536,10001,7698,10898,6296,7832,12312,11293,7079,2472,6312,6313,11049,7730,9138,5811,4406,10875,4543,9280,11329,9924,1222,2813,12624,11731,11219,4437,11733,10715,11484,6750,6879,4705,2663,4967,8042,11754,6252,12398,3056,9463,3701,247,6651,10749
8523,7556,647,10771,10903,7447,7193,1306,4124,9373,11171,939,7467,9132,11182,8623,7601,10417,1844,4407,8759,11458,8643,1348,8265,330,11337,12745,7370,8650,7499,7760,10447,12242,9683,9300,9426,5838,7130,5981,11358,9823,3679,12908,236,10353,885,7930,8829,11647
6784,8322,1929,12553,12814,9233,11155,8725,9750,5782,3866,9630,3615,12709,7207,9383,12457,7602,4662,2744,9017,6076,5821,6973,10178,9027,9028,12356,11335,10826,7631,5200,8530,211,4441,6617,10461,11746,4836,8297,6250,2667,11372,8683,9201,8434,3571,245,7542,8315
901,8714,10124,8079,9362,11546,285,12191,2470,4779,8876,7853,12081,9779,1587,2485,10301,8639,2879,4293,8006,8520,10186,4811,1612,3916,3022,5322,2256,10577,10578,11212,7636,10322,2134,9558,6108,8925,7647,7520,11363,11625,10860,6637,5486,7796,8567,9593,10494,5375
11010,1029,6664,4105,9865,651,9358,10896,11408,5394,11157,5269,8342,10134,2844,2588,1694,11935,6176,5538,298,8235,3117,6958,9903,2486,9654,9530,10171,11964,7620,9796,2246,9160,11468,3152,9556,10581,5719,11230,484,5861,12007,6889,9453,7922,8820,1528,3322,635
6915,10116,2057,5386,10513,275,10645,3096,6298,9627,10652,3358,3744,4642,8740,1316,7333,2343,7082,3754,6322,180,11194,7227,7996,2500,6725,4938,5834,5066,8397,10709,11095,9816,8666,990,9064,4201,1384,5611,7789,3310,3438,4463,11503,2291,630,1399,1017,6911
8576,2691,5252,1925,7174,4873,6921,3979,8076,3470,7951,16,9751,3361,1186,4272,7603,7610,1467,442,1725,1852,8770,8005,7623,10440,8776,3020,3281,1234,5718,1881,6365,3680,3555,2787,1509,3046,8933,2152,2922,4592,625,2674,8946,628,5238,2934,9334,9085
9219,7812,8964,7816,9098,8202,10510,11793,9234,7699,3348,5398,6807,10137,5275,1691,6052,7844,7336,41,2475,6320,1584,9016,5051,1480,10952,10443,9164,8395,8398,7247,975,10965,7382,6619,2908,9693,3422,7903,11104,7804,9696,8167,11755,5617,8313,4730,9596,7422
10883,10502,7177,653,9102,2453,10391,10263,9370,12059,6556,9756,2728,8745,9768,9644,6574,6575,4911,690,5556,12084,9398,5817,1081,1209,4544,12355,3267,10181,2638,11343,4050,3410,10967,5729,9954,5092,8037,101,7403,5483,238,9582,8560,4341,6137,7419,4989,9854
10372,5512,2185,7944,650,10764,139,10103,6546,5143,5406,12448,545,8354,11299,11044,7857,1458,9139,3063,4402,10038,9910,10296,10937,12343,6083,9539,1351,11720,4552,74,3275,10583,4568,8184,10204,8418,5220,11237,9837,9455,3313,9714,12149,5237,7157,9592,6777,10878
1666,2307,7810,11651,7947,3468,3341,784,5136,2710,12310,8216,4377,9114,8603,7839,11810,8230,10024,8106,11307,2605,2989,7087,10673,9267,1971,3769,4155,2238,9278,7105,5058,196,8011,2643,10324,2388,7512,1112,11869,2528,4452,7786,8044,372,2421,8180,9332,5246
2692,5767,11144,5134,11023,3216,5649,9618,6548,9109,4374,1814,10393,11803,9117,11040,11552,9248,1829,9639,11306,2349,2607,3122,9525,11448,6333,10557,8898,5190,8393,5069,3924,7255,3675,5595,9947,10207,11108,5355,6508,4973,10990,9967,4464,4722,2034,3190,9338,1020
642,8966,7046,6536,11787,6668,11917,5388,8975,2966,11799,5784,5657,7065,12055,8989,2973,157,5407,169,3882,9387,9260,42,10414,3119,10291,6458,11511,450,10691,12493,1233,11988,2517,10713,3291,226,8034,5858,6632,619,1260,8047,3697,12534,10871,4470,12667,6396
8963,9988,10758,7559,10637,12045,12177,9876,10389,4248,7711,10916,5029,11045,2599,5030,8489,8361,12713,10671,3125,12470,11065,6459,11451,10173,8001,5701,12485,11464,9544,1869,7765,5208,12761,9050,10723,2021,10854,3816,4200,11242,5612,6512,11761,10740,9973,10742,11636,4216
9857,5380,6792,3464,8843,5515,11406,7311,12178,9492,6423,408,7457,11427,10532,11557,5161,10544,4019,10164,10166,7865,8252,8385,7876,6090,5966,4815,1744,8784,974,5972,5334,599,10712,7003,5095,9833,3817,8043,11373,6897,5362,2803,888,6902,5752,8057,7546,508
7680,2182,1931,6156,10638,4880,656,1680,659,12561,1681,3225,12570,9116,8221,4126,11036,416,5796,7973,2089,10672,7216,439,8763,572,61,7228,1599,6338,9538,3528,209,2815,470,1494,5239,10714,5465,8159,2533,11496,622,1519,12399,11890,1779,7159,6012,2047
9729,11907,7428,12679,10504,520,11788,10128,4625,9747,8476,10909,6686,8223,4382,9889,9892,9255,9897,5165,4142,8879,8112,4658,10548,436,10294,4023,9142,3898,11581,1983,8646,7756,8785,9553,8915,11232,10851,8678,12650,12012,8431,8688,10735,9458,9842,3189,4087,11132
1540,6,646,4232,7689,8074,911,146,4370,914,6172,1564,7456,4896,3362,2087,6824,4520,2731,1328,1590,1463,4280,2174,9533,191,4289,3649,3524,965,6089,5590,6614,8664,1753,1504,8930,6121,362,1770,3563,108,4205,1906,3958,7289,10362,4350,2045,1150
10882,3459,4742,8721,11795,5013,11416,9113,413,10781,8225,6179,8229,5800,12456,8116,11062,1847,10550,2233,7613,2366,5182,12480,6591,8514,3274,9419,2764,10699,8399,851,4692,9301,11347,11737,5980,611,6248,7400,6762,1136,9073,10227,3957,10616,12153,252,9341,12543
897,7815,135,2567,10507,5772,11537,11669,7959,2329,8860,9629,2462,11432,11817,2985,10030,12079,2350,12727,11959,2617,12089,11584,5185,4678,10823,10444,7505,12754,10966,11610,2268,7900,11102,11103,12125,6499,2404,5093,7912,8685,11246,7153,7410,7539,8697,1274,1403,7164
8195,11140,12677,11654,9735,12806,10759,12425,9739,12421,12813,8330,12426,4872,145,10002,6291,12309,12438,12440,11291,12316,12443,3101,8353,163,10662,11563,10157,5296,2742,2743,4417,11716,7762,12371,3282,1886,11359,4194,12390,8299,12397,8303,12402,12403,3956,8306,12406,12407,12405,8307,2694,2557,7551
10632,9352,6794,11400,10892,9101,10889,7569,4244,12699,12446,11679,12830,12193,3746,11297,11813,12327,9895,12200,12458,11435,5672,11311,11443,12723,11699,12214,10683,11965,3519,12735,11841,11330,10179,9415,12744,8905,12746,10827,9804,2119,12498,11992,11481,12507,11998,9951,10976,8928,12004,5350,12408,12537
12802,11522,12547,12052,12567,12057,12573,12063,6435,8485,11558,11047,12583,10022,10031,6959,6965,2871,12092,12604,833,12612,9162,12235,10572,9677,11725,12114,11218,10710,11097,473,12762,4959,12640,12772,12518,12135,9576,12774,9578,2923,12522,11629,1901,10219,12784,6131,9718,12281,11514,4987,11772,12542
6658,1794,1795,7814,4102,3977,4875,2701,4750,7823,3346,3987,7066,6302,3998,5664,1313,2338,6307,6051,3750,5545,1709,2735,3247,5682,2358,8631,6840,8889,6583,3255,7034,7619,4292,7747,9033,2890,5193,2507,4940,1107,6486,8152,3834,347,6112,1888,6882,5344,4709,998,4458,3949,9840,7664,500,5877,3446,759,5624,6010
10112,4097,3584,4101,777,5385,6924,8465,273,3473,792,4251,284,6048,6818,7971,8997,3239,7340,5933,12335,12208,12207,5553,5554,5169,1711,5424,1077,2483,11705,10554,2490,1212,4666,1855,2243,713,5451,3147,6990,3662,5842,4824,3803,3931,737,1507,8040,5224,874,7529,1518,6130,4469,5622,503,4988,3965,9855
12416,8065,12417,11911,9353,5642,12554,12685,10382,11022,1809,7186,12819,7317,10908,7842,12322,10788,11683,3878,10027,12459,12717,5167,12593,12209,10932,11958,9143,4024,7098,4156,3773,11967,10943,8769,11713,11587,11460,12099,11073,12490,12494,11221,11353,6876,10463,11234,12389,8550,11881,12265,10985,12013,11888,9969,8566,11510,11130,12157
6913,7302,1289,5258,5387,5389,3471,9361,1428,7319,8088,6427,6303,8480,7841,2851,9765,5288,1066,5932,6060,4910,8752,5686,9784,316,4542,5695,1219,6599,5965,6222,591,4687,1619,4180,6230,3671,2520,5338,1243,8924,6749,3547,5343,4575,7649,7779,357,4326,3047,3045,8425,8187,2668,3693,4844,9585,1140,9461,8693,9207,6776,5883,5116,1151
9601,9218,1027,9477,9738,779,5646,5647,5648,9620,5270,9240,9752,9759,5536,9761,5410,5539,9762,9638,5671,9771,5291,5677,8749,9775,5679,9521,9270,9783,9786,9788,9407,5186,9283,5317,9672,5705,9289,1483,4818,9810,1364,9428,9430,10838,1110,5211,9335,863,12384,5217,4707,5475,9706,9708,9199,5232,9203,9205,5623,9720,1146,9467,1149,9726
130,7682,6277,8967,1031,7063,4375,2457,3098,8731,2717,7967,2976,5025,4255,6691,4644,6561,7466,2355,8375,3007,8772,3271,329,8267,973,5198,6738,5847,10199,4697,4951,5975,985,9055,5087,4450,5988,9319,7408,8816,10739,6388,5621,5880,505,2556
10115,8581,9097,5497,12300,6669,4110,12302,2321,12305,11539,8214,1687,4505,27,12060,8349,4891,5278,11555,4771,10023,12331,8240,1586,10420,6326,1084,4805,5709,3918,4559,11983,3923,4308,9941,10328,6233,12633,12649,10864,6644,11000,8185,4095,8444,3455
10369,8450,2818,12551,12168,9868,11919,7568,7825,6671,8083,10138,10523,7708,10784,2337,10280,8107,2480,10930,10941,11199,6079,1988,7621,11077,10569,467,2654,7264,6625,10083,6501,7910,2025,7278,7024,10096,10738,12146,7282,12276,9976,7803,12284,11901,6270
9861,2310,3208,393,8073,5003,3596,5900,1545,7697,9086,5525,3991,5401,3483,8987,2077,7325,2975,6175,2335,8993,5027,6690,8866,4646,9510,555,2221,3886,5423,8109,8500,7605,2741,6330,6589,2494,8640,704,2886,1863,1224,9418,9291,4044,7885,8911,5072,4821,2005,8417,8420,2407,1898,3306,5102,5487,7536,7662,7028,7669,4725,249,1914,4862
3072,3717,7432,5257,7818,4748,6925,3983,6288,5521,8338,2450,4630,3990,8984,4636,2718,8479,7077,2853,4905,7468,6447,3508,8761,4283,6075,5184,3905,4294,966,6347,5712,5715,5080,7898,9183,8544,6755,6247,4842,7914,6124,3821,9196,6770,9460,8699,5372,7806,7935
7808,3714,8709,3721,10633,7696,4500,9494,10776,7705,12061,5152,7969,422,9511,10535,10539,6059,6317,302,6450,11828,7606,8511,9536,9279,9541,5961,10953,11214,4051,4820,8668,11645,3681,8161,9062,8679,5866,5867,7531,11115,9964,2669,9968,10354,12665,7418,9981,10110,6783
2688,1537,8828,7427,523,4620,8075,11411,9368,11420,8604,1824,11425,4387,12579,11693,6704,11569,9652,7989,11702,6328,8120,10811,10045,10944,8386,11459,11972,5830,11975,7880,9678,11603,9557,6747,11100,9950,2144,10978,8674,2532,7932,9829,359,8552,9194,10348,10481,10099,12028
3712,4865,7296,11526,10247,2698,10511,9231,10386,6290,3091,10261,8598,11031,7702,3864,11158,12054,6810,2586,8213,3104,9512,10799,2935,3506,6586,8506,10812,8895,11839,4287,7235,4677,10822,6476,588,9939,861,12126,11490,5348,8807,10345,7660,11116,3824,4723,5495,12282,5756
10755,7939,11141,9222,9476,10377,4626,3093,5781,5015,5144,11673,11035,8608,8099,5412,7205,9513,10922,9129,9131,11437,2734,6319,11826,818,8501,1085,9920,2761,6987,12109,7117,9295,9936,3024,11736,1499,8796,12638,11616,9060,10982,11111,5356,7021,12654,10477,9329,1782,6650
4870,10505,10508,7053,11663,10899,11925,3481,5534,10530,291,5154,6520,3881,10410,8491,11954,693,6198,8118,11957,8379,10429,12611,11588,12488,11210,10954,12620,9292,8532,11348,7894,11993,9818,6109,12766,9825,10722,11619,12644,8421,10214,4071,10217,10858,3436,9200,12273,10872,3193
9991,9224,9867,2700,10509,4876,10127,3605,663,12056,9497,8090,10651,12185,12066,10408,9134,11955,9268,7361,10050,12739,11204,11845,8775,8651,844,11340,8910,10062,12496,10830,6098,9176,11480,11867,3804,10845,11743,3296,10211,9572,10340,11109,10216,9709,10351,11123,12021,11771,11134
7425,3334,3210,11402,3340,11407,1813,7194,9883,10141,12062,8733,11042,2339,3237,8874,11822,1969,5887,11188,1845,10043,12476,11327,7103,3780,7879,7498,978,3539,10962,9813,9559,472,11864,2649,5593,10074,9687,10079,10082,11236,10984,9707,6125,9071,6773,5882,9469,8958,9215
4608,12934,12935,11016,3724,12815,12562,11924,12822,9634,4899,11173,296,10920,11948,2478,12591,9009,9653,10048,10689,11074,6464,7364,10309,12870,12103,2503,6985,11595,12752,8019,3541,471,12120,9821,12512,11747,12517,10472,11240,8041,9067,10992,1393,7921,12913,10996,11639,3579,11261
11777,8451,5381,10374,9349,2056,12170,11915,10255,10384,639,12053,9877,3095,11809,6434,11811,10531,4008,10536,12078,4912,11313,7728,10435,9927,12492,4941,11472,7888,10835,10840,8537,7768,10459,6875,10593,10980,12005,9959,10346,10603,7788,3564,10986,10995,12533,4856,11005,10366,5631
8834,11657,8457,12299,7561,12174,10130,10515,11028,11283,8473,11807,10017,7587,3363,12070,11562,11053,8111,10546,3507,10807,10047,7359,9024,9284,11332,7239,2248,5194,7116,12110,9938,3283,5843,6743,10073,8035,8164,8165,8166,7655,2664,9445,10091,10094,2800,10611,6259,3828,10102
9091,10901,10264,11163,12187,12828,10014,7586,12195,11176,10152,12201,8875,12714,10413,8365,12463,11312,12211,7476,10933,10427,9275,3137,9281,12740,10437,12229,8904,11849,12234,3405,11599,12111,11345,11479,11483,11357,6116,9831,10475,9965,11118,11119,10224,1905,11122,12150,12662,12541,12159
4352,12032,514,5001,11914,10249,12173,11151,11926,10774,8729,9244,11423,10019,12067,10149,12196,4904,10925,6576,2681,12216,12088,8891,8387,10949,8009,10441,10060,10445,10061,10319,8657,10449,11092,7644,12255,11617,10210,10209,9059,7658,2796,5357,12782,11249,11251,11254,7161,10490,7165
11266,11524,389,8072,8841,11913,9363,10388,9493,9495,11033,8988,10106,11688,8617,9389,9263,12083,9140,11446,11324,11070,4800,5056,10692,12741,12105,12233,4684,12237,11007,12116,12756,11989,10200,7395,12775,8426,12138,11370,10991,12145,10482,10484,2293,11767,12538,12795,4604,11390,11391
11008,7430,12039,10251,10763,8466,8722,11666,11543,12571,10145,9505,1915,10923,10284,9901,2862,11179,7342,8753,11052,10681,11322,4924,12738,11333,4550,327,8136,11465,8655,12629,6871,729,859,3292,8542,12769,11107,11750,9081,999,11112,4460,7404,7918,9076,11380,2553,8571,11006
10753,10754,4488,11789,12182,1913,3354,8862,8738,12451,8739,4773,12198,10791,7976,10412,3373,10543,12464,3892,10037,11321,11833,7611,12227,10564,11513,11977,9931,11981,10703,208,11473,11601,11857,9812,9940,8798,11745,10849,8802,8805,12006,10215,12266,4717,11502,10101,10230,12921,7166
11909,6534,12167,11655,11782,8970,7435,11153,12692,12183,12698,10142,12710,2727,12587,10028,9005,10159,10678,9911,12726,10169,12730,11709,4801,11457,12228,11461,11334,12615,12619,11979,10958,12241,10837,10584,12250,10203,10974,11877,10473,11627,12141,12015,3062,7927,12024,11770,12155,6908,7293
10496,11137,12033,11136,11396,12680,12809,12041,10766,1939,11032,6938,10011,12194,12452,11431,6699,11820,12203,11308,10802,10677,9914,6202,10556,10945,578,10819,6084,9928,6601,7752,10451,12499,12244,10972,7389,2653,12663,10724,12283,7016,10089,11114,10861,12527,6384,11250,6519,3707,11519
1922,12036,5765,4484,6535,10119,12171,10005,11414,10007,11545,3993,10524,8735,10403,3114,12077,10669,12473,11835,12732,11455,10687,10176,7875,12484,6981,10183,11848,10833,12118,12251,10844,11229,8413,11099,7778,12514,6500,9061,10979,6757,10728,3304,10474,10092,6518,12793,10491,11388,12799
11393,8836,12671,9736,11916,11918,6672,3090,10132,10520,6814,10527,12832,3874,10405,4006,12069,11048,6953,7595,4790,7863,11063,9271,10432,12482,4934,11463,7248,3157,11607,10455,10839,4953,11871,11105,3682,12770,12771,4710,11494,12009,9072,11120,9330,9713,11125,12790,11897,10618,8831
12160,7552,10497,12163,3328,9095,9356,12172,9487,10000,7190,6170,11164,10271,11808,11424,11556,5540,11174,11304,5929,10801,11442,3123,11578,6398,5955,11076,9926,5963,11769,12238,9935,11346,10066,12500,11609,12765,3039,5091,8676,8038,5222,7527,10993,8435,7925,9719,6265,11002,12286
10246,4358,11785,8586,11659,11786,9621,4373,9880,11929,10789,8613,11949,11568,11952,12599,11576,9913,10553,11963,8507,12603,11710,12605,11834,9665,11969,11843,10436,11717,11847,5576,11850,9675,11851,11854,11728,11600,10576,11859,11605,8534,9175,11739,11611,8541,10598,8556,9712,10614,11903
8736,5537,5825,10226,3992,4297,6955
6529,2947,1286,4998,6284,5522,4887,2455,8985,8346,1051,6169,4380,7838,1659,8611,5156,6819,6568,1065,4010,6267,4906,684,5041,4017,3891,7988,9402,7483,1722,4928,2112,6722,1091,9154,4427,3195,2126,5071,1359,3151,6354,6353,2904,9052,988,8156,862,6238,2781,3171,8810,746,3565,3055,8827,2294,2938,6779,9852,1917
5250,5510,5256,907,910,3343,6032,6161,662,9367,7320,5532,8477,9120,5409,6562,12712,8360,7084,10285,6446,1199,9006,5809,2353,6195,820,3768,6585,5307,2748,6847,7104,5442,3655,9032,6345,7625,1355,1228,5323,967,3400,5078,6104,1113,4955,3933,7645,2911,2658,7398,9320,883,7029,8822,887,5243,892,3839
4753,4761,9755,5021,1696,3236,5542,6311,7975,1190,2346,9127,6193,12597,821,825,954,7739,3516,6461,1215,3788,2252,1742,6608,857,9181,1003,8944,9212
12803,900,4360,8971,9615,6436,4265,8625,9012,9529,8636,5054,8896,9543,9546,9168,8912,4576,10596,9832,9326,4590,752,9586,4979,8692,4597,5110,2170,2299
7169,12294,266,8204,9485,4622,9489,8211,12307,4884,4120,3357,12320,3875,2857,3883,2604,10032,2300,54,8503,4423,6986,4943,1617,1370,5982,3167,7518,8801,2401,5219,4198,4199,3175,1134,2419,8320,6276,4238,8591,9359,5264,3982,660,8852,5526,1945,154,7581,8351,7329,677,4518,7849,8877,5298,12467,4276,7349,3514,3770,5822,709,5064,6859,4302,7380,8921,2267,733,6366,8163,4584,4072,1777,3318,1276,5886
5504,3589,1416,2696,3593,2060,5004,3725,3855,5518,4883,8596,3221,3350,1943,1562,4635,4127,4002,7461,1446,3242,5931,4146,4789,6967,7992,314,3131,4539,3901,7872,7360,3264,2113,7492,5577,6219,4300,3280,5201,7251,2773,10206,8800,1120,6624,4835,4082,4980,1141,6652,511
8704,5248,5507,8069,3336,12306,1556,3996,6685,1315,7972,10407,9648,1714,7860,3893,6072,8633,3319,7356,6331,2369,8141,464,2897,5456,11732,2772,9172,5335,4699,3677,7390,2143,865,610,7550,6502,7911,6376,3815,1644,8815,3953,3955,4857,9206,6391,10232,8182,3709,510,6399
10244,12165,3463,10248,7948,6800,7313,12304,10643,7700,11796,10012,9763,10915,10917,11046,12071,9770,3755,9772,1968,7987,7219,10808,7993,10042,11193,5820,10300,6972,11456,11594,3535,11089,10194,12243,7121,11862,11223,9820,11997,10594,9702,12263,11369,12270,10607,1775,10483,11126,11895,9977,10239
2946,7175,6157,4493,1686,3607,4759,6042,6043,9506,675,10148,5799,1064,3112,4903,4649,4274,6452,3254,4278,7094,7353,8122,4792,2620,2884,4935,2636,8782,1487,3665,2385,3667,6996,1879,4184,4057,4704,8545,3554,2913,2148,7013,4712,6377,7273,3691,8940,8175,4209,499,6645,2933,8825,5503
2305,1032,3215,2065,2835,4629,7962,6299,7067,2041,12449,1954,4643,4900,5665,1962,7981,7470,9650,1843,3382,9399,3000,3385,6200,7740,8893,6592,6342,6728,5065,1611,7883,3149,5586,2259,5844,4436,2645,1497,5725,2400,2149,5735,2920,7015,5869,6256,5620,5749,1912,1401,5627,3708,3838
6272,5505,1921,12422,8071,7560,8329,9225,5640,2962,2198,6678,6936,8344,2713,7582,2208,3747,166,9003,688,304,8370,3251,3124,9013,4149,9908,3391,4164,6468,6086,3012,6597,2383,463,8916,8535,7896,8284,6367,2273,5605,10342,1258,4586,365,2161,6129,2163,6516,501,2037,2939,2172
3585,3205,5513,522,4107,5514,4236,3849,6162,8723,7191,1819,5405,2723,8615,3113,4138,5549,4654,7214,2736,2481,2611,5941,9146,6975,6976,5569,6082,451,7878,4422,9417,8010,2381,5077,3030,3036,3684,5990,5482,5610,1516,3181,7148,5231,3951,4083,6906,638,6655
1793,3970,5764,3590,1799,1419,3212,3984,10257,2204,7327,934,1575,9000,6569,4525,5422,7983,3376,3887,8882,5938,4022,1078,2428,6456,7226,5559,4028,6077,3521,5313,198,7501,6995,1496,2393,1386,5098,1772,2797,7535,7924,5493,117,2548,8700,7290,4220,3326
7040,8199,6027,11533,6158,6166,5654,7321,9724,7452,6046,6947,4005,11945,6697,4267,7469,4015,6832,6584,3640,187,3136,1857,11202,1602,1220,6598,1352,843,7372,2131,7764,6359,7385,1758,9440,6496,9058,9316,744,5481,5739,6636,10225,7283,9980,7677,12670,8447
5378,7441,8218,6943,11554,12324,12325,8233,12330,12338,12347,12349,12353,12354,8262,12362,12365,8271,12372,8788,9814,12375,6999,12378,4188,8286,12382,11360,12385,8290,12386,8293,109,8304,8842,8337,6545,4245,8864,6835,10421,8890,12481,2501,8391,4298,9174,3287,9433,7133,12515,7908,6120,9961,3308,9975,8442
