32,3591,970,618,6000,4213
5508,741,3947,819,5020
3018,4561,7508,6869,87
2244,6390,3935,4125,2719
6310,394,4081,763,2430
3969,4100,8170,1642,4506
4446,2,3847,7707,7262
5710,994,3562
4089,2981
1248,2615,884,8215,7127
5272,37,3288
1337,6187
3490,4258,9730,3652,830
8014,5046,600,411,60
2340,4745,623,3577,2105
5920,4816,4434,1238,7641
7642,2251,1732
3765,4223
7748,4945,6802,3031,6395
2689,1635,4067,3120,1492
2757,107,4204,1780,10396
6469,6923,1076,924,3453
10056,814,6031,3503,10641
4290,454,2225,443,2685
4481,290,6183,1837,5149
4322,3853,3183,6327,506
1435,3133,2846
1594,4566
3523,4239,2704,7763,1055
7904,4228,613,2927,1022
1221,937,5450,4689,3771
452,3238,3430,3416,6682
4645,4751,6864,8335,4058
1472,912,424
6362,2509
8992,6155,1679,7634,2837
938,877,2096,123,703
5241,3467,8169
8355,1012
4864,4385,553,4754,6004
1090,1320,1353,6346,7274
5061,3626,6133,3994,991
3940,1380,1005
1620,2629
4485,808,10856,760,6937
115,2331,5196
3349,4918
3715,5359,3159,1400,9305
5016,4600,6670
5179,4501
9056,46,7511,3899,4605
1955,2405,4656,2001,5371
1377,739,8471
2356,5124
1865,4555,174,8367,2079
2467,6627,5670,2164,9689
9088,2657,2017,7585,2971
3699,8627,2325,951,3259
4233,3127,4118,6839,8287
6088,8301,2644,3606,1754
2336,608,482,2861,4632
7394,1640,4696,4381,6526
267,459,7253,1883,5916
2724,5516,2099,5215,3967
2498,4679,4405,8986,155
7080,4424,1960,6316,2205
6600,7784,1549,3757,346
3234,8291,7209,5774,1999
6151,5480,3865,2874,6236
200,4682,143,6928,3325
1632,5353,4653,6321,2323
3015,648,3305,4711,4139
103,8907,1104,1461,3135
10283,6833,537,1372,3999
2240,2304,2768,2326,2394
7109,1227,1786,4923,4349
2679,2408,1450,3607,4026
7458,3538,2515,6899,3669
1984,3185,9715,5652,478
320,6861,6733,8495,8980
841,3116,8441,2811,25
8228,1360,4433,5840,1946
5284,2903,5526,886,3033
2395,3635,5574
2086,2279
4392,202,1804,6063,5914
1508,1447,6509,7757,7056
4935,4378,1295,8977,2714
775,4585,8848,6132,190
2809,1836,3551
2808,3052
1376,6210,4439
29,2838
7690,1563,1503
4224,3586
1573,4875,5807,2551,1626
5251,1096,3625,3150,4528
8771,2376,2521,1039,5945
489,6483,11542,6716,4510
7554,940,2188,6062,3863
2211,3277,6006,8793,4479
3329,1478,2637,2677,4663
1720,1425,2218
2771,6477
6727,8941,2641,534,3807
2756,1354,3025,435,5721
5637,842,4056,2232,509
1862,4743,655,5711,6942
738,5416,5240,1275,3071
5034,781,7118
5403,3700
3840,908,4974,4279,3196
5732,8838,6603,2129,2590
6280,11080,5418,4465,4306
1762,9987,4902,2940,8383
6626,5096,532,8053,4607
1986,6223,2610,8884,4186
8135,5831,2676,3734,6074
3202,682,2282,2449,277
6465,4432,7835,7261,3806
1378,231,6521,22,409
1545,2646,7162,3932,9021
2154,8938,2901,2969,1565
736,1216,1964,3661,306
2765,5684,4117,1367,669
4393,2955,9996,7676,4766
5656,3914,7413,1848,6523
449,3621,8236,4380,5180
3720,4531,4565,1436,4253
3777,6093,5655,3006,1791
4036,260,8147,2261,2777
2369,2276,3783,4178,8309
164,621,5037,6607,6611
419,8117,1469
982,10390
5728,584,976,5557,8698
1058,3786,1582,2931,7030
7712,4102,4135,2088,4143
7088,8730,5619,6330,7548
6219,1682,3730,1273,2046
4706,8356,1004,719,11135
10597,1289,14,1553,2495
2441,2186,3220,4895,3647
3745,5108,6389,5045,7355
5993,2429,2126
8940,4527
4075,7917,2964,2137,9498
6488,1817,2216
5596,7743
6337,271,6991,7727,8504
516,5261,4526,3894,5432
453,2793,1674,4619,1562
1257,5555,733
3200,1811
4365,4147,4499,4474,2751
7538,7478,3479,8407,7195
1867,5522,1173,3611,3262
771,3818,747,4661,1663
1130,1229,7984,2423,156
3151,9106,308,1756,606
4103,332,2960,3793,4379
4195,2499,8719,9489,6268
2690,387,1741,6606,5758
1281,4362,1678,7790,3674
6696,1388,8972,598,7798
1254,875,10639,7217,3224
1985,5132,3028,5111,8734
2091,1589,1759
4569,542
676,3173,5321,1650,6163
580,560,624,8790,4797
9508,4,909,4144,10003
1987,1331,3731,1235,1718
4451,3088,3633,5168,3228
7746,4013,1839,210,2197
4514,9828,9800,1224,1948
4640,5550,3568,9276,8255
1193,1067,5484,125,1598
2563,5987,5125,4554,1103
33,5028,3759,9777,4851
645,3401,848,4978,7379
5874,5141,349,9566,3487
4324,6344,5101,1171,3027
5518,847,4080,3856,58
3460,3370,1835,3792,4602
2817,7974,3668,1109,4286
6213,3726,2510,4728,2014
8547,812,338,1588,7197
8392,6128,2963,3764,9273
6849,9226,3756,11279,2967
2209,2049,8275,9171,7864
3170,1028,1511,9258,5083
1792,1956,4261,1468,3997
2848,6566,3369,5171,10077
7019,3248,3572,2938,638
7010,872,2412,2875,1853
9535,3559,594,3154,2271
4686,2799,2736,3098,573
7298,6024,3913,367,4440
8226,9124,1439,7280,7039
9641,3419,2572
4785,6962
8128,6437,7113,6893,8637
2534,3316,6613,7286,6582
242,852,2390,5178,7615
3079,5541,1263
6795,3695
4992,5254,1990,4490,7640
4781,4367,5073,4695,604
4963,1543,10151,5453,1247
4320,2853,10446,10165,7071
9221,2730,9364,3229,8061
3331,3975,8653,5854,5950
3631,5488,8564,3802,2558
794,1443,4532
3171,7204
4869,4879,5653,1624,5053
4209,4012,8452
458,314
3790,3086,4112,9527,5723
8736,5477,3622,80,1277
4409,4300,3556
9308,5926
4995,3174,2054,1821,5183
2221,798,6867,3581,11038
9703,8525,6709,2583,5147
2912,6723,9484,2199,4795
9600,962,9264,2448,8025
800,7139,11172,7436,8028
614,3082,370,5010,6069
3042,3110,10831,5103,7956
2338,543,3451,3134,927
3910,2409,4276,1014,8987
9997,3472,786,149,2460
1479,1256,4716,342,2431
5568,5352,4712,8269,7452
1253,1993,4621,9044,469
289,4235,3663,4981,1369
6178,4486,5072,3441,5140
263,1551,3412,4893,5566
4931,7397,4691,4725,4281
7144,8300,2005,3991,218
7073,4776,746,6702,9780
5985,2601,8687,2678,3704
4038,8402,3218,1778,1240
10308,3377,3290,93,158
2113,4578,836,2006,377
8801,1313,1061,2905,2941
9984,3330,6692,3497,10286
5316,9204,8439,1048,3099
361,4874,6417,7155,2138
967,2030,3919,570,6430
2881,9417,3690,2537,185
2153,2577,7007
4601,7215
9282,3011,3971,4683,8878
7169,9960,3601,1211,1535
2632,7151,9688,5115,8799
6713,8982,3889
6993,4060
2023,3181,2324,2036,7094
3264,1001,5513
6369,2863
3314,3986,5268,5238,6590
3872,7813,1417,3180,1073
451,7523,6438,4043,2260
10,2127,4020,1822,6431
352,1066,2508,4749,287
4001,2914,5090,2561,4153
9504,3945,5454,2902,2012
1121,4780,3600,787,7037
7172,1933,1361,9681,7383
8064,5603,5635,3632,5561
6405,4809,6828,5310,9598
6761,4495,5008,7571,3160
5962,6540,1488,2775,4029
6843,6331,734
2474,5494
3722,11216,11191,10939,220
3457,4769,9896,4823,2359
1319,4647,749,2224,3901
7392,2791,6858,5295,1714
679,2672,2295,2300,9055
3648,963,2245,4519,959
1953,9259,5935,1909,5499
5633,1457,8094,3515,6878
6736,8593,9841
92,6127
5473,4850,4594,4564,2621
1032,973,2896,2544,3129
9158,7181,48,3574,4668
3534,1616,7223,1466,2044
4288,5602,4847,4915,823
9604,3943,1639,2994,438
8448,3527,3209,5035,3711
1392,3651,3036
2924,5998
6532,1774,2802,5749,4986
2392,7986,3038
2976,6568
3109,678,7337,7412,7674
10533,4305,5944,7481,5690
5582,7535,6673,3509,8319
2401,612,4948,7004,2207
1091,3061,4654
1298,718
6148,1062,6225,2585,3870
6473,4859,2093
1841,1175
3557,7061,5464,4091,10975
5329,6514,948,1303,2206
5632,1539,2888,2830,4535
6306,4426,6385,3985,5909
3650,5221,213,7351,3835
1701,5804,9293,6479,10430
4131,2781,4442,7965,7294
5088,6808,3053,6424,6364
7176,10612,2582
6160,6887
5829,5170,7828,1501,3871
1196,428,8559,3966,766
4770,4068,10636,5390,6139
4768,1064,329,2858,7218
3142,903,1965,6167,9850
9624,3685,6350,5007,1272
5825,5483,2763,8279,1052
4032,3265,3273,6126,4435
5889,3269,1322,430,1660
3719,9577,4016,4114,10879
11650,6605,11763,2008,1114
324,7627,6354,8404,4057
1576,2505,4170,168,2363
4206,6543,248,5213,4383
4449,6891,1713,6359,5023
2215,172,78,945,7474
8256,8468,2447
992,6969
2951,3335,6679,2524,4796
3214,1936,2416,4982,1406
8482,6374,1191,7785,8113
835,4646,4070,3820,2334
6690,5423,7793,1658,8634
7593,6531,8557
5068,5271
1699,1645,7213,1871,3575
1669,9482,4976,1523,7128
5408,5986,228,3657,3738
229,9447,4010,11025,2267
7584,4529,6932,4729,5119
1057,556,2702,2458,7069
4419,5059,555,6939,5855
9932,7630,6066,2002,1309
9472,1053,5919
1147,4084
1092,2671,1972,8085,3678
7459,3043,1284,3016,8212
7245,6480,7124,1142,955
3208,2741,3483,4862,2975
6659,7301,5003,3952,11766
4613,942,4343,2235,1438
5805,7279,6677,8251,6687
5290,2925,2386,2580,10070
5127,6920,10815,9438,1567
1581,559,4176,3186,7288
8899,4549,5449,4558,2718
1194,7963,3550
6978,7491
73,6768,3926,1371,4319
1900,2353,4756,2900,7675
4638,170,8282,5563,1118
2272,4325,4332,5716,5311
1858,6630,1685,3094,2075
6094,10254,4665,2835,1945
929,1572,1668,1516,7886
10786,1430,10775
3260,3694
7362,5117,4086
11129,6988
5760,7906,11398,1996,403
5667,8294,5228,4813,9202
1440,2598,8774,6009,6204
11169,7588,2596,8144,6588
3398,6791,8937,1880,5308
399,1008,4313,476,5853
5188,6984,9717,5173,8606
1696,896,4832,8712,6235
1520,7718,2623
8660,6351
966,7338,7183,3826,3156
6470,5606,1896,374,4317
4867,4018,7251,5433,8314
11168,8258,8777,9754,4798
6026,9547,2451,695,8696
546,7145,8684,9397,9239
1793,2659,2697,7115,8272
2658,1286,1673,2895,4222
7780,10250,3732,7991,10359
2737,981,919,3576,3963
7142,6382,879,7125,7449
9835,468,4445
1618,111
6572,8849,2613,1816,988
1312,4160,8585,1929,3388
1167,1807,2841,3933,5599
2852,6058,119,1916,6909
10053,5742,1806,722,7224
10306,11778,9321,1431,5881
5793,2250,5005,1873,5375
7233,6305,486,1750,6683
6278,4079,11931,4828,4063
11059,5109,7950
3408,6809
1536,4681,5490,2175,4255
3904,9348,6474,3980,8595
5770,6742,8312,4473,6493
2627,1863,7378,7770,5151
4480,4321,9491,7445,6044
7942,1016,6105,1116,3741
4675,5435,6918
7299,9949
9690,6100,7726
10680,3155
8417,5794,3437,4398,380
3458,1155,1737,6956,3565
326,720,7059,3069,1311
8551,4221,10107,5181,2015
4389,9381,12204,4783,7859
5026,996,1366,7226,4062
292,1749,1686,7126,2296
9252,4327,1622,7100,8350
7654,9388,2674,3321,3646
7957,5685,9496,9723,8767
802,644,2789,6439,1527
1634,5571,4330,4404,3799
2297,5099,7999
2322,6279
4900,3339,7729,4274,6615
9187,10349,2318,8592,6231
7473,8343,1242,4187,188
7783,6826,6449,5396,894
6595,1637,4167,10902,6970
8689,8332,7455
4547,8839
3849,850,2035,602,6620
9090,684,9296,3573,3065
3937,325,3751,8691,9503
964,3112,9840,5078,5244
9921,4718,9297,9425,9811
6057,2157,4655,5048,9660
2120,8427,6412,2575,2195
457,3350,887,9049,5439
3040,7684,4134,334,4541
5638,1485,7344,4595,1405
6085,6095,6998,4346,1787
6113,4227,5833,10381,9499
11265,11113,3628,2066,2589
8545,3379,2611,4631,1950
5953,1292,3473,3346,7384
6661,8870,2766,2357,9406
1559,6182,11575
6929,8458
2625,3203,8580,4136,2545
4930,3013,7596,6419,4252
7297,2149,3884,2643,4760
6789,5032,10221,7570,3059
2184,6633,269,4666,2171
4916,5973,2457,7132,6301
8357,9458,3763,5397,9304
5510,9033,882,8926,5087
1600,6466,9922,837,6482
3233,8492,2189,4496,4855
1250,7107,7369,9964,11224
1474,8013,1879,1305,701
6152,10008,6707,691,8952
7496,7755,6578,5236,11676
10880,7026,2132,3829,6780
9986,11011,10059,6097,10809
1665,7042,1610,2158,2259
3619,4787,1365,1941,8758
5058,4709,3942,4808,1524
7490,1065,6256,339,2548
3843,1318,4598,2200,5022
3106,6693,4169,3280,9109
4128,7873,2083,3548,3582
6021,5478,8880,6201,8154
8648,8073,5769,2226,7574
8184,3588,10605,9742,10168
7934,9078,2236,6174,1727
10503,4618,1547,11382,5946
8098,5286,9385,9166,9303
1473,4034,3845,7401,753
10539,4715,9004,1362,2330
7849,5041,1550
1957,2542
6666,2003,10487,1978,7323
1153,5195,8464,9053,3294
5859,11212,8783,2488,11004
2564,4530,6872,10174,7135
258,2662,8812,12,2738
1026,2788,2102,3832,383
4897,2082,8872,4553,5865
12081,8219,9125
9673,10620
1605,5297,9395,437,8409
5511,7017,4047,6777,6108
35,7013,3084,7340,7284
8612,4132,3240,7575,4414
9894,12044,4237,6766,3614
363,10926,7771,4667,10493
5608,7887,4852,11579,3103
3875,8748,4212,4184,3167
8195,1476,6492
3410,1796
2929,8979,4345
941,7566
2241,3748,3029,4634,571
3973,2540,1653,7093,5754
6091,6150,5662
10409,5486
5000,2864,8885,1433,7484
7179,4270,9945,5274,10334
2242,5126,5979,9468,8830
8132,11419,12598,9147,4637
6917,9063,11466,11515,7163
6530,7178,10765,2836,6357
3936,9766,6734,11631,8569
1921,710,5975,3965,2559
4579,3332,7754,7628,7486
6080,6242,2758,2996,3126
8227,4720,5138,3067,3164
2882,1445,8424,4309,3962
6881,7048,5165,11187,856
3249,7693,7614
4517,7597
99,8039,843,5645,1592
7304,2987,6446,3475,2493
75,4779,4536,8570,10780
6721,8033,8522,8121,1882
5351,7367,7629,2872,1690
8488,7915,11921,6647,3128
1381,6951,9612,7409,2687
6497,4584,916,8920,671
3140,6948,1140,759,2556
8932,6635,4049,1299,1246
5761,5704,3411,5235,1974
3008,6786,2411,4109,9695
10018,6852,3848,43,3543
1820,2032,9236,8089,1340
7363,8363,8463,8123,7230
3683,4998,784,4952,1113
9001,7276,7250,1876,5531
1451,2446,7475,2100,6495
4673,7138,8389,2278,11856
7652,8201,9651,8179,4693
806,8198,6799,3545,829
7431,2922,3979,1071,6203
5281,7373,2418,1722,9435
2720,160,1512,2570,4588
1687,4111,151,1401,5692
8161,3057,4115,4788,8565
8418,10568,9978,6491,5693
7489,2436,8429,3032,2302
3360,3955,2740,3478,2904
7969,3681,5091,7110,5866
1538,4210,7892,3452,2972
5335,2713,7167,2041,2527
2857,8018,10226,3861,3609
8224,3465,6830,10419,31
6850,11299,206,5815,633
1441,9826,2185,1335,10394
5664,2753,7461,7782,5293
9608,2665,5106,8701,6654
7724,5870,7536,3608,3486
132,870,1773,6448,6617
9732,9193,11278,2292,1557
4130,5738,5004,1617,2040
8552,2603,9036,10905,2554
6144,1342,743
3484,436
9866,563,5845,5943,8024
3145,4970,7027,2166,4889
8645,8390,920,11774,3039
2289,5746,9461
6059,8679
5958,3912,265,2934,5787
708,3400,4494,9710,1044
5280,6189,6445,5775,1983
6019,643,1830,5094,5753
5443,2435,7877,6286,6228
9380,8459,10321,5717,7678
713,3658,1199,7089,661
0,5665,70,2701,2684
3950,3696,4947,52,4537
5024,8867,8266,11027,94
9802,235,5969,4242,10522
7607,1282,3427,5925,9111
5703,1843,6262,1051,1917
8120,8445,10909
10944,10735
6400,1187,2628,6380,3836
162,3525,1206,9943,11037
4196,8082,5052
9849,5039
4877,7758,464,5813,9181
7938,1095,1006,2769,2361
2824,8714,7341,8918,9787
2688,2945,520,8431,4382
11200,5581,9998,3602,2425
2020,4966,5871,5456,2709
6336,2893,751,6905,8764
6309,1487,9399,3737,2878
10315,7275,1165,1107,985
9123,4617,7534,3318,1656
5122,2469,9225,6862,1270
898,6030,10352,3896,3610
417,2407,1544,4397,3440
1200,6997,4853,10331,6907
5795,3495,5651,6421,415
804,3879,3177,1648,2201
7683,680,11117,6775,6653
6308,8325,1126,2579,4726
8029,8493,7357,3739,9725
1507,3977,6990,795,4988
11907,7428,9897,10125,11581
10504,2539,396,1534,4031
11459,7620,6883,4806,2907
1736,7146,811,1902,4627
656,6121,5266
9729,957
2178,9155,12108,6036,10717
6898,2750,2230
3842,2798
2187,6930,9396,666,6719
8998,6675,10518,3323,4573
8096,3108,5225,7694,5907
5157,5512,6860,5460,1429
4192,5669,9230,8177,7954
1033,7211,3482,1079,9274
8576,7147,9070,2007,4827
8746,7171,8925
4848,1587
3587,7240,11984,9844,10006
4586,3953,7669,54,5884
2496,356,4108,498,27
3553,4042,8138,9582,10458
8259,1703,4456,8786,1747
11232,8678,9747,10294,3898
9916,6602,1040,10994,9404
4256,12010,6065,9874,9791
3424,1672,4078,7090,5172
8003,4492,1522,12151,378
582,9510,6506,8528,1914
9453,7503,6292,2110,2782
1390,2258,11700,6103,4154
5446,3078,7807
10704,6371
5123,3300,6181,8778,6558
6147,3982,5012,5915,6110
10567,5129,9583,11547,8572
7404,2990,7031,9047,1374
3907,11622,4811,8400,285
4546,9891,1068,9682,986
11970,5578,2061,1046,7421
5474,6275,4262,7526,9807
5476,5959,2090,7405,2655
3247,947,7381,9402,6140
1356,4141,9142,761,10906
5381,9801,10603,4941,432
5376,4513,5358,5647,9150
5368,7085,3295
5498,9518
5447,5323,7823,9299,1207
12225,7530,5644,11064,6815
4335,4914,5846,4698,1215
3954,2932,11284,5750,7513
1408,3841,548,9549,3417
9317,10481,4881,8820,4509
8868,10314,3564,6360,5628
4778,6539,3921,1973,5400
7940,8016,11828,6325,5529
2592,259,5318,3252,6550
7525,1797,6119,6317,7966
8672,518,3317,5756,3102
902,2489,1531,8509,2974
6403,3091,4888,9436,767
6821,8358,7884,9393,121
10087,2298,5306,796,7742
10223,401,2870,12471,8376
7565,6136,4475,5788,11197
6311,1172,983
3336,3838
1889,9377,9480,12780,540
2028,1232,7414,6300,2845
6468,1574,953,5594,8539
3266,196,1129,2890,3672
322,7691,3920,529,8496
2979,6949,7817,2511,10161
7945,3510,6071,6745,11450
7170,4611,4003,9031,7732
4993,9413,10956,9554,6782
6592,2946,9603,2052,3984
422,1992,3656,950,4950
2754,3881,3636,8276,10364
10311,7117,9457,8118,6650
3009,10811,9241
3169,359
5002,10332,1287
2552,1321
4774,9545,11818,76,5426
8289,11756,5100,2223,1329
2019,1958,5687,3929,7515
5413,2121,10989,724,9912
4208,7388,3897,3004,447
9409,9607,6838,11222,9182
3797,7509,8247,3193,1630
10373,1927,5420,5939,8917
5347,3742,8662,536,4094
2661,3530,9420,2639,5527
10113,3010,5519,5911,575
1029,9448,5899,9530,12508
3201,6793,2194,1877,8055
4098,5863,10770,11671,1689
11019,2320,9781,7222,10653
198,3148,6257,789,8827
9473,7716,6538,9197,6681
10566,6694,2984,8923,6812
10338,782,7096,7386,6811
6025,7439,6453,2069,8437
8454,6892,946,11540,6685
8004,968,1395,3256,10015
1120,7980,6583,1017,3387
8416,933,688,3706,347
7053,2647,3481,11387,6206
6307,4593,2173,1947,2141
11205,9002,6028,2869,5079
2347,4278,1339,4348,2622
4616,3566,10323,7091,9819
7008,1265,7537,7377,2492
11298,1260,7212,15,885
1280,2797,7878
9146,7958
8326,10453,11031,10072,8828
2439,5615,11893,631,440
961,8364,341,5880,252
3618,616,3469,5782,5879
2913,2059,2513,3798,2491
2274,5391,5458,3476,4218
1612,7796,8661,2485,8567
4065,4004,5163,5616,281
1446,6825,3725,5405,3390
9666,10855,4818,244,855
1731,5639,1198,915,5812
3367,493,6803,3830,381
3138,261,2374,10220,10256
4249,6260,3789
7307,4045
1060,2826,3794,4408,1980
4610,8296,241,11034,11867
2402,9412,7407,8664,11580
1568,9057,147,249,8317
2305,1705,44,977,5501
4391,6253,558,4441,8315
9890,71,9228,8142,110
10851,3364,4259,5392,4671
4623,5113,9309,9918,1183
2786,8851,8887,11644,3415
2372,3686,173,9556,6422
6250,8784,7602,2998,5821
7745,2566,3221,8853,890
256,7045,5139,6392,9595
9636,7238,8601,10814,1951
9611,5964,2543,8753,2774
10658,5700,10318,3355,11069
10987,4364,141,1710,10193
1932,10322,5017,8191,3199
7078,3599,1651,6099,634
1761,6475,240,9685,7448
10816,7270,10279,1035,4524
7845,5798,2839,2269,7423
2889,9390,7604,5304,5849
10116,1995,1296,630,7227
4708,3813,3767,7928,1403
9154,1083,5419,539,1758
11625,11824,7895,8604,895
5377,9805,3438,312,5469
1769,6494,7
3050,227
7856,5245,7710
2550,5814
4876,11340,4400,10673,10813
9313,8775,714,8204,5887
6190,2608,5457,10260,6011
8384,901,8456,5744,9433
7832,10001,5811,9176,6296
4064,8804,2958,11376,1210
10529,2124,11665,12115,5076
9184,4162,3396,7366,3222
2983,2190,11695,10231,8856
10631,11468,10290,11733,10749
8654,8115,7637,2265,6237
11439,10863,7347,1623,12600
3944,1137,4145,3701,4694
6084,5961,11788,6413,4023
8352,8321,935,1707,3375
834,12613,3080,7730,4437
5285,6375,5790,1300,9630
6087,2472,2734,6609,2879
9669,10235,8298,4303,827
3968,3915,5044,7225,7549
6401,2916,4789,1657,2843
7682,3909,3023,2772,2172
7880,9512,2796,9678,5523
12288,2594,5733,7081,1998
11171,9924,7467,9132,8921
4740,2473,2385,405,6552
2464,4263,7599,6195,1662
10787,2642,5778,7893,4989
12128,3938,8134,402,7870
8623,434,6711,1244,9373
4581,5384,3383,8380,4829
11781,1169,1554,1752,5565
7812,975,6807,8313,1691
1088,4225,4291,5989,12076
1856,8843,6511,2959,3095
8974,7504,1937,8341,1404
9501,1525,3638
5314,5708
10417,5897,5199
330,8900
2343,8328,4201,4463,4944
8650,7370,42
8265,7447
6656,3718,4999,11404,3445
10625,8939,1135,9104,8766
9249,905,113,6747,5437
4871,6823,7819,6865,7862
8009,7658,5357,5492,7161
10848,8694,6874,4123,2140
12306,11192,7866,1692,9407
8230,8044,10513,7996,6911
11458,9383,2193,4407,10583
4292,3814,1352,5970,84
8855,3753,4457,6933,247
12098,8548,7666,7129,1471
1409,7951,7733,9334,11319
3436,12620,145,6973,4350
2560,1825,2183,6186,788
3595,10202,6555,5277,4670
109,6289,4503,8603,4191
8896,9649,8180,954,9278
8421,7207,5543,11210,3615
6176,11746,11335,6889,12457
6946,1680,1846,3225,2011
484,11408,1491,9654,11964
8962,11619,10760,6664,12745
3328,12007,1202,4946,10388
3168,6433,2281,690,4061
7043,6415,3670,1177,4863
9188,4105,9903,9937,635
1934,4722,1370,5595,1245
10498,9640,1480,5262,6490
2299,6516,2380
6272,2388
1127,7306,6963,5912,11288
7941,6731,9421,24,1050
2123,1422,6416,465,4411
3494,8103,9358,6451,10270
6376,8268,5905,1011,3641
562,101,6258
3306,2077
9824,134,11528,7794,1532
9028,12814,9683,8598,6879
6945,1608,3477,1530,2942
2630,10502,9644,8560,4341
1297,5202,7057,11802,3517
128,3555,3236,16,273
6784,3179,7631,627,10461
1859,2309,7721,10731,2062
8961,8902,4533,2710,4794
9089,8861,6196,10140,10205
1185,8216,9114,700,4158
8519,11827,9205,5851,10398
5730,2051,1189,1513,9471
769,10093,9262,8759,3934
9793,6020,9492,5275,5500
4833,4866,7137,2546,1757
12517,11173,2503,2478,5394
1505,2024,6040,9946,6143
8481,8524,8589,1269,5055
1954,2148,4903,524,9870
2470,6637,11639,9463,926
5547,4911,2453,1151,4831
4608,11503,5269,12343,1528
5057,3554,1580,7292,4542
2849,1800,427,8685,1872
7360,4459,5363,6461,637
11552,8393,817,5649,883
2243,4267,3891,6164,9627
4066,647,1262,2168,3358
7714,4387,8295,3983,1464
3808,8397,3342,7542,5598
8106,9564,839
5434,9858
9539,7364,9455,10103,10204
673,6013,1351
10416,11095
7328,1570,2660,10158,1561
2500,9796,3310,4406,990
12363,5270,8666,12667,6396
7105,651,3117,10896,10709
5348,8966,12493,10734,10579
9606,12103,6632,5388,12055
6827,461,2097,3924,569
4231,1812,5818,4571,5789
5995,4556,3981,5462,10903
12649,6668,9260,10459,639
10345,11116,2227,861,7199
10000,9905,4763,11164,9118
3143,9097,9941,5278,4095
10122,11662,3118
6114,6173
455,925,7087
7082,10642
1537,1666,7947,3887,2238
2114,232,8911,5785,3005
8034,3749,7973,6156,4275
8737,3714,11626,5211,12028
9446,2638,4050,8500,6556
1225,4814,8625,658,6972
9635,10941,4650,4589,4733
4737,8773,9992,12400,5661
5282,7665,9366,10078,10431
3372,18,3448,10779,7485
7009,41,5322,7800,254
4868,8231,3571,7670,4159
4452,6762,7095,3320,667
711,3090,11477,8792,6783
881,1970,4949,4155,2747
12579,6159,4664,9082,3837
9064,5136,2068,4597,5246
8583,6642,8818,7315,10335
3392,3302,3728,2715,9279
642,8047,4880,2800,1590
11045,9544,4076,10389,4216
7399,3272,650,6580,9845
1128,653,9370,9756,1789
10329,9219,1188,10577,10137
4576,4298,10643,9652,1784
1204,12310,7450,4990,3423
7403,9102,6575,5556,10263
2182,7051,4942,9300,2045
8329,5291,6508,3341,3769
1704,6921,8718,625,1852
12320,2021,11465,6512,9428
10768,10578,7698,3063,5051
2884,3645,5174
10244,9470
11104,10952,10510,1009,2908
6756,2832,1399,7001,9437
11942,11176,11849,10280,2321
12084,7869,6886
6884,10391
7808,7332,5867,1423,10970
8641,11723,11244,9331,10045
5355,5997,2607,9618,3675
9248,611,11108,11144,10990
2337,4353,6501,11118,10096
9889,12650,4625,10548,3189
4289,8074,2673,2906,2973
8486,6476,10511,11892,5786
6726,4007,2606,1967,5689
12064,5891,11526,7791,5234
8864,7553,12333,5584,3165
10916,4200,8489,12362,8975
12480,11927,4205,9876,5239
2219,8048,5430,4151,9915
7559,1869,12177,10742,10173
8549,9422,9424,1845,3226
12228,11461,11464,7065,7517
11722,298,12211,3125,5781
10758,939,12045,11065,9050
11529,6667,11445,9973,5657
12483,7781,4901,10068,3964
8387,5001,6576,2681,7546
3680,8225,11793,7603,3422
512,9923,68,9773,3322
9122,1219,3624,10100,7897
4692,9341,6845
7948,4742
2530,8518,8682,2475,8562
4896,362,622
5796,7228
9700,11049,491,10801,6398
10883,4856,1081,5019,9854
6282,483,5276
6393,2311
9316,1925,4873,9016,5980
2312,6378,6571,8621,10232
2034,6548,9947,10557,10207
578,7558,1895,8112,8951
5190,5069,4973,851,11448
5575,10697,11787,3096,3162
2728,561,6137,12059,6589
8035,6792,11406,3507,408
2599,10671,11761,5465,2815
5991,2057,11307,1971,6076
7936,2823,8361,2004,6397
672,9098,6639
10645,4639
6989,2445,979,4822,2202
8930,7689,10637,1519,1328
10336,302,7422
3433,9234
7079,12399,10672,7216,8159
5324,5326,8245,246,1213
8514,6248,9301,7613,5182
450,2089,619,1931,13
10699,11347,10550,2233,8763
7655,4359,5834,9712,2844
2497,6851,10278,9096,10317
1136,1681,9073,10227,10616
10440,8721,11062,6012,12543
4420,3077,10792,1832,1875
8102,7021,8563,1782,2072
1721,12533,3886
7177,5967
11840,97,2434,8898,11184
1509,2567,2350,7313,7700
204,5613,785,9011,11933
10017,6536,6459,3643,11357
4544,8993,5546,2991,1209
7844,12017,11698,5209,9596
6648,2391,3640,8697,12125
12207,12335,11795,9525,11416
4520,1197,1233,572,6463
8257,12611,7505,7410,628
12160,6050,7114,8845,6352
7907,10252,11154,4339,5398
4714,1163,8398
4272,1498
11432,4395,135
2268,12079
3649,3362,646,108,1564
8740,5673,11146,182,9567
2462,5105,12754,2329,11102
3528,3882,914,6651,4126
3274,8399,7121,9714,10649
2517,1847,7130,8093,1470
6853,7750,1584,1267,6324
3958,7289,6172,8221,191
7368,8042,3051,8207,9138
6434,8037,1861,6313,11100
869,5797,6312,2618,6109
897,1667,5800,9419,6591
416,1504,1540,1906,1463
6320,7699,12756,7382,6619
11040,9639,2735,10393,10236
2692,9833,7786,525,1020
11338,6772,4415
9038,7663
4512,8420,5900,238,1591
5588,12445,10554,3773,4991
9795,10505,10217,1515,12414
8193,1676,3502,10325,7258
1730,3878,9353,12819,10908
2087,911,4370,659,1753
3524,965,6824,146,6614
7457,5972,10101,10037,9913
6322,12149,7333
6083,1775
6499,2918,7815,8860,11103
1186,5252,2921,8083,9751
6089,1770,3119,5590,4280
7876,5161,1744,7865,10073
6,169,209,157,61
5380,6546,5334,7830,9592
5614,10030,7539,9012,2617
8,187
862,662
874,166,503
865,610,266,365,463,304,50
686,284,1077,316,892
677,39,660,117,1078
3141,1278,47
336,758,56,668,893
391,3489,62,4431
4793,3987,4277
3655,7470,4464,4315,3996
1571,5093,1094,3000,7967
5735,4587,1455,1106,6456
871,2636,5620,8822,1855
3970,1644,9650,7764,4120
66,5203,7709,3158
488,74,5237
82,1302
1671,2026,629,725,1943,95
194,460,1453,2381,1808,2355
4312,105,3822,215
500,998,1015
522,499,130
398,2159,592,1684,860
1944,609,137,1231
4899,2532,139,11948,12174,10992,5365
3283,7587,10807
8834,11053,9775
675,772,357,586,1003,591,792,154
163,2694,3282,1619,2743,2557
4417,4872,5296,2742,3101,1886
1904,178,4883,4083,3949
192,709,1611,348,511
10691,12528,11473,5747,12308,9367
11745,8739,11833,1913,7611
8738,12451,208,9240,7293
9601,11877,12167,12464,9812
10584,3354,6908,11709,12446
10753,12726,9783,9720,11770
211,4836,8725,1222,10826,6252,2829
217,1324
222,6102
233,2977,997
11536,12561,7680,236,1306,12908,4124
5092,237,10258,11123,3930,10938,3613
3019,11155,245,8732,2588
275,8250,7797,565,5146,1358
5463,2214,279
291,5475,4071,470,439
7273,294,3215
1416,300,3263
318,577,474,1101,1502
12263,4460,6871,10681,8605
9387,12365,12305,5626,11006
9505,999,8136,327,9901
6116,8166,11975,8807,10203,6014
8057,8501,12325,7635
328,8043,5982,11935
737,1602,1315,340,821
344,2760
7623,9267,372,6244,12551,1881,6185
8167,7336,2134,11767,8412
4800,389,12105,8426,4730
407,1421,7639
9994,6564,1526
3850,4739,9039
5520,4957,9400
840,2115,413,791
3450,2332,7836,2285
425,3779,8996,8675
4697,5156,6079
8472,9851,4678
2528,2818,10507,8107,752,10523
2654,11199
10369,1988
467,7278
5232,471,3363,697,8473,2663,8457,1149
7203,3237,4782,10478,5593,1085
2649,2339,3780
11822,8958
11236,6125,11188,472,5882
8874,978,11864,10141,11327
4705,809,2923,10002,3956,12309,12312,6750
9735,9739,12813,12830,12063
12052,12806,10759
11522,12547
12567,12057,11291,12316,12573
12744,12762,12507
6435,12518
10976,11297,12772,5350,9951
11992,473,11998
12498,11218
8928,8485,11813,12583,11359
10022,11558,5672,8905,11772
12004,11047,1901,12402,10710
10827,10031,6959,11311,12723
833,2119,9804,6965,2871
10572,9677,11725,12604,12092
11841,11330,12612,7762,4244
12640,12390,12746,9162,12371
9578,12235,11629,12114,6131
11140,12677,12774,11097,7551
9352,12522,10219,12784,12281
10632,10892,9101,7569,4959
11400,11481,6794
10889,11654
12699,12135,11679
12193,9718
3746,9895,9576,12537,11514
12200,12458,11435,11443,12542
9415,11699,10683,12214,4987
12802,10179,12735,11965,3519
5604,2482,2612,2680,3166
480,2443,2222,3854
481,2780
5401,3512,857,3677,2911
2208,3376,1777,2037,501
5542,4525,5198,4699,510
11969,599,888,12714,508,974,351
514,12782,728,86,8214,12216
10019,10149,3724,12173,10925
3361,11107,10899,8052,1208,523,10923
6842,4652
4926,527
2144,531,2669
545,7426,8218,8668,10878
550,8151
7913,1482,4878,3666,6232,4219
3906,1412,551,3592,2253
971,10156,3885,4502,7801,5562
2176,3298,2487,2364,4318
4041,2954,4009,567,1628
1018,588,6221,7894,2935,6810,10911
11616,5412,7205,9224,3506,11736,8506
4363,596
11869,7910,12071,617,12012,7708
4487,641,3414,5063,4428
6854,7976,2056,12110,9940,9814,4025
12024,4430,10255
10488,9349,663
3041,7810,5806,4340,12187
10437,11924,693,12662,12828
4150,707,4334
6528,3386,8791
5696,8529,1387
2301,6294,5135
7664,1857,716,5990
993,8577,5729,7430,10251,10284,9207
12738,8802,11750,2553,729,859
9128,731
3064,754,1771,1252
8347,755
3664,757,2950,9590,6107,6332
2146,1765,7084,1452,6585,4027
2569,3315,1892,5409
2873,3293,1102,4311
4121,2667,5243,1729
6345,4522,774,5910
1586,1190,825,1448,777,1228,1518
10784,7476,863,152,779,6270,11599
7520,4293,8330,8075,10099,5623,6328
9476,5830,10247,818,12054,5495,1499
3923,820,6426,6046,6175
6048,6701,3213,2170,4861
826,8652,6205
5924,1042,854,6524,831
10984,8683,10033,11157,1629,11743
10050,844,1813
7425,10082,9067
11456,354,7816,6326
6052,900
9361,3755
2466,1890,1542,1428,2549,2520,2136
2752,1829,934,1002,2619
2722,2410,907,1134,2420
1794,1481,1419,2668,910
1220,1541,1919
1258,1655
922,3827
930,3394,6533,1735
944,5332,7325
2992,1824,2700,952
6387,1156,980,3995,1132
2471,1613,8208,8788,989
4933,2501,8442,3287,8890
6835,10684,7908
7441,9975
11554,6120,8842,3308,6999
5378,5102,6545,7133,6943
1025,5683
2400,1031
6224,5601,1389,2133,1037
1074,7050
3251,3271,2393,1084,1711
5112,3035,1086
6297,3034
8405,1093
12514,595,2518,11414,10844,11455
9708,12077,1110,9752,3993
6500,12036,5765,10183,10474
12679,3337,5227,11732,1112,2939,9310
7648,1122,11811,7686,9580,9709,3692,3541,1918
1124,6581
2104,1138,12035
1141,2957,2574,3007
2514,1614
1355,1654
1768,1868
2651,1959
7576,1633,8090
7232,1143
9981,7418,10714,9533,4500,7159,1146,1243,11645
4232,226,9116
7456,3563,1150
1738,1157,3470,1911
1162,5923
3644,1164,4660
8056,4744,8478
1174,4165,6414
6425,3131
4937,1179
4890,3612
6267,5060
7148,2286
5104,7992,8304,3855
4985,4906,1332,5342
8122,4955,6645,2191
5952,1201,1181
1493,3959,4713,1230,5294,5902
1234,3187,4357,3420,5214
3432,1261,1454,3217,2162,4185,2652
3076,4491,3468,2071,1467,3772
2562,2397,3344,3001,4316,3037
1975,1274,3243,1596,1885
3859,8371,5878,1294
8808,2840
8803,1301
8873,12074
3642,3500,1307,9180
6440,2733,1310
4377,1316,2414
4351,1615,1790,1326,4687
4612,6922,1327,10515,9075,6455
11273,7759,2288,8978,11544,11260
3232,1683,2101,1334,7002
7032,1345,3504
3552,1819,3852,3205
1962,2419
2065,1359
2048,3137,1364,12384,7586,4962,4265,10420,12150
2039,3347,1382,6015
3521,1386,3918,5493,5718
4164,6436,3175,1521,6233
8674,11237,1606,10986,1899,2538
8537,11988,11917
1393,8451,8111
10309,10536,7561,11511,11799,3579
8239,5487,10034,4055,1402,1725
5668,7883,3020,8780,2749
2691,1603,7308,8946,8222
5548,5629,1414,5918
3908,5759
9526,5974
1444,3925,2438,7502,3727
1458,9829,9449,10776,3721,10571,11214
6662,10837,10678,9335,6623
5536,11457,5410,1483,9620
1976,1490
1575,2252,2962,2682,2428
1772,1742,1496,2490,2143
5193,1834,1497
4241,1578
1795,1733,2773,3195,1597
1604,1677,3766
6276,3750,6157,3055,3951,6517,1659,9852
3365,11090,10771,7028,10836,8829
5538,10171,1694,5719
9160,11010,5861,10134
4704,5344,3149,3665,3030,5624
2112,5569,1888,7619,6967
6819,5065,2933,6840,6975
4928,5219,1709,4980,2294
6832,8658,1726,8991
3961,11697,7516
6138,1740
7494,1743
2098,4082,2396,1767,4940
1898,1799
7266,7651,9208,1801,6142
12593,4932,2165
4024,1809,10882
3957,1814,7415,9129,8636,8271
1827,4462
3480,1866
2856,3284,1893,2094
3073,3429,1894,7174,6263
1897,5827
7104,1905,665,3074
4538,12710
4717,4470
1912,2748,2204,2060
1915,5166,8655,9270,8571,8542
7852,2862,11380,2966,10713
11008,11333,12302,11543,12408
1922,4484,6757,6535,10376,8211,9467,9726,10687
9336,12061,12405,1935
5152,9536,4051,10197
1968,10285,11126,4360,2365,9629,5054
3345,6676,9813,8726,1145,10043,8733
1969,6773,12062,9559
7194,3340,12476
2180,1982,5204
2352,1989,2342,7719
2179,1997
2010,3046
9615,9586,20,3895,12633,11901
2025,9706,7024,10930,10738
4097,10083,11077,7621,8199
8097,2029,1719
2033,2131,4172,4229
3778,4149
2161,2291
10978,6915,5992,2038,11899
2081,4337,5681,5210,2042,7068
2053,7687
6363,2055
6402,12231,7047,2073,11003
2257,8760,10105,2107,7964,9967
5809,5027,4857
5224,5605
2928,2450
3654,6027,2109,4910
3522,5338,5451,4644
6112,2307,6597,5422
6162,6678,5622,3474
2794,2139
2427,2413,2150
2156,4399
7329,7433,1291,11852,2160,6741,8854
3002,2494,2310,2346
2519,3319,2605,2383
3516,3821,2502,2645
3905,3747
3136,2163
2273,5842,2198
5580,2675,11993,2203,126
9697,2246,6663,6958,10581,1212
4421,4358,2248,9495,12195,11052,11249,5686,8507
6096,7647,7837,2111
2256,9779,8964,3348
6628,5701,8491,2961,2262,5049
3712,2698,6863,10872,2586,8895
10209,9803,7054,11731,5558,1465,7711
12546,10413,12398,11705,11134
8613,11952,2293,11576,8729
9667,5901,3026,7955,3060,8059,4092
2314,10958,7152,2833,11314,9623
6207,2335
2784,2354
5160,5043,4804,2399
3785,4972,2382,3385
5128,7153,8716,5145
11242,2421,11246,2989
9746,1495,6082,2437,5110,11223,12282,9372
2444,5573
7281,2507,3589,2455
9466,2459
6900,8588,2477
5539,8781,8238,2480,7282
7264,9546,7825,9529,10138
2481,2723,2483,3239,2920,3255,3357
2484,5893,6038
7890,7995,9962,2486
3374,1621,2526
3688,10921,5666,2533
2578,4812
2947,2604,4835
2624,3593,8109,4493
7184,9019,6423,2634,8011,2988
10115,6759,4552,6699,9976,12089
296,12809,10766,10802,11032
6938,10972,12244
12304,12499
12033,10819,7752,12041,2653
12385,11431,12283,10556,7389
12203,11308,12527,6384,12663
11136,11250,9203,12407,6202
6319,9847,7160,12538,1373
4773,11112,9771,9877,10271
10692,12294,2664,4373,11033
5056,12138,10091,10482,12083
2696,2876
6051,3684,8669,2717
9521,12465,5748,11321,11451,7390
2727,11655,11981,12241,3892
8942,1907,2744,9821,4543
3366,2761,9961,11541,11640,5534
12153,9289,2731,2764,1100,11737,10362,2174
3464,393,2803
8001,4887,5784,12234,2813,10414,2919
10120,3281,4518
12456,11651,2854
3492,4356,7847,4429,4497,2867
3107,10339,3286,4347,2943
3801,12435,2894
3584,2897,4979,4469,3212,4590,4015
2898,4659
4913,2915,3404
2953,5591
12192,9696,3296,2968,6586,11546,7932
3012,1556,3124
5698,9738,3916,7696,5976
9152,7853,3022,8079,8639
7296,11109,9231,3313,4626
3024,3093,6198
10954,10858
3045,3462,3047
3056,8989,11036,11293
5312,4583,12171,10169,12155,10142
4801,11334,11627,3062,12183
3072,4633,3717,5525
7465,3113,4174,4750,4759,6042,9245
6882,8616,5739,3254,7066,7326,6302
6342,3114,10007,12732,2620
3122,4603,9699
5540,10955,10773,6170,12765,12286
12421,10055,3054,9719,6265
11808,11304,9487,3123,7190
3130,4307
4161,4954,6003,8092
8840,3147,7396,7269
6180,3152,10740,7927,8440
6214,9774,12790,9786,5567
10432,7595,11916,11494
8836,9736,11918,6814,12671
12832,9762,3682,10405,9759
3874,12771,11063,9271,7863
4710,9713,11125,4790,10839
11105,12770,8831,4953,11871
11393,12482,11463,3157,10618
3206,5983
3285,3207
3334,10823,7498,3210,5175,4248,10781,4734
5249,3211
3216,251
7400,3446
4840,5331,3219,4917
4929,7874,8531,3227
5537,5713,3992,4297,3231
3241,3418,3324
4146,3382,6166,3834,3242
8000,3244
10537,12425,9517,12238,3245,5459,11994
10497,7527
7552,5955
11769,11002,11578,9935
12172,10066,12500,8306
8512,6955,3596,6299,3708,3261
6562,3459,7015,9483,7821
6704,3267,5894
10372,3275,9910,4921,6553,7643
10178,9938,12571,7454
9081,8466,3292,3617
6008,8054,12440,12473,10491,11388,8735
9218,7875,3304,11848,10833,10005,12251
7076,3309,3862
6370,7592,5064,9032,6669,5709,5714,5586,6010
9127,3883,5395,3508,3803
4022,3326,4028,5822,3391
3788,7372,3662,9172,10199
4194,3590,4188,8050,4220
4005,5385,4251,3931,9855
4450,3667,3815,3768,3770,4375,3343
4072,5337,5077,5934
3371,4427,3691
9201,8434,10291,11977,90,3373
5676,3380
3403,7052,7221,4563
5081,3426
6153,3443
4771,8581,1099,12331,11322,11294
11555,4559,6644,11000,12060,3455
5217,6274,3463,10248,9770,5820
9477,7219,12243,11862,10012
3466,10965,3327
4821,5965,7038,5343
5896,4369,8187,7885
5883,6060,7838
6636,6599
6776,3693,7319,8088,3547
4467,4629,8693,8924,5503
7841,5387,5389,6222,6230
7649,4844,3471,6427,4575
7779,3671,4180,4444,5116
8480,6913,7302,8752,6303
4326,5258,5932,6199,6749
4416,3585,4002,4107,4396,4523,4567,3514,4958
3520,11809,8970,3828,12120,2108
10754,11979,10543,10703,10230
3529,3867
6800,8339,7740,3535
3537,4858
7361,6098,12307,10845,3605,8711,7879,10509
3860,3630
5780,3796,6420,5641,3676
2787,4967,6859,2891,5838,3442,3679
12198,2670
11601,3697
11153,8530
3707,3989,12375
8688,10011,4198
7944,5648,7157
6467,4515,4423,6409,4786,6295,3900,3709,3839
3736,5206
3744,3434,589,7922,8342
10473,3754,943,4599,6298
3762,7706
3776,4073
11209,3857,3804,1259,7020,9776,11121,11760,5177
10854,3816,3087,12534,12470,8540,2366
11360,9538,5570,3405,4019,7512
4354,3817,11562,5406,5407
10040,3823,7437,10415
7208,10299,5259
9569,9575,1384,10172,3824,3539,10812
9280,7765,3496,3864,8235,10652,5695
5025,5098,4651,3893,4758,4824,4505,4732,5021
5857,3939,4592,9750,7416,8249
6657,4746,4557,4310,9238
6192,5414,7112,3976,6379,7901
4905,5521,5075,4636,5471
5712,5715,5372,4630
5080,5257,4842,3990
5184,4283,4748,4294
4017,4458,6652,3998
4643,7988,7814,4199
11120,10132,4006
5631,4304,11472,10366,9727
10374,4008,12170,7788,7888
8423,4046,9427,7349,1276
10565,4615,11407,10962,4053,9215,10910,5356,7103
6418,6485,4093,4886
5186,10564,5317,4101,3352,12921,10412,12541
1700,5679,10575,9009,7186,9302,7193
8041,10094,4110
9024,7359,7239
4649,4138
6064,7857,4865
11720,1939,7702
12069,4142,10128,5362,11132,11519
4841,6910,4166,5095
4736,6818,7321,5013,5481,4171,5260
4956,4190
10755,5036,6771,4207
8611,7466,6284,4622,4792,6169,6655
6563,8615,8267,4236,4302,8152
4753,5169,5554,4308,4805,5288,4238
5201,4539,4245,6161
4282,6314
12496,9507,4284,8285
9288,4925
6739,10350
4287,6146,11263,8099,9513,10799,11569,6394,11839
9728,12321,10486,10585,4329
5858,12068,12005,11016,12021
8164,10061,9810,6875,7644
12032,12227,10246,5576,10249
10210,11070,11989,8798,11807
8165,4904,11437,11963,11710
12324,3303,9389,9965,6542
4352,11312,10933,10553,11834
6728,5549,6486,5231
5545,4422
6353,5298
4961,6722,4483,4454,5327,5847,6200,8346
9825,12355,11940,9768,1803,5618,4472
2306,4488,5705,1647,11513
11909,11502,12015,12692,9911
9283,11782,10215,12615,12141
4752,6442,5572,4516
2264,12713,6458,8862
12761,8722,12443,9076
4924,7918
10145,4550
7495,11688,8202,4684,6935,9054
11266,4604,10429,6343
8072,8841,11913,12116
6179,4620,6478,10830,9113
6104,6797
6377,4635
6977,4641,4815,6610,7035
5185,8297,8749,8153,7803,1308
4642,5386,5611,7375,11537,10591
8406,4662,8871
8008,6569,8425,4884,5559,6847
9120,4802,7971,8700
5869,7074,8772,5933
5504,4674,6995,5264
4680,6510
10289,2970,4700
10864,8770,4707,6612,9017,5612,2349
7427,11603,7989,9557,10455,9368
4934,4723,12638
8608,9131
9003,9542
4761,5817
7560,5553,6829,6367
7896,9701,9214,8071
10761,5489,4820
5609,4825,6462
7795,4870
8379,2228
9585,8532,11348,11663
8240,11539,10023,5497,4891,8444,3291,11983
9441,7881,4909,10237,7314,6323,8244,8150,6365
9761,2213,10346,4912,7166
10791,7116,5843,12698,11483
2721,6090,4938,7000,7839
2465,10982,9222,7660,6290,5015,11035
8353,10377,10922,12654,9936,5144
12426,8963,5029,6039
8288,7930,9430
5208,8322,5030
6961,5066,11796,5442
5682,5725,5071
5120,10821,5848
10410,5197,10472,11306,11803,9117,5134,11023
9868,5772,11890,1716,3703
10822,9837,7317,9206,10239
10917,10407,9772,5143,10937
10943,8303,183,5167
7931,5191
8520,9665,5194,2432
10200,11851,8541
8904,8617,11786
7395,11524,12775
5200,11372,4703
6072,5220,9174
7979,9628,5230
5250,9862,5482,5424,8755,7550,6399
6043,5532,6366,8175
9418,8967
5507,8591
5248,10257,5938,5627
5256,10328,6976
5941,8631
5279,5583
5289,5354,5445,6047
5544,5302,7767
5313,5505,6193,5577,6077
8076,5319
1347,5515,4461,9493,7768
6754,6471,7519,5551
10520,11048,9931,5592,5852,10527
7747,5877,5610,7962,7981
8005,7605,8632,8185,7610,8795,6525
9027,6411,7983,8944,7739
5764,6158,7283,6391,8344
10112,8419,6129,6130,10739
6502,6086,8815,7860,8375
6947,5988,8465,8852,5621
8882,6738,7483,7972
5640,8633,7029,5654
8065,6996,10262
7098,6876,10788
8769,7842,8997,5642,10027,8566
8610,1158,5966,5646
9632,4044,8116,11702,11420
8066,10159,12208,11411,5658
1217,11874,5671,9672,10611,10428,10014
12740,9702,10601,10835,11479,5307
12229,6259,5677
11657,8805,9831
5697,9506,6529
7391,7924,6968,7067,10206,7583
6032,7899,7141,8503
5726,9359
7872,7501
9233,6574,7063
8800,10032,9861
6924,6608,5751,8731,7677,7327
8385,9060,8933,4838,11111,9200,12273,5752,186
9638,4374,2807,12284,8477
10596,5767,9832,9338,6333
8776,5777,7506,5885
8889,8596,8825,7034,9052
8985,5799
6658,5844
7469,8156,9485,7175
5823,7254,7735
11424,5963,11076,5222
5929,7925
11609,8307
11442,9356,11346,11174
9926,9541,8038,9095
7419,5940,9086,6247
8761,6770,6347,7961
7432,6447,6288,7806,9183
7077,8338,7935,8984,8479
7914,6124,9196,7468,9460
6755,7818,9291,6925,6075
7235,6023,10421,4215,9083
6725,9062,10633,10569,9748,10110
7939,11749,8233,6122,6903
6209,6577,7334,9465,6573,7070,9887
6217,7609
7697,8810,6238
12644,10948,6245,11179,917,3928
10608,6266,10803
11427,8365,494,6291,180,9175,8252
10436,11557,10789,9675,12178,8435
11496,6281,6338
6444,726,10295
6464,11402,2805,9883,9469
10148,9319,10828,7662,7645
6496,6691,7529,7290,8893
6513,6674
10403,2212,11545,10524,8413
10979,12484,10119,6518,11099
6601,7756,6450,4087,6519
7016,8484,6686,8511
8594,6559
6624,6561,7346,8723,6616,7353,6779
9379,10342,9543,8745,7150,8916,6584,7518
6625,2822,12266,6283,6671,10974
9765,7435,11789,11857,12250
11897,11607
9072,6672
12009,12347,9950,6953
8069,8535,6936,6697,9212,8141,8284
7041,6724,7055
7149,7206
6753,8049,8806,9734,7257
6769,9619,6916,6806
9853,6805,11438
6856,9332
6866,7594
5299,8021,7352,11929,475
10531,7046,6897,6902,7003
7398,7320,6906,6986,7356
6979,7438
12793,2778,4331,10092
12354,9061
11835,6981
10048,11972,9865,8145,2587,11261
9634,11240,6985,7921,9653
11673,11826,6987,9514
7040,12165,8809,10378,9724
9440,11202,7385,9980,12670
7933,7086
7201,9307
7912,7657,6220,10959,7164
10152,6408,7311,11600,8988,7165
10264,11391
11659,12463
10441,11850
10224,11568,11122,12088,9275,9244
8010,7191,7214,8447
11194,7196,3431
11999,7804,8461,7247
7248,9330
744,5931,6388,7255,7959,4572
6885,8981,8373,7309
9637,11880,12023,7342,8823,10360
704,7625,8523,10932,7380
8640,7408,7898,7581
8544,9320,8877,7911
8704,8337,9908,8320
12553,8290,11141,2886
10842,9867,11564,7471
7492,8782
5154,7556,7499,5212,7760,5367,6684
9968,7531,7636
7044,2152,9326,7568,6557
7713,8370,8163,7975,8040,8105,7582
7606,8999
8824,8865,7671
12665,8372,9511,7705,10730,11115,11101
9959,8455,11313,10840,7229
10980,12053
7728,10593
6960,8614,10462,7774
7776,10114,8032,7789
12485,6407,12327,9266,11229
7778,10728,12587,12118,12799
442,615
10443,7903
10024,9658,7946
12449,8229,6277,369,7987
8450,7843,12712,7993,8220
9168,12372,11895
9763,10915
12803,12515,12422,11594,12270
12481,9648,12467,8692,12597
2085,10028,8019,10996,12182,3161
9357,8031
8051,9199
9827,8124
8582,8158
9058,8349,8182
8388,9013,8351
9863,10953,11500,10544,10494
10690,9035,10526
10748,10535
10532,8196,11378,9879,12415
6888,9977
8360,8213
10089,8785,9553,10451,4568
12680,12452,9892,9928
11137,10945,11396,9255,8915
10724,9914,8476,12349,8223
12194,11114,11820,10861,8879
10496,8646,12338,12403,10677
5216,2948,11588,9295,1397,2910
9426,8242,11636,11610,9788
1348,9286,8651,10353,9823
10124,8263
8299,8796,8709,12766
8705,8310
8354,11219,891,3176,10875,8910,11342
8378,1427,8396,5994
8386,11693,1776,10038,11863
9006,9790,8391
9059,1160,8875,2316,3190
8586,8534
9091,8556
11009,8657,10675,11425,11926,5417,10490,10319
12163,11556,8676,10993,5819
8708,10063
9298,8742
9323,10020,8750
7318,9982
8832,10756
2535,10186,8876,9558,10301
11914,10898,11423,11617,12067,2792,12279,8891,445
8912,1723,9820,4127
9953,10887,9037,8913,5937,1844,1908,5981
9108,11046,8262,88,11193,8971,10300,10607
9000,9041,9755
2859,3307,9071,9687,10074
9085,11198,5229
11096,9966,7799
9242,9094
10402,9954,10477,9134,12287
12448,867,9139,9268,5949
10060,2706,10995,9140,6520,11903
9143,11130,6234,4951
11888,9969,11958,10382
12417,11234,12685,12013
9170,9194,10198
12006,12554,2348,9263,12570,10047
9573,9277,10228,7900,11997,5886
9281,496,4402,11092,9880
2404,9284,9445,6598,3570,9363,9621
176,12353,10530,12739,12488,9292
9956,10090,9329,10354,9939,9494,9784,9818,10456
10466,10275,9362,8006,9593,10860,12191
11343,9398,10967,4413,4830
960,10211,9999,9497,9707,2860,10062,10079
10216,9572,2877
9920,7626,9645,12401,12406
7968,11755,8395,5617,9693
9816,10846,10587,10214
10296,9842,4658
9857,11716,12619,2398,8286,10662,5162,11563,10157
9907,11190
12512,10689,9927,505,12730
12066,10743,11204,11845,11666,9991,1459,11771
10292,10021
4137,10838,12727,10808,10042
10194,10483,11669
11089,11817,11369
6752,2985,12330,2547,9235,11028
10920,10764,11283,10102,12438
11363,11658,9005,10164,310
10106,10130,9164,10166
10745,10121,11729
10408,1069,10127,8190,11358,10559
10176,224,10723,10669,10463
6373,2885,2378,10384,11005
11777,10435,10181,11915,12078
10225,2147,11945,11533
10594,11013,9232,10386,10261,8155
4943,12624,10651,10715,11484
11042,10351
11754,10340
11329,11074,12356,12709
8816,10427,4436,10475
12240,1850,10438,11158
11584,10444,2358,10324
3104,4677,1599,1779,1494,2047
1027,8643,6534,10445,7601
11332,10598,10576,11859,11605
6816,10447,6743,699,11647
385,12196,8550,10546,10712
12299,11163,12070,12795
11785,11151,10901,10774,12159
11949,11446,12599,12603,11324
12741,10484,11739,12605,12255
10849,10991,12145,11251,11611
11843,11370,11373,12397,11119
11717,10949,11847,11254,10614
12233,12237,12111,11390,11007
12201,11854,11728,11345,10449
3873,3048,3710,10508,11480,12185,11230
12180,11364,10541
8866,10638,10871,12666,10877
11954,11957,10966,12409,10847
10722,11044,10763,12109,12376
5514,11810,6452,10895
11353,12099,11460,11221,375,10985,10348,11022
6848,11073,8293,6836,11510,4156
7393,11098,11490
12176,12242,11955,4965,12056,11337,11182
12106,11383
64,11713,11587,11683,11911,11881
12386,8699,12382
11595,11747
12146,2851,12276,12168,12378,4189,11919
12769,11925,3499,12492,12300,12126
3866,11959
9988,12095
6227,932,12494,11967
12209,12322,12157
12416,12389,12265,12490,12459,12717
2712,6002,12629,12039
5824,12562,7267,8703
12913,12591,12822,12815
12752,12935
12934,12870
