32,970,3591
6000,618,4213
819,3947,741
5508,4561,7508,87,5020
3018,4081,6390,4125,3935
1642,3562,4780,763,4446
2,2244,5710,6869,2719
3969,6310,2615,4506,830
4100,3847,884,4089,7707
1248,994,37,2981,11244
7127,2340,623
3029,7262
9730,1337,3577,1238,2105
4258,4067,4745,1435,6395
3490,3853,3120,5046,60
8014,5935,5272,411,3288
2689,1732,3765,7641,7642
1221,4204,6802,10396,3453
3652,2251,1076,600,1563
5920,4290,2757,46,2685
1635,6469,424,2188,4434
739,6031,1492,1620,5241
290,5124,9703
3626,3771
3416,8980,9056
922,1022
808,6923,2096,443,924
2304,1320,8169,3863,2205
7904,937,6316,3827,5240
8627,613,3031
4600,2807
1472,4682,1720,2225,5016
2088,7274,1005,4689,5179
1632,3173,10003,760,123
8992,6864,435,3349,506
3430,1450,2186,3884,2837
5061,202,938,10641,2644
4058,107,6327
1090,3940
3975,6155,814,5359,2331
10056,1227,3183,1682,3894
6210,1640,1993,5353,4118
2336,1259,2356,6362,3259
5670,1837,6004,1780,1469
771,1701,3305,4653,2325
6465,2753,2467,2677,5149
7748,231,553,4754,4918
3467,4527,6682,3899,2846
4481,6187,2704,7763,1663
2017,6153,4151,7511,1727
3052,2861,4501,8471,3967
4322,452,6839,1400,9689
3206,6438,4555,2961,5983
1960,9715,4645
3071,703
482,2279,6183,10286,5527
2724,6888,5365,4923,4349
6937,4026,7261
2001,2390
1253,8588,2509,537,3994
7585,4965,4392,4716,4239
1549,787,1302,346,29
3523,267,2451,1883,1055
2150,7209,5878,4728,2046
4224,2405,5196,1679,4726
3266,2756,661,728,2079
294,488,1867,3352,3865
3586,7784,10283,1999,5916
6600,1754,9293
3497,5914
1984,1353,1836,2927,6928
9088,2086,1012,3159,4381
1376,222,3135
7813,6102
320,419,4656,2515,4605
6346,6670,1295,943,3127
1478,912,3185,4432,2394
4864,3699,115,7253,10390
4424,3633,3538,1331,2359
7554,2793,457,2768,178
10856,82,6899
7019,4566
5728,5416,4139,5652,2876
3872,1678,2830,4306,3419
7690,5774,4405,3999,8287
6566,4433,3736,25,1340
1479,3913,5516,2931,7195
8228,1447,2216,1360,217
2551,7757,7056,4439,3807
612,5480,3822,8147,1466
2822,4143,3570,4632,4858
1986,2498,6151,6314,5840
7204,1096,11080,2348,1908
4385,3715,2629,2423,2971
2657,6727,6088,2441,1626
1380,7109,3759,2777,509
1104,4585,775
7873,8335
4578,66,6132,3158,2521
2212,3209,4465,5945,2044
4932,1508,6440,2218,277
354,1955,5541,2955,3572
2083,2154,4974,848,11542
4393,7221,2775,2458,4510
4840,3625,7917,1263,6526
1762,324,5178,2940,8383
2211,8838,8938,2901,9498
2977,6696,2799,2544,2809
9305,2091,6268
6488,867
459,4879,7984,1624,669
7080,7118,6289,6900,5045
6509,3503,2099,2427,6236
6733,2765,6190,6485,3196
8448,5831,5096,5713,1589
3202,5321,3669,2679,4378
9987,2342,940,4312,4607
5570,4743,1865,3859,4895
608,1989,1899,1972,2970
4711,2760,9044,5433,2874
4195,260,3403,1042,2905
3329,1093,1001,847,2100
5284,5641,5450,6389,3033
5894,1804,8495,2641,4279
1058,4751,5711,6063,156
6603,1229,3277,604,4479
2085,4528,5655,1565,7519
4261,1511,5352,4681,7415
3170,7394,3731,8053,1718
3818,469,3061,4442,4986
449,5037,5596,2941,1470
1862,105,3370,3635,215
4409,3720,4253,4569,5949
7596,621,4304,2199,349
8291,719,4499,344,11135
2624,8236,4565,2429,3647
3783,3786,6613,8309,3734
3404,2733,2805,3932,1310
4769,10308,4661,2902,22
7494,6823,200,1230,1811
458,6364,3094
7088,5108
3685,2537,781,1527,7743
2534,908,332,8367,1116
3200,6849,5807,6514,1303
6281,5488,534,823,1503
454,1004,1273,8669,7326
5635,655,6006,5723,1436
3745,4486,1354,3025,2771
2690,3401,5582,5721,4093
3015,2477,1582,1848,3133
2852,10597,1606,4978,5083
7719,3499,4602,726,6074
4,8441,560,2137,218
2093,174,14,2129,4404
5088,2276,6408,7593,5684
5732,3530,5073,8982,6430
9508,4103,2431,5420,3487
9984,4781,6713,409,3290
352,3238,2408,4212,3895
9996,2030,1553,6387,4092
6626,4995,1438
4531,5854
7746,1839,6993,342,4890
7458,9235,20,5183,7039
6693,1866,6702,3345,2365
2054,4013,5103,5141,2298
648,8790,186,1275,381
800,3472,4816,5245,2495
5251,3621,1324,4526,5215
10020,1193,1367,4696,570
5125,1196,5453,1774,3796
8705,6382,3762,7828,7167
2632,2505,4362,6473,5115
4992,3088,1174,3959,6008
5254,6133,4663,8504,251
6337,1378,5484,9841,8117
7392,6858,1130,951,8407
1061,909,6263,6842,478
8424,5195,2444,2610,3285
5637,7431,2352,4056,152
9226,3756,7445,6517,2967
4186,7474,6223
172,5132
9123,5829,8719,1821,447
7042,6244,842,7599,2646
1252,1765,5551,7634,3327
932,6607,852,7862,5656
2049,4324,6405,6344,11279
8275,4660,812
8653,9158
3234,4080,3700,4440,2138
8256,394,4117,2363,2430
7298,1294,1014,5432,5823
8547,6761,2232,860,4190
8064,1445,872,4847,2271
9124,4135,3661,7002,3325
8355,10077,4487
3129,5101
1156,3243,6606,8848,1719
5418,2702,4830
1588,4029
3914,527,2098,4309,4665
5477,7144,3087,3515,4795
1153,6627,5574,875,10639
1502,2919,4937,2449,4286
3174,4647,1741,2712,3676
802,4963,1028,3757,494
9727,4365,2751
4474,7126
8128,5494,3559
3330,4191
5568,1377,2914,5987,5557
6080,1841,4178,4147,10325
794,1443,5703
2409,4532
3840,4483,1165,8405,9308
7393,1254,3218,3224,2877
7538,2051,2572
1256,6521
453,6062,1461
4496,2670
2789,1769,1997,370,2012
5090,7523,229,7412,1944
7674,7481,5690,9790,351
2794,9106,9171,2964,5180
2784,2912,5874,1240,6363
7288,7583,5007
3945,2108
2953,8301,7478,3609,4956
4320,3431,2994,4084,3229
3076,489,4461,80,2261
5926,5805,6991,271,8696
3110,3082,556,8981,1433
3648,2245,4114,3227,4189
614,5609,4749,9364,788
2209,580,3889,606,9535
3207,2376,5770,4150,6493
1158,6374,8061,5111,1853
5606,7250,1683,7675,5950
2888,1539,3575
7676,1871
736,6724,137,1015,3995
6113,168,3369,9682,1016
6093,6736,6677,4379,3548
4514,5603,9828,8884,8830
4032,3265,963,3273,6126
9264,2448,8312,8025,6142
9612,5008,8593,438,4823
6178,6148,5290,3441,6174
6274,4431,3379,5397,7835
5249,3937,2990,3962,1660
4128,7145,2960,1147,1948
4796,4112,9527,4859,4060
5795,3437,8113,1427,1235
3211,3695,5168,8698,2811
1067,2292,3674,5053,8734
4134,8392,2264,1756,8190
7346,7125,6167
8000,6808
3619,4367,7727,563,4787
1672,3248,8056,8314,6136
738,6826,8941,90,10779
3929,1490,164
3064,3116
4519,4680,2697,4016,4595
4473,5268,5022
7974,1551
1639,4786,2460,8094,383
9641,3790,532,5944,6942
3244,7280,1297,1778,3517
3568,3027,1459,1397,126
3233,5281,10120,4153,3867
1536,5316,9997,4313,3099
5697,7172,6024,3180,7069
385,6988,2577,6745,7007
5408,4305,7864,3420,2590
1281,1645,7790,6962,1567
1573,624,5819,573,6462
5294,3412,2139,4893,5566
228,9447,8,6673,6610
33,8939,4369,4343,1371
5602,7181,48,6482,2010
3042,6666,8524,6479,4851
2282,2159,8564,1658,4317
2447,5173,10070,5909,7286
8356,5060,4713,6572,1103
5126,6510,3856,2224,3581
192,1700,1733,971,4948
2412,1389,3028,5785,1468
10533,430,6097,7378,8439
5962,6866,6227,2969,1946
8771,2395,185,3387,1501
6185,1037,919
7798,1039
2048,2561,8871,4529,8730
3919,3985,4564,6260,5653
8288,1987,1132,8402,5726
5633,7874,39,982,6878
6893,10446,3187,3002,2875
2023,2792,1965,4020,1053
2127,2446,2583
8512,2882
1953,9598,5127,4850,11038
3232,6085,4981,6297,1277
4485,4073,1451,699,5884
1121,11216,3632,11191,10939
3622,1737,428,9777,1272
4038,4363,6069,7548,6431
9960,8840,2900,2518,2623
6656,2864,2678,5147,3582
7956,4613,1822
4766,10831
2508,3663,5780,789,1173
7459,2026,8907,3512,93
903,2413,2226,1817,3711
964,1959,7149,3377,158
5058,10,980,7413,5302
7245,686,8569,955,894
1604,7113,3019,4752,796
5059,6909,4223
2660,3364
8648,4683,4601,2206,5855
7147,1909,598,6969,1245
2915,4075,6321,3861,8920
3557,5221,3722,7061,7351
5473,1576,6385,4695,5271
73,1710,7344,6768,4319
8610,5994,3537,4982,10975
3366,2414,4945,5010,6044
1298,155,2324
8013,927
9282,4419,546,7594,8684
9504,749,2032,5881,378
4421,9041,10612,4599,3835
5985,2659,3792,3737,5758
4068,7176,5140,213,125
6861,4589,6647,1594,10815
6026,9483,4556,6771,6939
7397,7338,5681,4281,2175
4009,233,8272,1907,58
3942,3574,5561,10428,2589
4169,4435,6582,10430,5599
8865,6350,1743,242,374
5848,3457,325
9896,9303
2817,1512,9001,3442,2235
2721,682,308,4825,2171
9577,2829,4109,7217,220
7124,6300,3719
9472,5310
6160,5845,9397
7626,5685
9600,4288,11172,5454,6687
5188,5295,8687,367,3160
6887,103,7627,594,377
9323,1791,3668,7609,8255
2432,11650,10636,5390,6139
992,2250,9259,4594,5117
4617,2987,6379,6480,3644
2179,2019,10033,2164,886
559,11025,11763,119,1114
4640,5363,1493,3321,6523
2386,8468,2996,6679,2334
7915,7037,8024,5308,5437
1062,12204,1206,2585,5274
5793,1669,1578,4332,8151
259,3793,5235,92,991
2272,7139,3186,3316,2841
2788,9966,5203,7640,5306
6531,1284,8212,7735,5753
5445,8616,4631,9435,1535
3048,10376,6442,6891,5044
6984,9932,2580,3799,9438
4321,6795,1073,9491,1052
5824,710,1896,275,2364
2925,3398,7942
9208,7630
3011,8461,6605,7859,7128
5619,700,8039
6003,5645
8594,476,3300
6439,6559
896,2260,2071,2392,8926
8258,4558,879,4176,1431
1927,363,5068,5138,4627
10786,6978,3628,10487,7963
5094,7574,695,6838,4671
387,5544,9204,1495,9276
4832,3806,5748,2197,7294
2848,8482,7301,4137,4976
1312,7906,10018,8777,9754
2592,1345,2466,1457,1759
3718,5318,1973,2236,7934
1995,10156,2637,339,1655
7142,3694,1167,11931,5853
1094,6630,4012,4952,287
11778,4813,1873,2066,8158
1395,149,2808,8282,4926
1957,1179,5371,7355,2780
2242,7151,10292,4668,7197
5028,4428,8972,8750,8703
4708,1319,8268,2676,6998
4706,809,9388,4144,4827
2499,8300,3885,143,9780
1668,996,1803,1392,850
8902,111,1618,882,6683
4744,3971,3613
6616,4703
3658,11892,3989,5400,7450
7010,5704,2474,2223,6453
7044,2574,2867,1876,279
6791,2824,6066,8179,4829
7780,10250,3732,7991,5628
6754,2055,1992,8050,4822
10731,1806,7732,1430,31
3073,2042,8269,3726,3418
8325,3176,841,1650,4954
1026,8937,8746,9787,926
4160,3426,3543,2730,10359
4227,4869,4554,1322,4408
4675,7299,6918,8760,10680
8612,2893,7726,4079,4063
3704,10059,782
2062,2015
6424,3079,1996,403,1048
7750,6828,6225,5435,3870
3077,3214,1941,4536,1406
2720,4768,4848,2737,1171
5993,7115,1425,2326,8637
4165,8557,4241,8371,6201
4612,326,6100,2102,9496
6019,3142,2951,3527,5769
7266,6416,4210,7892,7071
7233,6437,4330,720,5464
4449,4633,4655,7475,9049
1440,2763,9582,6009,3612
5667,7367,3820,2318,1690
837,10349,6231
4187,4132
5760,6305,7491,7684,2008
2438,8295,5063,5396,959
8226,2184,183,3576,6425
7362,12035,7306,11129,9499
4206,7059,3550
10072,8585
6595,5925,8839,5833,5297
1216,7281,6418,1713,8977
6306,4492,3566,1362,12151
6152,9297,8689
6182,9406
2240,7968,132,7174,4277
4327,3850,1100,7100,8350
5698,5460,2357,9111,8952
6929,7473,8343,188,3069
2625,3203,4136,8458,1559
8416,5953,4161,5806,2709
10221,7570,8691,3059,3738
5889,718,5614,2802,3830
8384,4192,11398,8177,6105
5319,1998,10415,2002,4086
835,8294,2603,2872,1309
1830,1967,3415,9850,1916
4131,997,7337,3034,4383
6659,4902,4391,5998,8694
8672,3534,6483,3317,6716
11466,5260,8592,1523,8121
6466,4715,4397,7887,11224
9690,7796,6543
2465,9202
1250,7369,10168,11676,7742
4325,2601,4170,7954,8595
9348,1673,2672,757,4222
10906,10493,1175
691,8639
4034,2524,11766
8570,3845
11004,2538,8783,2488,10620
6883,6692,4809,11212,7503
7401,75,10198,3801,3067
7745,5228,1164,8052,4793
417,4451,5550,6422,7383
3904,4356,3020,437,2006
8774,1329,1721,1561,7229
3588,7496,6578,6707,8184
4897,2082,8872,5865,2190
6119,8878,6351,210,8440
5859,2564,10921,6872,7135
6180,3332,11631,3155,8219
9547,10571,2132
5324,8245
6278,11658,5716,3032,5213
641,52,4517
8525,3950
3313,7017,4047
6108,5157
9184,7213,8310,2838,4414
3434,4491,7308,7980,1597
1665,3106,4454,5449,1950
962,3664,6711,1244,6013
6150,10409,9866,12044,5662
3138,8427,6412,9166,2575
7754,6091,7341,6766,113
5476,8103,3943,3050,2545
5120,9252,8144,8464,9458
7776,7899,8429
7297,6780
10306,747,9004,5005,8661
1634,8764,5311
6336,6905
10792,9449,3763,1875,5109
8132,10601,8082,8372,11419
7489,9090,8711,4533,2302
11187,7870,5351
6860,4806
2843,2410,1615,2075,3390
3360,2928,338,9501,1247
8259,1703,5608,1747,1980
6533,3529,7793,4445,3103
584,1068,3631,7089,5751
3777,6637,1616,3006,5375
4001,1444,5206,3038,5023
4966,870,4915,6332,5119
2859,6477,4877,6294,1369
5571,5798,7721,3086,829
1124,2090,5459,2998,9978
3143,7931,3388,5693,3294
7520,4293,4779,5486,10780
7713,4235,3451,6235,3134
6786,6279,7179,8528,4828
11168,8357,1008,1622,1439
3843,615,1201,8404,2014
8712,5099,8849,2613,10008
6021,2738,6357,8885,3164
4256,6058,811,6742,5629
9811,2766,7150
3808,4718
289,1571,4041,4760,4797
3365,6280,4078,7318,11197
11265,5478,2894,3383,5851
7171,7110,9802,1006,11994
3510,1079,11450,8251,9437
8098,5286,4495,7571,4340
2374,9230,6805,1653,8766
4426,10254,751,8918,7224
4673,2278,1365,8758,11575
5197,1934,1296,4346,5439
206,1169,4946,1335,10394
3841,3331,2791,8239,3478
10926,753,2485,1145,2907
2863,5104,2323,6615,4062
12128,9826,5106,24,6654
483,3307,2706,4563,5591
5314,6563,716,1106,565
6147,550,1485,6620,1118
10402,3848,43,2322,5499
10905,1202,2554
9608,1342
7436,7886,7767,9466,4315
2081,2214,2922,9302,2297
8645,920,8856,3484,11774
9921,4930,1637,7575,5979
3433,4457,399,9170,1598
4553,7439,121,190,8478
415,6421,7223,2265,9503
9566,8845,6352,7030,10334
6144,2594,7652,5236,2330
708,3496,4652,5403,348
5280,2740,2036,891,4861
8008,9258,6099,3925,540
7782,10315,498,8339,5754
577,2627,3475,725,3479
929,9484,2542,8085,3005
4611,10053,1581,5742,1623
12106,1547,12409,5946,9053
8999,7405,6445,5775,7386
6752,6721,9187,334,10902
3696,7709,7693
3249,2213
3650,2983,3656,2354,375
5893,1292,1657,1621,7897
7363,5901,2833,310,7771
10034,676,2903
8793,2147
3269,8492,1356,6286,6228
9380,905,5676,7678,2655
2945,8459,5581,10321,531
11299,2185,7857,1429,10847
9321,4142,10128,4382,1983
1474,3814,1231,1904,2301
263,3980,5969,4242,6163
8097,5923,678,2963,9946
5354,5039,1592,7706,5052
11200,9998,10352,2425,2974
836,4270,945,4535,1691
3525,4389,6025,4783,9468
5312,2469,645,2411,7789
9517,2110,7895
10537,3245
9632,898,3602,5658,2587
7691,529,8051,3161,8380
7683,6030,10040,1208,3610
8484,520,4087,11132,6686
8352,7170,839,11921,7323
1600,258,10161,9723,2269
2579,948,4947,1786,6237
7712,707,3480
2035,1629
8531,11827,9945,8409,3866
1674,3344,5490,9299,341
1985,2722,1900,4758,2296
7783,7218,6867,3411,440
8708,10438,3303,680,6775
2418,4756,6932,4503,3611
64,3009,7979,4174,6845
9604,6186,6970,8028,6494
1033,6667,11117,11445,1373
5638,9800,7986,5075,6301
361,4874,1525,5367,3320
5024,3751,1832,8266,10735
8298,7050,6960,6833,734
9669,6121,12108,5266,957
9891,1423,2929,8979,3545
6309,1544,9803,7502,569
8003,9125,3657,9236,761
7639,1524,567,2873,3802
512,5035,6540,9083,7455
8135,5165,6963,10970,4475
8737,1381,6759,11863,9307
2570,6095,3952,9915,1982
7936,2823,2004,6397,8701
6506,5547,1974,1596,95
3145,942,2166,10775,4889
1217,11874,1095,1194,10765
7620,10151,9807,2195,1750
6799,8208,9241,9853,10174
7654,2559,9590,3606,543
4480,235,3222,7031,5919
1990,3053,1647,3443,1044
2758,10568,9742,8880,10745
5632,4546,9805,4785,3252
5761,8138,7597,6609,3380
5210,4619,1109
3552,5276
11011,6852,6639,12435,4639
9667,8463,5617,3060,8123
4770,9155,8263,5543,10717
2596,9221,10165,11382,3295
486,5032,173,4530,855
8998,6036,10518,4573,4350
1060,5943,7001,9274,3260
8096,5225,7694,7448,10462
7938,806,5417,8565,10038
1191,5964,2069,2774,8799
1126,3495,8818,5651,3102
35,4838,2312,2136,697
7409,6002,916
70,1543
4229,9862,407,5915,6110
8419,8021,5277,5852,7549
6497,4547,2219,11383,5529
11722,7437,11984,9844,11157
2950,5327,7388,8220,9245
10625,5511,5512,9104,9714
3465,6449,2230,5181,7230
8227,3108,7240,5129,2840
9575,6602,1040,5618,7774
12010,9645,9874,6451,2489
5601,5293,629,3509,3414
9583,4027,7964,7965,9791
10122,4237,3118
1242,7588
6979,5447,592,2097,3035
11970,5959,6542,1046,10743
8033,1736,6419,6933,7449
7657,1932,336,3862,8634
3938,8134,8400,5815,9658
6807,8395,975,9239,7422
5443,391,8781,8238,6581
224,7687,1488,6128,2104
2470,1127,3022,9774,5567
4549,6789,5639,9036,7710
5997,8559,6611,4348,2622
7141,6573,976,4729,2682
2289,7026,9732
11059,1557
3107,5093,6862,1550,7284
11113,7414,10006,9949,7486
5376,5578,11547,9180,9150
7584,6242,3126,5430,2040
6530,6951,7178,1138,1877
8870,7884,5358,2288,4667
3337,1402,4698,1308,3551
2435,6020,10605,2832,8089
1685,6414,4886
8364,7534
5902,4720,3057,10331,11198
6920,4282,4679
8032,2286
6491,5644,6815
11064,8978
8332,6830,1270,10526,9471
5669,11404,5804,6011,8606
9793,4494,4049,5500,1246
9549,3654,8222
3556,1334
8551,5163,722,5939,1880
12225,6122,12074,7530,2992
5730,8868,4778,9580,9078
3041,5594,4916,6262,5562
672,2178,8899,9296,5112
5986,6275,10314,941,8726
3424,9611,8115,10231,10335
128,7073,6213,1225,9619
4171,6253,1808,6232,3641
2436,8326,856,4921,7423
518,7869,1135,7421,6782
9962,3896,7160,10809,10301
1538,9863,1776,7027,11899
1480,10443,5262,7955,6490
9436,5558,9372,6014,767
7043,3043,5995,2606,5391
6403,11541,8854,4888,10172
4616,2124,7091,2836,895
3920,7090,18,3573,2072
4804,5227,2674,5145,3678
6850,8803,8808,8873,1301
8390,10567,8812,2769,9082
5604,3813,4841,7671,474
6470,5229,2578,4055,893
5952,6369,6945,1767,7801
1605,3666,6803,8055,9470
9922,2227,9688,11802,7199
9377,6821,8358,9480,9393
3169,10373,9037,3600,8913
7107,11907,9897,10909,94
7138,6949,1287,12780,7995
2420,3004,4462
1211,1885
4070,7856,786,1531,8093
795,871,3474,56,8539
7208,76,4046,8276,12287
11314,3907,11622
7152,10381
1422,1520,176,595,4411
3873,2643,7797
6467,589
2281,562,5043,8347,8732
3302,10121,6892,10125,5304
1092,7465,396,7821,4567
4962,679,4686,2671,5692
11273,6922,7759,3636,11260
7525,8786,3608,2202,9695
5934,8791,5531,2397,3231
8714,4852,6325,3766,12095
2754,6204,2634
2160,2988
7913,4337,7225,2109,2399
160,1025,1812,758,8824
1603,3624,9128,4909,7391
6308,3013,8582,5259,11852
2314,4881,3794,3739,8029
4972,1455,8049,9109,602
5989,10278,4141,7665,10323
8576,7074,5230,4878,4444
4003,7428,11027,6777,4603
7648,6694,935,2003,1820
2530,8682,8363,2475,11037
7686,12401,9457,10329,10846
5002,8016,1009,2839,2552
4354,4774,9545,11818,5492
8832,7433,2316,5426,8247
548,3109,11044,7928,3261
7163,9063,9842,11579,6843
2881,3298,6635,2612,2487
6628,1829,170,4043,1526
3335,2028,1232,3026,2879
4961,3910,1897,2858,637
2661,3973,6633,9453,2639
6663,4808,369,9624,1274
9728,1188,2543,7795,1374
7628,6065,3797,7509,3323
10113,5899,7184,12508,575
1856,1792,6511,6192,3997
285,8925,4798
1587,3916
11364,9700,9448,6475,6681
9748,1029,11671
9530,5863
9379,3371,1771,1454,4316
8389,1321,10332,4284,8285
4522,2957,2896,2295,6234
3936,9317,9766,6734,2361
2566,10087,2133,7381,7515
7843,7438,6836,3772,4318
11940,10063,7636,4472,12376
5696,8493,240,3798,8191
8549,9514,9424,3226,10910
5034,1933,6612,4091,2684
12064,4513,5891,12465,5234
1827,2891,8755,6365,6590
8423,6538,9197,10770,9309
9249,4579,743
7941,4359
1570,6415,5458,4659,1177
11363,1612,2898,8567,1692
9673,6394,1473
9666,10773
9473,7716,9427,2647,5789
8716,9776,11121,11387,10559
5738,4076,4814,665,766
2201,9564,7877
4154,3879
6898,1299,2932,4221,6910
1387,8529,6648,5081,8540
5446,3078,7565,596,1882
9603,3459,3630,3986,983
2121,10989,724,8313,2111
3394,4931,4459,2158,6038
8231,1768,1705,6378,5818
6854,8520,2256,3921,4025
11169,10503,9482,1937,6455
6283,5172,6623
5160,8621
7054,8431,7347,5717,10587
961,1610,1261,3900,4670
644,2215,2473,7052,7384
2153,1074,1300,2972,7966
2120,3458,1807
3177,6916
5026,292,6571,854,8319
9027,9894,8198,7592,8105
11232,9729,9142,10294,11581
10575,3823,7537,10299,11580
8257,3084,2157,671,2943
8486,4776,5170,10522,3262
265,1738,4812,4914,6557
9827,9999,3130,8124,1278
1267,9596,7307
1584,5778
10336,7907,10608,4339,8412
1035,4429,4623,6741,6553
7041,3785,2187,6295,1628
2402,9412,2372,10289,4700
6956,2189,3926,8155,4638
1825,7407,8853,10814,1951
10338,6851,7238,714,5911
10529,4225,6214,5076,6812
12546,9636,10756
3355,9982
9064,9870,4593,1947,2141
986,2558,3263
7304,11755
10498,8201,10256,9651,9685
1101,1102,7183,4310,7999
4714,3440,7155,3315,2749
3779,2291,9396,6199,8031
9569,5700,10318,2486,11069
10458,7890,6292
432,7614
2560,1307,902
2550,3703
10279,4524,10322,5523,3199
6756,7945,7211,9422,6071
5924,4357,1157,2347,9660
673,4621,3374,4913,7770
4512,9801,5483,8373,6556
5162,2191,6806,5563,5214
3968,4739,2068,4598,7416
5347,5413,9054
8662,7495
7201,5519,10258,11640,7643
3553,68,582,11756,8279
10816,10658,7270,9286,3857
3618,322,3469,5879,7485
3240,4291,4581
10504,6684
4130,2856,1069,7958,2527
8296,6417,2539
9681,4610
3494,7368,4400,8242,10813
7020,1699,7196
6856,8488
6140,8806,11319
300,9214
3386,4464,434,9108,3706
4705,11754,8235,11484,6750
11329,3056,12624,10295,12312
8289,6370,6373,7946,6492
9507,10350,78,536,4925
8632,4111,248,4219,5279
4420,5326,1458,9304,1213
425,1163,2222,2194,1749
7146,7377,10675,9019,1789
11824,9193,9747
3898,8678
3168,2630,2991,5332,7893
9031,2826,10863,2416,4634
3046,5708,151,7132,9725
7553,2662,9835,4045,7791
8066,8614,1554,7379,3228
8193,2540,12240,10107,10879
3016,7785,5100,7254,4537
1858,3468,5747,6107,2173
4331,5548,3670,4252,5918
2673,10001,11293
2813,1222
3651,6094,1326
754,4351
7426,5615,11695,10649,10878
8900,10631,1868,8207,10290
1282,10478,1327,7607,1532
634,5019,798
6258,3599
6375,4233,7724,3504,6138
8946,4691,2007,88,4159
6252,7832,5811,11733,6296
6433,1542,5896,4651,4061
4967,11468,3701,10749,6879
11171,9924,2472,3080,4437
10821,11284,12471,8376,2714
7812,10994,6811,8572,3742
6371,6917,11049,491,3643
9441,10339,1318,2257,7070
1541,7269,947,2459,6495
227,1262,1465,10270,3679
930,1574,2380,5146,1662
2496,4364,110,3954,5813
1408,1348,8523,5838,7130
9607,8974,4658,5498,9182
3486,4456,2123,6989,5790
7499,9132,10447,9373,11647
516,12017,11698,5209,4123
8224,9986,12180,2039,633
3141,5261,2382,4497,2200
7370,330,10353,12242,9426
1417,11182,11665,3448,11358
12192,2511,7637,4023,571
12709,7760,9683,7447,9823
10311,10378,11439,5746,12600
7232,12288,5733,7081,1143
9089,804,9232,10748,7933
12356,2053,7215,8530,6973
2193,211,12814
10296,9383
2107,6617,981,4441,8315
4066,1731,5814,10262,4407
6661,4329,8809,5750,1311
1725,2152,8780,5238,1181
4836,7207,5200,8725,3615
7845,9879,7629,8887,10842
3427,7279,9905,11096,8767
769,6087,4650,6159,7096
99,1608,6409,8652,2924
5958,10105,3692,524,3001
2752,3939,6921,6474,7951
4430,9425,946,10488,1978
4263,6513,5555,8795,2878
4970,12,9710,627,8341
6848,1280,3074,558,3966
12457,11372,6709,4662,10715
1018,8522,3500,3642,2332
4196,8265,6064,9849,7807
5538,11010,9028,5861,8664
2306,6889,4490,7819,4303
6250,2253,10544,7602,5821
134,11500,402,4788,8855
162,4167,11564,6096,4664
8005,4399,2934,7352,3646
11746,11155,245,2588,5565
3680,1358,5687,4985,6143
15,1844,5719
7601,11090
6189,6865,3832,4345,8445
8496,11338,10734
6040,3396
8759,9160,7730,247,1694
7373,141,401,5973,4572
11009,12398,10898,86,12279
11458,8829,9623
10771,8623
7794,10836,7576,445,1183
2176,10114,1671,6257,3871
11019,9781,2870,3128,10653
968,6028,5683,3220,3256
4353,10855,3179,10223,8820
3852,8244,5910,7670,10202
6532,3429,3432,3217,3284
1761,11298,261,8650,6907
6176,12007,9358,9654,10171
281,10228,1189
6550,8742
7566,7950,8784,6076,9630
9640,9865,9903,5744,10581
6725,2057,5834,2029,3767
3460,1835,9298,5079,7615
993,1162,5940,5817,5471
2146,9734,2443,10959,2101
2628,5668,306,5337,6047
7008,4172,5392,3476,4863
1667,3789,1390,2258,6103
3617,8580,4618,9047,7454
2061,6221,8437,9916,6653
3587,7922,8342,3934,3423
5572,6793,5846,3286,5151
8321,4999,5457,1269,3445
2274,4259,4105,1752,11230
3010,901,1648,436,5055
8861,9385,10987,1936,10205
8004,1676,3375,182,7258
1956,484,10416,11408,11964
6400,3492,6057,6380,1405
4515,7068,7314,4121,3324
8079,9075,2134,6935,7647
2860,4592,5175,3963,4734
2979,8454,2889,10220,7357
10275,2309,10860,4763,9118
7366,3219,4917,1142,4415
7114,6546,9592,9593,10235
5377,9967,2608,10260,11935
5220,11749,10704,2968,4509
4516,8932,4208,5012,4249
194,7076,1421,398,7961
9954,3686,1128,9644,4341
545,10761,3408,5489,10456
3438,630,774
3744,10645
2464,5857,5520,3314,1911
635,2246,1471
1528,6958
4065,10116,2958,5616,9819
4802,5013,1614
493,5871
9890,4007,7755,6930,5394
427,4588,4018,3860,405
455,8396,7086,11376,925
10851,2262,11190,4215,11515
9796,11503,5269,7517,3358
8196,6885,8102,6886,1861
2562,2667,1521,5714,318
8961,8804,8006,9002,12191
5000,11222,9912,7484,6360
10502,3213,8560,2453,4989
9717,7093,9567
5673,11146
6664,12745,651,3117,10896
1260,3749,1846
6946,12363
1735,3601,8018,3826,2398
5066,4402,180,10709,9021
9539,1384,139,3096,5406
2663,2183,5937,5812,8509
101,2598,5573,4042,6574
3275,5588,11893,11095,10204
6050,5123,8778,7957,4541
3778,1892,4395,5135,2651
2921,4201,71
9228,8397
7940,7817,9943,7799,5849
1351,9455,10103,11194,10652
12012,9395,11788
4625,3189
42,6156,10638,656,990
41,10826,9331,7800,11546
12321,2437,9746,10486,3614
12098,8548,7079,7666,7129
6181,10055,10955,3054,6558
9313,7399,1902,5171,5113
4740,5414,7206,1787,7004
609,7490,3522,2954,7506
6564,933,1452,50,2396
1088,9057,147,2844,8317
3065,5786,877
7714,4990
4552,9837,8654,8563,1630
2500,7046,8666,12667,6396
2182,12493,10414,5981,5407
2024,3372,7663,7604,5788
2089,13,1680,3225,2011
5858,6632,2517,4470,2966
5794,2885,7078,2378,7419
12483,4901,9637,8823,10360
6146,1784,10134,952,11263
8034,7212,5199,4275,8054
8142,9649,4722,7222,5469
6731,3728,10579,4693,1050
2665,9387,237,3697,7635
8966,5897,11917,11988,12055
960,7847,232,5048,6203
6977,11306,9366,8154,2750
2787,3912,6411,47,5787
11720,5143,10583
10937,6083
5729,10787,8745,5546,2642
3392,7526,4262,5384,10566
4641,6402,6675,8406,4094
1796,10828,561,3410,4050
2114,3906,8076,3342,831
7,647,1198,915,2168
7651,1801,4911,3154,9370
11787,11406,11799,6458,11511
11237,10764,12333,244,9910
4811,9234,9779,10578,5275
1441,10691,11335,9260,9404
8230,9332,4377,3291,7839
11781,5580,11378,755,2203
1057,6668,12534,10713,7711
4674,3241,1234,1011,3422
643,8519,9390,4218,2492
8996,8361,8011,2605,2519
1889,5967,944,6968,6426
8145,5202,10895
10178,11451
1572,9816,4463,1976,7257
3683,2052,784,2162,2652
1347,2094,6478,5583,3897
2798,11700,4166
10690,2434
3201,2916,1894,2311,5463
11045,9544,5388,11373,5784
256,653,12084,2715,9756
5611,9773,7375,5329,4413
9542,8167,4873,9238,475
9696,3274,6413,11540,5782
2497,1122,9096,9421,10317
881,1970,6580,4949,950
1155,5419,4587,1872,3710
196,8942,2207
496,817
4929,6471,2445,465,1716
5474,3748,8964,10577,10494
551,3592,2156,658,10100
1925,7334,1704,625,7610
8962,10760,12528,2228,12308
869,5797,3981,5462,2618
6915,2343,8044,8603,7996
5331,6772,7162,6525,542
7718,7112,979,312,1372
1890,4583,12115,4950,5689
8641,1797,5870,8660,254
1568,2786,1265,8851,5759
5827,953,5128,1017,539
7876,8043,7865,8601,8252
7457,9988,6792,9011,10166
7631,3571,6039,1534,6719
7105,8328,7087,4944,413
4004,8456,11723,9262,8917
9094,11528,10164,408,9242
10948,6245,7781,11880,12023
5161,6902,888,7003,10684
5095,8843,5362,6423,7546
11552,7396,8393,10236,5244
3649,4406,8975
7065,10637
2918,10730,4216,890,2526
6897,10417,6903,12761,508
7881,1002,6829,6320,3166
10848,4231,4746,4557,5980
8577,3267,9768,5556,9398
6881,4871,12553,11209,7471
12713,7311,1744,2803,8057
7051,4205,4942,3119,1564
2021,5515,5966,5972,10389
3008,5285,7930,826,6205
3979,2484,4855,3417,1498
2849,4396,3148,5649,9525
97,5355,10193,9278,10015
10565,4615,3482,4053,10938
3727,3450,2491,5501,4958
9699,3272,10541,9845,2621
7400,10024,2989,2388,8216
9420,3502,8951,9336,1850
8180,2869,2710,9114,6911
8481,2854,1707,8589,9277
7680,10916,4200,8489,7765
3310,6723,2502
7035,252
3023,1654,5049,7901,10398
7758,2607,3924,3672,1790
8074,2731,5613,2906,2174
2307,8106,9039,2421,2238
9122,2482,6555,4571,4347
12613,9937,12177,9876,1757
8354,11342,5134,11219,10875
1729,9701,791,9016,442
1633,10887,3464,7309,11544
11793,5970,7603,3281,9334
9889,12650,8112,10548,8476
481,4036,6662,1482,9627
7328,1160,298,9556,2778
9606,3688,1869,10742,10173
10021,2471,7336,8170,11729
6312,11192,11288,1081,7866
6753,3037,2510
5177,5342
74,10372,599
3817,4019
0,2569,2895,1172,2619
3753,1200,6997,4853,10911
3367,3816,5612,1975,1919
4867,11464,3341,5136,9400
2115,1388,16,2549,2493
7810,8297,4815,1404,10461
6827,269,1361,667,4158
9994,9070,6524,1467,4732
6179,11626,3125,9113,701
3908,6726,1414,9526,5974
11840,8059,11205,11184,9851
6528,6508,3216,1684,6420
5796,10854,4880,12470,11065
840,586,2513,5395,9465
8675,8452,3690,6164,4311
10723,10758,11242,12045,9050
5191,1099,10068,6588,11294
1185,12485,1964,10324,6552
7057,3730,9273,3322,3452
7045,8455,5139,6392,9595
834,3944,8042,1137,4694
7456,7973,3563,8047,1689
3909,1958,1257,1834,7729
1666,4452,6762,2059,7947
480,6217,3309,8150,8249
5575,7085,917,3928,3162
8898,9639,3190,7255,9117
8963,5029,2599,10671,9973
7403,9102,6575,11343,10967
4228,12231,7047,2073,11003
9795,1515,6797,9201,8434
5666,11529,12399,5465,2815
44,977,2514,1723,3293
2691,628,7733,5718,10237
4896,622,1494,10871,2047
2535,10186,8876,9558,11101
12176,7203,1399
2547,4782
4736,3462,6825,7275,461
690,631,3930,7038,4831
2528,7512,3769,5246,10207
4544,1476,9446,1651,62
10883,10181,10391,12059,9854
6023,6863,10513,6961,12414
7267,8685,1332,1207,2140
9248,1681,2034,1656,10557
12355,1448,3976,2728,2638
12448,8867,9381,9139,10453
9219,7247,3348,10137,7804
1305,8250,340
1403,2020
9357,6323,6548,1366,666
6220,3638,4031
8225,7227
4993,9413,10956,9554,6676
5777,9947,1481
11144,10990
1895,7048,1513,8048,3741
6657,1186,1409,8718,9751
8001,10431,2948,11644,12415
7276,3470,3854,5299,7836
6816,1530,1339,5212,1086
5252,3595,4335,6674,668
10673,2582,9847,7032,11034
7816,9098,7382,6619,989
9824,3754,2744
6298,4543
6784,8770,7504,7542,9017
8583,7559,6313,7216,6642
6884,9164,246
8202,10510
5322,6512,241,10364,6206
9188,12445,6407
4145,9266
6338,11496,10672,785,1491
6448,2033,4272,4467,9887
2692,525,84,6874,3836
9538,8518,11761,8562,1918
3489,4523,4398,4502,1209
1187,1740,3156,2680,8159
772,1852,3915,1580,7292
3555,4108,4973,8763,1083
11625,10124,9038,4794,4733
9697,611,3122,9628,6012
3339,3150,4307,2165,2391
5122,3477,1464,8092,2942
10699,11890,11347,12570,11036
1505,6052,7844,11108,12310
8643,1779,11731,11927,7193
10697,9518,5368,3964,6207
8322,5030,2439,7315,5208
3051,4637,10550
9138,6444
7333,12679,6322,12149,1112
6209,7623,8398,9750,5885
5092,8037,7177,1291,10263
4064,9956,5991,4115,1210
8229,12456,2285,4692,9341
10880,7332,11278
9147,3829
8683,5237,7830,1726,8991
6224,1129,6333
11040,1800
3140,6948,1453,7055,9310
4416,4334,5905,6769,1816
8472,4155,2747
7009,9635
6536,11307,1971,6459,5598
9152,1316,6539,7853,12081
2567,460,7959,4185,2366
10093,3152,3764,10740,731
7556,11337,11760,10768,2908
9073,1847,10616,2233,10781
5289,4538,3165
9953,11942
9907,6196,11013
10585,2687
4737,5661,9992,7852,6173
4162,10532,616,10291,5398
9573,5701,7467,2764,11737
5282,8740,1522,5907,10078
5036,4207,7698,3063,8153
1382,3347,10419,12343,6015
4833,4866,2546
7137,4991
2241,1613,11154,10803,6266
10252,10965,10393,1020,7903
1929,9233,10227,12153,12543
5190,5069,851,9301,11448
5166,8773,11662
12400,6114
11536,8116,9300
12561,8221
3040,10466,1859,9362,12598
4232,362,939,9116,2045
4868,4742,2350,6577,468
10444,10966,11959,8697,12125
9892,8646,9255,9553,8223
9280,1677,10158,2675,10903
8385,8933,6090,9492,5752
12908,236,885,1306,4124
1463,10714,1519
1136,3958
5057,11810,2959,6393,3645
7837,6343,3466,3837,11999
3520,3361,3842,10440,2349
1893,7505,7410,11636,5174
5767,9618,4374,9338,3675
356,135,11432,8748,2268
3882,1906,6651,9533,4126
1504,642,2533,1150,1599
12480,11584,11246,12079,8399
7153,1204,8986,827,7900
4289,8930,7689,1753,6172
12754,5595,11102
7912,2462
617,9035,2320,10140,11869
6499,10823,7815,2329,11610
380,6701,1591
6137,238
3362,10882,7228,8989,191
2984,1935,10197,8923,2782
2180,9288,6739,5204,8215
5105,7095,6591
5800,6248
9409,7944,10090,7157,6809
328,11023,5584,7513,11803
2563,6853,10642,8378,9693
11427,5380,11557,12178,5334
5772,1881,7164,9085,11103
416,1540,646,3528,4280
1730,10877,12666,10362,11933
11104,10952,5976,4730,5051
2404,7539,8860,4957,9629
4098,12068,204,5657,6463
9857,974,10712,11098,9918
11651,10030,11669,12727,2617
5216,11438,7699,2845,2910
4642,9923,5386,6324,10591
7558,5992,12076,2038,9463
6401,1412,8776,6282,1773
619,1197,914,5590,2973
5185,8514,9419,7613,5182
9858,4678,7082,10507,5434
2087,1328,4370,1590,572
450,4520,1931,911,659
8418,7756,8879,8785,8915
6,169,1233,439,157
5592,711,8688,11477,8792
3776,8388,1071,9267,372
226,108,209,470,61
897,1509,2985,11537,12089
3524,965,6824,146,6614
6089,1770,7159,5239,7289
8721,11795,11062,4248,11416
4933,650,6127,5912,4568
4938,7000,5017,5626,8605
11856,11697,8658,3961,7516
11817,7786,9833,3957,1814
1215,27,967
4505,2939,3893
688,54,1352,329,954
1190,1228,109,1586,825,2494
1696,2346,1518,464,273
777,1758,2383
1921,2163
1355,1141,117,1078,284
677,660,1077,316,892
130,499,500
1065,522,998
145,12406,3864,12492,12126
675,357,1003,591,1212,792,154,1276
163,2694,3282,1619,2743,2557
4417,4872,5296,2742,3101,1886
874,907,166,1151
266,1419,934
865,610,910,463,662,187
1220,1258,365,304,1428,503
198,6598,2713,3965,7390,1487
11745,8738,8739,11833,7611,1913
10584,208,9240,7293,12446
9601,12167,11473,9812,3354
12451,6908,11709
12464,11877
10753,12726,9783,9720,11770
249,5931,5072,4057,3098
3400,5665,6082,6832
744,2890,5004,6996
3104,5475,1027,291,4677,4071
11431,296,10802,11032,10972,2653
12809,6938,12244
12304,10766
12033,10819,7752,12041,12499
12385,6699,12283,10556,7389
6384,12527,12663
12203,11308
11136,11250,9203,12407,6202
3296,9968,6326,6685,302
9489,2947,4835,3607,314,2604
10681,11006,6871
12305,4460,12365
9505,999,8136,327,9901
2781,985,347,2933
2294,1954,3149,3030
2112,451,1888,1709
3328,2761,422,3681
523,4620
3881,359
4800,12756,389,11767,12105,8426
704,6690,2886,393,8911
1537,4707,8749,3095,7803,6079
2818,8107,752,10523,2654
10369,1988,7278,467,11199
5232,3363,8473,471,8457,1149
2339,11822,1085,11188,2649,9821
3780,10141,8958
472,978,11327
11236,3237,8874,6125,11864,5882
11297,11716,10662,11563,9739,10157,10002,6291,3956
10827,9677,11291,12316,12830
12806,9735,10759,12813,12309
11841,11330,11813,2119,11311
5672,7762,12371,12723,10683
12518,5350,9804,11725,3519
10179,12744,9162,11699,12735
6435,12390,12746,12214,11359
12612,11400,10889,12235,12402
833,9352,6794,10710,11992
3746,10632,10892,4244,11481
12193,8485,12498,6131,12507
9895,12458,11435,11443,11998
9415,12200,8905,11965,9951
8928,9578,9101,12784,7569
12699,12542,11679
10976,11522
12004,10022,12583,11218,12281
12522,12567,12057,12573,12063
12537,12762,6959
473,11047
12772,12774,10219,11514,12092
12547,10031,6965,2871,12604
10572,12114,12052,9718,11097
12640,12135,9576,11772,4959
11654,11558,2923,11629,1901
12802,11140,12677,4987,7551
2208,1777,2037,501,857,510
8987,505,8699,5423
2853,2005,5686,4725
1051,7988
2358,511
2620,1917
4458,3998,3446,4199
4643,1611
709,7814
4017,5041,6652,1286
2681,5001,2796,10925
12782,8214
12216,3724
514,12173
10019,10149
7697,8810,555,6238,9055
578,12771,12069,1939,11519
10432,9762,7595,11916,12790
8836,9736,11918,6814,12671
12832,3682,10405,10839,9759
3874,11063,9271,4790,7863
11105,12770,8831,4953,11871
11494,4710,9713,11125,9786
11393,12482,11463,3157,10618
11425,6810,588,7894,2935,8506
11616,5412,7205,9224,3506,11736
5526,7273,733,638,3215
1393,10995,3579,7768,8537,10459,639
10531,8451,10309,10536,7561,10986,8111
5154,5381,8118,663,3193
2113,1945,1545,746,684
3539,3564,693
9368,7989
11603,7427
4723,11924,9557,10455
12187,12828,10437,12662
9131,4934
8608,12638
3007,3886,1199
883,1140,1556
1120,2243,3336,713,2267
1032,2259,2548,1401,2556
7430,10284,729,2553,859
10251,12738,11750,8802
2273,1602,1315,2198
3385,737,821
2946,3554,2148,4622,1359,6042,1819
4712,2065
4792,2419
4236,6284,3205,759
6169,1962,1107,4302
11176,11849,10280,11118,2321
2337,6501,9868,10096,9976
779,11599,7476,6270,863
10784,6625,7435,6671,10974
9765,12266,11789,11857,12250
8896,7404,8753,8083,12054
8598,8075,5830,6319
6328,8330,10099,5495
818,1499,9476,10247
3923,2772,820,2170,6046
2353,966,3887
843,2835
1898,2884,2658
2305,3473,1219
10050,9067,8910,9176,9497,11743
7425,10082,10984,844,1813
5348,11116,6476,1782,861
12739,10345,7021,10511,6520
12353,10530,11588,12488,9292
862,1794,4629,1134,6636,7838,5503
4789,2701,2735
4436,4951,887
9349,9832,2056,10255,9361,10941
12284,12551
10596,9638
11456,10388,3755,900
8640,973,8782,6354,7898,988,6589
7492,7885,5975
2450,5027,7883
2400,4276,1031,4875,8940,5518
1064,3113,3254
1066,1091,1516
2393,3251,1084,3839
3709,4423
1711,3271
6500,1110,11414,9752,3993,10844,11455
12036,5765,10183,10474,9708,12077
6976,5941,8631,5256,1113,10328
11645,7418,4500,1146,1243,9981
7104,8195,1224,2457,2221
3264,2913,1617,3640,1289,3725
1313,5522,2696,3849,1562
4265,7586,1364,12150
12384,3137,10420
6529,9506,5193,5482,1497,1370
6436,3918,9013,8182,5493,6233,8351
3521,9058,4164,3175,1386,6990,8349
5077,1416,3691,4427,4072
3901,9006,1843,5078,7740,5405
5442,2310,8391,4687,10226
1446,4010,3247,3221,4278
9620,10837,10678,9335
5536,11457,5410,1483
1507,1575,9032,7372,5709,6669,9172,6010,5822
5064,2962,3124,4251,2143
3012,9127,3883,4022,3391
2490,3803,2428
2252,3662
4005,3590,3788,10199,4028
4194,5385,1496,4220,3326
1772,1742,3931,4188,9855
1914,2636,1855
3000,3996
3970,3655,1644,3987,4120
2385,9852,3951,3055
1659,6276,6157,3750
2338,3589,1686,2455,2507,1879
2131,2077
1714,1687
2161,1799
7664,1857,5990,1722,2126
11046,12071,8971,1775,10607,7121,11223,11193,10300
2369,1793,2149,1863,2041,2300
1795,4146,3382,3834,3036
3242,2773,6166,2938,3195
10985,12554,11022,12335,12208,11705
11234,12207,9969,10554,4156
12417,12685,10382,11958,11130
4024,7186,9143
11888,12013
11073,3878,12593,3773,10463
12322,12265,1809,12819,10932
11683,11460,12459,12717,12209
11713,11587,12490,12494,11353
10943,7317,11967
12099,10908
12389,8550,11881,11221,11510
12416,11911,9353,8566,12157
8769,8065,8997,5167,7098
7842,10788,5642,10027,6876
2700,5623
3091,3405
1824,5756
7103,6987,11407,10962,11826,1845,11673,9215
10475,4717,8166
1905,10427,6116
2204,1912,3147,2748,2060
11333,12039,8571,12629,9270,1915,8542
11008,2862,8655,12302,11380,11543,12408
1922,4484,6757,6535,8211,9467,9726,10687
2976,2723,3239,3306,4107,2481,3255
4002,1943,3514,3357,3838
3585,2920,2381,2483,2355
12449,4360,8912,1968,7987,7993,9820,5054
12712,11594,9168,9648,12372
8450,12803,12422,8262,12270
12515,9763,10915,12263,11997
12481,12467,8692,12597,11895
9813,9559
1969,8733
10043,3340,6773
7194,12476,12062
7264,5539,9706,2480,9586,7282
7621,11077,8199,9615,12633,11901
4097,10083,2025,7024,10930,10738
2144,11954,10539,9964,2669
5553,3933
3955,2797
2172,4761,3236,4584
11249,12195,4358,9495,2248,11052
11811,11562,11952,11666,3541,8729
10209,8613,10413,2293,11576
3584,2897,4469,6584,2718
9543,3212,4590,4979,8916
6272,10342,4015,2299,7518
11619,9461,8679,6059,2335
2401,3171,3112,3181,3280,2611,2904,3167
8993,2407,7669,3483,4862,2975
3208,5003,4044,2741,5087
10689,11173,2503,9289,2478
2501,7441,6835,8788,3287,8890,8442
11554,7908,6120,8842,3308,6999
5378,7133,6943
6545,5102,9975
2851,4326,9207,8187,5343
3045,5387,3671,5883,6303
5116,5965,3547,8924,4542
6913,3693,8693,6230,6749
7779,2668,4910,3471,8088
3047,4844,6060,5389,4575
8480,7649,5258,4180,6776
7841,6599,6222,8752,7319
2520,5338,6427
5932,7302
8674,3714,6434,9062,10535,9194,11828
11459,7932,6586,11100,6783
2532,11975,10953,10481,4818
2586,10473,2698,8491
10872,3712,8895
3136,3747,2645,3319,3516
11112,9771,10482,12083,9877,12538
5056,4773,2664,12138,10091
11033,4373,10271
10692,12294
10944,8552,11465,10603,4941,3824
2688,10812,9678
9512,10811,7880
10377,11035
6290,5015
7660,10982
8353,9222,10922,12654,9936,5144
6051,3684,4102,4935,2717
11655,9521,12241,3892,2727,11321,11981
4865,8161,2734,4051,7700
5593,8019,6747,5781
2736,4883,4083,5513,3949
8421,11210,12620,10958,6109
4608,7364,3436,5270,11639
12103,9738,12110,2800,9428
6534,7976,9005,9940,12024
2857,3565,6256,9840,3346,5749,3318,5401
8633,3677,5198
5640,8882,5542
6738,7972,7029,5654
4699,4525
3376,2911
7296,11109,9231
3024,4626,3093
10858,10954,6198
11424,5091,11076,10000,10801,6398,3039
12160,5540,5222,6170,11164
11808,11304,3123,7190,12765
12421,9487,9719,6265,12286
10176,12171,11627,10669,12155,10142
10169,3062,12183
4801,11334
3072,7028,3717,4646,5525,5695
8386,11048,3090,9330,10132,10520,10527
4006,6953,11120,11897,9950
6672,9072,11607
12009,12347
3114,9218,8735
12473,10491,11388
7875,3304,11848,10833,10005,12251
4184,3131,4955
4906,4821,3855
8293,6377,7849,9417,3982,3151,6104,4635,10206
7498,6098,12307,3605,10845
7361,3334,7879,3210,10509
4899,7587,10992,3283,10807
8834,11053,12174,9775
9938,8466,9081,12571,3292
4450,4900,3815,4586,3343,3953,3667,3768,3770
5664,5586,3508,4709,3350
12120,10505,11993,12165
11809,3828,3373,10230
12182,11977,11867,11979
10754,8970,10543,10703
9097,12649,4891
8240,5278,4095
8581,11983,9941,5497,8444
11555,4771,10023,11539,6644
12331,4559,11000,12060,3455
8625,9652,6972
4298,10643
4576,8329,5291
9977,10244,8213
6800,5217,3535
10248,5820,3463
12243,9477,11862
9770,7219,10012
6464,9572,10216,3481,11402,9883,9469
8035,9284,9445,7655,5646,10546,3507,6743,8286
3593,6219,4380,8109,4493
6955,3596
6299,7015
6562,3708
4704,5569,4928,5219,3665,5624,5065
7016,6601,3707
4198,6519
5648,6084
10776,10386,10261
3721,9829,11214
9788,9991,10408,8651,9709,10127,3804,11134
6288,3821,9086,6447
4905,8338,6347,7468
7077,5712,9460,8761,9183
6247,6124,4748,4283,7806
4294,9196,6925,4630,3990
5184,3983,5521,6770,8984
6755,5257,4842,9291,8479
3905,5080,6075,4636,7935
7432,7914,7818,5715,5372
7469,5071,4697,4887,8985,7034
6658,3875,5682,3891,8889
6307,3977,4300,4654,8596
9399,9052,5799
8825,9485
7175,5844,9146,8156,5725
5323,3991,7067,4375,8503
7872,4998,9359,3984,6032
7340,7501,7924,4666,4255
8736,5537,5825,3992,4297
4856,7788,10366
11472,5631
4008,12170,10374,7888
4274,4082,7191,8010,4940,7214,8447
5186,9931,10412,4101
12541,5317
12921,10564
9024,7239,8041,4110,5679,10094,9009,7359
5298,4980,5549
5344,6353,7535
4422,7251,5545,6486
7169,4292
6728,4127
7823,5231,8827,6967
5156,4903,4649,4138,4943
4805,8815,4308,7605,6391,8185
4753,5764,5169,8375
8344,7739,7860,5621
8944,8465,7283,7983
8852,4238
5988,4149
6130,6502
10739,6086
10112,6158
5554,6947
6561,8417,4209,6452,7353
6624,5514,8723,6388,6779
6330,8073,5201,6161,4245,7094,6583,9402,4539
6468,5510,6311,5335,4267
11569,11839,8099,9513,10799,4287
8164,12005,11016,10061,6875
5576,9810,7644,11989
12032,12227,10246,10249,8798
12324,11070,11963,11710,11807
10210,8165,4904,9965,9389
4352,11312,10933,10553,11834
6704,9407,4387,4597,5356,9199
9283,4488,5705,12015,12692,9911,11513
11909,11782,10215,12615,12141,11502
6568,7962,7747,5877
5610,7981,7013,4518
10145,4550,7918,8722,9076,12443,4924,8862
11688,4604,4684
12116,10429
8841,11913
8072,11266
4644,7398,7408,6906,7581
8544,5809
6162,5422
6597,9320,5224,6986,8877
6112,6027,8337,9908,7356
5605,7911,5451,5622,7320
8704,8320,6129,6678,4857
6882,6302,4759,7066,5739,4750
10722,5866,10763,7313,8636
8290,7910,9329,7708,5534
8299,7117,8501,9818,8796
8218,7248,4820,6650,8668
7969,8709,10214,5867,9494
7808,6317,10354,9268,9784
5313,9000,6376,5577,6516,6461,6077
8040,5098,4824,9755,5021,7582
5505,5025,8163,7975,6193,8370
9585,8532,11348,4870,8379,11663
9687,5887,4876,8775,10074,8204,9071
6569,5933,5869,5264,4884,5559
9120,8772
7971,6995
5504,8425,8700,6847
9761,10346,4912,11313,7166
10791,7116,5843,12698,11483
5250,9418,5424,8500,6043,6366
5248,8591,8175,10257,5627,4988
5507,8967,5938,5532,7550,6399
12163,11556,8676,10993,11346,5110,5211
5929,7925
8307,11174
11442,8038
9541,9926,9095,5963,9356,11609
5152,12769,11693,12375,12061
10497,10594,12644,12282
8904,5194,12512,9927
10200,8541,12775
9665,7395,11524,8617,11786,11851
6585,7483,7084,10285
6345,5243,7625,8477
8360,9367
5409,6446
8866,5288,5456,7536,7226,6331
8545,8816,6359,5880,5307
5357,6576,8657,7161,8891
8387,8009,7658,10319,10490
5481,6818,6175
6048,7321
6592,7992,6267
7148,7461,5487
8304,8122,6645
5900,7967
5620,8420
7470,7764,8822
6456,9650,5735
9536,7235,11796,10996,5647
10017,10611,5671,9672,11357,10014
12740,12229,8805,9831,11657,5677,6259,10835,11479
7662,9319
6496,9510
7290,6691
10148,7878,7325,7452,7645,5886
6277,6342,7529,5842,6195,8893
6722,5847,6200,9033,8346
7552,5955,7527,12238,11002
11578,11769,8306,12500
12425,10066,12172,9935
10232,5961,10217,7053,9279
7329,7380,7349,8921,6859,5982
6072,9772,10239
10917,9206,10407
6367,8071,7560,9003,7896
6450,9511,7705,8828,8511
11099,10524,8413,6518
10979,12484,10403,10119
9861,6924,10032,8731,7327
8800,7677,6608,7063,9181
9154,8611,8615,8152,7466,8267,6655
6936,6697,8284,9212
9225,8141,8069,8535
7360,8801,7682,7619,6819,6840,6975
12354,9061,6981,12793,11835,10092
10048,9634,11240,6985,11948,7921,9653,11261
7040,9316,11945,11533,10225,9980
9440,11202,7385,9724,12670
10152,11122,12088,9275,7165,11391
9244,12463,11568,10224,8988
10441,11850,11659,11600,10264
9920,10569,11179,7948,7342,9939
8120,11925,10110
8233,7939
7696,7702,7531,8604,10477
11919,7568,7825,12146,12276,12378
12168,9546,9326,9529,10138
10115,10045,7606
12579,10348
7728,10593,10980,12053,9959,10840
12514,12327,12587,11545,11229,12799
7778,10728,12118,10007,12732
11153,8303,7927,10203,10159
11526,10633,12306,10515,11123,9205,11158,8090
10755,9702,8807,8271,10864,9430
10472,9129,10410,9134,9295
9825,9867,10028,10508,10830
9091,8586,10060,10130,9363,8534
10073,8507,10047
9880,9493,9621
9059,8875,8556,8365,9263,9712
9281,9140,10101,10037,9913,10106
8435,10436,10789,9175,9675
8864,11360,9433,10421,9814,9174,9961
11369,11089,10194,10483,9012,11126,10838,10808,10042
9200,12273,9060,11111,12185,12234
11074,10211,10340,11042,9707,10062,10351,10651,10079
12194,9928,10451,9914,10011
11137,10945,11396,12680,12349
12452,10724,10089,11114,10861
10496,12403,10677
12338,11820
11283,11028,10102,12438,10920,12330
11915,11005,12078
10384,11777,10435
11332,10445,10598
10576,11859,11605
11151,10991,11345,10449,11092,10901
11163,11324,11007
10849,11370,10774
10949,11119,11251,10484,11254,10614
10978,12405,10822,11031,12665,11322,11115
11107,10899,11141,11480,10923,11437
12056,11955,12021,11771
12066,11204,11340,11845
11854,11929,11611,11390,11903
11728,11739,11949,11446
11785,11843,11717,11847
12426,11972,11420
12440,11411,11702
11617,12067,11926,11914,11423
11601,12198,12710
12228,11461
12320,11490,12211,12362,12300
12382,12562,12822
12913,12386
12752,12591
11747,12517,12870,12934,12935,11595,12815
11732,11957,12028,12109,12766
12741,12233,12299,12237,12111,12255,12159
12714,12795,12605
12070,12196,12006
11969,12201,12397,12145,12599,12603
12533,12619,12325
12496,12730,12611
