2846,1297,9715,6166,3899,3966
9282,7523,2632,2733,4948
1539,4553,1866,2670,9402
192,2756,812,4013,4759
3273,7740,6382
2888,5633
1543,489,6412,4665,4380
9348,2919,7144,9681,7706
2784,6955,7250,2738,7412
7397,8810,5453,5975,8255
1037,1709,342,6104,1277
5354,3690,5682,5244,7901
4640,6377,8267,430,4750
7981,4454,6975
3048,1795
759,1165,2065,1207,1535
1252,7206,4874,1272,348
6496,2672,4209,7094,4185
2082,4587,3855,9840,1179
6819,7269,5007,1332,4797
6561,7886,8822,9308,6655
5568,1665,4491,1617,8703
2690,2604,5327,1808,8827
3458,453,1225,1387,567
4483,5477,5735,4712,2527
2353,4539,5078
7980,6213
1120,8840,10033,8314,7967
996,7089,827,894,5919
1957,2857,2419,6042,6331
339,5780,6645,6998,2904
4928,929,6568,2481,4926
39,2671,7793,5692,3678
3400,3087,2162,2109,1118
1094,6478,336,8723,6847
2355,499,6359,7353,7066
5545,5231,8339,7548,3357
5442,2286,1231,2300,6652
4961,6569,5514,3243,4107
8616,1355,1686,4760,6749
2381,3665,660,5559,2652
2149,10376,5933,9650,5279
5601,2920,1614,7992,9466
1771,3630,7664,3350,4445
1345,6533,6002,8439,988
4199,7337,3181,1556,2939
1696,998,679,5482,4111
1888,3112,4567,3834,4191
4900,1064,527,4017,5877
99,4102,8370,3667,1655
3471,1392,6354,6164,3772
1735,7183,5624,1211,1885
6882,707,1444,3529,2507
128,4832,8772,6294,4887
6562,4867,1797,8812,5620
7344,7281,1066
8337,4654
3360,1091,5193,9417,4396
5414,5004,1485,5201,3862
4422,5799,1065,887,4318
9320,4010,5842,7988,7645
4736,1574,5938,2835,511
3047,3672,8152,8540,4127
2658,5447,2802,377,2301
6624,2401,4005,8175,821
1671,5298,1524,2713,3261
5505,7657,3693,2957,2204
2438,3815,6599,8791,10206
713,8782,3318,3830,1656
933,5135,4180,4184,4666
4294,5748,8535,4057,2267
1446,1834,3147,5342,2942
3778,5128,9619,7956,6391
9506,2856,5481,4588,3860
6528,1608,7515,4220,4351
2409,4041,2924,3788,5456
6753,6662,1958,6414,5880
7041,2187,10257,1943,892
4423,6027,7789,980,6200
7841,2962,4315
8761,6075
5122,322,1421,5490,3955
4515,3176,3473,5751,6295
5409,166,5387,5586,5116
3459,1606,6663,2636,493
6161,3346,5654,3514,7390
1892,7814,3064,1497,5243
1507,357,3977,1140,5021
164,10148,3654,5160,9299
10114,6309,3883,242,5747
971,3446,3990,8346,6367
6697,5932,8304,2197,3901
4164,4300,6267,1629,2398
522,5965,1711,1496,3386
2881,4458,1868,6003,9212
8425,3468,6995,374,510
187,1518,5264,7797,1723
7015,9006,8529,5307,8319
1550,7032,985,667,700
3970,1843,9908,6996,8731
8801,7971,1962,7355,2364
4326,8039,500,1975,5405
4844,5583,7356,7294,4255
1772,565,8893
5104,6262
6345,8465,3474,6486,6077
5504,5665,5715,4884,9245
930,774,7560,2059,8284
5419,464,4018,8984,4857
6924,725,7739,8924,6399
6979,843,5931,9109,151
365,6832,2740,2037,1917
710,1481,5869,7806,8479
6563,8652,2548,9013,3477
8967,460,8877,7821,5044
4449,3909,5542,6452,8889
1352,6925,6552,9049,5532
8544,2383,947,3638,8633
1280,8032,1196,4108,2195
2380,3149,9367,252,2559
1602,4590,1455,954,6461
3522,5385,3212,4022,4251
8545,7372,5198,275,6585
6284,2252,718,1359,2748
4522,7914,1190
1921,3037
451,3376,3984,7067,3005
2052,5093,677,907,1274
2466,3109,2469,5554,8250
2884,7077,7534,6803,5013
1187,7983,4311,602,2459
4906,3247,5687,4985,2391
5988,7529,5372
6738,3662
7975,4334,1199,6158,5594
737,1896,8591,3221,3998
194,196,9003,2094,1855
4675,8454,2257,6100,9690
5696,2305,7432,3821,6350
1777,1212,8596
1032,6303
6471,7112,7217,2354,8660
6124,1078,3983
3875,9183
2473,3284,1912,3996,1790
2296,4644,6060,5619,7320
9058,7226,2143
4584,4842
4586,9359,4464,5521,1215
961,4802,6224,890,9052
6497,2219,2836,9819,7227
0,1959,425,340,3767
1768,3585,9033
3897,9310
8122,9755,7148
7896,1893
3239,1452,7502,4436,1401
7076,8360,10285,1083,3839
2312,1740,5712,2170,4988
5224,3045,6502
3986,6277
3343,2131,5622,4636,7550
3779,1615,1296,2896,2933
2849,2890,3671
6608,7319
1347,6409,5451,6990,5621
1025,7619,9603,524,3251
6592,7843,1799,2420,3450
2723,6086,4238,2556,3710
6247,3785,6516,789,4732
1541,6129,7452,7321,3516
6724,3344,341,2520,825
3236,9127,5553,2519,6299
6082,1995,5177,9627,5822
5162,5389,5649,2651,1662
5605,5258,9039,6806,347
6728,2410,9460,6140,3838
3905,6307,1897,7625,4028
1258,461,1654,503,671
7378,6930,9396,1530,284
1003,2643,10324,5338,3871
6818,405,6110,5212,6366
8704,6311,883,7764,8351
2668,7438,6447,8156,3391
5248,6947,8806,501,1816
4768,7302,6288,8503,3770
6256,8069,6623
7468,4575
1386,2954,3148,4761,8700
6436,6342,4395,2620,7935
8882,3000,857,5725,1758
4002,8493,662,1464,8825
7779,4267,2243
6169,3891
8320,1575,6220,1107,8088
7972,7340,3953,6427,3709
6658,4709,7055,4469,4824
2176,2307,8141,4015,8985
5098,1326,463,5777,3931
8163,6376,1644,9196,4149
4547,5991,6862,11383,5529
4753,4652,7836
10739,3156
2148,8996,5169,316,5852
289,5764,1358,2299,2428
4065,4004,5616,5939,8917
591,2735,4954,5595,7581
934,2136,5883,7388,3326
7911,6986,3885,589,2772
896,4194,2020,777,7506
6032,1403,5071
5257,8375
3336,8621,7029,792,5627
1505,10116,5969,4242,6143
7267,5640,4009,5080,2911
6913,2605,70
6467,198
8097,8752,6353,7284,5214
10112,5025,8049,953,2490
8071,1742,2259,1628,4957
8416,1220,8685,6584,3004
7649,5958,7175,3315,2291
7878,4525,1106,154,9855
5184,6769,4958
3547,4748
7396,2346,427,4951,4283
3590,7470,8693,4630,6936
1705,7860,629,1366,6678
6468,10342,2569,4979,8916
9120,6598,8748,7283,5493
3012,3893,10199,2172,3677
9734,3175,2514,7063,4031
11810,2057,11307,630,12310
3113,977,2101,2198,666
5250,610,1419,50,8344
865,4910,5501,2393,3293
3046,7400,1872,8338,2238
3367,3271,9291,8944,1919
7398,2163,983,9400,2491
6272,6755,1829,1261,54
8480,3521,2208,1172,4120
1571,6948,871,784,8852
6597,7818,2029,3023,688
569,7501,3341
3216,5136
2273,9225,6836,2068,3124
11108,11144,4972,304,3122
611,8229,12456,4692,9341
5323,5424,6130,3965,7518
708,1800,5520,850,3768
11040,4450,9639,8942,5905
3747,5507,1092,3727,10959
9697,8816,11796,117,3319
2567,9064,7948,7700,2366
9181,10966,8182,8697,12125
266,10444,2161,5335,2041
12165,9702,7153,7505,7900
8675,135,6193,7410,9172
11584,7084,11246,7313,2268
11432,7912,12079,7959,11102
12754,4597,11959,7164,2462
6499,10823,7815,2329,11610
7327,9543,5772,8860,11103
2404,10030,7539,9629,6302
11817,10194,10483,11669,2617
4360,11369,10838,10808,5054
6446,1968,9012,11126,12727
3394,356,8399,7987,10042
12449,8262,12263,8912,11997
12712,9168,11089,7993,9820
12481,8450,11594,12270,12467
9763,12597,11895
9648,10915
12803,12515,12422,12372,8692
4833,3820,210,5588,2872
5667,5476,2090,1690,1309
902,5639,7405,2974,2655
1731,1198,5814,2489,1531
1262,915,5812,3703,2168
4066,7,2663,647,8473
3363,8457,5232,471,1149
4653,6670,2164,4538,5983
5156,940,6062,9235,1302
6369,1572,973,4174,6485
2272,4161,1618
3098,4687
4325,8,2446,4793,5343
7776,4905,7408,149,8089
7233,8193,486,3495,7963
2893,6095,1526,8760,4063
6336,5347,9230,9811,3742
6752,6721,2662,10605,173
10855,10256,11954,6581,855
1648,4818,8820,244,4509
4641,10115,8406,4794,4094
11107,3405,5907,6675,5623
8864,9953,11942,5584,3165
11176,11849,10280,11118,2321
2337,6501,9868,10096,9976
779,11599,7476,6270,863
10784,6625,7435,6671,12250
9765,12266,11789,11857,10974
4324,872,787,726,3644,7071
1057,3365,4749,338,1244
5998,9264,2448,2324,8312
3168,1284,1639,11154,1048
7436,5423,9204,505,10939
3106,11216,916,4660,11191
2918,7367,3722,6453,6431
417,4770,4070,8664,3452
1858,4091,3826,8085,8987
4866,4391,10636,558,697
1408,2853,3686,4599,185
3072,550,9937,7028,8151
7936,3208,1578,4406,3483
3440,4241,7669,4725,3099
6659,8899,2407,3035,1086
5112,6421,9582
4752,4061
3717,393,1902,5396,2036
1544,8777,6186,403,2460
1312,7906,1703,5228,5651
1121,5449,10,9296,6422
962,9870,2005,5525,2173
3496,9803,8013,1171,5695
6480,7125,1592,8121,2492
6918,6845,6648,5081,701
6615,2023,5543,4503,8699
7078,2566,4330,4205,7318
2950,3664,757,9590,6332
7043,811,5458,1561,4863
4421,1673,4044,4862,2975
6595,8145,434,6231,9404
4136,10221,6257,1559,121
6786,4549,7369,8732,3102
64,7297,3478,6234,5087
6789,8294,76,3476,6970
2539,396,8052,8539,9628
6667,9036,5613,11419,5662
9802,9997,12561,2554,12445
11200,6445,2425,11774,6201
5581,6030,11411,2587,5565
7710,3050,2545,8093,6494
9632,11972,12426,12440,11420
6816,5314,5003,6039,8634
939,7666,11702,5658,8509
8582,11722,6451,4062,4383
5959,1307,2550,11547,8572
3010,5796,5644,4880,4888
10311,7979,3797,1534,6719
9249,9300,7509,6681,12508
1536,3426,11364,12180,6107
5863,9448,7053,9748,11387
9473,1825,3494,9556,10270
7238,7079,10637,8989,10814
3423,8042,9266,8054,1951
1730,10658,12098,7368,9463
10001,10290,2097,4437,1305
10631,11927,8207,3701,10295
8900,10871,2472,5199,247
42,10638,10417,4407,10877
9383,145,8530,10903,3615
11746,6889,11372,5200,11155
6176,11335,2183,7922,2588
9358,8342,9654,7065,9501
11298,9796,8650,10125,206
11964,11445,4662
11408,484
12007,5394,1528,3322,635
2503,12935,11503,12752,5269
11173,12870,4646,12913,12822
10689,9289,12815,12562,12382
11747,11595,1803,2478,12591
12386,12517,12934,5066,990
3310,3697,8666,11194,6396
8975,12534,4216,11451,5789
11045,12485,3814,8361,10389
12320,12769,227,2021,7765
6668,10262,11095,7130,9180
10916,4200,12362,6512,12211
12480,8489,11536,4280,8221
3816,1869,12177,10742,10173
11461,12198,12710,5612,11153
10203,11464,10092,10159,795
10854,10758,3125,12470,9050
2599,11242,9973,4248,4991
5029,10671,10673,11761,2582
8963,12399,5465,891,2815
9538,4007,298,7216,1681
6338,11496,7383,11036,8159
10699,11890,11347,12570,7517
6632,9876,3358
2500,2517
2764,9073,10550,1847,10616
12153,11737,9998,10227,11545
12327,12587,1136,8721,12543
10882,11795,2741,11062,11416
7559,11022,12335,10554,6012
12554,12207,10672,12208,8763
12417,12685,9143,11705,10943
9188,12013,9969,7186,11958
11234,10382,11888,11130,4156
12322,10985,5167,4024,3773
1809,12819,11221,11353,12157
245,3878,11967
11073,12099
11587,8550,6444,9138,12666
12593,10932,11510,10652,10908
11713,11683,11911,11881,10463
12265,12490,12459,12494,12209
12416,11460,12045,5937,1465
12354,6981,9061,12793,11835
12389,9353,12717,7317,2233
8769,7842,8065,10027,7098
10788,8997,5642,8566,6876
2180,5359,4049,8531,2612,4918,2166,573,7039
3265,8524,4613
12,4495
1512,4970,4889,2235,5500
3145,7504,8341,5275,1404
6784,4707,9710,627,10461
8770,8297,4815,10864,9017
2720,4932,7109,6316,3129
3234,802,1508,3606,3418
1230,4337,5555,8504,1791
516,8269,2222,6928,1657
3073,8865,2499,7609,2042
6217,10156,1318
1416,1101
676,1894,3314,6163,6263
809,3631,3412,5591,4219
3552,3298,615,9001,2232
3331,976,1109,6523,6590
4462,1621,7352,1308,2749
7968,7074,7391,1361,9695
265,2482,2484,2165,2175
2147,2706,5277,3802,1181
2915,3691,3798,6199,7068
7042,3813,2158
577,1610
3429,9323,3726,3576,8249
2081,5026,5012,8824,2873
2347,4909,5934,4629,4729
35,300,2900,5210,2878
7308,3084,8021,2680,2014
4929,7044,3432,4072,8222
3201,4356,7174,2157,5238
2562,10339,7883,4598,6557
7881,8300,1134,6038,6365
548,2791,7276,8239,2200
8257,7671,2184,2922,2487
4427,4335,3666,3286,3997
4130,3107,8750,10034,3646
5604,4838,6057,1071,2171
5363,6323,279,6232,668
3595,3475,9238,474,4316
6470,525,5395,8920,3836
5857,7314,854,475,7549
160,3979,8150,5818,2682
2787,2860,4592,2578,5531
1827,3980,5557,1402,4347
269,9999,4055,2684,1278
1580,413,1502
5893,318
8576,1157,7654,4878,4307
1603,8780,47
1405,4357
960,3492,2891,6571,3324
6378,2959,7416,6874,4158
3904,6209,263,7592,8946
1794,3166,7847
893,5229
1412,551,3309,2253,4123
4263,1002,5077,4310,4734
5924,1011,8632,7225,6524
1729,7141,3915,3854,862
9549,1102,1201,2007,8124
2619,2628,9701,5337,8795
5952,1704,8718,2139,4670
1409,2691,7334,6674,7610
772,2443,1234,1467,7838
1738,4812,4399,7733,791
6080,6242,1852,10077,7230
2152,586,4467,5299,4444
5057,1650,6203,9214,5503
3852,3217,5910,7670,6047
10848,5668,1482,4746,84
2464,4231,3624,9108,2140
3939,3241,3371,6411,8244
6400,8388,8231,4714,2674
3906,6636,3374,3645,2526
3968,2114,5714,1498,9887
9441,9542,1163,9070,3417
7913,2156,9660,5885,2943
2115,840,16,2493,831
2722,2513,4914,4698,4571
3776,6573,6513,5175,10237
625,468,5430,11319,10202
8419,3555,8776,1773,9750
2146,1521,1911,4121,5980
3680,2692,4873,6921,8076
1925,8398,4272,4497,9465
7786,1725,7070
11651,9085
232,8271,3957,1814,8636
2188,3453,951
7475,20
344,5806
4001,1793,9987,9447,4153
367,758,1976,4409,4189
3648,3233,6510,847,4212
130,4962,1835,9777,5562
5889,3042,2851,9317,1660
1582,1490,882,6582,7290
6628,8871,9032,4680,3387
4114,2260,7535
5708,2071
6691,10120,111,9435,959
8187,3913,6479,5432,2427
3385,675,10879
8427,5709
391,2895,6610,3867,7615
5313,5669,6286,7384,8185
5953,5847,7257,3933,4638
8551,1807,8349,9470,5599
5256,170,5683,1141,3926
1451,2189,7409,1395,7639
8902,8492,3704,10107,2015
5510,5163,4308,4697,8477
2979,5064,6825,1228,6669
4169,8238,11376,10105,7326
6233,5289,9319
6916,3655
7298,3269,839,10989,10430
6228,1877,7357
3128,4881
2976,5577,9577,7115,1586
8961,7877,3879,4650,9564
10821,3177,10223,2870,12471
8800,5923,5809,2418,4505
6112,7466,11019,9649,27
6347,2320,401,6417,5023
8004,968,9781,6326,10015
9858,6028,7155,3894,1113
4805,10220,9298,5079,5434
3041,8804,2854,8781,3918
9890,71,9002,9228,1687
10569,4201,8397,4463,9816
6915,8740,2343,10513,7996
7082,7087,7375,8083,8603
8896,7810,8106,8180,9114
1185,1666,9638,6762,10941
8059,11205,2958,7222,7803
4452,7373,3923,7512,1084
2528,6024,3769,5246,10207
4064,7105,455,1210,7035
9248,2921,2034,6548,10557
3256,9947,5190
11448,4973
6248,5800,5069,851,9301
8514,10507,8044,9419,7613
5185,4678,2985,11537,12089
4999,7568,3445,12378,5182
5539,5105,7825,12276,7095
7264,12168,9546,9529,10138
9326,11919,2480,12146,7282
897,10738,2388,2869,2710
8199,9706,7024,10930,12633
7621,2025,11077
4097,10083
11901,9278,6591
9586,9615
2629,1479,5567,4716,2431
6306,10308,9774,11824,22
1632,775,6344,6887,2444,7280
2882,4578,594,1397,2583
449,2242,8226
9949,2127
8512,6087,6425,7486,7711
2532,2734,8303,2992,24
33,6178,3076,5126,6126,6223,5272
6656,3462,4369,10775,31
2601,8687,722,1430,8055
6020,1356,4208,1371,3038
2374,11404,2540,7954,1246
3138,4045,1390,4494,3316
1299,1653,7093,4249,5754
2435,8472,2201,4154,9725
1667,3789,2258,6103,5626
10690,2434,4166,11793,11700
11840,752,11184,9851,6079
1988,8107,2798,10523,2654
10369,2818,7278,467,11199
7585,7362,2051,2441,4117,4151
7392,41,4075
5073,4594
5487,7697,4561,2964,1817,4671
2049,2794,555,5072,1853
8128,7172,3991,5690,2271
9418,9483,3596,4859,3229
9861,6379,2606,6482,4020
7176,7626,9932,8557,3952
3330,8258,4558,7630,11766
6978,7139,4206,1167,2718
4160,8612,4079,7991,5628
837,2318,720,7059,3069
9297,4187,188
5123,6182
2625,7884,3059,2357,9406
1250,9986,8389,7887,10620
8224,8227,2564,5435,8219
5859,7017,8082,6872,7135
5157,9866,12044,4047,1213
2594,4806,12435,2998,2840
1124,7110,5815,9978,8701
8390,9608,8437,920,3484
743,1895,12076,9236,1335
5280,9380,5775,10321,7386
2945,8459,10352,1169,531
7683,11975,3602,3610,7807
10438,523,11117,11802,1342
9155,8263,1033,12108,12095
8096,2178,12613,5129,6036
7448,8708,8870,6360,7678
3108,7240,5225,7694,9844
11970,3587,9575
1040,12010
1088,5358,1046,10743,9150
12225,7939,11158,5756,6815
9920,4291,5578,3091,11541
11360,6602,3323,4573,6014
6403,6821,8998,9393,9791
10373,9480,12780,8913,10680
3636,9847,7096,9849,5052
8610,11273,7759,6065,11260
6922,2288,5558,9818,10587
5282,7755,7665,10323,761
3881,7117,9329,11957,6650
2316,12401,11098,9436,10846
6542,8978,2038,8247,7421
2754,10755,518,2665,5693
1183,7433,7184,3193,575
7716,8423,8999,2647,6206
10338,6851,2634,4046,8276
10410,241,11480,12185,11580
9412,7686,10508,10289,11640
9636,10756,2372,8853,9982
9569,7270,10322,3355,3199
3848,10477,5519,10168,10364
10816,898,3907,9037,11342
11845,11955,12056,11771,11134
9991,10408,8242,9788,10813
4354,2988,9709,12176,12021
12066,9286,6475,8651,3804
10211,11204,4400,12307,11484
10279,4623,6553,9309,5887
8775,9071,9687,10715,6750
11329,7361,5811,7832,10845
10749,3080,3056,11733,11293
9924,10717,5838
8523,1348
6859,5700,4967
7329,8921
10074,6684,9373
7349,5982
9125,3679,10447,6394,11647
12242,7370,10771
330,11182
11818,7407,7760,7447,9823
11940,8132,11337,43,9426
8265,7499,10353,8829,10079
11074,12709,3334,5897,5689
4524,9132,9197
11754,10651
11042,4836,12356,8725,6973
7207,9134,7730,211,12287
5538,11010,5861,12457,4876
3303,11437,9427,10171,1694
4700,10318,10351
6252,1222
10920,9160,9903,10581,5719
2246,5351,6958,180,952
11240,1384,11948,7932,5406
9634,6985,4402,9653,11261
9539,10103,5407
5858,1351
8966,9865,12493,10134,12667
7768,11988,5388
11917,12055
11459,10536,8111,11799,3579
10986,11237,11622
9455,639
8041,8623,12624,9457,8120
8451,7561,1393,11511,10394
10531,7046,7380,10459,2844
11406,1232,8537,6654,12415
7921,11283,11028,10102,7359
9826,7239,10094,5679,12438
8834,12174,9775,113,10807
3464,10764,10575,3507,10712
7587,11053,3283,10164,599
12233,12299,12237,4019,10264
5515,7020,10224,11324,12255
9129,10991,10166,10106,10204
633,12714,10419
11251,1382
4705,11458,4899,4105,12312
9091,10152,1321,12599,8285
10949,10995,11254,12795,8988
9094,8043,8556,9583,11345
9009,74,4110
10992,10372
7530,8875,11600,11122,7003
12201,11785,5676,11854,10901
12294,11112,9771,9877,10172
12006,11568,3857,5972,10073
5056,12196,11151,9493,11163
2664,12145,10101,408,8057
10849,7457,10130,10614,8252
10060,9363,10484,11929,12159
8586,10830,10449,9113,11903
11847,11370,11850,12111,8534
10091,10127,11064,11358,10559
7941,2248,12397,6743,8286
12070,12138,12083,10037,12088
10895,6897,10774,9275,7165
11969,7876,5161,11659,1744
8035,9284,9445,974,10546
11373,7311,11033,11390,11391
7655,11528,11096,9242,9244
10768,11121,11843
11760,9776
5039,12603,9140,8507,12605
12005,11016,10441,12330,9910
8365,12109,12463,10836,11446
10048,3817,5966,9712,12343
9059,11332,328,10445,767
7865,2803,5534
2761,9961
5216,2948,11119,2910,10431
7556,11949,9913,12538,11007
10851,2061,5781,9916,6653
10692,11717,11728,9621,888
9857,11427,5380,12741,5334
9281,10436,139,11092,9880
11557,8204,5426,8435,12178
7171,10789,9675,6291,11935
9377,8910,11219,9175,10875
7879,3210,7498,10509,3605
10309,8358,9707,8683,10329
10662,12518,11563,9101,10002
11716,10157,6131,3956,11739
10219,11311,12309,12316,3519
12458,5266,10899,1208,12063
12547,6435,12612,10759,12235
12522,10031,12402,10710,508
8832,9895,11514,957,11998
12772,9578,9739,11097,12604
833,11813,5350,6709,2494
12195,4358,11052,11249,9495
12677,12390,10632,12371,12762
10050,10984,6792,4284,11743
9288,10350,12496,6739,6902
3746,8485,11400,9677,11481
11140,12567,11291,12573,12830
8674,12200,9352,2538,12092
12512,9927,11786,5194,4959
10113,9735,10216,3481,11772
12325,11654,7635,8501,473
8164,10249,5036,4207,6875
11841,5672,10827,5899,9804
10179,10022,2119,7569,12057
10246,11312,7698,3063,11834
12802,1901,12766
9162,12774
4773,8645,10482,4373,10271
9665,12775,8904,8617,4359
12324,8165,5618,4472,11710
10976,9545,12784,12214,4987
12746,11218,12114,11699,4244
4352,5576,10061,11989,11070
11297,4774,9576,12281,11965
6850,8803,8808,8873,12074
12546,5154,12398,8118,10905
10576,8716,11605
11859,10598
6146,7537,12699,11867,4287
12507,10047,9263
7762,11725
6794,2923,8299,8796,11359
12004,12806,9415,12813,9718
11443,12052,12583
12193,11522
11558,11047,6959,6965,2871
5646,3347,11611,11230,6015
12240,11340,2782
7648,7054
8099,9513,10799,11569,11839
10889,11435,11992,12537,11034
6464,9572,11402,9883,9469
10082,844,1813
7425,9067
12640,10892,9645,12498,12406
11629,9951,2010,12542,11679
8928,11330,12135,8905,10572
7551,12744,12723,10683,12735
9497,10210,11671
11963,11807
7395,11524,11851,10200,8541
12227,4904,9389,10553,8798
12032,9965,9810,10933,7644
3969,1447,3625,6102,5878,9498,4895
8288,2439,8236,9966,8061
8705,3079,3016,7439,3568
3431,3534,48,8050,6492
4332,3762,1523,1114,9438
7142,1871,7151,8594,7197
4930,6949,3943,5139,4414
7652,4132,10566,7915,879
9921,3433,1200,7100,8350
4581,7942,8855,7213,7575
9507,8488,7817,3240,6221
4788,11500,6933
6856,9943
9421,5304,5849,1050,7196
8519,9390,7604,2935,6810
11616,7205,3506,4853,6997
11736,8506,7894
9224,5412
5208,8322,7930
5030,9430
4204,1786,52
224,2689,4416,2405,1093
738,4261,5254,684,6094
5645,2159,4146,56,58
7010,1987,6009,6607,6327,1721
4544,8774,1254,3019,62
11279,4304,785,7223,5629
7266,2026,3437,3154,3411
4512,5471,4502,3613,1151
9011,10612,6742
4172,6605
2378,8113,948,440,4537
1073,5547,1604
5794,3766
1476,1162,10828,5043,7483
6701,3213,9703
8745,6426
3553,4050,9491,6968,1596
5896,2281,68
5729,1291
1026,6726,8455,944,5332
6370,9446,1448,4523,1209
7328,256,6885,5100,10458
3599,4911,561,5556,4989
8008,634,12059
9768,3267
3489,12355,2728,1651,3930
8037,7177,10346,11313,8279
9761,7116,4912,5843,3925
10791,12698,11483,7166,95
3849,2697,1867,4682,4656,3025,6673,1720
73,7986,228
3611,141
2659,5638,5997,3320,4319
5915,498,1787
7732,4877
7052,1710,4595,5973,6301
6085,3954,4633,4572,8926
97,4364,8142,10193,5813
110,2607,4374,9338,3675
12284,6333,5767
9832,10596
4864,7763,1235,3523
7201,641,2276,2885
4128,1193,2221,4627,7605
9600,6828,8525,11038,3870
1927,6920,5068,5138,5235
6305,4034,3845,75,753
7401,8528,3067,8764,7869
10787,2669,7890,8378,2269
9923,3249,6324,3380,7614
5761,8138,7597
6609,4430
11263,4086,10488,8347,10591
1633,5386,11123,663,8090
4642,5611,2700,432,8373
9801,237,5113
9349,10255
4353,2056,3564,4941,10258
5381,6373,7946,10675,9019
2630,8749,7893,3095,1789
9954,10502,1128,9644,4341
8560,9756,5615
9370,2453
7403,653,6575,12084,10391
9102,11343,9398,10967,10840
10883,10384,12053,7643,9854
10593,10435,10980,9959,11005
4856,7728,12078
11777,10181
12170,11915,7788,6292,10366
10374,4008,7888,11472,5631
3684,4965,5284,4743,5132,2356,4631,2712,3135
4998,8559,3856,6010,6043
3255,1848,6906,1819,1276
2369,5065,3949,7149,4792
6976,6274,5829,2963,8631
1857,488,494,3987,1525
9000,10032,6770,2645,9624
3584,1474,967,1369,6495
6564,4804,820,5941,4699
7004,11025,4758,2236,8031
9259,1806,4346,7964,5439
1932,3692,2928,7091,4828
329,4431,3377,1714,7965
5293,2797,1487,6162,6046
3973,2758,5099,8332,2843
4616,8682,6830,3566,3924
261,8191,1270,6811,9471
240,10228,86,5146,158
1761,10498,9685,1784,10393
3744,6725,9640,5834,3438
8230,8011,9332,4377,4027
7360,10024,2989,2421,8216
1537,4298,8625,10643,6972
4576,10244,5291,9652,8213
10248,6800,3535
5217,5820
9477,3463,12243,10645,10012
9770,7219,11862,9977,9277
3847,459,6093,8495,10641,9139,1727
12448,3937,9449,8691,9268,4982,92
7296,4481,2981,1224,7245,3317,93
3512,8158
11778,11004
6929,8458,4667,4813
9313,7341,9918,10231
3024,4626,6198,9231
10954,10858,11109,3093
7642,1883,5413,5527
5916,7286
9072,4869
5024,4003,3751,4379,5180
8867,325,9425,5848,1978
3714,9699,10453,4603,94
711,8792,7248,11477,5592
11048,3090,9330,10520,10527
4006,6953,11120,10132,11607
12009,6672,11897,12347,9950
4600,6321,3206,8615
2808,7554,1964
5569,3205,1737,1899,3055,10328
6722,109,5041,4886,215,7582
2086,2279,231,3790,532,8117,125
1634,9766,8569,3420,1247
5986,3942,3657,5561,2589
6734,10254,119,3738,9915
5474,8003,11113,5417,2066
9835,751,1522,3383,7224
7553,11265,9807,1145,6782
7938,9956,806,4115,8565
6275,12333,3539,12115,1750
4993,6676,9813,8726,8733
3340,1969,6773,9559,12476
10956,1971,7194,10043,12062
5312,5551,7634,5203,8190,9273,126
2055,8392,6119,1069,5306
1992,1100,7724,4109,2623
6180,2788,5608,6416,220
7525,2829,8878,5870,6351
6138,2202,1422
1716,3486
8259,7718,1035,2060,4429
769,3332,714,7536,5117
11631,1520,3504,1300,950
1890,4583,4950,6205,9630
12579,10348,3764,731,10045
8641,9262,3152,2361,1980
10722,11723,10093,10740,7927
3116,2702,4434,3700,823
8547,4937,4847,3161,5950
458,1389,2646,5819,5119
8195,909,2574,8755,6616
8866,1605,919
5260,860
5027,2382,2549,7898,2399
132,4171,2667,7885,2190
5288,6192,4277,248,8637
966,9233,4786,9302,4827
2213,2598,3508,4821,3866
6048,9379,6253,6448,6175
2570,3342,2107,4861,287
9027,4739,8105,1898,2987
9128,6250,2349,3571,8409
3361,10028,8019,10996,12182
6187,6063,4751,2610,8786,4766
5408,1062,5484,8734,5311
10446,8689,2580,6745,5310
5925,6886,10250,6988,1431
7607,1282,10478,9905,9111
7794,3427,4543
2744,1532
10938,9821,134
4782,1399
7203,2339,5593,2649,1085
3780,11822,2547,11188,8958
3237,8874,978,472,11327
11236,6125,11864,5882,10141
4032,875,12365,763,5215
6437,1547,5716,8918,5946
9793,1188,7000,5017,7995
4938,3179,2543,147,8317
9057,6090,10515,8605,7839
4460,12305,6871,10681,11006
9505,999,8136,327,9901
669,1130,2251,2572,1678,1624,156,5053,604
7676,2030,6430
570,6683
5632,259,6385,4092,6174
2621,678,5271,3260,11037
5473,5318,3272,1691,7934
5262,945,3252,5400,7422
8363,4850,6550,6807,7450
258,6490,7363
7955,10443
1970,2530,5901
4949,7495
9667,10541,2833,6580,3060
1322,11755,4722
7812,9845
1480,975,8313,442,8123
7750,9098,1584,6320,6619
6853,9361,5778,1267,7382
11456,6052,900,7816,3755
6314,3218,3935
7209,2724,6151
5420,7346,8402,5874,2967
5697,3971,4309,5083,7583
7459,4038,6025,2898,3006
1822,9041,7574,5115,6142
2432,3398,8461,3164,7455
4579,6152,8952,11197,11999
2144,4162,3934
2618,869
12306,2102,11192,1692,9407
1081,162,9814
9075,12533
8421,5797,11210,3436,7866
4608,7364,6312,12620,11639
3525,12103,2800,5270,6109
7976,9738,12110,9428,9940
12024,2889,6534
9005,10958
5096,2089,10987,3749
3160,7571,172,3718
4769,7170
8352,10315
8155,9612
4944,5443
9232,10140,8861,7910
9035,7708
617,11869
1256,1960,3859,537,4089,3807
2848,2763,7757,1811,5045,3131
3683,5827,3593,182,3001,11135
5673,11146,3818,2639,5598,9567
2533,6,4071,3119,439,191
3104,1027,291,5475,4677,5239
9508,2087,2412,10639,5590,3224,5245
6956,2223,981,1590,3162
5120,10178,12106
11382,7631
10763,7342,8753,1937,6903
12483,11880,10923,12528,12023
2862,12302,6455,536,1915
8974,8655,9270,8571,8542
11333,12039,12745,12629,11543
11008,6664,3117,11380,12408
651,1328,10896,10709,3096
7430,11787,9387,2966,6458
10691,3291,8722,10713,12443
10145,4550,12713,7918,8862
11750,10251,10284,7085,2553
12738,8802,9076,729,4924
12761,859,7611
9240,11745
8738,8739,208,11833,1913
3354,7795,12308
11877,12726
10753,9601,12167,11770,7293
12451,11709,12446
12464,9720
6245,11473,9812,9783,6908
9728,10948,5575,11179,10584
8992,346,213
6122,8291
12128,10601,4530,2488,5437
905,402,8854,9658,6747
11852,2160,6741,8598,8759
9028,12814,9683,10835,4470
6116,9544,11657,9260,6259
8805,8166,1905,11479,10427
12740,9831,10475,5677,4717
3938,12229,4488,5705,9911
9283,11782,12615,12692,11513
11909,10215,12141,11502,12015
2509,6210,1204,229
4016,5656,746,6606
8986,4643,7274,4679
4776,6420
2098,1044
3720,1674,9055,8295
3565,6508,5749,903
5170,724,10990,2215
12908,8047,4370,146,885,470
3649,362,236,1306,4124
1732,5704,1591,1052,798
8417,5092,1796,238,562
419,6473,4306,1682,2838,9688
9922,1067,7859,1142,9598
9090,941,8400,1138,3032
3424,3302,8711,3728,2227
7628,4078,2929,3832,7199
281,3545,8380,4733,9279
8429,11665,10579,4339,246
7489,5348,11116,9038,10734
10345,6476,10511,5398,861
9891,1782,6520,9853,2302
10530,6884,11588,12488,7021
3296,12353,12739,8196,9292
2660,5035,3183,1265,6167,9850
5059,3142,3976,6419,2778
4256,1570,5094,8073,5548
2786,249,6415,3415,5753
2274,3908,8851,9526,5918
1568,7008,5392,5974,5759
2240,3202,1380,3173,3467,1743,3669
4706,5125,7494,2325,8793
8939,5463,4056,4893,3551
3369,1900,10100,6260,1658
9827,7431,1292,2737,5268
2916,1061,5048,3451,2397
992,7584,8595,2040,7999
6532,8932,4159
3843,1749
5730,6633,1135,7800,2297
5987,3794,3126,7928,9596
3422,7304,7951,986,254
8167,9833,9016,10965,10232
7727,271,1780,6677,3510,8696,11450,8251,9437
2088,1865,6702,8018,1719,5721,8471
2400,7169,1989,4143,4728
273,1683,7767
5178,3806
7712,9123,3589,8040,7801
6148,4499,884,2137,9086
6639,4783,9397,1206,6939
8937,7726,1880,2585,9787
11658,881,3921,6905,5213
7299,5833,2028,10381,9717
5698,6854,6805,10008,2845
3748,4389,5961,2511,4025
5798,691,4852,5976,10493
10926,7152,9968,310,7771
2314,11314,9623,856,2747
1587,4921,8925,10110,2879
2436,8714,4811,7636,10494
3916,1612,10388,8567,285
11363,8520,2256,10578,9779
8079,10577,3348,2134,7647
9219,8964,7247,10137,5051
2908,8202,9164,10510,7804
11104,10952,7699,11767,4730
4800,389,12105,8426,12756
11688,11913,4684,12116,10429
11266,8742,8072,8841,4604
624,1137,852,4565,9276
8064,3082,8885,6838,4313
5511,5032,10349,9461,3614
12321,9894,5165,11827,7870
7332,7399,6892,946,5717
12405,10006,6775,9912,10518
3864,12126,9607
11288,9182
10440,8654,8563,11222,1630
4552,9837,5143,10937,10583
6083,296,9772,8115,12149
10917,10407,9206,6072,10239
11032,10802,12499
11250,11431
6699,10766,12304,9203,12244
7752,12809,12041,12492,6384
12385,12203,11308,12527,6938
11540,10556,6202,10972,7389
11136,12407,12663,12283,2653
9409,12033,10819,10386,9372
2437,9746,10261,10486,12282
11425,2211,7301,8275,7061,6390,4479
7491,9742,5236,11676,10334
9666,4259,7048,6766,8783
1824,6144,680,9433,10078
3009,359,4925,4620,1373
3169,8807,4457,5492,445
2402,9964,10770,6907,11069
2796,302,6576,5523,11926
11009,12067,12279,2681,7161
11617,8387,8657,10490,11423
8009,8891,10319
7658,5357
10019,5001,11914,10925,10898
514,3753,588,3724,10911
10149,12173,12782,8214,12216
9124,10020,3786,6603,814,2704,9200
4288,12204,4367,9106,308
10336,5602,4227,363,8468
10786,10021,2824,8746,3694
7336,7179,4270,4848,11931
9945,9234,9331
9241,6799
8198,6617,4441,8315,5821
10532,10826,10544,8784,7602
7546,9492,5095
8843,6423
5752,12273,8933
9060,11111
8384,202,7984,2644,3674
7009,9635,12035,4103,11129
8898,8456,5744,312,4155
8135,7917,4945,9841,3865
6993,5290,1598,2534
8357,6026,6127,3835,4668
6984,749,1581,2386,6139
11168,4087,7481,571,476
10571,399,1008,9458,1875
10053,2925,5742,1622,5853
9187,8484,6278,11027,3732
10625,326,9104,6963,6707
4192,7496,9714,6578,829
8184,10633,3588
3313,1458
4658,6450,6783
10776,11115
12192,3721,11214,5390,10038
8161,3557,9547,9174,8511
7969,8418,5512,8880,9395
3681,422,5866,6317,6686
11044,8709,7558,10354,9784
9321,8951,7606,10487,6777
11299,5220,9829,2185,12012
10296,7347,1983
9842,436
11907,4382,10735
520,8431
7428,10504,9897,9142,11581
11232,9729,8678,9747,10294
8386,11788,11693,4023,3898
9889,10548,7473
4625,12650
11137,6601,5867,5648,3707
10953,8879,8688,8785,10909
10496,10724,10451,10677,8476
7531,11820,11921,8915,3189
12452,9892,9255,7756,8223
578,6084,11396,8646,9062
4198,11114,6519,10011,12349
12194,9928,12403,9914,10970
9553,12338,10535
10945,10861
12069,7016,12680,8112,11519
1939,11916,10214
10432,12790
12832,11393,11125,4953,10618
9024,9736,8296,6064,12671
12482,4710,11463,10089,8343
9759,8831,9271
9762,4790
7808,3874,9786
12770,12771
10405,10792,9494,11063,6814
11105,3682,9713,3157,10839
8836,11494,11918,7863,11871
5227,7595,4142,10128,7857
12679,11732,1112,11132,6685
8448,5196,4720,4947,10396
6337,4147,332,7309
1337,5711,5684,9719,7641
3783,10409,3086,3889,9535
1637,10731,334,782,9496
1600,9700,9673,7570,10773
3328,5091,7705,12665,10235
11424,11076,10000,10801,3039
12160,5222,6170,11164,6398
5540,12421,9487,7190,12286
6265,3123,12765
11808,11304
1445,5446,2990,5103,5010,1588,8310,2072,506
614,5879,6136,349,6909
4569,556,8496,3448,3065
3396,7366,11338,7663,3920
8102,2024,3372,6040,2715
8153,6772,3373
11209,9795
11977,1515,9201,8434,10291
6600,6281,5770,8109,3757,6227,7126,6008,3487
2789,6540,3959,4473,2108
6439,3850,2996,4150,5464
4042,370,1174,10745,5851
3842,5478,10568,6189,8154
8445,6021,2750
11100,9573
11490,10505,5647,9205,10398
3520,11809,8970,3828,12120
10754,11979,10543,10703,10230
6185,3018,6733,2449,8980
1438,5572,5566,7798,6462
4516,6635,1388,8972,7478
9388,1551,2194,4851,4286
4841,5230,4916,4343,5151
942,2832,7292,4825,7132
3465,6283,2230,5846,5181
1155,6449,6898,4221,6910
6793,6474,9334
3281,7603
1186,5252,1509,7623,9751
12551,9267,628,372,1881
747,1804,5454,6004,378,1340,3582
9504,8712,3945,7181,2012
4068,4809,1362,3574,4279
5793,559,6160,5106,6679
9252,6405,7721,4492,3550
1953,5005,1873,8661,4533
11729,2322,3155,12151,2330
8006,10539,4715,9004,12191
5322,11212,5486,12081,6108
7520,4293,4779,2485,4536
11625,8570,8604
8075,10124
5830,8330,10099,5495,6328
9476,10247,818,12054,1499
4689,6509,11542,1839
3349,1999
4531,4253
6566,8298,6795,5550,5141
9988,3621,9669,383,5855
8066,8614,7774,11601,10462
2753,4681,3884,8282,3803,924,3071
5058,709,398,369,7961,447
3910,5513,3052,3663,9967,5713,435,6620,4510
9862,686,3641,7899,3676
8640,2310,4012,2450,3900
4229,2859,5197,1812,5401
7713,8393,407
12730,6147
12619,9525,3190,7255,9117
3490,9293,10286,2931,409
9984,1378,6883,6692,4781
10306,2661,2003,10325,7323
9453,7503,2032,5881,2907
2124,7895,8923,2110,895
6694,935,2984,5173,7258
5076,6812,6214
4225,10529
5152,9420,3502,9336,1850
9536,1935,4051,10197,12061
1736,4745,1990,6823
6493,7229,5494
643,3078,2474,4659,415
1177,3013,7449,2334,6559
8033,4218,11466,8592,1882
7235,11749,6023,6961,6298
10473,3754,10217,10421,12414
7080,3626,6900,1076,3479,2205
480,4424,1039,2934,8698
8611,8005,8391,1876,437
819,204
835,438
2624,4555,10283,7662,3352,5945,2298,734
7351,1194,6069,3575,4345
3628,10765,7566,7892,6780
4475,5782,5979,3739,8029
1095,1006,2894,2769,6076
4387,7620,8396,7086,8662
5376,4513,5891,11526,9199
12064,7791,12465,5234,9939
9825,12611,3643
11049,491
10017,6536,6459,11357,10014
2727,9672,5671,9521,10611
11655,11981,12241,3892,11321
452,4137,2751,2261,3031,5183
3200,5483,6514,2941,9727
5664,7073,512,644,5329
7783,7218,10226,9780,6357
4742,9773,2350,10642,6867
3207,3562,2638,3088,1527
4282,2730,2376,6839
1329,3306,540,3262
11695,5840,1331,8982,8441,6237
1400,10761,9503
5489,7426,7637
2265,1640,7862,2775,10649,10878
545,4820,10456,8218,8668,10847
2886,9158,174,3441,2839,5149,6942
2951,5002,6097,2002,3103
546,8585,6159,4693,9082
7940,10567,4167,7145,10332
7799,8016,11828,9239,2552
6881,12553,7629,11856,8887
12228,7845,9879,11644,7423
11141,6343,1009,9054,2111
8290,9867,11564,7471,10842
3619,5805,6991,11407,4787,4446,6687
6756,5943,563,6071,7001
7945,7211,5845,1079,3482
9274,8549,9422,9424,3226
10565,9514,5356,1845,10910
4615,10962,4053,9215,7103
1986,580,655,6802,5723
2209,606,8767
7957,10055
1473,10955,3054,4541,6558
7689,1260,582,596
3528,8930,7038,914
4683,2445,176,465,595
7707,6219,2874,2811
5962,7069
3537,542
7090,6044
4480,18
1672,90,10779,6797
616,529,3469,3248
1457,1562,7691,3366
3573,7485,6525,3222
2969,2940,10597,6526
25,11731,1589
6407,622,4210,7674,3962
8643,1779,1494,7193,2047
5573,7690,8335,2991,8053,7709
6506,690,1916,3581,4831
1542,6574,3410,7419,6556
5967,5940,631,7325,6589
1984,3430,4532,2777,1022
5637,4486,3750,5526,4952
704,9154,7758,8272,2676
3554,105,8815,1017,637
450,3524,646,6614,1504,6824,169,108,572
9828,7306,3985,2902,4568,411,7288
1127,9193,650,4176,3186,5912
9994,8938,3914,306,2685,2558,8287
5488,682,6244,2214
6657,658,6555
4392,5480,2641,2294,728,2429,1310
10018,3171,5571,3543,3799
11011,6852,8147,1015,7511
672,7138,8329,2510,80
6754,5060,2953,3822,3570,7251,7962
3232,7492,6572,6612,7034
5344,1478,5610,4082,7924
1792,1956,1993,2006,5823
7275,5614,10416,4529,9044
2913,4966,4663
4913,7221
4635,6779,5871
673,5174
8911,6511,4593,11636,2709
8385,8548,8326,656,6225,9527,5211,351
9170,2642,11575,10072,7933
10402,4610,7107,4141,8828
7427,11603,9557,7989,12028
11626,693,11031,9368,10455
10437,11924,12662,12187,12828
8608,4934,9131,4723,12638
3329,3238,7474,5276,2079
4696,1354,6477,1669
361,910,6613,1944,2075
11172,2250,2093,2897,2613
11650,10533,5221,3632,695
2766,8051,8372,7128,3801
10537,3245,5459,12376,11994
10497,5955,7527,9517,12238
7552,11002,12500,11769,11578
12425,12172,9935,10066,8306
3940,1259,4435,5240,922
5985,3404,719,10653,4607
4519,2120,2841,3227,6911
739,8268,3827,3127,2807,2392,7415
2212,428,1741,6611,2365
5537,4235,6388,1685,8447
612,4740,744,3982,4955
1616,6408,1466,1635
8056,3180,4224
7593,2411,5995,7124,6364
7714,10087,7050,11378,7742
5580,2675,755,11993,2203
6923,1005,4980,314,4348
2035,5652,4789,4835
5609,3195
1298,4542
766,2191
3635,1315
836,10815,1594,6869,3290,2719
2505,8395,4785,4589
5617,2475,8412,4535
6133,1461
10856,842
2817,598,1295
3442,870,7599
4073,3572,5606
1856,2304,1700
200,6577,1863
3335,3026,5204,7414,8215,1982
901,6791,2792,5274,4798
736,1153,5101,1492,5108
4901,10697,2603,917,3294
12644,7781,3928,12409,6207
3936,2113,2721,2245,7178,3159,925
4564,5516,5710,4879
7696,5653,3919
9472,5635,6300,3719
6539,6637,926,8463
11546,7796,2470,5375
9152,7853,3022,8639
8872,1459,8014
5168,2518,3327
2153,4855,1747,6375
1372,4822,7966,375
3608,2123,979,6989
5378,6310,394,8890,989
7904,2394
2977,3196
1573,2342
2961,5090,6945
2100,6438
7458,1001,2799,4440,152
1058,3460,2760,6768,6899
7104,481,1031,3220,7261
3370,7947,5457,2773,3895
4645,10151,4465,3419,6236
4995,5294,9682,1493,1016
4546,2085,1576,6488,5854
5209,2363,7844
12017,11698
1090,4165,8371,2004,2332,6397
2823,8522,3500,3642,1018
2207,2225,2927
5016,5522,1245
1319,8010,1836,817,6418,543
4708,4647,6858,2447,10236,7903
1020,1909,4695
6969,6380,10252
6583,7137,2218,7088,2199,5144,6235,6268,8669
2054,6442,6543,3734,2973
6279,9202,11157,10902,10975
11171,1029,9511,11468,9530
10944,8552,11465,10603,9678
2688,9512,3824,5015,10812
8353,10982,7660,6290,11035
9222,10377,10922,12654,9936
1752,1754,7195,3288
3040,5914,4084,1229
6181,4134,10059,8845,1053
2309,2062,6352,4763,9118
6050,1147,12598
9593,1859
10466,10275,7114,10860,9362
320,2657,6727,1103,6006,2971
2563,2416,1936,4408,9499
1060,1068,5970,2423,9693
10331,2615
7127,6183
4178,1862
4385,1699
10161,6066,8179,1645
5384,10121,4262,2678
1074,1365,2278,2039
4673,3057,11198,1287
3392,8658,7830,1726
3961,11697,7516,8991
292,4485,4935,3699,2390,2396
7747,5549,1077,6840,4190
7682,3140,7823,2970,699
5034,1324,5261,1294,3863,3503,5367
5251,3141,1933,4526,218
5191,3964,3118,7931,6588
8580,9194,1099,10068,6173
9097,8240,11322,1374,4095
11983,5497,4891,8444,5278
12649,11294,10023
4771,9941
11555,8581,12331,11539,6296
4559,6644,11000,12060,3455
2,12118,10007,12732,10844
10728,3114,11229,7778
9752,3993,12077,1110
12036,5765,11414,10183
10474,6500,9708,11455
4322,3715,4196,1116,2960,4796
1189,11398,8367,8048,3741
6521,4778,4718,6105,2524
1122,4517,1513,8562,9078
6466,8868,8518,9580,1918
1221,4138,7828,4501,5172,2455,3390
3708,4622,3231
2385,4236,1129
1248,7576,9171,8407,7864
7232,12288,5733,7081,1143
226,6156,61
209,1519,1463
6089,10714,7289,4126
1146,4500,9533,7159
1243,11645
7418,9981
3882,619,157,1150
1689,6172,3958,4289
3497,267,3277,10317,1436
10906,6962,2765,1175
2497,10278
9096,10978
5445,6893,4506,4946,3187,3002,2875
5319,6860,1998,10415,3823,1202
7208,5259,7437,1429,10040,10299
1217,11874,10428,4213
3777,5795,3559,2154,3853,2044,1565
9960,1778,6935,1240,4381
3466,6096,6325,4664,7837
4737,8773,9992,9482,10122,4816,5661
6114,7852,4237,1470,2495
2560,800,3472,7856,788
7588,11662,5166,12400,1242
1701,553,6666,4754,2515,1820
5804,8589,6190
6011,1676
8481,8321,1707,3375,1269
623,10292,8383
1841,4829,1281
5188,8838,4327,6091,4112,8309,5046,10359
5989,8201,10314,10063,9651
8856,10481,9874
11984,6731
6179,5992,6538,9295,1301
8354,10340,10062,6098,9176
11811,3275,6546,5237,9592
11562,11666,3541,2293,8729
11952,11576,10413
10209,8613
290,5286
7542,2326
8809,10378,10748,4823
6196,6661,5750,1311
8849,1620,1334
2592,235,7790
608,4611,3658,11892,3509
5127,9805,9554,5786,10522
1316,9413,8486,9946,4413
6849,7746,3586,5365,217,5596,2590
9790,12234,11187,11224,955,5726
8001,10414,1327,5911,5784,2813
4036,5544,1516,2861,2126,143,2679,1659,3133
324,6693,2736,6932,6238
482,3174,2696,4943,3736
4292,6222,1684,2295,2457
8452,44,5563,6776,1339
1353,9484,2608,2771,1908,4981
6297,1028,5355,3737,8730
9800,5075,5140,4375,3007
3808,2048,7150,7513,5055
12384,6977,2496,1364,10260
3137,7586,4265,10420,12150
3457,2561,2757,1289,9166,11278,5008
8098,8593,11059,7027,2323,10585
1381,11013,4329,9385,9907,2687
1414,7596,2413,1967,5019,4223
771,9641,4426,4554,4362,3530,5295
1832,1423,5909,4634,8766
9031,11720,8266,3214,1941
9696,4865,5362,7702,6586
2864,908,1469
1433,7873,10390
5000,2083,7484,7045
6392,3548,9595,4
10880,6530,11863,1626,1439,2340,6759,1776,2359
7037,6517,1471
1440,1427
7129,9207,9510,8993
993,8577,3886,1303
3841,3661,2477,3028,3382,4566,2395
4713,3307,4557,1907,3321
4868,4619,6827,1454,88
932,3656,4118,7640,7835,3932
4992,2091,7627,3027,7162
4801,1483,9335,6491,10142
11334,11627,9620,3062,12155
5410,5202,10837,10678,12183
11457,10979,6535
5536,10169
1922,9218,4484,7057,11388
6757,12171,10833,8211,9467
10723,10005,11065,12473,12251
10176,7875,12799,10669,10687
12514,10491,10524
3304,6518
10403,12484,10119,11099,8413
11848,8116,10781,9726,8735
5124,10564,4487,46,2622
1538,7780,5518,4883,3036
3203,7754,9931,10412,4397
5186,5317,4101,12921,12541
3120,8679,1406,6951
2289,3077,1557,9303
2017,2498,3731,1973
168,8941,5469
4963,2826,11756,7693,2224,11893,1567
2186,3499,7413,1722,2780
5416,609,760,1313
4276,4461,2358,8719
592,1713,794,6276
4795,1972
1611,7677
3706,2133
8225,6195
8256,10684,3029,7262
10803,11554,7907,1613
2471,2501,7441,6999
5508,2557
3282,1619
1216,9056,6346,2677,665,3259
804,9863,10863,4496,1623
4840,4490,1563,3652
9689,7819,1996,7445
6865,2306,4303,1647
3633,8884,4405,2774,5655,7007,3999
3211,6128,2099,3228,2877
4601,1946,2206
2577,1677
6833,1554,7379
385,2053
354,1955,12071,6153,7019,9996,2955,3443
5541,4393,4365,3285,1275
1156,7013,3622,1774,6387
2912,1553,10070,1756,3167
11552,7782,3274,6413,8177
10594,8971,1775,7121,6322
11046,10607,11223,11193,10300
6121,4585
1753,2011
9208,1096,6483
5171,1801,7651
10056,1227,1126,6771
4897,6019,8478,8799
1830,1545,1132,1965,4915
8482,5964,4976,2069,190
2983,1191,6313,7315,8025
1861,8583,9611,6642,10335
911,1233,11090,5981,7973,7601,4275,1844,4350
642,1540,12068,1846,3225,2045,6463
8074,2731,8601,5657,10362,11933,2174
5296,4417,163,2742,2743,4872,1886
1889,1441,786,796,9021
4896,4651,8653,1914,380
3242,1443,2141,3967
5371,3325,454,927
2858,1173
9852,7204
1947,7191,5703,251
387,6013,9357,3887
6088,1948,1012,5147,5308,4605
5760,11781,9962,2486,2008
12300,6319,3896,7160,11101
4858,3215,3792,3061,4602,5179,5886
233,469,2938,539,733
3556,4302,1950,4986,478
6946,7051,5774,2994,3379,3577
4744,4974,5807,1104,6204
9226,5900,9083,7228,5949
6433,3362,6434,1974,6137
808,3873,8588,4093
6465,7273,2627
584,3470,5422,277,2905,5787
2112,3912,2033,3607,3480,1945
6402,12231,4228,7047,2073,11003
5249,1158,938,115,7254,2077
7394,3612,101
8289,867
8169,6826,703,3695
3401,66,8228,877
645,4340,2932,2104,4312
8737,8328,2121,10730,11899
9316,9618,11284,5110,8376
7040,10225,9980
11945,11533
9440,11202,7385,9724,12670
3947,2830,4639
5732,2150,991
5831,11438,2129,4404,6647
6150,621,6132,4661,2551,9147
10822,6059,2132,5109,6809
7456,37,2182,4232,3563,9116
8907,7743,3950,8212,4726,6808,7519
3170,6716,1718
8672,2193,6308
8000,6374,4331,5902,3696,5111
4942,11663,1680,1906,659,1564
965,10165,3295
5498,9053,2335
4870,9585,8532,11348,2228,8379
4320,9063,6761,3345,7538,8979,9364,6843,381
6917,7163,11515,11190,11579
6371,10704,2262,4215,2968
5701,8491,7467,5049,2586
3712,2698,6863,10872,8895
5219,260,3685,5582,6682,4474,5884
8356,137,1428,3094,2714,3995
963,6630,2285,3601,6230,2781
3538,3763,2451,7253,1055
9732,6736,2292,5397,3989
3408,7944,5324
4420,5326
10090,8245,7157,12375,9304
1435,509,982
6282,534
7974,2311,8564,3668,186
600,10811
6713,4060
7880,2465,11925,10198
4058,2467,6051,2502
6440,3434,5403,7118
3034,4649,82,6626
7465,6842,1934,5302
8736,1453
6723,4711
3280,3337,2338,874
4514,5603,7684,8627,10809,10301
2535,10186,8876,9558,10780
4528,7785,3765,103
8818,2579,1762,5894
9184,2105
2596,1238
8424,5316,8823
10360,9221,9637
5020,3101,2694
6469,4655
560,6401
5028,8301,4956,6829
2752,5758,781,3134
6696,424,7338,5681,2867,5241
3020,8404,5718,183,3963
5285,3244,3053,2901,6424,6363,2046
4233,826,5790
3008,4456,2972
994,3011,2244,78,4081,3219
5331,4917,5788,4990,4415
830,9606,87
3688,10921,3051
5570,7784,6987,848,2837,4349
3110,1929,5994,11826,8024,11673
1985,7490,3756,6389,4378,2331,2876
1495,7147,5686,1014,5145
1954,5739,2542,2483,1501
3015,3592,1767,1879,7675
9122,7897,6393,3130,4222
5824,2096,1904,5990
4674,4195,2947,155
3136,4632,7958,3951
2264,2906,6651,3143
5368,5574,9518,8144
2336,5670,6888,716,4686,9489,3030
3266,1286,4139,2508,3254,6967
11619,6627,5195,8464,9305
8962,10503,10760,12571,7454
3617,8466,9938,9081,3292
11763,3300,1491,7030,8778,5037,9566,6031
2241,3308,10608,8788,6266,5499,2430
7908,4933,6120,8842,5102,9975,6943
4780,7404,3600,4145,4637
11169,8233,4618,9047,3388
3650,4520,7113,1770,8235,1931,6866
1679,3209,6058,3527
4703,4252,3364,7735
1160,3711
3043,4556
7377,7146,3670,6879
5769,2226,6531,5391
3793,4258,9381
7056,5418,1837
3829,1759
1417,7565,7950,10831
6864,5061
3994,8684
9088,8440,8848,3837
4067,7461,7214,4527,7002
2805,3515,661
5281,178,6878
5433,4428,1821
3929,4442,3861
4100,3981,5462
937,8771,3151
4144,4076,7719
8094,4814,8694
107,6113,4170,7307
613,3305,4043,2001,8092
2822,5352,3414,2809,2717
6529,4297,6157,2863,4245
5728,3416,3263
1360,2914,1997
352,457,1164,8940,4274,1051
1733,2408,841,4278,4188,7167
6861,4239
5944,1663
4305,2575
5926,7279
9824,9723
9280,741
4321,4363
8648,4419,7215,7687
7594,4411,8325,10158
11556,8676,4612,7748,5685,60
12163,5929,10993,8307,7925
11174,8038,9356,11346,11609
9541,9926,9095,5963,11442
7745,3745,294,4808,1450,4080,496
2793,4026,1668
4704,7874,3725
3992,2946
3264,8220
6456,7849
5353,9730,9468,222
5088,6960,4871
8134,10472,10174,4125,8606
5377,11306,9366
11803,5134,11023
1472,1376,5297,29,3517
4518,2414,10994,8790,1273
5920,1263,4439
1769,4451,14
6704,9754,8839
11544,5460,10887
5865,3975
2852,3158
6280,5546
123,7031
4978,10263
3872,4890,3618,7813
5666,4098,11529,12363,1197,2673,10003
6074,3651
6937,1549
12600,1004,2348
964,9896,6891,11439,5746,1370,3647
1320,1042,7770,4875
5785,4691,4621,4617
11080,7393,4923
2216,3730,1503
8420,1488,6258,2521,4029
9258,6099,5817,2458,4830
1642,1599
5825,8981
8500,4398,1511
1377,8355,2019,4135,3796,443
4459,943,5844,9399,9146
5450,4940,2701,912,4433,638
6848,7469,6289,4083,8405
8208,7508,7133,5935
6545,8442,6835,3287
4290,7333,6362,2138,6395
9089,7026,9307,10205,5022
416,8034,15
7680,7212
1765,7526,4902,6000,8758,1367,4186,8830,10526
3074,6155,3150,3759,3185,1425,6330,3771,1468
483,648,5321,2282,6711
1257,5641,4493,4563,886
3840,8293,5738,3640,3033
6690,2179,5993,7729,4317
1219,3339,8364,754,7381
1253,5063,4903,3403,2352,2544,2768,2903
2537,8977,2611,5206,4281
4131,997,4432,3609,1597
7872,4931,9485,2637,4756
3944,2546,4694,8103
834,9604,1757,8028
8170,11244
