3601,443,5183,6223
4619,2805,2126,143
6502,7432,7465,2291,6391
5988,1799,7821,5169,8596
9697,7843,8071,3955,5335
0,9755,8685
2962,9603
3521,4164,2285,9039,7518
3046,336,9619,6806,9310
3779,6436,6990,4469,1083
4753,2068,3767
5777,5122
784,10324,8344,953,9400
2019,8465,10257,5214,6367
3175,5905,6164,5687,4957
9058,3212,8182,151,9627
1602,4326,9003,7896,2939
4675,8996,425,3450,7836
5764,10342,6608,2170,252
1386,1358,7515,6584,1403
2020,461,5520,5553,4732
2219,2257,6100,9690,7227
8069,3367,7283,9013,348
4547,6862,11383
5529,9819
9064,4584,9357,4979,8351
8225,9639,8493,9773,9396
11040,5991,2057,4590,5493
10116,5136,7506,1464,2238
8675,5958,11144,4108,4597
611,8229,3148,3122,9341
4742,7948,3341,11796,4692
2567,7700,10966,7959,2366
2350,7313,11959,8697,12125
135,9543,10444,7505,7410
11584,2268,11432
11246,12079
12754,7164,11102
7912,2462
6499,10823,7815,2329,11610
2404,5772,7539,8860,11103
10030,1968,11126,2617,9629
11810,11307,9012,10838,5054
11089,10194,11669,12727,10042
4360,11369,11817,10483,10808
12449,8262,12263,7987,11997
12712,9648,8912,7993,9820
12803,12515,12270,9168,8692
8450,9763,12422,12372,12597
12467,10915,11895
12481,11594
4224,3170,7593,6058,5878
5794,5251,5111,6363,2046
5697,7813,8941,18,6044
3248,3537,3766,8056,90
4321,5639,6795,7405,1531
3618,616,7090,3573,5879
4066,7,647,5812,3703
4480,3469,471,2072,7485
3363,8457,2517,8473,1149
6000,1425,4661,10461
2697,3196,29,4918
1289,4174,4687,4375,3098
4161,4905,4793,5147,5343
4613,12,4495,2166,5500
3145,4970,8341,4889,1404
7504,627,7542
4707,9710
8770,8297,4815,10864,9017
1479,3497,3945,4506,2590
3808,3330,1841,1175,1340
4457,22,2585,4379,895
10306,3818,9774,11824,5567
8672,1673,1132,8818,2551,1753,1690,2011,415
6978,9932,4558,3952,2718
4160,10680,4079
5435,9949
2625,837,6182,3059,2357
1250,2564,7887,8219,10620
7017,12044,113,8082,6872
10568,6091,12435,2998,9978
1124,7110,9866,720,5693
7171,5897,5815,5052,1335
8390,9608,10063,10481,8701
5280,8645,5157,8856,920
5377,5775,7386,3484,7678
8459,10321,3602,531,8120
898,7683,11459,3323,7807
10438,10352,3610,7635,11802
9155,12108,11117,957,10717
2945,2178,11622,8263,6036
8096,12613,5129,6065,4573
3108,5225,7694,11984,7448
9575,6602,12010,9645,1040
11970,5578,10743,11544,9150
9791,2288,11158,9113,6815
12225,1033,7530,1169,9849
9920,3091,12406,10587,5756
9961,11541,5558,9436,6014
11360,6821,8839,10887,6704
9377,9480,12780,4046,3636
7939,7240,11273,9874,11260
2634,6922,2988,7117,7759
2761,12109,9818,11957,6650
7686,3881,10846,11098,5534
4774,5358,9583,12401,5426
4354,9380,7433,11818,8913
1183,5519,8247,3193,575
7716,9197,2647,9309,10559
10575,9776,7537,6553,6684
10410,10508,7407,11640,11580
9636,9412,2372,9844,8853
9569,5700,10279,4524,10322
10338,7270,241,7096,3355
11204,11845,8651,10813,11134
12066,10408,10127,12176,3857
9709,8242,10836,3804,9788
9071,4400,10289,12312,4187
10211,8204,9687,11484,1213
10756,5899,2316,4876,9982
4705,11754,8910,10074,10651
6179,10830,11121,10329,10715
11329,10062,11293,6750,5887
4967,3056,5811,11733,7832
9924,3080,7730,7698,10749
7329,5838,7380,8921,5982
1348,9132,7349,10462,3679
3587,10447,7184,5266,12095
8623,10353,10771,9373,11647
7556,8775,11306,5134,9366
8523,12242,7447,11358,3199
7370,330,11182,7760,9823
11074,8265,7499,8829,10079
11042,12356,12709,8683,9707
4836,7207,12457,211,8725
12325,328,2665,8501,767
11010,9160,10134,5719,9592
5538,5861,6546,10171,1694
10920,9865,6958,9903,4110
2246,8041,9009,10581,11230
11948,10992,9176,11261,5406
9634,6985,139,7921,9653
10048,1384,11337,4402,180
9539,1351,9455,10103,10204
5858,8966,12493,12667,5407
10995,5388,6859
8451,7046
3907,9286,3275,10764,9037
11955,5237,3063,10364,6206
8537,11988,639
7768,3541
10531,11917,1393,12055,10459
74,10372,7774
9669,8614
10113,10216,7561,10895,3481
11799,10536,10986,8111,11511
8035,11811,3464,9771,9877
11406,5646,10546,3507,11028
10094,5679,11283,12438,11867
9024,7239,11052,10102,7359
2532,11112,9329,6743,8286
7587,2248,11053,9775,5689
8834,12174,3283,10807,10264
6851,12299,10224,10901,11064
10309,11854,12145,12343,7165
5966,11600,1744,9275,11324
11843,11446,12159,10271,12255
12195,12196,10152,8586,12463
9091,11151,9393,9363,11163
10340,10472,11023,9497,11803
10209,11562,10413,11952,11666
11717,11237,6792,11949,9140
10849,2664,8365,12599,8252
11240,7311,9426,1046,3579
7655,523,10899,11576,1208
7876,11847,12397,12111,11728
9880,10106,12603,12605,11007
11969,4358,11119,11254,9913
11528,5515,10614,11929,8507
11249,11251,8534,599,7865
6538,11659,12237
9281,9244
9059,9712,11345,7003,11903
12070,9621,10037,11033,508
12233,11739,5039
12201,10130
10949,12006,3817,6902,8988
11568,4019,10164,11480,12185
11458,4899,4105,9263,4623
6189,5647,10449,10166,12088
8999,10060,11122,5972,888
5056,7457,10441,10091,10073
10692,12741,5676,11611,11935
11785,6897,10774,8729,10047
10816,12512,9927,11340,12056
9284,9445,2061,974,10712
10373,11850,10482,10484,2293
12538,12083,4373
12138,4773
11370,11390,11391
2803,11373
3210,10509,9457,6098,10845
6403,12714,11092,10101,8057
8613,5161,9493,9495,408
9857,5380,12294,9675,9175
12546,5154,12398,8118,10905
11427,10436,10789,8435,6291
11716,11557,10662,10002,3956
10179,12235,10157,12309,10710
8299,10219,6131,8796,12766
9415,12746,12214,12762,12316
12390,12806,12200,43,24
10759,12458,10031,12178,2750
2734,12830,9895
473,12542
9665,7395,11524,5194,10200
11047,6475,10991,11443,6973
12537,11725,9677,11481,11679
10889,6794,10827,6965,12092
12193,11140,9578,11097,4987
8928,10976,8905,12114,10683
9916,6653,12735
12677,2119
10632,11096,12744
9242,9094
6435,12583,12522,11435,9101
11563,1901,6959,5334,2844
12135,9739,10892,12624,12371
8354,8904,11342,10875,8541
12699,11965,12063
12772,10022
12402,4244,8276,12052,11291
833,3746,11629,7762,2871
11330,12547,11400,9352,10572
11813,2923,8043,12813,4959
7941,10477,9134,10168,12287
12004,12021,12057,11998,9951
11332,12518,10598,9804,12723
12640,11297,11654,11311,12281
7361,3334,7498,12307,3605
11522,5350,11558,9576,11514
8716,10445,10576,11859,11605
12612,8485,8875,8556,12604
6464,9572,11402,9883,9469
11786,11851,8423
8617,12775
12498,11699,12567,12573,3519
11841,5672,9162,11218,11992
12802,12784,12507,11359,7551
12774,9735,7569,9718,11772
570,2251,1130,6727
41,836,430,604
7362,4535
4594,1060
6816,6039,87,1559,891
6786,6789,10221,2545,8732
6087,3050,6257,8539,6494
2090,3051,9036,5662,4991
6445,5613,10637,3958,2554
11200,5581,2425,5658,11420
9632,12426,6865,11411,11702
4896,8582,5959,4136,12440
5644,2992,2550,4888,8572
9249,10311,76,3797,7509
11364,9448,10125,6681,12508
1825,11387,5863
9473,11298
8066,227,7238,10673,1951
1730,7079,8042,9266,8054
12098,10631,10001,10295,9463
2472,6444,11927,11933,6719
8900,4437,3701,11419,10877
42,12666,11536,10871,10362
11335,8650,8207,10417,10290
9383,6889,8530,2587,2588
11746,11155,7228
3362,5796
6176,11972,6030,4662,3615
484,9262,9796
11964,9654
12007,3152,11408,5394,635
9802,12382,12591
1528,12386
1307,3494,12935
12913,11595
12752,11547,11747
12934,12870
12517,2183,11372,12562,6451
10689,9289,2478,12815,12822
2503,5066,11503,11194,3102
9180,10652,4407
5269,9358
3310,3697,8666,11451,990
9988,8361,10389,12534,7711
3010,10740,247,3322,3423
11045,12485,6512,4216,6396
12320,12769,4200,12362,7765
12480,10916,8489,8975,9876
1869,12177,10742,7927,10173
6632,6668,1465,7130,3358
10658,7559,7053,7922,8342
11461,10159,11153,245,10203
7368,11601,8303
5612,12710
11464,12045,3125,12470,7065
10854,10758,11242,9973,9050
8963,5029,2599,10671,4248
9606,11761,9138,5465,2815
9538,11496,12399,7216,1681
6338,2731,6012,2174,8159
11890,11347,12570,11036,830
11173,10699,10550,1847,2233
2021,2764,9073,10616,11737
3816,10672,5200,8763,10270
12327,1136,10227,12153,7517
12587,8721,11416,11545,12543
12335,11795,11062,11705,10554
12554,11022,12207,12208,10943
12417,12013,9969,11958,4156
12685,10382,11888,9143,11130
11234,10985,5167,7186,3773
12322,9353,12494,12209,12157
11460,12265,12490,12819,11221
12416,3878,8550,11881,10463
11073,11587,12099,11683,11510
11713,12389,12717,7317,11353
8065,11911,12459,10908,11967
8769,5642,8566,7098,6876
7842,10788,8997,10027,5199
9730,10566,48,7859,2747,222,9438
7100,7652,4783
8350,4327
3433,9807,879,3383,10745
9921,4132,8855
9968,6997
1761,9507,8488,3240,10256
1200,9651,10292,4853,1114
8201,9964,6221,6907,7196
261,3753,402,4788,9943
6856,11500,11378,8437,10911
11425,6731,9421,2935,1050
11616,8506,588,3506,6810
5412,7205,9224,7894,11736
1380,5606,7431,6696,598,4056,7039
5953,2916,7147,4691,2325
5313,6321,2612
5985,7609
5572,6761,6185,7883,8239
7141,8150,54,7257,6462
6657,4713,6827,1621,3576
1181,7070,7671
2578,5077
6272,9323,8301
961,6468
5924,5229,4055,4343,543
4516,4841,5230,7314,2487
6283,1201,4598,8055,4158
6784,7584,8244,3451,5885
613,2822,8615,1259,6899,4600,2809
6628,9577,215,2300,8535
4805,6286,1687,2015,5599
5510,170,1395,8185,3933
5289,9470,4638
6233,3918
6825,7409,401,7639,10107
2979,5163,8492,2189,10105
7877,3879,6228,9564,7357
804,8551,3177,4650,4881
10821,10223,12471,4505,10653
968,11019,2320,9781,10015
9858,8004,6028,2869,5079
4064,1185,9002,10220,5434
9890,71,2921,7375,7035
11376,9649,7222,6326,1210
8804,2854,4201,7082,9228
2343,10569,4463,9816,8349
6915,8044,2710,7996,6911
7105,7087,5683,8083,8603
8896,7810,9298,8180,9278
8106,7373,9114
7947,2388
1666,6916,9638,3923,10941
2528,4452,6762,7512,5246
9248,2034,9947,10557,10207
5190,4973,2870,11448,3769
6248,5800,9301,5182,6591
8514,9419,5069,6548,7613
5185,8059,11205,2958,7803
897,2985,10507,11537,12089
5539,7568,2480,12276,12378
7264,12168,9326,11919,12146
7621,9615,9586,851,11901
2025,9706,10930,7282,10738
8199,9546,7825,9529,10138
4097,10083,11077,7024,12633
3621,3749,2026,4942,3154,2521,6651,6463
512,1604,1721,9083,2206
8577,3722,6828,5235,440
1927,5068,8429,5138,4086
6305,3845,3686,75,753
7489,7401,4720,3067,8764
7693,7890,6614,7869,2302
3249,3380,2669
3296,7614
5657,12363,4406
7597,4205
5761,8138,6609,11123,8347
12068,10346,3411,948,1427
9801,2700,432,8373,5113
4353,8196,3564,237,10258
6373,5381,11756,7309,4941
7946,10675,7893,9019,1789
9954,2630,1128,9644,4341
10502,8560,2453,9370,9756
7403,653,6575,12084,10391
9102,11343,9398,10967,10840
9854,10883,12078
10980,12053
10593,11915,7728,10384,4856
10435,11005,9959
11777,10181
4008,7788,11472,7888,10366
1633,10374,12170,8090,5631
200,3626,3442,1076,5950
3331,870,9001,8269,976
7654,6076,84,3130,668
12611,5430,5782,1980,9630
5124,2717,2807
2392,739
8611,2212,8840,4665,2365
2690,709,718,3984,7251
357,365,660,4184,377
1474,329,688,8916,8852
1932,2897,820,6046,6495
3584,2236,6564
7964,8031
1957,7560,8877,2672,671
2398,2410,2381,8791,7550
5293,3566,1806,5744,11025
2758,4616,9259,5099,7091
8682,8332,6830,1270,9471
10228,86,6811,9277,8191
10498,9640,240,9685,5439
6725,5834,3438,10645,4346
3744,8011,9332,4377,4828
1537,8230,10024,2989,8216
4298,8625,2421,312,6972
4576,10244,5291,10643,9652
6800,8329,8213
9977,3535
5217,9477,10248,8456,5820
3463,9770,7219,12243,10012
7009,8898,11862,10393,4155
9688,1837,4766
5874,7950,6151
1598,9641,5653,8982,6430
4003,3751,3082,9841,9304
8867,325,5848,1978,94
711,10453,11477,8792,4603
11120,9425,3090,7248,9330
4006,6953,10132,10520,11897
3714,11048,11607,5592,10527
12009,9072,6672,12347,9950
8866,4486,4682,4235,4364,8404,1720,6620,1022
525,141,7986,405,3611
4877,4633,887,9049,5915
6085,843,110,5075,5973
97,5997,3954,5813,6301
2607,10193,4374,3675,12284
10596,5767,9832,9338,6333
2279,231,5711,4879,6802,6260
5986,5635,3942,119,3738
5474,5417,2066,1145,5690
9956,3657,4115,8565,5628
7938,6275,12115,6676,8726
3340,1969,9813,9559,6360
6773,7194,10043,12476,12062
5108,367,2356,3215
3635,2260,5254,4855
6728,7337,3630,6452,4789
7436,6128,7217,1747,3929
7144,5871,6612,2676,5367
1795,4654,4575
6562,1516
4643,4422,973,2542,5371
6496,1261,6478,1453,7002
5569,1252,6572,6956,7767
1614,2259,2548,7924,6655
6528,6220,3477,1654,3736
4292,6409,4522,4586,1723
5025,4423,4958,3446,5886
5715,8156,1758
7886,4351
6913,4515,7625,6158,7806
1668,5605,1741,8141,1615
5128,5098,1419,4748,6002
5188,935,4431,121,7965
1705,3638,1366,6678,7226
9908,6213,6294
5162,7935
3554,2514,2198,5622,2143
7201,8006,839,11774,12191
5859,4806,3848,6292,11676
7648,8193,7054,12240,2782
1634,9835,12333,751,1522,8627,7224,125,5311
6316,5125
2970,3994
3264,3033,8588,1743
3073,7393,7109,2706,2484
2441,5294,2232,7770,4893
6080,7174,8750,5295,306
3843,5668,4909,1742,3412
132,2996,8021,248,287
3552,2605,4629,6232,5785
3470,4310,1402,7838,5503
1157,6282,1361,9302,4316
1894,2922,3866,6555,5276
3939,1898,5910,9238,7391
3968,4231,2934,5210,5531
6048,9994,6253,3342,6448
9379,8409,2107,7486,6175
1794,292,5714,1234,5337
4739,3852,4861
5818,6047
5238,3798,5718
4592,4123
4130,6250,3571,5787,7549
10028,8019,10996,7733,12182
1549,5588,3644,4565
4305,2799
5944,4510
5316,9862,10446,7666,8786
9188,10250,10636,3116,2199
1408,1858,1028,3496,3499
5925,2580,1431,9723,5310
2853,6886,5543,8689,9111
5449,5396,5525,9590,4862
9824,1282,10478,7279,9905
3427,134,7794,7607,1532
2179,2547,4725,5081,10938
2559,1305,5087,3035,3007
7203,4782,1399,5593,1085
4880,2339,11822
2649,3780
6125,11188,5882,8958,11327
3237,472,978,11864,10141
2744,8874,11236
9821,4543
4210,2877,3999
3440,25,1589
7776,3168,6374,4118,7415
7078,6989,6421,7318,6201
3426,4583,206,5106,7483
10158,8752,9556,9748,11925
9280,8235,145,12793,10814
12354,9061,6981,10092,11835
1732,1511,7596,10515,5494
1448,8424,1547,5716,9207
9793,7000,5017,5946,7995
1188,4938,3179,147,8317
9057,6090,4460,8605,7839
9505,8136,9901,6871,10681
999,327,12365,12305,11006
4451,775,6031,5168,5203,3517
1736,2127,8402,3099,4671
3398,486,6025,1578,5112
4992,5285,6021,3164,7455
162,4579,6152,6325,4411
4664,2446,1703
2144,5851
12579,2889,6096,3452,1692
2882,10348,2802,6935,9407
12306,9814,11192,1081,7837
9075,12533,8952,7866,6109
8421,6312,11210,3436,12620
4608,7364,12103,5270,11639
9738,12110,2800,9428,9940
6534,7976,9005,10958,12024
4089,1719
3480,4013
178,1466
3036,3647
3995,2733,3087,2294,1659
872,4002,9388
2481,4001
11874,3717,8,3315,149
3522,3394,2760,4010,500
3459,2380,3692,3768,2748
6336,3176,1451,3986,3931
8800,8781,9230,1662,4031
6752,9666,173,855,1084
8864,10855,5584,4818,244
192,6693,5450,527,3951,1713,5403,4189
1313,4041,3273,4759,3135
5568,8425,4875,4652,4792
352,8801,1671,5327,3834
2176,1989,6662,4649,3949
4808,3048,4686,3023,4315
629,3221,4567,7645,5279
1536,5058,3683,4681,2483
166,871,2569,304,5338
2307,3788,1518,4022,8319
2636,4238,1294,3261,4318
9127,1003,2643,9181,1855
4491,3468,8375,2136,3001
1571,4044,4988,9245,5598
5673,11146,2639,182,9567
2054,489,4143,2096,185,4795
4768,7273,338,9852,733
6723,4047,1944,188,3069
929,9826,2594,1892,8049
8708,8998,3303,4472,1342
2052,9489,5618,6289,7421
11940,518,6542,8978,7582
2754,8358,9129,6986,11437
8832,9545,10768,9427,11671
1696,7020,10318,11760,4700
1222,7879,6252,10351,11219
12005,11016,12330,9910,5177
12227,8164,10249,9965,6875
12032,10246,10061,9810,8798
12324,5576,9389,10933,11807
10210,8165,4904,11834,11070
5554,11989,1496,11963,11710
4352,11312,5654,10553,7644
6824,13
2533,6
191,291,4677,5239
3104,1027,5475,4071
2216,6102
5541,2775
11080,1400,5774,823
6849,9258,8810,6866,5202
5347,12106,5418,5962,11382
8753,1937,6903,536,7197
12483,8233,10763,7342,12023
4641,11107,11880,11954,1915
5035,10923,12302,8655,8974
10178,2862,9270,8571,8542
11333,12745,11380,12629,11543
11008,12039,6664,3117,12408
651,10896,10709,9047,3096
7430,11787,9387,2966,6458
10691,10284,8722,8312,10713
10145,10251,1488,859,8862
4550,11750,7918
2553,8802
12713,9076,729,12761,4924
11745,12738,11833,1913,7611
8738,8739,3291,208,12443
10753,12451,11877,11473,9720
11709,12726,9783
9601,9812
10584,12464,9240,3354,7293
12167,7631,11770,6908,12446
3649,236,470,1306,12908,4124,362,8047
9088,4228,3822
176,3807
3545,9922,2354,1142
8400,1138,4339,941
3032,2227
9090,8711
3832,9891,7628,7199
9853,4733
281,4078
11665,10579,10734,246
5348,11116,861,9038
10345,6476,1782,10511
6520,9292,7021,11588
12488,12353,10530,12739
682,3963,3661,5359
5241,3668,1318,3759
2304,3202,1388,781,5022
2915,263,584,2200,8637
615,265,3371,3666,4347
3794,2139,3645
3374,4335
2147,2449,658,8946,474
2081,2114,2190,2040,2109
8576,8865,2214,232,7999
1704,8932,2014
4427,8718
7800,4497,2253
8632,9441
5730,4263,6633,3595,2297
1729,2115,3126,9750,3417
7304,4714,586
11698,1163
1580,9070,7951,5209,254
7928,10965,8167
10232,9833
4320,908,10390,4751
256,7873,7045,1469
2083,5139,4,8455
4385,2498,2017,6148,4683,1973
3937,9381,332,3919,8495,4147
258,7750,1322,10642,4627,7804
5698,6853,1584,5778,1267,5051
4645,2245,5063,2955,3728
6826,2414,3158,2777,3515
7874,6219,6488,4380,5854
6797,2702,4309,7548,4029
2466,5354,5172,8151,3704
7089,5751,6136,7961,1660
5633,7459,4038,7790,9682
6113,259,982,2361,7934
5482,5490,11197,6878,5919
1281,3302,7213,9279,8991
5833,546,763
6939,9717,6639
7299,9397
1880,7726
6905,3748
3921,10381
10008,4025,6805,2511
5976,5961,4852,5798
310,7771,10926,6854
856,11314,8742,7152
4921,2314,2436,9623
1587,8925,10110,2879
8714,4811,3916,10494
8520,1612,285,8567
10578,7636,2134,8079
10577,10137,9219,7247
8202,9164,10510,2908
11104,7699,12756,10952
11688,8426,389,4800
11913,12116,10429,4684
8072,8841,11266,4604
7689,6121,4370,11250,1590,5590
1164,8723,1171,1689,218
8640,4289,934,1481,874
6089,792,697,795,1534
5032,10349,11827,2132,6838
9894,5511,5165,8115,12600
7332,7399,6892,5717,7870
10822,946,12405,10518,6775
9746,11540,10006
9409,9372
2437,9182,3864,12282,12126
9607,10440,8563,11222,11288
4552,9837,8654,5143,1630
6083,10917,10407,10583,10937
296,9772,12149,9206,10239
7752,12304,11032,10802,6072
12809,12041,10766,6384,12283
11431,12527,9203,12407,12663
12499,10972,7389
6938,12203
11136,6699,11308,12244,2653
12033,12385,10819,6202,10556
6888,8370,5670,3159
2088,4883,8471
648,5090,3147,5298
2338,5135,3030,39
7353,322,5645,1421
7032,5969,4242,117
3680,569,7900,1505
7153,12165,12310,6143
6026,6993,3989,4982,600,6713,5916
2386,3835,5390
6139,476
4192,399,9458,1622,10487
326,2925,7347,3732,7481
4658,9547,8343
8880,6064
9062,11921,9395,6963,8951
3588,3313,6707,7606,829
7496,10792,6578,10038,10970
8161,10953,10633,8691,6777
8418,7531,6317,9174,9784
3681,11044,8709,422,10354
7969,6278,6984,4087,8184
8386,5866,11693,9268,12375
11299,5220,9139
10296,2185
12448,12012,10735,436,1983
11907,520,8431,10909,4382
7808,7428,10504,5867,9142
11232,9729,8678,9747,10294
11788,4625,3189,4023,3898
5648,12650,10548
6601,9889
10724,8646,10861,8688,8758
5512,6084,8223
11820,9255
7558,9321,11114,9553,12338
8484,10128,6450,6686,8511
10496,10089,7473,10677,10011
9892,12452,9897,6519,3707
578,12403,10451,8476,12349
7944,7016,10090,9928,7157
12680,4142,8879,7857,11132
10945,12194,11396,4198,8112
11137,8785,8915,9914,11519
10432,12069,11916,1939,12790
12832,9762,7595,9759,6783
11393,12482,8836,11918,11063
9736,9713,4790,7863,11871
3874,10405,11463,3157,11125
3682,4710,11494,10618,12671
11105,10839,4953,9786,8831
12770,12771,10214,9271,6814
3218,2724,3006,3935
7660,1565
2298,10831
2432,1067,1778,1240,1822
2465,9086,881
8734,10975
9187,3557,6279,11157,10198
1029,334,9202,10902,9530
11171,9511,8552,10603,11468
11465,10811,9678
2688,10944
9512,7880,3824,11035,10812
10982,10377,6290,5015,5144
8353,9222,10922,12654,9936
8771,924,1524
4378,356
369,398,2753,198
6456,3977,194,4334
1507,164,70,8399
3009,8930,3882,1233,914
8899,7301,5236,7061,701
7048,302,6766,9742,10174
1824,6144,4620
680,9433
1373,445,359
3169,8807
11009,2402,10770,5492,11069
5001,10319,8657,12279,11423
8387,12067,8009,11914,10898
11617,7658,2796,5357,11926
6576,2681,10490,8891,7161
514,10019,3724,12782,5523
10149,12173,10925,8214,12216
4434,1039
2395,4566
4227,2876,1527
1985,1990,458,3980,560
1856,1792,1605,1863,4383
4171,2574,4399,4277,2006
4165,9128,2987,3508,2549
9027,1062,4332,2382,4367
10336,2824,363,12204,9234
10532,7336,8746,4848,8918
1377,6626,8355,5526
4932,4317,3607
8257,5537,5846
3465,5181
2914,2696,6157,6615,8092
6474,6513,6449,2230,7191
4832,4459,8977,1943,7292
2401,2860,8824,2459,3231
6793,5970,6898,9334,4221
3473,7603,4980
8097,6399
7398,3247,3281,5044,7063
1186,5252,1509,628,9751
7841,7623,5938,1881,6461
12551,4712,9267,372,3516
8669,7554,4519,435,3133
7360,5041,2627,2295
8010,8272,5264,7452,1245
7041,6563,6446,5518,7860
8545,427,5003,1812,1790
6147,12619,2859,9967,407
8393,3190,7255,12730,9117
7195,4605,6006,9695
6088,1012,4695
9122,516,809,2416,8504
551,6385,5073,4851,893
4554,2363,3260
7307,5987
2475,854,6807,1691,7422
960,10443,10252,2900,442
11755,6320,9596,9693,7903
3305,4474,452,5365
2186,6438,11199
6882,7619,4043,4663,4607
6658,7783,6195,3895,4153
130,6533,6663,7408,5562
2976,4962,5256,6130,7677
3041,3076,7732,6010,8477
722,3138,2540
4208,7954
2374,8142,1653,7093,5754
9635,2435,11700,8472,4154
3789,1390,2258,2201,9725
10690,1667,4678,2798,5626
11840,2434,4166,11184,9851
8107,752,10523,2654,6079
10369,467,1988
2818,7278
12064,455,10151,1194,3628,8979,7892,7351
2662,10765,7566,5979,6780
7620,2894,4475,3739,8029
1095,8396,1006,7086,2769
5376,4387,9199,8662,4094
4513,5891,11526,5234,3165
9825,11049,491,7791,3643
10017,6536,10611,6459,10014
5671,9672,2727,9521,11357
11655,11981,12241,3892,11321
7394,3019,6991,4405,5655
2474,4303,1331,596,6526
6509,558,6119
4061,7007
3971,6180,5094,594,5855
2053,7687,7594,4490,7215
10649,7637,11695
2265,9503
10456,10761,7426
5489,4820
545,8218,8668,10878,10847
9504,9158,967,3528,2089,1260,7181,3574
6160,9418,3582
1362,4068
9252,7721,4492,559,6679
1873,4533,8661,12151,3550
10539,4715,11729,3155,2330
4779,11212,5486,2485,6108
7520,4293,11625,10124,8604
5830,8330,8075,10099,6328
9476,818,12054,5495,1499
3586,3783,3786,2794,3277,4787,4125,6687
1487,2645,2875,4060,2271
2369,4112,563,1367,3229
10020,9483,4020,5845,3482
9274,8549,9424,5943,3226
9514,5356,1845,1817,10910
6987,11826,2963,9624,11673
6756,7211,2929,3255,3002
2928,2583,1079
2010,3187
11363,10565,11407,11034,3422
4615,10962,4053,9215,7103
1862,3847,459,10641,92
10535,8296,1206,11037,2431
12192,1875,11027,9494,571
3074,483,1257,5993,4144,2164,2326,3771
3651,4902,1685,886,6330
3840,5998,2863,2035,2075
5443,996,10315,20,2808
673,1412,4944,10033,754
6848,1482,6414,3220,1207
6690,5738,1674,8155,766
1219,1767,8364,2133,10140
2918,9035,8652,1617,8694
10114,8293,617,9840,1332
5665,7910,1995,9108,7708
1608,5193,341,3640,11869
6945,1958,1446,1834,890
169,622,1779,11731,61
7193,8643,1494,2047
3914,8398,6670,1042,5884
7250,6867,183,509,3134
5591,6354,8564,5975,4926
7649,3841,3141,5583,8124
3691,5712,4307,5883,2684
3906,2691,3912,8222,2878
5857,5395,8249,475,413
6674,1011,7225,7610,8795
8419,9701,9542,6829,4670
5952,8388,9549,5299,4571
8776,1498,3555
10848,1852
6242,625,11319,10202,5980
1925,4873,6921,8271,4272
7786,3957,1814,8636,9085
260,1899,6923,1005,943,2768,2544,6362,3772
6267,5614,5627,8314,3195
1771,5549,6447,757,2428
6722,4940,8889,5563,4220
8416,3690,6288,8284,6623
4209,6124,3271
3216,3336
11651,12456,7400,7956,630
9510,1933,8335,631,10396
68,101,6574,1542
3899,4822
1865,7757
7214,7511
3622,6377,3665,2098,980
3685,1014,6235,2396,4127
5312,6276,3725,1709,1535
896,4961,4640,9033,988
675,7718,971,812,5078
4449,9123,3151,4083,3676
3585,3706,6724
6353,4674
2881,6630,3529,1722,4442
2149,1606,3112,4107,3149
7392,5507,2884,6955,2556
6529,6979,6569,7502,7294
5442,1093,7529,5748,7284
2856,3337,3343,3156,3871
6585,910,1919
5389,3045
5409,2252,6613,7797,7390
4009,6027,3347,5844,2713
3970,7269,3815,7175,3055
4483,3140,7206,777,7055
5184,6755,3785,3319,825
5505,6376,8687,6516,954
6659,2469,6086,10739,31
5123,1382,10419,633,10334
8944,1740,1140
1655,6015
5219,12180,3471
7320,4644
1768,3474,3254,1017,4251
1889,1987,2953,4398,3731,8981,7166,1303,4446
1596,3612,3487
562,2967
3110,11279,10226,3925,8279
8993,3489,3976,8500,380
1162,561,690,4050,5043
5729,3599,1651,10612,6742
8289,3553,6701,3213,10263
4544,8745,944,634,3930
9446,5100,4911,10458,4989
12355,3267,9768,5556,12059
9761,2728,7177,4912,11313
10791,7116,5843,12698,11483
1127,9193,650,4176,5912,3186,4568,411,7288
3969,2056,3053,848,2577,2940,1503
8705,8395,11224,955,9790
6884,7643,8412,2269,3870
9349,4430,10255,663,10488
1337,3799
9106,3765
6852,174
672,10018,11011,5571,3543
7209,6153,3730,3443,4499
354,4393,9996,4365,4564
1955,746,6387,4404,7676
2912,1539,5420,7412,2621
2898,5083,5308,6142,7583
5473,5262,945,3252,5400
1866,8363,5271
7450,6550
2530,7363,678,7495,6490
5901,2833,1970,7955,4949
9667,10541,2738,6580,3060
1480,4722,8123
8313,975
9098,6052,7382
7816,6619
11456,3755,7812
9361,900
1504,5793,3225,1931,396,691,403,8601,1564
965,646,911,1680,659
11168,8258,2318,10359,9754
4581,3973,9125,6394,8380
6146,8099,5351,1784,952
9513,11839,10799,11569,4287
6051,10,4493,912,4728,505,8827,7835
4711,3403,6891,789,8405
6819,109,3855,2391,4797
737,4770,2701,4436,1686
7747,5933,6702,5007,7067
4102,11626,7823,5302,7261
5211,3893,11031
7818,3434
4838,3883,7979,5323,5372
5624,6307,12828
6427,6013
10437,11924,693,12662,12187
3632,2546,8987,2613
10533,11172,5221,695
7128,3801,11650
5853,1669
10625,2766,9104,9714,8051
834,7527,3944,9937,1757
10537,3245,8372,12376,11994
7552,10497,5955,9517,12238
11002,9935,8306,11769,11578
12425,12172,10066,5459,12500
5281,4485,2846,217,8606
2467,2919,1964,1297,5213
10021,11658,10161,8468,7991
11113,1037,4270,6606,977
9986,714,2028,11438,2845
1921,2658,1959,4461,3796
1025,2473,2191,2353,9212
6112,6597,4680,7340,5965
2208,2723,6347,7664,2172
10431,2948,1232,6654,12415
5216,2668,9295,4120,2910
641,4833,4585,1104,1786,4637
7137,9226
2044,1718
8610,4537,4866,3437
4646,3317,4814,743
4330,11771,8557,12445
1472,4290,4131,5385,3404,3570,277
3360,842,2419,6803,1912
677,744,8268,4015,2904
6754,4261,5480,5513,9715,4986,8190
963,494,5231
7019,7221
6948,2671,1455,1945,3004
3232,1543,4553,4874,5780
2920,4392,2857,8569,6331
4245,2455,4283,5342,3390
3339,5104,5852,3966,3167
4421,3589,9485,2094,9460
7267,6845,8018,4985,2493
7149,6256,3932,7901,3326
4236,2604,2520,8122,2781
1120,1066,3243,1296,728
3745,7972,5869,10959,3357
6274,7302,9291,7501,5307
6753,1220,3862,3897,3514
7170,7983,10032,8631,5146
8352,9000,749,1581,9307
4611,10053,5742,9845,6685
5601,12035,5227,11732,10526
12679,5451,6284,1112,2299
8228,2509,5847,8985,1275
4312,7050,7742,703
1752,7706,5739,10087
2296,3667,381,1550
7714,6262
2675,947
11993,755
2203,5580
3018,2413,2129,8884,8089,378
9236,1895
761,12076
10323,2038
5992,7665,5989
5282,10978,10078
7057,1682,7031,7707,2811
1672,4569,7280,349
2085,1417,1389,1588,1759
1026,556,8461,7028,2458
6280,3920,2838,4058,5115
769,6605,2102,4414,11999
4162,1445,7691,7565,8496
9184,6885,8310,3222,6525
3396,7366,11338,7663,6040
2715,6772,8102
2024,3372
3361,9795,11209,3373,8153
11977,1515,9201,8434,10291
290,2399,3495,3562,6095,1526,7963,10974,4063
10605,9811,6581,8760,3742
10115,1648,8820,8406,4794
9953,3405,6675,5907,5623
11942,11176,10280,2321,4538
6501,11849,9868,11118,9976
10784,2337,11599,7476,863
6625,779,11789,6671,6270
9765,12266,7435,11857,12250
6210,2793,3959,4080,7413,1879,4632,5433
1272,9282,7383,9496,9146
1600,1637,1129,2507,7570
1450,1165,1359,3987,2905
9506,9348,9673,275,1179
10409,11115,1196,10773,9308
3328,1092,3350,7705,10235
8544,1091,5091,8822,985
1345,1217,782,284,3039
8825,667,289
850,662
11424,7682,428,10000,8693
9120,1190,1352,3693,9006
1888,1444,340
1280,9359
6561,11076,9299,8700,11164
12160,5222,6170,8540,6398
1347,933,1064,2355,1401
11808,5540,3239,11304,5559
1065,266,1199,8529,1051
5160,6060,3821,1274,6140
5621,9719,4952,12765,9183
9700,6995,2772,7190,3965
1315,1355,4149,3996,6847
3953,10801,5747,892,3677
12421,9487,3123,6265,12286
1286,5521,273,1172,7740
5667,2603,3820,5037,786,1492,5245
8992,3936,5603,8392,4555
4514,6412,7662,532,6069
8064,4084,7864,5561,10394
7553,8003,6734,1008,12465
11265,806,9939,3539,10172
1096,5770,10283,7630,3633,2099,6716
7010,8612,8653,7245,1946
8227,1035,1073,2972,9406
6833,4291,796
1088,10314
385,10050,10984,7379,11743
7425,10082,9067,844,1813
5508,869,5797,8215,2618,3934
642,656,885,8989,1599
2629,3503,10100,7414,1848,5215
4696,7172,1749
1224,6043,669
1765,3377,3026,1714,2429,2494
5274,4798,3335
2792,901,6791
6150,785,1491,10003,2168,383
417,1309,902
915,5476,1262
1640,4488,3790,6960,5840,5723,6942
6397,8441,7229,7449,6493
8033,5651,7574,5437,6559
12128,3938,10601,4530,2488
905,6122,8854,9658,6747
8598,11852,9702
2160,6741
9028,12814,9683,8759,6879
9544,9260,5677,10835,4470
1905,4717,9831
11657,6259
6116,8805,10475,11479,10427
12740,12229,8166,5705,9911
11513,12692,12015
11502,12615
9283,11909,11782,10215,12141
1153,6627,5574,5195,9305
10697,4901,917,6207
3928,12409,12644,7781
4103,3719,202,4716,7984,2644,926
2470,6539,6637,7696,6300,5375
9152,7853,3022,7796,11546,8639
226,2045,439
108,939,9300
992,4546,78,2719,1594,6869,9016,986,10815
5656,1950,997,7494
1320,7958,4943
4195,4036,1002,3992,511
7881,4761,7962,187,3293
7779,7878,5065,3325,5725
3609,3314,233
6769,469
3136,5419,4302,1078,857
710,8967,154,9172,58
3909,5257,4017,8503,6303
2376,8684,8848,2901,3031
2784,2886,1996,8812,1618
2951,7145,6097,9239,3103
2002,9082,7423
5002,2839
10567,4167,8585,1009,10332
7940,11856,8016,7799,2552
6881,12553,7629,11828,8887
12228,7845,11141,9879,11644
8290,9867,11564,7471,10842
5353,7634,6607
6408,7627,7743
8121,1018,1090,2823
3642,2004,3500,8371
1986,8902,1229,3288,1754,1053
10059,4134
8845,2062
6352,8961,2309,9118
9593,7114,4763,1135
9362,10275,10860,10466
6858,1068,2830,623,6683
7844,1576,168,4170,4785
6566,6652,2861,2678
5344,2218,482,7523
2670,6066,7475,7669,6238
7073,1897,5460,1365,2039
4673,2278,1074,6836,7029
4867,3057,6234,10331,11198
7297,5387,6193,8658,4185
11697,7830,3961,7516,1726
865,614,970,8911,496,11322
962,8580,434,8634,3964
1099,10068,7931,6173,11294
8195,7080,6281,5101,3699,3572,6523,8287
4937,3185,2771,1658,4348
6400,6192,1101
7913,5363
7968,5604,2628,6199,2943
2817,2562,2347,7897,10169
10176,10119,2171,10524,6590
6535,8211,10007,9467,12732
4484,10728,8780,12118,11099
10979,10403,3114,7670,11229
8413,2891,10669
11065,10723
1922,8005,3020,6518,9726
6401,12484,6757,3624,10687
7778,9620,10678,9752,10781
5410,1483,12077
5765,10183
6500,12036,10474,9708,11414
5536,11457,9335,3993,10844
12514,8116,10837,1110,11455
11848,3304,10491,12251,12799
4801,12171,12473,11388,10142
11334,11627,3062,12183,12155
9218,7875,10833,10005,8735
1122,2051,6183,8367,8117,4151,1116,6174
5445,7942,2632,2572,3741
3718,2960,1016,6521,4796
11398,8048,9078,6105,2524
4517,1513,4778,4718,8562
6466,9580,8518
8868,1918
7232,1248,9171,5397,8407
12288,7081,1143
7576,5733
32,1519,1463,7289,10714,9981,4126
1146,9533,4500,7159,7418,1243,11645
6050,7748,5684,12598,60
3040,1859,3896,1147,11101
4232,450,157
9116,6172,2182
7456,3563,1150
8224,7139,741,2893,1167,9297,7059
7135,8132,4359
2840,12074
8808,6850,1301
8873,8803
4864,4322,3369,4137,3950,5454,2641,7642
2276,1193,2221,1235,6647
4128,1804,2224,8275,3512
3596,4206,7605,4279,11038
1189,8326,8937,10780,7647
8964,2256,9779,3348,10493
37,5814,10262,7710,2655
1731,2500,1198,8509,2974
2663,5232,5937,11095,2489
5732,8838,8073,9966,3793,1883,4223
6437,8134,5319,6860,1998
3823,1202,4946,10388,1429
7208,5259,7437,10040,10299
4737,1540,2087,1770,4237,1328,4350
6114,7588,9482,5166,12400,1242,5661
320,7904,7458,7178,7538
3265,3329,1103,9660,7068
2240,1551,6768,2194,5566
6369,33,6733,4496,6969
4825,6178,5028
6582,7798
7104,228,4049,6075,5151
6635,6380,5806,5809,6910
2832,5275,4045
4494,10775
6020,11793,1299,4249,1246
8481,1701,553,8524,6479,4435,4409
5804,1676,6190,2515,6011
8321,1707,8589,3375,1269
4520,686,2835,2005,2906,2108
704,932,916,213,726
8389,8870,1803,9803,11766
7138,1287,1321,4284,8285
12496,4925,10350
9288,6739
937,4527
3027,1311
665,4660,4886,351
7729,3262
8699,3991
3483,2539
550,4391
2267,5093
7793,6277
8032,5640,5746,821
10378,10730,6661,5286
4067,1478,82,3094,6937
8736,10416,2773,661,1211
2592,3565,4018,2037,4057
3458,4005,8849,3861,5786
1316,3658,9805,11892,9946
3975,123,4978,9498,4923,4895
8288,2242,3431,12234,6480,3711
8001,10414,1327,11187,5784,2813
5570,324,1253,3174,5284,4138,4433,6611,1015
1993,1774,5682,4884,4093
8152,2913,8255
1077,4542
930,4804,8039,7148,6299
5477,7281,4082,6169,7388
9320,699,3803
4194,5198
7372,6295,8088,8346,1339
4636,6598,1574
4300,6222
7849,6924,9052,5021,8479
6082,6947,708,7758,8882
6311,4587,3344,1972,4028
4709,4617,7980,6832,2896
2888,1392,6359,3037,5823
7872,4842,5071,9044,2526
7914,7534,4529,7321,4635
5060,5013,3318,3830,3005
2977,453,2188,589,1907,5432,3453,5983
1031,9319,1582,2071,1885
719,4697,882,1113,8187
5669,1356,2895,2836,27
8356,11404,6669,111,7095
7298,4999,6024,3445,2427
8740,5105,6417,7155,5023
1984,4963,1354,3052,1173
4319,2659,3910,73,3551
4647,2890,5713,6104,5016
3750,6477,592,6583,2207
612,2756,3025,3901,927
3982,3663,6418,4981,3672
1319,5931,5004,2385,3641
6057,3346,6998,1369,7899
5414,7150,498,5401,3900
5197,4948,3860,4951,5055
2735,817,4954,5595,5244
4736,7015,4588,1485,8942
2496,7052,3284,6552,7004
6224,6388,10260,3708,6110
1800,6977,6645
2608,4740
7713,3849,5355,6161,1364
2849,6818,4265,3924,12150
12384,3137,7586,10420,4572
1187,7396,6874,4955,3836
2400,454,3242,3509,251,6268,4222
5504,5824,7461,9194,6042
5696,64,6592,6932,9466
9097,8240,4532,7581,1374
11983,5497,4891,5278,4095
7204,8360,4146,9941,8444
11555,4771,8581,10023,11539
5703,5544,12331,5586,6162
2438,4903,3113,6296,2490
1443,7975,9870,1106,5594
4704,12649,4844,4525,5405
12060,3455,4559
11000,6644
8128,4481,7176,6482,6709
7306,3985,1430,4027,2079
8809,9166,8593,11059,10585
1381,11013,4329,9385,9907
7785,5865,1227,5964,7439,3183,8061
8448,643,1830,7146,7377,6771
6019,1414,2226,9526,8025,5019
5728,7585,4706,3173,5321,7675
4995,1295,3631,1876,6975
3997,2477,1502
4956,3429
4073,1109,3479
4708,2158
4913,6163,5557,6557,4286
2184,6217,8147,2646,4729
5934,2959,4915,5012,5277
4929,5026,4356,3813,10156
7352,3432,1454
3107,2867
1725,1610,3309,4462,2397
6571,6636,1134,4467,8793
2146,1911,2682,4444,5119
7334,6378,3979,1900,831
6532,5288,8939,8595,6524
4426,1423,5909,8766,4159
9031,1832,8266,3214,1941
5057,1738,3915,7308,4219
2152,5362,4914,7416,1020
9696,4865,11720,7702,6586
9264,2864,1137,9204,1048,1433
1086,8439
6392,1121
5000,9595
3548,7484
3523,6004,7253,5914,1055
6692,5527
2451,7526
8679,6225,2289,3763,4634
4420,9449,5324,5180,4668
9829,8357,10571,10261,11581
3721,11214,1458,10386,10776
2209,580,1639,606,1642,3054,9566
1473,10055,8778,10955,4541,8767
4258,2150,3559,3625,8236
3079,7151,3568,1397,346
4930,7142,1871,1523,7575
6949,3525,7817,6933,5304
4871,9390,7604,9430,5849
8322,5030,8519,5208,7930
3947,1853,2086
2049,8309,3734
1538,3203,7780,9861,9931,2012
5186,10247,9991,7754,4397,9847
10564,5317,4101,10412,12921,12541
5096,7763,2292,7027,2359
5008,4313,5413,4823
3077,8135,9896,3829,1406
4362,5290,7756,11278,6736
9732,7026,1557,9303,2687
12321,5326,8245,9147,3614
5059,3364,3209,6419,7129,9850,1916
393,7113,1647,7125,6167
4419,6531,3142,903,6808
3043,3527,5391,1967,6909
1265,1570,1284
5392,5753
7008,1568,1177,6415,1561
5769,4331,4556,811,5458
2274,3908,6726,5548,5629
7043,3476,3670,2778,4863
4256,298,5995,8851,5759
6424,66,4439,3695
537,4465,877
7640,7056,342,1592,5949
2624,11781,10903,3352,827
12198,3981,9525,5462,5565
9032,9056,2677,6126
6666,7474,7286,1623
6976,3684,7466,5941,4699
3171,5923,5577,6032,6103
6656,9863,10863,7384,3038
3392,4745,1679,4528,4252
8383,3534,1553,4659,4703
1699,1645,4218,9468,4829
4262,5384,10121,8179,4693
4965,7626,46,3064,1310
7764,1277,2622,4487
3400,6697,700,3856
2273,10956,1750,10254
9554,1971
4993,9413
224,1960,4204,10607,3071
2848,4139,1999,3859,3228
2712,3593,3211
1156,11135
1544,1611,9681,1683,1756
9734,8391,6413,1556,1276
11552,8177,3274
10594,7782
6322,7333,1775
7121,12071
11046,8971,11223,11193,10300
2340,1776,10070,1626,10428,1247
10880,6530,6759,11863,8830
10882,2,1809,12593,4024
7601,11090,4275,1844,146,572,5981
3530,771,2110,4754
5881,6883,7323
2032,2907,9420
9453,3502,7503
8923,2124,7895
4225,7258,6694
5076,6812,6214
9336,10529,1850
5152,10197,1935
9536,4051,12061
107,9611,2964,2589,10335
3424,11778,5615,6642,8158
10755,1861,8583,11466,7884
6313,5036,2543,4207,10231
1762,4100,1126
8478,1447
2154,8799
190,1191
3777,8482,8325,1965,2069
6721,2983,8592,1882,4509
6961,6298,6023
7235,11749
10473,3754,10217,10421,12414
1936,9089,618,10205
4531,1836,3349,1230
8730,9499,3084,573
624,1953,308,4621
4536,5681,8570,4878
8528,4034,4698,4190
2722,2482,6900,5893
7042,4812,3286,7847
6038,7599
7074,5175
1650,1155,6573,3263
3904,6203,4931,9233
4072,3298,9214,3095
2180,5204,1982
1376,6946,7051,7212,6483,6132,7037
2852,852,8790,6970,4349
5088,4897,4324,7973,9276
7651,9960,4601,7674,1244
6308,7367,5609,3826,8755
4966,8074,4076,8050,2008
7936,3072,8034,6543,4241
7906,8594,4503
5760,7491
6595,6918,7369,8783,6231
7680,9962,6186,6667,6491
12300,6319,7795,2486,7160
6402,2244,7047,2073,10430
5889,6440,4395,6062,4432,6389,922,5758
2120,6510,7535,2736,6610
7992,5750,7319,2104,3967
391,105,2932,4340,10748
8737,738,11439,5842,11899
8328,713,2121,11284,9855
9316,9618,6196,5110,8376
7040,11945,11533,10225,9980
9440,11202,7385,9724,12670
994,8291,4081,950,9054
6159,6343
3466,2111
808,5179,300,5686,3606,2714,6074,7355
8621,8719,4276,5045,347
242,6711,56,6906,794
7745,609,2195,8085,7967
998,8076,4464,499,1947
1829,1452,50,503,1597
4900,4111,3251,2843,316
1360,4213
2141,3295
3401,1956
9508,4012,9484,4145,4091
1312,4196,3208,2173,2975
3814,10165,2950
3664,9501
2228,8532,5498,9053,2335
4870,11663,9585,11348,8379
2947,2637,1904,3120,2780,638
1857,361,2250,1225,1525
2858,8559,1231
8712,1495
2797,2162,2611,2519,2911
1665,2537,1710,2322,9780
1735,2346,10285,9399,2938
9225,2954,1387,1628,2527
5322,2187,2161,2420,2491
2048,2561,1573,2757,2323,10328
2272,2235,9296,8531,1371
9063,10096,9364,11579,6843
2968,7163,11515
6371,11190
8491,2262,4215,5049,2586
3712,2698,6863,10872,8895
8522,6603,5260,814,5551,8014
6375,7915,6416,2332,7071
7966,7536,1520,6205,5790
1632,449,2444,103
7746,7819,5596
6425,5726
6314,9124
6344,2570
6887,6511
8145,8226,2692,2349
9987,1867,2225,6485,152,5149
3206,940,847,4655,8282
1793,1572,4428,1490,4440
10120,9777,6230,1787,8926
1976,9435,8238
1228,1807
5064,1586,9235,3320,2138
907,2100,1877,2457,959
267,5072,6390,1436,4479
2765,6306,10308,5173
5484,6127
10317,5487
9096,2497,10906,10278
2211,4589,5710,655,5617,1948
3619,7684,5516,2093,3419
5408,4869,3272,10186,5053
2535,8876,9558,10809,10301
2789,3013,3207,8907,2193,2579,4694
8674,3650,1801,1902,9208
6407,11975,2538,6893,10415
800,4070,4816,2994,2495
9604,3943,7856,2872,8028
4549,8103,1769,438,8093
2560,835,3472,788,1470
2105,9404,1238
981,8823
10360,9221,2596,9637
1635,5781
7690,6327
8920,8440,3180,4253
9491,1057,8259,6364
10851,7932,4259,2606
4928,608,6691,488,5611,1620,5721
339,5243,6350,3727
2393,8633,3990,3654
80,6925,158,464
6920,11129,10787,5469
8378,9923,6324,2642
4642,5386,8749,10591
1378,3490,1256,10286,10325,409
9984,2661,2984,4781,2003,3290
5522,4835
6568,4631
5610,5619
5829,1221,9402,7397
6624,7169,7115,6166
137,8452,716,3885
3770,4150
3109,1094
4593,5932
5258,2709
8704,6599
7356,4311
5990,7438
1118,5174
7988,3205
6577,3838
6776,6738,3124,11636
4417,3282,1619,2743,5020,3101,1886
163,2694,4872,5296,2742,2557
5573,3756,4974,5807,6864,2751
2763,6093,8053,6517,7030
3200,6337,5994,5329,5171
1440,5825,4304,6204,3581
582,2598,8774,6514,7038
7266,6357,7735,6237,5471
9582,4752,4502,6009,1052
1476,6506,6258,6099,6589
8417,1796,5704,2281,62
1291,5900,3886,5940,3613
4523,4172,10828,6492,6556
6433,5547,3410,6968,4831
993,5896,2378,6137,1151
4512,8420,3306,1329,1591
5546,5483,238,1209,2077
6370,2991,5332,6426,7325
5092,8008,4651,5967,5817
8037,2638,1914,7419,95
5920,5795,2874,10779,4830
3872,5666,4840,5103,5141
8547,4363,5010,1562,4890
8512,3011,3366,1457,3762
3065,5140,542
3161,3078
529,5911,3448,5788,4990
5331,5446,4415
3219,4917
5061,645,4743
1811,3460,2405
964,6382,2352,1843,93
5827,2215,2101,5880,8703
2082,1004,493,1777,2197
1370,2301,2286
11004,8815
1772,2383,565,567,510
10112,2159,2358,602,8731
10148,5156,8013,7378,8761
9313,8458,4813,7341,6929
1896,1962,1258,10199,637
2243,8772,524,8816,9918
7296,9231,2131,8984,1629
10954,4626,3093
3024,10858
1816,8782,6198
2312,11109
3238,2575,2931,5272,1663
3300,6181,9293,3889,9535
5126,3086,7957,4186,6558
4998,10731,5132,4758,1820
3462,2601,4369,3316,12665
875,7852,9997,2673,1846
3118,8773,11662,9998
3416,1001,2394,5240
3913,3370,6682,3430
481,1058,4518,8871,8972
2961,2418,3160,2841,7290
3042,2851,9317,5708,2001
1835,1302,10879
1141,3269
8427,4212,758,344,3227
2342,10989,10513,3414,3387
8397,5457,3256,3385,3128
3715,3688,8144,4561,3285,3415,3224
4032,3143,9992,10122,12528,2774,5368
7274,8938,5261,5488,4281,4858
2721,4135,1292,2448,3131
2791,3047,4075,3726,2737
3776,7885,4847,6263,3802
5120,7233,7085,3162,6431
4357,6470,2667,4786,6365
5027,7592,4526,6393,3646
9728,5575,6323,4821,6422
10948,6245,11179,3244,12308
1216,736,6346,7381,4501,3127
5652,2261,3034,2941,9727
2112,5352,5641,4297,2510
3875,1737,3867,4445,4255
2957,8175,4308,5206,5116
4802,4750,5456,3891,1917
11169,10503,8464,1530,7454
3617,8962,10760,9938,9081
4416,6247,1711,2740,5532
3236,2924,8466,12571,3292
5542,4267,1872,3926,4887
1545,2610,3379,11542,3577
9518,10639,3119,2264,3294
3106,3365,2412,2223,2973
11619,3524,11191,11154,3575
11529,11216,11763,11445,3478
7441,5378,6545,8842,3308,394
3008,3591,1254,3327
8872,3538,2055
2153,595,375,9273,2623
8384,2788,1992,2411,2445
10722,3332,8660,220,5117
8641,11723,1100,10093,10045
4618,204,7404,787,819,6455,3388
2981,2534,3408,9842,2902,8696,6809,1439
3457,3233,5453,2447,4656,4016
6951,6673,4595,7571,925
5638,10376,3757,7513,8861
4769,8098,10987,9612,9232
6187,6063,2704,3674,1727
5926,5805,271,4408,9437
7727,6677,3510,11450,8251
6600,3720,6839,3088,951
6008,4282,8109,4679
802,774,6227,666,8924
676,229,4776,725,7126
8295,4114,5749,8154,9055
5478,4042,3850,5170,724
3842,644,9573,9447,8445
3520,11490,9205,12120,10398
11809,6508,10990,10703,3828
10754,8970,11979,10543,10230
1700,6469,4424,3467,6155,5463,860
2720,2499,1061,909,5945
294,4746,3150,4337,5819
5602,10786,8105,3694,4473
966,7179,9945,11931,9915
6617,6799,9331,9241,6782
10826,7602,4441,8315,5821
5095,8843,10544,8784,7546
11111,9492,6423,5752,4827
8385,9060,8933,9200,12273
7784,4233,3764,5306,4381
3608,1372,7525,126
5870,6351,3504,2518,3837
2829,4429,4109,1459,1300
3486,5608,2060,731,7230
1890,7112,7724,8917,6138
4004,1422,465,979,826
3656,2123,1716,4950,2202
10597,2730,621,7088,2837,3865
2306,1997,7828,2492,7167
2450,2324,6453,10939,2460
4976,2582,1974,540,2334
2407,6439,10921,8052,2741
6497,2566,1929,2097,12211
4007,11722,7755,6930,10932
4026,539,3884,4935
3792,760,7719
3873,5416,3382,2390,4602
128,196,3556,3181,9109
5664,2148,679,5877,4760
1954,5178,1934,3280,7034
387,7013,5545,463,3678
7076,7981,5424,6842,3709
6467,1733,7084,6200,8220
3012,7911,7789,501,4857
8163,8806,7468,8463,5822
4065,8454,5616,5649,5939
3905,11108,5514,2059,6996
9170,9703,9527
10072,7933,11575
10402,4610,7107,4141
8828,11603,12028,7989
7427,4098,9011,1197
9368,4723,9557,10455
9131,4934
8608,12638
416,15,12561,1906,4280,8221
2091,684,7069,1204,8986,2685,10206
7162,235,3962
11100,2990
10505,942,11631,5464,4345
4945,9041,884,11767,249
4389,12105,9787,4730,4667
2657,419,2505,6745,7641,6236
5831,4850,6962,9598,1567
5632,5318,6473,6988,12017
8486,5127,5398,10522,4413
88,2903
3827,3854
6244,5212,2942,424
4734,35,4557,318
7338,4563,4868,4396
4121,2443,7276,2222
8676,4612,555,5685,2615
8733,991,4117,7127
10993,8307
12163,11556
5929,11174
11609,7925
11346,5963,9356,9541
11442,9926,8038,9095
2336,2689,9417,1069,1273,1821,447
2409,522,8940,1975,1501
1644,2065,8339,6420,374
7814,2029,591,1107,1215
8616,1808,1428,4630,2652
8480,6129,8337
8267,1541
841,4653
6465,6471
2408,155,7094
3266,2508,7118
6297,7066
707,7657,4749,9650,3061
4169,6379,1324,2620,3998
4906,6770,1334
99,3655
2310,4756,6107,4092,5695
6840,2364,6486
5224,4180
5228,3376,8338,9367,2651
3747,7971,2933,7801,6749
2946,5447,5048,8250,5692
5250,7077,2502,6345,3806
4454,759,6967,4666,6302
3671,3983,983,8893,7615
6309,4062,4278,1497,3710
7470,2041,6779,6077,3391
3778,3590,8748,5080,7739
4450,3737,3386,2204,6366
610,4294,8040,5481,4188
7275,5709,4824,2163,6936
160,5034,9999,6928,3345,3028,1908,3259
5145,5423,4599
6442,4539
9154,7490,6003,314,478
6342,4199,5799,1298,1819
7712,5735,1326,5620,5501
4910,6094,1684,3547,3839
8320,1575,1032,883,1656
5314,4972,460,3662,6332
4458,1868,44,5789,4191
5248,6648,3887,3000,7327
938,5196
4726,5894
7254,7519
7697,7346,115,8113,7709
8000,3016,5902,3696,7223
867,2213,2885,2439,798
7328,5249,4947,7315,52
4744,7218,11893
6434,1158
9472,9828,747,9004,1780
12081,6405,7124,5005
5024,9699,172,6861,4239,8980
8208,8788,3029,7508,5499,7262,6943
10684,4933,9975
6120,7908,5102
3234,6395,6133,3894
2331,3700,3863
1508,3015,3307,3475,919
9827,2282,3418,2042,2558
1909,1493,2680,2175,1791
3492,2311,3217,1657,1438
1827,1071,9912,10077,3166
10339,1773,2157,534,2140
2752,3201,1603,2007,3321
2787,2513,1467,3324,2749
3241,2033,10034,2674,2873
840,2156,2165,791,9465
2464,577,772,548,862
3592,1521,2619,10237,9887
12492,468,5109,8885,279
1441,6588,9021,5191
1263,370,1044,7862,9689,1563,734
5297,7445,7917,6823
10994,1174,8298
451,7492,457,8591,2927,1212
1353,269,5422,5582,2679
5637,1893,9196,5201,5555
2305,7344,8304,10236,8447
3441,12795,5046,1839
9800,2137,2786,2036
4288,4178,14,2023
8777,4809,4859,4325
5701,4639
7467,8198
2660,10056,3853,1616,2969
6616,8212
5974,5918
1160,1554,1677,8648
4578,2348,8878,4689,210,4274
2113,4456,4622,1461,894
7469,5550,7183,10486,8094
1797,9628,9461
6059,4229
3652,1678,2423,1624,2971,3420
2563,9766,7945,2826,2030
9422,6071,8024,7001,156
619,6156,10638,209,8664
7044,1416,5268,437,3129,1435
7974,1102,8698,186,1405
480,6411,8300,1308,1278
6209,1409,8231,47,16
10608,2241,6310
6266,10803
7133,2430
1613,989
8890,8442,6835
10704,3600,4780,1471
8548,6917,8294
11554,7907,8170,11244,5935
8256,2501,2471,6999,3287
4306,506,11263
9600,6540,8525
1468,3940,2205
10856,8169
11003,3669,7478
7898,7326
3648,12231,1512,4916,7132
