32,3591,970,618,6000,4213
5508,741,3947,819,5020
9703,3018,4561,6869,87
787,4125,3935
1642,6390
2,3562,5710,763,4446
3969,4100,3847,2615,4506
37,2981,884,4089,7707
2340,6310,7508
1248,7127
3652,5046,8215,3288,1337
9730,4258,6802,5272,411
3490,4067,2251,1076,3031
4204,3577,3853,1238,2105
2689,1732,553,8014,3120
10641,202,1635
10396,1780
5920,6469,424,2509,2685
623,4081,8980,60,2719
771,1701,107,4754,8627
290,1837,6031,1492,506
3626,2188,3503,4566,3453
7748,7690,4239,600,1563
2757,5450,6923,2225,4434
7904,808,5240,3133,1022
4600,1320,3771
608,435
4290,6004,3765,7641,7642
1221,3863,5241,3419,2846
1472,6395,2205
3940,924
1090,4689,3349,6424,5179
9056,4481,1130,4716,951
739,2096,912,6362,1435
937,2861,6670
4485,3894
8169,7274,2927,4432,3185
2279,2088,457,8335,4058
6928,1005,46
2304,1620
1632,2331,5061
6864,3884
1443,3305,6346,2001,7129
1227,3183,7511,4632,6682
482,5124,1353,3759,443
10056,938,4228
9088,1012
4645,6316,877,3259,123
2336,613,3430,2768,5016
994,2244,2505,4745,4223
1955,4653,10390,8471,6937
2408,5353,1682,7413,2394
5670,1960,2390,2808,9305
4864,6187,2704
2017,7554
8992,231,4555,8941,10286
3238,3441,2323,5149,1663
352,1257,7538,2164,9689
9715,6133,4501,2326,3127
155,5656,1466,4923,7261
6465,6210,5284,1253,4080
3975,6155,3467,5359,8287
320,7585,6183,174,6006
2724,7784,29,4349,3517
7458,4935,6600,1549,2261
5480,7118,2679,2392,2874
682,3756,2325,537,1754
5728,200,8301,3699,509
1804,5723,1055,1469,2079
8170,267,2644,7195,5916
4139,3052,2641,2809,3967
8907,1104,3865,8441,314
6566,5034,534,1562,2811
3586,1836,6733,8407,2971
2799,655,4433,1425,10779
7873,2216,2218,5840,4439
842,6477,814,1360,4118
2241,2629,3277,4117,2423
5541,1573,5254,775,8940
2498,1986,6151,7209,2955
5251,2551,11080,1527,7039
3914,143,5652,2903,2395
4385,4578,6627,8938,1973
4696,115,6526
5196,4726
8228,1096,7757,2901,4381
8355,2356,4795,3899,3325
3994,5774,103
1400,1503
2154,5037,848,3088,3196
1720,733,4319
3025,4486
6899,2677,719
7474,2429
1624,2931,3523
1678,5215
3497,3530,2515,4661,4918
419,2086,4743,1479,991
2083,4776,3625,1331,6327
7394,7593,3370,3731,9498
4995,454,2508,3757,1014
6088,2441,9996,4656,4895
2240,1508,1256,3150,3669
4036,5028,3173,3661,1295
8291,2376,5807,1999,11542
4974,1039,2837,2044,6942
1762,4393,8053,4286,4510
1759,3515,3807
6280,7056
2720,3818,4816,1589,2646
4451,5962,10283,3053,2838
8383,2830,5126
2657,4306
738,4706,4195,4102,6768
1865,8848,2449,2100,703
4751,5527,3674,4766,1727
3170,52,1303,5115,573
6438,5416,2637,4143,760
6178,6223,2777,669,5183
1380,260,940,3159,1821
5795,1862,2099,1372,4607
8838,6666,459,8495,1883
73,1388,4686,6074,5758
5831,908,6613,7253,1367
449,4565,1436,4253,3647
8356,4711,7019,3475,539
3329,452,1478,7917,6479
3401,458,621,5488,2199
1216,4043,1196,6289,4153
2690,2756,2697,1354,4682
5568,2369,3200,982,1848
5889,7204,3116,3792,7798
3234,4879,3538,8884,4405
6163,5268,8504,1273,4893
4322,3715,5804,6190,2590
4681,1450,4378,6268,3071
676,6696,8972,781,3668
6723,7088,5619,5108,8730
1616,1747,1461,6236,3999
2753,1313,164,3460,6219
6849,1289,3094,5083,4029
736,1737,6635,3151,10639
168,2572,2960,4151,4605
4496,1946,6509
5168,1447
1985,10597,718,10831,5111
3015,4424,7478,598,4056
3079,4585,8236,1553,346
4514,6727,747,2129,532
9226,5770,1235,1718,1786
9001,7338,8977,8147,1535
4992,7640,2521,2940,2046
4103,4528,4855,2969,3006
10308,9896,5096,5008,2902
3171,3950,6607,2451,8696
4365,4499,7126,1660,2751
3777,8392,4683,3608,2431
489,1004,3028,7355,638
2467,2186,1674,3601,5403
5635,2276,2964,8309,7548
8448,2660,1679,6419,5596
8801,4,909,624,218
800,5088,1956,3472,2495
2793,1044,4663,4026,3932
1058,9987,1835,847,4409
9508,5420,5874,1272,3487
7523,5371,6128,342,3387
7746,3042,1839,6808,1113
2916,7431,4619,4144,4317
4001,746,367,3218,4474
9766,3527,3209,6713,9850
1061,2791,3572,2558,11135
7790,5103,9688,6878,1567
9293,2030,271,570,156
2211,1229,7984,3290,6174
2054,903,3568,919,7449
4224,2439,6382,190,7743
8226,8028,7280,9276,10430
5993,560,3033,7835,1468
648,242,4274,2905,4797
6093,7763,4851,4379,1406
6473,2093,1841,4404,4279
1992,5101,3027,7223,7167
2049,1193,2610,7864,2623
1984,2537,3663,3611,2014
678,5132,4564,8793,378
8424,7379,4380,6364,5854
2430,394,4362,2363,7262
9984,8135,5290,7950,1626
10856,4875,3509,7675,1277
963,2245,6126,4435,2841
8872,7115,6540,2967,7007
1281,4963,1067,4781,4013
2113,3233,7217,7634,8698
8300,5555,3963,1438,1791
4324,6344,5454,529,4210
9124,1224,3786,6858,8117
5606,4981,2232,8569,927
3043,6531,6058,7596,6167
4785,6647,1594,7676,5053
5550,3982,2224,5522,6620
11279,338,8275,9171,93
5664,3269,3016,812,2875
4640,3273,4212,8282,1247
3783,5711,5684,5914,606
3622,9777,6611,3061,7615
4869,3719,3919,4594,22
8064,4128,4847,594,1853
8452,3559,8113,7218,3098
2409,5045,8790,4602,2141
5059,5655,25,7197,5855
2561,3330,2601,5072,158
2405,1640,1736,2775,2458
1378,9158,5484,3734,4060
4780,7151,4145,9780,1433
3264,7169,7397,679,3856
2209,5125,4554,4695,1948
9828,6603,172,6132,10815
8128,6127,2137,125,2271
1793,8018,10226,2260,4728
1539,7306,2447,3829,1439
2888,1769,6286,2864,1240
2912,5453,111,4665,1945
580,8734,332,7030,6430
4654,3635,7412,959,3135
6113,3937,4147,5945,9598
6337,5805,6063,6991,6745
2193,556,8637
5690,6893
2082,3110,5000,1871,7071
4320,10446,2994,6069,6331
2272,4112,8987,2492,3229
7181,14,5141,3991,1756
8256,5935,4367,9106,5499
3369,8939,3377,1714,4535
1543,9447,7627,6839,3262
2534,2632,4343,6521,6011
4325,2730,3574,3575,7484
3548,4749,11038
4859,2678
6656,749,8367,1116,3741
3720,6606,4114,7571,988
5669,2250,4084,7286,3933
3745,1867,1550,1371,3678
3685,1972,3350,1244,2941
3106,614,4529,9527,8061
3140,2853,8719,2005,3607
4449,4261,4808,789,3451
3872,9960,7245,3154,894
6308,9364,2015,5147,5599
6736,92,7288
2292,1557
170,1066,5518,1173,5721
4321,7813,2091,684,3248
8195,6506,4537,3581,3582
3943,7213,2446,2583,8312
2499,8268,7251,1909,3606
6626,1292,1551,4527,2418
2032,2003,10325,7481,1340
5127,6993,5173,5180,8830
4553,7155,2197,4440,1211
5829,1900,5295,3891,6969
1605,3813,7849,2737,6523
9600,9264,916
3826,3437
1028,6148,8402,4627,6493
4769,9303,1623
3457,8593
3751,3763,6677,8982,2359
1254,6374,7113,6514,1588
2848,4897,8482,7785,3224
8902,882,1269,2457,6683
6080,2051,9641,10070,10077
11172,8551,786,7956,2460
5985,5090,453,6572,447
8039,2701,437,759,2300
9388,3980,5456,3861,2175
2659,4012,4016,2676,58
3265,4613,8524,4495,4823
3202,6020,4049,8595,3997
5408,836,5516,6225,4796
1376,3633,7215
2577,6909
7139,1284,656,3799,383
1536,5316,9997,9204,5561
5473,3619,5926,4305,8251
235,5010,3573,4569,6044
4832,5633,9259,3737,8827
3657,2765,6962,1175,5881
10880,5188,3013,4313,1822
516,841,306,5012,5566
1965,1362,4020,1053,6431
1488,7862,4601,3228,415
4288,2589,8525,2621,5311
1987,8774,3656,2474,6204
5865,3180,8653,3695,349
3648,3174,1165,4531,8094
4032,5574,7367,875,2412
11216,3632,11191,1690,10939
1430,3038,8687
3316,31
8548,1471,3722,4915,3103
5986,5221,2951,3440,7351
645,2298,1554,5306,796
3971,4419,1618,8660,2585
9472,1576,945,4850,5919
584,2190,3412,8920,6590
4068,7176,1673,1998,213
48,9841,1645
4668,1598
2914,5352,4169,3690,4445
329,4075,3631,2835,7965
6213,428,4276,4281,4638
3557,8357,6026,1941,3835
2149,9577,2900,9624,9695
3525,6887,3214,10003,10612
4931,7974,1657,469,3129
3942,9547,10636,6543,6160
4976,1523,9468,2334,4383
3331,7109,1417,4465,9566
563,4787,5943,7001,6687
612,1369,1275,3134,543
7080,976,4209,7250,185
8557,2008,6105,1114,4829
7459,4038,2987,2702,6488
1474,8364,3220,886,6330
10566,4391,6984,2580,2173
6948,8255,8439
2236,430
1121,962,8771,387,8634
8672,1329,6483,6421,6716
5603,7684,3945,7796,6679
2189,7409,1395,9717,149
258,3138,5262,9166,2575
3360,6693,4459,1451,3609
11650,6791,9932,4332,559
5944,5602,119
308,6709
6066,7414,4206
4178,8179
512,3411,948,6867,798
1817,2221,3790
555,4982
5793,2824,6734,7630,830
3398,7942,3208,5003,10780
8492,11763,7061,8089,10879
417,2127,3730,1778,3452
5571,6659,7301,1431,795
6136,18,5140
2990,542
8258,7491,6025,4558,1167
3082,2386,486
11059,6139
4131,1668,229,4712,478
5138,6828,11766
2524,10975
1441,1194,4492,6201,7963
2628,3913,4874,3700,5277
7584,7654,3112,5363,248
1485,6673,4595,5973,5915
1669,1062,363,12204,5274
5760,10786,6978,8777,1996
4134,3086,3889,9723,9535
7298,6024,361,5432,5023
11168,6306,8427,6412,7934
5953,1572,9484,7094,5526
8325,7142,8684,220,5117
6305,582,1927,5068,6009
2881,7073,2658,1964,8314
4192,1008,6838,476,5853
7856,5245,438
835,9604
5769,2226,94
3628,5271
7233,6437,9221,5326,2012
4903,1811,6389,5078,1947
5058,3109,3726,3321,3802
4034,3845,879,5235,9438
7906,11398,6150,75,403
4813,6095,2066,9202,9754
546,8867,7145,1873,1978
1792,1377,4966,7535,766
4549,1639,2603,3820,5746
7490,7337,1932,2736,1843
7780,10250,3732,3543,5628
4160,11011,6918,8585,1929
4079,5139,10680,5435,11931
711,2893,720,7059,2872
6278,326,4330,8592,10906
8612,325,6939,3550,5375
7783,2858,3004,3576,7388
992,5987,5073,11129,604
2338,1051,1582,6998,10107
7362,9193,4176,5653,6300
643,1902,7377,5753,4252
6279,1806,11025,9078,4828
6568,1392,2963,2324,151
7010,6480,7892,1592,955
4588,8269,1103,9109,3479
9187,10349,8048,6231,7455
9090,5464,8429,7128,4345
1859,2062,5685,7991,8606
7178,12,8812,2738,6357
7045,396,5297,1242,188
6405,7401,2925,7473,753
11265,6595,6182,9425,8689
973,2896,5041,2544,7729
3683,292,1774,7344,8085
451,8013,2126,6711,5884
1957,5449,5170,5785,700
1440,5825,2763,3164,380
2401,1318,2510,981,4123
8952,4930,2357
121,1559
3808,9811,7732,6780,4063
8870,4136,9104,9297,5460
8295,6891,2671,3416,5178
4480,616,6795,5172,7069
3840,2817,5321,2282,1109
7008,7146,811,5171,3317
7172,5390,3186,4187,5310
3203,837,1895,8458,6482
2625,8580,5032,10221,2545
5733,3694,782,6929,2330
4397,7570,3059,695,3069
1057,1796,1052,1073,1916
3621,8296,5261,7383,2138
9682,8468,941
10161,4546
7299,5833,8937,7726,1880
7712,9044,3318,1656,3806
2274,7525,8073,7125,5019
8880,4675,4191
9395,6021
1830,11466,7884,4667,4863
2771,4948,5637
1092,228
2882,1538,6375,4233,2972
2979,4426,3985,5909,4408
7369,10605,6707,1365,8758
7652,9236,8350
7100,9406
6949,5478,10765,1520,5979
8712,3383,4647
3748,2613
2832,2166,8055,3128,4889
2540,1356,4208,7954,5754
4300,2672,5396,5789,5087
8326,6097,9397,1206,11037
3718,6951,9612,1581,3160
1250,3588,7887,10168,6360
7297,3875,6630,7144,374
3168,9258,6453
6258,4061
5615,8691,8885,4086,6809
5418,942,2353,4947,7162
1026,4533,2102,3832,4414
9504,6692,4809,2907,2110
1191,1545,2069,8025,8799
7986,6301,5638
9800,2385
5443,2435,5457,6228,7224
2592,259,5318,5400,9787
964,644,4679,2215,7384
7489,7566,2929,8979,3545
896,9154,1032,883,3036
3904,870,263,2040,5950
1889,4720,1974,3067,6492
9458,5236,5716,8918,11676
10151,9835,10254,2195,1750
7496,399,9714,6578,8184
4256,8648,8818,8212,1565
10620,9742,11004
806,8783
9282,4292,4519,6062,339
5859,2564,7017,5039,6872
5529,5099,9308
4547,8454
5157,5511,9866,3050,4047
322,713,1199,5490,661
6756,5925,7211,9111,9690
2242,7042,7179,2802,9949
8868,12044,7341,6766,113
6852,3332,312,2361,1980
6823,1263,370,7445,7674
10381,4852,7771,5213,3870
804,7877,2758,3879,3177
10409,7817,7620
6091,5662
4392,1610,5645,4621,80
9348,5738,5998,377,985
2530,7363,7750,6920,1322
8098,9732,9385,5750,6582
2184,2194,1650,8564,2140
8259,2411,4109,8154,3711
1634,2374,6861,78,2002
4673,4806,10314,7629,11187
1408,4770,5228,3478,3099
4530,2998,2488,5437,7870
6019,3142,5094,5995,3415
7110,9978,6491,8828,5693
2563,1060,1189,6385,1016
3458,1807,2643,3901,2207
3469,3920,4309,7031,3962
3681,8161,5512,5866,6317
3849,4655,7475,9049,602
6530,9317,4881,3794,8029
12128,11299,7171,5815,2782
7588,2596,4237,8464,11419
3658,5163,1457,4242,11892
8384,4778,4718
1513,6466
8298,4303,6833,11828,734
5329,7693,6742
8082,4517
1703,9296,6422,6845,2975
2594,3011,3952,7859,2302
2884,1516,5614,7183,1877
1505,7089,5494,9946,10522
9184,7969,4945,9849,5052
160,967,7378,5557,27
8363,3260,7423
1691,9239
1153,9252,1547,5368,5946
10533,6860,5005,7124,4536
6690,6615,1001,9299,4503
5543,2448,2036,2741,4062
3424,3618,1672,7090,7485
6336,11113,6905,7513,8764
206,1169,1335,10394,6654
6789,8294,9608,2665,2090
3336,2158,5238,983,287
5446,1511,3696,4978,2206
6144,11774,8552,2554,1342
7710,8103,9036,6970,6494
5280,8645,8839,920,3484
1282,1006,7607,8024,5308
5704,2281,2223,9491,4831
8899,3249,1561,1914,7614
4618,5195,9482,9047,3388
7682,2148,10,434,2714
7945,6988,7727,8400,3032
5439,4877,6350,1687,5055
2121,5002,10989,10481,8820
3335,2028,1232,2845,4798
2843,468,4902
9945,2075
9380,5775,8887,7386,7678
2945,8459,9678,1648,10321
5476,902,7405,1309,2655
33,9413,4494,9554,10775
5581,3600,8120,2425,7037
1202,4946,1429,6103,2201
11284,2870,12471,8376,9564
3433,10902,4327
9921,1637
10855,173,9230,2511,855
7170,11404,7093,7323,1820
996,6321,850,2097,4862
3938,8418,10352,1622,4479
7742,6826,5879,3065,2718
4389,9381,7915,10926,4783
6497,2219,8332,2639,1653
7745,9998,7669,3221,4725
3910,2539,2295,2904,1501
5761,8138,4042,7597,6609
7392,5730,8562,2297,5500
2120,3339,2863,1617,7226
802,2789,6439,10568,4473
3848,4457,43,9964,8855
1921,7758,887,4346,1245
1896,2924,9489,1270,9471
4715,4779,11212,5486,2485
11200,898,3602,11644,2974
3427,11528,7279,7794,1532
2566,10087,7381,9402,6140
1665,4998,9033,6256,7828
2436,856,249,3739,8925
7683,6030,9433,3610,7807
9793,4045,722,6260,12151
1401,9435,1507
7013,7534
6242,132,6633,2922,7230
162,7138,8227,5798,829
6433,5794,8417,3553,4398
3328,1600,9673,7957,8767
1531,1692,11117
680,3009
3465,6449,4221,2230,5181
4003,3077,2185,4848,436
3143,3162,3294,1374,3295
432,6292,4941
9801,4353
9669,1033,12108,10125,957
8177,4611,10909
4382,10735
5673,11146,9453,182,9567
6881,1990,7819,4526,10235
5447,5939,4666,2938,3838
1319,843,3926,6552,7004
6786,3534,2265,3102,9503
7107,3090,10072,11477,8792
2496,6085,11019,498,1787
3266,6235,5004
5244,8926
9417,1705,5423,4986,1118
9123,2347,7276,658,2235
5964,7439,2774,5278,4095
1219,3624,10100,7897,1658
289,6702,947,2296,794
8257,4708,7147,3280,2007
2178,9155,11622,6036,10717
7436,1741,1107,1017,637
76,7212,15,885,8664
8096,7694,7536,7448,4573
7553,2662,3789,9807,751
2020,524,1366,3798,5501
2788,5608,2153,465,4411
3841,5026,6474,1299,1876
5381,3495,10603,11756,1789
11984,5129,3108
5225,9844
3907,6119,1544,8878,3764
761,4141,7665
10323,5989
4900,872,2473,1686,8319
6602,1040,9874,6451,9791
6592,2946,9603,2052,3984
2305,3651,2407,4617,1995
5413,9097,4818,724,9407
2464,3843,905,277,1749
2849,4395,8272,3346,5813
261,6862,2320,1713,1305
10539,5106,3896,6108,10493
7938,7754,4115,8565,3738
2688,10944,9512,7880,10811
7714,968,3256,6811,2559
7565,4078,6143,4475,6783
6309,1064,7340,1487,5692
839,1676,10518,6775,10006
9986,8998,9583,633,7421
1095,6189,2769,8662,8445
8033,6100,10359,9496,6843
6721,3650,2445,4822,8856
6195,4867,3565
6956,1071
10567,5578,1046,11547,9150
3145,4970,8341,1404,10015
1570,7043,5391,3670,1177
2852,1445,3078,1142,3448
5376,4993,6275,10956,2836
70,7132,3084,2684,7999
6605,5969,11224,11197,4990
7558,935,9321,8951,10487
5323,8559,341,4789,4184
5644,5358,1937,11064,6815
7782,7284,54,5563,9725
6401,1863,3915,6448,2878
8481,4616,1707,3566,7091
1155,7980,8621,4532,6583
9125,3973,12010,2318,10905
12225,518,7530,3091,9436
4291,6403,2734,4888,767
4259,8358,4556,3476,631
1953,11625,8528,7893,8570
6470,5007,2200,667,5022
9377,3842,6821,9480,9393
4579,7240,7628,6065,3323
8289,2598,561,8279,2077
4255,7461,5582,3897,671
6152,12306,2996,9205,11192
9644,5100,562,4341,1209
5091,6830,10419,10334,3039
5347,11376,9781,536,3742
1699,134,8488,3240,4788
10373,5959,1198,915,2489
3169,12780,3636,8276,10364
4646,9710,11827,9241,7486
2754,7117,9457,8598,4406
6799,627,2006,8409,5119
4774,9545,5492,8118,10329
8198,1135,7800,6617,10174
8201,402,9651,6933,9943
10306,8003,2661,409,7869
11818,5426,7509,8247,12508
961,5477,1065,4111,4031
427,4364,5997,1710,141
3193,5899,5519
10113,575
4581,6917,9063,11515,10398
4901,7781,8144,10165,11382
5281,1512,2869,1722,2299
6571,8685,5958
5044,2542
3392,3302,11631,3057,7199
2416,946,11027,10453,1983
1696,3556,2023,7886,4952
9448,6475,9530,7517,1183
1029,3814,5863,10770,1812
4262,5384,3728,4693,9279
9249,6538,11671,7096,9309
8714,1970,1587,4949,8123
3725,4814,890,2556,3390
4162,3396,9802,5788,4415
8266,10053,5742
5024,9031
10787,9923,2630,8486,1128
6114,8773,10503,12400,5661
1088,769,3010,3587,6087
4132,8437,7575,5304,5113
4768,6825,1171,2709,3830
7716,9197,2647,3481,11387
9824,3510,1079,11450,9437
9858,6028,5293,8493,5079
11907,7526,520,9897,6685
10502,5483,9582,3410,6137
2469,3473,6359,4729,5434
5377,6057,6827,10987,1405
1731,6445,788,5814,8509
1422,6416,7057,1297,6206
2402,4623,7537,11867,11580
1188,4167,1009,6325,2839
9473,3494,1262,2168,10270
2976,2380,7373,401,10653
3486,2123,6989,2202,5790
4490,2061,9556,9916,6653
10338,6851,241,5911,3423
9412,2372,11665,8853,8380
4513,5891,11526,7791,5234
9666,5123,10731,6352,6558
8389,8390,1287,8016,8604
11169,7404,10068,6588,6173
8737,3714,10315,11439,3954
1608,9002,1879,666,9181
8547,7366,11338,7663,6040
8701,8121,1882,6397,4509
6371,6761,10704,9649,7163
2913,2114,1993,5871,7770
3886,5967,8560,2453,1721
128,1286,7225,4670,5151
227,9636,491,7407,10814
2124,7895,8923,5598,895
5282,12333,1522,244,10078
5700,10279,10318,3355,11069
10504,7428,11581
9729,9142
2243,5703,5419,2713,953
7808,11970,11459,5867,10322
11942,6675,5907,3165,4094
5458,11579,7574
1265,4218
5632,9922,2227,3252,3837
8420,68,3599,9370,4989
5285,6731,6892,7724,1300
6793,5430,3126,3645,6495
5017,4186,8191
6324,8518
8549,6886,3226,3482,9274
9773,1140,9685,4760,3871
10498,708,324,8404,4057
8962,11619,10760,9518,3964
5348,11116,10734,9038,10579
672,8313,975
6639,4639
1381,10863,2289,5211,2687
4231,4010,8748,3314,10202
966,4135,7928,1498,2171
7940,2889,9390,7604,5849
356,11626,1524,6262,701
6400,6369,273,3706,9660
7936,2823,8522,2004,12414
2309,7721,10059,8845,10809
5474,4227,2570,3921,861
2857,493,8911,3005,1215
12064,3300,9700,10000,10994
9611,2543,2579,5651,3199
3554,2548,3477,1758,9055
7270,1035,4524,8786,5523
10658,11340,10290,11927,10813
10816,9313,7658,4400,5887
8224,10018,8132,8219,7135
4387,11781,4871,3981,5565
8993,4911,440,9756,1151
8775,8009,4876,8204,9176
5575,10697,7085,5498,9053
3912,265,4914,7733,5787
1936,1875,9461,5109,4634
7832,10001,5811,11733,6296
6434,6642,823,11100,10335
9890,7048,11722,7755,6930
8736,109,3023,688,852
5556,653,10391
7403,12084
6272,1409,8231,7670,4159
11278,7026,7027,2132,11031
6946,3749,1846
8034,7973
9640,6322,9396,10645,1399
8900,11468,3701,10749,6879
3968,3555,7304,4944,986
1225,4108,3379,4631,6719
1476,9446,9510,2991,1651
710,2068,569,2267,7294
2497,10278,7238,9096,10317
2958,6159,2321,4664,3934
1858,4988,198
9840,4709
9924,3080,8047,7730,4437
11171,7467,9132,11893,9373
7718,5870,6351,210,12115
1473,6181,8778,334,4541
8804,4650,714,4589,881
6637,8661,9463,5851,926
8545,10193,4542
97,6147
5035,5199,8623,1752,9082
9057,2786,3179,147,8317
3201,548,8328,4714,5970
6661,5286,5756,3614,1311
743,4811,10768,2269,285
1390,240,2258,7222,4154
9894,6059,5165,9912,10458
6307,3181,1934,3672,2527
4196,1933,1361,4091,3646
8932,1704,16,2674,4827
9870,6257,3483,8539,1534
10417,330,9683
7370,7447
1872,4691,4756,11319,5048
8387,5001,2796,11856,7161
2472,10280,8265,6681,1951
145,12814,7207
11458,6973
4225,6694,12076,5076,6812
71,2921,9228,8397,10220
7177,3306,101
7504,634
8230,2343,3438,4463,630
3686,5897,5202,6099,9273
35,3881,2157,252,8572
9421,1200,6997,4853,6907
12483,12745,8974,8753,9941
2728,5266,7698,8759,247
2766,7951,5744,9366,5469
7328,10851,3364,5392,4671
7307,5778,1267,7450,571
933,2035,6932,8694,1207
2024,10345,6476,10511,2715
5595,9501,3638
5708,1525
4007,2606,1967,5689,11802
4593,673,6013
6889,3887
9905,11164,9118
12160,6398
4201,10223,2710,7996,7357
11746,9028,6664,42,3117
5122,6468,4018,1083,2781
6250,3571,5818,8315,5821
10848,8896,3986,8083,8603
1187,525,84,6874,3836
3367,10416,6803,381,9470
11176,11849,11118,2608,10260
5513,9114,9278
2388,8180
869,5797,2618,5462,7866
10336,9891,41,11154,4339
1861,8583,2983,6313,7315
7333,7399,11695,3408,9147
10883,9102,6575,4856,9854
1537,4868,6376,7292,2238
8625,7793,6354,7121,3156
11552,8393,4235,2735,5905
6884,3793,2642,11575,9499
9422,9424,1845,5845,6071
8864,1667,2798,5584,10513
1120,2187,2740,9627,7227
5991,2057,11307,9915,6076
8641,8456,10643,8216,254
8134,4298,9652,6747,6972
8352,8321,8193,3502,3375
901,8746,7602,9234,691
196,2890,817,1370,10236
6176,10096,9358
484,9654
7360,4576,5314,5136,1917
3680,6921,3979,9334,6203
2918,12457,6546,9592,2681
12007,6156,9903,11408,11964
4105,5394,1528,635,2844
4098,2503,11503,5269,8601
9225,7823,5975,347,3965
1856,3342,7631,6511,2959
8102,7691,3372,1782,3222
10673,9681,6417,2582,11034
4267,3983,3955,5335,3167
1185,1666,8106,6762,7947
6378,3595,1011,3767,954
1423,6963,1971,10970,6782
2019,5687,3929,7515,2942
4066,5667,4407
5812,7
2278,3753,5357,6576,11921
8740,8004,4999,8589,3445
6555,1773,2934
5531,4335
1958,784,1685,2391,6648
9796,2478,11095,12343,1564
7878,3247,7958,2041,9146
4065,4004,10116,11205,9819
7907,5961,2475,6807,8766
1210,925,6911
4064,10941
2627,1580,6446,7549,4158
1298,44,6094
1091,99
5510,3341,977,4597,1816
8044,7021,8142,8849,4733
281,4170,1068,5398,5209
0,4584,461,2895,1172
1280,1464,3148,3640,3966
4420,5324,8245,9304,1213
3310,7065,8666,6396,990
6945,6282,483
5276,2311
2312,3977,8329,5291,6508
8416,8225,3236,3953,6516
9089,8861,6196,10140,10205
6501,12649,4076,9260,8975
9539,5351,3063,1784,10204
8961,4452,3704,4794,4763
3274,6413,10642,11540,5782
10244,9064,1352,2059,7452
2182,9544,4275,4216,1689
4737,9992,10122,3118,11662
4740,7275,405,3641,6110
9098,8463,2322,3155,2879
7009,9635,10256,4155,2747
9409,10311,10792,8679,12600
2259,6164,5433,4442,1403
2692,5649,3924,9525,10393
5322,6539,246,6550,6490
5665,9122,6253,8718,1852
9248,2034,3769,5246,10207
11040,9639,1800,1129,5355
6784,2337,7542,5275,10461
1204,12310,10903,8986,827
10093,9262,979,4950,7966
8843,8784,8921,4441,7546
11840,2434,11184,4249,1246
4833,4637,1757,2546,11357
9607,8654,9182,11222,1630
11298,359,8650,7830,10331
1954,1574,2611,5749,5594
611,11144,10990,6548,10557
10801,12362,10389
8361,11045
7051,1260,4942,9300,572
4544,2638,4050,6556,6589
8898,11723,11244,10252,10045
2797,464,2491,5405,1950
232,4598,4698,4571,3551
1446,4278,5880,1339,2622
110,2607,9618,3675,9947
4742,1775,4692,6461,9341
4973,5105,7095,3320,11448
6248,5069,5190
5800,6591
6898,851,2932
7603,11700
6186,8093,1470
2560,1825
4610,12028,10103
9455,1351
12288,7081,12493,5397,12667
9826,8431,7347,5717,3898
2500,4070,647,6668,2550
4263,1662,7599,11793,3422
10459,8966,9383
5388,639
2021,11465,10158,6512,1048
4130,9316,1925,4873,2493
8421,1126,6312,11210,3436
12320,10916,4200,8489,12211
12177,2045,6614
9876,4205
9419,7948,6990,2772,2172
9428,8851,12620
4608,11639
6883,9004,12081,8343,5912
11461,6121,1869,10742,10173
11232,8678,9747,10294,4023
11778,10231,10388,8567,9918
6380,1020,4722,9596,7422
3649,10758,11464,939,3125
12480,3400,4586,8399,1530
8576,6532,269,6393,4348
2599,558,10671,9973,9050
12363,785,11761,1491,5465
7078,12399,1681,540,2815
3008,1797,4456,9331,9630
6083,7637,10583,10649,6237
7812,1612,5647,10008,2750
9795,10505,1515,6772,2072
7364,12103,2800,5270,6109
1680,5657,7228
3362,622
2673,1730,8221
4896,5796
7559,7216,11347,6012,8159
10529,2984,9420,7503,7258
642,362,4880,5239,7289
10017,6536,11049,3643,6459
1509,625,628,10232,3417
4289,1328,4280,4350,191
7332,8496,8563,8115,12149
10896,651,10709
3096,11787
10699,10550,1847,10616,2233
2567,10217,7053,7700,6650
12517,11173,11335,9404,9021
3936,7105,455,7082,7087
256,3564,9595,6392,12059
8037,5547,690,8500,10263
9219,10577,10578,10137,5051
10625,1832,10440,3029,11288
12650,11788,4625,10548,3189
1186,12611,1163,5846,9751
2350,7313,5174,8697,12125
11529,6667,9073,11445,12543
6632,12045,7130,8763,3358
12579,11108,5616,6580,8917
2089,13,1590,2906,2011
8035,7655,11406,3507,12055
1312,10227,3797,11065,3615
6792,1744,7865,5972,10073
834,4866,3944,1137,4694
1480,10510,6320,7382,6619
1761,5732,8682,302,1050
135,1296,7505,7410,2268
7876,5161,9712,10101,408
5252,9070,8398,4272,4916
4512,5546,5900,238,1591
9399,12079,6311
11432,11102
12754,6499,2462
2329,7815
1568,6726,298,6415,5781
6850,7941,4359,5834,24
416,1519,3119,1906,1463
12098,7079,1136,8721,7666
3040,6050,7114,12598,1147
7368,8042,3051,8207,9138
204,5613,9011,11933,6463
8930,7689,6089,10637,4126
9889,578,6084,8112,6777
1753,4370,6172
6824,3958
12335,11795,11062,11416,3322
8074,914,5590,6651,2973
8519,6865,12533,950,1081
12207,5588,10554,12445,4991
929,3909,9549,5980,4222
5057,10030,7539,8860,11103
646,2087,3528,1770,3225
7844,9805,12017,11698,5786
1504,3524,965,4520,1931
422,2470,1127,650,11824
9937,9188,7137
12613,9606
4270,9492,3095,9016,10431
6853,3272,2826,1584,9845
450,1540,3882,1197,659
3878,10631,12819,10908,3773
7457,5380,10037,5334,9913
9833,7786,2513,9012,2617
619,209,1233,157,61
5639,2183,9353,10672,2517
12228,7845,1321,2552,10332
6,169,108,911,146
897,8514,9301,7613,5182
11104,10952,7699,12756,2908
8,187,862
50,662
304,865
610,166,874,266,365,463,503
686,1077,284,316,892
677,39,660,117,1078
3141,1278,47
336,758,56,668,893
62,4277,3655,391
3489,4793,4431
1644,7470,1455,1106,3996
5093,9650,3987,3000,4315
3970,1094,871,4587,4120
4464,1571,2636
7967,5735
5620,7764,8822,6456,1855
66,5203,7709,3158
488,74,5237
82,1302
2026,2381,1808,2355,725,95
194,1671,460,1453,629,1943
4312,105,3822,215
522,500,998
130,499,1015
137,2159,592,1231,860
1944,609,1684,398
4899,2532,139,11948,11053,10992,5365
8834,7587,12174,9775,3283,10807
675,772,357,586,1003,591,792,154
163,2694,3282,1619,2743,2557
4417,4872,5296,2742,3101,1886
1904,178,4883,4083,3949
192,709,1611,348,511
10691,12528,11473,5747,12308,9367
11745,8739,11833,1913,7611
8738,12451,208,9240,7293
9601,11877,12167,12464,9812
10584,3354,6908,11709,12446
10753,12726,9783,9720,11770
211,4836,8725,1222,10826,6252,2829
217,1324
222,6102
233,2977,997
11536,12561,7680,236,1306,12908,4124
5092,237,10258,11123,3930,10938,3613
3019,11155,245,8732,2588
275,8250,7797,565,5146,1358
5463,2214,279
291,5475,4071,470,439
7273,294,3215
1416,300,3263
318,577,474,1101,1502
12263,9387,6871,5626,8605
4460,12365,12305,10681,11006
9505,999,8136,327,9901
11975,328,5982,10203,6014,11935
8057,8043,6116,8166
8501,12325,7635,8807
737,1602,1315,340,821
344,2760
7623,9267,372,6244,12551,1881,6185
8167,7336,2134,11767,8412
4800,389,12105,8426,4730
1421,1526,407
3850,9994,6564
7639,4739,9039
5520,4957,9400
840,2115,413,791
3450,2332,7836,2285
425,3779,8996,8675
4697,10507,5156
2528,8472,4678
2818,8107,752,9851,10523,6079
10369,2654
467,1988
7278,11199
5232,471,3363,697,8473,2663,8457,1149
7203,4782,10478,5593,5882,1085
2649,2339,8958
3780,11822
11236,3237,6125,11188,472
8874,978,11864,10141,11327
4705,10022,809,10002,3956,12312,12573,6750
9735,9739,12813,11218,12052
12309,12806,10759
11522,12547
10710,12567,12057,11291,12316
6435,11772,12830
11297,473
8905,12498,12063,11992,11359
1901,12762,12507,11998,9951
8928,8485,11813,11558,12744
10976,12583,5672,12402,4244
12772,12004,5350,12518,11047
10827,10031,6959,11311,12723
9804,6131,6965,2871,12604
11841,12612,10572,9677,12092
833,11330,2119,11725,7762
12640,12135,12746,9162,12371
9578,12235,2923,11629,12114
11140,12677,12774,11097,7551
9352,12522,10219,12784,12281
10632,10892,9101,7569,4959
11481,6794,10889
11400,11654
12699,9718,11679
12537,12390
12193,3746,9895,9576,11514
12200,12458,11435,11443,12542
9415,11699,10683,12214,4987
12802,10179,12735,11965,3519
480,2222,2482,2612,3166
2680,2443,5604,3854
481,2780
501,3512,5401,3677,510
1777,4699,2911
5198,5542
2208,4525,3376,2037,857
11969,599,888,12714,508,974,351
12173,12782,86,8214,728,12216
514,10019,10149,3724,10925
3361,11107,10899,8052,1208,523,10923
6842,4652
4926,527
2144,531,2669
545,7426,8218,8668,10878
550,8151
7913,1482,4878,3666,6232,4219
3906,1412,551,3592,2253
3298,4009,971,10156,4502,2364
2176,2954,2487,7801,4318
4041,3885,567,5562,1628
1018,588,6221,7894,2935,6810,10911
11616,5412,7205,9224,3506,11736,8506
4363,596
11869,7910,12071,617,12012,7708
4487,641,3414,5063,4428
9349,6854,4430,9940,663,10488,4025
7976,2056,12110,10255,9814,12024
3041,7810,5806,4340,12828
10437,11924,693,12662,12187
6294,4150,8791
8529,3386,5135
707,2301,4334
6528,1387,5696
7664,1857,716,5990
8577,12738,5729,993,7430,10284,9207
8802,11750,10251,2553,729,859
9128,731
3064,754,1771,1252
8347,755
3664,757,2950,9590,6107,6332
2146,1765,7084,1102,2873,4027
2667,1452,3293,4311
6585,3315,1892,774
2569,6345,5910,5409
4121,5243
1729,4522
1586,1190,825,1448,777,1228,1518
10784,7476,863,152,779,6270,11599
7520,4293,8330,8075,10099,5623,6328
9476,5830,10247,818,12054,5495,1499
6426,3213,2170,4861,6175
6048,6701,3923,820,6046
826,8652,6205
5924,1042,854,6524,831
10984,8683,10033,11157,1629,11743
10050,844,1813
7425,10082,9067
11456,354,7816,6326
6052,900
9361,3755
1794,1890,2466,1542,1002,2549,2619
2752,1220,1829,2410,2136
1541,1258,2668,1134,910
2722,1481,1419,1428,2520
2420,934,1919
907,1655
922,3827
930,3394,6533,1735
944,5332,7325
2992,1824,2700,952
6387,1156,980,3995,1132
1613,8208,8788,8890,989
7908,4933,3287,8442,10684
2501,2471,8842,7441,6835
11554,6120,9975,3308,6999
5378,5102,6545,7133,6943
1025,5683
2400,1031
6224,5601,1389,2133,1037
1074,7050
3251,3271,2393,1084,1711
5112,3035,1086
6297,3034
8405,1093
12514,595,2518,1110,10844,11455
9708,12077,11414,9752,3993
6500,12036,5765,10183,10474
12679,3337,5227,11732,1112,2939,9310
7648,1122,11811,7686,9580,9709,3692,3541,1918
1124,6581
2104,1138,12035
2651,1141,2574,3007
1868,1654
1614,1959
1768,2514,1355,2957
7576,1633,8090
7232,1143
9981,7418,10714,9533,4500,7159,1146,1243,11645
226,3563,1150
7456,9116,4232
1738,1157,3470,1911
1162,5923
3644,1164,4660
8056,4744,8478
1174,4165,6414
6425,3855
4937,3131
4890,3612
6267,5060
7992,1179
4955,2286
5104,2191
8304,8122,7148,6645
4985,4906,1332,5342
5952,1201,1181
1493,3959,4713,1230,5294,5902
1234,3187,4357,3420,5214
3432,3468,1261,2162,4185,3001,2652
2562,4491,1454,3217,4316,2397
3344,3076,2071
1467,3772,3037
1975,1274,3243,1596,1885
3859,8371,5878,1294
8808,2840
8803,1301
8873,12074
3642,3500,1307,9180
6440,2733,1310
4377,1316,2414
4351,1615,1790,1326,4687
4612,6922,1327,9075,10515,6455
11273,7759,2288,8978,11544,11260
3232,1683,2101,1334,7002
7032,1345,3504
3552,1819,3852,3205
1962,2419
2065,1359
2048,3137,1364,12384,7586,4962,4265,10420,12150
2039,3347,1382,6015
4164,3918,1521,5493,6233
3521,6436,3175,1386,5718
10986,1899
2538,1606
8537,11237
8674,8451,11917,8111,1393,11988
10309,10536,7561,11511,11799,3579
5487,1402,8239
5668,2749,8780
7883,3020,10034,4055,1725
2691,1603,7308,8946,8222
5548,5629,1414,5918
3908,5974
9526,5759
1444,3925,2438,7502,3727
1458,9829,9449,10776,3721,10571,11214
11457,6662,10678,9335,6623
5536,5410,1483,9620,10837
1976,1490
1575,2252,2962,2682,2428
1772,1742,1496,2490,2143
5193,1834,1497
4241,1578
1795,1733,2773,3195,1597
1604,1677,3766
6276,3750,6157,3055,3951,6517,1659,9852
3365,11090,10771,7028,10836,8829
5538,10171,1694,5719
9160,11010,5861,10134
4704,5569,7619,6819,2294,5624
1888,5344,3149,3665,3030
4928,5065,4980,2933,6975
2112,5219,1709,6967,6840
6832,3961,1726,8991
11697,8658,7516
6138,1740
7494,1743
2098,4082,2396,1767,4940
1898,1799
7266,7651,9208,1801,6142
12593,4932,2165
4024,1809,10882
3957,1814,7415,9129,8636,8271
1827,4462
3480,1866
2856,3284,1893,2094
3073,3429,1894,7174,6263
1897,5827
7104,665,3074,4717
1905,4538
12710,4470
1912,2748,2204,2060
7852,5166,2966,10713,1915,8542
11333,2862,8655,9270,8571
11008,12302,11380,11543,12408
1922,4484,6757,6535,10376,8211,9467,9726,10687
9336,12061,12405,1935
5152,9536,4051,10197
1968,10285,11126,4360,2365,9629,5054
3345,6676,9813,8726,1145,10043,8733
1969,3340
7194,9559
12476,6773,12062
2180,1982,5204
2352,1989,2342,7719
2179,1997
2010,3046
9615,7024,9586,20,3895,11901
2025,9706,10930,10738,12633
4097,10083,11077,7621,8199
8097,2029,1719
4149,4229
2161,4172
2033,3778,2131,2291
10978,6915,5992,2038,11899
2081,4337,5681,5210,2042,7068
2053,7687
6363,2055
6402,12231,7047,2073,11003
2257,8760,10105,2107,7964,9967
6112,5027,5451,2928,3474,6162,2450
5605,5809,2307,2109
4910,3654,6597,5622
4644,6678
4857,6027
5224,5422
5338,3522
2794,2139
2427,2413,2150
2156,4399
7329,7433,1291,11852,2160,6741,8854
3002,2645,2494,2310
2519,3319,2605,2383
2346,3516
3136,2163
3747,3821
3905,2502
2273,5842,2198
5580,2675,11993,2203,126
9697,2246,6663,6958,10581,1212
4421,4358,2248,9495,12195,11052,11249,5686,8507
6096,3348,7837,2111
2256,9779,8964,7647
6628,5701,8491,2961,2262,5049
3712,2698,6863,10872,2586,8895
9803,7054,11952,11731,5558,1465,7711
10209,12546,12398,11705,11134
8613,10413,2293,11576,8729
2314,5901,2833,7955,3060,8059,4092
9667,10958,7152,3026,11314,9623
6207,2335
2784,2354
5160,5043,4804,2399
3785,4972,2382,3385
5128,7153,8716,5145
11242,2421,11246,2989
9746,1495,6082,2437,5110,11223,12282,9372
2444,5573
7281,2507,3589,2455
9466,2459
6900,8588,2477
5539,8781,8238,2480,7282
7264,9546,7825,9529,10138
2481,2723,2483,3239,2920,3255,3357
2484,5893,6038
7890,7995,9962,2486
3374,1621,2526
3688,10921,5666,2533
2578,4812
2947,2604,4835
2624,3593,8109,4493
7184,9019,6423,2634,8011,2988
10115,6759,4552,9976,12089,6938
296,12809,10766,10802,11032
12304,12499,12244,10972,2653
7752,12041,7389
12033,10819
12385,11431,6699,12283,10556
12203,11308,12527,6384,12663
11136,11250,9203,12407,6202
11112,6319,9847,7160,1373
10692,12294,9771,9877,4373
5056,4773,11033,12538,10271
2664,12138,10091,10482,12083
2696,2876
6051,3684,8669,2717
12465,9521,5748,11321,11451,7390
2727,11655,11981,12241,3892
8942,1907,2744,9821,4543
3366,2761,9961,11541,11640,5534
12153,9289,2731,2764,1100,11737,10362,2174
3464,393,2803
8001,4887,5784,12234,2813,10414,2919
10120,3281,4518
12456,11651,2854
4497,2867,4429
3107,4356,3286
10339,3492,7847,4347,2943
3801,12435,2894
3584,2897,4979,4469,3212,4590,4015
2898,4659
4913,2915,3404
2953,5591
12192,9696,3296,2968,6586,11546,7932
3012,1556,3124
5698,9738,3916,7696,5976
9152,7853,3022,8079,8639
7296,11109,9231,3313,4626
3024,3093,6198
10954,10858
3045,3462,3047
3056,8989,11036,11293
5312,4583,12171,10169,12155,10142
4801,11334,11627,3062,12183
3072,4633,3717,5525
8616,4174,4759,7066,9245,7326,6042
6882,3113,7465,5739,4750,3254,6302
6342,3114,10007,12732,2620
3122,4603,9699
5540,10055,10955,3054,10773,6170
12421,9719,6265,12765,12286
11808,11304,9487,3123,7190
3130,4307
4161,4954,6003,8092
8840,3147,7396,7269
6180,3152,10740,7927,8440
10432,6214,10839,7595,11916,9774,12790,11063,5567
8836,9736,11918,6814,12671
12832,3682,9762,7863,9759
3874,12771,10405,9271,9786
4710,11494,9713,11125,4790
11105,12770,8831,4953,11871
11393,12482,11463,3157,10618
3206,5983
3285,3207
3334,10823,7498,3210,5175,4248,10781,4734
5249,3211
3216,251
7400,3446
4840,5331,3219,4917
4929,7874,8531,3227
5537,5713,3992,4297,3231
3241,3418,3324
4146,3382,6166,3834,3242
8000,3244
5955,10537,9517,12238,3245,5459,11994
10497,11578
7552,7527
11769,11002,12500,9935
12425,10066,12172,8306
8512,3459,9483,3596,6299,3708
6562,7015,6955,7821,3261
6704,3267,5894
10372,3275,9910,4921,6553,7643
10178,9938,12571,7454
9081,8466,3292,3617
6008,8054,12440,12473,10491,11388,8735
9218,7875,3304,11848,10833,10005,12251
7076,3309,3862
6370,5064,9032,5709,5714,8050,6010,5822,3391
3883,5395,9172,3508,10199
4005,4251,4028,3326,9855
7592,5385,7372,6669,4220
3788,3662,5586,4022,3803
4194,3590,9127,3931,4188
4450,3667,3815,3768,3770,4375,3343
5337,3691,5077,5934
4072,4427,3371
9201,8434,10291,11977,90,3373
5676,3380
3403,7052,7221,4563
5081,3426
6153,3443
4771,8581,12331,1099,11322,11294
11555,4559,6644,11000,12060,3455
5217,6274,3463,10248,9770,5820
9477,7219,12243,11862,10012
3466,10965,3327
5896,4369,5116,7038
8187,4821,7838,6199
7885,4467,4629,4444,8924
8088,5389,3471
5258,5883
5965,6222,4180,3671,6749
6913,7649,4326,6776,4575
8480,5503,6636,6230,5343
7779,5387,4844,3693,8693
6060,3547,5932
6427,7302
7841,6599,8752,7319,6303
4416,3585,4002,4107,4396,4523,4567,3514,4958
3520,11809,8970,3828,12120,2108
10754,11979,10543,10703,10230
3529,3867
6800,8339,7740,3535
3537,4858
7361,6098,12307,10845,3605,8711,7879,10509
3860,3630
5780,3796,6420,5641,3676
2787,4967,6859,2891,5838,3442,3679
3697,2670
11601,12198
11153,8530
3989,4198,12375
8688,3707,10011
7944,5648,7157
6467,4515,4423,6409,4786,6295,3900,3709,3839
3736,5206
3744,3434,589,7922,8342
10473,3754,943,4599,6298
3762,7706
3776,4073
11209,3857,3804,1259,7020,9776,11121,11760,5177
10854,3816,3087,12534,12470,8540,2366
11360,9538,5570,3405,4019,7512
4354,3817,11562,5406,5407
10040,10415,7437,3823
7208,10299,5259
9569,9575,1384,10172,3824,3539,10812
9280,7765,3496,3864,8235,10652,5695
5025,5098,4651,3893,4758,4824,4505,4732,5021
6657,4746,4592,9750,7416,8249
5857,3939,4557,9238,4310
6192,5414,7112,3976,6379,7901
4294,4905,4748,5715,5372
5184,4842,3990,5471
5712,5257,5075,4636
5080,5521,4283,4630
4017,4643,3998,7814
4458,6652,7988,4199
11120,10132,4006
5631,11472,4304,10366,9727
10374,4008,12170,7788,7888
8423,4046,9427,7349,1276
10565,4615,11407,10962,4053,9215,10910,5356,7103
6418,6485,4093,4886
5186,10564,5317,4101,3352,12921,10412,12541
1700,7239,10575,9009,7186,9302,7193
8041,10094,4110
9024,7359,5679
4649,4138
6064,4865,1939
11720,7857,7702
12069,4142,10128,5362,11132,11519
4841,6910,4166,5095
4736,6818,7321,5013,5481,4171,5260
4956,4190
10755,5036,6771,4207
8611,7466,6284,4622,4792,6169,6655
6563,8615,8267,4236,4302,8152
4753,5169,5554,4308,4805,5288,4238
5201,4539,4245,6161
4282,6314
12496,9507,4284,8285
9288,4925
6739,10350
4287,6146,11263,8099,9513,10799,11569,6394,11839
9728,12321,10486,10585,4329
5858,12068,3303,11437,6542
8164,12005,11016,12021,6875
12032,12227,10246,10249,9810
5576,10061,11989,7644,8798
10210,11070,11963,11710,11807
8165,9965,9389
4904,12324
4352,11312,10933,10553,11834
6728,5549,6486,5231
5545,4422
6353,5298
4961,6722,4483,4454,5327,5847,6200,8346
9825,12355,11940,9768,1803,5618,4472
2306,4488,5705,1647,12692
11909,11502,12015,9911,11513
9283,11782,10215,12615,12141
4752,6442,5572,4516
2264,8862
10145,4924
12761,8722,12443,9076
12713,6458,4550,7918
7495,11688,6343,8202,6935,9054
8072,4604,10429,4684
8841,11266,12116,11913
6179,4620,6478,10830,9113
6104,6797
6377,4635
6977,4641,4815,6610,7035
4642,5386,11537,8153,1308,10591
5185,8297,5611,8749,7375,7803
8406,4662,8871
8008,6569,8425,4884,5559,6847
9120,4802,7971,8700
5869,7074,8772,5933
5504,4674,6995,5264
4680,6510
10289,2970,4700
10864,8770,4707,6612,9017,5612,2349
7427,11603,7989,9557,10455,9368
12638,4723,4934
8608,9131
5817,8071
7896,9542
7560,4761,9003,9701
5553,6829,9214,6367
10761,5489,4820
5609,4825,6462
7795,2228,4870,8532
9585,8379,11348,11663
8240,11539,10023,5497,4891,8444,3291,11983
9441,7881,4909,10237,7314,6323,8244,8150,6365
9761,2213,10346,4912,7166
10791,7116,5843,12698,11483
2721,6090,4938,7000,7839
2465,10982,9222,7660,6290,5015,11035
8353,10377,10922,12654,9936,5144
12426,8963,5029,6039
5208,7930,8288
8322,5030,9430
6961,5066,11796,5442
5682,5725,5071
5120,10821,5848
10410,5197,10472,11306,11803,9117,5134,11023
9868,5772,1716,9206,3703
10822,9837,11890,7317,10239
10917,10407,9772,5143,10937
10943,8303,183,5167
7931,5191
8520,5194,11851,2432
10200,11786,8541
8904,8617,12775
9665,7395,11524
5200,11372,4703
6072,5220,9174
7979,9628,5230
5250,7550,5482,9418,8175,8591,6366
5424,8755,6043,6399
5507,8967
5532,9862
5248,10257,5938,5627
5256,5941,8631
10328,6976
5279,5583
5289,5354,5445,6047
5544,5302,7767
5313,5505,6193,5577,6077
8076,5319
1347,5515,4461,9493,7768
6754,6471,7519,5551
10520,11048,9931,5592,5852,10527
7747,5877,5610,7962,7981
5764,8005,7605,6391,8185,8795,6525
8344,7283,7860
8632,7983
9027,6502,6086,6158,8852
6947,5988,8944,5621,8375
8419,6411,6130,10739,7610
10112,8815,6129,8465,7739
8633,8882,7483,5654
5640,6738,7972,7029
8065,6996,10262
7098,6876,10788
8769,7842,8997,5642,10027,8566
8610,1158,5966,5646
9632,4044,8116,11702,11420
8066,10159,12208,11411,5658
1217,11874,5671,9672,10611,10428,10014
9702,10601,10835,6259,11479,5307
12740,8805,12229,9831,11657,5677
5697,9506,6529
7924,10206,6968,7067,5726,7583
6032,7899,7141,9359
7391,8503
7872,7501
9233,6574,7063
8800,10032,9861
6924,6608,5751,8731,7677,7327
8385,9060,8933,4838,11111,9200,12273,5752,186
9638,4374,2807,12284,8477
10596,5767,9832,9338,6333
8776,5777,7506,5885
8889,9485,7175
8985,9052
8825,7034,8596,7469
6658,8156
5844,5799
5823,7254,7735
11609,8307
5929,7925
11442,9356,11346,5222
11424,5963,11076,9541
11174,9926,8038,9095
6288,7419,5940,9086
7961,8338,6347,6770
6247,7432,7818,9291,6925
7914,9196,6447,8761,7935
8479,7468,9460,7806,9183
6755,7077,6124,8984,6075
7235,6023,10421,4215,9083
6725,9062,10569,10633,9748,10110
7939,11749,8233,6122,6903
6209,6577,7334,9465,6573,7070,9887
6217,7609
7697,8810,6238
12644,10948,6245,11179,917,3928
10608,6266,10803
11427,8365,494,6291,180,9175,8252
10436,11557,10789,9675,12178,8435
11496,6281,6338
6444,726,10295
6464,11402,2805,9883,9469
9319,10828,7662,7290,8893
6496,6691,10148,7529,7645
6513,6674
2212,11545,11099,10524,8413
10979,12484,10403,10119,6518
6601,7756,6450,4087,6519
7016,8484,6686,8511
8594,6559
6624,6561,7346,8723,6616,7353,6779
9379,10342,9543,8745,7150,8916,6584,7518
6625,2822,12266,6283,6671,10974
9765,7435,11789,11857,12250
11897,11607
9072,6672
12009,12347,9950,6953
8069,8535,6936,6697,9212,8141,8284
7041,6724,7055
7149,7206
6753,8049,8806,9734,7257
6769,9619,6916,6806
9853,6805,11438
6856,9332
6866,7594
5299,8021,7352,11929,475
10531,7046,6897,6902,7003
7398,7320,6906,6986,7356
6979,7438
12793,2778,4331,10092
12354,9061
11835,6981
10048,11972,9865,8145,2587,11261
9634,11240,6985,7921,9653
11673,11826,6987,9514
9440,7040,12165,8809,10378
11202,9980,7385,9724,12670
7933,7086
7201,9307
7912,7657,6220,10959,7164
10152,6408,11850,7311,8988,7165
11659,11391
11600,10264
10441,12463
10224,11568,11122,12088,9275,9244
8010,7191,7214,8447
11194,7196,3431
11999,7804,8461,7247
7248,9330
744,5931,6388,7255,7959,4572
6885,8981,8373,7309
9637,11880,12023,7342,8823,10360
704,7625,8523,10932,7380
8640,7408,7898,7911
8544,8877
9320,7581
8704,8337,9908,8320
12553,8290,9867,2886
10842,7471
11564,11141
7492,8782
5154,7556,7499,5212,7760,5367,6684
9968,7531,7636
7044,2152,9326,7568,6557
7713,8370,8163,7975,8040,8105,7582
7606,8999
8824,8865,7671
12665,8372,9511,7705,10730,11115,11101
10593,8455,11313,10840,7229
7728,9959
10980,12053
6960,8614,10462,7774
7776,10114,8032,7789
12485,6407,12327,9266,11229
7778,10728,12587,12118,12799
442,615
10443,7903
10024,9658,7946
12449,8229,6277,369,7987
7843,12712,12270,7993,8220
10915,12372,11895
9168,9763
12481,9648,12467,8692,12597
8450,12803,12515,12422,11594
2085,10028,8019,10996,12182,3161
9357,8031
8051,9199
9827,8124
8582,8158
8349,8182,8351
9058,8388,9013
9863,10953,9035,10748,10526
10690,11500,10544,11378,10494
10532,8196,10535,9879,12415
6888,8213
8360,9977
9928,10089,8785,10451,4568
11137,12452,9892,9255
10945,11396,8646,12680,8915
10724,9914,8476,12349,8223
12194,11114,11820,10861,8879
10496,9553,12338,12403,10677
11588,9295,10353,11636,1397,11610
1348,9286,8651,8242,9788
5216,2948,9426,2910,9823
10124,8263
8299,8796,8709,12766
8705,8310
8354,11219,891,3176,10875,8910,11342
8378,1427,8396,5994
8386,11693,1776,10038,11863
9006,9790,8391
9059,1160,8875,2316,3190
9091,8534
8586,8556
11009,8657,10675,11425,11926,5417,10490,10319
12163,11556,8676,10993,5819
8708,10063
9298,8742
9323,10020,8750
7318,9982
8832,10756
2535,10186,8876,9558,10301
11914,10898,11423,11617,12067,2792,12279,8891,445
8912,1723,9820,4127
9953,10887,9037,8913,5937,1844,1908,5981
9108,11046,8262,88,11193,8971,10300,10607
9000,9041,9755
2859,3307,9071,9687,10074
9085,11198,5229
11096,9966,7799
9242,9094
10402,9954,10477,9134,12287
12448,867,9139,9268,5949
10060,2706,10995,9140,6520,11903
9143,11130,6234,4951
11888,9969,11958,10382
12417,11234,12685,12013
9170,9194,10198
12006,12554,2348,9263,12570,10047
9573,9277,10228,7900,11997,5886
9281,496,4402,11092,9880
2404,9284,9445,6598,3570,9363,9621
176,12353,10530,12739,12488,9292
9956,10090,9329,10354,9939,9494,9784,9818,10456
10466,10275,9362,8006,9593,10860,12191
11343,9398,10967,4413,4830
960,10211,9999,9497,9707,2860,10062,10079
10216,9572,2877
9920,7626,9645,12401,12406
7968,11755,8395,5617,9693
9816,10846,10587,10214
10296,9842,4658
9857,11716,12619,2398,8286,10662,5162,11563,10157
9907,11190
12512,10689,9927,505,12730
12066,10743,11204,11845,11666,9991,1459,11771
10292,10021
4137,10838,12727,10808,10042
10194,10483,11669
11089,11817,11369
6752,2985,12330,2547,11028,9235
10920,10764,11283,10102,12438
11363,11658,9005,310,10106
10130,9164,10164,10166
10745,10121,11729
10408,1069,10127,8190,11358,10559
10176,224,10723,10669,10463
6373,2885,2378,10384,11005
11777,10435,10181,11915,12078
10225,2147,11945,11533
10594,11013,9232,10386,10261,8155
11754,4943,12624,10715,11484
11042,10351
10651,10340
11329,11074,12356,12709
8816,10427,4436,10475
12240,1850,10438,11158
11584,10444,2358,10324
3104,1599,10576,1779,1494,2047
1027,8643,4677,6534,7601
11332,10598,10445,11859,11605
6816,10447,6743,699,11647
385,8550,10546,10712,12795
11163,12196,12070,12159
11785,12299,11151,10901,10774
11949,11446,12599,12603,11324
12741,10484,11739,12605,12255
10849,10991,12145,11251,11611
11843,11370,11373,12397,11119
11717,10949,11847,11254,10614
12233,12237,12111,11390,11007
12201,11854,11728,11345,10449
3873,3048,3710,10508,11480,12185,11230
12180,11364,10541
8866,10638,10871,12666,10877
11954,11957,10966,12409,10847
10722,11044,10763,12109,12376
5514,11810,6452,10895
11353,12099,11460,11221,375,10985,10348,11022
6848,11073,8293,6836,11510,4156
7393,11098,11490
12176,12242,11955,4965,12056,11337,11182
12106,11383
64,11713,11587,11683,11911,11881
12386,8699,12382
11595,11747
12146,2851,12276,12168,12378,4189,11919
12769,11925,3499,12492,12300,12126
3866,11959
9988,12095
932,12459,12494,12209,6227,12157,11967
12416,12322,12389,12265,12490,12717
2712,6002,12629,12039
5824,12752,7267,8703
12913,12562,12822,12591
12934,12935
12870,12815
