3969,2,4100,3847,3591,394,13,787,5272,4506,7707,5020,4125,2719,32,2340,37,2981,6310,4780,8627,2615,1337,60,830,1471,3652,2244,3018,970,5710,4561,7508,6869,3031,3288,7127,4446,3935,1248,994,741,9703,3944,3562,1642,11244,3947,618,10608,4081,6000,884,4213,6390,2551,4089,763,2430
2689,9730,4228,6923,2188,3853,912,10641,6802,2704,3863,411,10396,2205,1435,1441,4258,1320,2096,3120,2225,1076,5046,1720,2105,3133,9021,4290,1732,2757,454,6469,1221,5450,2509,4816,4434,4566,1238,600,3453,1635,4067,107,4204,877,3577,6395,2685,1022
771,5124,4239,6031,8980,922,1563,925,2846,1055,5920,3490,290,1701,808,1837,46,3503,7984,3765,3771,1472,3523,6088,3530,202,5196,4682,8014,2251,4945,7763,2644,1492,1620,3416,7641,7642,3419,9305,9056,739,613,1130,623,6004,2677,1780,5240,506
9088,4481,3715,260,3975,6153,2186,267,7690,4501,5016,5916,8992,3238,10151,2088,937,1450,10283,3127,951,5179,2622,703,457,1353,6346,4686,2768,6864,4689,4432,7511,4058,6362,1632,1377,482,7904,2017,1253,3430,2279,608,1005,3443,2931,2807,760,1663
4224,6402,4745,4490,1682,2323,5652,2837,2326,6937,5149,4381,2079,2977,2086,5670,1960,6438,174,6833,1204,4918,6327,5432,1469,452,5061,1354,459,4555,4683,3025,4306,2001,3159,4696,7129,9303,1883,3936,2657,2405,1640,5353,3441,2164,4726,1400,123,1406
3586,6151,4479,1549,1679,4499,2451,2838,3865,29,5281,1955,2724,2211,7209,4139,178,2099,8884,4405,2874,3899,4923,1466,1470,3651,3527,10056,1865,6600,1227,8907,6477,6102,9689,346,222,1376,8291,2660,6627,2150,7784,2413,3183,7538,6899,5365,5878,4223
4485,2822,7178,8977,3601,2961,3859,661,1302,8471,5656,152,6682,155,4632,2336,5284,4653,2861,3759,4527,435,2427,443,4795,320,2756,1993,1867,3663,3792,6479,82,728,4349,4195,1380,488,1259,4728,3052,2927,2544,1904,3570,886,4600,2809,5371,2429
3329,3206,648,2955,3349,3352,924,2848,7080,3626,3370,1964,3757,6316,6314,4656,3635,3894,3266,1478,3913,4043,3277,7118,2515,8407,2392,4312,1754,215,2138,90,4190,5983,224,5728,4319,2019,3940,4965,10856,8169,7274,1001,5359,3185,1012,2805,5884,509
3074,387,7813,7950,8719,7056,1425,1946,10779,2714,800,8228,1573,6566,1447,2216,6058,5034,2348,1324,5045,7862,2359,7355,2876,190,2495,1090,5059,2245,12231,1096,11080,73,719,5840,1360,1616,344,5721,997,103,4840,2799,6132,1908,6389,1527,8441,2811
3460,5254,4607,1294,2073,7835,3228,3873,7458,4769,5541,294,6440,5416,3884,2733,943,3248,4143,8371,4532,4026,3390,1984,2753,6465,1216,4808,841,2390,2777,2394,4186,7261,3807,352,736,2408,105,2793,7019,3305,6888,1004,9715,7413,1014,5367,4602,3071
5251,775,3209,5774,8335,7571,8212,9850,5655,11542,25,1052,4510,3999,4895,8356,2212,9896,3625,938,5037,6960,3895,6839,4153,4282,6716,2498,2376,3404,6483,2261,6485,2775,217,1626,7394,1762,6754,5480,489,2154,1899,7917,2414,115,4474,2044,6526,11135
645,3600,5008,6008,5245,1174,2970,8478,3745,1058,5795,3366,5544,6826,1835,6572,819,1589,1719,6074,2877,3647,7743,3777,8383,1733,3019,5713,7379,852,2004,4569,2905,2396,5596,3932,8799,2141,3170,8548,1126,9447,7144,5096,3180,4212,7415,8056,6268,7037
4864,5249,2051,5126,5894,1158,1804,2575,4754,3731,6419,8981,10390,5527,1436,7709,798,419,6183,553,6187,5804,4661,1718,4151,2751,1727,7873,7748,8774,1104,2641,3537,4435,7253,5723,4830,3581,4322,231,4585,6506,747,8941,4974,6006,6009,1786,3196,4605
2304,3720,6670,6417,1042,9235,3345,3994,8986,5403,1821,7195,7712,4001,7585,2342,1196,2477,1836,2863,4016,7475,5433,4409,3387,3259,959,5823,964,1093,1737,6858,4428,6733,2637,2508,4433,982,3160,2395,2780,4189,3551,6509,5614,369,6133,1273,766,3967
1028,7047,10120,5770,6540,398,3472,1553,1554,3480,4252,9508,1956,2852,9258,5035,7596,3499,7088,9777,4029,6849,1987,3140,6723,3401,8522,8781,6094,6607,8790,87,218,6493,5088,8288,2784,10597,5865,7785,7146,1132,621,1647,1265,8818,4978,5108,5111,5753
5889,641,6531,9732,8838,4362,9996,4365,1678,655,1936,2830,5902,532,4117,8982,5914,2971,1565,6942,2590,4256,4385,4514,10020,4393,7593,8367,4144,1839,5684,8117,6713,1340,3006,2885,3142,5831,5574,6727,3786,5711,596,3285,991,354,9828,6126,3695,1660
4992,1543,4233,3088,7057,1297,3730,1044,6289,4118,2969,6044,4253,932,3621,4776,2091,8236,6062,814,5168,4528,2046,4665,3517,449,6210,2431,4681,5962,7627,3914,848,3538,6227,5202,7634,2901,4439,2521,6363,6364,4451,6375,8298,3053,6768,2940,126,3327
7298,5637,5261,1275,143,2325,3609,4378,2331,794,2720,2467,7204,6693,1443,4519,424,1572,5806,2352,1713,1972,2356,7221,3134,66,4680,7757,5582,2771,9044,3669,7126,2903,4442,1245,478,738,7523,4578,3685,3174,1774,4080,381,5619,3827,7155,251,4093
2690,3207,2441,6155,8588,4235,9612,1039,6928,2449,4114,6420,3479,5145,2841,9498,1061,3756,4526,3630,6321,5945,5562,4281,6462,2240,2624,5570,324,1606,200,1999,1743,4049,4565,5463,4056,3418,1756,4445,8287,1503,7393,4713,7147,111,6128,3699,5241,4858
1272,6274,5125,4487,4743,6666,8208,4496,789,1944,3736,1567,3364,2471,2601,172,5935,2354,10803,7474,9273,10684,5183,8256,2241,5312,4933,1100,1613,6736,6613,2518,1367,3029,8793,989,7262,7907,4963,1896,361,8170,4461,8559,7286,3959,8440,6266,5499,8190
5635,5508,3077,6408,5516,4879,3218,5653,3734,1817,3995,669,3622,1191,5420,8495,1848,5180,5697,1986,10308,1862,6473,6603,332,1229,10831,2129,3793,2902,2137,5083,92,1371,3038,5215,2912,3937,2786,5603,9317,2534,7790,494,6387,2292,8309,2423,5115,8830
4619,3467,5268,534,3606,5785,3227,3360,3234,292,682,3244,5294,3631,7217,2098,2612,5557,3129,3515,1597,5824,3141,4165,3015,4679,5321,3661,1103,9681,2900,1621,980,2260,4825,2914,4706,1508,3173,5477,5606,2537,3434,8301,6510,3700,3061,6900,7548,5758
385,8705,4483,2054,5769,6795,2577,7445,1557,6808,7449,929,4897,1830,4652,5550,7346,4660,6582,6842,9276,192,8902,6344,3273,4556,5453,7886,210,3027,2778,9435,8028,734,4321,3042,3043,4324,5101,10989,3711,7280,3568,4210,6771,2670,2298,11003,6397,7167
3073,3202,9987,2311,2953,4874,8972,781,5780,277,537,7706,1310,33,4645,7974,6823,6696,6185,4392,428,5295,1461,7478,6969,573,3648,4931,7109,4553,1230,9166,8147,1495,1502,7519,481,4449,5090,6628,229,6244,1257,8938,1771,624,1909,6263,4986,1277
6662,6024,137,5641,6414,3220,1685,3094,20,6932,2075,4902,4647,8616,39,8364,5172,5302,1975,1976,3004,4797,7615,6848,5568,4036,1989,453,5063,3403,2510,5327,6223,6606,1876,7381,598,3796,3929,3034,6369,4711,5993,242,2035,3966,2808,3706,2942,1535
8064,2179,3971,9348,2823,1037,1550,7439,5392,6809,1947,7197,2206,8482,7337,2474,812,1967,4018,2364,3644,5953,194,5058,4419,1736,8648,1997,8653,3023,7377,594,1618,8402,7125,338,4567,1240,9308,8672,7010,7651,8039,3559,1769,872,7151,7793,1778,1397
3200,8448,6530,3840,4744,9226,11279,9491,1427,2967,1433,4379,3487,9123,2083,2213,4137,2864,8113,7218,5171,948,52,3766,7223,7735,5178,7229,5949,3262,7874,5573,3016,2763,2941,6093,4304,3154,6867,1235,7254,867,2276,2026,5994,6517,8053,9083,5629,9727
5000,3337,4491,9484,2446,7055,2193,894,2579,788,9364,2972,796,415,7071,7583,3106,1570,6308,7076,1444,2730,3500,5548,2994,4659,1846,6711,8121,4793,955,2492,2108,707,5964,7245,1871,1244,3548,5726,4703,4320,2274,5094,5998,7534,2162,377,8061,6142
1156,9862,7431,6281,1164,1165,1171,7828,2324,8339,2712,665,5276,4893,5023,5923,5028,9124,1700,2218,3243,560,4529,4150,2232,186,447,1985,963,4932,2629,5572,1866,8018,4691,3033,7132,860,6236,351,6374,5609,5997,5488,6002,8698,3572,7798,4855,1274
2048,2561,3076,4486,5638,2697,4617,7052,141,2199,5915,3611,7326,3233,8871,5289,7338,1451,1710,4655,7986,2100,7095,3641,4161,2760,2120,9800,8268,1485,6478,6610,5075,3926,5206,4440,1369,7002,8282,6620,7257,5342,4962,228,3176,4459,110,498,4595,3320
1408,2817,3084,909,4749,1808,8730,8226,802,4516,7719,9001,2858,9388,3116,5551,8504,1468,8124,3772,1856,8771,2499,1605,7494,4937,458,2380,4174,847,3150,6612,3028,726,1109,469,7899,4956,2789,1894,2919,7783,2409,6891,4847,3442,5748,6013,2558,7039
1672,1417,6280,7691,4363,6797,2444,529,18,5141,7961,2458,4890,542,3872,1057,3618,1445,3365,5418,2990,7089,3762,1457,1588,2882,4947,4309,3158,342,7515,349,6878,1759,9184,9566,3431,616,1511,5354,235,3822,5103,5874,1015,3573,8310,5494,3704,7162
1934,6673,6418,539,543,927,2207,1582,686,817,3509,1334,3001,3135,6085,5447,592,3414,602,3676,2659,612,3048,496,3451
5633,3458,1800,527,4369,3737,8220,4261,1453,1455,5813,567,1211,2365,716,589,1490,6998,4315,8926,3806,4832,1767,882,7294
2176,1665,1668,2059,3468,3727,1684,6164,7958,2071,667,2459,1950,940,4012,7344,3379,2101,3638,1207,4663,7609,58,5692,4674,9282,1092,5703,4169,1225,5708,1741,4563,8405,1366,4185,4317,4958,4318,8416,609,4191,5352,4334,2671,2159,1907,2676,629,374
2306,2053,3079,8840,2055,1160,3211,7819,4109,2829,5010,6167,3608,6424,5790,6180,8872,1069,8878,3633,1459,3764,1331,5306,3008,8000,7746,1990,6471,1488,2898,5203,1747,4950,7640,1372,2788,1254,6119,9960,2153,9966,1263,5870,1520,370,375,6136,7674,10879
9604,1284,8325,6663,9992,8,10122,10639,6416,5391,786,7956,916,2069,7574,3224,2460,5661,8094,2596,1829,7594,9264,438,827,1858,962,8773,6351,6866,2774,3415,2264,7383,8025,7388,9053,7008,1639,8424,3943,5738,875,2412,3820,7150,2924,3826,8312,1018
7554,4351,8452,1671,10376,1933,5007,2448,1298,6294,2295,1179,4768,2082,1705,1326,6702,9780,700,3261,2881,7490,710,1481,3529,460,1615,977,850,6611,2133,2136,8669,3678,5985,3041,1252,996,1768,4588,1261,2286,2542,7281,1525,1655,1017,5244,1790,8319
6019,14,4751,271,9106,2963,4627,6677,2964,4631,156,1948,8734,6687,5408,2209,31,3619,4766,5926,9766,3751,1193,5290,1067,5805,4013,6063,2224,2610,4787,308,8251,6337,580,5829,8135,4431,80,6993,606,1247,2411,5484,7149,367,8687,7030,8696,8569
9472,258,259,1539,4867,4103,2572,6412,8848,3985,22,6683,6174,6430,9381,5413,2093,7727,2738,4404,1973,1594,570,5053,9790,10815,7362,2632,7112,2888,2505,1992,6861,78,3919,2896,6991,4564,9688,3674,5732,9577,4092,8684,2030,8812,6382,7412,6647,7676
1281,516,4613,3078,5751,3082,3980,2702,4495,2706,8979,6163,1439,2085,2856,9641,168,556,7213,7090,7484,8637,5950,6080,3265,8512,4038,5446,4171,8524,3412,6488,3161,6113,8547,614,1512,4473,1389,4465,5490,6260,3829,2549,3575,1016,4084,3962,6909,9598
2049,6148,7172,6405,7181,3856,8851,5140,3989,5909,1430,4128,1953,8610,6050,2226,3510,5944,3512,3002,2875,4668,1853,7864,9535,8128,4671,4027,1598,4032,5445,5454,3408,6225,4305,8275,9171,3670,3420,2012,2271,5855,1765,9449,2794,5995,9841,3187,1147,125
1536,1280,383,10,7436,9997,4752,11154,3474,8085,149,1048,1177,1690,3099,1053,1822,6431,811,1965,3118,430,10416,7856,947,6453,185,3642,10939,10428,3900,835,5316,3013,7367,3534,2127,11216,3920,10959,5974,11863,4313,1121,2918,2023,4076,9204,3065,5759
2180,7684,3335,9483,5132,3086,4112,5397,2583,6939,2589,3229,546,8867,11172,1699,4134,6437,2606,7859,563,6709,5943,9527,6071,5690,5311,3011,9158,3783,10446,4178,5848,2010,4060,2272,4325,7145,3945,1645,6893,6639,6127,3316,3574,2678,7288,7414,9723,4859
512,9600,1796,1542,2439,3976,1291,12,1303,3613,11038,6433,2598,5547,2223,5807,1073,690,440,1721,4537,6204,1596,62,1476,1604,8008,7113,8525,4303,5329,3411,3925,6357,4831,3168,993,1889,5471,95,7266,3582,2281,5483,3437,3950,6514,5109,7031,7038
4995,7174,3087,5012,3867,1438,6945,676,4522,306,8755,4531,4286,7115,718,7250,8404,3798,1118,5854,7392,7397,2282,1650,8564
3459,3477,6295,666,160,5026,6563,6948,2466,4009,6442,2987,3654,6220,8272,3284,7901,6623,6626,233,4587,1392,2802,758,9466
3330,5127,6026,2960,1175,9239,409,926,3870,9504,6692,8357,10533,3110,3497,4781,10286,6190,3632,3889,1841,6962,4020,8245,48,4279,7481,5310,5567,5188,325,1479,3657,4809,2765,6097,1362,6482,7124,3799,1378,6883,7139,1127,2792,8296,6379,4982,6521,5117
4737,2951,7176,1801,3722,6415,5138,7061,2582,3482,3103,417,4770,6574,4783,4915,5685,7351,11191,8634,11450,3525,4421,9547,8013,1998,6480,9041,6099,5845,213,6615,5464,220,10975,4068,5221,3942,6887,4070,3557,4091,3440,3186,5235,10612,3317,8050,4599,3835
5632,4227,2563,4869,3719,7306,2826,3214,4367,6160,2447,1941,2585,5274,9499,4634,7459,1060,4003,1062,678,1576,3369,1832,1068,12204,4785,1206,695,4535,4408,4288,836,4170,4554,5073,1875,4695,7001,604,10077,10336,992,5987,8939,2416,6385,4594,4850,881
2560,2432,11650,4229,9482,10636,5390,15,6543,4863,2580,6421,2334,4383,2465,4389,550,4391,558,11695,559,9397,1974,1079,4536,697,5437,7626,10059,4172,2386,6742,8151,8024,3452,1114,6237,4061,4196,3686,363,1902,4976,1523,11763,1651,4086,6139,9468,5375
8577,643,7043,1414,5896,1162,3599,4502,10263,1561,5019,6556,3612,1568,1440,5794,1448,1916,5546,4523,4398,2991,562,5043,5940,9526,6968,1209,5817,68,3908,582,5704,2378,10828,5458,4050,3410,6492,3553,6370,5092,4331,238,3696,6258,631,6137,7419,380
7936,6659,6025,1803,3213,8594,7315,5396,6422,6426,795,5789,5918,6173,9503,6559,1309,5667,5543,8103,8745,6186,2603,1578,6701,944,1592,64,2242,8899,4549,6726,3398,5449,2638,5967,5332,3035,4062,9208,6114,8289,3300,8294,4332,9582,6511,5112,634,2173
3845,7301,2309,1669,10121,5002,11658,6791,8326,2062,1167,399,7945,8468,6679,9118,5793,4132,7721,10161,6066,9274,571,8258,9932,5068,4558,7630,4176,6352,10453,7637,476,5213,94,9438,1927,8937,7915,8557,4206,879,7279,9458,8691,7796,11766,4087,4603,7423
6656,3718,8712,6539,5262,8849,4758,5271,5400,9624,6300,158,2592,9252,7081,1322,9259,945,3377,3252,2613,7732,9787,4796,8384,1474,5571,4804,6978,7750,3272,2250,9422,9682,1880,1624,2524,5853,3550,7004,4192,5473,93,9437,6756,7652,2925,11129,6011,7934
7299,11011,6918,6278,11398,8585,1929,10250,5005,5651,3732,403,9754,3226,1312,11169,10018,8612,1703,9514,2859,7852,3388,701,4798,2111,4544,4160,1996,4813,9424,1873,9296,3543,3930,9949,8158,7906,7780,8549,9446,5733,9193,5228,4079,5489,9202,8052,10359,5628
4225,11778,2824,1431,10775,7323,1820,8606,6306,6694,935,2984,10278,2470,9774,942,11824,5173,2110,10306,10566,839,6984,4426,2124,9420,9293,7503,4045,2002,2003,10325,8661,10070,8918,3290,2907,7258,8923,1256,9321,3818,4716,749,8570,2032,8179,5881,378,1278
1792,4356,7044,391,263,7821,2190,5135,7183,2574,2578,919,6552,6425,5277,4638,5919,7584,7073,9379,3109,5414,2473,8746,4396,437,2235,9660,5819,2175,3904,4802,4034,4546,4424,8269,5583,5210,348,2398,3298,5602,2915,2661,870,2672,4467,2296,8314,1919
2691,6532,2438,2569,6409,1674,5645,3854,3475,1683,1173,4640,3492,2347,2680,8239,6448,2737,6192,2867,5044,4277,5683,56,3386,4926,4416,1603,6979,584,1995,3020,976,1106,339,981,1493,1885,3166,2527,9827,7654,4841,1129,4729,5747,2040,3321,6523,4222
6528,3841,3331,1541,5260,2832,11931,6301,3232,289,8865,7074,5024,2081,8355,4135,10786,8750,5555,2487,2873,699,3260,5566,3646,3776,3522,1101,1614,2514,2006,5337,5081,2139,4698,2652,9049,474,8540,1892,6630,2791,1897,3694,4848,2420,7671,2042,3836,2943
7426,4612,2566,10503,10761,1547,2318,8592,7059,11027,7318,9496,2330,10906,6812,9501,2332,10529,6946,3748,3749,7726,10415,2097,8885,2872,10680,1850,9404,6332,2497,837,326,6214,711,11466,7114,3664,720,3155,10068,6231,10072,6107,3164,9187,10349,6392,4218,3069
10625,7297,5123,7558,4615,8839,396,10381,9104,5912,9628,12192,162,5797,6182,5925,7979,6064,9905,434,7473,6970,4667,5946,188,9406,6595,10565,5319,5833,334,9425,9297,2132,11477,1143,10456,2265,1242,8792,10332,4187,9054,10847,10334,4579,4718,8689,1009,8951
3843,265,2954,7179,1932,7438,2191,4497,3478,279,1691,7965,5022,3231,1318,7847,1959,809,3885,4786,823,5563,2619,6845,6590,8266,9803,1868,3668,4055,4311,88,5604,3813,4073,3690,4075,1388,5229,1773,1387,4592,2928,8300,6635,7284,9590,4219,893,2559
10114,6920,5901,2833,11025,7955,6550,1816,7450,7964,671,6564,2469,6309,3367,8363,6956,1581,2605,7211,4395,6140,6836,3897,569,8250,2236,4031,322,7495,3785,7378,6490,9307,5595,9310,8031,8032,6753,2530,11874,7782,5355,7789,3566,2291,11892,7797,8439,4732
1282,891,8580,6789,3203,8458,8845,6929,7570,9236,6039,1559,9111,1305,8732,3102,8224,6949,8870,4136,43,12076,4397,6325,2357,11575,4025,7232,2625,6466,4930,5698,6854,10055,7884,10317,2766,7887,5460,1365,4053,121,10221,6257,2545,3059,2039,8952,9849,9595
132,4861,2187,6413,4878,3861,5146,3866,668,6557,8222,1308,1181,1319,300,4909,8238,7599,50,7352,2627,6724,842,2891,4812,8395,1102,336,8529,340,1749,9302,2646,6232,3802,2651,1501,9695,480,3426,615,4335,6769,4593,5617,6648,1530,637,7422,8703
7042,5893,4108,1292,1295,6038,5910,4123,6047,2721,4131,708,3576,2382,2007,8920,3325,1629,7267,10339,7141,1002,1900,7416,2301
3968,7041,4357,9734,9627,1957,7206,7465,8621,1454,3778,5827,4041,1358,1231,1872,8791,1628,3293,6495,2787,4708,99,3432,5501
2184,7308,525,1551,9234,10008,413,3871,7968,6178,35,548,3107,41,170,3371,2094,1201,10034,7733,183,7610,11579,6843,2621,2878,8766,8257,4929,9542,7163,2502,3790,2639,4307,8021,7675,6616,9945,8795,5212,7391,9696,8932,4838,9063,6761,2165,11515,7549
10880,9984,1026,12035,9090,6917,4611,8711,9096,4492,8461,10254,1423,3222,3738,11168,1189,1194,3628,941,6069,2102,2363,6525,4414,9922,8392,3658,6988,6605,6734,8400,5076,7892,1622,3032,3545,7128,6745,3302,10731,8429,1008,1138,1142,119,3448,4345,6780,3837
1155,4740,2443,3217,6674,2194,6807,2200,7068,8097,2722,4515,5924,2297,8105,5162,1662,2475,5934,1071,2222,2482,11827,2740,5818,1723,1339,1086,3263,8255,1345,5314,9027,8780,8145,3324,725,4310,475,4316,2397,2014,4444,7276,6253,2036,6393,1402,7292,4734
5760,8193,4,7045,6152,6667,908,6286,2839,8343,5147,10780,7963,3495,5032,6828,3502,5297,4147,2996,4533,6838,11445,7224,10809,1978,5435,5308,5561,10430,7233,7491,1859,3269,8777,5716,2008,4063,3040,7776,5986,486,2535,4329,8427,9835,4851,9717,1526,4343
2564,7050,11662,6799,3476,7575,7576,10649,11034,8219,8227,9125,5798,7212,10926,5039,4530,1074,691,310,7607,2488,10168,11190,5052,7742,7107,11004,8389,8006,6852,6343,7369,8016,6872,11224,1882,6360,8029,7135,8033,7138,3427,1250,7017,3050,2538,9453,4852,10620
256,12288,4610,8455,5511,2314,3466,12044,9866,8082,12435,3739,5662,3614,12321,5157,10409,5165,7341,11314,11187,8372,8115,12598,4921,4673,7620,8132,7754,6091,6860,7629,9036,2894,4047,3026,856,7771,8539,6494,6881,6371,3814,5351,10601,7152,113,9847,1532,4350
769,6786,3332,1797,2445,1422,1300,2202,3486,7966,5285,7718,2983,7078,7724,176,3504,2227,1716,950,2361,826,6201,4411,6205,2623,3650,8259,3656,2123,6989,4429,465,8786,979,595,3921,4822,8660,6234,731,1890,7525,4583,4456,5608,11631,12400,4339,6138
9603,644,6021,903,7817,3850,10765,9742,1806,5520,782,4242,2195,2068,9241,3742,10402,2215,6439,8880,5170,9395,1217,7363,10053,455,4042,8783,11856,5969,724,1750,7384,8154,5851,5730,9699,2020,5478,2278,10087,6637,5742,6766,8177,5236,9078,2552,252,10493
11265,5384,11921,2066,4115,5139,10902,8855,10522,10910,8350,6305,806,4262,5417,10745,1200,10292,3383,7100,1980,7489,9921,8003,5318,4167,75,9807,9170,9554,3794,6997,4693,10198,5979,4829,1634,5474,1637,7526,4327,3433,4457,751,753,1522,4853,12151,1145,6907
4739,772,4231,6411,6283,2957,3986,1172,3862,5531,9887,6816,287,5668,3241,427,8748,10156,5681,5048,2491,1725,7230,2749,960,6209,3394,3912,6217,1610,4557,1361,468,8150,983,3037,10848,3552,6242,356,6633,2410,2922,4972,3309,2158,3314,5238,1911,2682
8961,7553,6916,3465,2189,9230,4881,401,7954,6805,8352,8481,8737,804,3879,5163,8492,6905,2230,2104,7357,5181,6336,6721,5443,7877,2121,10315,1356,7373,722,9811,6228,5846,7639,9564,2015,5599,5347,2662,8551,3177,2540,11376,5105,7409,1395,4208,10105,10107
7938,2436,4359,11528,1287,9611,6156,6933,24,2840,7710,2594,7203,4259,10537,2090,3245,4782,4275,10419,4406,5815,952,9912,2998,5693,11198,2879,6719,7870,6850,7110,10568,9802,10704,5459,12376,11994,10331,6491,12128,3938,9956,1124,1006,3057,8565,10231,633,9978
9728,1153,8962,5120,5368,9221,10760,4618,4237,8464,147,917,11419,1188,4901,9637,7588,7085,9518,5166,2228,10165,7995,6588,6207,5575,3143,10697,5191,5195,1099,12106,8144,9047,3928,3162,3294,3295,1374,7781,10478,2543,7794,11382,8823,10360,12409,5498,7931,3964
1025,4993,6533,8454,6279,4616,774,1421,9870,8463,2322,275,2197,5529,10526,5279,1571,164,933,5160,6825,4778,1452,182,12471,8760,6203,5696,7745,6467,196,4547,70,2758,4675,9413,3274,3148,2643,6100,9690,4828,5852,5099,2029,4462,8049,1524,6262,7032
8198,4494,8341,8215,5500,8089,4889,5275,7455,4639,10021,9894,7336,6449,6581,2618,9915,1982,5055,7486,9793,10178,6087,3145,2893,6095,7504,5204,6617,8409,8412,3934,3424,3808,869,7142,743,4970,4330,10605,9710,3952,6898,627,8820,2932,2166,1404,4221,6782
6401,1412,1157,4868,3592,6793,4746,3470,9999,658,7314,791,2843,8092,9122,551,3624,9128,6829,6577,6323,5299,6199,8632,3130,4158,2752,5057,2684,3779,1608,8652,2253,4814,7897,10202,483,2916,3429,7657,2156,2033,5363,10100,8694,1657,1658,3963,4348,9214
6144,3842,11781,9608,5775,1169,1429,8856,920,2968,10905,3484,4509,10394,5280,9380,8999,5676,6445,6189,9517,1202,8887,5304,1335,1342,8645,8390,1095,206,10063,2769,4946,5588,1752,7386,10335,9826,10851,11749,7678,7399,8808,2665,5106,8317,4215,2554,8701,11774
2945,898,7683,8708,6275,6146,905,8459,6030,6159,9998,3602,531,8726,9879,3610,4763,1692,8605,5658,2587,9632,7454,7845,2425,7086,10040,3896,4794,1208,4664,5565,9918,11200,2889,76,5581,6865,10321,2262,8285,9057,1382,9962,10352,1648,8445,9082,6653,7807
7170,1667,2435,7940,8456,1035,10252,1299,8472,2201,11037,9635,2979,8742,4650,12333,173,11700,7093,312,3128,4154,2747,3138,10821,2374,6853,3789,2511,2258,12115,6103,855,1246,6752,9313,4581,10855,3179,4589,2798,1390,1135,2547,244,9331,1653,7800,5754,9725
9089,1538,3457,11013,9863,10378,11278,9232,8593,11284,10140,8861,1311,8098,5286,6775,6951,9385,11439,946,9907,6196,7347,11059,12600,8376,9147,9031,9035,5717,1623,4823,10585,7513,8155,10205,1381,6759,8809,6892,10863,1776,2289,7026,7027,5746,10486,5750,10748,2687
4866,8582,10887,3981,10125,5907,6675,11157,10518,6935,536,11802,4637,12445,3617,4641,4007,10921,6455,5049,9658,834,10438,11722,6863,6096,9937,4694,5462,5592,8406,5849,8662,11101,1757,4833,7137,9188,9573,3303,3688,11626,1137,2546,6642,7795,11893,7666,4094,4991
261,6661,3973,8332,784,5777,1296,1811,4756,10642,5626,4503,7836,9245,8996,1574,7980,6830,5939,565,2870,11383,953,5177,6213,1094,3910,971,10956,6862,6350,10324,4952,5594,4957,6497,4961,3683,3556,871,3307,3692,10223,8562,1270,2679,3450,7933,1534,9471
4736,5377,2307,2950,1807,5649,3860,405,9366,407,9109,6297,9623,1812,6806,11552,7713,930,7843,6827,5419,7227,10174,5439,961,8134,1735,8393,9805,5197,7506,3924,3672,4954,6235,5469,6110,9697,8675,7396,5093,4454,2539,8942,9967,5744,4981,4346,10236,3710
1409,6020,5128,7307,269,3342,2959,8718,4621,6803,8595,5013,2709,5782,4121,3997,673,7334,2860,4913,8244,1852,3005,3906,2114,5060,8776,7881,2513,3666,1877,854,7770,4571,4827,248,2146,4966,9323,8824,2157,493,5871,625,3830,8055,1656,10237,9470,5119
9986,2178,5129,1033,7694,5266,6036,6676,10006,7830,7448,1050,2845,8096,3108,8998,1321,11438,4270,7991,4284,957,1726,10431,1600,8641,12095,9155,2750,12613,9669,714,12108,1232,7635,10842,4573,10462,10717,8803,11622,11113,8682,2028,11117,755,4472,11644,6654,12415
4353,5761,3587,7946,7309,7693,7437,5134,10258,9242,8347,10787,11306,7597,432,3249,3380,8373,10938,8378,8764,7869,7614,8263,7240,9801,8138,4430,8528,6609,2642,7890,11984,3801,7643,2269,9824,1633,6373,7401,5225,11756,237,5615,4720,9844,10488,5113,3067,11263
9094,2570,7565,7566,3728,1040,4990,9874,3347,1301,5398,11540,11544,281,5788,7199,8991,9891,8486,5036,9262,4917,5689,8380,11197,4413,9791,9916,3907,6602,7628,5580,9946,7774,1505,6884,6245,6886,9575,12010,4078,2929,10994,8051,5618,3832,4475,9853,2302,6143
5122,3462,1544,7816,524,4111,9619,151,5017,5786,6811,7714,4004,679,5293,6324,3767,1083,7999,9923,5958,1740,461,7502,6224,9685,86,7767,2519,7000,8917,9819,5214,10591,4065,8806,8295,9064,10730,7275,5616,4464,2418,3315,240,6003,1784,890,1403,8191
5376,902,5639,8583,5644,2061,6542,1937,915,1046,9113,1307,2203,8093,10270,2974,10398,4513,11547,8614,8873,11564,1198,6451,5814,11192,2489,11064,8509,9150,1088,11970,1731,5959,10567,5578,9180,2655,5476,7405,5358,10350,2288,9583,2550,10743,7160,1531,8572,7421
6403,2948,7941,2437,6407,9480,2183,5891,4871,9746,11541,8854,11288,4888,11803,9372,11294,6815,672,9377,6821,12074,9390,7471,2992,4145,9393,7604,9525,6015,10172,9409,3010,4291,12225,11723,9037,8913,10587,9436,3165,9182,6122,3051,7530,10093,5234,6903,6014,767
7680,10373,6150,7686,6023,11273,6922,5259,12561,12308,7837,12064,6179,3494,7208,2988,1327,10364,12465,6961,3636,7096,12483,10948,10311,9288,2634,11852,4046,7759,1491,6739,8276,11096,11098,10846,2910,11880,12780,12528,2673,12401,9457,2675,2160,9075,2168,6651,11260,12287
9219,7812,901,9098,8202,8714,10510,8079,5778,7699,10137,285,10541,1584,1970,1587,6580,5051,8123,9667,1480,10952,8520,4811,9164,1612,3916,7247,975,10577,10578,7636,4949,7382,2134,6619,2908,8925,11104,7009,11363,4722,1267,3060,9845,8567,8313,4730,7804,10494
6657,2562,9994,3595,6282,3726,5905,9233,6930,4249,6555,9630,7844,4263,1704,6571,3374,47,4399,4914,3126,5430,8249,3645,2109,4159,1729,577,840,1738,10443,1234,8531,3286,2526,2399,3939,232,7913,2152,2667,5230,4347,1521,4337,8946,2934,8315,6910,1791
128,6400,0,8576,1673,3979,1163,16,9238,4760,5151,8225,2214,8231,425,1580,6573,7602,2484,4916,7225,1467,2107,6076,4670,831,5821,318,2115,8388,1347,8005,10826,9549,2895,2257,5714,5591,3417,4441,6365,2147,4714,2285,2674,757,7670,4598,7928,7801
9473,10113,4354,1029,7687,7433,6538,5899,2316,1677,5519,7184,4241,9748,12180,5911,6681,1183,7328,9249,4774,11818,10158,7215,6065,5426,5812,8247,9530,7866,575,6851,8519,6475,12023,7509,3797,5976,12508,9309,3423,7007,10338,9700,5863,9448,1262,7791,3703,4601
8832,518,3848,10124,7054,1935,10768,8978,6292,11671,11546,11676,12191,7201,10275,11940,4779,9004,7853,8876,12081,2485,10301,8639,9152,2754,4293,4806,9545,10186,5322,11212,3022,12240,11729,10197,9558,7895,6108,2782,7648,7520,5859,8423,11625,4715,9197,5486,9336,895
10116,2312,2057,5386,3339,3344,9108,10645,4886,3744,4642,1187,6052,1958,3496,1834,9773,10033,7729,6322,1332,9396,5687,9400,1464,3909,6725,1482,4938,5834,9039,9299,3156,341,2391,2140,9441,5601,7269,3046,9701,5991,8685,3438,5104,754,1654,1399,3064,4985
8066,10631,8716,10638,8207,11536,4623,8853,6553,6684,11298,7716,7079,6444,9776,10289,10290,9266,5174,10295,10299,11580,6206,10559,1730,12098,8900,9412,7368,328,5199,10575,11090,9427,9556,6741,2647,4700,5216,12908,3823,4207,7537,241,11121,8054,11640,11387,10877,12414
3201,2052,7304,3852,9357,5395,9750,9596,4377,5787,7070,7839,4130,1827,10532,8230,7592,6057,44,10544,1971,5175,4155,2493,2628,6470,586,3915,6474,4815,8784,84,5718,1498,5980,9693,10461,3555,8297,6378,11755,6250,5611,9070,6513,1011,9332,9465,6524,5885
12546,10756,9606,7,8974,12176,10001,3857,656,10262,8601,3355,1951,1825,10658,9636,10279,2089,6313,11049,8235,4524,10673,8242,7601,5937,2486,1465,3643,10814,4543,9280,3520,5700,1861,7238,2372,10318,10322,9569,4066,227,7270,8042,491,7020,7407,2813,9982,3199
134,8201,10256,402,7832,12312,7196,11293,10911,8354,9507,8358,8488,3753,3240,4400,9651,4788,5558,10875,10813,3392,11329,10816,1222,9286,6856,6731,9421,6221,11342,12624,11219,10836,9943,10329,10715,11484,6750,1761,4705,11754,11500,6252,3056,11760,11378,8437,7799,3323
3588,12679,520,2185,5512,650,9607,10909,4382,6686,12448,545,11299,11044,10792,4142,7857,6578,9139,436,6707,10038,8758,10296,6963,5811,829,1983,11720,4552,7496,8654,11222,1112,4568,10970,1630,8418,5220,5227,12012,9837,8431,3313,5362,9842,9714,8184,6777,10878
3080,7698,10771,11927,7447,6296,1306,4124,9373,11171,2472,6312,7467,9132,8623,7730,9138,1844,8759,1348,9924,12745,7370,7499,8523,11468,5838,10447,12242,9683,4437,11733,8664,10714,2011,7130,5981,9823,3679,6879,2663,4967,236,12398,10353,3701,247,7930,10749,11647
4480,8196,7556,647,5897,3469,10895,11665,3219,12310,5143,6040,2072,2715,7069,7332,1316,8102,3372,11182,8496,10417,4407,7485,4415,4162,9795,3396,7366,11209,11338,8650,11337,330,9038,7760,5331,10579,8153,11358,11999,2024,1515,10734,7663,8563,6772,246,5879,4733
8322,6664,11529,12553,651,9358,12814,11408,785,5394,10003,11155,8342,10903,2588,11933,3615,6176,5666,9383,298,3117,9011,9654,4662,2744,10937,11964,6463,6083,9028,11335,12363,204,3152,5200,8530,10583,11746,484,12007,6889,11372,12666,9201,7922,8434,245,3322,635
11009,7171,8964,7942,7048,10898,5523,10770,3348,10487,3741,5282,8868,4517,5669,680,2219,4141,7091,9779,11069,445,4925,3009,8518,10314,7755,2256,10323,6105,1116,1373,10078,7647,3169,1122,2402,5989,1895,5992,1513,9580,8048,7665,5492,10228,2038,12279,761,1918
10883,10502,7177,653,9102,2453,10391,9370,12059,540,9756,4512,3489,2728,9768,1789,4651,9644,6575,4911,561,1329,10675,5556,12084,9398,1591,1081,9019,12355,3267,10181,2630,8396,11343,7893,10967,8279,5729,9954,101,8037,6885,1128,7403,5100,8560,4341,4989,9854
9858,2434,11019,6028,4877,2958,4364,2320,11023,9618,10260,4633,9117,10015,11942,2607,2608,11184,9649,2869,9781,7222,3256,5434,4538,2496,6977,11840,8898,10690,11205,4166,968,8142,5584,10193,4948,5973,5079,7255,3675,4572,97,9953,8059,617,10987,3954,3190,1787
11010,4105,9865,9362,6546,7957,10773,10134,8725,6558,11935,1694,5538,6181,12709,7207,12457,6958,9903,10171,4541,6973,8767,1473,9666,11458,12356,2246,9160,9673,8778,10955,8265,9426,211,10581,5719,11230,10466,4836,5861,11364,8683,10860,3054,9592,9593,6394,10235,8829
10372,8074,1931,139,10637,4880,10896,5269,3096,6298,10652,2973,8221,157,5406,3358,2844,4520,42,2731,3754,1328,4402,7159,3063,180,9910,439,12343,572,9539,9796,74,3275,5066,10709,5590,11095,10204,7517,8034,11237,1384,1260,9455,11503,5237,10871,1528,10362
6784,4742,11144,6921,8328,8843,8076,3341,7951,5136,9492,6423,8216,11810,8229,10024,11307,2989,3122,7603,11698,11319,9017,2238,8385,8770,6090,8011,7631,4944,5970,4692,5209,986,3680,611,11108,8933,5095,6508,10990,12017,3571,2421,9334,7542,5752,7546,9341,254
646,6536,7051,11787,2966,7193,7065,4896,3362,5796,2087,6824,939,9387,10414,3119,6458,11194,7228,191,3649,8643,3524,2500,6089,4942,11731,9300,2517,6614,1494,1753,8666,990,1504,2533,6632,1770,4205,622,3310,3697,1779,885,4470,5239,12149,6396,2045,2047
9988,2182,7559,6668,8975,12177,9876,10389,5784,1689,8989,7711,7456,11427,10916,7973,5030,8489,8361,12713,9260,10291,3125,6459,11451,10173,12480,8001,10691,12485,11464,9544,1869,7765,5208,12761,10713,3291,2021,3816,6121,4200,5612,8047,6512,10740,11636,10742,12534,4216
10498,5252,1925,135,2567,4873,11793,9751,7959,10653,2464,3361,1186,11045,9640,11432,8493,2350,12079,4272,6320,11697,11959,9016,442,2366,11584,10440,10444,8398,8399,7505,8658,10965,10966,3961,2268,7900,11102,12125,7516,5857,3422,1509,8167,11246,7153,7410,628,8697
8321,4999,11146,1676,8589,9228,11404,3216,10513,2836,9851,1185,9890,2854,2343,12456,5673,7082,1707,9002,3375,1210,7996,9277,7035,8004,71,7623,8397,7375,3281,5457,9298,9816,5598,9567,4064,8804,7400,4201,2921,10220,4463,9463,4340,3445,1269,630,9338,11899
897,1666,7810,6915,10507,7947,11537,6548,2710,9114,8603,9248,8740,5800,2985,8106,7087,11448,12089,3769,7613,5182,6591,10557,5185,8514,9278,7105,5701,4678,5190,9419,5069,851,2388,9301,7512,9947,11869,10207,2528,4452,6248,6762,8044,4973,2034,8180,5246,6911
9729,11907,7428,7944,10504,11788,10128,4625,9747,8476,8223,9889,9892,8484,7333,9255,9897,9645,8879,8112,1458,3763,4658,10548,10294,4023,9142,3898,1213,11581,4420,8646,10571,5324,7756,5326,8785,9553,8915,9304,10458,11232,8678,10090,12650,10735,8688,7157,3189,11132
642,4098,1540,6,4232,7689,911,1680,146,659,4370,914,3225,5657,6172,9116,4126,1564,416,12068,169,3882,1197,1590,1463,4280,2174,9533,61,1599,4289,450,965,3528,209,1233,470,2906,226,8930,362,619,108,5613,3563,1519,1906,3958,7289,1150
9857,5380,8966,7046,6792,3464,5515,5388,11917,11406,7311,10764,10103,12178,11799,408,12055,5407,7457,11557,5161,4019,10164,10166,7865,8252,7876,1351,12493,5966,974,1744,5972,11988,5334,599,10712,7003,5858,3817,8043,11373,6897,2803,6902,11511,888,8057,12667,508
10882,8963,10758,12045,8721,1681,11795,11416,4248,12570,11036,10781,5029,2599,10671,10672,7216,8116,11062,1847,10550,2233,11065,8763,12470,6338,9538,10699,2764,11347,2815,11737,5465,9050,8159,10723,10854,11496,11242,12399,1136,9073,11890,10227,11761,9973,10616,12153,6012,12543
896,11651,2692,6147,5767,7815,5772,11669,4374,1814,2329,10393,8860,9629,1405,2462,11040,2849,9639,11817,2349,10030,9267,12727,2617,6333,5952,10823,7164,7758,12754,1881,6874,11610,11103,7903,8419,2404,1893,6499,7912,9833,7786,6380,7539,372,3957,2171,1020,9085
6276,5640,3977,522,7818,6924,4493,6925,2060,4236,3221,7581,8477,5025,4002,3750,4649,3242,5549,1711,5298,2483,6583,3131,1855,3264,2369,7747,2884,9291,5451,2897,1617,6353,6995,5842,6486,8535,1496,3030,3036,1888,737,1120,1507,5219,4709,3691,1644,3821,365,3055,5739,4083,117,2939,4220
4107,3725,3855,8723,1556,4883,3350,5664,6561,2723,3239,3112,1064,5545,4138,5933,7353,8893,6342,9033,3149,11732,4436,2005,503,2149,887,2556
8069,777,7708,6046,2208,7972,296,6697,8107,4015,5553,10802,7356,11202,7385,10594,357,7910,5224,6516,4469,8182,6391,10232,5621,2037,3709
11136,1537,12033,10244,4101,12041,12809,10766,12304,10643,8083,11032,6938,11431,12203,11308,6699,3755,688,9652,3893,6202,6972,10556,11199,11456,10819,7752,7121,12499,2772,12244,5078,10199,12407,10972,3677,7389,12663,2653,12385,7911,12283,12284,7278,12527,6384,3953,11250,4979,9203,11895,9977,7803,2172
12165,3463,12168,10248,7948,11533,11919,7568,7313,7825,6800,7700,11796,10012,9763,10915,11046,12071,11945,9770,9648,1968,7987,7219,10808,7993,10042,11193,5820,10300,7621,11594,3535,11089,10194,12243,10838,11862,11223,9820,11997,7264,9702,12263,11369,12270,10607,1775,10225,12146,10483,12276,7282,11126,11901
266,9485,4884,6685,3883,302,8503,8761,7739,316,4943,3923,6996,347,7518,8801,8290,12386,4199,1134,2419,7550,5257,2701,4238,5264,660,7320,154,6307,677,4518,8360,2736,4017,4276,6326,4022,6847,709,4302,5586,5080,733,7390,3296,4584,9968,5624,3834,1276,7677
6157,12302,6158,6669,12305,4635,6691,8233,12331,2604,8240,4146,5184,1091,6219,12365,5198,5201,1107,2645,2143,610,10342,5735,8815,5231,6267,9852,5248,5256,2717,9901,9908,3768,1212,5313,1219,4300,1742,6871,5847,6366,2294,4857,11006,5385,8465,8984,5405,9505,1315,4906,10032,314,4928,4422,327,843,5456,4951,5975,2393,1370,865,4460,7535,5504,4998,5518,5521,8596,10681,8633,4539,6075,9154,8136,5064,1487,9181,10206,999,4072,1516,6124,6652,510
8195,8581,9861,12426,5900,7697,4500,5525,5401,7325,2718,12579,4387,4646,9510,8491,555,2221,3886,5423,8753,7605,8379,7483,6589,8640,5825,8391,1224,9418,4559,5072,8911,4687,4820,8532,8676,12644,9062,8679,8420,249,3306,5356,5102,5487,505,1914,8699,8444,9086
4608,4865,9349,8709,9095,8457,2700,9356,12815,12562,8466,9494,12822,8598,8473,8090,12571,8604,5152,291,422,9511,12591,9268,9784,8511,9536,9279,8386,12611,9541,12620,8655,12752,12629,9174,471,5593,8668,8542,9829,12517,8421,8552,12649,2669,11123,12408,12665,8571,9215
4484,4488,2056,523,4620,9231,10255,8722,12692,3095,8733,8735,8738,12451,8739,12710,9512,12464,12726,12473,8506,12730,12732,1085,4287,12738,12484,12740,4550,12615,12619,588,9678,12238,208,4818,9813,9433,729,861,12769,8802,8674,5348,8807,359,10603,3564,12793,12541,8958
11777,9476,389,9222,12680,8330,11915,5647,5648,4626,12053,5781,5015,5144,8864,5412,12452,12327,9129,9513,8874,12587,12078,7728,818,8501,9914,10435,9295,978,12756,9559,10840,472,9818,1499,8796,12766,10593,12514,10980,9060,8426,8299,12654,9200,9329,5495,5756,11005,12799
514,10374,9224,5001,8841,9867,4876,12170,10384,9497,9883,5534,4899,4008,9134,9009,9653,8891,9788,12476,9920,4800,8387,12739,8775,12488,8651,844,9292,8910,4684,7888,8657,11472,9687,9176,8921,9572,9959,9067,9707,5357,12782,9071,9709,7788,9330,4604,9469,10366,5631
4352,8834,9091,8451,4358,8586,5646,9363,9621,9493,4373,9880,9495,8729,9877,8988,9244,9634,12324,4773,4904,8617,12714,8875,9771,9389,8365,12463,9775,5679,8507,12603,12605,9275,5056,9665,9024,9284,12741,8904,5194,9810,8537,9445,12775,8556,9712,9072,1393,12538,639
8828,11522,9735,7569,10002,6291,4244,12309,12316,11679,11813,11558,10662,5672,8613,12458,11563,10157,9263,11699,9140,12599,9913,3519,9281,11716,4934,5576,9675,11725,9677,12498,12371,8534,9175,12507,8541,8798,9059,12518,12390,9576,12522,10219,9578,11629,12402,8435,3956,9718,11772
12547,12677,11654,9739,12052,12567,9368,12057,12828,12573,12063,8608,12193,3746,6435,8485,10022,12583,9895,12200,9131,10031,12214,12604,12092,11841,10179,12612,2119,12235,10572,9804,7762,12114,9557,11992,11481,12638,9951,12640,11998,12004,12537,12135,1901,4723,12662,12281,11514,12542,7551
12802,11140,12806,10759,11400,9352,10889,6794,10892,9101,12813,10632,11291,12699,12830,11297,11047,11435,6959,11311,12723,11443,6965,2871,10683,11965,12735,833,11330,9415,12744,8905,9162,12746,10827,11218,10710,11097,473,12762,11359,10976,4959,8928,12772,12774,5350,2923,12784,6131,4987
8320,7169,1032,4622,6032,3984,1943,4759,2713,7191,6299,27,1051,3607,4127,5409,5537,4643,166,8877,3376,304,8882,1843,2611,4274,1078,8631,3000,9399,3012,3655,6728,329,5065,5323,1611,4935,591,463,3665,5844,2904,1497,4699,8544,8545,4450,6882,4704,2913,3684,4586,8940,6256,8692,501,2548,5749,3318,6645,2933,8827,511
11393,8450,8836,12294,12671,4360,9736,9225,12299,8204,11916,4110,11918,7432,4753,12306,8211,1939,8852,4630,6814,9759,12832,3874,9762,10405,12069,7595,4790,7863,11063,9271,9786,54,6461,1215,10432,12482,578,4294,11463,464,4748,3157,10839,4953,11871,11105,3682,12770,12771,11519,4710,11494,6502,2273,6247,9713,4597,11125,12790,10618,8831
6529,1793,2947,1286,907,6284,662,4887,2457,8346,6169,5532,3357,2976,10148,5156,2857,4010,4654,7214,5809,2353,6195,1586,3891,4278,7988,4792,8889,5307,7740,7360,12481,6722,6082,198,967,3400,5577,4297,4427,2252,1228,3918,7501,2636,7883,6354,1359,9172,2126,4184,4697,6104,988,2781,6238,2911,3933,9319,8425,1003,4209,10226,4980,7029,8822,5880,1659,892
7040,10369,2818,6272,900,5381,12422,9212,9615,6288,8338,663,10138,10523,9724,8479,12449,5154,5539,12325,9638,7975,1190,12330,6447,2480,6193,10930,12467,9012,9013,8118,4149,8370,9529,954,3516,10941,5054,6079,1988,11077,4164,1352,10569,9546,4298,9168,12372,8284,2654,9183,9440,10083,10596,9316,6755,9832,2025,9706,6376,9326,7024,10738,9586,5110,3193,2170,2299,9980
2113,1945,1545,746,684
8122,1313,5522,2696,3849,1562,3982
1794,2946,1795,3589,7814,1416,5514,5004,2065,6162,3987,1686,2455,6166,1819,2338,9506,5799,5931,9006,3247,12597,5941,6967,3640,3255,1084,3901,7034,6975,6976,7104,5442,5193,2507,6347,3195,3151,7251,1879,8152,4955,6624,2401,4835,744,5610,6636,3949,3181,6770,4082,3446,7290,6779,1917,6655
3584,2305,3585,12803,5764,3336,3343,1428,5654,6678,7327,7967,6562,6947,1446,12712,6569,8749,6446,3887,8625,5554,9650,7860,1077,825,2490,3770,8636,8896,3905,6399,2243,6986,3788,2381,6990,2383,8912,857,4576,7398,3815,7914,1772,5869,1518,8175,1777,3839,9460,3319,5243,3708,3326,9855
3072,3717,2310,1799,3208,393,8073,5003,3596,1289,2450,1687,3991,3098,3483,8987,2077,2975,2335,8993,6690,5027,8866,2853,5288,4905,6059,8109,1714,3508,2741,8500,5686,6330,5695,704,3007,966,2886,1863,4044,7885,973,2131,4821,7898,5087,8417,11619,2407,9194,1898,7662,7408,2161,7536,7028,7669,9461,4725,1151
3328,4870,11407,11663,11411,7705,4891,11420,12061,5278,3104,6434,11174,5929,9981,11442,11828,1845,11702,11322,2494,7103,9407,11972,4677,9926,5961,5963,6987,11983,11346,10962,4051,9941,9938,11348,11609,1243,11100,2144,8038,9964,7404,10348,9199,9585,7925,5497,7418,11645,10110,4095
3712,12163,1027,12934,12935,11526,10505,2698,7053,11925,11031,11673,2586,9761,11556,11173,10412,2478,4912,11313,11826,693,8895,10689,12870,2503,9289,11210,11595,9931,9939,9814,5211,9821,6109,9825,10722,11747,5475,4071,10217,10346,3436,5232,12913,10993,10996,12533,9205,11639,10872,1146
3714,10115,12036,5765,9097,9868,2321,11924,9620,11414,12183,9752,3993,10142,5536,7586,5410,11176,10280,12077,11954,10420,10678,10169,11455,3137,11457,4801,7364,11334,10183,11849,1483,3405,1364,10837,1110,10844,4707,6500,6501,10474,11627,9708,11118,10096,10864,12150,9335,9976,3062,12155
2688,7427,9738,8075,779,7696,10515,10388,5270,10014,1824,10784,2337,2339,3363,11809,5671,10539,11569,7476,7989,8120,10944,11459,5955,5317,11975,9672,12103,12234,7116,4941,12110,11599,11603,3539,5843,8019,12120,2649,11357,863,2532,12028,7527,2800,10481,10611,3828,5623,7932,1149
7808,3721,10633,6672,3090,10386,10132,10261,7702,10776,10520,3864,10527,7969,10917,4006,10407,10535,6953,11048,9772,11693,6317,6450,7349,7606,6072,6586,10822,5830,10953,12492,11214,6783,7248,11607,9950,12126,3681,8161,10214,12009,5866,5867,7531,11115,11120,10354,9206,11897,12282,10239
10497,10754,11782,11655,11657,8970,11789,6671,12182,12187,10017,12198,2727,10791,7976,5677,9005,3373,10543,9521,9911,10427,5186,10564,12229,10437,5705,11465,10958,10703,11601,11857,10835,9940,9428,11479,10203,11483,6625,6116,8805,8166,10215,9831,10475,12141,4717,1905,6259,10230,12921,6270
9218,11909,6534,6535,12171,7435,11153,10005,10007,12698,10524,10403,9765,3114,10028,10669,10491,10159,3892,11321,10687,9283,6908,11461,12228,11977,11979,11981,10833,12241,7166,9430,12250,11099,12251,8413,10974,7778,10728,3304,10473,12266,10092,11502,12015,6518,7927,12024,11513,9467,11388,9726
11008,10753,9601,7430,12167,12039,10251,10763,11539,11543,9240,3354,12060,8862,10145,11555,4771,10023,10923,10284,2553,2862,7342,11000,11179,9270,9783,11833,7611,4924,11709,11333,11473,9812,10584,859,3292,11745,11107,11877,11750,9081,7918,9076,11380,6644,9720,1913,11770,1915,7293,3455
7296,7552,1922,7939,10247,10119,10511,11158,12054,11545,6810,11425,3237,11822,10799,6704,1969,3506,11188,6328,11002,11578,10812,10811,11835,11839,11327,10045,10176,7235,3780,6981,7875,7880,11848,6476,9935,12118,6747,11229,10978,10979,9061,6757,10345,11116,6125,3824,10099,2935,11769,5882
10496,11137,10755,11396,3340,12172,6290,3091,3093,11035,10011,10141,12194,8099,7205,3881,11820,2734,6319,10421,10677,10945,6084,9928,6601,10954,7117,3024,10066,10451,11864,11736,11360,11616,11236,10724,10982,11111,7016,9961,11114,10089,7660,7021,10477,10861,4856,6773,1782,6519,6520,3707
11266,11141,9991,8072,11913,10377,10508,10127,10899,12056,12185,7194,3481,12062,10530,10408,11688,10410,10922,11437,11957,6198,10043,10429,10050,11204,11845,11588,2761,12105,11340,12109,10830,12496,9936,12116,12500,7894,10455,11480,11993,11867,3804,11743,11109,10472,10858,12273,12021,11767,6650,11771
7425,3334,11402,3210,3724,12173,10509,11914,1813,11926,3605,10651,11423,7329,11042,10019,12067,10149,12066,10925,6576,2681,11955,12216,6464,7361,11074,7879,8009,7498,6859,10062,10319,6098,7380,10074,10845,5982,10079,11617,10082,10211,10340,10984,10216,7658,2796,10351,7161,10490,11134,5887
11016,7561,12174,11666,11283,11028,10774,7587,11811,10531,10536,10920,11562,11052,11053,11948,8111,10546,3507,10807,7359,10048,11332,10309,7239,2248,9927,6985,12237,3283,3541,6743,7768,10459,6875,12512,8035,8164,8165,12005,7655,11112,11240,10986,8041,10094,10992,7921,10995,10102,3579,11261
10246,10249,11786,11785,10264,11929,11807,10271,10789,12070,12201,10413,11949,11952,12083,12088,10553,11834,11963,11969,12227,11843,11717,10692,11847,10441,12233,11851,11850,10445,11854,12111,11728,10449,10576,11859,10200,11739,7644,12255,10209,10210,10849,10598,10224,10482,10484,2293,10614,12795,7165,11903
12032,11524,11659,11151,10130,10901,11033,11163,12195,12196,10152,11568,11312,10933,11446,10037,11576,11324,11070,10047,11710,10436,10949,10060,10061,11600,11345,11092,11605,11989,10073,11611,11391,7395,12006,2664,11370,10091,12138,9965,10991,11119,11249,11122,11251,12145,10101,11254,12159,10106,11390,11007
4097,6658,7682,4102,8199,8967,1031,12554,4875,11022,4750,7823,273,792,4251,6302,6819,7971,8997,3747,7981,1709,12207,12335,5424,5682,2355,2358,7992,11705,4666,4292,4805,3271,713,3147,4940,8141,5712,3280,6738,3667,6359,4824,6112,2400,5605,998,8040,7273,4458,8944,9840,6130,499,7664,5622,759,4988,3965
12416,8065,12417,11911,9353,5642,12685,10382,1809,7186,12819,7317,10908,7842,11683,10788,12322,3878,10027,12459,12717,5167,12208,12209,12593,10932,11958,9143,4024,7098,10554,4156,3773,11967,10943,8769,11713,11587,12099,11073,11460,12490,12494,11221,11353,6876,10463,11234,12389,8550,11881,12265,10985,12013,11888,9969,8566,11510,11130,12157
6913,7302,5258,5387,5389,3471,7319,8088,4375,6427,6303,8480,7841,5883,2851,4265,6060,5932,4910,8752,5296,4542,4417,6599,5965,6222,3282,4180,6230,3671,2520,5338,3547,8924,6749,4575,5343,7649,7779,3045,4326,3047,2668,3693,4844,8693,9207,6776,8187,5116
130,3205,638,3215,3992,7066,7962,2041,3998,5665,1954,675,3875,7849,1962,7469,2735,6832,2481,5041,6452,7094,3382,6200,9146,2620,6592,5569,7878,2890,8010,8782,2385,1113,985,8156,5725,862,9055,6496,3554,8293,5990,2920,4712,8810,5482,7148,6377,500,6388,8825,2938,2300,3838
1921,3970,3590,6027,1419,910,8591,10257,2962,3473,4505,7067,2204,1696,4644,934,1575,9000,2346,7084,10285,5422,7470,5938,3124,5559,6456,3385,7226,4283,3136,12354,8772,6598,1355,7372,2259,7764,4308,1758,8800,4194,9320,1258,8816,6129,2163,7924,8700,1912,8185,6906,5627,2428,7935
12160,12670,12421,12551,3212,9487,10000,12307,8213,8214,7190,6936,4761,6170,8218,11164,9755,8731,2198,11808,11424,5540,6436,11304,10801,12338,3123,6584,12347,12349,6398,6077,12353,1602,11076,6086,9543,467,12375,12633,12765,8286,12382,12384,3039,9058,5091,5222,1386,7806,109,7283,9719,6265,12286
8704,8971,4380,7452,4903,1065,1066,3113,5169,1857,6468,9032,5709,5715,3931,3167,5493,1401,5503,5505,5250,5507,5510,8329,5513,4862,3983,4245,5526,9367,6042,6043,8351,6051,4005,6311,9127,4267,9402,4028,7872,5071,5335,3803,5344,9196,2797,4590,752,5620,5886
2694,4872,12425,145,1619,12438,12440,7321,12443,3101,12446,6175,6048,8353,6818,163,1886,5481,2743,8306,8307,12403,12405,12406,2742,2557
5378,2501,8262,8071,7560,8842,8271,8337,6545,7441,8788,6999,7896,3287,12378,4188,7133,6367,4255,6943,11554,12515,7908,4198,6120,9003,3308,12397,8303,8304,6835,9975,8890,8442,187
6277,7175,3593,9359,6161,3346,2835,9489,4629,8985,7838,8736,9120,8611,7461,8615,6568,7466,6955,7340,1199,4789,3254,6840,1722,6331,2748,3514,2112,7619,7492,451,9417,8267,2773,5077,10328,4057,2267,9052,7645,5217,2658,2148,7013,7015,7529,3565,3951,883,1140,1141,5877,8447
10112,9477,12300,9361,3990,7063,8344,4120,4636,5021,7582,8349,12320,284,3996,3236,7077,5542,4900,5291,7468,4525,7983,12211,820,821,3251,8375,6585,5822,3391,3521,1220,6597,4423,7625,12362,6345,3662,6608,8916,6233,11490,8163,5988,3171,3175,5098,4842,874,3955,10739,6010,5372
