833,473
514,3724
729,859
6500,5765,1110,3993,9708
5536,5410,1483
2871,2119,2923,1901,3519
1922,4484
7024,2025,7621,4097
2293,8613
2553,8802
6384,6202,2653
2664,4373
11321,3892,2727
4801,3062
6265,3123,7190,9487
3874,3157,3682
3304,9218,7875,8735
3354,6908
11000,6644,12060,3455
3746,4244
4008,5631
4352,4904
8072,4604
4953,6814,4790,4710
5056,10091,4773
5672,4987,5350,4959
5144,8353,9222,9936
5576,7644,8165
6259,5677
5963,8038
6794,6435,6131
8413,6518
8211,6757,6535,9467,9726
6938,6699
7551,6965,6959
7165,8988,9244
9770,7219,10012
7825,7282
9240,9601,7293
9203,7752,10556,7389,10766
8617,7395,8541
11857,9765,7435,11789,10974
8905,7762,7569,8485
7728,10593,10980,9959
7888,7788,10374,11472
9713,8836,9271,7863,8831
9706,8199
10019,8214
8450,8692
8657,10490,11009,10319
10209,8729
9810,9389,8798
8805,12229,9831,11657,11479
8841,10429
8904,9665
9352,8928,9162,9101
8971,10300,11046,10607
9095,9541,9926,11174,9356
9648,9168,9763,10915,11594
10152,10224,9275
9283,9911
9620,10837,10678,9335
9718,9415,9576,9578,9677
9529,10138,9546
11304,9719
9720,9783
9739,9735
9736,9762,9786,9759
11414,10183,9752,10474,10844
9804,9895
10584,9812
10022,9951
10210,10246,9965,10249,10061
10833,10491,10005
10179,10632,10219,10572,10031
10930,10083,10738
10403,10524,10119
10169,10142
10925,10149
10200,11524
11513,11782,11502,10215
10251,11750
11568,11122,10264,10441,11391
10482,12083,10692,11033,10271
10377,10922
10618,10405,10839
11952,11666,11576,11562,10413
10576,10445,10598
10553,10933,11070
10683,10710
8116,10687
11473,10753
10889,10827,10892,10759
11136,11250,10819,10972
10976,11047
11099,12484,10979
11008,11333
11105,11393,11125,11463,11063
2480,11077,12633,11901,9615
11097,11140
7121,11223,12071,11193,1775
11218,11291
11913,11266
11297,11330,11400,11359,11311
11308,11431
11312,11710
11627,11334
11442,11346
12408,11380,8542,11543
12514,11848,12473,12251,11388
11481,11514,11435,11443
12036,10007,3114,12077,11455
11457,10669
11494,11871
11522,11558
11600,11659
11859,11605
11609,7925
11725,11699,11654,11629,11679
9521,12241,5671,11655,11981
12167,11770,11877,11709
11772,11813
12775,5194,9927,11786,11851
11834,11807
11808,12286
11841,11965
12088,12463,11850,11992
12243,11862,3463
12372,12270,11895
12692,11909,12615,12141,12015
12482,12771,12770,11918,12671
12216,12782,12173,11926
12032,11963,11989
12004,12052,12057,11998,12063
12041,12203,12244,12033
10840,12053
12193,12114,12135,12200,12092
12116,4684
12138,12294,12538
12155,12183
12170,10366
12281,12235,12309,12214
12227,12324,8164
12250,12266,6671
12304,12385,12283
12371,12316,12390
12331,4559
12458,12402
12499,12527,12407
5540,12421,5222,6170,12765
12481,12515,12467,12597,12422
12451,12446
12464,12726
12498,12507,12518,12522
12537,12542
12547,12567
12573,12583
12612,12604
12640,12723,12699,12677
6290,7660,12654,5015
12809,12663
12712,7993,12803,9820
12744,12735
12738,10284,10709,7430
10835,12740
12762,12746
12784,12802,12772,12774
12813,12830,12806
12832,7595
2248,4358
11052,9495
11032,296
11249,12195,3956,10157
5186,5317,4101
10564,12541
10002,11563,10662,8435
12921,10412
208,1913
11997,8262
5820,9477
74,9771
10992,10372,9877,11112,4110
4360,12263
11811,3541
7611,4550
10436,9175
10789,11557
11916,12790
12512,4899
1968,12449,8912,7987,9012
5388,5334
4488,1905,5705
12178,9675,6291,11427
10432,1939,12069
408,11332,5380
11555,4771
11016,6875,12005,9910
11688,389
578,3707
12714,599
3817,2803
5161,4019
5648,4198
4717,4470
4800,8426
4856,10181
5001,5357
5515,9493
5972,5966
6072,9206
6084,6519
9005,6534
7016,6601
6792,6897
7264,7568
8009,7658
7756,8223
7865,7876
8722,7918
8057,8507
10898,8387
8915,8476
8875,8556
8586,9059
9270,8655
9091,9263
10089,9255
10073,9363
9712,9880
9913,10037
12006,10047
10130,10164
472,10141
10145,6458
10407,10239
10384,6575
10427,6116,10475
11777,10435
10496,10451
10849,10614
11114,10677
10808,11089
12149,10917
9857,11716,12741,10949,888
11035,10982
10991,11007
1744,9281,11092
9629,11126
11137,11396
11251,11151
11324,11254
11369,11669
11370,11373
11717,11390
11617,11423
6672,11607
11728,11739
11817,12727
12194,11820
11854,11847
11864,5882
11914,11069
11915,12078
11929,6902,7046
11949,12111
9072,12009
12201,12145
12146,12276
12233,12237
12255,8111
12338,12403
11897,12347
9889,12452
12605,12599
11745,12713,4924
12795,7587
8738,8739,11833,3291,12443
9544,9260
12353,12739
12160,6398
2985,11537
8834,11053
8970,10754,10230,10703
12120,11809,11979,10543
12174,6743
7098,5642
8769,7842
10027,10788
7003,11119,7655
11028,8286
8065,1809
9512,3824
4105,11458
8041,8623
10920,9373
11283,12438
6625,7476,779,6270,863
6520,11588,9292
6576,7161,2796,2681
9440,7385,9724
7457,8043,8534
9028,12814,8166
8112,8688,8646,10011,11519
8874,978,11236,3237
2402,12067,8891,12279
10995,9140,11903
12168,9326,4678
12024,9428,10958
10449,9621,10774
9738,12110
10937,9772,5143
9928,10945,9892
9980,12670
10017,6459,11357
8581,10023
2617,10194,10030
3137,10420
12349,10861,3189
11005,9398,10967
11163,11237,974
7040,11945,11202,11533
11611,3507,5646,8035
11785,11843,12070
12105,4730,12756,11767
12299,12196,12159
12603,10807,9775
10713,12761,2966
10546,9284
10530,7021
10712,639
9976,2337
1393,7561
4625,10548
5185,10507
6083,10583
7317,8550
7768,8537
9353,10463
10459,8365,7239,12055
10536,11511
10932,10908
11104,10952
11343,10391
11353,11460
11683,11510
11881,11713
10581,11799
10102,10484,11917,10094
12099,11967
11988,1351
12157,12389
12490,12459
4024,12593
12819,12717
9592,6546,3275
3898,11788
10248,9977
3096,1915,11787
2800,5270
851,7613
7539,2404
8202,2908
10896,6664
9164,10510
8997,3878,11221,8566,6876
3773,5167
10985,10943
12384,7586,12150
897,9586,5539,12378,11919
7699,10137,5051,7804,7247
9747,8678
4608,7364,9940,12103,7976
4552,10802,9837,8654
7186,9143
9969,10382
11888,11130
12013,11958
12417,10554
8514,6591
6464,11402
9883,9572
6125,8958
10106,10101,10166,7311
8862,9076,12302,8571,2862
12680,9553,8785,8879
11120,10132,4006,6953,9950
10611,6536,9672,11049,10014
12187,10437
10483,10838,10042,8860,5054
10724,10294,4023,9914,12650
3283,10901,11446,12397
11188,3780,11327
11539,4891,9941,5278
11924,12828,12662,693
7498,3210
4934,10455
7361,10509
8608,9131
10216,10113
6098,3605,3334,7879,10845
4723,12638
10204,3063
9009,10651,9132
7880,10811,10812
11424,11164,11076
7194,10043,3340
6773,12062
9539,139
4402,5406
9370,7403
7921,11845
10048,9634
2462,11103
11705,11022
12208,12335
10986,11406,8966
11545,12327
12587,11229
7778,12118,12799
12171,10723
12488,6476,861,1782
4705,1348
10505,10722,3828,9205
3169,10770,5523,5492
9102,10883,12084,9854
9505,327
8136,12365,11006
12209,11587,11911
12416,12265,12322
11234,12685,12494
2246,6958
5929,8307
5800,6248
10771,11935
10882,10781
651,12629
5719,9903
11969,11345,10060,508,8252
10784,10096,6501,9868,11599
12745,10691,3117,12039
9024,9445,3464,10764,5679
7116,7166
12476,9559
9067,1813
10984,10082
7425,10050,4291,844,11743
12793,12354,9061
7730,8451,7698,5237,2844
9301,4973
11109,6198
7815,10823
11010,10171
3024,10954
1136,11062
11416,12543
10227,2764
4265,1364
12089,9419,5069,5182
12330,10531,10309,5407
211,7207
11219,1222
4836,8725
3348,7647
5497,8444
6475,6973
9224,7205,7894
8354,11342
9729,9142
10577,9219
9707,8213
10340,10062
10211,10813
10504,11581
11042,12709
12754,11610
11754,10575
520,7428
180,9653,10103
11737,9073
7296,4626
8829,3679
10681,9901,12305,999
9585,8532,11348,8379,11663
11835,10092
330,7499
6403,7020
11337,5858,12667,7556
7760,9545
8242,9823
9037,9286
9683,8759
9947,6548
10353,11182
7546,10836
12176,10279
2818,11199
10369,7278
12624,3199
4700,10318
2256,9779,8964,10493
8466,9387,10923,8974
11073,11795,4156,8721
8330,1499,818
9476,10247,12054,5495
1969,8733
6800,5217,3535
8306,12172,10066
7359,11240,3579,11261,9455
11329,11948,11230
12425,11002,12500,9935
10616,1681
7349,11647
2453,10502
11121,7380
7912,11102
10578,8079
8921,8651
6012,10550
7164,6499,5772
10858,3093,9231
5843,11483
10872,8491
2034,10557
10523,2654
2528,10207
6338,8159
9427,11671
7216,11496
6333,5767
9832,12284
9338,10596
4912,9761,12698,10791
3436,11639
10364,9197
6741,6879
10749,4967
11432,12079
3721,1458
10776,9829,11214
5811,9982
7832,10756
9644,4341
4876,11293
2688,9678
2185,4382
4400,9071
9368,7427
8843,9687
11132,10909
11849,11118
11484,6684
9160,12312,6750
12620,6109
10864,10280
5291,10244
9538,2599
6676,9813
145,8235,6981,4925
11822,9991
588,445
9776,3857
9788,9709
11064,10127
12056,9393,11340,10134
11363,1612
11771,12021
12066,7270
3712,2698
7803,4452
4576,8329
10643,9652
4298,6972
4460,6871
9569,10322
11313,10346
7433,3355
10000,9362,3039
8265,12457,12356
8563,1630
11736,8506,11616
8895,2586,6863
1789,10255
11977,5348
8832,4354
3769,5246,5190
11760,6252,10351
12343,1384,9865,12493,6985
1128,9954,10675
9176,7370,7447
9497,11306,5899,10978
7866,11210,12533
12399,2815
12546,9636
11818,7407
2372,1183
8749,2630
12649,4095
4248,8963
9050,10671
7410,9702
328,9412
10520,10527
10993,12163
11048,3714
11153,11222
9329,436
536,10203
1112,11732,12679
3961,7516
5216,9295
5220,6023
12496,6739
8658,8991
3916,9134
10296,9842
9867,11141
10299,5259
8552,10603
10755,5036
4620,10830
10899,11461
7105,11107
12012,5647
3373,12165
12325,8501
12448,9268
12611,10028
9019,7893
12242,9426,11358
9638,7375
9267,12551
1666,2388
2754,518
9973,10758
7505,7153
3643,8662
241,11955,3804,6206
7635,8716
7716,9309
1088,9421
4524,5982,5519
7552,11578
672,8276
3361,12182
7096,10338
9938,12571
8106,9278
11288,9607
10128,7857,4142
11584,11347,10444
3506,1050,2935
11890,10699,1847
11232,1983,11907,8431
2056,663
4642,5611
5386,10591
10488,9349
11603,7989
12045,3358
3125,12470
3587,1208,3481,523,9469
285,901
8520,10388,2134
6859,12398,5887
12376,11769,9517
1537,8625
5208,9430
12730,2349
12177,12307,5095,8120,9791
2649,5593
9833,11111
2750,10734
8913,575
7184,2634
7946,6373
2734,8303
11601,10159
5580,12198
12228,10966
10173,12710
9825,5066
7309,1726
11176,4538,11942
5592,3090
3193,8247
5154,6747
7313,8697
9081,3617
8560,5381,653,3095
11065,12570,11242
5049,2262
752,9851,8107,467
11840,4166
10690,2434
8180,6911
10329,5558
4201,7810
9457,2316
12064,7791
8240,11322
9377,9575,1694,10875,8910
12115,9918
11425,5412,6810,6731,10911
2233,12554,11036,12153,12207
10176,10672,10728,5465,8763
11761,5029,10854,11464,12732
1027,4071
291,5475
12059,3564
8233,7404
8896,8603
8328,9316
8376,9618
12456,10587
11096,9242
11880,12644
12240,12061
12528,7795,12308
12465,3539
6396,7559
5538,8683,5861,10079
8099,4287
11569,10799
10740,12126
9912,9139,12492
12282,2437
6686,8511
8386,11693
9409,6059
12769,10386
5618,359
2160,11852
2761,5534
3328,7437
3681,2910
3881,3697
8019,4707
5866,5867
7808,10571
7969,9494
8290,11564
7932,8796
9784,10214
10472,9818
10763,6903
8161,11044
11720,7702
10842,12028
8361,12109
12234,10414
281,11116,9038
10585,5110
6196,6661
6052,3755,900
1971,3789
5584,4353,12333
6090,8933
7636,10494
9801,10258
442,10532
2948,11644
7177,8037
2988,6815
10024,8011
4216,10742
7938,6275
4612,7527
8978,10438
11260,3636
11273,11023
9433,3009
10477,12287
8714,4852
9876,1149
8489,1046
8153,10291
8473,471
7329,11074,8523,5838,10447
6312,8421,9814,7837
1587,8925
1243,4500
11645,1146,7418,9533,9981
3104,3524,4677,6824,191
2228,4870
4610,9557,4141
10408,10074,7530
5232,647
6542,3303
1232,10431
9480,11204,8204,5700
9298,8044
135,2329,2268,8271
7421,2038
10172,6821
7853,3022
8740,9567
9057,8317
5512,7426
7531,6685
10099,5830
6512,3396
7765,12406
10497,3245
12211,2700
3896,12300
9728,12362,12483
5992,10078
10816,10289,9844,9924
9961,5578
7009,4155
9988,8614
5280,9129,10389
11045,7830
11636,5174
11360,12485,11957
7700,2567
5152,9536
4865,6586
6324,4413
11027,2879
5030,4871
8075,8604
6602,10462
1316,8486
4377,10851
10513,7996
11451,12534
11541,6014
7203,4782
24,7941
1210,3165
12480,11626,8399
6632,8975
432,6292
11651,3957
4463,2343
10645,3438
7103,9215
4615,11407
1824,9666
3347,3091
7939,5756
6122,5644
10652,7342
7948,8191
2436,10110
10569,8397
7944,7157
9593,7705
5489,8668
7754,9511
9249,12405
2547,1399
11640,1429,12007
8770,4815
12225,3907
11824,650
9768,12355
1633,10887
6860,11158
952,9513,6146,11839
11793,5252
2744,134
3754,6298
12273,10996,6423
11171,11925
7845,9879
10579,8196,246,10345,10511
2921,9228
3296,6884
6762,10941,9114
6553,8853,4207
1937,10605
10440,5362,8266
1099,11294
6296,9097,1374
9288,4284,10350
10410,11867,10508
11733,3080,12185,5612,11480
12619,11803,5134
9366,9623
2061,9150
9968,7448
5234,4543
3249,8347
3392,4262
8216,9332,2421
7496,3313
9673,10773
4692,4742
9953,10461
6176,8666
10743,8887
10717,9583
9248,372,7512,7947,11448
3744,86
2500,3310
8873,5834,12074
9916,8998
990,11095
8585,6036
4066,7
7648,7054
680,6144,1373
9280,10158
3179,147
11184,1667,1988,5626,6079
1188,10535
7035,71
3026,4949
4921,9234
7816,9361,7382,11456
5376,11526
8962,3292,7454
10197,1935
5113,9756,11756,4941,12238
10948,10068,12023,9194,11983
6609,4293
10038,9580,10846
2503,11503
1528,9289
3152,10689
5394,11595
11747,12382
12386,12517
12562,12591
12752,12815
12870,12822
12913,12934
915,1262
10466,10275
11314,2314
2813,1327
8641,9313
2608,10260
3322,7922
1752,755
9200,8385,9060,9492
10704,4509
3122,8804
635,484
10354,12375,9897,6317,10735
2201,9890
9748,3405
4794,5623
9104,9714
3675,2607
1185,2854
10768,7537,10715,3056
3928,917
3323,9651,8358
6508,10990
11408,7065
7520,10124,2485,6328
714,6654
8856,6851,3484
9358,10814
12579,10348,7927
10261,9182,10518
10473,7235,11749,10421
11144,3216
2642,7933
8342,3423
5129,5225
8472,10220
10186,9558
12306,6987
11826,10565
7597,7614
10256,8708
6179,1301,8373,9113,6538
12553,6935
5937,3363,2663,8457,1198
7152,8313
11546,8742
1881,4374,7623
9016,10787
3108,12613
4200,10916,3816
11209,9795
946,6775
1584,2269,4430
10498,10526
5761,75
10792,6578
7328,298
2588,11335
12320,11155,245
11746,11372
4064,11810
8096,5486
9858,5079
2178,3610
3797,3615
5076,6812
10537,5459
10994,8530
7114,4763,10860
628,9751
9525,10903
8650,9383
12401,7686,767
9946,5786
10780,10301
1085,8565,8726
3380,2669
8299,7117,8263,10559
11438,11622
7995,8605,2543
8418,3588,829
10926,310
9658,8134,8854
5266,2278
4533,4733
7160,2486,6319
4154,8083,4999
9035,10140,11869
11265,806
5282,5989
11665,7196
10417,4237
6856,8437
11528,12081
12108,10045
6905,4811,691
11856,11828,7471
5211,6915,11031
9147,7333
9424,1845
8792,7248,11477
7786,8636,1814
5976,6065,12766
7208,1202,10040
6784,8406
9573,7467,5701,10398
1186,1509
2945,9380
1033,6799
9530,1029
617,8861
4387,3981
6096,3466
2386,6707
6777,7558,7606
4673,8758
8054,5199
8900,10638
11090,10877
11536,12666
10544,8784
8059,6326
5717,7238
2288,3433,11117
9824,10938,6886
10539,6108
8808,6850,8803
2121,11284,9863
1600,9905
4881,11205
2472,6681
5784,9931,7711
7714,6619
3701,247
9649,2869
6444,8207
10290,10631
11927,10295
5657,11933
4788,1382
10232,10965
10478,7607
6675,2321,5907,10115
7091,9277
10314,10228
9201,8434,1515
1918,12780,5358
3753,4457,302
5457,8004
3848,4806
12191,895
5897,10895
9117,3190
11993,2675,2203,10235
8867,10453
3128,3256
10001,1730
1779,11731
12098,9266
2552,6343
10673,9847
4475,7332
12192,7399
10801,11556,8676,9700,8778
8820,11465,11468,11157
9826,1342
6929,7341
7107,5157
2889,7930,8519
9781,10015
6221,9943
5969,7900,12310,6143
9330,325,94,711
10481,1169,5052
6434,11100
10415,11975
3219,7663
5961,9054
10217,7053
10658,12414
743,1335
9174,3502,9031
9608,11970,5676,8118
11307,2238
9180,3703
5752,4441,8315,5821
1861,8583
4472,11940,7742,10063
6772,6885
8396,7086
5100,4989
7890,9962
7796,8639
7050,10087
2320,3879
8001,9986,2028,12415
1531,227
2144,9407
7201,6694
2984,2124
10321,8459
7601,1844
2731,2174
9138,7079
7693,4517
1390,2798
10394,10855
856,8567,5798,2511
2496,7255
9395,6189
11921,10090
8051,5685
9710,7542
4581,5351
5778,9693
1761,11378,261
2840,4359
9473,8066
8326,2111
8898,3924
7945,9422
9514,3226
10174,2766
11984,9645,9094
7170,5227,6725
920,5775
10761,8218,4820,10878
12665,10419,633
1395,11019
11580,8775,4623,11134,3823
10944,9187,4774,10902,334
11040,611,11796,9341,11246
6089,4126
9336,10529,1850,4051
6320,9596,8398
10625,11994,5955,8372
11729,11212
11192,4065,11108,5616
3240,8488
9448,5863
753,6854
8224,12180
5498,11619
6704,11544,11123,7576,8090
7812,9742
2258,6103
1306,8047
4232,9300
4658,8484
6862,9111
9170,4783
11697,3057,1287,10331,11198
1480,975
3520,11490,2021,6668,1869
6805,855
12508,7509
7940,1637
10522,2302
4880,5981
11579,11190
5698,5262
4053,5356,8549
10905,8258
1784,2989,9640,7839
12321,7870
7138,6852
9635,9725
9236,9964
1040,12010,4573
7781,6245,5575,12409,11179
6394,9125,11263
6881,4167
7489,7869
9891,9853
4667,8158,10231
7017,5815
6040,9556,7575
11450,9437
2769,1006
2870,8551
5859,2782,8006
6105,7171
402,9507,7799
3040,1859
8227,1035
1267,6853
2728,1081,5556,4911
10250,5925
1473,3054
7400,8481,630
9945,6617
7570,5091,10955,10055
1145,8003
4720,1365
4513,5891,9939,11540,491
11338,4990
9496,2318
9978,7110
12128,905,2478,8598
10760,8753,7931,11382
10601,4530
3203,326
2057,5991
9819,10116
3864,6892,422,10006
8393,11673,9821,7794
5032,8115
10225,6322,10378,10730,1311
10594,5286,10458,10987,12125
12600,11439
10093,9262
5200,9796,5269
7401,8138,8764
6650,6922,9436,5781
4944,5443,7708,7910
10748,5750
4828,4078
10334,6830
6872,6091
4901,6207
9461,8679
3010,6159
7082,5434,9002,7087
9641,8691,10953
7163,11515
627,9334
11755,10443
3571,9630
10393,6380,1020
9098,9667,8123
240,9685,8518
10161,10381
1282,3427,2339,10962,1532
4888,5796
9155,9669,957
1200,4853
7852,5166
12400,4737,6173,6455
3069,10198,8807,2665,237
5426,2647,8423,11098,11437
11827,9894
9793,10178,7631
5476,902
5744,5469
9118,2062
3921,6580
7491,4047
1731,5814
6889,42,9654
9396,8493
6360,8855
10168,2992
11899,4340
1648,6977,244,5055
3482,5845
1581,6278
11013,10863
11722,7755
10332,8389,8870
10649,5853
5946,10620
8528,8570
3728,4693
2435,11700
4115,9956,5417,10956,6782
1307,2550
4778,9078
4993,9413
3732,10053
5331,3372,7366,4415
8864,10373,6015,4046,7759
8456,254
11113,6734
2489,8509
7620,6780
256,2715,8455
3388,9047
3272,571,9845
2929,9554
10072,6225
173,6581
10970,6963,1622
4896,7228
2322,5099
9297,7059,8132
7423,6791
7726,5375
9202,3557
10306,7895
2032,12076
5209,7844
1880,7299
7289,7517
113,5005
8082,12044
3138,10821
4176,9193
3155,4397
6920,10642
7193,8643,2047
4192,4718
1362,12151
9923,8229,8378,9773,2350
4187,5039
4420,8245
4568,11625,5322,4779
8016,1321,5002,8285
4259,11676,6766
5136,6930,4597,11959,3341
6026,8357
3362,12068,10362,8601,8074
10871,9606,9463
2488,5437
5782,8029,8341
9420,7503
8225,10342
2832,7211
11781,5565
1008,8076
1465,5812,2517,3494
8917,1189
2497,10317
8612,9406
12095,7683,7629,7887
7224,751
10125,206
3274,7782
3680,11698,7603
1970,10541
9453,2110
9458,476
782,11383
5851,6021
10121,3302
312,8384
7409,804
3177,9564
545,6450,11299,8709,11115
1494,622,1599
986,4270
7817,4829
7721,10059
8184,10633,6783,8951
5024,5848
2024,4162,8102
2625,9849
6071,563,10910,1079
6371,6917,2968,9063,4215
6300,4798
3424,3011
8033,6559
2833,7750
9915,5430
7604,11500,6653,4132
9321,9774
3550,3574
5970,9085,1135
2532,9949,6087
3408,9547,9062
8773,11662
5384,1074,7526,9279
4818,3602,898
7481,2925,7473
2710,968,9816,6028,2958
2618,5797
9787,363
5979,10292
9746,10822,10486,9372,3614
2066,1750
4034,3845
7637,1941,10456,2265,10847
11197,11999
8042,11387,4124
7304,1246
5639,2655
1806,10254
2090,7405
9802,2132
9053,10165
7800,10252
6865,5658
9632,11411
11420,11972
11200,12426
7877,2189
8876,11101,12598,2535
11011,3543
10402,7678,8783
7233,4641,5347,11954,5716
1776,6759
11552,749
5754,7093
8321,3281,3445,1707,8589
12908,11194,11964,4662
9075,4004,4664,1692,3934
5649,3954
7336,9696,5275,5398
8048,11398
8395,6807
3214,8766
9723,7279
5689,8999,7774,7694
7602,7179,10786,7486
9920,8674,4946,8390,1213
3059,2357
1873,4715,8661
11224,11187,5911,10311
8230,7959,7000,4938,2366
2836,182
8496,7565
8400,3032
2168,6313,7368,1825
11059,9907
9090,8429
1925,3342
9611,10335
3545,4339
6305,5235
6984,5173
8332,3973,1270
6152,2554
8177,1978,4603,9699
6139,5390
6336,188
5435,6182
9754,10359
2465,7061
9096,4025,9717
7227,9181
7450,6550
3186,10349
4329,1381,2687
5293,6046
1122,9874,7240,11802,11723
9600,1927
11404,1356
5673,2540
2792,720
6721,9811
1505,5163
1464,8535
1699,7652
3145,8524
5529,4547
4225,7258,8923,6214
6752,7553,2893,8701
8350,6679
6181,4541
2530,5213
2979,8454,7455
8296,3835
8409,2570
5617,2475,8412,7903
2289,11278
6066,5460,2039
8737,1538,8809
1877,9470
7026,10205
8492,6228
2594,11766,1142
5730,2524
1312,6491
9152,7696,10008,5833,7771
10975,5127
8952,4579
7456,8322,6933,5849,9390
7100,879
2002,5500
7495,9239
1576,1068
2236,3718
5881,10325
6160,11466
97,6286,10223
4042,5478
6148,9397
6921,11319
3148,4022
1980,6076,84
1114,837
3164,5413
1147,4134
2560,7710
9543,6719
11025,8031
3763,5324
10352,11459,11575,8828,7807
9188,12445
7680,12561
7780,3719
3938,10515,531,8645,7386
1634,9807,3383
9357,2198
10122,3118
10880,5165,5909
6545,6943
10714,6156
9690,8767
2747,950
7955,3060,8363
9449,92
6120,9975
10680,9438
11778,8458,695
6530,11863
5105,7095
10105,3918
10568,10745,3832
10697,3162
9036,6789
6898,6951
7124,5310
162,869,6637,5462
6407,4991
6667,11445
9116,2182
8464,9518
3738,119
236,10765,2894,9199
5378,3308
11893,6237
3808,11146
2361,11631
10360,11547,8823
425,4675
11129,8525
6997,4327,8201,6907,399
5397,4982
1150,6172,3958
6745,8786
3952,5788,7628,4917
3050,6494
401,6230
7630,9527
7892,3942
5017,8562,6811,8167
7928,4873,4272
9472,5400
7964,6502
9331,8198,9241,10826,3422
8034,8221
7504,3267,9017,8297,4094
10921,3051
2285,8375
7836,6446
5377,5474,4722,3748,4389
722,10775
3632,2250,6279
7001,5271
6413,9503
4634,4003
6392,7484
11004,4063
5297,3300
2312,7639
2772,9039
9400,5212
4546,10021,8606
569,5122
9232,9612
6114,7588
12035,4611,9805
12435,4206,6639
6242,724
8664,10637
7051,6614
4850,1322
5120,8144
8572,10567,5959
3628,2589
10324,5735
10107,2015
6613,2538,6893
1882,2564,1250
1217,11874
1645,3103
11650,1669
2297,8932
8582,4086,5615
4218,3476
252,2502
7689,1519
5777,109
6970,6451,10270,8103
5147,2166
11173,10262,12935,7130,4407
5368,3294
8592,8689
3964,6588,3143,5191
8880,5742,6064,4087
48,3332
5048,7275
9992,1242
1403,6956
6816,1526
777,2020
2299,5214
7626,2718
6272,6468
5594,8916
3945,4068
3657,378
5181,6439
1953,4558
4544,1162
3330,10906
1996,6949
7369,5613
4249,1299,7307,4045
7288,5912,1127,5567
3794,1060
3465,6474
8320,3175
3778,5493
6233,4505
5553,6990
3747,9013
9058,4525
4616,7665,1895,10487
8930,1463
2872,1309
6048,2107
5419,8388
5905,8163
7843,3367
7776,7963
546,7859
6939,4639
3584,5146
6097,10018,5571
3619,4787
5408,2242
3850,1822
8732,6701
5561,6942
954,3767
2587,939,7159,3119
3790,5311
121,2983
10430,5599
2008,9932
11172,2613
1777,3923
3770,6806
8,6916
1016,4796
10221,1559
3930,8500
9922,1138,8711
1914,2638
8696,8251
1153,9221,7085
6642,3563,11364,2183
7605,11038
4680,1807
4031,7327
8632,5958
10114,9310
6306,4426
6961,11298,4437,4007,1951
9526,6726
4848,2824,9499
2875,213
9468,7151
1305,9803
5804,1269
945,2621
6793,1404,4221
7213,7942
784,1758
3986,1172
688,2172
6299,3236
3933,3926
5952,3955,8419
3803,6367
3336,7896
8461,3398
7967,671
9732,3989
7483,5967
8745,1591
8685,1190
4740,7150
3160,1430
5554,2469
6147,5197
7362,7306
6605,6069
4564,2012,9252
4108,2911
5464,4345
11168,5793,4492
5973,6301
0,6623
634,2077
1352,7935
464,1687
2163,1799
2131,8822
2161,4630
4149,374
3251,4238
9435,4308
5169,6749
6738,5621
5764,1358
5988,1662
5258,6086
6130,2605
510,6158
6947,772
3394,7283
1696,7983
2120,8185
8344,1212
637,8815
6467,8852
8944,5177
10112,2490
10739,7063
7392,7999
4121,6253
1513,6466,8868,2998
5128,6220
6633,8939,7884
625,8005
5180,1598
4699,2797
6993,6127
7297,154
12440,2533,11702,5239
10202,2493
1296,9908
3590,5335
5257,6311
6697,7372
6936,9225
9212,8806
7384,4114
9082,3837,6325
2060,1797
3252,11658,7643,2845,3870
6385,10070
6445,5581,2974
2592,322
2596,9637,2335,12106,3295
9291,4732
5025,3547
5098,1668
5064,5313
5577,5809
6193,2143
6376,7872
5640,6461
6608,8040
8370,6027
865,9755
8594,3525
3041,8781
3553,3599
6352,6050,2309,10809,8845
434,6595
3889,9535
1474,666
1714,4027
1448,3213
6426,2991
4060,6543
10315,1653,8155,7357
9166,3375
7979,6427
9628,1629
8712,2224
2856,7351
1656,6803
8145,9233
340,5583
7250,821
6753,1602
2273,2410
3785,933
5160,8984
8731,9734
8800,725
7172,9861
6011,1820
2097,2173
6709,6231
9501,8175
5817,238
7032,7383
9967,407
4330,9404
2603,5037
4862,9590
6448,5299
2643,3885
5683,6691
2667,6175
2425,11529,11774
839,10879
356,8748
3555,9070
5250,6309
1523,3431
4395,4638
540,7078
7028,7318
1841,2678
5940,6742
1062,4367
2029,10199
5885,7077
8097,5307
12017,2227,7128,8380,7199
1673,273
1586,1228
8250,1518
1921,4515
6678,2383
3377,2494
347,3319
3516,5405
3821,887
3905,8479
4283,4334
4842,8295
5080,8621
8761,5372
6288,5712
6124,8967
5883,7468
7818,3677
8338,6659
678,9086
4005,9183
9196,4351
1816,565
4172,5918
4160,7991,4079
697,701
2713,1740
4976,7956
1651,3886
6656,4128
4536,3801,3067,5068
3704,942
1936,2826
7232,7048,7081,11034,8219
6482,3799
4809,2907,6692,2470
6085,5813
1498,1610
2890,5595
8032,1543
5344,7789
4643,275
5490,7797
5932,357
7084,591
3883,675
10959,1575
1742,8791
1481,2252
2296,2428
2962,7764
3124,3838
5627,3391
1258,3662
3931,4326
56,5385
266,5709
6669,3271
1705,9172
713,9855
1929,6918
5708,3261
6174,8439
1187,2037
6430,5295
248,6047
960,857
3376,708
7029,7438
8633,4980
8882,2954
4613,4343
4050,10612
930,2748
9367,1735
7378,2165
5363,2645
9624,998
1256,2639
3208,3426
3038,8687
1521,1738
164,198
3156,7390
947,6140
7441,7133
2843,5342
6192,966
1898,1580
5288,2382
3866,9027
5651,3534
1124,5304,7135,5693,1167
961,4111
8780,2109
5338,2307
3474,7911
6496,3522
5243,3654
4644,316
4857,4674
7492,5422
6597,6213
6986,3815
7320,2420
8544,2393
8704,2094
1051,8877
1193,6405
1280,7878
3996,2895
2473,7004
1155,9214
786,5667,4070
4867,430
6258,68
1812,9870
4651,101
7139,5484
6835,3287
8024,6025,2102
41,6490,5901,2758
2849,5931
1522,2661,5598,935,3566
4241,403
4825,1084
5842,1711
5682,3709
6528,4423
2481,6295
6658,6663
7145,2839,1009,3335
2896,709
1423,5109,8885
8105,8249
1436,1175
5123,6558,7957,10731,3086
5139,7045,6838,5511,3082
2928,7206
6162,4127
5653,8135
1512,5924
2513,2878
4009,5414
5602,10020
7112,3772
6480,8154,1592
2619,9549
6370,7325
5289,170
3337,5445
498,7132
8924,4062
1835,7615
8593,5290
493,5013
4954,774
4002,3315
4522,9399
5092,5900
5409,910
6585,4018
8360,9485
1995,4542
10193,7222,12471,4650,10653
9921,10323,8179,10566,761
7286,8902
9471,3126,4346,8682,7951
6137,7419
2209,580
6883,747
7459,4038
3739,3260,7566,8463
2924,3471
836,4535
9896,3457,8098
1234,4670
6283,10156
1524,1453
4594,4869
3708,8926
8088,5789
3512,1801
5106,2330,6539,9004,3582
5997,110
5473,6756,10533
2010,2583
2802,1644
3871,3023
3147,9299
6235,10236
50,5933
2162,166
3953,463
6624,662
874,686
2065,907
934,2671
993,8577
6042,1220
1419,3556
1541,6365
5145,1655
5696,1829
8596,1919
2520,3386
3045,7175
3693,7015
8782,4575
5387,3638
5389,3343
2723,5965
7269,6599
6776,5827
3458,7302
7649,5162
8480,500
8752,3565
62,9207
3842,2932,2662,8445,3742
1454,4159
3642,1018
6666,3042
6186,835
8899,6421
1690,7367
9064,5715,6039
1897,1811
1848,2897,1765
2606,3670
5805,3110
6209,132
5449,7167
3410,1476
3329,1371
1704,8824
843,3284
5481,6818
7321,5871
840,8795
707,3645
3683,1387
2884,5135
8529,1077
11763,7030
117,8631
3201,4914
4464,3462
3968,287
7169,2709
4877,5638
284,7550
4212,1141
7534,1614
4010,1654
7992,1959
2651,3357
2957,4158
3109,7183
3667,4654
4586,9359
5507,5725
5532,4231
5938,6563
3861,6366
7971,8591
9418,2674
6577,7657
3000,8540
3658,11892,941,5318
9274,3510,5943,9866,6687
1417,3065
8275,1909
1976,2446
2281,690
9208,5171
9304,6809,11695,5319
9128,2156
64,4174
10148,2407
5003,5396
4770,5087
1611,7783
2860,7980
7178,9158
10336,8918,5274,8746,1547
3002,4859
6400,6378
380,9582
4802,391
8239,1455
1571,1855
8616,2636
2418,3655
3970,6995
5681,4587
1872,5093
5620,983
6456,7076
7470,6486
9258,8420
4978,894
2272,4325
5941,3887
6163,5919
1578,8050
6080,3575
1177,7574
2539,7502
12363,4406
3187,812
2579,7315
11554,5102,6999
8569,228
2888,9171
6267,3459
7536,3596
6142,7583
16,6524
6562,468
5458,6955
985,7821
6350,5343
6433,1974
483,6532
4171,550
6204,4061
9984,409
3437,3222
1846,6463
7981,70
700,2398
5058,6948
5733,1998,8839,1143,9230
5027,558
3473,8812
4170,12204,3694
785,5666
9937,7666
5896,2378
3987,589
9828,8830
1219,4789
5019,1414
2353,8703
2835,3686
5880,3929
6331,3559
4940,6359
7226,1326
8816,1140
7881,9887
8576,3939
4595,111
2221,9510
7104,6662
4091,4646
3496,5695
7323,9293
2841,3227
11169,4618,8580,10503,9482
4756,4383
10848,6250,2692,5980
6224,8942
128,3254
196,2197
4444,1199
1401,9245
5586,2267
1608,2548
2556,1606
3500,2823
1975,4255
6032,5395
7501,7141
80,4186
3688,4637
582,7038
8849,7732,5140,7513,8142
2864,1433
2004,6397
5563,5748
4313,4668,4414
2082,5964
2114,2526
10376,5007
2257,3595,7847
2040,586
667,4196
9425,7347,7027,8343,6030
3648,3417
8128,5690
2204,5687
3241,4130
4714,1163
6003,4191
7713,4955
8122,1790
1954,758
1017,9154
3665,3450,2652
3001,7619
9120,3037
4185,929
4793,3875
5504,4884
1885,6847
8425,2187
8772,3286
3048,6610
6113,3829
4659,643
2898,6909
9264,10636
5915,405
7973,3749
2059,629
8416,1207
8825,1444
2736,2438
5132,3783
891,11419,3814
3369,367
4998,1943
3489,5546
9862,3007
2450,4375
1065,8634
1037,8039
1800,850
4473,802
5601,1359
7592,5787
6832,1957
6969,1405
6138,8660
3076,7149
4404,2093
870,263
6203,2549
5026,2987
7885,6470
8512,6887
460,2295
2920,2611
3685,3239
3585,1879
3221,4567
5044,5645
5886,8222
1858,6342
2041,7290
6998,9319
5603,6006
7352,4399
2195,1095,1194,8093,9998
8195,3925
3592,3265
1557,9303
8085,4599
5926,4766
7363,1875,7301,5236,8937
4629,4631
2601,3020
522,341
7346,3317
7936,8522,5260,2332
4633,3860
5004,5279
440,4537
1291,10828
7860,8996,9460
8755,5668
746,2215
3161,5950
7089,1562
7218,6514
4906,7515
417,2788
1121,8013
9441,9750
5072,2271
1286,3255
9688,4306
6874,1827
2325,413
744,6388
1002,4909
5665,3477
6401,791
2918,1446
1843,1501
4274,4278
480,4598
9681,5078
5818,6323
4729,7314
7416,8150
3448,769,1026
592,1490
916,7662
6521,2534
3920,6136
453,567
8346,971
1628,1231
2364,6302
4041,3434
1211,4318
2006,7671
2712,6002
3176,6979
3649,362
2867,4277
3613,8279
6024,6417
5053,6991
811,10939
6266,11154
1561,11191
11216,6453
332,8495
8193,6978,8089,6095
2108,1527
3691,2412
7697,8610
4635,3830
3982,4951
602,4588
2857,1157
9238,47
9089,2292,2580,9307,5326
5985,4519
6308,3013
4913,4123
437,1102
5624,3318
3346,4458
5401,3900
9840,4886
2300,2286
3181,3446
3280,6819
3387,1867
4697,5041
5799,4759
9146,5844
5619,7469
2338,9052
2577,1778
1618,8684
5732,172
7856,9604
8008,4398
2459,4319
6840,5692
9800,2561
8547,2702
6038,4263
3077,2359
665,1834
6257,5661,981
6088,4554
5608,5168
6416,2127
2023,7767
4467,5268
4963,1567
896,251
2722,292
4640,4209
1497,5514
2409,7353
1278,5503
369,5975
6354,6722
1201,7838
1064,679
1165,5327
2159,2527
955,9790
7298,8871
1992,1520
881,9766,7414
1588,7950
1397,103
3777,3971
4076,3966
8272,2659
3113,977
3243,7094
4961,2946
2148,5847
1568,3415
1596,95
3497,4781
2369,570
5332,9446,10263
2226,6019
6827,3141
10416,8911
249,2274
658,10100
4752,9491
6825,2170,5622
1792,5119
5760,10278,43,5628,8557
5914,1229
2994,438
2073,11003
3411,4502
1956,4966
2691,5238
9204,7204
644,3262
2030,4695
754,1091
7148,1516
4017,4750
5825,6556
5704,1871
4153,3233
5354,1015
5995,4556
2912,7706
2214,8255
1536,4660
1890,1716
2501,989
8890,4933
1451,5156
3720,9447
2960,4279
8000,948
7485,5879
2411,8190
1235,3950
3008,5790
8402,2298
2794,5487
6382,5655
1539,7412
8124,2007
9402,2670
5000,9595,3548,4
734,1263
6369,2347
3168,1329
962,7436
1932,3171,3692
1496,6836,2068
1386,4251,3212
9619,5198,4015
3480,4652
3674,4013
383,7031
7008,1284
7733,4335
7276,7549
1769,2460
7729,6238
8810,3151
361,5367
9987,1582
7292,5846,4286
2466,7115
168,10077
6205,2623
3131,3517
3064,3855
5104,7214
9660,5453
5522,6645
8304,5178
10034,35
6690,8694
4092,5231
3826,5780
4280,2738,6843
10831,5103
3309,2253
2152,7044
3690,3195
3432,4462
9852,511
6169,1917
2358,6975
8827,2620
3750,7814
8010,7988
4929,9695
2069,7439
8465,6436,9127
1025,2291,8182
5993,5738
556,5494
3385,4364,2071
1392,3552
996,7381
5172,8941
3792,4169
2448,3641
1272,1252
1530,967,6495
11279,7223
5505,6882,9603
1502,1071
5193,2942
5482,5990
496,759
4082,2419
1771,3205
3609,4622
4712,5477
4792,1334
6284,4855
8152,6611
1408,8267
4043,2260
4320,2996,486
6866,8653
393,4419
826,5285
2881,2805
5329,5483
5088,8705
8448,7125
668,1101
2385,1129
7913,2397
3904,7074
2953,2598
4569,8310
8121,8371
4411,9364
3412,516
6584,8675,6100,2219
3314,1100
469,1709
398,3030
5090,5219
5569,1298
532,1103
529,5874
3962,4309
10033,7874
4056,2147
3726,615
1482,9108
6157,5998
1265,2786
3106,2199
7174,919
8269,3630
6616,2206
2324,3263
2306,4749
73,4518
2632,1660
4208,7954,3316,2374
5544,7490
1947,6013
9379,4332,9302
9235,1572
6564,5439,9639,9259,5355
1412,9999
4144,4617
4874,2518
2730,4703
2137,7676
9960,8987
1756,3364
6768,8404
4450,1003,2052
8504,156
7873,3487
976,3107
7899,1196
5697,1057
6104,10339
5276,8293
7144,10206
3818,4716
3793,9381,991
8920,4075
6635,5806
481,7475
505,9276
6074,2853
7745,4725
6297,8699
3611,6438
5753,2492
6425,823
3232,6630
4459,6094
4072,1551
7176,8777,14
7746,796
2913,4146
3264,2684
3798,3854
3344,8092,4245
609,4539
5201,7191
7897,6330
3499,6891
3220,1156
6795,3766
4210,2882
5488,7071
4665,7627
5392,5094
7474,6223
6540,3207
6387,3622
137,6418
3004,447
4292,3055
4952,489
2793,5545
5884,5549
6728,940
6702,7535
6568,4743
7560,3293,4910
9003,4844,7901
8648,2778
6603,2830
4049,7798
8073,1830
3813,1109
7217,2354
7548,5063
1624,4103
8268,4647
5249,2193
2153,1422
6357,4242,1421,6878
3331,1493
3073,300
1440,2474
3371,3084
3668,5077
5337,4708
5244,6477
338,6723
6945,4348
2706,8730
6344,5183
2129,174
4744,7229
7785,2439
1570,2660
2035,6711
2756,141
3910,1774
4026,5877
8972,7478
265,5277
4753,58,1892
7739,4636,9109
8289,5547,1542
1388,318
1073,6364
7674,7819
5424,5224,3710
5769,6531
5945,5083
2264,3224
2184,3980
9850,6167
2507,6572
8208,8442,8842
1817,2413
4516,543
6713,5527
2179,4493
7113,3019
1289,1313
4496,9577,375
6219,4461
3897,4449,8477
1819,5116,4267
2208,4979,8069,9542
7625,6925,8141
1876,2175
5652,5582
624,573
8064,4084,1053
9827,1438
229,6606
5824,1665
1657,9122
3593,66
4363,4380
560,872
3576,4893
27,7356,7972
5521,1355,1215
5451,2939,5021
3965,499,3893
3440,6060,4758
4824,194,1671
10409,76,8989,5662
2572,1973
2053,7687
2443,2222
3786,5188,10286
7712,2396
2352,1741
2482,5604
5555,3166
8865,4337
8364,6414
3200,1989
4897,8482
641,5902
2760,4486
2970,4428
8452,4943
3841,5125
4607,4663
7377,4252
1044,7862
2427,6479
1795,6389
2773,2510
577,2938
1722,3036
1950,5703
3360,7523
5115,2838
5854,6823
3764,6180
210,8878
10032,158,31
3985,7181,5454
6419,7596
396,4044,5605
2848,1545
458,2171
4681,4706
7415,9727
8424,2444
5352,2947
7538,4435
5664,737,7055
4928,1315,1893
4028,4972,4188
3581,2751
7010,1554
3486,7966
3656,4822
1972,2126
6420,4487
2218,4531
867,2763
1209,596,1151
4304,5573
5949,1677
2140,3429
4736,1345,5542
1164,5101
4083,3644
3949,5302
4324,7757
7007,7215
8288,5035
7393,7394
5202,3244
6932,1719
4281,3231
3992,2212
1857,4965
3736,3475
2900,7974
3027,3647
7828,4935
1504,965,4205
8793,5591
1491,2973
6626,324
9483,4020,8851
1328,1770
1786,52
4840,6488
5418,4029
3478,99,1086
1737,428
4145,4866
5574,655
4305,2610,1431,8734,10446
1672,10779
2416,7230,1832,1691,7422
3976,8417,5729
1126,1191
3442,4165
6462,2558
3621,5550
9044,4621
6409,8693,4294
3072,5081,4905
2976,5281,6347
4311,1868,6447
6010,7581,6770
7883,4571,1911
932,1174
2624,3695
2905,7273
2282,5210
2817,7068
4523,6492,6517
3840,4902
105,2342
8790,215
4112,2003,3229,5221
2150,8838
3515,2054
176,2202
2376,6227
4858,539
3248,6826
4032,875,6437
2245,1678
8314,6845,3174
9083,2775
2363,1281,259
4365,11135
7126,2919
6185,6244
1912,2305,5075
1275,260
1650,4691
1354,6620
5296,2743
8872,8799
4220,8652,2741
1723,5822,3047
2829,4109
3269,4409,9317
3757,3959
3696,798
3061,4143
4138,1061
2033,2627,6411
6648,4814,4391
7610,7334,8718
1899,2499
3908,5974,5759
1104,2641
6808,2901
455,4805,2230,8349
2141,5614
6557,7070,1725
794,4222
1425,1001
1933,5261
2904,6598,1366
6043,93,7965,6391
8961,4930,6260,4970,559
1427,4974
1626,4661
2975,8052,3420
4627,3612,4671
2091,1511
9508,3094
1747,6062
3228,1565
3730,2414
8298,1990
7640,3088
736,3285
4465,7813
699,1292
9184,3366
1987,126
8053,2213
1488,9966
2916,1894
6828,4147,908,2951
4656,2515
616,6044
3202,676
4093,4135
7225,5714,5857
6129,1083,4957,1534
5423,2310,1703
7906,6099,1796
1120,3321,4827
2441,669
4233,6375
1116,3741
4474,6733
8801,3839,871
2537,5433
2154,3079
8228,4895
5758,5606
4385,5215
8907,5111
336,4593,3005
817,612
728,7019
82,5294
88,6900
4931,2014
2690,1685
6440,6899
6849,10597
7408,883,3862
2891,2612,2235
1865,4883
1616,3006
1993,5570
1754,7195
163,2694
8698,1254
2400,3806
186,5557
7841,6082,10285
6786,4275,885,4136,3102
1729,3915,6573
5852,8893,3167
9001,3015
4875,1031
3684,5518
1273,8940
7261,4102
3937,7253,6093,3751
3129,5551
3472,8028,4549
8352,4769,7571,1623,9385
1297,827,645
6009,7709
1004,3607
6485,2799
4117,4479
542,1759
3651,766
1245,927
7088,3234
7267,1958,3247
8884,4405
5264,7041,365
6571,4180,2157
1768,5747,6303
8468,9835,11931,4813,7915
3802,269,1181
4592,6657,2787
1883,5916
9650,3843,1247
5108,2348
7984,6063
3180,1916
2508,5045
7042,6627
3530,2931
2557,1886
2777,3807
3401,621
8478,4439
2458,3158
2752,6523,1039
4995,7599
2232,5785
5541,190
3325,5254
4841,3867,5151
6592,1113,7319,5559
1762,1508
217,5365
5432,1324
3873,852
5480,2207
2243,660,6164,7975
4761,2514,6769,4958
7284,4900,2380
2808,2863
385,2658,5855
1619,3101,2742
5795,2044
5314,10428,4150,2566
5028,2717
6057,3836,525
6353,5442,1803
8212,7519
3914,3635
1173,454
6497,7506,3779,5939,9627
1216,2977
4947,2990,4331
1158,2885,7254
2216,4830
4585,6314
4812,3508,5910
4433,638
4432,2394
4288,4915,4847
1274,4131,4431
11376,6449,8055,6910,4494
2696,4317
5008,3098,4823
1862,6126
1257,1310
5321,8564
5746,3495,8760,2104,4495
7047,6402,12231
1468,3150
8771,3932
5245,1470
5713,7719
3305,5983
7056,3999
848,4349
5306,1372
5840,8441
233,997
7043,1902,5391
3706,716,524
352,3135
5635,2902,4879
792,4988,4469,4590
6345,7518,6294,8071
7593,3975
3700,5022
1564,4942
8977,4835
8257,1402,4347
4619,183
2019,1005
4058,3822
1224,308,4821
3529,7793,3717
12288,5986,7684,8539,5308
2578,4307,7654
6268,3071
2113,7718,377
7034,1556,7823
5323,7461,3350
7337,7067,8503
1962,7924,3382
7962,2933,1574
3538,4918
4557,1773,1863
7968,6232,4838
4139,7118
4889,4851,1676,6190
7338,1461
4785,6858,9682
1700,4956
3345,2622
3521,6724,1094,3671
5184,6199,2381,8351
4392,8147,9006
7864,4514,125,8117
6424,4451
4532,733
1964,5526
5312,1466
6161,427,6110
6195,1261,6755,8319
3977,2355,3468
4184,7281,6569
8736,1179,8700
6736,1439,2447
3504,1300,4950
10328,9388,10120,3404
7584,1944,7431
8238,7529,3046,151
9697,1507,6516,2133,3112
4424,2001
4632,478
1130,3419
1794,2749,854,7391
4528,1447
3570,4510
2051,4151
10856,200
7197,6102,6647
2072,1389,3469
1400,222
6363,2046
4282,4499
4864,5723
11542,1999
1808,1066,4302
1793,7645,2294
3624,475,7308
6600,951
5770,964,2789
4584,7669,5654,2582
4421,5686,4903
2876,1549
682,3116
6473,9598,614
6256,3273,6478
4378,1443
3043,2964,7743
224,25
8986,877
7682,3324,8750
1361,9308,342
3650,1132,594
2521,6839
155,4679
6888,2771
1012,4605
5034,5251
2914,8355
2017,419
346,2086
6217,4739,6924,7398
3672,6996,2735
9506,4012,3734
3134,3606
5656,3127
8282,2100,959
3492,7397,2628
2851,2483,2149,7961,4189
10056,5878
3320,4001,5562
220,4429,7724
4322,3715
648,2467
3997,2701,279
4436,1428,1452,3140
6465,739
2005,10,789
6408,1986,9566
3756,3894
9504,22,1479,926,2431
1160,2099,5059
1856,3666,2959
178,2781,130
2026,7651,7735
2562,5229,5823
2677,3238
1376,775
3884,2390
944,561,5138,5043,631
1689,6132
6210,4527
7413,4566
9715,2861
6670,5359
6442,2036,9484
4985,988,684
1544,1787,6552,7344
2049,555,1948
1960,435
3527,5548,5629,6415
3936,4555
1743,5012,2903
7066,4427,494
6121,4370
6683,8427,11037,7934,3919
3016,3154,562
3853,4381
3441,5149
6377,3099,4529
2331,8588
6937,2323
2544,2768
8545,5510,3990,3727
7432,8284,5501,5175
8818,5196,4726
2672,5610,4199
8312,5316,3943
2680,1308,3852
673,5060,7221
7449,1028,415
6976,9000,187,4804
232,2146,3979,5718
10308,2765,2590
33,5987,3669
6946,204
1378,9124,1340
4137,4553,6566
3640,1658,2075
3664,9841,1853,3991
1888,6842,2676
1058,20,3895
2083,1604,6867
3365,5726,39
1889,6506,1052
5010,2811,4890
1640,2405
2644,925
1377,1478
6529,4036,1332
1679,4223
2088,4986
4923,1955
452,3349
1682,2874
6761,6555,7609
4600,8471
5124,2807
7511,3759
1984,1022
9088,9282,8259
1594,4589
8938,4645
1353,8669
449,8226,5596
8231,7670,6247,2873,461
9049,4235,289
4480,18,5446
584,3307,8300,6829
5728,3173
152,7257,7914,3136
8049,4194,6075,1615
1253,2927
6128,4601,7594
4456,465,2445
6004,1055
1896,7747,3149
7466,5923,5572,2487
1945,7073,2740,4887
10608,2241
424,5284
4481,1563
6346,1620
7634,6526
4357,4396,825,3788,862
7779,548,7806,1495
5141,4253,1839
3834,3451,7013
5609,5298,963
1090,3940
8018,2365,8559
6393,5057,9465,9701
5520,4164,9320,2346,2491
115,8335
3608,6471,8392
6201,4863,2334,4503
6280,7691,1445
6864,4204
6771,7245,3711
992,5073,2563,4227,604
2569,3514,3012,2559
6112,9032,4491,1092
5240,3416
553,231
2096,6153
6848,1617,7849
760,5670
1409,2934,5531,1852,3470
3849,4572,7052,4655
8405,4563,2101
9056,8169
2657,623
8356,661,1535
8979,2158,10151
4746,8595,1749,1487
8056,8309,4303
4760,980,6967
6178,5126,2575
149,54,6262,8187,6652
6906,3483,4926,6399
344,4073,5566
123,703
4948,6276,3676
10684,7908,1613,2471
5112,4831,5471,1303
7274,6395
5953,5669,6582,10989,7373
2682,2791,2399,831
4689,4290
922,613
5794,5994,5807
1635,4118
1727,4362,7727,271
4808,8339,8220
258,6020,2423,4408,12
1597,1014,4797
160,5893,4698,10237
1720,3453
381,2941,5206
2822,3414,3159
2136,9033,4483,3678
2408,841,1733
3242,387,1934
4440,7147,719
9305,7129
7280,3028,5096
7763,3183
8256,5935
6615,890,4315,2391
354,2724,3218
3906,4868,3912,2922,8776
2545,788,8294,1639,3820
4442,1659,6509
7664,5739,7340,4055
3984,4236,2301,4310
1106,4356,1684,5256,7677
4016,3745,5403
8840,1048,9780,6422
5568,8723,7740,677
10257,738,5637,3479
6337,6511,606,5711
4297,860,534
4512,8993,6968,6574,2223
5456,820,8889,3995,892
7137,4833
3290,1900,3646,8244
46,3503
757,2950,7142,6107,6332
5962,5516,2085
937,3863
4992,4057,7266,2972
5641,2604,1573
4312,2186,3460
8980,6861
4393,2498,2261
2689,2846
2464,2115,9994,6636,4734
3626,2685
506,290
202,107
5416,5721,3370
2720,4417,3282,5508,4872
3872,2211,6727
5248,5749,1078,953,4748
2225,6469
3913,2138,7155,5023
2704,2251
1732,6327
4945,884
488,7360,3891,6655
1206,2585,731,6988,5117
304,6913,6077,5869,3983
3400,1225,6452,6510
6960,3053,4526
8440,2969,7445,3352
10641,10396
2432,9041,6234,2859,5228
3856,2963,5829,329,1276
6677,8982,5944,6379,7790
6754,595,2055,2123,6989
9296,3078,5751,6525,6797
4497,4107,1069,7958
306,3998,3901,6277
6696,781,1318
7525,5203,1459,1503
1632,7458,8291
5450,4067
3052,1836,1319
6008,370,1674,9055
1347,3909,8985,3035,7582
1337,7641
1590,2087
2048,8640,7396,2697,1710
3554,1107,6412,3951
1686,5543,6200,1997,4687
551,8611,8021,8391
8637,5865,1965,2190,3631
11080,3661,3277
4289,2045,646,1753,9997
4224,8113,2276,1718
642,659
4816,1492
1906,6651
2757,6031
5632,5633,4229,1370,7758
8946,2194,5230,1467,5934
7642,3771
1603,5525,7898,4861,2574
7465,6289,9466,4649
4696,2429,886
2089,15
4434,443
2011,1244,8061,7212
3120,411
3217,3298,2915,6612
4416,9489,2519,7801,3087
4754,771
4751,3586,6183
1985,2042,8531,5819
1331,6236,2877
610,501,710,1772,5071
8337,503,795,7388,3326
4256,903,1736,3209,1967
800,6716,1589
1369,1485,4981,3663
6513,6674,1011,1134,3374
6533,3768,1118,2668,1550
10226,3306,4379,1804,6589
5537,2858,451,7294
8672,7057,2940,8774
10803,3029,7262
2112,6274,2542,1367
2906,1197
2259,348,4666,44,2191
7080,537,4653
277,4932,509
4583,979,6119,9273,6351
943,2356,3215
7585,3467,2484,6321
1680,911
3034,3762,3379,1171
4080,6928,2679
1416,809,2139,893,6590
2304,1380,8407
5889,7090,5420,351
6802,8627
3600,1471
834,1757
1204,2852,349,982
4704,6561,6583,4602,7452
7770,7675,718,1791
7554,3259,4445,3206
3865,7835,2837
2401,1339,4300,1277,6222
1457,9123,8788,5499,235
4682,3699,2395
2176,4369,6307,4454,4120
3652,8014
2737,314,7251,4422
3074,2164,3390,1767
4578,9689,4490,7917,1647
3528,146,1540
4832,882,8615,1032,527
7907,11244
4195,8548,7037
4745,3031
4768,9777,4962,4916,2457
5170,9348,8151,185,2943
2098,4276,3589,4261
2505,4683,1837
5272,7127
8866,4786,1605,6282,4316
2200,4713,3963,2311
4161,3796,218,3196,29
9106,3722,1067,3452,6431
9730,1238
2336,6682,4686
2784,8848,2886,1240,8156
1320,3133,3430
9021,5046
3403,1907,4795,1294
8992,3827,5061
242,4709,2714,4219,2780
3568,1553,5831,8236,8383
8325,6374,2774,8025,8094
90,3211,4228,10815
808,1227,4485
938,9226,5774,5894
3185,1621,1230,5463
1904,2188,1821,8719
1248,2340
4776,8287,1302,3551
192,6051,1525,6779,7886
704,3725,3130,3339,973
2721,5447,4937,5195,10639
4321,4178,339,7146,5870
7986,7002,7326,2733,4878
8170,6310
3967,2637,726,143
2081,6263,5513,9323,1295
6962,2451,5684,3142,1721
2240,3994,320,7039
294,9498,2629,1406
3537,1946,7690,6833
1713,2455,9417,1866,847
1360,2495,4565,6151
2971,2079,1663,8367
3737,1683,7494,5065,474
78,394,2430
1472,5179,6923
2967,6281,6493,909,8109
108,1260
512,6628,6693,6166,8447
2546,4694
416,3225,914,5590
4081,2981
912,6362,2509,4711
2673,7707
6673,3509,2392,457,842
3288,6187,1780
2753,3266,3899,1259
3776,2449,598,8301,4190
5241,6316,1076,924
3859,3572,7379,2646,7162
5353,3523,7748,3765
3170,3618,3573,6058,7069
2961,1093,2809,3418,2955
3601,3327,7209,3033,6607
4506,3562
3633,6483,3731,7109,8981
1908,459,3625,267,1469
1450,10283,1701,4239
5710,3935
3969,2
3025,4728,7355,9996,5371
10390,2326,1096,7784,2477
4780,830
1931,6
3577,4089,37
4125,2719
787,819
1042,3443,2279,6155,814
608,482,6133,5016,1435
6390,1982
2180,8215,5204
7904,5920,1221,4501,2205
600,1441,4258,5588
4520,994,4350,6150
7508,9703
3847,4100,2615
10003,4098,9011,4446
226,61
3944,1137,1642
1233,169
3018,763,2551
3490,2244,6869,2105,60
3947,741
32,450,157
656,470,439
209,4561,87,3882,5020
6000,619,4213
618,3591,970,572,13
