3969,9730,2,4100,5508,3847,4872,4745,394,3591,13,6802,787,5272,4506,411,7707,4125,5020,2719,32,1441,37,2981,6310,6187,5935,8627,819,5046,2615,1337,60,9021,830,3652,2244,3018,970,5710,4561,5204,3029,6869,7127,600,3288,87,7508,7262,4446,1248,3935,994,7907,741,9703,8170,107,11244,3562,1642,3947,6000,4081,2546,618,884,4213,6390,2551,4089,763,2430
2689,771,4228,7690,6923,3853,6031,2704,10641,4754,1435,1563,10396,5920,290,3490,2340,4258,553,938,1837,3120,6327,2105,5179,443,3771,3523,1732,2757,10056,78,8014,4816,7763,1492,1238,3031,9305,7641,1635,4067,4204,3183,623,1780,6004,3577,506,3453
4481,4485,4751,4239,912,8335,8980,5916,5149,1055,1701,3238,2086,6183,1320,46,3503,814,2096,3765,951,1727,4290,7748,1221,454,3530,202,5196,2251,6864,4689,4945,7642,991,9056,7904,2017,608,4322,613,739,2279,231,2657,3441,2677,123,2685,4223
9088,4605,3715,5124,267,6670,8979,4117,924,2846,7585,4645,808,3626,6316,2861,3884,7984,2225,1076,3894,4151,703,320,452,6469,6088,1353,6346,1227,5450,4434,2515,2644,7511,8407,3419,8287,3940,8169,1130,4716,1005,6126,1012,4600,5241,6395,509,1663
4224,3975,6155,5516,1682,2323,5652,661,2326,4118,5527,2837,10390,6937,1052,8992,4385,1406,10151,4780,174,8367,10286,4918,6839,4923,3259,1469,2629,5061,1479,200,4555,4683,4306,9689,5723,1883,3936,1632,6627,5353,5359,115,3443,4726,6006,8696,6526,4479
2051,260,2822,8588,8471,3863,5656,4378,2331,6682,5403,2079,2336,8355,5670,1960,2088,1450,424,1964,937,4143,4527,1204,3899,1472,1090,1478,1865,2509,4686,1743,4432,4566,3159,3416,4696,1754,5728,1377,352,7394,3684,7274,1259,760,4986,5371,5240,3325
7813,6151,1549,7950,8986,1425,4499,2451,2838,25,9498,3865,409,7069,4637,3999,3872,3741,542,29,2724,294,1447,7209,6314,8884,4661,2359,2874,2876,1470,2495,2498,3527,6600,8907,3277,5840,1616,6102,6363,6236,5215,4840,6888,4080,5878,8441,4349,2046
5251,6150,3207,6280,18,8212,11542,6044,4510,8478,800,3618,1573,2216,3625,5418,2091,2044,5037,2348,6058,6268,4528,9011,6716,3006,8383,7743,190,2376,1096,204,848,5202,6227,6483,3158,4439,6488,2521,1503,1762,7917,1908,3573,6132,1527,5368,2940,7039
8448,4864,5249,3586,3077,5894,8838,9226,908,655,8593,1427,6419,8981,7709,6942,2590,4514,2083,419,7593,4781,8495,5807,6713,1340,7873,5573,3142,5574,8774,459,2765,6991,2641,3793,2129,3537,7253,2137,4830,1378,867,2150,4585,747,8941,4974,2413,1786
3074,6402,7554,3206,2697,2186,2188,2575,1936,2325,1022,5016,922,7323,33,6178,9896,5804,6190,4656,6321,1720,4026,2751,3266,12231,6733,3663,6479,2001,3669,9303,2394,1116,7261,5983,3052,2927,1904,7538,2931,2164,6133,2808,2809,4474,3196,2429,5758,3967
4480,2561,9732,6408,6153,3467,5774,3734,1303,8982,4766,2211,5168,1841,52,1589,4282,1468,5180,2877,5825,7162,8771,8135,5831,5195,6736,1360,3538,7634,5713,4058,346,3932,2141,222,8799,224,1376,2660,2534,1511,5096,8424,3696,8053,9850,1916,5245,126
3457,4486,7178,3730,1302,2073,10779,2848,4769,1313,8228,4518,5926,6566,4393,3757,7474,8371,7221,1718,4405,3262,66,2760,73,2763,1867,7757,1999,1104,2261,5206,728,90,4186,3807,7393,5480,7273,235,3822,4083,6899,7286,2679,8056,4858,2427,3581,4607
4,1672,1289,5770,7691,6540,6797,3472,7057,5008,1817,4890,1436,4253,5795,2852,3621,9258,5420,7596,8109,7088,5173,7735,4029,5697,6849,1987,449,3401,210,4178,596,7254,4569,6364,6493,5596,8288,9184,10597,1126,5865,7785,7146,621,4978,5108,8309,5111
4992,9083,2055,775,3209,2829,2445,1422,4109,4496,6424,3608,6808,2458,4381,4897,3366,10283,6062,5551,176,3633,6960,1331,7862,5306,1990,11080,5962,3019,6093,5203,2901,4822,2775,349,1759,5088,8440,1254,1640,7784,2154,8298,3180,3053,9966,1263,1400,2811
2304,5254,4487,9489,1297,152,1562,1058,1956,5156,6438,4776,6826,940,684,1839,7986,435,2356,3509,2100,3127,5432,1848,4153,3133,2622,5312,5570,6471,3914,4682,719,1747,1620,6613,1367,8669,4319,482,4835,4965,3818,6768,3570,9715,2805,2807,4728,1659
1153,2690,6274,6281,4621,143,6928,6289,8977,8848,3859,3349,5522,3994,1310,7458,5028,2213,10020,2085,2212,9727,3756,1836,5294,3248,1461,823,4663,4281,3517,1216,4932,842,6858,4943,8147,4435,8404,2903,6620,3551,3173,103,8938,6506,2414,3699,5365,3327
4995,645,3718,4743,3079,7047,3593,3211,141,1295,7056,3601,277,6167,3736,537,4380,2205,5281,5541,7080,6440,5035,8236,4653,3635,3764,4409,9273,5949,3134,2753,1993,6219,1488,7379,215,7640,4312,3160,1372,354,2405,105,1132,6509,877,3695,2298,3071
1028,3462,1031,8719,1811,1557,3094,4375,1174,3607,7835,3611,1821,4895,3873,2467,932,2342,7719,5034,3499,1324,178,6074,7415,1466,4795,3007,3140,7627,2768,4433,82,592,3796,4565,6485,5083,3806,738,4451,1253,4711,616,5994,3055,2799,1014,3959,381
8705,2054,1417,7819,1164,6795,529,5010,7445,5141,6809,3486,1057,8482,1445,1830,8878,2990,7346,1588,3644,9276,7746,3656,7113,8653,4174,4303,594,1618,8402,7125,8028,9053,8672,7010,7651,3559,5103,7280,3568,370,1778,4210,1397,5494,8310,6136,6771,11003
2306,3460,10120,9612,1933,1042,1171,1944,2841,2851,8356,1955,4519,5806,943,1972,3515,3131,3135,1984,6210,2756,3404,1997,8268,4428,3151,6353,1490,8790,2390,342,2905,218,2777,344,4189,726,6754,4195,2537,7019,8940,4461,4595,7413,1273,3834,1275,5884
9862,3078,3082,3469,2193,916,532,788,9364,796,415,7071,6308,3365,2853,2730,556,4012,7031,9264,2994,8117,438,955,7485,2886,5446,6989,7245,6866,1626,734,5726,3168,4320,614,3943,9960,3431,6374,1769,3820,505,496,5879,8312,3065,7674,8061,383
9984,5889,1545,2444,4365,4879,3088,7439,3218,2579,2069,5147,2971,925,7583,3233,2596,1191,8872,1459,10165,4150,2108,6205,2113,2882,2245,1862,1992,2123,5964,4429,6351,4687,2898,3285,2774,2264,8025,1240,8291,4583,8684,7662,111,1520,367,6008,6142,2431
259,4869,4103,4362,2572,9996,1678,271,2830,1553,5653,7449,6683,156,669,6174,1660,172,7213,5805,7727,6063,4785,6962,3762,4404,570,5053,6727,2632,6473,2505,6603,10831,5073,4309,4695,1624,3674,3290,604,5732,9317,2030,7790,5874,2292,2423,5115,7676
512,641,5126,2439,5000,1804,5902,11279,2960,9491,6677,2967,1433,3613,3487,5794,9381,3110,5413,9510,2864,8113,1073,4147,948,5171,3766,1973,440,4537,7484,7229,8000,1604,2885,3016,332,4304,5329,1235,4947,3548,92,95,3937,7266,2276,2026,3437,3950
4102,903,7823,2961,789,5526,2199,2714,3227,927,6051,5284,3364,4647,5416,4137,3370,7466,812,2601,1582,4013,1457,4276,5302,4793,3655,4681,3273,3403,1100,7118,2260,7126,3034,347,3042,3685,2149,997,1899,7147,3949,5101,5614,6382,4855,4602,5244,4093
1536,8452,9604,9997,2702,4752,786,5268,3479,1048,5401,3352,3099,2460,1822,2335,8226,3619,4901,6823,4526,7856,7090,4660,1719,5945,3642,6843,573,5950,2624,5316,3786,3534,3920,4049,595,2646,4823,4313,5471,3808,3295,8547,11619,1639,872,6635,4465,8823
2441,909,10639,2449,3345,3606,5785,5915,2720,3234,2598,4135,6696,4902,2218,2477,3759,5423,4144,4655,5298,4539,6462,2240,1856,836,4165,4554,8524,3661,1230,6223,3150,7381,8793,3161,2395,478,481,1380,2789,2793,4075,1389,4847,3185,3442,3572,6263,1656
5132,14,4367,9106,4627,2964,1690,7195,1948,6430,6687,8734,31,4003,3497,5290,1067,2221,5684,308,1206,11191,6330,8251,10939,2621,4288,6337,1986,835,7367,1224,6988,9293,5711,6993,2003,9688,6745,9566,2411,875,749,5484,5487,4594,3316,7030,6647,9598
8577,1796,1162,5900,3731,4502,1561,6556,7325,798,1440,8993,3489,6433,4512,1448,5546,4523,2474,5547,3886,4398,1329,690,562,6968,1721,6204,62,68,582,8008,3411,3925,8279,6492,4831,993,8417,3170,8420,101,3306,5483,6258,6517,9207,6137,380,7038
385,3971,2053,1158,7687,4744,4490,4363,3722,1677,2446,2577,1554,5655,3224,2969,2202,1946,3228,7197,2206,1565,4256,1570,6180,1967,7215,6833,2099,4411,2492,3777,5059,3013,5704,3790,11216,5458,3154,1756,7007,4321,2788,4324,6119,4331,7151,8818,4601,6909
2049,3330,6148,7697,3989,1175,2585,4634,8610,6437,1062,3751,555,2093,2610,3763,4787,6069,3510,5944,7481,5690,3002,2875,1853,4668,3512,8128,4671,1598,2623,9158,5326,5072,6225,3408,8275,9171,4060,2271,5855,2794,6893,6127,9841,3187,1016,6521,125,9086
3202,7042,6020,8195,7174,3720,4619,8972,781,1039,534,8730,8866,1572,676,9124,3112,809,682,7338,3244,12204,10416,2737,4531,4915,7478,183,4535,8637,1605,4422,7109,7250,9682,1621,1493,860,4190,7519,5854,1508,3174,233,2412,8301,624,5488,6387,8698
6531,1284,643,1414,6019,1160,5769,8073,1291,5391,5392,1679,8851,7574,1177,5019,4252,1568,811,5548,2226,4659,9526,7223,4419,3908,8648,1736,4556,6607,1871,7377,5974,3670,3415,2778,4703,7008,2786,2274,3043,249,5094,5995,1647,3711,1265,5753,5629,5759
8064,6026,9483,3596,5397,22,9239,6939,4379,4639,546,1699,11172,10533,6692,2606,48,6709,695,4279,9527,6071,4796,2494,3011,5188,10308,4420,9418,9420,10446,6097,6482,4564,3799,9304,2010,2907,6883,7139,9828,4325,7145,1645,6639,7536,2032,2678,5881,4859
3200,1793,6658,1539,1156,1292,1044,4501,3480,4760,2970,4001,1319,39,4392,1451,1835,560,2354,5172,6453,3255,5562,699,9790,3647,4161,7619,8259,2507,716,4043,6606,3030,3414,8282,7899,7776,8801,736,6628,10856,746,1900,6128,3830,8190,1272,3962,4222
1408,3329,130,6276,5518,398,7706,3867,6431,2977,9123,9508,6693,1064,4649,2733,5550,7217,3891,5686,185,1722,7745,5060,1093,3149,980,4697,3418,1371,3676,4442,6878,4956,2784,2396,4962,4709,9319,4458,8810,6510,7408,6514,5619,7284,7412,6900,7548,2941
9987,8,393,4235,4750,7055,6673,149,6166,5145,7066,7961,6562,292,4261,678,6955,6572,1965,2738,2483,5813,314,3648,1857,194,324,2888,4553,7115,5453,718,5582,80,2771,4948,2392,3036,1245,7523,4199,1896,488,7144,4459,5609,8816,375,8827,3837
7175,5256,5641,8840,4493,6414,6161,3346,3220,665,2976,7712,6690,7465,8364,2604,7214,428,4652,3129,4797,4926,6848,8512,1858,3651,4036,6344,973,2127,3027,4563,5975,217,988,351,4578,2019,8039,5993,1001,1257,6891,7664,2544,242,2035,7281,377,1535
5635,7684,7306,1147,7181,3086,3985,7957,5914,6558,3103,9504,2209,6181,2470,4134,3889,563,4020,10809,5310,8767,5567,9535,2110,580,8902,3783,4809,3704,5324,5454,1229,3919,7124,2902,2012,606,3040,5603,3557,1127,2792,3945,4084,9717,3574,7288,378,9723
7814,6284,9235,2324,1945,2207,5537,6702,2098,4665,7355,2112,2881,5063,1354,1866,847,338,2005,4567,3038,2912,494,2670,638
3459,1543,2457,1819,1179,4635,6302,8736,289,2082,6819,3622,7094,1975,7992,2510,6626,6377,489,5482,7535,369,6003,1140,1525
4617,2953,4875,5261,3855,4369,6932,3221,1684,2455,4632,1438,2338,802,1196,1453,686,2352,4017,7089,2355,7988,2612,5557,962,5572,1989,7492,5321,4937,1103,7251,598,5463,3033,4317,4706,996,3429,5990,2919,1388,3565,1774,8559,8687,7793,8564,3321,1277
2432,9861,2951,7176,1801,1673,10636,8461,5390,6415,6160,10003,4863,7061,3222,540,2465,7713,417,10278,3502,4783,5043,9397,4541,3650,3525,7626,9547,4172,1998,6480,9041,1875,213,7895,8923,5729,4068,4070,6887,3186,1651,10612,3317,8050,3835,3452,6525,895
3072,2560,7043,3213,2062,3599,7315,2580,6421,6679,2334,4383,2983,10921,1578,11695,559,6066,1974,1209,5308,5437,1859,10566,6984,10059,6605,2386,6742,8024,6105,1114,2008,4061,9438,6237,3553,3688,7915,8557,1902,7279,4976,4206,1523,7028,11763,4087,3448,9468
8325,6277,3977,7436,1165,4749,4111,4241,1556,8085,405,3991,1686,155,8220,4893,7849,6569,4139,4274,1334,3895,3901,192,5447,4169,457,458,2508,3280,4691,5847,11135,5721,5219,6630,8295,2408,3048,3305,4454,1004,2671,8304,4212,2933,3061,5624,4092,7167
3073,7169,5125,10,6157,2706,5276,2717,4640,4770,4516,8616,2857,4138,170,3116,1709,9006,3885,6452,2232,7353,5178,1597,7034,5566,3776,1985,6722,447,9417,8781,6867,3028,4056,9052,2272,5985,6624,7013,5739,2286,8825,9204,5877,4725,4473,2938,6779,2558
3331,2184,3084,3980,4878,658,6163,5012,668,1181,7459,6948,933,1959,2987,430,5295,6192,304,3631,8755,306,8750,4277,5943,8504,6969,4038,4812,7378,3412,1876,10199,8920,2136,2140,10077,1502,7392,4832,1507,2791,8939,493,1650,5109,8439,1658,3451,894
6656,9600,258,6405,1927,3856,5138,1430,5271,11038,926,3870,1953,158,4128,5664,6050,6306,5793,3369,1193,6828,6701,7218,9780,7605,4027,5183,4032,5445,5068,8525,9932,6352,7001,2524,93,10975,1247,5473,1765,9449,2416,2928,10226,4086,4982,6010,6139,3582
2946,4867,1795,387,2696,5514,1037,2701,3215,3350,3995,3745,5544,7337,7980,4654,2094,4016,7475,6195,6711,4792,58,959,7874,5058,7494,3400,4940,2380,8782,4431,5456,8911,5586,6610,8018,982,4057,7897,1244,2780,2409,5354,7534,4464,2549,8694,9852,6013
2176,266,3468,6412,1551,4883,5780,1173,7191,2712,3737,5279,4768,2466,6691,4002,8360,5931,567,8634,6331,2748,2365,5823,704,6465,6723,198,4680,1995,2637,1741,339,6612,469,6995,1879,4184,1118,2527,1888,5090,7529,3307,5869,3951,2162,2676,1141,2556
6659,7301,7942,2309,1544,6025,5003,399,8594,403,5396,6422,795,10780,1309,5918,9503,1312,6559,5667,4132,8103,6186,2603,9774,6838,1592,64,8899,4549,6726,3398,8777,5449,1996,7630,9296,3035,5087,7906,3300,7142,8294,486,2925,9582,879,11766,9208,4862
1792,3843,391,3982,2190,3726,7183,8591,2574,4887,279,6425,919,5919,7073,8611,1318,1071,2482,5555,2484,437,8255,3904,577,2499,2884,6213,584,4424,8269,4307,2006,3286,88,2007,474,5210,2014,3298,5602,2915,7654,870,2667,7798,2680,8314,4734,2175
774,7818,1934,6162,2071,1947,5409,5026,3875,7204,1443,164,4903,5545,5424,4529,5170,2736,4532,7609,3387,316,3261,6592,5323,589,7886,3792,7764,6486,10206,609,3554,1121,2148,5605,3430,3815,3171,8425,5610,5871,5104,4337,3953,1524,629,6262,7290,4091
6401,3208,3852,4622,3984,3475,4759,6555,5277,5789,2081,4643,1061,7974,5799,4263,6185,4646,5934,6323,1791,2358,186,2364,6590,831,9154,2627,4931,196,3015,5065,7883,1101,6350,591,4698,7911,4713,2922,4593,8946,4348,5622,759,3576,8187,2300,1534,6655
5760,1281,3845,11398,3335,3719,5002,1167,1812,2583,1431,9754,8606,8350,5408,9118,10018,2718,9766,6694,2984,7081,7721,3377,7864,5311,6978,7491,8258,2242,5571,10306,75,4813,4558,4176,4305,3420,476,3550,4192,4963,7652,5733,9193,9321,9202,7414,10487,8569
6913,2059,6042,539,4123,9245,7965,1954,550,3242,8621,7470,4399,7344,4018,1843,9908,3382,7352,5563,827,2109,4159,6847,6082,707,7490,1733,3910,4041,5965,336,3667,2267,6366,610,6244,5477,5352,1897,3434,2539,2924,2674,7029,7669,2296,1017,1917,2559
4227,3332,3214,1423,2447,8468,5909,1941,11931,1439,6048,10786,5027,1060,1832,9641,4786,1716,3508,4536,2363,6080,3265,4034,4929,8392,7112,4426,2002,8786,10325,10070,4827,220,9695,10336,2399,6113,5987,2661,5608,1898,4332,3694,11631,6260,3829,8570,5117,8830
11778,1026,7045,6021,6918,3850,396,5005,15,8592,5651,3732,7318,407,4503,10906,9628,162,3749,7078,6059,11824,5297,2097,2102,2872,6970,9404,6845,4414,7100,6595,9803,3664,10198,6231,2265,6234,6107,5081,8158,4327,8679,10349,9967,753,2289,9461,6648,4218
4736,896,2947,3076,9485,2448,1298,2835,6169,4127,3360,10148,8871,4009,4905,3630,6832,5681,10033,2101,318,4928,5569,5442,3522,4292,963,6598,460,6094,9044,6230,1366,3798,2904,4445,3037,8416,2914,4326,7783,4966,1644,7789,2158,7149,3827,5749,2295,766
2817,3841,6533,7431,7432,4491,9233,8595,6420,5531,5787,7838,6307,1700,7461,3239,10156,7981,2222,7733,7225,6842,9660,4802,1092,966,70,4171,2382,3668,1109,981,5591,4825,7898,2139,5337,348,4450,3963,5604,2916,4838,7913,3691,3821,4335,499,4219,2173
3584,4225,2310,6278,4998,5385,8585,10250,1932,5262,9624,6297,6300,3998,9000,1322,5933,945,1714,5941,8631,6840,825,7991,6976,2369,4160,8384,6724,5829,4804,967,329,2250,6477,3543,6749,6756,7780,5224,6379,3692,4079,6770,374,10359,11129,6906,5628,1919
7298,9348,7172,6024,777,1294,3987,2197,662,3996,5023,6563,5924,5414,5549,947,820,3254,6967,2487,1723,700,1211,5696,1094,1738,6986,8013,1359,1361,6354,4180,8151,4440,9049,2138,5338,1629,4318,6623,1892,9320,365,2802,7155,2037,5367,3320,2301,3839
7426,5123,11011,10761,2318,4112,7059,10902,8343,9496,2330,6812,3229,10529,8612,4270,10415,7473,10680,1850,11579,188,5435,2497,837,326,5319,6214,11466,7114,720,3155,8661,10072,4187,10332,9949,10334,9187,1637,2535,3433,3054,8048,5489,1143,9336,10745,11515,3069
10880,11265,6917,8839,4492,7566,1935,2066,3738,1053,2589,11168,6305,5925,6182,5417,1194,3628,9905,10292,7351,2361,5561,9915,10428,9921,8003,3575,3657,2124,334,9807,9297,1362,7892,1622,119,11863,5986,11874,1634,3942,11113,9835,1008,8689,5235,12151,4345,6780
8320,2179,6409,522,2955,1803,5645,7821,5387,3337,3986,7828,2709,5525,5013,4884,6427,9501,8094,3106,7206,6442,7979,434,5044,3641,3004,5692,6332,5695,5568,701,3012,2636,7885,5071,852,985,7002,6362,3678,3690,2672,3440,5748,757,500,4599,2036,3195
6530,5510,6669,6543,9232,7954,1687,4505,27,7963,8477,4638,8098,5923,3495,5289,5809,6582,2104,8760,7224,1084,7615,5953,3138,4805,3269,9032,5064,6347,1873,722,4308,3926,1623,7257,9435,3933,10205,8800,3041,6112,6759,4329,9577,8427,10989,5746,7026,10879
1145,1282,3203,6789,6152,8458,8845,6929,9236,6039,1559,9111,1305,8732,3102,10275,5032,4136,43,9004,4397,12076,2357,12600,11197,9406,1600,7232,2625,10055,7369,10955,7884,10317,5460,2132,11224,8033,8034,121,1895,1513,9453,10221,6257,2545,3059,8952,9849,7163
7299,2694,6791,8326,11658,10381,11027,2839,10008,11546,2845,3101,163,5375,5797,1189,4389,11438,7726,5296,10161,2742,2743,4025,4667,9787,571,4798,2111,4417,5698,6854,6343,5833,3921,3282,1619,1880,5213,1886,9054,4579,869,9063,8937,2028,1009,7796,2557,7423
9089,1155,6916,4613,6283,12,10765,6286,4495,2832,1807,4114,7571,2194,10775,4889,3742,5151,6951,6439,942,2996,4916,2235,4286,455,9031,4045,9166,7373,3923,9945,2015,5599,5478,9447,1512,6761,8551,1256,2540,5230,1395,1909,2166,4343,5750,10107,5500,9470
9472,9986,9096,1421,7565,11154,7570,8224,6564,9125,8870,5798,6394,941,691,7093,11190,10168,5052,7742,8639,8256,2241,6466,6852,5961,3022,7887,8400,8016,2897,5716,10197,1365,6360,3545,2530,1250,10466,10731,4715,1138,4850,5236,1142,2039,761,5754,4475,4990
8193,7170,1025,5128,10378,2189,6288,4881,11025,2195,7956,401,7964,5021,1311,8737,6947,5286,6697,8492,6956,688,3319,2236,7357,1217,3778,4675,1345,322,2121,3785,2643,6100,6357,6228,1877,9690,9181,2029,3566,7409,4851,4852,4469,1653,6391,2552,2172,3710
8447,4356,4229,1671,10376,2569,137,3474,6418,3860,8596,794,284,7971,1187,1829,1066,3883,1713,5554,5045,6583,8772,3271,1481,4427,2252,1228,5712,2385,3025,6738,4951,6359,4954,4955,733,6110,7390,6882,7148,1516,8942,4588,1907,4981,1655,8699,5372,8319
1921,1665,1668,8069,3205,8454,5258,2954,2065,4631,7067,1950,2975,6561,4131,3113,6571,5041,3379,8761,9146,3385,2749,5822,5703,1487,850,2514,1495,5594,4188,5343,4704,3552,4575,2401,8932,8031,229,2407,3176,1387,1003,1772,9590,758,1274,5627,6652,3326
5632,4993,9090,5633,6279,8712,8711,5127,6539,6920,1806,782,10254,8849,2322,4242,5140,5400,7450,7199,2592,1567,9891,3748,6266,9259,2224,2613,3383,7607,8380,5439,7489,2758,6734,5076,1750,3032,4828,7004,5474,5099,4718,10608,2929,11892,9078,3832,4346,5499
6786,3973,8463,2963,1276,8723,6803,3609,5529,3612,3871,8097,7077,5162,3243,4778,6830,6065,9777,2740,821,6585,5307,3900,9282,451,6468,4547,1735,971,6222,8145,2645,5976,6616,5595,8284,2398,6495,7649,2658,1505,6502,9323,8812,3826,5751,4347,4732,7550
3458,4483,2950,3725,910,9870,8465,8852,20,8987,3232,5543,679,2605,2735,1332,5559,6200,1212,6975,1215,3264,6467,4421,6342,841,4044,6224,977,8405,3671,983,2393,1497,6235,1113,7767,5335,5344,3683,2023,5481,5098,2542,5231,6130,5747,6389,3064,4351
4098,2564,7050,9742,3476,7576,8219,11676,12191,8227,806,8876,10926,5039,12081,4530,1846,2488,10620,2618,10301,10174,6463,9536,8389,8006,6087,9673,7755,11212,8783,4051,10323,6872,1882,5851,8029,6494,7135,5859,5476,5989,3427,7017,3050,2538,10860,6637,11004,10493
3588,7558,11921,3090,10132,5912,12192,5024,10402,8867,4006,10792,4141,8880,6578,6707,6963,9395,10038,7606,8758,11575,1978,6586,829,7107,325,711,7496,10953,7248,9425,4820,11477,10453,5848,8792,10970,10456,94,10847,9062,10090,11120,9330,8951,8184,4603,7933,6783
2048,8961,4740,5638,4364,8589,2450,4633,6301,413,9506,675,6818,804,3879,427,1710,8122,8640,5313,6085,10821,7877,9800,5577,843,1485,2383,8272,5075,5973,6233,1369,4572,9564,8926,97,8545,2659,228,744,3177,5997,7150,110,3954,1912,8185,1787,3708
7044,6661,3465,4874,1419,5007,16,6417,2582,791,2200,2040,7581,5022,7584,7074,2042,3492,300,6064,4914,11383,2873,5181,8766,3263,3141,3913,2639,2518,7383,5078,4571,4444,9308,248,6497,4196,8296,361,4841,9196,1773,8562,3955,3700,7671,7032,1402,9853
12288,5511,7944,9593,650,10633,3848,12044,9866,6667,6672,8082,10773,7705,3739,5662,3614,8868,5157,9511,6953,10409,4779,7341,6777,11445,4917,8511,7620,8134,7754,6091,10186,2894,4047,9558,4568,6108,3934,6371,3814,10087,10601,11115,5486,6766,113,3313,11897,1532
10112,3840,7041,1541,5893,2311,6027,3344,6038,3478,8984,4636,2204,6816,673,677,2214,8877,558,3247,10032,7729,8370,6193,1078,1339,4542,1086,7104,1091,1219,6728,1482,4300,9299,4436,6611,6615,8152,3929,7515,5342,1252,874,5998,754,886,2294,4985,2942
3328,4610,7048,8074,9611,3466,4115,12435,2840,8218,11419,5152,2594,4259,11187,11828,2485,2998,12598,952,8115,1213,4673,8132,4293,4806,10568,9802,10314,6860,7629,9036,11856,8664,6491,7520,6881,3938,9956,2278,5351,12665,9072,7665,8565,7157,633,9978,10235,8828
5120,8580,11781,4359,10760,1547,9362,2968,24,8093,7710,12061,11169,8484,9637,9252,2090,7852,9518,4658,2554,10419,5946,6588,5693,6207,7233,6850,7110,5191,1095,3143,206,8144,2769,10704,10068,3294,12128,5091,1124,7781,11625,1006,9458,5106,5498,7931,3964,11774
6144,10625,11650,5377,4612,1669,7938,7171,9608,11528,10124,9104,1169,10231,1429,8856,920,10905,10394,3484,5282,3632,1202,5685,1335,5815,1342,8390,2766,10063,7503,3539,7128,1752,5853,10078,2782,8674,10851,12028,11749,5221,9826,8552,2665,743,10481,8051,4215,7932
2691,6532,1157,516,891,3470,3471,3217,6557,287,7968,2464,7334,6311,3750,1705,5288,5422,10034,2867,4022,2230,3130,5818,2752,1602,1474,3906,840,9549,5077,4821,4055,9302,6232,6367,9827,3813,1768,3432,5229,3314,9460,7670,2934,1526,1657,251,4861,6910
256,5761,8455,2700,7693,10258,5139,6292,8090,8347,7328,7201,4517,7597,432,3249,3380,8885,10938,7614,4544,1473,3067,9801,8138,8528,6609,7890,3801,10458,7643,3164,2269,3296,1633,9824,6884,6886,7401,10603,3564,237,2669,5615,4720,11123,6392,5113,9595,11263
3201,3970,3592,2443,1163,269,3087,527,784,9750,8865,1571,6436,7847,1704,551,9001,9388,817,6449,4666,5819,2620,2619,2878,1855,2115,8391,6474,2890,3020,1102,3918,3324,1370,3802,2652,6365,3166,2397,5857,483,2282,8300,10100,2165,7800,6523,10236,1278
2566,7302,648,524,9359,8338,5910,4886,4758,6299,2075,2843,1696,9122,4391,8231,2347,6060,5553,3251,5687,1207,1976,3770,3001,8124,2684,2502,9033,1737,3147,2133,10328,1885,9055,2400,6369,7269,1894,1767,3175,4587,109,9840,503,10105,890,6524,3709,3966
2688,2945,6146,6275,7427,902,5639,905,8459,8075,9998,6159,5775,3602,531,8601,2974,1824,5280,9380,8999,6445,7086,6189,7989,4406,8887,8120,4664,10944,11200,8645,5830,5581,9678,10321,11603,2262,10335,2144,2655,3039,1382,8808,9962,7405,10352,2425,9082,7678
5122,2052,3589,510,5764,7560,9225,4108,6806,7320,8344,7843,934,2859,1069,9650,2611,5939,3893,4149,8375,3386,7747,453,2120,10956,7501,5709,5842,2773,7388,5725,5214,4191,8156,5988,998,4584,1129,5738,4220,4208,6256,2163,8052,8700,2041,2939,4988,3838
769,12035,2435,8456,8472,2201,11037,9635,2979,5163,7859,3252,7732,4533,2227,950,11700,4154,2747,1594,3128,10815,4546,9922,9413,2374,5318,3272,6654,3658,7628,6861,9805,8142,5969,2258,9554,6103,9946,1246,7138,4589,4078,1390,5744,881,7934,4339,8429,2302
5507,9603,2438,5640,5513,4107,4753,4497,2198,2713,8731,2459,6175,929,3747,6309,1574,9127,2858,1962,1455,1199,8503,8893,3905,2243,710,4294,4935,6086,3654,2126,1231,6996,5844,8791,1501,4062,4958,4961,8163,3556,5093,2920,1386,7924,8693,3318,1401,7806
898,7683,8708,8582,10887,12415,12426,6030,11411,8726,9879,12440,11802,4763,1692,3610,11420,5658,2587,9632,5666,7845,680,11569,4275,11702,3896,1208,9658,10040,8509,9918,10431,5565,3009,11459,11972,10438,11975,76,6865,7635,8662,2532,3303,11117,3323,11644,6653,7807
9728,4737,8962,9221,10503,9992,9482,10122,4618,4237,11662,8464,10515,147,6173,5661,5278,8605,7454,7588,10535,7085,5166,3118,8240,6455,11322,7995,3388,8773,5575,10697,12106,1099,9938,9047,5464,1242,3162,1374,9057,6114,9194,10478,2543,12400,7794,11382,8317,4095
4353,7553,1538,9097,4494,9230,10260,8341,6805,8089,7455,4650,173,2608,6581,4794,8764,5055,2496,6721,9666,9793,6336,3145,2893,6095,2511,4818,9811,855,7513,4063,3424,5347,2662,10855,4330,3179,4970,10605,2798,751,1648,3952,1776,2547,244,8820,8055,6905
7936,10115,2823,523,5260,10125,10000,5266,6676,9368,4891,2332,3617,4641,4387,3500,6704,6328,8121,6397,10811,957,12095,9407,9155,9669,7880,8522,12108,11983,6096,2004,9557,5462,8406,10717,1373,6752,8290,359,7404,9199,755,10099,4472,5497,1018,1531,8444,8701
9466,8332,2191,273,8339,660,5654,7063,3098,6043,7326,9471,1703,1065,2219,8748,7469,8238,7599,2353,5048,5433,3514,6143,3529,1355,1740,5708,6862,5197,3156,10324,7132,5601,3046,8682,2668,9070,8944,1777,882,498,4082,2418,1270,7801,2170,1403,9725,8703
772,265,6158,10257,6674,4629,6295,7962,5532,3997,6303,6047,2721,3107,2297,8615,8105,1580,4909,2481,9013,187,5057,6470,7625,4557,5198,976,3666,7506,4185,6874,862,5730,4708,10342,5606,6636,3693,1134,4462,6898,2932,4221,4729,2682,7675,7292,7549,5119
5376,2178,8583,5129,3981,7694,6675,6036,11157,6935,536,7448,2586,1307,10270,11424,8096,3108,8998,4007,1198,6451,5814,2489,5049,1731,11076,10567,5959,8263,11722,8778,6863,9941,6871,10842,9180,11101,10462,4573,8803,6245,4460,10994,7666,6642,7795,2550,9081,8572
8704,6529,1412,6662,6282,3339,3477,4245,1685,3483,8092,5405,3357,5665,6945,1446,1958,9128,1834,4906,1326,2863,7983,3376,4789,4278,3640,6075,3390,7872,3909,1608,5193,8652,4814,1615,341,725,2391,4315,8924,6238,1120,4194,7267,8293,2918,4076,5880,3706
5381,1542,5896,3976,7946,10263,6426,2077,8745,4651,6574,2991,944,561,2223,10675,8500,5940,1591,5817,7483,1596,6589,1476,2378,10828,4941,2638,5967,3410,6099,5332,4050,3930,1889,6370,8289,5092,6373,9446,2281,11756,238,634,631,5112,6009,1914,7419,1151
3587,9094,2061,7054,7437,1040,9231,9874,3347,1301,1046,12054,11544,9242,11164,8733,8614,9512,9645,10799,5689,10681,10812,9916,9150,11839,9791,4287,11970,7240,5578,6602,5580,11984,9813,7774,7648,9575,8807,5225,12010,3308,9580,9583,3824,4723,9844,10743,6398,5495
1280,3590,1800,2957,6032,3473,2962,9619,4756,3861,1943,792,7452,3231,9120,2856,4010,9003,4146,7740,6461,5824,3394,1352,1225,1611,3148,1358,2896,2259,5080,3803,1628,2781,6496,2913,6753,356,3045,2020,7914,7275,4334,4590,1392,2419,5493,1654,6267,7935
2436,2824,8714,2314,5901,7696,9234,7955,5398,9623,6550,281,5275,1691,1188,1576,8746,8363,10541,7853,1970,1587,10110,11314,310,4921,8123,2879,9152,9667,7495,1480,4811,975,7636,8918,856,6490,6619,7771,8925,7422,9696,6633,363,4848,7152,3060,8313,10494
1794,4746,3979,907,9999,7314,1299,9238,4121,7070,160,4515,5668,4005,44,6573,2860,4910,5175,6199,8633,7226,6203,2493,3646,1729,1603,6217,2891,5846,854,8150,4310,8795,5212,2146,6242,9701,232,1002,6253,2157,6002,7283,4980,1911,8824,10237,9214,2943
12160,7296,5891,9476,8581,11526,10247,5644,3600,1937,12306,11539,3091,915,5015,2203,6815,8608,672,4513,4771,8099,8873,9131,11179,11564,6319,2992,1969,11192,11064,1471,12225,7235,9931,9559,7129,1499,3292,12638,1122,8548,5222,7530,5358,2288,12406,6903,7160,7037
7939,2948,7941,2183,2698,8330,3340,4626,6290,5781,8854,11541,4888,11031,6170,11035,11294,9377,5540,6821,8233,12074,10412,2734,7471,9393,818,6014,8753,10421,5558,6015,10172,9920,3010,4291,9939,5588,9814,5211,9436,11360,10982,9961,6122,10477,5234,11893,1918,767
8321,1667,4999,4616,11146,6666,1676,11404,11019,5907,2836,11284,1820,10653,8352,8481,8864,5669,935,5673,1707,3375,9649,7091,7222,2870,8376,12471,10430,10690,4166,839,1356,3405,5457,7258,11899,10587,9567,10978,11107,5992,10223,1522,4340,3445,1269,5623,5626,6011
9098,3212,5389,3343,9108,9367,151,5017,8346,5146,5786,7967,7841,7714,1957,6568,2346,8493,6447,2741,9781,9400,3000,9402,9277,4164,8518,6599,4297,5322,5451,1868,1614,8529,3665,4311,6104,2651,9819,9058,3426,612,3181,240,10228,8822,1015,5243,1662,8191
7940,261,518,4871,8201,7817,6542,10256,8978,6933,7575,8855,7196,5788,9507,11940,6949,8358,8488,3240,10539,5036,302,10158,1200,9651,7604,6325,5304,3392,4930,4167,2889,6221,9170,6997,5849,5979,1761,4581,4457,7660,9964,9968,5618,4853,2038,7799,6907,7421
5505,10114,3717,9484,4748,5520,1683,6164,3862,8479,1444,4900,1190,7975,5542,1711,1586,5938,6836,1464,3768,3005,7360,5314,6979,1220,708,8010,7372,6608,2257,3284,1749,6998,2519,3931,8540,7645,3293,2911,9183,99,8675,8040,4842,4586,1518,4209,2420,892
3712,10373,6023,9480,11273,6922,3093,7837,3494,7208,9129,3881,8491,2988,11437,9390,1327,10364,6961,3636,8501,11957,12476,8895,2754,2761,2634,11852,12109,7117,9295,7759,5584,3024,4046,8276,9037,8913,9818,12766,2910,3169,9953,10858,12780,9075,6773,2168,11260,12287
9222,10377,8598,5911,5144,11808,8353,11942,9513,10922,12465,4538,12613,4934,10311,9936,12240,10455,11096,11098,10846,11880,3051,12654,9457
4354,10755,12421,7686,11141,5259,2316,9487,7190,5534,12064,11304,3123,10954,6739,8796,12765,8299,2160,12401,2675,9719,6265,6650,12286
1674,4236,5116,1550,7438,1428,4255,671,548,3236,7972,3367,3109,5419,4267,1201,1077,54,6584,8889,56,3897,7356,569,8250,4416,961,1347,9291,7502,5583,1872,3023,6478,340,8535,2520,7901,4449,6755,6376,5355,4844,8685,5490,3315,7797,5883,252,7294
4615,1033,7945,11407,11158,11673,3226,3482,10141,10910,2339,7203,3237,8874,9514,7211,11822,4782,11826,11188,1845,1079,9274,11450,1085,7103,11327,3907,3780,10565,6987,9422,9424,10962,978,4053,5845,11864,472,2649,5593,9437,11236,8549,11622,5356,6125,5882,8958,9215
8832,1797,5897,4233,1035,2060,10895,6416,1300,2972,5790,7966,12062,12579,5285,7718,4774,11818,7724,9262,3504,1074,6201,826,10045,3008,8641,9545,714,11723,465,979,8660,4950,10329,731,11999,9313,1890,7525,3686,6375,4456,2153,10348,10093,5870,7791,5492,6138
5248,7297,10498,8576,1799,3983,1296,2068,7319,1051,7327,930,7076,1575,10285,4525,8239,6829,5169,953,5177,3391,6719,3779,2381,1742,5327,6990,463,1496,7000,5852,5598,3167,480,4065,4064,7779,7398,6247,871,5735,1258,10730,4972,2285,2159,8175,8049,4857
3714,4611,2437,9607,9746,11540,10006,10518,10520,3864,11288,10140,9372,10526,10527,6685,12321,11048,1581,5165,946,6450,7870,9409,5443,10053,10822,3274,9035,10315,5717,11222,9174,5592,8155,9307,8668,12126,9182,9699,7399,5227,6892,5742,8177,12405,9845,6775,12282,10878
10113,4739,132,263,1929,9994,3595,5899,7433,5519,7184,10768,10770,11671,9241,3866,6681,1183,9249,4130,6448,5426,5299,11827,8247,7866,7486,575,9027,1863,8519,586,6475,8654,7504,8531,7509,3797,11993,12508,1630,9700,5228,6511,4592,4467,3703,3193,1404,5885
3842,644,7812,7052,5135,5647,5777,10522,12059,6811,7582,8351,10398,10787,8486,2215,2728,9768,2473,4395,9773,4911,5556,182,1081,4413,2750,5184,6977,12355,3267,964,4679,4042,2642,468,724,7384,8154,8032,7677,11490,10722,3555,9573,5100,9205,8445,2428,4989
2563,9349,2056,7816,2826,7307,10255,2833,10642,5778,663,6807,5274,9499,4004,8742,168,41,2475,1068,1584,6580,6324,312,4408,8378,3260,1980,7869,7230,7362,7363,9923,6853,7750,4170,8396,4430,3794,12115,3026,4949,8917,7382,10591,992,1135,6385,1267,10488
5504,3585,8071,1032,5264,1808,275,7958,6294,1816,666,154,6046,8222,5025,166,5160,7594,4522,4396,8882,5683,3638,3767,6456,9399,954,4283,2491,1083,3136,4674,7878,3788,6220,10959,1106,2131,1107,3547,4699,4957,1758,4712,7657,2797,6769,2291,2548,5620
9473,11266,8066,1029,8198,9867,8716,4623,6799,10899,9748,11925,12180,6553,12185,3481,6684,7716,9894,7079,9776,693,9530,10043,6206,10559,10178,6782,10575,9427,2647,6617,8409,9309,3423,9825,11364,8423,5863,9448,9197,1262,4207,3823,11121,9710,9331,627,11387,12414
6528,2307,5004,9357,9109,3992,3624,3496,3887,9855,709,4423,4302,5715,7896,8539,2273,2410,883,501,3446,887,6140,3965,511
8967,3336,5257,3727,5905,6936,4761,8985,8996,7860,565,2490,7739,3772,5958,6345,713,8141,7518,2143,8806,9064,6124,1261,5621
9606,10631,7177,4620,10508,7053,8207,11927,9113,7194,11298,6179,12325,10410,6444,10872,9134,10290,9138,8373,6198,10295,697,10299,11580,8900,9412,7368,328,10830,5199,11090,9556,6741,11480,11867,4700,9310,11743,5216,11109,10217,11626,7537,12533,8054,10871,11640,12666,10877
11777,10883,10374,10502,12170,11915,653,9102,10384,12053,2453,10391,9370,9756,4008,1789,9854,9644,12078,6575,7728,12084,9398,9912,9019,10435,10181,2630,12492,11343,7888,11472,7893,7637,10967,10840,10593,9954,10980,9959,1128,7403,7788,8560,8691,4341,4856,11005,10366,5631
7552,4865,12163,9095,12425,6793,12172,9356,3342,6930,5782,10649,11556,11174,10537,5929,9517,3245,11442,8372,5430,11578,5955,9541,9926,5963,12238,9935,10066,11346,12500,5459,12376,11609,11994,10202,7009,8676,8038,7527,7782,5616,10993,8306,9714,8307,7925,1784,11769,11002
10756,9991,7,6156,10638,656,3857,8853,10262,1951,1825,10658,9636,10279,8235,7212,4524,5937,10289,11955,2486,1465,9788,10814,3520,3649,10050,5700,1861,9286,7238,2372,8651,11340,10322,10836,2011,9569,4066,227,8037,12908,236,7020,7407,11760,885,12021,11771,9982
6272,5386,6411,2578,5395,6552,4249,8349,9630,8225,9379,6052,7844,35,3371,7468,6776,1454,8752,7602,8244,3124,3126,9396,6076,5821,7999,6209,5827,8388,8005,10826,10443,2900,3417,4316,10848,9441,2147,615,1771,8315,1521,4979,6388,117,1399,7928,2299,9596
7425,6403,2180,4876,10509,10127,12176,8215,12312,12056,3355,5154,12066,10408,5676,4400,8242,5887,8118,7096,445,1982,10813,1088,7361,10816,6851,11204,11845,10318,11342,11219,9687,7386,6747,10074,10715,6750,3804,4705,10338,10082,9572,7270,11754,9709,9071,241,11134,3199
7040,9858,2434,9228,6028,2958,2320,2321,10523,9851,4509,10015,9890,2854,7082,8107,9002,12333,11184,2869,6326,3256,1210,5434,3643,6079,11840,8004,11205,71,968,3789,8397,7375,9298,5079,3165,2654,8059,8804,5991,4201,2921,491,10220,617,11376,752,7035,4094
6400,2305,2562,5637,3849,2570,10252,6413,525,7308,6924,9366,1405,5501,543,2722,1827,10021,7336,11306,6827,2628,7881,8395,3915,7758,11729,5201,10193,84,1364,9172,3672,857,8412,5469,7903,8419,7396,7015,6380,5617,4722,5363,1011,2171,3836,637,1790,6399
3080,8204,10001,12307,1813,3605,6296,1689,7832,9883,9497,11293,10651,6312,6313,11049,7601,7730,5811,4543,9280,11329,9924,1222,8775,4552,2813,7879,11468,844,8910,12624,4437,11733,247,11484,6109,10845,6879,10211,4967,10216,6252,9837,10351,3056,3701,9463,10875,10749
6784,1409,9465,9734,4231,4357,7304,8718,3854,7836,9887,7592,6057,6446,6577,8632,7610,2107,1467,1852,4158,4670,960,8257,1610,4944,2513,8021,1498,475,986,9693,10461,7391,3939,7141,4072,4073,8297,11755,2156,7276,4714,8815,6378,6513,6250,7542,6393,1530
7682,6663,2312,4238,5521,2723,1452,5293,7340,50,5682,3516,6597,1606,4808,461,1617,7639,4824,3677,9697,357,10739,6516,6911
6915,10116,2057,10513,10645,7708,3744,1185,4642,7333,2343,7996,11202,1988,6725,10569,4938,5834,9816,7385,7910,5611,3438,4463,630
8523,7556,11529,10637,11536,10771,7447,9373,7329,11171,2472,3882,42,7467,1197,11182,8623,9132,10417,7349,8759,1348,11337,8650,7370,7499,330,6859,10447,7760,5838,9426,9683,12242,7380,8921,2906,7130,7517,11358,9823,3679,5982,2663,10984,5613,2673,10353,6651,11647
0,128,1666,7810,10369,1286,7947,8337,8083,1172,2710,4120,4377,9114,4251,8603,7839,8480,2208,11810,4644,2469,8740,425,8106,6825,5932,11307,3755,7087,1971,2238,9278,8896,3521,7105,8267,8011,3662,2895,8916,2388,2772,602,7397,7400,8044,8180,9212,893
8322,8196,8829,12553,11402,12814,11665,145,3219,11155,12310,5143,10903,3615,6434,7332,1316,9383,11176,10280,8496,11313,4662,2744,10937,4415,4162,3396,9028,11849,11338,7498,12620,11210,9038,8265,5200,8530,10579,10583,11100,6885,8421,10346,11372,3436,10734,11118,246,4733
5250,1416,11144,8328,2187,3341,7951,3216,5136,4630,6678,7321,9627,1308,9755,7068,3241,7084,11698,11319,8249,9017,4028,6077,4031,5952,8770,9542,2253,7631,7121,5970,4952,5209,865,10339,11108,6508,3309,6129,2161,3571,12017,4597,8182,254,7416,4598,3450,5886
12934,12935,9868,9358,12815,9976,11408,12562,5394,5269,12822,8342,4124,2588,6176,9761,11173,298,2478,12591,1844,9654,11964,10689,9796,12870,2503,11335,9289,11595,12752,3152,5981,12382,12386,11747,484,12517,11746,12007,6889,11503,10096,12913,7922,245,11639,1528,3322,635
1287,5384,10121,7309,3728,7698,7830,8991,4262,9640,11697,11198,9279,1726,8658,4693,7894,10331,7516,4829,7526,3302,3057,8179,3961
134,9224,402,1050,6810,10911,11425,5412,7205,3753,3506,4788,8506,6856,6731,588,9421,9943,11736,11616,11500,11378,8437,2935,7930
6147,5767,4877,6925,11023,5134,5649,9618,3990,8088,10393,11803,9117,11040,11552,7586,1315,2849,8229,9639,4265,4015,2607,3122,10420,9525,7227,6333,3137,8898,9543,8393,464,3924,7255,3675,12384,8544,611,10596,1893,9832,10472,10990,6645,3190,12150,9338,12284,9341
6657,2692,1925,4742,2567,4873,6921,7948,11533,8076,7313,11793,7700,11796,7959,12071,12456,2350,47,6320,7603,11959,9016,11193,442,1725,2366,8780,8399,3281,1234,5714,4692,10966,11223,5718,3422,3680,4707,9316,2787,3047,8167,2152,1775,625,5238,9334,1020,5503
11010,3334,4105,9865,6538,3210,4110,6546,8725,10134,2844,5406,11935,1694,8354,5538,11042,12709,7207,10920,12457,12330,6958,9903,9009,10171,6973,6464,11458,11074,12356,2246,9160,10062,6098,211,10581,5719,9176,11230,10079,10340,5861,4836,8041,9707,8683,9067,9592,9469
897,12168,10507,11919,7568,7825,11537,6548,10138,9248,5539,9638,5800,2985,2480,11448,9529,12089,3769,7613,5182,6591,10557,5185,8514,10941,4678,5190,9546,9419,5069,851,9301,7512,12378,9947,10207,7264,2528,4452,6248,6762,4973,9326,12146,7282,12276,2034,7803,5246
4608,4866,10372,6407,139,6298,12445,10142,5536,9634,4899,3754,11948,4912,4145,9266,180,9653,9910,12343,10048,4801,834,9539,11334,6985,74,3275,5066,9937,10837,4694,11095,10204,1757,9821,7137,4833,9188,11237,3944,1384,8042,11240,10992,1137,7921,5237,3063,11261
4101,7046,6536,11016,10764,8975,10103,11924,9620,5270,12183,5784,7065,1306,5407,11809,5410,9260,10414,10678,10169,11194,11451,11457,7364,5317,12103,1351,1483,7116,5843,10835,12120,8666,9335,990,12155,6501,12649,11627,3310,9455,2800,3697,3828,12534,4470,3062,12667,6396
8451,8966,7179,8843,5388,9492,9877,3095,6423,11799,12055,11811,10532,10536,8111,4402,8385,11332,10309,9927,8266,6090,12493,4815,1232,8784,11988,3541,7768,9433,4441,10459,6875,8537,12512,5858,9060,8933,12005,11111,5095,10986,9200,9329,1393,11511,5752,7546,3579,639
9988,647,8457,9738,779,6668,11657,10389,8473,3358,10014,10784,10017,2337,3363,7711,11045,5030,5671,8361,5677,5812,4407,10427,6459,2500,5701,12485,12740,9544,11599,2517,471,11479,5208,11483,11357,863,6116,8805,8166,6632,10475,4717,5232,6259,10740,10611,4216,1149
10497,7559,4488,12300,6671,785,12177,9876,12187,12828,2973,12320,10916,10791,7976,8489,10543,9521,10801,12211,7476,12480,1730,5186,10564,10437,12229,9672,5705,12362,12363,11465,12234,12110,1491,9940,7765,9428,6625,2021,9831,4200,6512,1905,10742,10230,12662,12921,12541,6270
3968,4868,8971,2959,11046,11945,3374,4913,5174,8636,3645,2114,10440,8776,3912,7770,5980,12125,2526,1509,10607,10225,2033,11636,10232
11651,5252,12551,1814,9751,4374,1186,2349,4272,9267,12611,7623,8398,8271,8019,10965,1881,7786,10864,12273,372,3957,10996,628,9085
4097,7815,135,8199,5772,9615,2329,11034,667,8860,2462,11432,12079,10673,10930,7095,10300,11584,7621,11077,10823,10444,9039,9681,12754,7505,12633,11610,2268,11102,11103,737,6499,2404,10083,9702,7912,2025,9706,11246,7024,5105,7410,7539,10738,9586,9847,8697,7164,11901
1537,2818,900,8329,6545,10643,8216,8230,2471,10024,8749,2989,8625,10803,9652,4155,6972,11199,4298,467,9685,4576,9833,7278,2421
5378,10244,8842,8208,7441,8213,6943,11554,5291,6835,8890,10684,4933,2501,1613,8788,6999,3287,989,7133,7908,6120,5102,9975,8442
10754,11909,2182,11782,4232,11655,8970,12692,12698,9116,7456,7973,12198,12710,2727,2089,10028,10159,3892,9911,12730,10173,8001,9283,12228,11461,12615,12619,11979,11981,4942,10703,1869,11601,12241,9300,9430,10203,3816,6121,10473,3563,1260,5612,11502,12141,12015,7927,11513,7166
7680,1027,4484,6535,10119,7051,4880,12561,11153,12182,7193,10524,8221,8989,3104,6946,291,10403,2087,4520,2731,10669,3125,11065,11321,191,10687,8643,4677,11464,11731,6614,1753,11099,8413,7778,5475,6757,10854,4071,10215,10092,4205,8047,8303,6518,10362,4350,2045,2174
8834,3464,7561,11917,12174,11406,5646,11666,11283,11028,12438,8604,7587,10531,1321,11562,9771,11052,11053,9775,10544,5679,10546,3507,10807,4284,4925,7359,9024,9284,7239,9288,2248,5194,974,12496,3283,6743,10712,8285,8286,8035,8164,9445,7655,11112,10350,10094,10995,10102
9219,8964,389,6534,901,8072,8841,11913,8202,10510,8079,9361,7699,3348,10388,10137,285,11688,9005,9779,5051,10429,4800,11456,10952,12105,8520,4684,9164,10958,7247,2256,10577,10578,1612,12116,12756,2134,3916,2908,7647,11104,7804,8567,11363,8426,11767,12024,4730,4604
1922,8963,10758,12171,12045,1680,8211,4991,4248,5657,11933,4896,5796,12068,2599,939,3119,10671,12470,11835,7228,10176,12098,12484,6981,7418,1494,12118,10714,9050,11645,11229,10723,10979,10728,362,11242,622,1519,1906,1779,9973,3958,7159,7289,1146,9467,9981,9726,2047
642,1540,6,646,7689,1931,911,146,659,914,4370,4500,3225,1564,157,4126,6172,416,3362,6824,169,1328,1590,439,1463,4280,572,61,9533,1599,4289,450,3524,965,3528,6089,209,1233,470,5590,1243,1504,226,8930,2533,1770,619,108,5239,1150
12165,10505,10511,1681,2072,6040,2715,3361,10530,5029,8102,3372,3373,10672,7216,10291,12353,9538,9795,12739,11588,7366,12488,11977,11209,9292,6476,5331,8153,5465,7900,861,5348,9061,2024,10345,1515,11116,7021,7663,12399,9201,8434,7153,6772,8563,1782,11761,6520,2815
7808,8709,12679,5512,2185,9494,7702,6686,12448,7969,545,11299,11044,8357,422,6317,11693,7857,9139,436,9268,8245,10296,9784,12347,8386,6083,11720,10571,4946,11732,12375,1112,11607,9950,3681,8418,8161,5220,10214,12009,5866,5867,12012,7531,5362,9842,10354,5756,10239
4870,10763,12302,11663,8974,12305,8466,12308,917,11547,10652,12571,12060,10360,9505,1915,11555,10023,10923,12331,9901,7342,2862,11954,2228,9270,8379,12483,10948,327,8136,12745,12365,8655,4559,8532,11348,3928,8542,12644,999,12528,9585,6644,12023,11000,12409,8571,11006,3455
11009,514,12546,9477,3463,10248,5001,11914,3724,12173,6800,10898,5523,9977,8214,11926,10012,11423,10019,12067,10149,9770,10925,6576,7219,12216,8891,5820,7161,11069,8387,8009,10319,3535,8657,12243,11862,86,5217,11617,2402,7658,2796,5357,12782,12398,9332,12279,2681,10490
11013,9863,3721,7435,11789,11278,10386,10261,10776,8861,9980,9765,10917,10407,296,9385,9772,11439,6322,9907,6196,7347,11059,1458,6072,9147,10748,11214,11857,10585,12250,11869,10974,9440,12769,10594,1381,9829,8809,12266,10987,10863,7027,12149,5110,10486,9206,9724,12670,2687
11008,10753,7430,12039,6664,10251,11787,8722,11543,3096,9240,3354,8738,8739,10284,3117,9783,11833,6458,4924,11333,9812,12629,10584,859,8802,11877,9076,11380,12408,1913,7293,9601,12167,651,10896,2966,12443,8862,12446,10145,12451,12713,9387,12464,12726,7611,11709,12738,10691,4550,208,11473,10709,10713,12761,3291,729,11745,11750,7918,9720,2553,11770,6908
4352,9857,5380,4358,6792,5515,9739,7311,10002,6291,12178,4373,408,7457,11427,11557,10662,10789,4904,5161,4773,11563,10157,4019,7865,5056,11716,10436,7876,2119,5576,9675,5966,1744,5972,5334,9175,599,7003,7644,11359,7395,8165,12390,2664,3817,8043,12784,6897,12402,8435,3956,2293,6902,2803,888,8057,508,7165
12806,9735,9352,10889,10759,6794,10892,12813,11400,4244,12309,11291,12316,12830,12063,11297,3746,11813,9895,5672,12458,11435,11311,11443,11699,11965,11841,11330,10179,9415,12744,8905,12235,10827,9804,12498,12114,7762,12371,11992,11481,12762,12507,473,11097,11998,9951,8928,10976,12772,12004,12774,5350,12518,10219,6131,9718,12281
12802,12547,11522,12677,11654,11140,10632,9101,7569,12052,12567,12057,12699,12573,11679,12193,6435,8485,10022,11047,12583,11558,12200,10031,6959,12723,6965,12214,2871,10683,12092,12604,3519,12735,833,12612,12746,9162,10572,9677,11725,11218,10710,4959,12640,12135,9576,12522,2923,9578,1901,11629,12537,11514,4987,11772,12542,7551
11136,9729,12033,11907,7428,10504,520,12041,12809,10766,10128,12304,11032,6938,10909,4382,11431,9897,12203,6699,11308,4142,10802,9142,3898,6202,10556,11581,1983,10819,7752,12499,12244,10972,7389,2653,12663,12385,8431,10735,12527,11250,9203,6384,12407,12283,11132
10496,11396,12680,11788,4625,9747,10011,8476,9759,8223,9889,12194,9892,12452,9255,11820,8112,12338,10548,10677,10294,4023,12349,578,8646,9928,6601,7756,9553,8785,10451,8915,11232,4198,8678,7016,10089,11114,12650,10861,8688,12403,3189,6519,3707
11393,11137,8836,9736,11916,11918,8831,5648,1939,6814,12832,3874,9762,10405,12069,7595,8879,4790,7863,11063,9271,9786,9914,10432,10945,12482,6084,11463,3157,10839,4953,11871,11105,3682,12770,12771,11519,4710,11494,10724,9713,11125,12790,10618,12671
8450,12803,12036,5765,12422,4360,11669,11414,9752,3993,9629,12449,9763,10915,12712,11817,12077,10030,12335,9648,1968,12467,7987,12597,9012,12727,10808,7993,10042,2617,5054,11455,12481,8262,10183,11594,9168,8912,11089,10194,12372,10838,1110,9820,11997,10844,12515,6500,12263,11369,10474,9708,12270,10483,8692,11126,11895
10882,9218,12554,12799,11022,8721,11795,10005,10007,11416,11545,12570,11036,10781,8735,8997,12327,3114,12587,12207,12208,8116,11062,1847,10550,11705,10554,2233,8763,12732,12473,10943,12354,6338,7875,11848,10699,2764,11388,10833,11347,11737,12251,8159,12514,11496,3304,12793,1136,9073,11890,10227,10616,12153,10491,6012,12543
12416,8065,12417,11911,9353,5642,12685,10382,1809,7186,12819,7317,10908,7842,11683,10788,12322,3878,10027,12459,12717,5167,12593,12209,10932,11958,9143,4024,7098,4156,3773,11967,8769,11073,12099,11587,11460,11713,12490,12494,11221,11353,6876,10463,11234,12389,8550,11881,12265,10985,12013,11888,9969,8566,11510,11130,12157
9091,11524,12294,11785,8586,12299,11786,10249,10130,9363,9493,10774,9495,9880,11033,8729,10264,8988,9244,10106,11929,10271,12070,8875,8365,10413,11949,11568,11952,12463,12083,9263,10037,11446,12599,12088,9913,11576,9275,8252,11324,10901,11969,9281,11843,10949,11847,8904,10441,11850,11851,10445,11854,10449,11345,11859,11391,10209,10849,12006,11370,11373,12397,10991,11903,10482,10484,11254,12159,12538,12795,11390,11007
12032,10246,11659,11151,9621,11163,11807,12195,12324,8613,12196,10152,12201,12714,8617,9389,11312,10164,10933,10166,9140,10553,11834,11963,8507,12605,11710,11070,10047,9665,12603,12227,10692,11717,12741,12233,10060,10061,12237,12111,11728,11600,9810,10576,11092,11989,11605,8534,10200,10073,11611,11739,8541,8798,12255,10210,9059,10598,12775,12138,10091,8556,9965,11119,9712,12145,11122,10224,11249,10101,11251,10614
