453,1960,5108,5371,4795,7167
2603,7217,4563,1140,4127
1387,4654,2679,8985,699
934,8615,1355,1428,1077
1419,5264,5045,1401,510
5184,1683,1332,9367,8093
1443,8806,7191
6162,2267
9310,6389,1326
5696,1497
1954,7204,4903,6345,1199
1051,2059,1212
5098,3387
7470,5071,3474,6678,6456
902,915,2168,1531,7710
4704,930,4334,5586,1843
4961,1574,6129,1501,9855
6307,3910,7084,4525,3382
1731,7,1262,1198,5814
3905,9127,2663,7975,10262
647,1897,5232,7319,4952
1376,7436,5202,7707,29
4613,12,2166,4889,2235
3145,4970,6219,8341,1404
3244,9710,7504,627,3517
2829,7057,2838,9273,10461
6784,8297,2577,1778,7542
4707,1582,3730,9017,4058
9987,3366,7691,10864,2558
11824,2615,4117,7127
991,22,9774,5567
8672,8610,1238,2105,9404
24,9364,9438
10680,1880
8132,7941,43,2992,10168
7904,6178,7458,452,6223,2799,4276,4663,4474
6438,2186,7571,3895,8477
6347,5809,4114,6582,4505
8800,2851,5577,2895,5562
7776,8356,5256,7408,6610
4805,5510,7384,27,3933
8551,7373,6233,2015,5599
3269,2189,401,1395,10107
5105,6286,9470
7409,8492
3923,3918,7639
10105,3041
6112,4962,6916,5847,7615
7877,11376,6228,1877,3128
804,3879,3177,4650,9564
3076,10821,6825,6130,8349
7810,4999,3445,2870,12471
11019,2320,9649,7222,10653
968,9781,2869,3256,10015
4064,9858,6028,5079,5434
1185,8804,9002,10220,9298
2921,9890,7035
71,7375
7082,9228,8397,9816,1210
10569,10513,2343
7996,4463
6915,8740,8044,2710,6911
8896,7105,7087,8083,8603
8106,2388,8180,9114,9278
1666,9638,6762,10223,10941
2528,4452,7512,3769,5246
9248,6548,9947,10557,10207
5190,5069,4973,851,11448
6248,5800,9301,5182,6591
5185,8514,4678,9419,7613
897,2985,10507,11537,12089
7264,12168,7568,2480,12378
5539,9326,7282,12146,10138
9546,11919,7825,12276,9529
11077,4201,9615,9586,11901
7621,8199,2025,9706,10738
4097,10083,7024,10930,12633
2961,3061,1302,7093,922,3453,5983
1921,2438,719,882,758
675,391,9032,2120,6669
367,722,4308,1430,31
2374,11404,1356,4208,7954
2435,11700,1653,5754,4154
8472,3789,9725
2201,1390
1667,2798,2258,6103,5626
11840,10690,2434,4166,9851
2540,752,467,10523,6079
10369,8107,7278,2654,11199
1028,3499,3116,909,1549,3055,4434,4378,3007
2179,872,850,9276,351
6816,7297,2853,2859,1559
4136,7369,2545,891,8732
3050,76,5613,10637,6494
3051,9036,11419,5662,4991
11200,9802,6445,2554,7228
9632,11702,5658,2587,11420
12426,5581,11411,12440,2425
2539,505,6234,8539,8637
8582,10125,9590,10270,6719
4896,4888,1307
4880,5796
3010,10311,6087,3797,2174
11364,5863,7509,6681,12508
8066,7079,7053,11387,3423
1825,1858,2566,3478,3035
7238,8042,2731,9266,1951
9473,6789,2183,10673,6451
12098,1730,9448,7368,10001
10631,6444,10295,9463,11933
340,9862,8207
2472,11927
5199,3701,4437,11547,10877
227,3494,5959,2550,9180
8900,11536,10871,12666,8572
10362,8650,42,10417,7130
9383,8967,3615
8530,11372
11746,11335,5200,11155,4662
6889,434,245,2588,8893
6176,298,9358,9654,1305
9796,484,11408,7065,11964
12007,5394,5269,1528,635
11747,2503,2478,12752,12822
7922,12382,11503
3322,8342
12517,11173,12591,12913,12562
9289,11595,12815
12386,12870
10689,12934,12935,990,3358
3310,8666,11095,11194,10652
3697,12534,8975
4216,11451
8361,9988,10389
11045,12485
12320,12362,6512,12211,7765
12480,10916,4200,8489,10742
10658,7559,12177,6396,10173
12710,1869,11601,11153,10203
11464,5612,8303,10159,3125
10854,10758,12045,12470,9050
3816,6632,6668,9876,2517
8963,2599,11242,10671,9973
1408,5029,11761,4248,5465
11298,9538,5066,12399,2815
6338,10672,1681,7216,6039
11496,12570,8763,6012,8159
11890,11347,10550,11036,7517
10699,9073,1847,10616,2233
12153,12587,2764,10227,11737
1136,8721,10290,11545,12543
10882,11795,11062,8054,11416
11972,6030,11022,11705,10554
12554,12685,12335,12208,4156
12417,5644,11958
11888,10382
11234,12013,9969,7186,11130
10985,5167,6257,9143,4024
12322,8550,12819,11221,3773
11713,11683,11881,12265,12717
11587,7711,12593,1809,10463
3878,12494,11967,7317,10943
11073,12099,9606,9353,9138
11460,12389,11911,12490,12459
12327,12209,10932,11510,10908
12416,8065,8997,2021,12157
8769,5642,10027,7098,6876
7842,10788,12207,8566,11353
4223,2413,48,594,9498,8799
4132,10566,4783,879,1114
6058,7596,5235,10292,8350
7915,1645,3383,7100,4829
4262,3527,3433,1679,10745
9921,4167,5384,9807,6997
10121,9964,1200,8855,6907
7940,4327,4457,4853,4693
3043,8073,3534,302,6419
1761,8488,3240,9968,7799
8201,6221,10256,9651,7196
3392,3753,402,4788,9943
6856,11500,11378,8437,10911
11425,6731,9421,2935,1050
11616,588,3506,6810,8506
5412,7205,9224,7894,11736
6727,7626,2251,8557,4206
6858,8939,9932,4558,8793
4160,6978,4079,3069,2718
720,837,2357
3059,188
2625,1250,7887,6065,5052
2564,7017,6872,8219,10620
5157,12044,4047,8082,1213
2594,5897,1130,2998,9978
7171,7110,12435,5815,5693
10851,2665,920,7932,1342
5280,8645,8390,8999,7386
9380,1124,5775,10895,10321
11459,8459,3602,531,9849
898,7683,3610,3323,12095
11622,12108,11117,1103,10352
4573,2178,9155,6036,10717
8096,8708,5129,6360,7678
3108,12613,7694,9844,7448
8263,7240,5225,6602,1040
8839,12010,9583,10743,5689
3907,5578,5358,9916,9150
8998,3303,7530,10587,6815
9920,5756,7939,3091,9436
11360,5781,5558,11541,6014
743,9037,1335
7421,6821
8913,8796,8501
9818,12109
12780,4046,7759,3636,7096
3881,8299,7117,11957,12766
12225,11273,6922,11260,3484
4774,12401,10329,11098,10846
4354,11818,2316,5426,8247
1183,6851,7184,3193,575
7716,2634,2988,9393,9309
11970,10508,8716,2647,6684
2754,9826,8358,518,9545
10410,4623,1429,6553,11580
9412,9134,7407,7537,4700
6403,9636,2372,9608,8853
12066,5700,7270,8242,10322
10408,7755,9709,9788,11134
10338,11204,11340,1169,3355
11845,4400,12056,10074,3804
8775,8204,3056,11484,11293
9569,9129,4876,9071,3199
1222,7020,6252,10318,10351
11329,12624,8276,9687,5887
4967,9197,10575,11733,10749
9924,3080,5838,7380,3679
10447,7349,9373,5982,11647
8651,7760,9426,12242,10771
11337,7370,11182,8921,11034
7556,330,7499,10353,7447
12709,8265,8683,8829,9823
7329,11042,6859,9707,10079
11074,4836,12356,211,8725
11754,9132,4524,8623,10651
7686,7207,12457,10134,10171
11010,5538,5861,9160,5618
10211,10279,10289,10813,1694
4705,11458,1348,8423,9427
9377,9575,9865,11219,5719
12546,5154,12398,8118,10905
2246,8041,4110,9009,11935
10920,4105,6958,10581,11230
11240,1384,4402,8120,11261
10048,9634,9480,6985,11948
10113,3587,180,3481,9883
10992,7921,9653,12343,5406
9539,1351,9455,10103,10204
5858,8966,9866,12493,12667
2945,8523,9791,9457,5407
8451,8111,9877,11799,10459
8832,10756,5811,957,9982
10536,11917,12055,7768,5628
10309,8614,7561,1393,11511
10531,7046,1202,10040,11640
9024,11988,11028,12438,7359
7239,10094,5679,10102,8537
7587,10372,11237,9771,3283
8834,12325,328,12174,10807
11053,9775,3857,7730,11771
11728,11600,10949
10224,10264
10830,9621,10774,7003,12255
2761,9961,888,508,5534
8586,4019,10901,10614,11007
11940,5966,11283,4472,8988
10373,12463,10166,11929,11739
10849,7457,9091,8252,7165
12196,3817,12111,9493,9113
8556,12145,11446,11480,12185
11568,74,10047
11659,12795
6464,9572,10216,11402,9469
139,5515,12088,9880,11391
9281,11847,11850,12397,10991
11370,11373,10037,11867,11390
12233,11437,6542,6897,10449
9059,2061,11949,2803,6653
10091,10482,12083,11033,10271
7655,7698,6902,3063,8286
5161,10101,408,9275,11324
5056,12237,11151,11122,11163
11112,5388,11052,6743,2844
12138,9263,8534,11611,10364
10692,6792,10441,5972,10073
1744,10130,11092,4373,11254
9991,8875,11064,8057,9244
12176,8978,11251,12599,10106
10152,9913,7865,12538,3579
12512,4899,9927,11786,5194
12070,11119,11345,10164,9910
4773,12330,7311,9363,639
8035,3464,10764,8365,10484
9665,12775,8904,11158,10200
7395,10477,12603,12605,12287
11843,11760,11121,9776,10768
11717,6475,9712,10715,6973
10712,10546,3507
9284,974
9445,7884,5646,2288,7807
2532,12741,11785,11851,11854
10789,12021,1046
5380,12006
11427,11557,9675,6291,8435
10436,10127,8507,11358,10559
9645,9903,12178,12406,9175
12201,12299,11563,5334,12604
12772,5672,12052,12309,11359
12612,10219,5039,7762,6131
12294,2664,241,11955,6206
10179,12744,12746,12235,12316
11524,8617,12312,8541,6750
11342,8910,6959,6965,10875
11330,2734,11097,11802,9949
11654,10572,6704,12402,12281
11297,2923,11218,11699,11291
833,11140,9804,12214,2871
9739,10060,10995,9140,11903
12195,4358,2248,11249,9495
12640,12390,9162,9101,12371
11841,12193,2119,12200,4987
11725,9677,4959,12699,3519
10632,11400,9352,5676,12092
9669,11047,8905,7774,10462
1060,12135,1901,7569,11679
11522,12518,9415,12522,9718
12723,12057,12507,8701,12063
5899,10892,11311,11671,9497
12677,12458,12114,473,12762
11481,11772,1033
11514,5350
9735,10887,11992,11544,11998
11558,10759,12813,4946,10683
7361,3210,10509,5519,3605
8164,12005,11016,6875,11807
11629,12830,7551
11435,8485
7876,10986,11406,7832,6650
12806,12498,11443,4244,4187
11965,10710,12583
9576,9578
992,3746,12774,9895,9329
3334,7879,7498,12307,10845
12004,11813,10889,8043,9951
12567,12573,9847
6794,6435
10755,10662,5036,4207,12159
9857,11716,10157,3956,12735
7208,5259,7437,3823,10299
11969,4535,12714,10002,599
8928,10827,12784,12537,12542
12547,10022,10031
10976,12802
12032,10210,9389,11989,10933
8165,10246,10249,11312,8798
12227,12324,5576,9810,11710
4352,10061,11963,7644,11070
10438,4904,9965,10553,11834
2498,4204,6828,3756,2261
440,3840,2026,9727
3200,6864,1104,3794,2941
4137,10226,9780,1718,3581
3845,1927,5068,5138,631
7401,75,5615,753,8764
7693,3249,7890,3067,7614
5761,8138,7597,3380,8347
1633,2700,432,11123,8090
2224,6920,644
9801,3564
6373,5381,4941,8373,9019
2630,7946,11756,7893,1789
9954,1128,9644,4341,3262
10502,8560,2453,9370,9756
653,9102,12084,9398,10967
10883,11343,12053,10840,9854
11777,10435,9959,4856,11005
10593,9923,10980,10181,11915
10374,7788,12078,7728,10366
4008,12170,7888,11472,5631
4353,9773,6609,6324,10591
5386,5611,8749,2350,10642
5241,2218,4473,3802,3551
3234,4825,3442
4931,7068
8355,4337,88,3418,3166
1700,3912,2987,3980,7250
3906,7308,4878,3798,8222
7392,3776,4307,1011,2171
5027,8231,4444,2749,3263
3904,6401,3691,8780,4347
7968,3201,8419,8244,8632
1657,5175,7416,7897,4698
7584,9214,7230,7610,4670
2184,1292,1454,8249,6555
2464,2146,1911,10237,2493
9701,9542,4072,1498,5885
9549,4399,1521,7733,831
4121,5430,5503
16,6242
160,4746,2165,2934,5980
10202,5924,11319
84,7847
6400,2513,6921
8076,2878
4868,1925,4272,625,4914
11651,3555,8398,9085,7838
8271,5718,1814,8636,1852
6280,7056,4645
877,2236,7813
645,6826,3695,1554,7485
8529,4380,342,827,8540
329,2797,1714,820,6495
3584,6564,1932,7964,8031
5293,3566,1806,11025,8439
2758,4616,5099,7091,4828
261,8332,6830,6811,9471
240,9685,1270,86,8191
10498,6725,9640,5834,9277
3744,8230,3438,10645,4377
10024,8011,2989,9332,8216
1537,4298,8625,2421,6972
10643,9652,10244
4576,8329
5291,3535,6800,8213,9977
5217,9477,7219,10228,5820
3463,9770,12243,11862,10012
7181,2451,6004,7253,5916,1055
5024,3751,6225,1978,5180
3714,8867,325,9425,5848
711,10453,5592,4603,94
11048,7248,11477,8792,10527
4006,11120,3090,10132,10520
9699,6953,6672,9330,11897
12009,9072,11607,12347,9950
2756,73,1354,1485,1720,5522,5016,1245
3663,3025,817,1495,6620
4682,7150,4633,7899,4319
5638,4877,1710,498,1787
9506,1187,141,6998,1369
6085,3849,3982,3641,3836
7713,612,4364,6645,6110
6147,7396,1129,5355,4955
97,8142,10193,3954,7732
5075,5973,4374,3675,4572
1800,6388,6333
2607,5767
12284,744,4740
9832,10596
3657,970,939,885,11096,5690
113,10533,2669,9249
11528,9242,8372,9094
6305,5986,3942,941,2066,8627,119,3738,2589
11113,5417,6734,2929,7869
7938,6275,8565,1145,9918
9956,12115,4115,6676,8726
6773,9813,8733
1969,9559
3340,7194,10043,12476,12062
231,2279,5711,4305,6802,6260,121
7201,8193,5188,11774,12191
5859,8006,3848,7054,11676
7648,4806,12240,6292,2782
8786,2580,9111,9723,763,5310,8767
9824,5925,10250,7279,1431
1282,3427,10478,9905,7607
134,7794,2547,1399,1532
7203,4782,5593,10938,1085
2339,3780,11188,2649,8958
3237,8874,6125,5882,11327
11236,472,978,11864,10141
5656,4083,4696,1955
1273,5570,2537
7393,4393,4365,6420,4184
4588,5104,3992,1179,3167
4416,7013,4431,117,5624
1064,369,8703
1352,7283
4587,8719,8465,1334,7739
7560,784,671,187,6367
7843,357,8071,336,4575
451,4022,8535,8375,6267
5764,2052,3046,8370,6806
9058,3212,4590,7506,7518
7394,4675,5777,6100,9400
6436,9543,10324,4188,8351
5122,1740,6990,2257,252
5025,4302,6452,9013,5493
8675,8996,4015,4469,151
2219,3148,2836,11383,7227
9697,194,1507,4584,9357
4164,5958,1386,6584,1403
8736,961,3175,1885,1215
2020,461,2068,8916,2939
10342,9639,9064,8493,9819
8685,2285,9039,5520,3767
11040,3779,6930,9396,4957
4065,6052,10116,2057,630
738,7400,4979,316,2238
6497,3341,3216,5136,4597
611,8229,11144,3122,9341
12456,7948,11796,4692,1464
2567,7313,7700,7959,2366
10444,10966,11959,8697,12125
135,11432,7505,7410,2268
11584,7912,11246,12079,11102
12754,2329,11610,7164,2462
7815,10823,5772,8860,11103
2404,10030,7539,2617,9629
11369,11089,10483,9012,12727
4360,11817,1968,10808,5054
10194,7987,11126,10838,10042
12449,8262,12263,8912,11997
7993,8450,9820
8692,12270
9763,12803,12712,12467,12597
10915,12422,9168,9648,11895
12481,12515,11594,12372,11669
37,206,5106,9556,9748,10814
12793,145,8235,10092
12354,11835,6981,9061
2689,1562
8424,1417
2466,5294
1445,1547,9296,1493,5494
9793,1188,5716,5946,7995
3179,2543,10515,147,8317
9057,6090,2414,1457,8605
999,4460,12305,6871,10681
9505,4938,7000,5017,7839
327,8136,9901,12365,11006
162,869,5797,7859,2743,5020
3934,1619,2742
4417,2557,1886
163,2694,4872,5296,3282,3101
1632,4325,3031
2272,8884,8687
6336,2760,9777,7513,1247
6752,9666,10855,9230,855
8864,173,5584,4818,244
3490,409,10286,2585,3290,2590
9984,1378,4781,2003,10325
2661,9453,2032,182,5881
2124,7503,2110,2907,8923
4225,6694,2984,5076,7258
10529,9336,1850,6812,12061
5152,9536,1935,4051,10197
450,1027,2533,146,5239,191
3104,291,5475,4677,4071
1931,396,1680,403,11382
5120,12106,3388,5575
9728,6245,7795,9047,1564
8233,7342,1937,8753,8601
12483,10763,11179,12308,6903
10948,11880,10923,12528,12023
12039,12745,651,8974,12629
11750,9387,10896,3096,6458
1504,642,965,911,659
10691,11787,8722,3291,8862
10145,12713,7918,12761,12443
11745,4550,6664,9076,4924
8738,3117,11833,7611,1913
8739,208,10709,9240,11709
10753,9601,12451,9720,11770
9812,7293,12446
3354,11877
7430,12167,10251,10284,12464
12738,8802,2553,729,859
10584,11473,6908
12726,9783
8992,5603,5453,6425,5596
8064,6344,7662,7280,6136
7687,584,5035,7215,8061
6909,6069,6887
5561,7351
3938,8134,2160,213,5782
11852,6741,8854,9658,6747
482,233,4124,912,8314,6268,381
8416,5993,6702,10033,6262
4842,12908,236,8047,1306
2505,4306,6390
5115,5732,419
5831,5140,6236,9598,10975
5632,6113,237,10258,10675
5318,7403,6575,10384,10391
4100,2213,3110,3950,11279,2967,5817,1916,3487
2598,9226,3696,9491,10612
1889,1448,3410,1914,798
2378,3306,4050,8500,2077
68,238,6258,6099,1591
3865,2898,4694
932,6939,8684
2376,3722,3088,8400,9397
7299,7726,4593,3032,9787
5833,10381,881,6905,2431
5698,2511,6805,10008,4025
5798,10926,4852,310,5976
281,11314,1100
7152,3026
2436,2314,856,10110,2879
6854,8714,9717,7771,8925
3814,8742,1992,4811,7636
901,3916,1612,8567,285
11363,8520,10578,10388,246
10577,10137,8079
9219,7804
8202,10510,7247,4730,2908
4800,11104,389,10952,12105
11688,8426,7699,12756,11767
4684,1587,12116,5051,4604
8841,11266,10429
8072,11913
6600,7689,5670
6651,6132,2876
4281,2395,5261
6540,560,4150,4510,5343
4847,4277,4599,5435,4383
9128,5449,8452
4091,5396
1134,1360,2324,1086,5087
6595,6182,2950,4529,3102
1208,7754,2278
4921,523
458,10899,247
5266,11461
5728,7585,4932,2441,3994
4713,3699,1438,1743
5210,1508,2706
676,7174
3331,3631,3475,8564,2232
7074,1416,6163,7195,318
2914,7042,3492,6470,3309
3552,3298,10156,1101,5238
132,4629,3866,5819,287
7391,4909,1791,9660,9695
5668,1894,4557,1109,1278
300,1650,8147,4729,6557
4838,3595,4310,8795,413
551,3241,9070,658,4316
6636,2382,4462,2484,1402
1412,9827,5276
9122,483
9379,6448,9302,248,4827
1704,7592,5714,7225,2107
480,5057,9994,4598,475
1409,5288,2156,6253,5818
6048,4739,966,3342,4861
3968,3843,548,1610,9323
4231,3915,5229,2578,4055
2787,4812,4592,1234,2397
8776,6829,2639,8409,7486
772,2692,3470,9465,3646
10848,4130,1725,4123,1405
10178,6250,7631,3571,6076
3361,12611,4873,10996,7070
7786,3957,12182
8019,10028
9001,8269,6900,5268,1435
200,1388,1230,976
186,7974,8239
6532,7999
2297,8932,668
7800,5730
7044,6633,6571,3126,7928
7304,11698,10965,5209,254
8167,9833,7951,10232,3422
8289,506,1732,3213
8745,634,8417,5967
4544,3553,1026,6726,1980
9446,4042,944,5332,3164
256,6426,8396,10458,3930
6885,5100,4911,10263,4989
3267,9768,5556,1081,12059
12355,8037,2728,7177,12533
9761,10346,4912,11313,7166
10791,7116,5843,12698,11483
258,1322,618,332,5778
1267,6853,7750
1584,4642
7950,1837,4766,6430
259,1660,5653,982
3728,6473,7090,7583
5874,7459,6142,6151
1281,7213,3302,9279
4835,1221,648,5610,8885,6838,407
8611,5032,4235,10349,11827
9894,5511,6166,12600,766
7397,7115,9359,754,4887
8115,7332,7870
9912,7399
6892,558,946,7988,5717
5829,5932,10006,6775,10518
12492,11540,12405,3864,12126
9409,2437,9746,12282,9372
9607,8563,11222,11288,9182
7169,6568,5081,7356,6365
6599,10440,4300,8654,1630
8791,4552,9837,5143,10937
6072,6083,10583
296,12203
10917,9206,10239
12149,10407
11431,9772,10802,11032,7389
12809,12041,10766,12304,12283
11136,11308,12244,12663,10972
6699,12527,12499,12407,6938
11250,9203,2653
6384,12385
12033,10819,7752,6202,10556
9282,4228,2245,3822,7790,3807
2784,9088,8944,8440,7934
8384,7009,9635,9003,11129
312,4155,5744
8456,8898
2592,4067,1478,3509,661,3094
3717,2696,82,2037,503
322,1421,5490,569,3837
3680,1505,7089,4242,5969
3658,11892,5786,9946,6143
1316,12165,7153,12310,7900
6026,6127,600,6713,6139
6984,6993,3835
9547,5390
11168,4192,9458,2386,476
326,6278,8880,7347,3732
7558,10953,6064,6578,9395
9714,3588,3557
10792,10038
10625,10633,9104,3313,5853
11115,2925,7473,8184,829
8418,11044,5512,9174,9784
7808,8161,8709,10354,6707
3681,7969,5866,5867,6317
11299,9062,2185,436,10296
12012,8431,10128,9842,1983
10735,7857,8758,11132,4382
520,4142,6963,1622,10909
11907,7428,7496,9897,11581
9729,9142,7606,3898,10487
11232,12650,9747,10294,10970
10548,3189,8223
4625,11820
12194,6084,9928,5648,3707
10945,10724,6601,8879,8688
9255,8112,4658,12403,9914
10496,11396,8646,12338,10011
9892,5220,7016,4023,8476
12452,4198,10089,10861,8343
8678,9553,10451,8915,10677
11137,10214,11114,6519,6783
9889,8386,11788,11693,8785
578,12680,7756,12349,11519
10432,12069,11916,1939,12790
12832,9187,10504,7595,9713
12482,9762,3157,11063,9759
11105,11494,11463,9736,4953
11393,3682,4710,8831,11871
3874,10405,7863,6814,12671
12770,11918,4790,9271,9786
12771,8836,11125,10839,10618
2657,5710,10831,3829,2971
4514,5516,1678,2030,2423
2465,5635,1067,3632,8734
9202,10198,1240,5053,9086
6279,8552,9511,334,10902
2688,10944,4362,10603,9678
3335,9512,7880,10811,4798
10982,3824,5015,11035,10812
9222,7660,12654,6290,5398
4003,4170,9164,4339,5274
8353,10377,10922,9936,5144
4195,6362,3403,6923,1005,5652,4501,8282,509
2976,3109,8238,3635,3034
3271,3273,3690,3914,6478
5568,4640,356,5162,4445
3459,8748,3261
3336,8399
3364,3142,908,6766,1909,3765
2561,2786,3734,3415,2623
3002,2794,3670
2226,2875
3596,2093,10446,3187,2271
2606,6639,2678,2583,3229
11172,3332,7301,8275,7061
10826,11822,9742,5236,11578
6144,4259,7048,10511,10174
1824,3009,680,9433,1373
3169,359,8807,4620,445
2402,10770,5523,5492,11069
11617,8009,10319,12279,10490
2796,5357,6576,8657,8891
11009,12067,7658,11914,2681
8387,10898,11926,7161,11423
12216,5001,12173
10149,8214
514,10925,12782
10019,3724
11080,1039,4213,2646,1527,1468
4165,12231,3786,4049,8504
1856,1792,1605,12363,8755
4227,4038,1062,12204,4367
10336,4171,2574,3508,2549
2824,1898,363,2702,2996
10532,4848,9234,8918,5275
6469,1836,2771,4893,5022
1621,5557,998,1295
5026,5606,8105,3084,8301
586,5713,6038,1181,543
3429,3432,3371,1201,5151
5893,6378,6283,598,3286
1155,4708,3813,6474,7292
7885,5617,5910,4571,4221
3465,6449,6898,2230,5181
6057,5295,1299,10775,1246
840,6793,1580,4249,6910
5952,5970,7603,5846,6175
11793,1509,9751
1186,628
5252,7623,12551,9267,372
1377,1964,988,5063
5433,6613,494
7175,7052,5619,3607,7294
6369,1359,8631,3929,4797
6624,6819,2149,2544,6847
1252,7269,2919,1069,7214
4832,6496,9460,1078,6615
1219,1608,5641,821,8094
7649,9485,6513,6738,9183
967,9000,5354,8569,378
7267,6585,7063,4057,5883
1345,7841,7657,5871,1943
4297,6027,10254,1339,3516
1217,9196,2380,1750,7390
3665,1366,8185,8378,6461
4017,6932,4436,5594,8092
4993,9413,10956,9554,1971
449,4258,9124,2150,3625,3568
7531,103,2127
9966,7151
3525,7526,422,399,11921
4995,1076,537,6395,2205
577,232,265,277,474
1576,8718,6385,1691,3260
7844,8395,6807,442,7422
11755,10443,6320,9596,7903
8294,4070,3943,4816,757,1470,2495
5476,1769,2090,7856,8989
800,6186,7405,2994,5812
9604,4549,8103,438,8028
2560,835,3472,788,8473
4066,3363,8457,471,1149
2240,1380,3173,7494,6133,7770
9388,8531,5463,3451,4286
7233,486,3495,1526,7963
4516,5321,2482,2612,4056
8524,6095,6321,573,4063
3841,4356,6827,942,149
5347,9811,8760,3742,5055
2496,6721,2662,10605,6581
1648,2608,11954,10260,4509
10115,6675,8406,4794,4094
3405,5907,1364,5623,7609
4538,3165,6462
9953,4265
11942,10280,3979,2321,5277
12384,3137,7586,10420,12150
11176,6761,11849,5077,8150
4641,9868,11118,10096,9976
10784,2337,6977,6501,7476
779,11599,7671,6270,863
6209,6625,6217,6577,5012
9765,6671,11857,12250,10974
12266,7435,11789,5230,5299
8770,3592,6411,9334,5531
2363,3652,532,1543
2129,10017,963
3265,3575,8392,3420,10428
11810,1095,1194,2769,7892
5376,4513,5891,11526,9199
12064,9825,11049,491,7791
2727,6536,9521,6459,11357
11655,11981,12241,3892,11321
11107,4618,7404,819,6455,536,1915
2862,8655,12302,9270,8571,8542
11008,11333,204,11380,11543,12408
2521,1651,3935
8288,555,540
12068,7078,1254,2474,1974,1721
937,6074,5179,726
4660,7719
2265,8771
704,4804,6379,5686,3991
4391,4076,4503,697,3483
8679,7979,5228,11695,7637
7426,10649,8218,6237,9503
545,10456,8668,10878,10847
9504,1441,4533,3574,9021,3582
4068,559,6160,1362,6679
9252,7721,4492,1873,3550
2322,3155,8661,12151,2330
5322,10539,11212,4715,11729
7520,4779,5486,2485,6108
4293,11625,8075,10124,8604
5830,8330,10099,5495,6328
9476,10247,818,12054,1499
2629,4392,3919,4404,4506,2429
3619,10020,2137,3482,6687
4288,5943,4787,5845,6071
6756,9861,3856,2832,1817
9274,8549,9424,1079,3226
9514,6987,5356,1845,10910
563,4092,9422
7001,7945
10565,4615,11826,11673,7103
7211,11407,10962,1848,9215
1765,10000,3377,2134,2494
10535,8296,5290,4945,9041,884
12192,1875,11027,9494,571
7266,8013,582,4118
4061,8335
3411,6375
62,3886,7038,1542
4992,7483,7724,6205
6422,3766,3686,7071
6768,2188,3894
7475,6479,951
9089,3718,172,9612,10205
8352,7170,11439,5432,7257
5443,9863,10315,10987,2427
3913,4944,4440,2138,8861
6024,5110,3320,8155,10140
7298,617,9035,7155,5023
7910,6417,7095,7708,11869
2065,4290,9852,2604
3570,3966
9715,2507
609,1516,4082,314,733
2455,6572,1525,5367,9402
929,1228,2857
2920,8596
1444,1671,8425,3357,3838
3106,1615,3862,8503,637
610,6222,304,3547,284
8704,8320,9908,8633,8319
1696,275,3124,8984,4220
622,8815,2491,4062,2047
8643,11731,1779,1494,7193
608,7886,80,1620,5721,539
5482,8652,6350,339,2393
4928,3654,464,565,3990
5123,6925,3347,158,10334
1382,10419,12180,633,6015
3524,646,6614,470,6824,169,108,4205,572
1127,3985,4568,411,7288
9193,650,4176,3186,5912
2977,746,6346,10100,2518,2905,9499,669,3870
9123,4553,2250,6128,4442
678,2733,570,7643,7002
4647,7466,4948,8412,1310
4874,2259,4758,3254,2269
5889,2881,5156,4855,4120
5544,6884,4644
2843,3987
4711,3529,430,10255,1917
5715,4315,3772,1662,4255
3205,6032,2419,4251,7740
5442,4867,6161,5532,5372
5601,5923,3045,5414,6284
6659,2410,2191,3768,2170
5857,7302,4586,6256,4311
9349,2056,4430,663,10488
6852,1337,174,9106,3799,7641
5571,4639,3543
672,10018,11011
641,3783,1804,2641,4178,3731,4282,4446,2751
3369,4112,4147,1235,948
4128,3937,2276,1193,2221
8525,3952,4020,4053,11038
9600,8258,8746,10359,9754
9125,3973,2318,9496,8380
4581,5351,691,1784,6394
5793,6146,11569,952,4287
8099,9513,10799,11263,11839
814,8014,5488,4210,6006,9527,10072,11575
5285,2153,7536,3764,5117
10402,7107,9170,2642,7933
11626,4141,693,11031,5211
4610,12028,11924,7989,8828
7427,11603,4723,9557,9368
9131,12638,10455
8608,4934
3008,10437,12662,12187,12828
5221,686,9011,695,8987
4098,11650,1197,9703
7128,3801,1669,2766
11994,5459,3245,8051
10497,5955,12238,10537
9517,7527
7552,12376
11769,11002,12500,9935
12425,10066,12172,8306
8705,3528,2089,1260,1048,2845
9986,10787,7991,955,8606
714,8682,1232,5213,6654
11658,2028,11438,9295,10161
5216,10431,2948,2910,12415
5281,260,4102,1294,7599,2677,6682
9417,1771,1899,4461,5614
4770,7682,7814,58,1211
5323,5583,1975,56,6299
1452,2636,50,5013,6427
6124,10990,6447,2428,6623
9291,6508,724,3897,5214
488,2955,4013,9489,2676,728,4089
4426,1066,749,3255,4027
3360,2912,3726,3640,3515
3522,12035,3339,2392,8766
11874,4611,1581,1819,3005
2352,2835,2520
2651,3875
10053,5742,9845,6685,10526
1995,5227,3830,9181,2143
2924,1711,11732,3514,3326
3236,12679,10032,2519,1112
320,7553,33,228,3018,8980,5311
1634,9835,12333,751,1522,7224
2096,8169,7050
5541,703
7353,6213
1524,8228
66,7438
6976,6723,7742,7523
1752,7714,2675,10087
11993,2203,5580,755
8089,3530,771,5527
3330,7323
7481,6883
2497,1895,9321,9236,761
5992,12076,7665,10323,8951
5282,5989,2038
10978,10078
5034,10445,943,5403,3345,1908,7355,478
7712,1795,4940,8405,1719
3434,6094,6353,1686,1535
3232,4906,5101,3028,2358
3727,7314,5749,341,4191
5248,1868,5423,7924,3000
5605,3900,5401,8924,3839
4748,109,1758,8085,5822
10,4108,3821,2975,5695
5314,5197,7635,6648,4862
10816,9286,7433,10836,767
11332,10598,10576,11859,11605
4583,2055,4233,7209,1520,2354,1372,4381,3327
1422,5870,2202,826,3486
465,8660,1300,4950,3608
6180,6119,7966,1716,126
8259,2788,5608,4429,6351
769,2411,3504,2361,6138
8641,4109,9630
10348,10045
2123,11723,10093,9262,1459
1890,3152,979,10740,7927
4322,8838,6647,9688,1883
3523,10055,10409,782,7676
1600,10955,3054,7570,4541
9700,9673,10773,7705,10235
3328,5091,6603,3793,10801
11424,11076,11164,6398,3039
12160,5540,1637,5222,6170
11808,11304,3123,7190,12765
12421,9487,9719,6265,12286
5667,3820,5037,786,1492,5245
1862,4683,4589,2195,156,604
836,925
3936,4564
1008,8003,7414,4879
2738,11265,4594,9939
4385,10172
6745,12579
10394,806
12465,3539
6628,613,1259,5645,215,4600
4697,6691,6899
2300,7501
2854,5289,170,1808,5683
8004,839,5457,3281,10430
1466,3622,8559
4858,4139,4895
5284,361,4043,3259,638
7630,3087,2768,2101,9399
8612,1231,4180,4539,7967
8152,8227,7327
1035,9406
4422,1225,10314,7983,2161
2954,3315,5422
2748,8039
1088,3394,4291,792,9627
10050,10984,9225,7034,11743
7425,10082,9067,844,1813
6849,1682,4565,5878,349
8050,6102,6488,7449,7197
3365,4465,8310,7031,3999
3078,1389,8461,8145,1588
9922,7942,7142,6025,7575
2085,8711,556,3161,4414
9090,9096,1138,2227,1142
9184,3920,7604,7028,2458
3424,7628,4078,3832,7199
9038,10734,11665,10579,4733
5348,10345,11116,6476,861
11588,12488,7021,1782,6520
12353,10530,9795,12739,9292
4963,7178,2575,7474,7538,2515,1663
6656,2931,9293
1256,3790
6666,4494,7286,6011,895
6306,10306,935,4809,7895
6020,7947,7307,4045,8055
5061,4679,3757,3127,5400
2947,4776,2508,3215,1747
6626,7627,2637,1741,2780
2712,1857,2187
4292,3477
354,1957,4041,2481,1628
8840,4844,10257,3284,6776
2109,3293,2075,7901,2911
10112,1539,2928,7412,11037
5473,2530,5262,945,5271
7363,7495,8363,7955,6490
5901,10541,2833,1970,4949
9667,4722,6580,3060,8123
1480,8313,7812
6619,975
9098,9361,3252,6550,7450
11456,900,7816,3755,7382
3441,5723,2044,2837
7088,5149,6942
5072,8441,5437,2334,6559
12128,8033,10601,4530,2488
9702,905,6122,8598,6879
9028,12814,9683,4470,8759
6116,8166,9544,10475,9260
4488,5705,4717,1905,10427
11909,11782,10215,12141,12692
11657,5677,10835,9911,11479
12740,8805,12229,9831,6259
9283,12615,11502,12015,11513
1153,2852,4520,1545,1967,2906,9053,3294
4901,2886,2730,2774,3295
4289,917,2872,10939,2335
12644,7781,3928,12409,6207
2644,5375
7984,4716
202,3719
2470,6539,6637,7696,6300,926
9152,7853,3022,7796,11546,8639
78,1594,6869,986,2719
4546,2475,9682,9016,10815
9510,1642,596,9207,1599
1536,1639,9582,1151
8195,993,8577,1209
7881,5124,2622
1257,46
3400,1002,7764,1277,2398
6528,700,2286
6697,2273
6210,5254,3959,4312,7129
4578,3242,5132,6382,1821
6562,6918,6569,6955,2970
6471,6606,2737,3861,4926
6561,962,387,3737,3995
6276,2793,4875,4631,6970
4107,8750,4789,218,4958
5060,6377,5170,6169,1534
2409,1674,4493,5842,8889
1347,3750,5447,6195,794
5933,5748,4602,5244,5692
5735,6357,6391,6075,6046
3996,3149,3725,2713,6652
6755,5549,4630,2556,5405
3785,1962,5424,5554,1811
5456,2619,3931,5884,5021
4515,6468,3344,6836,4760
7077,5160,2569,3986,7032
1571,4464,5521,5620,5078
6086,5905,5621,892,3965
2208,2723,5965,3953,2559
3521,8393,1006,8592,8689
5128,1327,5234,3893,10199
3683,6862,5559,2744,4543
6499,5789,4742,3662,9821
546,3586,2154,9484,8848,1618,5046
4859,9790,11542
8812,4749
6097,4531,9239,4253,3103
3648,4196,2951,1839,7423
6881,8585,11856,1009,2839
9879,7629,8887,9082,11644
12228,7845,11141,10567,11828
8290,9867,11564,7471,10842
1090,5353,8371,3642,6363
5953,6754,6416,5753,8121
2823,3500,2004,1018,2332
6380,1042,3349,3863,2331
516,3141,842,2158,3321
3107,5681,8946,893,3134
10252,2674,8404,6969,1020
4432,137,808
5480,7745,7273
6465,3873,5555
3792,4026
8293,8364,4111,306,7066
4138,5178,6203,3678,447
4736,7972,677,6891,2714
3251,3747,7029
2364,1829
5712,8820,5080,6936,8284
4547,11157,54,5529,9690
1029,5609,2671,11925,9530
8480,11171,11465,11468,3709
6281,3150,3185,3572,3033
1061,4937,2922,6002,8287
2817,5604,6282,5591,6263
7431,2953,7670,6874,7549
2628,3020,6192,7352,6590
6657,5395,6199,2487,2943
2916,3624,7913,4985,4348
7334,1068,6393,1658,6524
8005,41,2826,2416,9693
2086,3947,1871,1553,11198,8383
1841,6066,8179,5460,1365,1523
4673,3057,8658,1074,2039,10331
11697,7830,3961,7516,1726,8991
8930,3882,1233,8466,914
8899,8580,8464,3964,701
11169,10503,10760,10068,6173
8962,1099,11294,11322,7454
3617,9938,9081,12571,3292
424,3827,292
7338,7276,7478
6523,2222,3854
35,8300,2942,3130,4734
289,7594,7883,4396,8175
0,6409,3114,5212,8413
7778,6757,8211,10007,10524
10403,10119,9467,12732,10687
1922,10723,10728,12171,6518
10979,12484,11065,11099,11229
6535,12118,9752,3993,10142
4801,12036,5765,9708,3062
10183,10474,12077,10169,10844
6500,11334,11627,1110,11455
8116,11414,12183,12155,12799
3304,10005,12473,12251,8735
10176,11848,10833,10491,11388
9218,5410,1483,10669,9335
5536,11457,9620,10837,10678
12514,7875,4484,10781,9726
2051,6183,8367,8117,4151,4605
1016,1116,2960
3741,6174
2632,1624,2572
2524,4796
11398,1513,4718,8048,6105
1122,4517,4778,8562,9078
6466,8868,8518,9580,1918
2697,4653,6000,3218,2323,2164,2809,3196
7232,1289,973,3098,11003
5985,1058,9447,4375,1113
2048,1512,4793,5147,125
3074,4905,1425,665,9338
12288,5733,7081,1143,7576
226,1463
7289,10714
6089,1146,4500
9981,7159,7418,1243,11645,4126
3288,1754,1986,8845
1147,1053,8902,1135
3040,8961,6050,10059,12598
2209,1859,4134,1229,6352
2309,2062,9362,4763,9118
10466,10275,7114,10860,9593
1150,6172,13,3958
7139,741,2893,1167,9297,7059
8224,6850,1301,2840,7135
8803,4359,8808,8873,12074
1830,903,9997,1647,1265,2673,6463
1570,1284,1736,393,8851,1177
6946,811,9998,1846,1561,2045
1189,8326,6791,2792,5204
2180,8937,3348,8215,1982
8964,2256,9779,10493,7647
4737,2087,9992,9482,10122,1328,1590
1689,7973
1309,4237
1242,7852,7588,5661
5166,11662
12400,6114
107,2964,10332
7138,5002,11766
2552,5961,8016,8870
10544,9507,8389,1287
9288,1321,4284,8285
12496,6739,4925,10350
3778,6566,3401,8977,3325
4131,4935,1196,2356,3967
5537,4712,178,6104,6042
2112,996,6043,7965,3231
1392,7878,5886
7144,481
7779,3047,3473,7284,3609
2312,1358,1742,6608,1496
5709,4622,3247,3343,4753
5640,2856,4761,6077,1311
1381,6661,5286,10378,8182
3971,1096,4555,8653,3633,4349
7367,3593,848,8024,6716
1312,7936,7010,4601,6201
7906,7245,7125,6231,2972
7746,2298,1592,1946,796
385,7525,6408,3065,6491
6611,4532,739
6840,2690
6728,7251,2365,2807
5231,7221,469,7094,4665
3554,7492,709,2672,6612
338,2611,500,4185,8156
7872,7625,3984,2548,7550
4423,6193,2291,185,4636
4646,9194,8240,6296,1374
9097,5497,8444,5278,4095
8581,12331,11983,9941,4891
11555,4771,10023,4559,11539
12649,6644,11000,12060,3455
249,10396,1822,1303
8448,1414
5019,643
3975,9031,6314,6316,2099,1503
2624,3207,6823,4526,5854
1985,615,1482,8021,8730
960,1863,5260,4786,4821
9027,1423,9233,8595,308
11720,1832,8266,3214,1941
9696,4865,5362,7702,6586
9828,1780,1206,4634,1598
9449,92,9841,10776,4668
9829,3721,10571,11214,1458
3168,3969,1589,25,2940
5639,5937,3703,2974,2655
2500,2489,4407,1465,8509
2685,11338,2091,684,235,1204,8986,6044,7069
39,2990,7162,6525,10206
7566,3448,4475,11197,11999
4162,3396,7565,8496,6040
8102,2024,3372,6772,2715
7366,11209,3373,7663,8153
11977,1515,9201,8434,10291
6,619,1519,9533,157
3329,3238,6861,4239,8309,2012,2079
9800,2049,2621,1853
2897,1538,7780,2645
2369,3203,10412,9931
2601,3692,4397,3462
4101,3316,5317,5126
12921,5186,10564,12541
11184,10248,2818,5926
5096,7763,6736,5008
4661,5413,4823
4769,3077,2359,6809,1406
8135,7026,2292,5109,3614
3457,11278,9303
9732,1557
12321,9896,5746,7027,4313
3853,6526
10056,2660
6616,8212
1616,3777
8648,2778,1160,5759
1568,2274,9526,6415
4411,775,2445,3503
2882,5270,4671
1578,8402,7383,3099,3452
6152,4579,3398
8952,7455
2144,7086,2618,3739,8029
9075,9814,11192,1692,9407
8421,6312,12620,7866,6109
4608,7364,12103,3436,11639
2800,9428,9005
9738,12110
6534,7976,10958,9940,12024
1699,7652,9381,3847,9996,8495,10641
1701,553,6190,4754,4918,4409
3808,8481,5804,1676,1820
8321,1707,8589,3375,1269
224,2467,4527
3826,1659,4743
2720,3932,11046
1156,4421,3440,4245,3036
5569,3176,1611,8151,1756
7465,3243,3181,3446,2459
8391,3565,1556,1276,2204
4768,2658,7067,2353,5307
5093,7783,7183,7388,2301
3012,9734,1518,6288,2296
11552,7782,3274,6413,8177
7333,1775,7121,6322,11223
12071,8971,10607,11193,10300
6080,6759,10151,8979,7675
10880,6530,455,1776,11863
416,1540,1906,3225,5981
362,7601,11090,4275,1844
4528,6771,1191
4897,7377,3183
5548,1786,52,1965
4224,1762,190,8478
2579,9611
2069,7439
6313,5964,7785,1126
6642,1861,10335,8583
2848,7651,3209,7146,6483,7735
7008,6989,5391,5171,5974
6019,8818,6421,5918,4863
8325,6374,5392,4915,6332
6023,11466,1227,2190,8025
2082,8482,2983,8872,1132
7235,11749,6298,10421,1882
2791,7080,3015,2282,7274,3626,2477,2903,3129
2081,2789,534,919,1308
8920,1953,10077
2147,1502
3073,2214,2347,2042,2140
1827,2311,3307,3412,2040
2253,3217,1876,5950,2175
2152,1900,1749,279,6232
1603,2157,1773,9999,2680
2562,2443,5934,2200,2014
10339,2691,2959,2867,468
2722,7654,4467,2139,3324
1729,5125,2891,1102,2873
2721,1738,4332,9750,791
2667,2033,6674,4536,8570
2114,2860,10070,2682,9887
8938,6797,6865,3443,2901,3131
4490,2448,6960,6227,6008
7640,6808,7862
1044,7007
8298,5962,3053,7445,7674
2306,7819,1996,4303,370
5602,290,8198,3562,2002,8468,3545,5500,2399
4034,10786,10021,3694,11931
8528,7179,4270
9915,9891
6799,9945,6617,9853,9241
7602,4441,8315,5821,6782
8784,7546,4815
8843,5095
11111,9492,3095,5752,6423
8385,9060,8933,9200,12273
7491,7748,5684,2008,7160,60
5760,9962,12300,8783,6319,2486
2073,6402,2244,7047
1635,9348,217,9006,6327,377
8056,1297,12234
11224,1541,2102
8001,10414,11187,5911,5784,2813
5028,3206,2863,2225,6485,9724
1867,940,4655,2100,152
1091,4428,589,7986,5566
2659,1572,1451,5915,1723
1793,130,5997,1976,7132
1315,9319,10120,8926,959
7104,2071,10328,9755,6301
5064,9577,1807,1586,1687
2932,4340,5750,2104,10748
8737,2121,10730,2034,11899
8328,9618,6196,11284,8376
7040,9316,11945,11533,10225
9440,11202,7385,9980,12670
994,8291,4081,950,9054
6159,6343
3466,2111
9641,3082,5324,3408,3120,3763,8982,1626
6059,5326,2132,5397,3989
4420,8245,12375,9304,9147
10822,7944,10090,7157,9307
7456,2182,87,4232,3563,9116,830
834,3944,9937,2546,8532,10165,1757
8379,2228,4870
9585,11348,11663
3872,3431,7757,6607,3158,123
5088,4978,5306
8594,4923
6786,4930,5770,7318,4218
6949,5865,5995,4890,5979
2242,7817,6480,6933,5304
4324,2889,9390,5208,5849
8322,5030,8519,9430,7930
3591,7163,3228,1447
2877,8522,6843,6917
6371,2053,10704,2262,2968
10217,8491,6961,5049,12414
3712,2698,6863,2586,8895
5701,10473,3754,7467,10872
417,6150,785,10386,1491,10003,383
12769,10594,2289,10261,10486,9461
7784,10283,3275,1999,1263,6833,4439,6424
4451,3621,8109,7379,5949
8000,6795,5550,14,6364
8777,6091,6860,10063,5855
6179,11984,10481,9874,8856
8354,6538,10062,6098,9176
10340,6546,3541,5237,9592
10209,11811,11562,11666,8729
8613,10413,11952,2293,11576
1472,6153,3467,4986,3390
428,1275,7793,5206,4699
2215,2736,8018,155,3004
4449,4395,2299,759,5627
9603,8752,660,8250,1118
128,1286,5135
1065,4638
6082,1220,522,1106,5654
6724,5542,1190,8267,8693
5196,3612,4726
938,1565,7519
115,7489,4947,8429
7697,7709
7218,5902
2439,8113,3016,7743
5249,2885,7254,5894
7346,1158
7328,4744
3296,2302,8196,6886
5651,7223
7315,6308
4706,7109,6185,4691,7898,924
192,6244,4135,3977,8471,3901
8360,5419,2752
5338,2307,70
8257,666,198
713,6323,4158
8544,8669,7554,4519,5518,435,3133
8272,5041,8010,2627
2514,5003,6780,365
7360,7041,2570,6563
5377,8545,9366,2295
11306,11803,9525,5134
12730,7255
10472,11023
2349,12619,9117,3190
1353,457,7019,5582,2385,5751,2717
6418,4951,6552,6297,3708
2305,6311,8268,5780,7677
5931,7148,4972,7281,602
6753,7015,3367,2938,5116
8256,11554,5935,7508,5499
4933,2501,2471,6999,3287
3305,269,7413,4566
1945,1722,8588,2390
3264,3140,6630,1866,4318
2396,437,3606
802,4222
3112,4424,7147,2098,3770
8865,4238,3023,3280,4219
3048,47,1361,10034,9108
2499,9238,263
1777,8124
8576,1794,8388,1157,2007
8225,2502,6247,3337,3710
5408,2211,6988,3277,6991,4751,3419,4479
6437,1998,655,9171,1948
7684,10186,3896,10809,10780
2535,8876,11101,9558,10301
3013,7051,8907,2193,5590,3006
1801,10415
4330,6893
9208,3512,3317,1902
8674,2538,4350,11975
9264,1137,9204,2596
9300,981,8823
10360,9221,9637
4485,1934,7823,3796,2846,2207
1319,10376,525,405,1944
8447,2310,7981,1173,927
4652,8304,854,887,825
8640,9049,2041,1370,1790
2338,7747,1893,4680,2473
2176,6597,7340,5975,3899
6140,7502,9650,890,2172
8712,9259,8849,2613,5439
1768,1812,9109,4346,8700
843,427,8942,9967,1487
9805,3924,1912,10393,5469
1988,2340,1936,8593,10585,1371
9385,8809,9232,11059,1623
11013,4329,10863,9907,2687
5785,1774,2927
10148,1253
8088,6906,1298,6928
7896,1684,718,9320
2888,1972,251,6924
896,6573,4966,6359
673,9044,5941,5806
6399,7141,3318,3887
4617,493
1656,8782
2884,4621
7321,4913
2913,1993
2526,5174
6803,11636,2709,6511
3700,2777,3052,7511
2861,964,1989,6439
1665,9154,3850,2670,3379
229,6021,1032,2260,2652
5352,997,8694
1834,2684
2148,774,2483,2781,9055
2094,910,2542,4792,2136
737,865,1735,2735,8154
3842,5478,10568,10765,5851
5824,4010,5258,6510,1530
7372,2355,501,2198,1597
5385,2802,8761
1644,725
9573,6189,5647,8445,2750
2946,2243,2858,1816,2490
6818,5988,8295,2510,10398
9146,1602,6238
5844,1614
2252,1872,9619,1654,3037
5703,10285,2896,883,6366
9120,5827,5257,907,1772
3520,11490,10722,9205,12120
11809,10543,2383,3828,10230
10754,2469,8970,11979,10703
2808,6509,3135
4689,4433,2342
6277,2159,20,7548,4607
489,1004,3983,3671,3834
2023,164,4351
567,7911
2527,971,2772,9308,4031
841,1165,4274,2162,4542
1892,809,1258,1296,2420
1799,2381,2605,463,8882
1575,7432,4044,2163,953
4320,5420,4976,10390,6521,1469
5840,4,8455
5000,1433,2864
2083,7045,7484,6392,9595,3548
5450,454,111
4487,4143
7261,3855
352,4326,273,2933,4317
2400,7620,3113,2894,5725
5507,4454,5201,5337,2620
5224,8337,3064,10014,1855
5991,9672,5671,11307,10611
1888,3430,344,2394,5240
1904,1617,2001,2822
8972,4687,3414,3160,4153
1001,9235,1141,2841,7326
3042,3460,10989,847,9435
8871,8781,4369,1490,6673
5708,7535,8187,1084,10879
3138,2979,9317,5163,8427
1835,2418,857,3227,7452
5313,4881,3385,7290,7357
8059,11205,2958,6326,7803
4585,7690,4974,5807,8053,6839,4830
3656,4304,6866,7030,5726
1987,5573,6506,4537,1052
1440,5825,8774,2763,6009
5629,5704,1329,3925,3613
5994,5774,6968,6492,5471
1291,6605,5329,1596,6589
1796,5547,6517,5112,7229
6433,7113,4752,5139,6453
4831,5043,4502,7419,95
8008,10828,6574,3599,6742
5896,2281,4651
1162,6204
5729,1476,5483,6701,380
5794,6370,2991,5940,6137
3976,4398,2638,6556,7325
4512,3489,5092,5546,4523
5920,5795,4840,4363,2874
5418,542
5919,1759
5666,529,3762,8981,10779
8547,5446,1511,5103,3962
8512,4569,3011
5657,5879
5633,5010,3219,5141,3222
5331,4917,5788,4990,4415
2336,6051,4965,1606,7962
4643,812,1997,4725,9466
6945,3949,985,6779,6655
9508,1093,1037,9681,3998
983,4212,2133,4759,6200
3556,1733,3239,7529,6412
4802,1092,1274,1550,7226
3589,4883,7958,7801,9245
4900,1959,7980,6929,6294
5504,4750,6832,2773,7645
7076,1896,7664,5682,2197
4450,710,3815,7534,5938
7971,3685,871,3468,3001
6274,933,6220,9299,1919
5409,5622,6295,4857,5243
6598,6442,6986,8877,3376
8032,1003,9172,7797,5595
777,7914,2029,8049,7806
5505,1025,8163,4824,7582
4732,4149,6158
5553,6947
5445,4814,1172,1083,93
11778,4813,4086,11004,8158
9313,8458,7341,10231,4667
7296,9231,4626,3093,5113
11109,10858,10954,3024,6198
7593,7917,5487,3889,1367,1563,5215
1474,9158,9483,9624,9535
7172,6181,9418,3086,9331
1224,10731,7957,12665,6558
875,6956,6126,4435,5525,3159,11135
8773,4169,6635,3118,3859
4001,1865,3285,7931,6047
3715,3143,2444,4561,2610,3224,3644
3650,10639,2966,5368,2264
2412,2223,3664,8144,10713
7118,4080,5365,7126,4728,5183
1216,3174,1737,3852,4943
6693,3151,4016,3162,8190
6848,3720,4146,6387,7415
7874,3404,2294,2457,7706
7206,5799,3630,6289,3195
4032,736,10697,7085,916
7344,7956,4981,7992,5501
4635,4886,6662
3926,3655
7073,2701,6514,3704,7961
6533,7469,6867,8052,4093
3458,4005,3590,7149,4028
4002,4518,4199,6331,3867
5664,7619,4649,4209,7669
6979,4491,3350,3319,3391
5198,3471,3891,2904,3386
6722,5739,2668,4018,3480
6882,7112,6003,2643,7935
7468,3885,7378,6516,4567
6376,5090,5007
5177,3883
1705,4458,4267,5169,2740
6342,3156,4884,4666,3803
8097,7337,4009,3788,3450
6272,4194,9803,2957,2962
9056,4186,5272
7306,3684
3736,3233,4869
4998,8830
3171,3272,2963,5146,3038
3749,1770,4942,1753,2011
1473,1673,4370,1690,9566
3300,580,8778,11763,606
3308,1613,8788,989,2430
5378,8842,6545,7441,8890
3649,3362,209,439,61
6531,10278,5484,6093,6543,7642
10308,267,3538,1436,4060
6214,2765,6962,1175,10906
9420,10317,3502,5173,6777
2704,3674,6187,1727
6063,11450,271
5805,7727,6677,3510,4408,8251,9437
2724,823,6031
2216,1427,4029
512,1604,9258,4499,4252
8810,4309,2206
5697,8662
3628,12306,8312,3643,5308
2757,870,2199
624,8699,1573
1120,10921,10636,2446,2006
2401,8866,550,4174,1455
3688,1803,2741,9628,9501
6692,623,4785,4695,6683,10494
5474,3748,4389,9766,7336,9623
2753,4261,5416,3884,6937
6431,6440,1907,4189,3071
4483,1713,6583,6235,6302
5058,398,980,5302,954
8040,4681,629,6842,3677
6309,166,1031,9840,6107
6658,5545,266,10739,4988
5389,1709,6224,3346,1014
6663,9033,1655,6010,3871
6502,4294,1453,9052,5279
6060,527,9212,6749,3806
5508,682,3661,4956,4190
2304,2915,781,183,3997
3202,1318,4073,4075,3668
8226,4427,3374,3314,4159
4335,4497,3666,5363,3963
4263,11781,5119
3939,3645
2115,4357,12198,1467,862
4387,3981,5462,10903,5565
3417,1163,1071
9441,4714
324,2212,716,2509,7835,8255
708,2346,1272,8346,8479
3651,1685,886,8825,1629
2035,7381,662
3667,6414
4036,1668,44,6157,3220
10114,707,5738,7729,3706
5665,1446,1958,5193,4278
6529,3147,2391,5880,5342
4004,8454,425,8463,2131
11108,5616,5649,5939,8917
2981,2534,6450,5909,2902,8696,1439
8484,8357,5165,4087,6686,8511
4145,787,6407
4745,4419,1990
1331,9083,3019
4659,11190,9689,734,415
9063,11515,4215,5944,11579
7137,2348,4703
210,4637
4833,4866
2113,1797,8878,731,894
4456,2060,1461,8221,3647
4229,12561,3955,4406,4280
1248,10505
176,1015
5464,4345
11100,11631
4864,6337,2017,7873,6148,7145,4413
168,8941,6482,4627,1973,7864
8486,5127,12017,4850,7605,10522
2432,10597,621,2108,5685,2551,2460,2010,2492
11556,8676,4612,2407,1929
10993,12163,7925
5929,8307
8038,11174,5963,9356,11346
11609,11442,9541
9926,9095
9730,12553,8236,1397,346
6096,6325,6935,4664,7837
4720,2,7309
1320,5513,7275,760,4632
8772,3909,8816,499,3576
3693,242,8822,667,6303
8801,679,4236,4012,7789
99,4522,460,7860,1207
6769,8852,374,154,8731
524,8621,8338,4756,5048
3600,10761,4780,1471
8548,5489,4820,5319
3211,5203,2811,6397,222
1400,5945,2405
1488,1640
4871,6167,2775,5083,6493
7043,3079,5168,7574,9468
2563,4103,2830,2447,9139,4125,1567
12448,459,3921,8691,9268,4982,2747
3497,4481,6709
8128,747,4084
1479,7176,3818,5454,1340
3945,9004,4279,5914,4379
9472,6405,5005
12081,7124
7907,8208,3029,7262,6943
7908,6120,5102,9975,10684
5312,5987,6088,5551,4496,7634,595,1012
2900,6062,375
10994,4822
4929,7362,4554,5073,8698
7718,5297,5787,220,5790
5526,4486,1022
1984,8098,6477
105,977,8824,3611,3676
5637,4595,3860,1879,511
5481,7758,2450,3672,7004
3951,1950,4980,1017,5145
5065,5387,4910,3638,5598
8122,947,5004
2849,5813
5669,5673,11146,8141,9567
3136,3585,4674,10959,4283
9850,867,7212,4405
6121,5094,1073
8420,5900,3154,562,8279
8993,101,3437,690,5655
4256,5059,8074,1677,561
4007,5769,4172,4556,4241
3908,4331,5458,3476,3711
3577,852,1174,11191
3119,2973,2054,3559
11216,11154,6156
8664,3208
3426,9960,3027,2005,795
1544,11529,3496,2582,8790
3072,11722,11210,10638,2097
2241,6310,10608,10803,6266
5316,3180,3537,7666,5588,7037,2046
4321,3170,5251,5111,3352
1672,3248,5172,11893,90
4480,1057,3469,18,2969
3618,6434,616,3573,2072
1767,2088,6888,3370,7767
1313,8616,1261,592,7828
5219,1324,6770,6486,347
3266,5250,4709,3030,5823
5344,2408,1107,4954,8220
1280,1094,688,5298,8723
7461,5451,6446,8591,5335
196,8940,5747,6995,7836
6913,5514,591,7320,5852
5543,2890,5869,6996,10236
6592,3970,6467,7581,6975
7849,1450,4686,5877,6967,3416
3745,8827,294,5327
874,8339,11445,3221
64,8344
7818,6667
4808,6948,789,7055
8442,6835,7133,394
3940,6733,3759,5359,2449,2325,8407
10856,6670,4656,5758,7039
5572,1551,4851,3669,3479
6951,6696,2194,7798,4343
4841,9166,4495,4916,1881
7680,8034,656,15
8170,11244
6155,1933,2326,6330,3771
1956,4902,4144,860,2141
4161,1164,496,1171,1947
6690,614,6711,1244,6013
9188,2918,1703,2036,8634
2173,10221,8911
10416,9870
1121,6845,1481,5998,12445
2019,4619,143,3601,2805,443,6878
4459,110,5687
7490,2126
8069,8,7821,6354,5563
5990,7398,6230,7515,348
9280,5477,10158,5044,6164
11619,6627,5574,5191,5195,9518,9305,5498,6588
