0,5
8,5
14,20
22,5
30,15
34,5
37,5
42,5
51,5
58,5
63,10
68,5
74,10
81,5
88,5
94,5
97,5
98,5
99,5
108,5
117,15
123,5
128,5
133,5
135,5
140,5
144,5
150,5
156,5
160,25
165,30
169,5
175,10
181,5
184,5
190,10
195,15
199,5
206,5
212,5
214,20
217,5
218,5
222,10
227,5
231,30
235,10
236,30
237,50
241,20
243,10
244,5
247,5
251,20
254,5
258,30
262,5
265,5
267,5
271,5
273,25
274,5
280,15
284,5
289,5
292,10
294,25
295,5
297,15
300,5
303,5
305,5
308,5
311,5
314,10
317,25
320,10
325,5
332,5
344,10
350,5
355,15
358,5
360,5
363,5
365,5
366,5
367,10
368,5
370,15
372,5
374,5
376,5
379,5
380,5
382,5
387,10
392,10
395,10
397,5
398,45
400,5
404,5
408,5
412,25
417,5
424,25
426,5
430,10
434,5
438,50
441,15
443,5
445,5
447,5
452,5
454,5
459,5
465,5
466,5
469,10
471,5
472,30
473,15
475,25
477,10
479,10
483,15
484,10
489,10
490,5
491,20
492,5
495,5
496,5
499,15
502,5
503,20
504,5
507,5
509,10
510,5
512,5
513,5
515,10
519,5
524,5
526,5
529,5
532,5
535,5
540,5
543,5
547,15
549,30
553,5
556,5
559,5
565,10
569,10
572,35
576,5
583,10
585,5
589,50
591,5
593,5
595,5
599,5
604,5
612,10
619,5
622,30
624,10
630,10
632,5
635,5
637,5
640,15
643,5
644,5
645,5
646,5
649,10
653,5
657,5
668,5
670,30
675,5
678,10
685,5
689,5
694,15
695,15
697,10
698,25
701,5
704,20
706,5
709,10
712,10
715,5
721,10
725,5
729,20
732,35
734,10
736,5
737,5
738,5
740,15
743,5
745,5
748,15
750,5
753,5
761,5
762,5
763,35
768,10
773,15
779,10
782,10
786,5
788,5
790,5
791,5
795,10
799,5
802,20
804,30
807,50
810,5
812,15
814,5
817,5
818,5
825,5
828,5
829,15
830,40
832,15
834,5
836,5
838,5
841,5
842,5
844,10
845,15
846,15
848,10
850,5
852,5
853,5
855,35
857,5
858,5
859,5
860,15
862,5
863,15
864,5
868,5
869,5
871,5
872,15
873,10
874,10
876,5
881,5
888,20
893,15
894,5
895,15
899,25
902,5
909,10
912,20
916,5
918,5
920,10
923,5
927,10
929,10
932,5
935,5
937,10
938,10
940,5
942,20
946,10
948,45
951,5
953,5
954,5
955,5
956,10
958,15
959,10
962,25
965,5
970,5
974,15
977,5
978,5
980,5
981,10
983,5
987,5
990,10
993,5
998,10
1003,10
1007,5
1011,5
1015,25
1017,10
1019,5
1022,5
1025,35
1028,5
1030,25
1037,15
1038,5
1040,5
1042,5
1050,5
1052,45
1053,5
1058,30
1059,5
1061,10
1065,10
1067,5
1068,5
1072,10
1074,10
1076,5
1078,5
1080,15
1084,5
1088,10
1089,50
1093,5
1097,5
1101,10
1105,10
1108,30
1110,5
1115,5
1117,15
1118,5
1120,15
1122,5
1126,45
1130,5
1134,15
1136,5
1140,10
1142,5
1143,5
1144,20
1146,5
1147,40
1150,5
1152,10
1154,20
1155,15
1157,5
1160,40
1163,5
1167,5
1170,5
1172,5
1173,15
1176,5
1184,10
1186,5
1188,10
1191,5
1194,35
1198,20
1199,5
1202,5
1205,5
1210,5
1212,5
1215,5
1216,5
1219,5
1221,5
1223,5
1225,30
1227,5
1229,5
1231,5
1233,5
1234,15
1235,5
1237,5
1240,5
1242,10
1246,5
1248,5
1250,10
1251,10
1254,5
1256,30
1262,10
1264,5
1266,5
1271,5
1274,5
1277,5
1278,5
1281,10
1284,10
1285,15
1286,20
1288,5
1294,5
1296,5
1298,5
1300,5
1302,5
1305,5
1307,10
1311,10
1314,15
1317,5
1320,35
1323,5
1324,35
1325,15
1326,5
1329,10
1331,5
1332,20
1334,20
1338,15
1339,5
1341,5
1346,5
1348,15
1353,20
1356,30
1357,20
1358,5
1361,10
1365,5
1368,25
1370,5
1373,5
1374,5
1376,10
1377,10
1380,5
1381,5
1384,5
1387,10
1391,5
1394,50
1399,5
1403,50
1405,5
1408,5
1411,5
1414,30
1418,30
1422,5
1427,20
1429,5
1434,30
1435,15
1436,50
1438,5
1439,5
1443,15
1447,50
1450,5
1452,5
1455,5
1459,10
1461,10
1463,5
1466,5
1467,5
1469,5
1473,5
1474,15
1476,5
1481,5
1484,15
1487,5
1490,10
1493,5
1495,5
1498,5
1501,5
1503,5
1504,5
1506,5
1511,5
1513,15
1514,5
1516,5
1518,10
1519,40
1521,5
1524,5
1525,35
1526,10
1529,10
1531,15
1535,10
1536,15
1538,25
1540,15
1542,30
1543,5
1545,50
1548,10
1550,5
1554,5
1558,5
1561,5
1562,5
1564,5
1565,10
1566,5
1567,5
1568,15
1569,5
1571,5
1575,10
1576,5
1579,5
1581,10
1584,25
1586,10
1587,5
1588,5
1589,20
1592,5
1595,5
1596,5
1598,15
1601,5
1604,5
1606,10
1608,10
1610,5
1612,10
1614,5
1616,5
1619,20
1623,35
1625,5
1629,5
1630,5
1631,5
1635,5
1640,10
1642,5
1643,5
1646,5
1649,10
1653,5
1655,5
1657,15
1660,5
1662,20
1664,10
1665,25
1667,5
1668,25
1671,10
1674,20
1676,10
1677,5
1679,5
1681,5
1682,5
1683,5
1685,5
1686,5
1687,10
1688,5
1689,5
1691,5
1692,5
1693,40
1694,5
1696,5
1697,5
1699,5
1701,5
1705,5
1706,10
1709,10
1713,15
1716,15
1717,5
1718,5
1719,5
1721,15
1722,5
1724,5
1727,5
1730,5
1733,10
1734,5
1738,5
1740,5
1741,5
1742,5
1744,10
1747,5
1750,10
1752,10
1755,10
1757,25
1759,10
1762,5
1767,15
1769,35
1770,5
1772,5
1774,20
1776,40
1778,40
1781,5
1784,5
1786,25
1787,15
1789,10
1791,10
1793,10
1795,20
1796,5
1797,10
1798,5
1801,5
1805,5
1806,20
1807,5
1811,5
1814,25
1816,35
1818,5
1820,5
1821,5
1823,5
1824,5
1825,5
1827,5
1829,10
1830,5
1831,5
1832,5
1833,5
1834,5
1836,5
1838,10
1840,5
1843,5
1847,10
1849,35
1850,5
1852,5
1853,5
1854,5
1857,10
1860,5
1863,10
1865,5
1868,5
1869,10
1873,5
1874,5
1878,5
1882,5
1885,5
1887,10
1888,10
1889,5
1891,5
1893,5
1898,5
1900,30
1905,5
1909,15
1911,5
1914,10
1917,25
1918,5
1919,5
1921,30
1923,15
1925,5
1928,10
1929,5
1932,5
1933,5
1934,10
1935,10
1936,10
1937,15
1940,5
1941,5
1944,5
1945,15
1946,25
1950,30
1952,5
1955,5
1957,5
1958,35
1959,5
1960,5
1961,5
1964,5
1965,25
1967,5
1968,10
1970,5
1972,5
1973,10
1977,15
1980,5
1984,5
1986,5
1989,10
1991,5
1994,5
1998,10
2000,5
2002,5
2007,5
2008,5
2011,5
2012,10
2014,15
2016,30
2019,5
2023,5
2024,5
2027,5
2031,5
2034,5
2038,25
2039,5
2041,10
2042,5
2043,10
2044,10
2045,5
2046,35
2048,5
2051,15
2052,10
2053,10
2056,10
2058,5
2061,5
2062,10
2065,5
2067,5
2069,15
2071,20
2074,5
2077,5
2078,25
2080,10
2082,5
2083,10
2084,5
2087,5
2088,5
2089,5
2090,5
2094,5
2096,5
2102,45
2104,5
2105,25
2106,5
2107,5
2108,5
2109,5
2110,5
2111,5
2113,5
2116,15
2118,5
2120,10
2121,5
2122,5
2123,5
2124,5
2125,5
2127,5
2128,5
2129,5
2132,20
2135,20
2137,5
2140,5
2145,10
2147,5
2149,50
2153,45
2156,10
2158,5
2161,5
2162,5
2164,5
2167,50
2169,5
2173,10
2177,25
2178,10
2180,10
2184,10
2186,5
2188,5
2190,25
2194,5
2196,5
2199,10
2203,5
2205,5
2206,15
2208,5
2210,5
2212,5
2216,5
2218,5
2219,5
2221,5
2222,20
2223,15
2225,10
2226,35
2227,5
2229,5
2233,10
2235,5
2236,35
2237,5
2238,35
2240,5
2241,5
2242,10
2247,5
2248,15
2251,50
2252,20
2254,5
2255,40
2256,20
2258,5
2262,5
2265,20
2269,10
2272,5
2273,20
2274,25
2276,5
2278,5
2279,5
2283,5
2284,15
2286,5
2288,5
2290,5
2292,10
2293,5
2294,10
2296,30
2298,5
2299,25
2300,5
2302,10
2303,5
2307,5
2309,5
2313,45
2314,10
2316,5
2318,10
2320,5
2323,5
2324,5
2326,15
2327,20
2328,5
2331,5
2334,20
2338,5
2339,10
2340,5
2342,5
2344,5
2347,5
2350,5
2351,5
2352,25
2354,5
2355,15
2359,50
2362,5
2363,5
2364,5
2366,35
2367,5
2371,5
2372,20
2373,5
2375,5
2377,10
2378,50
2381,25
2384,5
2385,5
2386,25
2387,5
2390,5
2397,5
2399,10
2402,5
2404,5
2407,5
2409,15
2412,5
2418,5
2421,45
2422,25
2425,25
2429,5
2431,5
2433,5
2434,25
2436,5
2437,40
2438,5
2444,50
2445,10
2449,5
2451,5
2454,5
2457,30
2459,5
2460,5
2461,10
2462,5
2463,15
2465,5
2467,15
2469,5
2471,5
2472,5
2474,20
2475,10
2477,5
2478,5
2482,5
2485,5
2488,5
2490,45
2491,15
2493,5
2495,5
2499,5
2500,5
2502,10
2503,10
2505,5
2508,5
2510,5
2512,5
2514,5
2517,5
2518,5
2520,5
2523,5
2524,5
2525,5
2528,25
2530,5
2532,5
2535,10
2537,20
2539,5
2541,10
2543,40
2546,5
2547,15
2550,5
2553,5
2554,5
2555,5
2557,10
2558,10
2559,10
2561,40
2563,30
2567,30
2568,10
2570,5
2571,5
2573,5
2575,5
2578,40
2580,5
2582,5
2583,5
2585,5
2587,10
2588,5
2589,5
2591,5
2595,10
2600,5
2602,30
2603,45
2604,10
2606,5
2608,10
2610,5
2612,5
2614,5
2615,5
2617,5
2619,5
2623,5
2624,5
2626,10
2629,10
2630,40
2631,5
2635,10
2639,10
2642,5
2644,5
2645,10
2646,5
2647,5
2654,50
2655,5
2659,10
2660,10
2661,40
2664,5
2666,5
2667,5
2669,5
2670,5
2671,5
2672,10
2674,10
2675,20
2679,5
2680,5
2683,5
2687,5
2688,40
2689,5
2691,15
2692,5
2693,5
2694,5
2696,5
2699,5
2702,5
2704,5
2705,5
2706,5
2708,5
2710,10
2711,5
2714,5
2715,5
2716,5
2722,25
2723,5
2724,5
2727,15
2728,5
2731,5
2732,5
2733,15
2735,15
2738,5
2740,10
2742,5
2744,5
2745,5
2747,5
2748,5
2750,10
2751,10
2754,5
2756,5
2757,5
2758,5
2759,5
2761,5
2762,5
2765,5
2766,10
2767,20
2769,5
2771,5
2773,50
2775,50
2778,5
2780,20
2782,5
2783,10
2786,5
2787,5
2789,5
2793,5
2794,5
2796,45
2799,5
2803,5
2804,5
2806,35
2809,5
2811,20
2812,5
2813,5
2814,5
2816,10
2818,5
2820,5
2822,5
2823,35
2824,5
2825,5
2827,5
2828,5
2829,5
2830,40
2831,5
2833,15
2834,5
2837,5
2841,5
2842,30
2844,20
2845,5
2848,5
2850,5
2855,5
2856,5
2858,5
2860,5
2862,5
2864,5
2866,5
2867,10
2868,5
2870,15
2873,10
2875,5
2877,15
2878,5
2879,15
2882,10
2883,20
2885,5
2889,5
2891,35
2893,15
2894,5
2895,5
2897,5
2901,10
2905,5
2906,5
2909,5
2911,5
2914,5
2916,15
2917,10
2918,5
2919,5
2920,20
2921,5
2922,5
2923,5
2924,45
2927,5
2929,20
2932,5
2934,5
2940,5
2941,5
2943,10
2946,15
2949,5
2950,40
2953,5
2956,5
2957,10
2959,5
2962,5
2964,5
2965,5
2967,5
2968,10
2971,5
2972,5
2973,10
2976,5
2977,30
2978,5
2980,5
2983,30
2989,5
2992,5
2995,5
2996,5
2997,5
2999,5
3001,5
3003,5
3004,5
3005,5
3007,5
3010,5
3011,5
3013,5
3016,5
3018,5
3020,5
3021,5
3022,10
3023,20
3025,15
3026,5
3028,5
3032,15
3035,5
3037,10
3038,25
3039,15
3041,5
3042,5
3045,5
3048,5
3050,5
3051,5
3054,10
3057,10
3059,15
3064,5
3065,10
3068,10
3069,5
3072,5
3075,30
3077,5
3081,5
3085,35
3088,5
3090,10
3091,5
3093,5
3095,5
3097,5
3099,10
3100,5
3102,35
3103,5
3105,5
3106,5
3108,5
3109,5
3111,25
3112,10
3115,5
3117,5
3120,5
3122,5
3123,5
3126,15
3127,20
3129,5
3131,15
3132,5
3135,5
3138,10
3139,5
3140,5
3141,10
3142,5
3143,5
3144,5
3145,5
3146,15
3148,5
3153,5
3154,5
3158,5
3160,5
3162,5
3164,5
3165,20
3166,5
3169,5
3171,10
3172,15
3174,5
3175,5
3176,30
3178,5
3179,5
3180,20
3182,5
3183,10
3184,5
3185,25
3186,40
3187,5
3188,5
3190,5
3192,5
3193,10
3196,5
3199,5
3201,20
3202,5
3204,5
3207,5
3208,5
3209,45
3212,5
3214,5
3215,5
3216,5
3217,40
3218,15
3219,5
3222,35
3223,5
3224,40
3225,5
3226,5
3227,10
3229,5
3233,5
3234,5
3237,5
3238,10
3239,15
3242,50
3245,15
3247,5
3248,15
3252,5
3253,5
3254,10
3257,5
3259,15
3261,5
3263,5
3264,5
3266,5
3269,5
3270,5
3272,45
3273,20
3277,5
3279,5
3280,5
3281,40
3282,5
3283,10
3284,5
3285,10
3286,25
3287,5
3288,5
3290,5
3292,5
3294,5
3296,10
3298,5
3299,20
3301,5
3302,5
3303,5
3305,10
3306,5
3308,5
3312,5
3313,5
3314,5
3315,15
3317,5
3319,5
3321,5
3322,5
3325,5
3329,10
3331,5
3335,5
3337,5
3338,5
3339,5
3340,40
3342,10
3346,10
3348,5
3352,40
3355,5
3356,5
3357,10
3358,5
3360,5
3362,20
3365,5
3367,10
3369,5
3370,15
3371,5
3374,5
3375,5
3377,5
3378,5
3379,20
3382,5
3383,10
3384,5
3385,5
3388,5
3393,5
3395,10
3397,5
3398,5
3400,5
3401,5
3402,5
3403,5
3406,5
3411,15
3413,5
3415,25
3418,10
3419,5
3420,5
3421,50
3423,5
3425,10
3427,5
3430,5
3433,30
3436,10
3437,5
3438,5
3439,15
3441,5
3443,10
3448,5
3449,5
3450,40
3452,10
3454,5
3455,5
3456,25
3459,35
3460,5
3461,5
3462,5
3464,15
3466,30
3468,5
3470,5
3472,10
3473,5
3474,5
3475,10
3477,5
3479,5
3480,5
3483,10
3484,5
3487,25
3489,5
3491,5
3493,5
3495,10
3498,45
3501,5
3503,5
3504,5
3507,5
3509,10
3510,20
3511,5
3516,5
3518,5
3519,15
3520,10
3521,30
3523,5
3524,5
3526,5
3528,5
3530,35
3531,20
3533,10
3535,5
3536,5
3538,5
3539,30
3540,5
3541,25
3542,5
3545,5
3548,5
3550,5
3551,30
3552,5
3553,5
3554,5
3557,15
3561,45
3564,5
3565,15
3566,5
3567,15
3568,15
3570,5
3573,5
3574,10
3577,40
3578,10
3581,5
3582,5
3585,15
3586,5
3589,15
3592,5
3593,5
3594,5
3597,10
3600,5
3603,5
3604,5
3607,5
3608,10
3609,10
3611,5
3615,5
3616,15
3617,25
3619,10
3621,15
3623,5
3625,40
3626,5
3628,10
3629,15
3630,5
3632,5
3634,5
3635,5
3637,5
3639,15
3641,15
3642,10
3644,5
3647,5
3649,10
3650,40
3651,5
3654,10
3656,5
3657,25
3659,5
3662,40
3663,10
3665,5
3666,15
3667,5
3669,5
3671,15
3673,5
3675,5
3678,40
3681,10
3682,15
3684,25
3686,5
3688,10
3689,10
3692,5
3694,5
3695,5
3696,5
3698,5
3700,5
3702,5
3704,5
3705,5
3706,5
3708,35
3710,5
3711,5
3713,5
3715,5
3716,50
3718,5
3719,10
3721,10
3722,5
3724,5
3727,5
3728,5
3731,35
3734,5
3736,5
3738,5
3739,5
3740,10
3744,5
3748,15
3751,5
3753,5
3755,5
3756,10
3759,15
3760,5
3761,5
3763,5
3765,5
3768,25
3771,40
3772,5
3775,15
3776,5
3778,25
3780,5
3782,5
3783,15
3785,30
3788,10
3791,5
3792,10
3793,5
3795,10
3797,5
3798,5
3801,5
3803,5
3808,5
3810,5
3812,5
3814,5
3816,5
3818,5
3820,45
3821,5
3824,15
3825,5
3826,10
3827,5
3828,5
3831,10
3832,10
3834,5
3836,5
3838,35
3840,25
3842,5
3843,10
3844,10
3846,10
3850,5
3853,15
3856,10
3857,5
3858,5
3860,5
3861,5
3864,20
3865,5
3871,5
3872,30
3874,15
3876,5
3878,10
3881,5
3882,10
3883,10
3884,15
3886,5
3888,10
3889,5
3890,5
3892,5
3894,5
3896,5
3897,20
3898,10
3901,5
3904,40
3908,5
3909,5
3910,5
3911,10
3913,15
3916,5
3917,10
3920,10
3923,5
3925,30
3927,5
3928,5
3931,5
3933,5
3934,10
3935,15
3936,10
3939,5
3942,10
3944,10
3947,50
3950,5
3952,5
3953,5
3955,5
3958,15
3960,5
3964,30
3968,5
3970,5
3971,5
3973,10
3974,5
3976,5
3977,15
3978,15
3979,5
3982,5
3984,5
3987,5
3989,15
3991,25
3992,10
3993,10
3997,5
3998,5
4000,25
4003,5
4006,10
4009,5
4011,15
4014,40
4016,5
4017,5
4019,5
4020,5
4022,20
4023,10
4024,10
4026,30
4027,5
4030,5
4034,10
4036,15
4037,10
4039,35
4040,5
4041,20
4042,5
4044,5
4046,5
4049,35
4050,10
4052,10
4054,5
4058,5
4059,20
4060,5
4062,5
4067,5
4070,5
4071,10
4074,5
4076,30
4077,15
4078,15
4079,5
4081,5
4082,25
4084,5
4085,20
4086,5
4087,5
4089,5
4091,5
4092,20
4094,35
4097,5
4099,25
4101,5
4103,5
4104,5
4106,45
4108,10
4111,5
4112,5
4113,5
4114,5
4115,15
4116,5
4117,5
4118,15
4121,5
4122,5
4124,5
4125,5
4127,5
4129,5
4133,20
4134,5
4135,5
4137,5
4138,5
4139,20
4141,15
4143,10
4144,40
4145,15
4146,10
4148,5
4150,5
4153,5
4157,35
4160,15
4163,20
4165,10
4167,5
4169,5
4170,5
4172,30
4173,5
4175,10
4177,5
4181,5
4182,10
4183,20
4185,45
4187,20
4188,5
4189,15
4191,5
4192,20
4193,20
4195,5
4196,5
4198,15
4199,20
4204,5
4205,10
4208,5
4210,30
4212,5
4213,10
4215,5
4216,5
4218,5
4219,5
4221,5
4222,10
4223,10
4224,5
4225,10
4227,5
4229,5
4230,5
4233,5
4234,10
4236,5
4241,5
4243,5
4245,5
4246,5
4248,5
4249,20
4251,5
4253,5
4255,5
4257,5
4258,5
4259,5
4262,30
4264,25
4267,5
4271,15
4273,10
4275,10
4277,5
4279,5
4282,5
4283,5
4284,20
4285,5
4287,5
4290,5
4292,10
4293,5
4295,10
4298,5
4299,5
4302,5
4303,5
4304,5
4306,10
4307,5
4310,15
4311,15
4312,5
4316,5
4317,5
4318,10
4320,5
4321,10
4322,5
4323,20
4324,5
4326,5
4327,5
4329,5
4331,5
4332,5
4333,5
4335,5
4338,5
4339,5
4340,10
4341,10
4343,10
4344,15
4346,20
4348,5
4350,25
4352,5
4354,5
4356,5
4357,5
4359,5
4360,5
4363,5
4364,10
4365,40
4367,10
4368,5
4369,15
4371,5
4373,5
4376,10
4377,5
4379,5
4381,5
4382,5
4383,5
4384,5
4386,5
4388,20
4391,5
4392,10
4393,5
4394,45
4395,5
4396,15
4397,40
4399,5
4401,5
4402,5
4403,5
4406,5
4407,10
4410,5
4413,15
4414,20
4415,5
4416,20
4418,5
4420,5
4421,40
4424,10
4425,5
4427,5
4428,15
4429,5
4431,10
4434,10
4436,5
4437,5
4438,35
4439,25
4440,5
4444,15
4445,5
4448,5
4449,5
4451,15
4453,5
4456,10
4457,5
4459,5
4461,5
4463,10
4464,20
4466,5
4469,5
4472,10
4473,5
4474,5
4475,5
4477,10
4478,25
4480,45
4482,5
4483,5
4485,5
4488,5
4492,30
4495,30
4497,30
4498,15
4499,5
4500,35
4501,25
4503,5
4504,10
4505,5
4506,10
4508,5
4510,20
4512,5
4514,5
4515,5
4516,20
4517,5
4520,5
4521,10
4522,5
4523,35
4524,5
4525,10
4528,15
4529,30
4531,5
4532,50
4534,10
4537,5
4539,5
4542,5
4543,5
4545,10
4548,5
4550,5
4551,5
4552,25
4553,15
4556,20
4558,20
4560,20
4561,5
4563,5
4565,5
4569,45
4570,10
4572,5
4575,5
4578,5
4579,5
4581,5
4582,5
4585,5
4588,5
4589,5
4590,5
4591,5
4592,10
4593,5
4595,30
4596,5
4597,10
4598,5
4599,35
4600,5
4601,5
4602,5
4604,5
4605,20
4606,10
4607,5
4609,10
4610,5
4613,5
4615,30
4616,5
4617,5
4618,30
4622,15
4623,45
4624,10
4625,5
4627,5
4630,10
4631,5
4632,5
4635,5
4636,20
4637,5
4639,5
4641,10
4643,10
4645,5
4647,10
4648,5
4650,5
4652,5
4653,15
4654,25
4656,5
4657,5
4658,5
4661,5
4663,10
4664,5
4665,5
4667,5
4669,5
4670,30
4673,5
4674,35
4676,30
4678,25
4680,5
4682,5
4684,5
4685,5
4688,5
4689,5
4691,10
4693,5
4694,5
4696,5
4698,5
4700,5
4701,5
4703,5
4704,5
4705,5
4706,10
4707,5
4708,10
4709,5
4710,50
4713,5
4716,5
4717,30
4718,10
4720,5
4722,5
4724,20
4726,5
4729,5
4732,10
4733,5
4737,5
4738,25
4739,5
4740,5
4741,5
4742,5
4744,20
4747,5
4748,10
4752,5
4754,5
4756,5
4758,5
4760,10
4763,15
4764,5
4766,5
4767,15
4770,5
4771,10
4772,5
4776,5
4777,5
4780,50
4782,5
4783,10
4786,5
4788,20
4790,5
4791,5
4795,15
4797,5
4800,5
4802,25
4803,5
4805,5
4806,5
4808,35
4809,15
4811,5
4812,5
4813,5
4814,10
4815,50
4817,10
4818,15
4819,10
4823,10
4824,10
4826,5
4827,5
4828,5
4831,5
4834,5
4836,5
4837,10
4839,5
4841,5
4843,5
4844,5
4846,5
4847,5
4849,5
4851,5
4852,5
4853,35
4855,30
4857,15
4860,10
4861,5
4864,5
4866,20
4867,5
4868,5
4869,10
4871,5
4872,5
4873,5
4875,5
4877,5
4878,5
4880,5
4886,35
4889,5
4890,5
4891,5
4892,5
4893,5
4895,5
4896,5
4898,5
4900,5
4902,5
4903,5
4904,5
4905,5
4906,5
4909,5
4911,5
4913,5
4915,5
4919,5
4921,10
4922,5
4925,5
4926,5
4927,25
4930,5
4932,5
4935,5
4936,5
4938,5
4939,5
4942,10
4943,10
4945,10
4946,5
4947,15
4949,5
4952,5
4954,20
4955,5
4956,5
4957,5
4958,5
4959,15
4961,35
4963,5
4965,10
4966,5
4967,10
4968,5
4969,5
4970,5
4972,5
4973,40
4974,5
4976,5
4978,5
4979,20
4980,5
4982,20
4983,25
4984,5
4986,5
4989,10
4990,5
4991,5
4992,10
4994,15
4995,5
4996,10
4998,5
4999,5
5001,5
5002,10
5005,5
5007,5
5008,5
5009,5
5011,5
5013,40
5016,30
5017,15
5018,30
5020,35
5022,5
5023,5
5024,5
5026,5
5030,10
5031,5
5032,5
5034,5
5037,25
5040,5
5043,10
5046,5
5047,5
5049,5
5050,5
5051,45
5052,5
5053,5
5055,5
5057,5
5060,5
5061,20
5062,5
5063,5
5064,10
5065,20
5066,5
5068,5
5070,5
5071,5
5072,5
5074,10
5075,5
5078,5
5080,5
5081,5
5082,5
5087,20
5088,5
5089,5
5090,5
5091,5
5093,5
5095,5
5096,5
5097,5
5098,5
5099,10
5100,5
5101,5
5102,5
5103,5
5107,10
5111,10
5112,5
5114,5
5115,5
5116,5
5117,5
5119,5
5120,15
5121,5
5122,10
5123,5
5125,10
5128,30
5129,10
5130,10
5131,35
5132,5
5134,5
5135,5
5136,15
5137,25
5139,5
5141,20
5142,5
5147,5
5148,5
5149,15
5151,5
5152,5
5155,5
5156,5
5158,30
5159,5
5163,5
5164,5
5166,10
5168,5
5171,10
5174,10
5181,40
5183,5
5185,10
5186,5
5188,5
5191,20
5193,5
5195,5
5198,10
5202,5
5204,15
5207,15
5208,25
5209,5
5212,15
5214,15
5215,10
5216,45
5217,20
5220,10
5221,5
5223,5
5224,5
5226,5
5229,15
5230,15
5232,10
5234,5
5236,10
5238,20
5239,30
5241,5
5242,45
5244,5
5245,5
5246,5
5249,10
5253,10
5255,20
5256,40
5257,5
5258,5
5260,5
5262,25
5263,5
5264,10
5265,5
5267,5
5269,5
5270,10
5271,5
5273,20
5275,5
5276,5
5280,5
5281,5
5282,5
5284,5
5286,5
5287,5
5288,5
5289,5
5292,10
5293,5
5295,20
5297,5
5299,5
5301,5
5303,20
5305,5
5308,5
5310,10
5312,5
5313,5
5318,10
5321,5
5322,15
5323,5
5324,20
5325,5
5328,5
5329,5
5330,5
5332,5
5334,20
5335,5
5336,15
5339,5
5342,5
5344,5
5346,5
5347,5
5350,5
5352,5
5353,5
5354,20
5355,5
5356,5
5358,10
5361,5
5363,10
5364,5
5365,10
5366,5
5367,10
5368,5
5369,5
5372,10
5375,5
5376,5
5377,5
5380,10
5381,5
5382,10
5385,20
5386,5
5387,5
5391,5
5392,5
5393,10
5395,5
5397,15
5398,15
5401,20
5402,5
5403,5
5404,5
5405,5
5406,20
5407,5
5408,5
5410,20
5412,5
5415,5
5417,5
5419,5
5420,5
5423,5
5424,5
5425,5
5426,10
5428,20
5429,35
5431,10
5432,15
5434,15
5435,5
5436,5
5437,5
5438,10
5439,5
5441,5
5442,5
5443,5
5444,35
5445,20
5447,5
5448,5
5449,30
5450,10
5452,15
5453,5
5454,10
5455,5
5457,5
5458,10
5459,45
5460,5
5464,5
5466,10
5468,5
5470,40
5471,10
5473,20
5474,20
5476,5
5477,5
5478,5
5479,5
5480,5
5481,35
5482,15
5484,5
5486,10
5487,40
5489,15
5490,5
5493,5
5495,5
5497,5
5498,20
5500,30
5502,5
5504,15
5505,5
5506,15
5507,5
5508,5
5509,5
5510,10
5512,20
5513,10
5516,5
5518,45
5519,25
5521,40
5522,45
5524,5
5527,5
5529,5
5530,10
5531,5
5532,5
5533,10
5535,5
5536,10
5537,5
5539,30
5541,10
5542,20
5543,10
5545,5
5546,5
5548,15
5549,5
5550,5
5552,5
5553,5
5554,35
5557,5
5559,5
5561,20
5562,5
5563,5
5566,20
5570,5
5571,5
5573,5
5575,5
5577,5
5578,20
5579,40
5580,5
5581,30
5582,5
5583,40
5584,5
5586,5
5587,5
5588,5
5592,10
5593,30
5594,5
5595,5
5597,5
5601,5
5603,5
5605,5
5606,5
5607,5
5609,5
5610,5
5612,10
5613,10
5616,5
5617,5
5618,5
5619,5
5621,5
5622,5
5624,5
5626,25
5627,5
5628,5
5629,5
5630,10
5632,5
5633,5
5635,5
5637,5
5638,5
5639,5
5640,5
5642,5
5643,5
5644,25
5646,25
5647,15
5648,15
5649,5
5650,5
5653,5
5654,5
5655,30
5658,25
5660,15
5664,5
5665,5
5667,5
5668,5
5670,10
5671,10
5672,20
5673,10
5675,5
5677,5
5678,5
5680,5
5683,10
5685,10
5686,5
5688,10
5690,45
5693,5
5694,5
5696,5
5698,10
5699,5
5700,10
5702,10
5703,5
5704,5
5705,5
5706,5
5707,5
5708,5
5709,5
5710,5
5712,5
5713,5
5715,10
5716,5
5718,15
5719,5
5720,5
5722,15
5724,20
5725,10
5729,10
5730,5
5731,10
5733,20
5735,5
5736,5
5739,20
5740,20
5742,5
5744,5
5745,25
5748,45
5750,5
5753,10
5754,5
5755,5
5756,5
5759,10
5760,5
5761,5
5764,5
5765,5
5766,5
5767,25
5768,5
5770,5
5772,5
5773,10
5775,10
5776,5
5778,10
5779,5
5780,20
5781,5
5784,5
5785,5
5786,5
5788,5
5790,20
5791,5
5792,5
5793,15
5794,5
5797,10
5799,5
5802,15
5804,20
5805,30
5807,5
5809,30
5810,5
5811,5
5812,15
5815,5
5817,5
5819,5
5820,15
5823,10
5825,5
5827,25
5829,5
5830,5
5831,5
5834,5
5837,5
5839,5
5840,25
5841,5
5843,10
5845,35
5847,5
5848,5
5849,5
5850,15
5852,5
5853,5
5854,5
5855,45
5856,10
5857,10
5859,5
5862,20
5864,5
5865,5
5866,5
5867,30
5868,5
5869,10
5873,15
5877,5
5878,5
5879,5
5880,5
5881,5
5883,5
5884,5
5886,5
5887,5
5890,5
5891,5
5892,5
5893,5
5894,5
5897,25
5898,5
5899,15
5901,5
5902,10
5905,15
5906,5
5907,5
5909,10
5911,5
5913,40
5915,5
5917,10
5918,5
5920,5
5921,5
5922,5
5924,5
5925,25
5928,5
5931,5
5932,15
5933,5
5935,5
5936,10
5938,5
5941,10
5943,10
5946,10
5947,5
5950,5
5954,35
5955,10
5956,5
5957,10
5959,5
5960,5
5961,5
5964,5
5965,15
5967,5
5968,30
5970,5
5971,20
5972,5
5973,5
5974,5
5975,5
5978,5
5980,5
5983,10
5984,10
5986,15
5989,5
5990,10
5991,5
5993,5
5994,5
5995,25
5996,30
5998,5
6001,5
6002,5
6003,5
6004,5
6005,5
6007,15
6008,10
6011,5
6012,5
6014,10
6015,5
6017,5
6018,5
6019,20
6020,5
6021,5
6022,35
6024,5
6026,5
6027,15
6028,5
6029,5
6031,10
6032,5
6034,5
6035,10
6038,5
6039,5
6040,5
6043,50
6044,10
6045,5
6046,5
6047,5
6048,10
6049,10
6050,5
6051,5
6053,5
6057,5
6060,5
6061,5
6062,15
6064,5
6065,5
6067,5
6068,20
6070,5
6073,10
6074,5
6075,30
6077,5
6079,15
6080,15
6081,5
6084,35
6085,5
6088,5
6089,5
6091,15
6093,20
6097,5
6098,10
6100,5
6102,5
6103,5
6105,35
6107,10
6109,20
6111,5
6113,5
6114,5
6116,35
6117,5
6118,5
6119,5
6120,20
6121,20
6122,5
6124,5
6126,5
6128,5
6129,5
6130,10
6131,5
6133,5
6134,5
6135,10
6137,15
6139,5
6140,5
6141,5
6142,20
6144,10
6146,5
6148,10
6149,5
6151,10
6152,10
6153,5
6154,10
6157,5
6160,5
6161,10
6162,10
6163,5
6165,10
6166,10
6167,45
6168,20
6169,5
6170,25
6172,10
6174,5
6176,45
6178,5
6179,5
6180,10
6181,10
6183,20
6184,5
6187,5
6188,5
6190,50
6191,10
6192,5
6194,5
6196,25
6198,30
6200,25
6201,5
6203,15
6205,5
6206,5
6207,5
6208,5
6211,5
6213,10
6215,15
6216,5
6217,5
6220,5
6221,5
6222,10
6224,15
6225,5
6226,20
6228,5
6231,25
6232,5
6233,5
6235,5
6236,5
6237,15
6238,5
6240,5
6242,40
6243,5
6244,10
6245,5
6248,5
6249,15
6250,10
6251,15
6252,5
6254,5
6258,5
6259,10
6260,5
6262,30
6263,5
6265,30
6267,5
6269,5
6270,10
6273,10
6274,45
6275,5
6276,5
6278,5
6279,25
6280,10
6281,5
6282,5
6283,5
6284,5
6286,10
6287,15
6289,5
6290,10
6291,10
6292,5
6293,20
6295,5
6296,35
6298,10
6299,5
6302,5
6303,5
6305,5
6307,5
6308,50
6309,5
6310,15
6311,5
6313,5
6316,5
6317,5
6319,5
6322,5
6323,25
6324,15
6325,5
6326,5
6328,25
6330,5
6334,25
6335,5
6338,5
6340,50
6341,15
6344,5
6345,5
6346,15
6347,5
6349,5
6351,5
6352,35
6354,5
6355,5
6356,10
6359,5
6362,5
6363,5
6365,5
6366,20
6367,35
6369,5
6371,40
6372,5
6374,5
6375,5
6376,5
6379,5
6380,5
6381,5
6384,5
6385,5
6387,20
6389,5
6390,5
6391,50
6392,10
6393,5
6394,15
6396,5
6398,30
6399,20
6401,25
6403,10
6405,5
6406,10
6407,5
6409,5
6411,5
6416,20
6418,5
6421,5
6423,5
6424,5
6425,5
6426,5
6428,5
6431,5
6432,5
6433,10
6434,5
6436,15
6437,15
6440,5
6441,10
6443,5
6445,10
6446,5
6447,20
6450,10
6452,15
6454,5
6456,10
6457,25
6458,5
6459,10
6461,5
6462,20
6464,10
6465,35
6466,5
6467,25
6468,5
6470,10
6471,30
6472,10
6474,5
6477,5
6479,5
6481,10
6483,10
6486,10
6487,10
6490,5
6491,5
6496,5
6497,10
6498,15
6500,10
6501,10
6503,5
6507,5
6508,5
6511,5
6514,5
6515,5
6516,15
6518,10
6520,10
6522,30
6524,5
6526,10
6528,5
6531,10
6533,5
6534,5
6535,25
6536,5
6538,5
6539,5
6540,5
6542,5
6544,45
6545,10
6548,5
6549,5
6550,5
6551,5
6554,10
6556,5
6558,20
6559,5
6560,5
6561,15
6562,10
6563,5
6566,5
6567,5
6568,5
6570,10
6572,10
6574,5
6575,5
6577,5
6578,10
6579,25
6583,45
6584,15
6585,5
6587,5
6588,15
6589,5
6591,20
6592,5
6594,30
6597,10
6599,5
6600,5
6602,5
6603,5
6604,10
6605,5
6606,10
6607,5
6609,5
6610,5
6612,20
6614,5
6615,25
6616,10
6617,10
6619,5
6620,10
6621,35
6623,5
6624,5
6625,5
6626,15
6627,5
6629,5
6631,5
6633,5
6634,5
6635,10
6636,5
6637,20
6638,5
6639,5
6640,10
6641,10
6642,25
6643,5
6646,5
6647,30
6648,5
6649,5
6650,10
6651,5
6653,10
6654,45
6655,5
6657,5
6658,5
6659,5
6661,5
6662,5
6663,15
6664,10
6665,5
6667,5
6668,5
6669,5
6670,10
6672,5
6673,5
6674,5
6675,5
6676,5
6677,5
6680,5
6681,5
6682,5
6683,5
6685,35
6687,15
6689,5
6691,10
6692,15
6695,5
6698,10
6699,5
6701,5
6702,30
6704,5
6706,5
6708,5
6709,5
6710,5
6711,10
6712,5
6713,20
6715,5
6716,20
6717,5
6720,5
6721,5
6723,5
6724,5
6725,5
6726,5
6727,5
6728,5
6729,45
6730,15
6731,35
6732,10
6733,10
6735,5
6736,5
6738,5
6739,5
6741,15
6742,5
6744,10
6745,5
6747,10
6749,5
6750,5
6752,5
6756,25
6757,5
6759,10
6760,10
6761,5
6764,10
6765,5
6766,5
6767,25
6768,5
6769,5
6771,5
6772,5
6773,5
6774,5
6776,15
6777,5
6780,15
6782,5
6785,40
6786,5
6788,5
6789,5
6790,5
6791,20
6793,5
6795,10
6796,5
6797,5
6798,10
6800,5
6802,10
6803,20
6805,10
6808,10
6809,5
6811,5
6813,20
6815,5
6817,50
6818,5
6820,10
6821,5
6823,10
6826,5
6827,5
6828,5
6830,35
6831,5
6833,5
6834,5
6835,50
6836,5
6837,5
6839,5
6840,5
6841,5
6842,35
6844,5
6845,15
6848,5
6850,5
6851,10
6852,5
6853,5
6854,5
6855,5
6857,15
6858,5
6859,20
6860,5
6862,5
6864,10
6867,5
6870,5
6871,20
6872,25
6873,20
6874,5
6876,20
6877,5
6878,5
6880,5
6882,5
6885,15
6887,5
6890,20
6892,5
6893,30
6894,5
6895,5
6896,5
6898,5
6899,5
6901,5
6903,5
6904,5
6905,20
6906,20
6907,15
6909,5
6911,5
6912,5
6913,5
6915,15
6916,5
6917,10
6919,5
6920,10
6922,5
6923,5
6926,45
6928,5
6929,10
6930,5
6931,5
6933,15
6934,10
6936,5
6940,5
6941,5
6942,5
6944,10
6946,30
6947,10
6948,50
6951,10
6952,35
6953,5
6954,5
6955,20
6958,5
6961,5
6963,10
6965,5
6966,5
6967,35
6968,5
6970,50
6972,5
6973,25
6976,5
6978,15
6979,5
6980,5
6982,5
6983,35
6984,10
6985,40
6986,10
6990,25
6992,5
6994,40
6997,5
6998,5
7001,5
7002,5
7006,10
7009,5
7010,5
7011,5
7013,10
7014,10
7016,20
7017,10
7019,15
7020,5
7021,15
7023,5
7024,5
7026,5
7028,5
7029,5
7030,5
7031,25
7032,5
7033,5
7034,35
7037,25
7039,5
7040,5
7042,5
7043,5
7044,5
7046,5
7047,10
7050,5
7051,15
7052,15
7053,10
7054,5
7055,35
7057,5
7058,5
7059,10
7061,5
7062,5
7063,5
7064,5
7065,5
7067,5
7069,25
7071,15
7072,5
7073,15
7074,5
7075,40
7076,5
7078,5
7079,10
7080,5
7081,5
7082,15
7083,5
7084,5
7087,5
7088,5
7089,30
7090,5
7091,20
7092,15
7093,25
7095,35
7096,35
7097,5
7098,5
7100,5
7101,5
7102,5
7104,40
7107,5
7108,10
7111,5
7113,10
7114,50
7116,5
7117,5
7120,5
7122,5
7123,5
7124,5
7125,25
7126,15
7127,5
7128,5
7130,5
7132,5
7133,5
7134,25
7136,5
7138,5
7139,5
7140,5
7141,10
7142,45
7143,15
7145,5
7147,10
7150,5
7151,15
7152,10
7154,10
7157,10
7159,45
7161,20
7162,20
7164,30
7167,5
7168,15
7169,50
7170,5
7171,5
7172,5
7175,5
7177,15
7179,10
7181,5
7183,5
7186,5
7187,5
7189,5
7190,5
7191,35
7192,10
7193,20
7194,15
7195,5
7197,35
7198,15
7201,5
7203,15
7205,15
7206,5
7207,10
7209,5
7210,15
7211,5
7213,5
7215,15
7216,5
7217,5
7218,15
7220,5
7221,5
7223,10
7226,5
7229,5
7231,10
7232,5
7233,15
7236,5
7237,20
7239,5
7240,15
7241,5
7243,5
7246,5
7247,15
7249,10
7251,5
7253,5
7255,10
7257,10
7258,5
7259,20
7260,5
7263,5
7264,5
7265,5
7266,10
7268,5
7269,5
7270,5
7271,30
7272,5
7273,5
7274,5
7276,5
7277,5
7280,15
7281,5
7282,15
7283,5
7285,5
7286,15
7288,20
7289,5
7291,10
7292,5
7293,5
7294,15
7295,5
7296,5
7297,5
7298,15
7299,10
7300,15
7301,5
7303,5
7304,5
7305,15
7307,10
7309,15
7311,15
7312,15
7314,40
7315,10
7318,35
7319,15
7320,5
7321,5
7322,5
7323,5
7325,5
7326,5
7328,5
7330,5
7331,5
7333,30
7334,5
7336,35
7337,5
7338,5
7340,15
7341,10
7343,5
7344,35
7346,10
7348,5
7349,5
7350,15
7351,30
7353,40
7354,5
7355,5
7357,5
7358,10
7360,10
7362,5
7363,5
7364,10
7366,10
7367,5
7369,15
7370,5
7371,5
7372,5
7373,5
7375,5
7376,5
7377,5
7378,30
7379,5
7380,15
7382,5
7383,15
7384,5
7386,25
7388,5
7390,10
7391,10
7393,5
7395,40
7396,45
7397,5
7398,5
7400,10
7403,5
7404,5
7406,35
7407,10
7408,10
7409,20
7410,15
7411,5
7412,5
7413,50
7414,10
7415,10
7417,5
7418,5
7419,5
7420,10
7422,5
7423,5
7424,5
7425,5
7427,5
7428,5
7430,5
7431,5
7432,10
7433,10
7434,10
7437,5
7439,5
7441,5
7443,45
7446,15
7447,10
7448,5
7450,10
7451,5
7452,20
7454,5
7455,5
7457,10
7458,5
7459,20
7462,5
7464,5
7465,5
7467,10
7468,10
7469,5
7470,35
7471,10
7472,5
7473,5
7474,10
7475,25
7476,10
7477,30
7478,5
7479,20
7480,5
7481,5
7482,5
7483,5
7485,10
7486,10
7487,10
7488,5
7489,5
7490,5
7492,5
7493,5
7494,20
7495,5
7496,10
7497,5
7499,35
7500,5
7502,5
7504,5
7507,5
7508,15
7509,20
7510,5
7511,5
7512,10
7513,10
7515,15
7517,5
7518,5
7519,5
7521,5
7523,5
7525,5
7526,30
7527,5
7528,35
7529,5
7530,15
7531,5
7532,5
7534,5
7535,35
7536,5
7537,10
7539,20
7540,5
7541,5
7542,5
7544,5
7545,10
7546,40
7548,5
7549,5
7550,5
7551,5
7552,5
7553,5
7554,5
7555,5
7556,15
7558,5
7561,5
7563,10
7565,5
7566,15
7568,40
7569,10
7570,10
7572,5
7573,10
7575,10
7577,5
7578,5
7579,5
7580,5
7581,5
7583,5
7587,5
7589,5
7590,5
7591,20
7592,5
7593,15
7595,10
7596,35
7597,5
7598,15
7599,10
7600,5
7602,5
7604,5
7606,5
7607,5
7608,30
7609,5
7611,5
7612,10
7614,5
7616,5
7618,40
7619,5
7620,5
7622,5
7623,5
7626,5
7628,5
7629,5
7632,5
7633,5
7634,10
7635,25
7636,5
7638,5
7641,5
7642,5
7643,10
7644,5
7646,35
7648,15
7649,5
7651,5
7652,5
7653,10
7655,5
7657,5
7659,5
7660,30
7662,5
7663,5
7664,5
7665,5
7666,5
7667,10
7668,5
7669,35
7671,5
7672,35
7673,5
7674,5
7675,10
7677,25
7681,15
7682,5
7685,5
7686,5
7688,25
7689,5
7690,5
7691,40
7693,10
7694,5
7695,5
7696,5
7699,5
7700,5
7703,30
7704,10
7706,5
7707,5
7709,5
7710,5
7712,25
7713,5
7715,5
7717,15
7718,15
7719,15
7720,30
7722,5
7724,5
7725,15
7726,5
7727,5
7728,5
7731,5
7732,15
7733,5
7734,5
7736,5
7737,10
7738,5
7739,20
7740,20
7743,5
7745,5
7747,10
7748,5
7749,10
7750,5
7752,5
7753,5
7754,30
7755,5
7756,5
7757,5
7758,5
7759,5
7761,25
7762,15
7764,5
7765,5
7766,5
7767,5
7769,5
7770,5
7771,25
7772,5
7773,30
7774,5
7776,10
7777,5
7779,5
7781,5
7782,15
7783,5
7784,10
7786,20
7789,5
7790,10
7793,5
7794,10
7796,5
7799,5
7801,5
7802,5
7803,5
7804,5
7805,5
7806,5
7807,10
7809,5
7812,5
7813,5
7815,50
7816,5
7817,5
7818,5
7819,15
7821,10
7822,5
7824,5
7826,15
7827,5
7829,5
7831,5
7832,5
7833,5
7834,5
7835,15
7836,5
7837,30
7838,10
7839,5
7840,40
7841,5
7842,5
7845,10
7846,5
7848,5
7849,10
7850,40
7852,5
7853,5
7854,5
7855,5
7856,15
7858,15
7859,25
7862,5
7864,15
7865,5
7866,5
7867,5
7868,10
7869,5
7870,10
7871,5
7872,5
7875,5
7876,25
7878,5
7881,5
7882,5
7883,5
7885,5
7887,10
7889,5
7890,5
7891,5
7892,5
7893,5
7894,5
7895,35
7897,15
7899,15
7901,5
7902,15
7903,10
7904,5
7905,5
7906,5
7908,5
7910,5
7913,5
7915,5
7916,10
7917,20
7918,20
7919,5
7922,5
7923,10
7924,10
7925,5
7927,5
7928,10
7929,10
7930,5
7931,10
7932,10
7933,5
7935,5
7936,5
7937,5
7939,5
7941,10
7942,5
7944,5
7946,5
7947,5
7948,5
7949,5
7950,50
7951,10
7952,5
7954,5
7955,5
7956,5
7958,5
7960,5
7961,25
7962,15
7965,5
7966,30
7967,5
7969,20
7971,5
7973,5
7975,5
7976,5
7978,10
7979,10
7982,5
7983,5
7984,10
7986,5
7987,10
7988,5
7989,5
7991,10
7992,10
7993,5
7994,5
7996,15
7999,25
8000,5
8001,5
8002,5
8003,5
8004,10
8007,5
8008,10
8009,5
8011,35
8012,5
8015,10
8016,40
8017,30
8019,5
8022,10
8024,50
8026,10
8028,5
8030,5
8032,10
8033,5
8034,5
8035,5
8036,5
8037,5
8038,5
8039,10
8041,10
8042,5
8043,10
8045,5
8046,20
8047,5
8048,25
8049,5
8050,5
8051,5
8052,5
8053,5
8054,10
8056,5
8057,5
8060,5
8061,10
8062,5
8064,30
8066,5
8067,5
8068,10
8070,5
8071,10
8075,5
8076,35
8077,15
8078,5
8079,5
8081,35
8083,20
8084,20
8085,5
8086,5
8087,10
8088,10
8092,10
8094,5
8095,5
8096,5
8098,5
8099,5
8101,15
8103,5
8104,5
8105,5
8106,40
8107,5
8109,5
8111,45
8112,5
8115,10
8116,35
8117,5
8118,5
8120,5
8121,10
8123,5
8124,20
8126,10
8127,5
8128,5
8129,10
8130,10
8132,15
8133,5
8134,25
8137,5
8138,20
8139,10
8141,5
8142,5
8143,45
8144,10
8146,15
8148,5
8149,10
8150,5
8151,5
8152,5
8153,15
8154,5
8155,5
8156,5
8158,50
8159,5
8161,5
8163,5
8164,5
8165,5
8166,5
8167,5
8169,5
8172,5
8174,5
8175,5
8178,5
8179,40
8180,10
8181,5
8182,5
8183,5
8185,15
8188,5
8189,5
8190,35
8191,45
8192,10
8194,5
8195,15
8197,5
8198,35
8201,25
8202,10
8203,5
8204,5
8205,10
8207,10
8210,5
8212,15
8213,5
8214,20
8215,5
8217,5
8220,5
8222,45
8223,5
8224,10
8226,5
8227,5
8230,15
8231,5
8232,25
8234,5
8236,20
8238,10
8239,10
8240,5
8242,5
8243,5
8244,5
8245,5
8247,5
8249,25
8251,45
8252,5
8254,15
8255,15
8257,5
8258,5
8259,25
8260,10
8262,5
8263,15
8264,5
8265,5
8267,5
8268,5
8270,40
8271,10
8276,5
8277,40
8278,40
8279,5
8280,20
8282,10
8283,15
8284,45
8286,5
8287,5
8288,5
8289,5
8290,5
8291,5
8292,10
8294,5
8296,5
8297,10
8300,20
8301,30
8302,5
8303,5
8305,15
8306,10
8307,15
8309,10
8310,5
8311,5
8312,5
8314,5
8316,5
8318,5
8319,20
8321,5
8322,5
8323,25
8324,10
8325,5
8327,5
8328,5
8330,15
8332,5
8334,15
8335,15
8338,5
8339,5
8340,20
8341,5
8342,20
8343,35
8345,5
8347,10
8348,5
8351,5
8352,5
8354,5
8355,10
8356,45
8357,5
8360,10
8362,10
8363,45
8364,30
8365,5
8366,5
8367,5
8368,5
8369,5
8370,5
8371,15
8372,15
8373,10
8374,35
8376,5
8379,5
8380,40
8381,5
8382,15
8383,15
8384,5
8385,45
8386,5
8388,25
8389,5
8390,5
8392,5
8393,10
8394,25
8396,25
8397,5
8399,5
8400,10
8401,10
8402,5
8403,5
8404,5
8405,10
8407,5
8409,35
8411,5
8413,50
8415,5
8417,5
8419,10
8422,10
8423,5
8424,5
8426,10
8429,30
8431,10
8432,45
8434,15
8435,35
8437,20
8438,5
8439,5
8440,5
8441,5
8442,10
8443,5
8444,5
8446,5
8447,10
8448,5
8449,5
8451,5
8452,30
8453,10
8454,5
8456,5
8457,5
8458,5
8460,5
8461,5
8462,10
8464,5
8465,5
8466,5
8468,5
8469,35
8470,10
8471,10
8472,20
8474,5
8476,10
8477,5
8478,5
8479,10
8483,5
8485,50
8486,5
8487,5
8489,5
8492,5
8494,5
8495,20
8496,5
8497,5
8499,5
8500,5
8501,5
8502,5
8503,5
8504,10
8505,15
8508,10
8510,5
8511,5
8512,40
8513,10
8515,5
8516,5
8519,5
8520,25
8521,5
8523,5
8525,5
8526,25
8527,10
8530,10
8532,45
8534,5
8535,5
8537,10
8539,10
8541,5
8542,5
8543,5
8544,5
8547,10
8548,5
8549,5
8550,5
8551,5
8552,15
8553,20
8554,35
8555,45
8556,20
8557,45
8559,5
8561,15
8563,5
8564,15
8565,5
8568,5
8569,5
8570,5
8572,35
8573,45
8574,5
8575,35
8576,30
8579,5
8580,15
8581,5
8582,5
8584,10
8585,50
8587,5
8588,10
8590,5
8591,5
8592,50
8593,5
8595,5
8596,5
8598,5
8599,10
8601,5
8602,5
8603,5
8604,5
8605,5
8606,10
8607,5
8609,15
8614,5
8615,5
8617,5
8618,5
8619,25
8621,5
8622,5
8623,5
8626,5
8627,10
8628,5
8629,5
8631,5
8633,20
8634,5
8636,5
8637,15
8638,10
8639,5
8640,5
8642,5
8643,40
8645,15
8647,20
8648,10
8649,5
8650,5
8651,5
8652,5
8653,5
8655,5
8656,10
8658,5
8659,5
8660,5
8661,5
8663,5
8667,5
8668,5
8671,20
8672,5
8674,5
8677,10
8678,5
8679,30
8681,35
8683,5
8685,10
8688,15
8690,5
8692,5
8694,5
8695,5
8697,5
8698,10
8700,5
8701,5
8702,5
8703,10
8704,10
8705,5
8706,5
8707,5
8708,5
8709,10
8710,15
8711,15
8712,10
8713,10
8714,5
8715,40
8716,5
8717,5
8719,15
8720,5
8722,20
8723,15
8724,5
8725,10
8726,15
8727,10
8728,5
8730,5
8733,10
8735,5
8736,10
8737,10
8739,5
8741,10
8743,5
8745,15
8746,5
8747,5
8748,5
8749,5
8750,25
8751,10
8752,10
8753,10
8754,5
8755,5
8756,5
8758,5
8759,50
8760,5
8761,5
8762,5
8763,5
8764,5
8765,30
8767,15
8768,5
8769,5
8770,15
8771,5
8772,5
8773,5
8774,45
8775,5
8776,5
8777,5
8778,5
8779,5
8780,35
8781,5
8783,5
8784,5
8786,5
8787,5
8788,45
8789,5
8790,5
8791,5
8792,5
8793,20
8794,5
8796,5
8798,40
8799,10
8800,5
8801,10
8802,5
8803,5
8804,5
8805,5
8806,5
8807,5
8808,5
8809,5
8810,10
8813,20
8815,5
8817,5
8818,5
8820,5
8821,5
8822,5
8823,5
8824,25
8825,5
8826,5
8827,5
8829,35
8830,5
8831,5
8832,5
8833,5
8834,10
8836,5
8838,10
8839,10
8841,5
8842,30
8843,5
8844,15
8846,25
8847,45
8848,5
8849,5
8850,5
8851,5
8852,5
8853,35
8854,15
8855,5
8856,10
8857,5
8861,5
8862,5
8865,5
8866,35
8868,5
8871,5
8872,5
8873,5
8874,10
8875,30
8877,5
8879,5
8880,10
8881,5
8882,10
8883,5
8884,20
8885,5
8886,30
8887,45
8888,5
8889,10
8891,5
8893,5
8894,5
8895,5
8896,5
8897,5
8898,5
8899,5
8901,5
8902,15
8903,5
8904,30
8905,10
8906,10
8907,5
8908,5
8909,5
8910,10
8911,10
8912,20
8913,15
8914,10
8915,5
8916,20
8917,5
8918,5
8920,5
8922,5
8923,5
8924,5
8926,5
8927,15
8928,5
8929,5
8930,30
8931,5
8932,5
8933,5
8934,15
8937,15
8938,5
8940,5
8941,5
8943,10
8945,20
8946,10
8947,25
8948,5
8950,50
8953,10
8956,10
8958,10
8959,5
8962,10
8963,10
8965,5
8966,5
8967,5
8968,5
8969,5
8970,5
8971,5
8972,5
8973,5
8974,20
8975,5
8976,5
8977,5
8979,5
8981,5
8982,30
8983,10
8986,15
8987,5
8989,5
8992,10
8993,5
8994,45
8996,5
8997,5
8998,10
9000,15
9002,5
9004,5
9005,5
9006,5
9008,10
9010,5
9011,5
9013,5
9014,5
9015,10
