0,10
8,5
14,5
22,5
30,5
34,5
37,40
42,5
51,5
58,35
63,20
68,30
74,45
81,10
88,10
94,5
97,20
98,5
99,5
108,10
117,5
123,5
128,5
133,15
135,10
140,25
144,5
150,10
156,5
160,10
165,5
169,45
175,5
181,5
184,5
190,10
195,20
199,30
206,5
212,30
214,5
217,10
218,40
222,5
227,5
231,5
235,10
236,5
237,5
241,10
243,40
244,5
247,10
251,5
254,5
258,5
262,40
265,40
267,5
271,40
273,30
274,5
280,10
284,5
289,5
292,10
294,15
295,5
297,15
300,5
303,5
305,5
308,5
311,5
314,5
317,5
320,5
325,35
332,5
344,5
350,30
355,5
358,10
360,5
363,30
365,10
366,10
367,5
368,5
370,40
372,5
374,5
376,5
379,10
380,30
382,5
387,5
392,5
395,10
397,10
398,5
400,25
404,5
408,10
412,40
417,5
424,10
426,5
430,5
434,5
438,5
441,15
443,5
445,20
447,15
452,10
454,5
459,5
465,5
466,5
469,5
471,25
472,5
473,5
475,5
477,5
479,5
483,5
484,5
489,5
490,5
491,15
492,5
495,10
496,10
499,10
502,10
503,10
504,5
507,5
509,5
510,10
512,5
513,5
515,5
519,10
524,5
526,5
529,10
532,5
535,5
540,5
543,10
547,5
549,5
553,5
556,10
559,45
565,45
569,10
572,10
576,5
583,10
585,15
589,10
591,5
593,10
595,50
599,15
604,15
612,5
619,5
622,10
624,5
630,5
632,25
635,5
637,5
640,5
643,5
644,5
645,5
646,10
649,5
653,5
657,5
668,30
670,5
675,10
678,5
685,5
689,5
694,5
695,15
697,15
698,10
701,5
704,10
706,5
709,40
712,5
715,5
721,10
725,5
729,5
732,5
734,5
736,10
737,5
738,5
740,5
743,5
745,5
748,5
750,5
753,5
761,40
762,15
763,15
768,5
773,5
779,5
782,5
786,15
788,30
790,5
791,5
795,5
799,10
802,5
804,5
807,5
810,5
812,5
814,20
817,5
818,5
825,20
828,25
829,5
830,10
832,5
834,5
836,20
838,5
841,5
842,45
844,5
845,5
846,5
848,5
850,5
852,20
853,5
855,5
857,5
858,5
859,30
860,5
862,5
863,10
864,15
868,10
869,10
871,5
872,5
873,5
874,5
876,10
881,5
888,20
893,10
894,15
895,15
899,5
902,5
909,5
912,5
916,10
918,30
920,30
923,5
927,5
929,5
932,20
935,10
937,20
938,50
940,10
942,5
946,5
948,5
951,5
953,5
954,5
955,10
956,5
958,5
959,5
962,5
965,5
970,5
974,5
977,35
978,40
980,5
981,5
983,5
987,5
990,5
993,5
998,5
1003,5
1007,20
1011,5
1015,10
1017,5
1019,5
1022,5
1025,5
1028,5
1030,5
1037,5
1038,15
1040,50
1042,15
1050,15
1052,10
1053,5
1058,5
1059,5
1061,35
1065,5
1067,5
1068,5
1072,30
1074,30
1076,15
1078,5
1080,5
1084,15
1088,5
1089,25
1093,15
1097,25
1101,5
1105,10
1108,30
1110,15
1115,15
1117,5
1118,5
1120,5
1122,10
1126,5
1130,5
1134,5
1136,30
1140,10
1142,25
1143,5
1144,5
1146,5
1147,5
1150,20
1152,5
1154,5
1155,5
1157,15
1160,5
1163,10
1167,5
1170,5
1172,25
1173,5
1176,5
1184,15
1186,10
1188,25
1191,5
1194,10
1198,5
1199,5
1202,5
1205,5
1210,5
1212,5
1215,5
1216,10
1219,5
1221,5
1223,10
1225,10
1227,5
1229,15
1231,10
1233,25
1234,10
1235,5
1237,5
1240,5
1242,15
1246,30
1248,10
1250,5
1251,5
1254,5
1256,15
1262,5
1264,5
1266,30
1271,5
1274,30
1277,5
1278,5
1281,35
1284,10
1285,5
1286,35
1288,10
1294,5
1296,10
1298,5
1300,30
1302,10
1305,15
1307,5
1311,5
1314,5
1317,5
1320,5
1323,5
1324,5
1325,5
1326,5
1329,5
1331,25
1332,5
1334,5
1338,5
1339,20
1341,25
1346,5
1348,5
1353,5
1356,5
1357,10
1358,5
1361,5
1365,10
1368,5
1370,5
1373,5
1374,5
1376,5
1377,5
1380,5
1381,5
1384,5
1387,5
1391,15
1394,5
1399,15
1403,25
1405,15
1408,5
1411,35
1414,5
1418,5
1422,5
1427,35
1429,5
1434,10
1435,5
1436,35
1438,30
1439,25
1443,20
1447,20
1450,5
1452,5
1455,5
1459,5
1461,5
1463,10
1466,5
1467,5
1469,5
1473,5
1474,10
1476,5
1481,25
1484,5
1487,30
1490,35
1493,10
1495,5
1498,15
1501,10
1503,50
1504,5
1506,35
1511,5
1513,5
1514,5
1516,5
1518,10
1519,25
1521,5
1524,5
1525,40
1526,5
1529,5
1531,15
1535,5
1536,5
1538,10
1540,5
1542,45
1543,5
1545,5
1548,10
1550,5
1554,10
1558,5
1561,40
1562,5
1564,10
1565,5
1566,5
1567,5
1568,10
1569,10
1571,50
1575,10
1576,5
1579,5
1581,5
1584,5
1586,25
1587,10
1588,5
1589,5
1592,10
1595,20
1596,5
1598,5
1601,5
1604,15
1606,5
1608,5
1610,5
1612,10
1614,5
1616,10
1619,5
1623,5
1625,5
1629,5
1630,5
1631,5
1635,5
1640,5
1642,10
1643,5
1646,5
1649,10
1653,30
1655,5
1657,5
1660,5
1662,10
1664,5
1665,10
1667,5
1668,5
1671,10
1674,10
1676,15
1677,5
1679,5
1681,20
1682,10
1683,10
1685,5
1686,5
1687,5
1688,5
1689,5
1691,10
1692,40
1693,15
1694,10
1696,25
1697,5
1699,5
1701,5
1705,5
1706,5
1709,5
1713,5
1716,25
1717,5
1718,40
1719,5
1721,5
1722,10
1724,5
1727,5
1730,10
1733,5
1734,5
1738,5
1740,5
1741,15
1742,5
1744,35
1747,10
1750,5
1752,10
1755,25
1757,10
1759,5
1762,15
1767,5
1769,5
1770,5
1772,10
1774,5
1776,10
1778,10
1781,5
1784,5
1786,5
1787,5
1789,35
1791,30
1793,5
1795,15
1796,5
1797,5
1798,5
1801,5
1805,5
1806,30
1807,5
1811,5
1814,5
1816,25
1818,5
1820,5
1821,5
1823,15
1824,5
1825,5
1827,10
1829,15
1830,5
1831,35
1832,25
1833,5
1834,5
1836,15
1838,10
1840,5
1843,5
1847,5
1849,5
1850,10
1852,25
1853,5
1854,40
1857,20
1860,15
1863,10
1865,5
1868,5
1869,5
1873,5
1874,10
1878,10
1882,5
1885,50
1887,5
1888,15
1889,5
1891,15
1893,5
1898,5
1900,5
1905,10
1909,25
1911,5
1914,5
1917,5
1918,5
1919,5
1921,5
1923,5
1925,5
1928,30
1929,5
1932,30
1933,5
1934,5
1935,5
1936,25
1937,30
1940,5
1941,5
1944,5
1945,5
1946,10
1950,5
1952,5
1955,5
1957,5
1958,5
1959,5
1960,5
1961,25
1964,10
1965,5
1967,10
1968,5
1970,5
1972,5
1973,5
1977,10
1980,10
1984,10
1986,5
1989,5
1991,5
1994,5
1998,5
2000,45
2002,5
2007,5
2008,5
2011,5
2012,30
2014,5
2016,5
2019,5
2023,5
2024,15
2027,5
2031,25
2034,5
2038,5
2039,5
2041,25
2042,10
2043,5
2044,30
2045,5
2046,5
2048,30
2051,10
2052,5
2053,5
2056,5
2058,5
2061,5
2062,15
2065,10
2067,10
2069,5
2071,5
2074,10
2077,5
2078,5
2080,5
2082,10
2083,5
2084,15
2087,5
2088,25
2089,5
2090,20
2094,5
2096,25
2102,5
2104,5
2105,5
2106,5
2107,5
2108,5
2109,5
2110,50
2111,5
2113,20
2116,5
2118,10
2120,5
2121,10
2122,5
2123,5
2124,40
2125,5
2127,5
2128,10
2129,5
2132,5
2135,5
2137,5
2140,10
2145,5
2147,5
2149,10
2153,10
2156,5
2158,15
2161,5
2162,5
2164,20
2167,5
2169,5
2173,20
2177,5
2178,5
2180,5
2184,5
2186,15
2188,5
2190,15
2194,30
2196,5
2199,5
2203,5
2205,10
2206,5
2208,5
2210,5
2212,35
2216,5
2218,5
2219,20
2221,5
2222,5
2223,5
2225,5
2226,5
2227,5
2229,10
2233,5
2235,50
2236,5
2237,5
2238,5
2240,10
2241,10
2242,5
2247,15
2248,5
2251,10
2252,15
2254,5
2255,5
2256,5
2258,5
2262,10
2265,30
2269,5
2272,15
2273,10
2274,15
2276,5
2278,25
2279,10
2283,5
2284,10
2286,5
2288,5
2290,5
2292,5
2293,35
2294,5
2296,10
2298,10
2299,20
2300,10
2302,10
2303,5
2307,5
2309,10
2313,15
2314,5
2316,5
2318,25
2320,5
2323,10
2324,20
2326,5
2327,5
2328,5
2331,30
2334,40
2338,5
2339,5
2340,5
2342,5
2344,5
2347,15
2350,5
2351,5
2352,5
2354,10
2355,10
2359,5
2362,5
2363,5
2364,5
2366,35
2367,5
2371,15
2372,5
2373,5
2375,25
2377,10
2378,5
2381,10
2384,10
2385,5
2386,5
2387,5
2390,40
2397,5
2399,5
2402,5
2404,5
2407,5
2409,5
2412,5
2418,30
2421,20
2422,5
2425,5
2429,15
2431,10
2433,5
2434,10
2436,5
2437,10
2438,5
2444,5
2445,5
2449,20
2451,20
2454,5
2457,10
2459,10
2460,5
2461,5
2462,5
2463,10
2465,5
2467,5
2469,5
2471,5
2472,10
2474,5
2475,5
2477,5
2478,35
2482,10
2485,5
2488,5
2490,5
2491,10
2493,5
2495,20
2499,5
2500,5
2502,5
2503,5
2505,5
2508,10
2510,15
2512,5
2514,10
2517,25
2518,20
2520,5
2523,15
2524,5
2525,10
2528,10
2530,5
2532,5
2535,5
2537,20
2539,5
2541,5
2543,25
2546,5
2547,5
2550,30
2553,10
2554,5
2555,45
2557,5
2558,5
2559,5
2561,5
2563,5
2567,10
2568,10
2570,10
2571,20
2573,40
2575,40
2578,5
2580,15
2582,20
2583,5
2585,5
2587,15
2588,40
2589,5
2591,5
2595,5
2600,30
2602,10
2603,5
2604,10
2606,5
2608,5
2610,15
2612,35
2614,10
2615,5
2617,5
2619,5
2623,5
2624,5
2626,5
2629,10
2630,5
2631,5
2635,15
2639,5
2642,5
2644,5
2645,15
2646,5
2647,5
2654,5
2655,5
2659,25
2660,5
2661,5
2664,5
2666,10
2667,5
2669,5
2670,5
2671,10
2672,5
2674,5
2675,5
2679,5
2680,5
2683,5
2687,5
2688,10
2689,5
2691,5
2692,5
2693,15
2694,5
2696,5
2699,5
2702,45
2704,5
2705,5
2706,10
2708,5
2710,5
2711,5
2714,5
2715,35
2716,10
2722,5
2723,10
2724,10
2727,5
2728,5
2731,5
2732,20
2733,5
2735,10
2738,15
2740,5
2742,5
2744,30
2745,5
2747,5
2748,15
2750,15
2751,5
2754,20
2756,5
2757,5
2758,15
2759,35
2761,5
2762,5
2765,5
2766,5
2767,5
2769,5
2771,5
2773,5
2775,5
2778,10
2780,5
2782,10
2783,5
2786,5
2787,5
2789,5
2793,15
2794,5
2796,25
2799,5
2803,5
2804,5
2806,5
2809,35
2811,5
2812,5
2813,5
2814,5
2816,5
2818,5
2820,15
2822,5
2823,5
2824,30
2825,10
2827,5
2828,5
2829,10
2830,10
2831,5
2833,5
2834,35
2837,5
2841,5
2842,5
2844,5
2845,5
2848,5
2850,5
2855,10
2856,10
2858,5
2860,40
2862,10
2864,25
2866,15
2867,40
2868,15
2870,20
2873,25
2875,5
2877,5
2878,5
2879,5
2882,5
2883,5
2885,10
2889,5
2891,10
2893,30
2894,10
2895,10
2897,5
2901,30
2905,5
2906,35
2909,5
2911,40
2914,5
2916,5
2917,5
2918,10
2919,5
2920,5
2921,5
2922,15
2923,5
2924,5
2927,50
2929,5
2932,5
2934,10
2940,15
2941,5
2943,50
2946,5
2949,5
2950,10
2953,30
2956,5
2957,5
2959,10
2962,10
2964,10
2965,5
2967,5
2968,5
2971,5
2972,10
2973,5
2976,5
2977,5
2978,20
2980,5
2983,5
2989,5
2992,5
2995,5
2996,5
2997,5
2999,20
3001,5
3003,20
3004,5
3005,5
3007,5
3010,5
3011,5
3013,5
3016,15
3018,5
3020,10
3021,15
3022,5
3023,10
3025,5
3026,5
3028,5
3032,5
3035,35
3037,5
3038,5
3039,30
3041,45
3042,20
3045,10
3048,5
3050,10
3051,15
3054,5
3057,15
3059,20
3064,10
3065,10
3068,5
3069,10
3072,5
3075,10
3077,5
3081,10
3085,15
3088,5
3090,15
3091,5
3093,5
3095,10
3097,10
3099,5
3100,5
3102,5
3103,40
3105,5
3106,25
3108,45
3109,5
3111,5
3112,5
3115,5
3117,5
3120,5
3122,15
3123,15
3126,5
3127,5
3129,10
3131,5
3132,5
3135,5
3138,15
3139,25
3140,5
3141,10
3142,25
3143,5
3144,20
3145,5
3146,20
3148,5
3153,5
3154,5
3158,5
3160,5
3162,5
3164,5
3165,5
3166,5
3169,5
3171,5
3172,5
3174,5
3175,5
3176,40
3178,5
3179,5
3180,30
3182,10
3183,5
3184,5
3185,5
3186,5
3187,5
3188,15
3190,5
3192,10
3193,5
3196,15
3199,10
3201,10
3202,5
3204,5
3207,5
3208,5
3209,10
3212,50
3214,5
3215,20
3216,5
3217,5
3218,10
3219,5
3222,25
3223,5
3224,5
3225,10
3226,20
3227,10
3229,5
3233,5
3234,5
3237,5
3238,10
3239,5
3242,5
3245,5
3247,5
3248,10
3252,15
3253,5
3254,10
3257,5
3259,10
3261,5
3263,15
3264,5
3266,5
3269,5
3270,5
3272,5
3273,25
3277,5
3279,25
3280,5
3281,5
3282,5
3283,5
3284,10
3285,5
3286,5
3287,25
3288,10
3290,5
3292,10
3294,5
3296,5
3298,5
3299,25
3301,5
3302,5
3303,5
3305,10
3306,5
3308,10
3312,15
3313,20
3314,5
3315,5
3317,5
3319,5
3321,5
3322,5
3325,10
3329,5
3331,5
3335,35
3337,5
3338,5
3339,15
3340,35
3342,15
3346,10
3348,5
3352,5
3355,5
3356,40
3357,10
3358,20
3360,5
3362,10
3365,5
3367,5
3369,10
3370,15
3371,5
3374,5
3375,5
3377,5
3378,5
3379,5
3382,5
3383,20
3384,20
3385,5
3388,15
3393,5
3395,15
3397,5
3398,25
3400,15
3401,10
3402,15
3403,10
3406,5
3411,5
3413,10
3415,10
3418,25
3419,5
3420,5
3421,10
3423,5
3425,5
3427,5
3430,5
3433,5
3436,5
3437,5
3438,10
3439,5
3441,5
3443,50
3448,5
3449,5
3450,5
3452,10
3454,5
3455,5
3456,5
3459,5
3460,10
3461,5
3462,50
3464,5
3466,5
3468,10
3470,5
3472,5
3473,5
3474,5
3475,15
3477,5
3479,25
3480,5
3483,5
3484,40
3487,20
3489,5
3491,5
3493,5
3495,25
3498,5
3501,10
3503,5
3504,35
3507,10
3509,5
3510,5
3511,5
3516,5
3518,5
3519,5
3520,5
3521,5
3523,5
3524,5
3526,5
3528,5
3530,5
3531,5
3533,5
3535,5
3536,15
3538,5
3539,5
3540,5
3541,15
3542,5
3545,5
3548,5
3550,5
3551,5
3552,35
3553,10
3554,5
3557,10
3561,5
3564,35
3565,5
3566,25
3567,5
3568,5
3570,10
3573,5
3574,5
3577,5
3578,5
3581,30
3582,5
3585,5
3586,5
3589,5
3592,5
3593,5
3594,5
3597,5
3600,10
3603,10
3604,20
3607,5
3608,15
3609,50
3611,20
3615,5
3616,15
3617,5
3619,5
3621,10
3623,5
3625,10
3626,35
3628,5
3629,5
3630,5
3632,5
3634,20
3635,5
3637,15
3639,5
3641,5
3642,40
3644,5
3647,5
3649,5
3650,10
3651,5
3654,10
3656,45
3657,5
3659,5
3662,5
3663,45
3665,10
3666,5
3667,25
3669,5
3671,5
3673,15
3675,15
3678,5
3681,5
3682,5
3684,5
3686,5
3688,5
3689,25
3692,5
3694,5
3695,5
3696,35
3698,20
3700,25
3702,5
3704,15
3705,30
3706,10
3708,35
3710,5
3711,5
3713,5
3715,40
3716,30
3718,10
3719,5
3721,5
3722,5
3724,10
3727,15
3728,20
3731,30
3734,30
3736,15
3738,5
3739,15
3740,20
3744,5
3748,5
3751,10
3753,5
3755,10
3756,5
3759,5
3760,5
3761,5
3763,5
3765,5
3768,5
3771,5
3772,5
3775,5
3776,5
3778,35
3780,5
3782,5
3783,5
3785,20
3788,25
3791,10
3792,45
3793,5
3795,10
3797,15
3798,20
3801,5
3803,5
3808,5
3810,5
3812,45
3814,20
3816,5
3818,5
3820,10
3821,10
3824,5
3825,10
3826,5
3827,5
3828,25
3831,5
3832,35
3834,5
3836,5
3838,5
3840,15
3842,5
3843,5
3844,10
3846,15
3850,10
3853,5
3856,5
3857,30
3858,5
3860,5
3861,5
3864,5
3865,5
3871,5
3872,5
3874,5
3876,5
3878,10
3881,5
3882,5
3883,5
3884,5
3886,5
3888,5
3889,5
3890,20
3892,5
3894,5
3896,5
3897,5
3898,5
3901,5
3904,5
3908,10
3909,5
3910,5
3911,5
3913,20
3916,5
3917,10
3920,10
3923,5
3925,40
3927,5
3928,5
3931,5
3933,5
3934,5
3935,5
3936,10
3939,5
3942,20
3944,5
3947,5
3950,5
3952,5
3953,45
3955,25
3958,5
3960,10
3964,5
3968,5
3970,15
3971,5
3973,10
3974,15
3976,5
3977,10
3978,20
3979,5
3982,35
3984,20
3987,5
3989,5
3991,5
3992,5
3993,5
3997,5
3998,20
4000,5
4003,5
4006,15
4009,10
4011,5
4014,5
4016,15
4017,10
4019,5
4020,10
4022,5
4023,10
4024,5
4026,45
4027,5
4030,35
4034,5
4036,20
4037,5
4039,35
4040,5
4041,10
4042,25
4044,10
4046,20
4049,5
4050,5
4052,15
4054,5
4058,25
4059,5
4060,10
4062,5
4067,10
4070,5
4071,15
4074,5
4076,5
4077,5
4078,5
4079,5
4081,5
4082,5
4084,10
4085,5
4086,5
4087,10
4089,20
4091,25
4092,25
4094,10
4097,5
4099,5
4101,15
4103,5
4104,5
4106,5
4108,10
4111,5
4112,5
4113,5
4114,5
4115,5
4116,30
4117,10
4118,5
4121,5
4122,5
4124,20
4125,5
4127,5
4129,5
4133,10
4134,5
4135,5
4137,5
4138,5
4139,5
4141,5
4143,5
4144,5
4145,15
4146,5
4148,5
4150,5
4153,5
4157,5
4160,10
4163,5
4165,10
4167,15
4169,15
4170,10
4172,5
4173,5
4175,5
4177,5
4181,5
4182,5
4183,5
4185,5
4187,5
4188,15
4189,10
4191,5
4192,5
4193,5
4195,5
4196,5
4198,5
4199,10
4204,5
4205,5
4208,5
4210,5
4212,20
4213,5
4215,5
4216,25
4218,15
4219,5
4221,5
4222,5
4223,5
4224,5
4225,25
4227,10
4229,5
4230,5
4233,15
4234,5
4236,45
4241,5
4243,5
4245,45
4246,15
4248,5
4249,5
4251,10
4253,5
4255,5
4257,5
4258,5
4259,5
4262,10
4264,45
4267,5
4271,10
4273,5
4275,15
4277,15
4279,5
4282,20
4283,35
4284,5
4285,5
4287,5
4290,5
4292,5
4293,5
4295,5
4298,15
4299,5
4302,5
4303,5
4304,5
4306,10
4307,10
4310,15
4311,30
4312,5
4316,5
4317,10
4318,5
4320,10
4321,10
4322,10
4323,5
4324,5
4326,5
4327,10
4329,5
4331,5
4332,5
4333,10
4335,5
4338,5
4339,5
4340,5
4341,30
4343,10
4344,5
4346,5
4348,5
4350,5
4352,10
4354,5
4356,5
4357,5
4359,5
4360,5
4363,10
4364,10
4365,5
4367,5
4368,5
4369,5
4371,35
4373,5
4376,5
4377,5
4379,20
4381,5
4382,5
4383,5
4384,5
4386,15
4388,5
4391,5
4392,30
4393,5
4394,5
4395,5
4396,5
4397,5
4399,5
4401,5
4402,5
4403,40
4406,5
4407,5
4410,5
4413,10
4414,5
4415,5
4416,20
4418,5
4420,5
4421,5
4424,45
4425,5
4427,35
4428,10
4429,10
4431,10
4434,5
4436,5
4437,5
4438,40
4439,5
4440,25
4444,5
4445,50
4448,5
4449,10
4451,5
4453,15
4456,5
4457,10
4459,20
4461,15
4463,5
4464,5
4466,5
4469,5
4472,10
4473,20
4474,5
4475,5
4477,5
4478,35
4480,5
4482,10
4483,15
4485,5
4488,5
4492,20
4495,5
4497,15
4498,25
4499,5
4500,10
4501,15
4503,5
4504,5
4505,5
4506,5
4508,15
4510,5
4512,5
4514,5
4515,5
4516,25
4517,20
4520,5
4521,10
4522,5
4523,5
4524,5
4525,15
4528,5
4529,5
4531,5
4532,5
4534,5
4537,25
4539,15
4542,5
4543,5
4545,5
4548,5
4550,5
4551,35
4552,5
4553,5
4556,45
4558,10
4560,10
4561,10
4563,15
4565,25
4569,15
4570,5
4572,15
4575,50
4578,5
4579,5
4581,50
4582,5
4585,40
4588,10
4589,5
4590,10
4591,15
4592,10
4593,5
4595,5
4596,25
4597,15
4598,15
4599,5
4600,10
4601,5
4602,5
4604,10
4605,5
4606,20
4607,5
4609,5
4610,5
4613,5
4615,15
4616,5
4617,5
4618,5
4622,5
4623,5
4624,15
4625,5
4627,5
4630,5
4631,5
4632,5
4635,10
4636,5
4637,20
4639,5
4641,5
4643,35
4645,5
4647,10
4648,10
4650,5
4652,5
4653,5
4654,5
4656,5
4657,10
4658,20
4661,5
4663,5
4664,5
4665,15
4667,15
4669,5
4670,5
4673,45
4674,5
4676,5
4678,5
4680,5
4682,5
4684,40
4685,5
4688,5
4689,10
4691,20
4693,5
4694,5
4696,5
4698,5
4700,5
4701,10
4703,5
4704,5
4705,10
4706,5
4707,5
4708,5
4709,5
4710,10
4713,5
4716,5
4717,50
4718,5
4720,15
4722,10
4724,5
4726,35
4729,15
4732,5
4733,5
4737,5
4738,5
4739,10
4740,5
4741,5
4742,5
4744,5
4747,10
4748,30
4752,20
4754,10
4756,20
4758,15
4760,45
4763,5
4764,5
4766,35
4767,10
4770,5
4771,30
4772,5
4776,10
4777,5
4780,5
4782,30
4783,5
4786,5
4788,5
4790,5
4791,5
4795,30
4797,5
4800,10
4802,10
4803,5
4805,5
4806,5
4808,5
4809,10
4811,5
4812,10
4813,5
4814,10
4815,5
4817,5
4818,5
4819,10
4823,5
4824,5
4826,5
4827,25
4828,5
4831,10
4834,15
4836,10
4837,5
4839,5
4841,15
4843,15
4844,5
4846,5
4847,10
4849,20
4851,5
4852,5
4853,5
4855,10
4857,5
4860,5
4861,10
4864,5
4866,5
4867,5
4868,5
4869,20
4871,5
4872,5
4873,5
4875,5
4877,5
4878,5
4880,5
4886,10
4889,5
4890,5
4891,5
4892,10
4893,5
4895,10
4896,5
4898,35
4900,5
4902,10
4903,5
4904,5
4905,5
4906,5
4909,10
4911,5
4913,10
4915,25
4919,5
4921,5
4922,35
4925,5
4926,10
4927,5
4930,5
4932,25
4935,5
4936,10
4938,5
4939,5
4942,20
4943,15
4945,5
4946,15
4947,50
4949,25
4952,5
4954,5
4955,5
4956,5
4957,5
4958,5
4959,15
4961,5
4963,5
4965,5
4966,5
4967,15
4968,35
4969,5
4970,5
4972,5
4973,5
4974,15
4976,5
4978,35
4979,5
4980,5
4982,5
4983,15
4984,5
4986,5
4989,5
4990,5
4991,15
4992,5
4994,25
4995,5
4996,10
4998,30
4999,5
5001,5
5002,5
5005,5
5007,20
5008,10
5009,5
5011,5
5013,5
5016,5
5017,5
5018,5
5020,5
5022,5
5023,20
5024,45
5026,10
5030,5
5031,5
5032,50
5034,5
5037,10
5040,5
5043,10
5046,10
5047,5
5049,5
5050,5
5051,5
5052,10
5053,5
5055,30
5057,5
5060,15
5061,5
5062,10
5063,35
5064,10
5065,20
5066,5
5068,5
5070,5
5071,5
5072,5
5074,10
5075,5
5078,5
5080,10
5081,5
5082,5
5087,15
5088,5
5089,5
5090,5
5091,5
5093,15
5095,10
5096,5
5097,5
5098,15
5099,5
5100,45
5101,5
5102,5
5103,5
5107,5
5111,5
5112,5
5114,10
5115,5
5116,5
5117,30
5119,5
5120,5
5121,15
5122,5
5123,5
5125,5
5128,45
5129,5
5130,5
5131,5
5132,5
5134,10
5135,5
5136,30
5137,10
5139,35
5141,10
5142,5
5147,5
5148,5
5149,5
5151,5
5152,5
5155,5
5156,5
5158,5
5159,45
5163,5
5164,5
5166,5
5168,10
5171,5
5174,5
5181,15
5183,5
5185,5
5186,25
5188,35
5191,5
5193,5
5195,5
5198,5
5202,35
5204,10
5207,25
5208,5
5209,25
5212,20
5214,5
5215,10
5216,15
5217,20
5220,10
5221,5
5223,5
5224,5
5226,30
5229,5
5230,5
5232,15
5234,5
5236,40
5238,5
5239,5
5241,10
5242,5
5244,5
5245,5
5246,10
5249,5
5253,15
5255,5
5256,5
5257,5
5258,35
5260,5
5262,5
5263,20
5264,10
5265,15
5267,5
5269,10
5270,5
5271,5
5273,5
5275,10
5276,5
5280,45
5281,5
5282,5
5284,5
5286,5
5287,50
5288,5
5289,5
5292,5
5293,5
5295,5
5297,5
5299,10
5301,5
5303,5
5305,5
5308,5
5310,10
5312,5
5313,5
5318,5
5321,5
5322,5
5323,5
5324,5
5325,5
5328,5
5329,10
5330,5
5332,10
5334,20
5335,5
5336,10
5339,10
5342,25
5344,5
5346,5
5347,5
5350,5
5352,5
5353,5
5354,5
5355,10
5356,5
5358,5
5361,5
5363,5
5364,5
5365,5
5366,5
5367,5
5368,20
5369,10
5372,5
5375,30
5376,5
5377,5
5380,15
5381,15
5382,15
5385,5
5386,25
5387,30
5391,5
5392,10
5393,5
5395,5
5397,10
5398,5
5401,5
5402,5
5403,5
5404,10
5405,10
5406,5
5407,5
5408,5
5410,25
5412,35
5415,5
5417,5
5419,5
5420,5
5423,10
5424,15
5425,5
5426,5
5428,5
5429,5
5431,10
5432,10
5434,5
5435,5
5436,10
5437,5
5438,5
5439,15
5441,5
5442,15
5443,5
5444,5
5445,10
5447,40
5448,5
5449,5
5450,15
5452,45
5453,25
5454,5
5455,5
5457,5
5458,35
5459,35
5460,10
5464,5
5466,5
5468,10
5470,40
5471,5
5473,20
5474,5
5476,10
5477,5
5478,10
5479,10
5480,20
5481,5
5482,5
5484,5
5486,5
5487,5
5489,10
5490,5
5493,30
5495,5
5497,5
5498,10
5500,5
5502,10
5504,20
5505,15
5506,5
5507,20
5508,30
5509,30
5510,5
5512,30
5513,5
5516,5
5518,5
5519,5
5521,5
5522,5
5524,15
5527,15
5529,5
5530,5
5531,35
5532,5
5533,45
5535,5
5536,50
5537,35
5539,5
5541,5
5542,5
5543,25
5545,20
5546,15
5548,10
5549,10
5550,5
5552,5
5553,20
5554,5
5557,5
5559,5
5561,5
5562,10
5563,10
5566,5
5570,5
5571,10
5573,5
5575,20
5577,10
5578,5
5579,10
5580,5
5581,5
5582,15
5583,5
5584,5
5586,10
5587,5
5588,5
5592,5
5593,5
5594,5
5595,20
5597,5
5601,10
5603,5
5605,5
5606,5
5607,5
5609,10
5610,5
5612,30
5613,25
5616,5
5617,5
5618,5
5619,5
5621,10
5622,5
5624,50
5626,5
5627,10
5628,5
5629,10
5630,5
5632,5
5633,40
5635,5
5637,15
5638,5
5639,5
5640,10
5642,5
5643,10
5644,10
5646,10
5647,5
5648,5
5649,5
5650,15
5653,5
5654,10
5655,5
5658,5
5660,15
5664,5
5665,5
5667,10
5668,10
5670,25
5671,15
5672,5
5673,5
5675,5
5677,35
5678,25
5680,5
5683,5
5685,30
5686,5
5688,5
5690,5
5693,20
5694,5
5696,5
5698,20
5699,10
5700,5
5702,10
5703,20
5704,15
5705,5
5706,10
5707,5
5708,5
5709,15
5710,5
5712,5
5713,5
5715,5
5716,25
5718,25
5719,10
5720,15
5722,5
5724,10
5725,5
5729,5
5730,5
5731,10
5733,5
5735,5
5736,5
5739,5
5740,25
5742,5
5744,10
5745,5
5748,5
5750,30
5753,5
5754,20
5755,25
5756,5
5759,5
5760,5
5761,5
5764,5
5765,5
5766,5
5767,10
5768,5
5770,35
5772,5
5773,5
5775,5
5776,5
5778,5
5779,5
5780,5
5781,10
5784,5
5785,10
5786,20
5788,5
5790,5
5791,5
5792,10
5793,5
5794,5
5797,25
5799,50
5802,10
5804,5
5805,5
5807,35
5809,5
5810,5
5811,30
5812,10
5815,5
5817,10
5819,5
5820,5
5823,10
5825,5
5827,20
5829,5
5830,5
5831,5
5834,5
5837,5
5839,5
5840,15
5841,5
5843,5
5845,10
5847,10
5848,5
5849,5
5850,20
5852,40
5853,25
5854,5
5855,15
5856,5
5857,5
5859,5
5862,20
5864,5
5865,5
5866,5
5867,5
5868,5
5869,10
5873,5
5877,5
5878,5
5879,5
5880,15
5881,5
5883,5
5884,5
5886,5
5887,5
5890,20
5891,5
5892,10
5893,10
5894,5
5897,5
5898,10
5899,15
5901,5
5902,10
5905,10
5906,10
5907,10
5909,5
5911,5
5913,5
5915,5
5917,25
5918,45
5920,5
5921,5
5922,5
5924,5
5925,5
5928,35
5931,5
5932,10
5933,5
5935,5
5936,40
5938,5
5941,10
5943,15
5946,10
5947,5
5950,15
5954,5
5955,5
5956,20
5957,10
5959,5
5960,5
5961,20
5964,5
5965,20
5967,5
5968,5
5970,5
5971,5
5972,20
5973,15
5974,5
5975,10
5978,35
5980,5
5983,5
5984,45
5986,5
5989,5
5990,30
5991,5
5993,15
5994,25
5995,5
5996,25
5998,5
6001,5
6002,5
6003,5
6004,10
6005,15
6007,5
6008,40
6011,5
6012,30
6014,5
6015,5
6017,5
6018,5
6019,5
6020,35
6021,15
6022,10
6024,5
6026,5
6027,5
6028,5
6029,5
6031,5
6032,5
6034,45
6035,5
6038,15
6039,5
6040,5
6043,5
6044,40
6045,10
6046,5
6047,5
6048,20
6049,5
6050,5
6051,5
6053,10
6057,45
6060,20
6061,5
6062,15
6064,40
6065,5
6067,10
6068,5
6070,5
6073,5
6074,5
6075,45
6077,10
6079,10
6080,10
6081,25
6084,10
6085,5
6088,5
6089,40
6091,5
6093,5
6097,10
6098,5
6100,35
6102,5
6103,15
6105,30
6107,10
6109,5
6111,30
6113,5
6114,5
6116,10
6117,5
6118,5
6119,5
6120,5
6121,5
6122,5
6124,20
6126,5
6128,15
6129,5
6130,10
6131,5
6133,10
6134,5
6135,5
6137,10
6139,5
6140,5
6141,5
6142,5
6144,10
6146,30
6148,10
6149,10
6151,15
6152,5
6153,25
6154,25
6157,10
6160,35
6161,5
6162,10
6163,5
6165,5
6166,5
6167,50
6168,30
6169,5
6170,10
6172,5
6174,5
6176,20
6178,5
6179,10
6180,5
6181,5
6183,5
6184,20
6187,10
6188,40
6190,5
6191,5
6192,10
6194,5
6196,10
6198,25
6200,20
6201,5
6203,5
6205,5
6206,5
6207,30
6208,5
6211,25
6213,10
6215,5
6216,15
6217,5
6220,5
6221,5
6222,5
6224,5
6225,5
6226,5
6228,5
6231,5
6232,5
6233,5
6235,5
6236,5
6237,30
6238,25
6240,5
6242,5
6243,5
6244,35
6245,5
6248,20
6249,20
6250,5
6251,10
6252,5
6254,5
6258,5
6259,5
6260,5
6262,10
6263,20
6265,10
6267,5
6269,5
6270,5
6273,25
6274,5
6275,5
6276,5
6278,5
6279,10
6280,5
6281,15
6282,35
6283,10
6284,5
6286,5
6287,5
6289,35
6290,5
6291,5
6292,5
6293,30
6295,5
6296,10
6298,5
6299,5
6302,15
6303,15
6305,5
6307,5
6308,10
6309,35
6310,10
6311,5
6313,15
6316,5
6317,5
6319,5
6322,5
6323,40
6324,5
6325,5
6326,5
6328,15
6330,5
6334,5
6335,5
6338,5
6340,10
6341,10
6344,20
6345,5
6346,5
6347,5
6349,20
6351,5
6352,10
6354,5
6355,5
6356,5
6359,15
6362,10
6363,5
6365,5
6366,5
6367,5
6369,5
6371,10
6372,5
6374,10
6375,5
6376,5
6379,20
6380,10
6381,10
6384,5
6385,15
6387,5
6389,10
6390,25
6391,5
6392,5
6393,5
6394,5
6396,10
6398,5
6399,20
6401,5
6403,5
6405,10
6406,40
6407,5
6409,5
6411,5
6416,5
6418,5
6421,10
6423,5
6424,15
6425,20
6426,5
6428,5
6431,5
6432,10
6433,5
6434,45
6436,10
6437,5
6440,5
6441,10
6443,10
6445,5
6446,5
6447,5
6450,10
6452,15
6454,5
6456,5
6457,15
6458,50
6459,25
6461,5
6462,5
6464,5
6465,15
6466,5
6467,35
6468,35
6470,5
6471,10
6472,20
6474,5
6477,50
6479,5
6481,15
6483,5
6486,5
6487,5
6490,5
6491,5
6496,5
6497,5
6498,10
6500,30
6501,5
6503,20
6507,5
6508,10
6511,5
6514,5
6515,5
6516,5
6518,20
6520,5
6522,5
6524,5
6526,5
6528,15
6531,10
6533,35
6534,5
6535,5
6536,5
6538,10
6539,5
6540,5
6542,5
6544,5
6545,10
6548,5
6549,5
6550,5
6551,10
6554,25
6556,10
6558,5
6559,10
6560,15
6561,5
6562,10
6563,5
6566,30
6567,15
6568,15
6570,5
6572,5
6574,5
6575,15
6577,5
6578,5
6579,25
6583,15
6584,5
6585,10
6587,5
6588,5
6589,5
6591,10
6592,5
6594,30
6597,5
6599,10
6600,5
6602,15
6603,5
6604,5
6605,5
6606,5
6607,15
6609,5
6610,5
6612,5
6614,5
6615,5
6616,5
6617,25
6619,10
6620,5
6621,5
6623,5
6624,10
6625,5
6626,5
6627,45
6629,5
6631,10
6633,10
6634,5
6635,10
6636,5
6637,5
6638,30
6639,10
6640,5
6641,5
6642,10
6643,25
6646,15
6647,10
6648,5
6649,5
6650,5
6651,5
6653,5
6654,5
6655,5
6657,10
6658,5
6659,5
6661,35
6662,30
6663,40
6664,25
6665,5
6667,5
6668,20
6669,5
6670,5
6672,5
6673,5
6674,5
6675,5
6676,20
6677,5
6680,5
6681,5
6682,5
6683,45
6685,5
6687,5
6689,5
6691,5
6692,5
6695,5
6698,5
6699,30
6701,5
6702,40
6704,5
6706,5
6708,5
6709,5
6710,10
6711,5
6712,5
6713,5
6715,40
6716,15
6717,10
6720,10
6721,5
6723,5
6724,5
6725,5
6726,5
6727,5
6728,45
6729,20
6730,10
6731,5
6732,5
6733,5
6735,5
6736,50
6738,15
6739,5
6741,25
6742,25
6744,10
6745,15
6747,20
6749,25
6750,5
6752,5
6756,5
6757,5
6759,30
6760,5
6761,5
6764,5
6765,10
6766,5
6767,5
6768,10
6769,5
6771,5
6772,5
6773,10
6774,45
6776,25
6777,5
6780,5
6782,5
6785,5
6786,15
6788,5
6789,30
6790,10
6791,15
6793,10
6795,5
6796,5
6797,10
6798,5
6800,5
6802,5
6803,5
6805,10
6808,5
6809,5
6811,5
6813,10
6815,5
6817,50
6818,20
6820,5
6821,25
6823,5
6826,5
6827,5
6828,50
6830,5
6831,5
6833,5
6834,10
6835,15
6836,5
6837,5
6839,5
6840,5
6841,5
6842,15
6844,20
6845,5
6848,5
6850,5
6851,30
6852,5
6853,5
6854,10
6855,5
6857,5
6858,15
6859,5
6860,5
6862,10
6864,5
6867,5
6870,5
6871,10
6872,10
6873,15
6874,10
6876,10
6877,5
6878,5
6880,5
6882,35
6885,10
6887,5
6890,45
6892,5
6893,5
6894,5
6895,5
6896,20
6898,5
6899,5
6901,30
6903,5
6904,5
6905,5
6906,5
6907,5
6909,40
6911,5
6912,10
6913,5
6915,5
6916,5
6917,5
6919,10
6920,5
6922,20
6923,5
6926,5
6928,5
6929,5
6930,10
6931,5
6933,5
6934,5
6936,30
6940,5
6941,5
6942,25
6944,10
6946,45
6947,5
6948,5
6951,10
6952,5
6953,5
6954,10
6955,5
6958,5
6961,30
6963,5
6965,5
6966,5
6967,5
6968,25
6970,5
6972,5
6973,5
6976,15
6978,10
6979,30
6980,5
6982,10
6983,15
6984,5
6985,20
6986,10
6990,25
6992,15
6994,5
6997,10
6998,5
7001,5
7002,5
7006,5
7009,10
7010,15
7011,5
7013,20
7014,5
7016,5
7017,5
7019,15
7020,35
7021,10
7023,5
7024,5
7026,5
7028,5
7029,5
7030,5
7031,15
7032,10
7033,5
7034,5
7037,5
7039,25
7040,5
7042,5
7043,5
7044,5
7046,5
7047,5
7050,15
7051,5
7052,30
7053,30
7054,35
7055,5
7057,5
7058,35
7059,5
7061,10
7062,10
7063,10
7064,5
7065,5
7067,40
7069,5
7071,45
7072,5
7073,5
7074,25
7075,5
7076,5
7078,10
7079,5
7080,15
7081,20
7082,5
7083,15
7084,15
7087,5
7088,5
7089,5
7090,5
7091,15
7092,5
7093,5
7095,5
7096,5
7097,25
7098,15
7100,10
7101,5
7102,5
7104,15
7107,10
7108,5
7111,20
7113,15
7114,15
7116,25
7117,5
7120,5
7122,5
7123,10
7124,45
7125,5
7126,5
7127,5
7128,5
7130,15
7132,5
7133,5
7134,5
7136,5
7138,20
7139,15
7140,10
7141,5
7142,10
7143,5
7145,5
7147,15
7150,5
7151,5
7152,10
7154,5
7157,5
7159,10
7161,15
7162,10
7164,5
7167,5
7168,5
7169,10
7170,5
7171,5
7172,5
7175,5
7177,5
7179,5
7181,45
7183,10
7186,35
7187,5
7189,5
7190,5
7191,20
7192,5
7193,5
7194,5
7195,10
7197,15
7198,25
7201,5
7203,10
7205,5
7206,15
7207,10
7209,45
7210,5
7211,25
7213,5
7215,5
7216,5
7217,45
7218,5
7220,10
7221,5
7223,5
7226,20
7229,5
7231,5
7232,10
7233,20
7236,5
7237,40
7239,5
7240,5
7241,5
7243,5
7246,5
7247,5
7249,15
7251,20
7253,5
7255,5
7257,5
7258,5
7259,40
7260,5
7263,5
7264,10
7265,5
7266,5
7268,10
7269,5
7270,5
7271,10
7272,10
7273,10
7274,5
7276,10
7277,5
7280,5
7281,10
7282,10
7283,5
7285,40
7286,25
7288,10
7289,5
7291,5
7292,30
7293,5
7294,30
7295,5
7296,40
7297,10
7298,5
7299,10
7300,5
7301,5
7303,5
7304,10
7305,5
7307,10
7309,5
7311,10
7312,40
7314,5
7315,5
7318,10
7319,5
7320,5
7321,5
7322,5
7323,5
7325,5
7326,35
7328,5
7330,5
7331,5
7333,5
7334,5
7336,20
7337,5
7338,5
7340,5
7341,15
7343,25
7344,10
7346,5
7348,5
7349,15
7350,50
7351,5
7353,10
7354,5
7355,10
7357,5
7358,5
7360,5
7362,10
7363,5
7364,5
7366,10
7367,5
7369,5
7370,5
7371,15
7372,15
7373,5
7375,25
7376,5
7377,5
7378,5
7379,5
7380,35
7382,25
7383,5
7384,15
7386,5
7388,5
7390,5
7391,5
7393,40
7395,5
7396,50
7397,5
7398,25
7400,5
7403,5
7404,5
7406,5
7407,5
7408,5
7409,15
7410,30
7411,5
7412,5
7413,5
7414,10
7415,5
7417,5
7418,5
7419,25
7420,5
7422,5
7423,5
7424,35
7425,5
7427,30
7428,5
7430,15
7431,5
7432,5
7433,5
7434,10
7437,5
7439,10
7441,5
7443,5
7446,5
7447,20
7448,5
7450,5
7451,5
7452,10
7454,5
7455,5
7457,5
7458,5
7459,25
7462,40
7464,5
7465,20
7467,20
7468,15
7469,5
7470,5
7471,10
7472,5
7473,5
7474,40
7475,50
7476,5
7477,5
7478,10
7479,5
7480,5
7481,5
7482,15
7483,5
7485,20
7486,5
7487,5
7488,20
7489,5
7490,10
7492,5
7493,25
7494,35
7495,45
7496,10
7497,10
7499,5
7500,10
7502,5
7504,10
7507,5
7508,45
7509,5
7510,5
7511,5
7512,35
7513,5
7515,5
7517,5
7518,5
7519,20
7521,5
7523,5
7525,5
7526,10
7527,10
7528,5
7529,5
7530,5
7531,5
7532,5
7534,5
7535,5
7536,10
7537,5
7539,15
7540,10
7541,15
7542,5
7544,15
7545,5
7546,5
7548,5
7549,5
7550,5
7551,5
7552,20
7553,10
7554,5
7555,5
7556,10
7558,5
7561,5
7563,25
7565,5
7566,10
7568,35
7569,15
7570,15
7572,5
7573,5
7575,5
7577,10
7578,5
7579,5
7580,20
7581,10
7583,5
7587,5
7589,5
7590,40
7591,5
7592,5
7593,10
7595,10
7596,15
7597,45
7598,5
7599,10
7600,5
7602,5
7604,10
7606,5
7607,5
7608,5
7609,25
7611,35
7612,5
7614,5
7616,40
7618,5
7619,15
7620,5
7622,5
7623,5
7626,5
7628,5
7629,5
7632,5
7633,10
7634,5
7635,5
7636,40
7638,5
7641,10
7642,5
7643,45
7644,5
7646,5
7648,5
7649,10
7651,5
7652,35
7653,5
7655,5
7657,15
7659,5
7660,25
7662,5
7663,5
7664,15
7665,15
7666,50
7667,5
7668,5
7669,5
7671,5
7672,45
7673,15
7674,15
7675,15
7677,5
7681,10
7682,5
7685,20
7686,5
7688,5
7689,10
7690,5
7691,20
7693,5
7694,5
7695,5
7696,5
7699,5
7700,5
7703,5
7704,5
7706,5
7707,10
7709,15
7710,5
7712,25
7713,5
7715,35
7717,5
7718,45
7719,10
7720,5
7722,5
7724,15
7725,15
7726,10
7727,30
7728,5
7731,5
7732,5
7733,5
7734,5
7736,5
7737,5
7738,10
7739,5
7740,30
7743,5
7745,5
7747,5
7748,5
7749,25
7750,20
7752,10
7753,10
7754,15
7755,5
7756,5
7757,5
7758,5
7759,5
7761,10
7762,10
7764,5
7765,5
7766,30
7767,5
7769,5
7770,5
7771,5
7772,5
7773,40
7774,5
7776,5
7777,5
7779,5
7781,5
7782,10
7783,10
7784,5
7786,20
7789,5
7790,10
7793,35
7794,30
7796,5
7799,10
7801,5
7802,5
7803,5
7804,20
7805,5
7806,5
7807,20
7809,5
7812,50
7813,40
7815,5
7816,5
7817,5
7818,5
7819,5
7821,10
7822,5
7824,5
7826,40
7827,5
7829,5
7831,5
7832,5
7833,5
7834,25
7835,5
7836,5
7837,5
7838,5
7839,15
7840,15
7841,5
7842,5
7845,5
7846,5
7848,45
7849,5
7850,5
7852,5
7853,5
7854,5
7855,25
7856,5
7858,15
7859,5
7862,5
7864,10
7865,45
7866,5
7867,5
7868,20
7869,5
7870,5
7871,30
7872,30
7875,5
7876,5
7878,5
7881,35
7882,50
7883,20
7885,5
7887,5
7889,5
7890,5
7891,5
7892,10
7893,5
7894,5
7895,15
7897,5
7899,10
7901,10
7902,5
7903,15
7904,25
7905,5
7906,40
7908,15
7910,5
7913,5
7915,15
7916,10
7917,40
7918,5
7919,40
7922,5
7923,10
7924,5
7925,5
7927,5
7928,5
7929,5
7930,20
7931,20
7932,5
7933,5
7935,20
7936,5
7937,5
7939,10
7941,5
7942,5
7944,45
7946,10
7947,5
7948,5
7949,20
7950,5
7951,15
7952,5
7954,45
7955,5
7956,5
7958,5
7960,10
7961,25
7962,5
7965,5
7966,5
7967,10
7969,5
7971,5
7973,5
7975,30
7976,10
7978,5
7979,10
7982,5
7983,5
7984,5
7986,5
7987,5
7988,50
7989,5
7991,10
7992,5
7993,5
7994,15
7996,5
7999,5
8000,15
8001,15
8002,40
8003,5
8004,25
8007,35
8008,5
8009,20
8011,5
8012,5
8015,5
8016,5
8017,5
8019,30
8022,5
8024,10
8026,5
8028,5
8030,5
8032,25
8033,40
8034,5
8035,5
8036,5
8037,10
8038,5
8039,10
8041,5
8042,15
8043,10
8045,25
8046,10
8047,5
8048,5
8049,50
8050,5
8051,5
8052,10
8053,5
8054,5
8056,20
8057,5
8060,25
8061,25
8062,15
8064,25
8066,35
8067,5
8068,20
8070,20
8071,5
8075,5
8076,5
8077,5
8078,5
8079,5
8081,15
8083,15
8084,5
8085,5
8086,5
8087,10
8088,20
8092,5
8094,5
8095,25
8096,5
8098,10
8099,5
8101,5
8103,15
8104,10
8105,40
8106,15
8107,5
8109,5
8111,10
8112,5
8115,5
8116,20
8117,5
8118,5
8120,5
8121,5
8123,5
8124,30
8126,10
8127,15
8128,5
8129,10
8130,10
8132,5
8133,15
8134,5
8137,25
8138,15
8139,5
8141,5
8142,10
8143,5
8144,5
8146,5
8148,5
8149,5
8150,5
8151,25
8152,10
8153,5
8154,20
8155,15
8156,5
8158,5
8159,10
8161,5
8163,5
8164,5
8165,5
8166,5
8167,5
8169,5
8172,10
8174,5
8175,5
8178,10
8179,5
8180,5
8181,25
8182,40
8183,5
8185,15
8188,5
8189,5
8190,5
8191,15
8192,5
8194,5
8195,5
8197,5
8198,5
8201,10
8202,5
8203,40
8204,5
8205,10
8207,5
8210,5
8212,5
8213,5
8214,5
8215,5
8217,20
8220,5
8222,10
8223,5
8224,5
8226,5
8227,45
8230,5
8231,10
8232,5
8234,15
8236,5
8238,5
8239,5
8240,5
8242,25
8243,5
8244,5
8245,25
8247,5
8249,10
8251,5
8252,10
8254,5
8255,5
8257,40
8258,5
8259,5
8260,15
8262,5
8263,25
8264,5
8265,10
8267,20
8268,5
8270,45
8271,5
8276,20
8277,30
8278,50
8279,45
8280,10
8282,5
8283,5
8284,5
8286,15
8287,10
8288,50
8289,10
8290,15
8291,5
8292,5
8294,5
8296,35
8297,5
8300,10
8301,20
8302,5
8303,10
8305,15
8306,5
8307,5
8309,35
8310,5
8311,10
8312,5
8314,5
8316,20
8318,5
8319,5
8321,5
8322,5
8323,5
8324,15
8325,5
8327,10
8328,25
8330,10
8332,5
8334,5
8335,25
8338,5
8339,5
8340,5
8341,5
8342,5
8343,5
8345,5
8347,5
8348,5
8351,10
8352,5
8354,5
8355,45
8356,5
8357,10
8360,5
8362,25
8363,5
8364,10
8365,10
8366,5
8367,5
8368,10
8369,5
8370,5
8371,15
8372,5
8373,10
8374,5
8376,5
8379,15
8380,20
8381,5
8382,5
8383,5
8384,5
8385,5
8386,5
8388,5
8389,5
8390,5
8392,5
8393,5
8394,5
8396,5
8397,5
8399,5
8400,5
8401,50
8402,5
8403,5
8404,5
8405,15
8407,5
8409,5
8411,5
8413,5
8415,5
8417,5
8419,5
8422,5
8423,5
8424,5
8426,5
8429,15
8431,30
8432,5
8434,10
8435,5
8437,5
8438,5
8439,5
8440,40
8441,5
8442,5
8443,5
8444,10
8446,5
8447,10
8448,10
8449,5
8451,5
8452,5
8453,15
8454,5
8456,5
8457,5
8458,20
8460,5
8461,10
8462,5
8464,5
8465,5
8466,15
8468,5
8469,20
8470,15
8471,5
8472,10
8474,35
8476,5
8477,40
8478,5
8479,5
8483,5
8485,5
8486,5
8487,5
8489,10
8492,10
8494,5
8495,5
8496,5
8497,5
8499,5
8500,15
8501,5
8502,15
8503,25
8504,5
8505,5
8508,10
8510,15
8511,40
8512,5
8513,5
8515,50
8516,10
8519,5
8520,10
8521,5
8523,5
8525,10
8526,10
8527,5
8530,20
8532,30
8534,5
8535,5
8537,5
8539,5
8541,5
8542,10
8543,5
8544,5
8547,10
8548,5
8549,5
8550,5
8551,50
8552,5
8553,5
8554,5
8555,10
8556,50
8557,10
8559,40
8561,5
8563,5
8564,10
8565,25
8568,5
8569,35
8570,10
8572,25
8573,5
8574,5
8575,5
8576,5
8579,5
8580,15
8581,5
8582,15
8584,10
8585,5
8587,10
8588,5
8590,5
8591,5
8592,10
8593,5
8595,5
8596,5
8598,15
8599,10
8601,15
8602,5
8603,15
8604,10
8605,5
8606,5
8607,25
8609,5
8614,15
8615,5
8617,5
8618,5
8619,40
8621,5
8622,5
8623,5
8626,5
8627,10
8628,20
8629,5
8631,10
8633,5
8634,5
8636,15
8637,5
8638,40
8639,5
8640,5
8642,10
8643,15
8645,5
8647,5
8648,5
8649,10
8650,5
8651,5
8652,5
8653,15
8655,25
8656,5
8658,10
8659,25
8660,5
8661,5
8663,5
8667,10
8668,30
8671,5
8672,20
8674,5
8677,5
8678,25
8679,5
8681,10
8683,5
8685,5
8688,5
8690,25
8692,5
8694,5
8695,10
8697,5
8698,5
8700,25
8701,15
8702,15
8703,15
8704,20
8705,5
8706,10
8707,25
8708,5
8709,5
8710,5
8711,5
8712,30
8713,10
8714,5
8715,40
8716,5
8717,5
8719,10
8720,5
8722,10
8723,5
8724,5
8725,5
8726,10
8727,40
8728,5
8730,5
8733,15
8735,45
8736,5
8737,5
8739,5
8741,5
8743,5
8745,5
8746,15
8747,10
8748,10
8749,5
8750,15
8751,5
8752,5
8753,5
8754,5
8755,5
8756,40
8758,5
8759,5
8760,5
8761,25
8762,40
8763,50
8764,10
8765,5
8767,50
8768,20
8769,10
8770,5
8771,5
8772,5
8773,5
8774,5
8775,5
8776,5
8777,5
8778,20
8779,15
8780,5
8781,5
8783,15
8784,5
8786,30
8787,5
8788,15
8789,5
8790,5
8791,30
8792,5
8793,5
8794,5
8796,10
8798,20
8799,45
8800,10
8801,5
8802,10
8803,5
8804,5
8805,5
8806,5
8807,10
8808,5
8809,5
8810,5
8813,10
8815,5
8817,25
8818,5
8820,5
8821,5
8822,5
8823,10
8824,5
8825,5
8826,5
8827,40
8829,5
8830,5
8831,15
8832,30
8833,20
8834,5
8836,5
8838,5
8839,5
8841,5
8842,10
8843,25
8844,5
8846,15
8847,5
8848,15
8849,45
8850,15
8851,5
8852,10
8853,15
8854,35
8855,15
8856,15
8857,5
8861,5
8862,10
8865,10
8866,5
8868,10
8871,5
8872,5
8873,5
8874,5
8875,5
8877,5
8879,5
8880,40
8881,5
8882,5
8883,5
8884,5
8885,5
8886,5
8887,20
8888,25
8889,5
8891,5
8893,5
8894,5
8895,15
8896,20
8897,5
8898,40
8899,5
8901,5
8902,5
8903,30
8904,5
8905,10
8906,5
8907,15
8908,5
8909,20
8910,20
8911,5
8912,5
8913,5
8914,10
8915,25
8916,5
8917,35
8918,5
8920,5
8922,5
8923,5
8924,25
8926,5
8927,5
8928,5
8929,5
8930,10
8931,35
8932,5
8933,5
8934,10
8937,5
8938,5
8940,15
8941,5
8943,5
8945,5
8946,10
8947,10
8948,5
8950,5
8953,5
8956,5
8958,10
8959,10
8962,5
8963,10
8965,10
8966,5
8967,5
8968,25
8969,20
8970,5
8971,5
8972,5
8973,10
8974,5
8975,15
8976,10
8977,5
8979,5
8981,5
8982,20
8983,5
8986,5
8987,10
8989,5
8992,5
8993,15
8994,5
8996,5
8997,15
8998,25
9000,5
9002,10
9004,10
9005,10
9006,5
9008,10
9010,5
9011,5
9013,5
9014,5
9015,15
