0:1,2,3,4,5,7,8,9,10,12,14,17,18,20,22,26,286,31,35,37,421,39,41,1837,46,54,71,327,77,79,85,469,87,89,1627,100,104,497,893,126
1:2,3,4,5,7,8,9,10,18
2:2,3,4,7,10
3:2,3,4,7,9,10
4:2,3,4,5,7,8,9,10,14,18
5:2,3,4,5,6,7,8,9,10,14
6:2,3,4,5,6,7,8,9,10,14
7:2,3,4,6,7,10
8:2,3,4,5,6,7,8,9,10,14
9:2,3,4,5,6,7,8,9,10,14
10:2,3,4,6,7,8,9,10
11:2,3,4,5,6,7,8,9,10,14
12:2,3,4,5,6,7,8,9,10,14
13:2,3,4,5,6,7,8,9,10,14
14:2,3,4,5,6,7,8,9,10,14
15:2,3,4,5,6,7,8,9,10,14
16:2,3,4,5,6,7,8,9,10,14
17:2,3,4,5,6,7,8,9,10,14
18:2,3,4,5,6,7,8,9,10,14
19:2,3,4,6,7,10
20:2,3,4,5,6,7,8,9,10,14
21:2,3,4,5,6,7,8,9,10,14
22:2,3,4,5,6,7,8,9,10,14
23:2,3,4,5,6,7,8,9,10,14
24:2,3,4,5,6,7,8,9,10,14
25:2,3,4,5,6,7,8,9,10,14
26:2,3,4,5,6,7,8,9,10,14
27:2,3,4,5,6,7,8,9,10,14
28:2,3,4,6,7,8,9,10,14
29:2,3,4,5,6,7,8,9,10,14
30:2,3,4,5,6,7,8,9,10,14
31:2,3,4,5,6,7,8,9,10,14
32:2,3,4,6,7,8,9,10
33:2,3,4,5,6,7,8,9,10,14
34:2,3,4,5,6,7,8,9,10,14
35:2,3,4,5,6,7,8,9,10,14
36:2,3,4,5,6,7,8,9,10,14
37:2,3,4,5,6,7,8,9,10,14
38:2,3,4,5,6,7,8,9,10,14
39:2,3,4,5,6,7,8,9,10,14
40:2,3,4,6,7,8,10,14
41:2,3,4,5,6,7,8,9,10,14
42:2,3,4,5,7,8,9,10
43:2,3,4,6
44:2,3,4,6,7,9,10
45:10,3,4,6
46:5,6,7,8,9,10
47:8,9,6,7
48:3,6,7,8,9,10
49:9,10,6,14
50:2,3,4,6,7,10
51:3,6,7,9,10
52:3,4,6,9,10
53:3,4,6,7,9,10
54:2,3,4,5,6,7,8,9,10,14
55:2,3,4,6,7,9,10
56:3,4,6
57:6,7,8,9,10
58:2,3,4,5,6,7,8,9,10
59:2,3,6
60:2,3,4,6,7,9,10
61:2,6
62:2,3,4,6,7,9,10
63:3,4,6,7,10
64:2,4,6
65:2,6,7
66:2,6
67:2,3,4,6,8,9,10
68:2,3,4,6,10
69:2,4,5,6
70:2,3,4,6
71:2,3,4,6
72:2,3,4,6,10
73:2,3,4,6,9
74:2,4,6
75:2,3,4,5,6,10
76:2,6
77:2,6
78:2,4,6
79:2,3,4,6,7,8,10
80:2,6
81:2,4,6
82:2,3,4,6
83:2,4,6
84:2,4,6
85:2,6
