0,346
2
3
5
6
7
9
10
194,746,12,564,568
608,300,13
14
16
17
18
20
22
24
26
27,261
28
29
30
577,772,762,574,31
32
48,34
49,35,629
42,36
37,45,39
38
40
41
627,584,43
44
46
47
50
51
53
993,999,688,54,569,604
55
56,309,198
57
280,58,398
299,60
61
88,89,63
65
66
312,211,68
850,69
71
72,724
73
74,79
75
416,76,358
77
78
80
81
82
994,579,84
86
87
929,866,453,965,90,987,927
91
92
93,967
480,94
596,95
97
522,98
99
101
102
103
104
345,105,353
106
107
108,341
110
111
112,225,455
113
114
115
496,116
117
152,118
120,121
360,122,390,151
123
124,869
405,126
127
128
129
130
131
617,810,132,775
553,516,134,135
136
137
138
139
141
142
144
961,145,764
146,555
147
298,148
150,286
737,153
154
155
156
157
158
160,308
456,161
162
164,373
165,942
166
230,167
486,168,169,467,631
170
171
394,172
173
175
177
178
314,293,180,381
181,383
418,285,182,431
297,183
184
185
552,186
187
386,387,389,720,380,188
189
190,278
192
193
195
196
199
200
201
202,478,327
203
204
205
206
207
208
210
258,212
213
249,214
215
216
217,427
218
219
220
221
222
786,223
224
266,226
867,873,227
922,228,886
323,229
231
232,329,235
233,462
234
236,463
832,613,744,606,876,237,877,623,561,659,788,858,766
238
817,239
240
241,525
242,583
243
244
245
246
247
248,505
250
251,485,310
252,471
253
773,262,263,254,507,350
914,556,255
256,257
378,259
347,260,349
264,482
265,628
267
268
1005,269,273
275,276,270
271
272
274,356
277,279
361,282,526,281
354,283,334
284
287
288
290
291
292
294
295
296,818
490,301
396,302
805,955,549,303,539,605
304
306
745,639,307,662,313,733,830,703
311
321,315
827,708,551,630,824,635,316
317
318
319
320
322
336,506,324
325
439,614,326,695
450,328,495,694,601,607
705,609,612,964,330,541
611,650,331,523,863
332
333
717,335,666,859,575
337
338
339
340
342
343
344
348
351
352,804
355
357,413
499,359
362
363
364,437
365
366
925,367
368,795
369,759,647
370
618,371,975
372,466,484
374
375
376
377
379
382
384,550
385,898,751,945,721,822,855
388
809,657,979,391
392
393
395
443,739,397
399
400
401,470
402
403
404
966,406,847
407
408
409
410
713,411
412
414
428,429,415
434,417,426
419,420,423,780,910,435,667
433,421
425,422
424
430
432
440,753,436
438
441
442
738,444
445
446
492,598,447
448
449
947,451
452,838,684,782,735
454
457
458
459
460
461
464
538,468,700
469
472
473
648,474,763,1020,477
475
476
479
481
483
642,770,487,839,714,816,689,946,1044,887,668,958
488
489,527
587,491
493
1024,645,904,1035,1036,661,794,924,926,672,673,802,675,941,687,815,943,709,970,730,750,494
497
498
500
740,918,502
503
504,769,558
508
509
765,510
511
512
513
514,1031
515,919
517
736,644,893,518
519
520
521
888,586,524
528
529
649,530
531
532
533
534
864,641,793,535
536
537
544,594,540,845
542,597,998,711
543
545
546
547
548
554
557
559
560
881,562
899,932,742,936,1004,563,1017,923
565
792,566
683,567
570
1032,625,610,571
572
771,1034,783,916,665,944,952,573,831,842,843,980,982,727,728,741,870,1001,1003,1007,884,885,891
576
578,852
680,636,580
602,581
582
585
588
706,589
729,621,590
777,591
592,593,637
624,1042,595,951
599
600,803,828,723
603
615
616
619,811,748,977,883,726
620
622,806,903
906,963,626
632
633,732,791
752,1041,1010,785,820,821,915,1011,1014,953,634
638
640
722,643,1029
646
651
652,725,686
833,829,862,653
654
784,658,655
800,837,774,715,656,860,895
660,892,949
663
664,890,757
849,789,779,669
676,678,921,1019,670
801,1027,813,909,692,985,894,671
674,1043
677
747,701,679
681
682
1028,1030,907,908,685,1046
690
691
693
696,835,699,879
868,935,871,1038,1040,1015,697,954
1002,875,1037,878,981,1045,823,984,698,990
749,702
704
865,707,719,880,913,731
710
962,834,712,781,948,986,988,1021
716
718
734
1025,836,743,937,939,796
896,1000,841,840,754,819
1008,755
756
758
1006,1039,760,920,761,826,957
767
768,1009,778,846
776,825,905
787
1016,997,790
797
872,917,799
807
812
931,933,814
856,844
848
851
853
978,854
857
861
874
882,989
889
897
900
901
1012,902
911
928
1033,930
934
938
940
960,950,959
956
968,969,972,973
971
974
976,1026,996
983
991
992
995
1013
1018,1023
1022
