0,258,261,212,346,253,351
2
3,166,6
73,449,5
7
9
170,10,399,16,537,28
194,458,746,12,479,564,568,543
608,490,396,13,302,300,301
113,14,343
897,545,395,17,468,248,505,538,700
18
488,201,202,81,114,20,478
198,486,168,169,467,309,22,631,56
24
26
256,497,27,257
29
30
577,762,772,818,90,574,31
40,50,32
34,37,39,41,45,48
35,36,584,42,43,44,46,47,49,627,629
38
65,51
53
993,999,489,874,527,688,54,569,411,604
55
57,306
297,205,398,183,280,58
481,355,454,299,60
633,732,61,791
693,469,471,88,89,252,63
66,422,415,425,428,429,758,127
650,694,312,450,68,583,328,329,331,462,978,211,854,601,607,232,233,235,495,242
520,493,850,69
71,777,591,243,153
72,75,559,724,342,445,318
74,79
416,357,358,76,216,413
332,77,430
130,78
80
82,517,365,111
994,579,717,621,335,84,666,859,575
225,547,519,112,786,86,223
588,222,548,87
353,260,105,91,345,347,348,349
250,92
967,566,407,792,1018,93,1023
480,482,264,586,524,888,94
536,483,596,95
889,578,852,97
570,522,620,98
99
512,101
102
320,103,200,171,319
104
106,147
128,107
339,108,341
110
632,115
582,554,234,496,116,438,503
117,287
391,679,809,747,657,152,118,120,121,123,220,701
360,122,390,151
869,934,677,938,124
417,418,424,426,427,431,432,434,405,182,217,285,126
129
131,294,393,394,172,412
132,775,616,617,810,492,598,447
514,516,134,135,136,553,1031,691
137,404
138,370
203,139,199
476,204,141
649,681,587,491,142,529,530,154
144,690,663
961,1025,764,836,743,937,939,145,796
354,259,773,262,263,555,556,334,914,146,254,507,344,378,283,350,255
384,386,387,389,550,298,720,188,148,213,181,380,382,383
164,165,901,942,373,374,150,475,956,286
155
218,156
157
160,308,158
161,327,456,267,206,532
162,806,903,622,560,593,592,637
323,228,229,230,167,886,922
221,531,173
187,175
324,749,590,336,177,729,506,702
178,534
293,180,660,949,314,892,381
184,195
392,185
552,459,654,400,186
189,215
192,268,269,1005,271,273,278,190
193
196
337,207
208,900,853
928,704,930,1033,210
321,315,249,214
224,513,219
226,266,379,388
227,963,867,873,906,844,626,856
960,231,239,240,817,950,959
236,525,463,241,565
771,1034,783,1042,659,916,788,662,665,944,561,951,952,313,573,830,703,832,831,842,843,595,980,982,727,728,858,733,606,741,870,613,744,1001,745,1003,876,877,237,1007,623,624,884,885,891,766,639
238
244
245
246
461,247
484,485,359,466,499,372,310,311,251
769,580,680,265,558,787,628,504,636,734
270,272,275,276,277,279,603
356,676,678,274,921,1019,670
609,738,612,805,549,361,330,526,303,539,281,282,955,444,605
284
288,599
290
576,291
292
295,296,362,363,364,437
368,304,795
611,581,615,523,881,562,753,307,436,440,602,863
962,834,708,551,712,635,781,948,630,316,824,986,827,988,1021
317
322
651,325
439,865,707,898,385,326,614,695,751,880,719,721,913,945,822,855,731
333
457,338
340
770,642,644,518,782,1044,668,804,684,816,689,946,947,958,451,452,838,839,714,735,736,352,487,887,893
366
477,648,367,857,474,763,1020,925
864,705,641,739,964,647,713,759,397,369,535,793,443,541
371,618,971,975
376,375
377
401,682,470
402
403,533
966,779,847,849,789,406,669
408,441
409,410
414
1027,780,909,910,667,671,801,419,420,421,423,813,433,435,692,985,989,882,894
442
446
448
929,866,899,932,453,987,965,936,742,1004,563,1017,923,927
706,589,455
460
464
472
1002,875,652,1037,878,686,655,784,658,823,981,1045,725,984,473,698,990,511
1024,645,904,1035,1036,1043,661,664,794,924,926,672,673,802,674,675,941,687,815,943,709,970,730,750,494,757,890
498
500
740,918,502
737,508,991
509,1022
546,872,917,765,510,799
896,515,785,1041,915,919,819,820,821,953,840,841,1000,752,1010,1011,754,1014,634
521
528
544,998,711,845,594,597,540,542
557
683,567
1032,625,610,571
572
585
600,803,828,723
619,811,748,977,979,883,726
968,969,972,973,638
640,992
643,1028,1029,1030,907,940,908,685,722,1046,767
646
833,653,756,829,862
800,835,837,774,715,879,656,696,699,860,895
768,868,935,871,778,846,1038,1040,1009,1015,697,954
1008,755,710,718
851,716
995,1006,1039,760,920,761,826,957
776,825,905,848
997,902,1012,790,1016
797,983
807
931,812,933,814
861
911
974
976,1026,996
1013
