0,256,257,258,261,497,212,346,27,253,351
2
3,166,6
449,5,73,342,318
7
9
897,545,10,395,399,17,468
194,746,479,12,302,564,568,543
608,490,396,301,13,300,248,505,538,700
295,363,364,14,113,437,343
170,16,55,537,28
18
488,201,81,114,20
198,486,168,169,467,309,22,631,56
24
26,250,92
29
30
577,772,296,362,818,762,574,31
32,37,39,40,41,45,50
48,34,44,47
35,36,584,42,43,49,627,629
38
46
65,51
53
526,527,282,540,542,544,688,54,569,711,845,594,597,604,993,998,999,489,874,361
57,306
297,460,205,398,183,280,58
481,355,454,299,60
633,732,61,791
471,682,401,693,469,470,88,89,252,63
66,422,428,429,758,415
650,523,694,312,450,68,583,328,329,331,462,978,211,854,601,602,607,611,232,233,235,495,242
520,493,850,69
737,71,777,591,153,991
323,229,72,75,559,724,445
74,79
416,357,358,427,76,216,217,413
332,77,430
106,147,78,130
80
82,365,111
994,579,324,717,749,621,590,335,84,729,666,859,702,575
224,548,519,588,86,87,222
929,866,899,932,453,987,965,936,742,1004,563,1017,90,923,927
353,260,105,91,345,347,348,349
1018,1023,93,407
480,482,967,264,586,524,792,566,888,94
536,483,596,95
889,578,852,97
570,522,620,98
99
512,101
102
171,103,319
104
128,107
339,108,341
110
225,706,547,455,589,336,177,786,112,506,223
632,115
582,554,234,496,116,438,503
117,287
679,747,152,118,120,121,123,220,701
360,122,390,151
869,934,677,938,124
417,418,424,426,431,432,434,405,285,126
425,182,127
129
131,517,294,393,394,172
132,775,616,617,810,492,598,447
514,516,134,135,136,553,1031,691
137,404
138,370
203,139,199
476,204,141
649,681,652,686,655,784,142,530,658,725,473
716,144,690,851,663
961,1025,764,836,743,937,939,145,796
354,259,555,334,914,146,344,378,283,255
298,148,181,213,382,383
164,373,374,150,475,286
529,154,587,491
155
218,156
384,386,387,293,389,550,720,381,188,660,949,180,380,314,892,157
160,308,158
161,327,456,202,267,206,532,478
162
165,901,942,857,956,925
228,230,167,873,886,922
221,531,173
187,175
178
184,195
392,185
552,459,654,400,186
189,215
192,268,269,1005,271,273,278,190
193
196
320,200
337,207
208,900,853
928,1033,930,210
321,388,214,249,315
513,219
226,266,379
227,963,867,906,844,626,856
960,231,239,240,817,950,959
236,525,463,241,565
771,1034,783,1042,659,916,788,665,944,561,951,952,313,573,830,703,832,831,842,843,980,982,727,728,858,733,606,741,870,613,744,1001,745,1003,876,877,237,1007,623,884,885,891,766
581,615,238,639,624,881,562,753,595,307,436,662,440,863
243
244
245
246
461,247
484,485,359,466,372,310,251
773,262,263,556,254,507,350
769,580,680,265,558,787,628,504,636,734
270,272,277,279,603
356,676,678,274,921,1019,670
968,969,972,973,275,276,638
641,535,281,411,539,541,805,549,303,955,705,964,713,330,605,864,609,612,369,759
284
288,599
290
576,291
292
368,304,795
618,971,975,371,499,311
962,834,708,551,712,635,781,948,630,316,824,986,827,988,1021
317
322
651,325
439,865,707,898,385,326,614,695,751,880,719,721,913,945,822,855,731
333
457,338
340
770,642,644,518,782,1044,668,804,684,816,689,946,947,958,451,452,838,839,714,735,736,352,487,887,893
366
648,367,474,763,1020,477
376,375
377
391,809,619,811,748,977,657,979,883,726
738,739,647,458,397,793,443,444
402
403,533
966,779,847,849,789,406,669
408,441
409,410
412
414
1027,780,909,910,667,671,801,419,420,421,423,813,433,435,692,985,989,882,894
442
446
448
464
472
1024,645,904,1035,1036,1043,661,664,794,924,926,672,673,802,674,675,941,687,815,943,709,970,730,750,494,757,890
498,646
500
740,918,502
508,1029,767
509,1022
765,510
1002,875,1037,878,981,1045,823,984,698,990,511
896,515,785,1041,915,919,819,820,821,953,840,841,1000,752,1010,1011,754,1014,634
521
528
534
872,546,917,799
557
560,593,592,637
683,567
1032,625,610,571
572
585
600,803,828,723
622,806,903
640,992
643,1028,1030,907,940,908,685,722,1046
833,653,756,829,862
800,835,837,774,715,879,656,696,699,860,895
768,868,935,871,778,846,1038,1040,1009,1015,697,954
704
710,718
1008,755
995,1006,1039,760,920,761,826,957
776,825,905,848
997,902,1012,790,1016
797,983
807
931,812,933,814
861
911
974
976,1026,996
1013
