0,256,257,258,261,497,212,346,27,253,351
2
3,166,6
449,5,73,559,342,318
7
9
897,545,10,395,399,17
608,248,194,490,746,12,301,479,564,468,568,505,538,700,543
647,396,13,302,300,369
295,363,364,14,113,437,343
16,537,170,28
18
488,201,81,114,20
198,486,168,169,309,22,56
24
26
29
30
577,772,296,362,818,762,574,31
32,37,39,40,41,45,50
48,34,44,47
35,36,584,42,43,46,49,627,629
38
65,51
53
544,993,998,711,999,845,527,688,594,597,54,569,540,542,604
55
57,306
481,355,454,297,299,460,205,398,183,280,58,60
633,732,61,791
471,325,682,401,693,469,470,88,89,252,63
418,66,182,285,127
450,68,582,233,462,211,438,312,601
69,71,520,493,850
323,229,72,75,724,445
74,79
416,76,358,216
332,77,430
106,147,78,130
80
82,517,294,111
994,579,324,717,749,621,590,335,84,729,666,859,702,575
548,519,86,87,222
929,866,899,932,453,987,965,936,742,1004,563,1017,90,923,927
353,354,260,105,334,283,347,344,345,91,348,349
250,92
480,961,967,566,407,792,1018,93,94,1023
536,483,596,95
889,578,852,97
570,522,620,98
99
512,101
102
171,103,319
104
128,107
339,108,341
110
225,706,547,455,589,336,177,786,112,506,223
960,231,239,240,817,115,950,632,959
234,236,525,463,496,241,116,565,503
117,287
118,120,121,123,152
360,122,390,151
869,934,677,938,124
417,424,426,431,432,434,405,126
129
393,394,131,172
132,775,616,617,810,492,598,447
514,516,134,135,136,553,1031,365,691
137,404
138,370
203,139,199
141
649,681,652,686,655,784,142,530,658,725,473
144
1025,764,836,743,937,939,145,796
259,804,255,262,263,773,555,556,914,146,254,378,507,350,735
384,386,387,389,660,148,293,550,298,180,181,314,188,720,213,380,892,381,382,383
164,373,374,150,475,286
737,777,591,153,991
576,587,491,529,154
155
218,156
439,326,614,949,695,157
160,308,158
456,161,267
162,806,903,622,560,593,592,637
165,901,942,857,956,925
227,228,867,230,167,873,886,922
221,531,173
187,175
178,534
184,195,651
392,185
552,557,654,400,186
189,215
268,190,278,271
192,1005,269,273
193
196
320,200
327,202,206,532,478
476,204
337,207
208,900,853
928,704,930,1033,210
321,226,388,266,379,214,249,315
217,427,357,413
513,219,588
391,679,809,747,657,220,701
224
232,329,554,235
771,1034,783,659,916,788,665,944,561,952,573,831,832,842,843,980,982,727,728,858,606,741,870,613,1001,1003,876,877,237,1007,623,884,885,891,766
238
611,583,328,650,331,495,753,242,694,607
243
244,245
246
461,247
484,485,359,466,467,372,310,631,251
482,264,586,524,888
769,580,680,265,558,787,628,504,636,734
968,969,972,973,270,272,275,276,277,279
676,356,678,670,274,921,603,1019,638
526,281,282,411,539,541,805,549,303,955,444,705,964,713,330,605,609,738,612,489,361,759
284
288,599
290
291
292
368,304,795
615,744,745,639,624,1042,595,307,436,662,951,440,313,733,830,703
311
962,834,708,551,712,635,781,948,630,316,824,986,827,988,1021
317
322
333
457,338
340
770,642,644,518,782,1044,668,684,816,689,946,947,958,451,452,838,839,714,736,352,487,887,893
366
648,367,474,763,1020,477
618,971,975,371,499
376,375
377
385,865,898,707,751,880,721,913,719,945,822,855,731
864,641,739,458,397,535,793,443
402
403,533,974
966,779,847,849,789,406,669
408
409,410
412
414
422,425,428,429,758,415
1027,780,909,910,667,671,801,419,420,421,423,813,433,435,692,985,989,882,894
441
442
446
448
459
464
472
1024,645,904,1035,1036,661,664,794,924,926,672,673,802,674,675,941,687,815,943,709,970,730,750,494,757,890
498,646
500
740,918,502
508,1029,767
509,1022
546,872,917,765,510,799
1002,875,1037,878,981,1045,823,984,698,990,511
896,515,785,1041,915,919,819,820,821,953,840,841,1000,752,1010,1011,754,1014,634
521
581,523,881,978,562,854,602,863
528
683,567
1032,625,610,571
572
585
600,803,828,723
619,811,748,977,979,883,726
963,906,844,626,1043,856
640,992
643,1028,1030,907,940,908,685,722,1046
833,653,756,829,862
800,835,837,774,715,879,656,696,699,860,895
690,851,716,663
768,868,935,871,874,778,846,1038,1040,1009,1015,697,954
710,718
1008,755
995,1006,1039,760,920,761,826,957
776,825,905,848
997,902,1012,790,1016
797,983
807
931,812,933,814
861
911
976,1026,996
1013
