0,256,257,258,261,212,27,351
2,3,5,6,7,1032,9,10,1034,520,525,526,16,17,18,1042,20,528,22,1043,531,532,26,537,28,540,30,545,554,559,562,565,567,55,57,571,572,66,68,581,582,583,69,72,73,74,75,76,77,78,79,80,81,595,602,92,610,611,99,102,615,104,106,107,624,625,626,114,116,117,127,128,129,130,647,138,659,147,664,155,156,157,158,160,161,674,166,167,170,683,173,700,189,193,710,713,201,202,206,208,211,724,213,214,215,728,216,217,218,221,738,739,226,229,230,232,233,746,234,235,236,238,753,241,242,243,757,246,759,248,249,250,253,266,267,281,795,284,797,287,290,292,294,304,306,307,308,312,313,315,317,318,321,322,323,327,329,843,332,333,850,338,340,854,342,856,346,861,353,357,358,874,877,366,368,881,369,370,377,890,379,897,900,388,393,906,396,397,399,402,405,411,412,413,414,415,416,424,427,430,436,438,951,440,954,442,443,445,446,448,449,963,456,457,458,462,463,464,978,472,478,479,488,490,493,494,496,497,500,502,503,509,1022
608,194,395,12,13,300,301,302,564,468,568,505,538,543
899,772,14,923,29,31,927,929,932,295,296,936,818,563,437,574,577,965,453,343,90,987,866,742,362,363,1004,364,113,1017,762
803,646,600,461,498,723,53,247,24,828
1039,920,32,34,35,36,37,38,39,40,41,42,43,44,45,46,47,48,49,50,826,957,584,995,1006,627,629,760,761
902,776,144,790,807,817,690,51,950,825,959,960,65,716,718,851,740,997,231,632,239,240,755,1012,115,1016
993,711,999,489,845,527,688,54,569,604,542
168,169,309,310,311,56,198,971,975,466,467,484,485,486,359,618,499,371,372,631,251
1025,264,137,524,398,145,404,407,792,280,796,297,937,939,299,566,183,58,60,961,836,454,967,586,460,205,93,94,480,481,482,355,743,888,1018,764,1023
992,640,409,974,791,633,410,732,61
471,195,325,682,651,401,693,469,470,88,89,252,184,63
737,71,777,591,153
131,517,394,172,111,82
896,512,513,515,519,1041,785,915,786,919,666,547,548,177,819,820,821,953,702,575,706,579,324,455,840,841,588,589,590,717,335,336,84,86,87,729,859,219,222,223,224,225,994,101,1000,621,749,752,112,1010,1011,754,1014,634,506
642,259,260,644,518,262,263,770,773,782,146,914,1044,283,668,804,555,684,556,816,689,946,947,958,451,452,838,839,714,334,344,345,347,348,349,350,735,352,736,354,91,487,105,887,378,507,893,254,255
97,98,578,483,522,620,852,596,536,889,570,95
320,103,200,171,403,533,319
966,779,108,110,847,849,339,789,341,406,669
390,391,657,151,408,152,679,809,811,441,701,977,979,726,220,360,619,747,748,883,118,120,121,122,123
931,933,934,869,677,938,812,814,207,337,124
1027,780,909,910,667,671,801,419,420,421,422,423,425,428,813,429,433,435,692,985,989,882,758,126,894
132,775,616,617,810,392,492,598,185,447
514,516,134,135,136,553,1031,365,691
901,648,139,141,150,925,286,164,165,942,956,199,203,204,857,474,475,476,477,367,373,374,375,376,763,1020
649,652,1037,142,655,784,529,530,658,1045,154,291,681,686,823,698,576,587,981,725,984,473,990,1002,875,491,878,511
384,386,387,389,660,148,293,550,298,180,181,949,314,188,720,380,892,381,382,383
162,806,903,521,622,560,593,592,637
1026,996,552,585,459,557,654,175,976,400,186,187
769,265,781,787,534,551,680,558,178,948,824,827,316,962,834,708,580,712,986,988,734,628,630,504,635,636,1021
417,418,426,431,432,434,182,285
268,269,270,271,272,273,274,275,276,277,278,279,921,670,676,678,190,192,968,969,972,973,603,356,1005,244,245,1019,638
833,196,653,756,663,829,862
928,704,1033,210,853,1013
227,228,867,873,844,886,922
613,744,237,623,561,788,573,606
805,998,361,303,793,282,444
288,546,872,917,599,765,510,799
439,865,707,898,385,326,614,695,751,880,719,721,913,945,822,855,731
450,328,650,331,523,607,495,694,601,863
864,641,705,609,605,955,612,549,964,330,535,539,541
643,1028,1029,1030,907,940,908,685,722,767,1046,508,991
768,544,778,594,597
745,639,662,733,830,703
672,673,802,675,709,645,970,1035,1036,941,750,815,687,661,730,794
800,835,837,774,715,879,656,696,699,860,895
741,1001,1003,1007,727,952,665
868,935,871,846,1038,1040,1009,1015,697
832,870,876,858,766
771,842,783,944,884,916,885,980,982,891,831
930,905,911,848,1008,918,983
1024,904,943,924,926
