0,258,261,212,346,27,253,351
2
3,166,6
449,5,73,342,318
7
9
897,545,10,399,17,28
608,194,490,746,396,12,13,300,301,302,564,568,543
113,29,14,343
16,537,170,55
18
488,201,525,463,81,241,114,20
198,486,168,169,467,309,22,631,56
24
26
30
899,772,923,927,31,929,932,936,563,574,577,965,453,90,987,866,742,1004,1017,762
40,32
48,34,47
35,36,42,44,46,49
37,39,41,45,50
38
995,584,43,627,629
65,51
53
526,527,281,282,540,542,544,688,54,569,711,845,594,597,604,993,998,999,489,874,361
57,306
297,460,205,398,183,280,58
481,355,454,299,60
633,732,61,791
471,682,401,693,469,470,88,89,252,63
66,422,415,425,428,429,127
450,68,583,328,329,232,235,238,495,242,211,694,312,601,607
69,71,520,493,850
323,229,72,75,559,724,445
74,79
416,357,358,76,216
332,77,430
130,78
80
82,517,294,111
896,515,1041,785,915,919,819,820,821,953,579,840,841,84,994,1000,752,1010,1011,754,1014,634
224,86,548,222
588,87
354,260,334,283,347,344,91,349
250,92
480,961,967,566,792,764,93,94
97,578,483,852,596,536,889,95
570,522,620,98
99
512,101
102
171,103
104
345,348,105,353
106,147
128,107,461,247
339,108,341
110
225,547,519,112,786,223
632,115
582,554,234,236,496,116,565,438,503
340,117,287
118,120,121,123,152
360,122,390,151
869,934,677,938,124
417,418,426,431,432,434,405,182,285,126
129
131,393,394,172,412
132,775,616,617,810,492,598,447
514,516,134,135,136,553,1031,365,691
137,404
138,370
203,204,139,199
476,141
649,681,652,686,142,530,658,725,473
144
1025,836,743,937,939,145,796
259,255,773,262,263,555,556,914,146,254,378,507,350,735
384,386,387,389,660,148,157,293,550,298,180,949,181,314,188,720,213,380,892,381,382,383
164,373,374,150,475,286
737,777,591,153,508,991
576,587,491,529,154
155
218,156
160,308,158
456,161,267
162,806,903,622,560,593,592,637
165,901,942,857,956,925
228,230,167,873,886,922
221,531,173
187,175
324,717,749,621,590,335,336,177,666,729,506,859,702,575
178,534
184,195
392,185
552,459,557,654,400,186
226,266,215,379,189
190,278,271
192,1005,269,273
193
196
320,200,319
327,202,206,532,478
337,207
208,900,853
928,704,930,1033,210
321,388,214,249,315
424,217,427,413
513,219
391,679,809,747,657,220,701
227,963,867,906,844,626,856
960,959,950,231
611,581,233,650,331,523,462,881,753,562,978,436,854,440,602,863
1042,662,561,307,951,313,830,703,832,595,858,733,606,615,744,745,876,877,237,624,766,639
240,817,239
243
244
245
246
395,468,248,505,538,700,479
484,485,359,618,975,466,499,371,372,310,311,251
256,497,257
482,264,586,524,888
769,580,680,265,558,787,628,504,636,734
268
972,973,270,272,275,276,277,279
356,676,678,274,921,1019,670
284
288,599
290
291
292
295,296,362,363,364,818,437
641,647,397,535,793,539,411,541,805,549,303,443,955,444,705,964,713,330,458,605,864,609,738,739,612,369,759
368,304,795
962,834,708,551,712,635,781,948,630,316,824,986,827,988,1021
317
322
651,325
439,865,707,898,385,326,614,695,751,880,719,721,913,945,822,855,731
333
457,338
770,642,644,518,782,1044,668,804,684,816,689,946,947,958,451,452,838,839,714,736,352,487,887,893
366
648,367,474,763,1020,477
376,375
377
402
403,533
966,779,847,849,789,406,669
1018,1023,407
408,441
409,410
414
801,1027,419,421,420,423,780,813,909,910,433,435,692,985,667,894,671
442
446
448
706,589,455
464
472
1024,645,904,1035,1036,1043,661,664,794,924,926,672,673,802,674,675,941,687,815,943,709,970,730,750,494,757,890
498,646
500
740,918,502
509
765,510
1002,875,1037,878,655,784,981,1045,823,984,698,990,511
521
528
872,546,917,799
683,567
1032,625,610,571
572
771,1034,783,659,916,788,665,944,952,573,831,842,843,980,982,727,728,741,870,613,1001,1003,1007,623,884,885,891
585
600,803,828,723
968,969,603,638
619,811,748,977,979,883,726
640,992
643,1028,1029,1030,907,940,908,685,722,1046,767
833,653,756,829,862
800,835,837,774,971,715,879,656,696,699,860,895
690,851,716,663
768,868,935,871,778,846,1038,1040,1009,1015,697,954
710,718
1008,755
882,989,758
1006,1039,760,920,761,826,957
776,825,905,848
997,902,1012,790,1016
797,983
807
931,812,933,814
861
911
974
976,1026,996
1013
1022
