0,346
2
3
5
6
7
9
10
194,746,12,564,568
608,300,13
14
16
545,17
18
20
309,22
24
26
27
28
29
30
772,31
32
34
49,35,629
42,36
37,45,39
38
40
41
43
44,47
46
48
50
51
53
993,999,874,688,54,569,604
55
56,198
57
280,58,398
299,60
61
88,89,63
65
66
312,211,68
69
71
72,724
73
74,79
75,559
416,76,358
77
78
80
81
82
994,579,84,919
86
87
577,90,762,574
91
92
93,967
480,94
95
97
522,98
99
101
102
103
104
105
106
107
108,341
110
111
112,225
113
114
115
496,234,116
117
152,118
120,121,123
360,122,390,151
124,869,934
405,126
127
128
129
130
131
132,775
553,516,134
135,514,691,1031
136
137
138
139
141
142
144
961,145,764
146,555
147
298,148,181,382,383
475,150,286
737,153
154
155
156
157
158
160
456,161
162
164,373
165,942
166
886,230,167
486,168,169,467,631
170
171
394,172
173
175
177
178
293,180,660,949,892,381
285,182
297,183
184
185
552,186
187
386,387,389,720,380,314,188
189
190,278
192
193
195
196
199
200
201
202,478
203
204
205
206
207
208
928,210
258,212,261
213
249,214
215
216
217,427
218
219
220
531,221
222
786,223
224
266,226
856,227,844
922,228
323,229
231
232,329,235
233,462
236,463
832,613,744,876,877,237,623,1042,788,951,858,606
238
817,239
240
241,525
242,583
243
244
245
246
247
248,505
250
251,485
252,471
253
507,262,254,263
914,259,378,255
256,257
347,260,349
264,482
265,628
267
268
1005,269,273
275,276,270
271
272
274,356
277,279
539,281,955,605
361,282,805,303
354,283,334
284
287
288
290
291
292
294
295
296,818
490,301
396,302
304
306
624,307,595,662
308
499,310,359
311
745,639,313,733,830,703
321,315
316,630
317
318
319
320
322
729,324
325
439,614,326,695
327
328,450,607
705,609,964,612,330
331,650,611
332
333
717,335,666,859,575
336,506
337
338
339
340
342
343
344
345,353
348
556,773,350
351
352,804
355
357,413
362
363
364,437
365
366
925,367
368,795
369,759,647
370
618,371,975
372,466,484
374
375
376
377
379
384,550
385,898,751,721,822,855
388
809,979,391
392
393
395,468
443,739,397
399
400,654
401,470
402
403
404
966,406,847
407
408
409
410
713,411
412
414
428,429,415
434,417,426,431
418
667,420,419,423
433,421
425,422
424
430
432
801,1027,813,909,435,692,985,894
440,753,436
438
441
442
738,444,549
445
446
492,598,447
448
449
947,451
736,452,838,518,684,782,893,735
929,866,453,965,987,927
454
547,455
457
458
459
460
461
464
469
472
649,530,473
648,474,763,1020,477
476
479
481
483
642,770,644,487,839,714,816,689,946,1044,887,668,958
488
489,526,527
587,491
493
1024,672,673,675,709,904,494,687,750,943,730,794,926
694,495
497
498
500
740,918,502
503
504,769,558
508
509
765,510
511
512
513
896,515,840,841,754,819
517
519
520
521
523
888,586,524
528
529
532
533
534
864,641,535,793,541
536,596
537
538,700,543
544,540,845
998,711,594,597,542
872,546,917,799
548
708,551,635,781,948,824,827,1021
554
557
560,593
870,561,659,728,573,766
881,562
899,932,742,936,1004,563,1017,923
565
792,566
683,567
570
1032,610,571
572
576
578,852
680,636,580
602,581,863
582
584,627
585
588
706,589
621,590
777,591
592,637
599
600,803,828,723
601
603
615
616
617,810
619,811,748,977,883,726
620
622,903
625
626,963
632
633,732,791
1000,752,1041,1010,785,820,821,915,1011,1014,953,634
969,638
640
722,643,1029
802,645,970,1035,1036,941,815,661,924
646
651
652,686,655,784,658,725
833,829,862,653
800,837,774,715,656,860,895
657
663
664,890,757
771,1034,783,916,665,944,952,831,842,980,982,727,741,1001,1003,1007,884,885,891
849,789,779,669
676,678,921,1019,670
780,910,671
674,906,1043
677
747,701,679
681
682
1028,1030,907,908,685,1046
690
693
696,835,699,879
868,935,871,1038,1040,1015,697,954
1002,875,1037,878,981,1045,823,984,698,990
749,702
704
865,707,719,880,913,945,731
710
962,834,712,986,988
716
718
734
1025,836,743,937,939,796
1008,755
756
758
1006,1039,760,920,761,826,957
767
768,1009,778,846
776,825,905,848
787
1016,997,790
797
806
807
812
931,933,814
843
850
851
853
978,854
857
861
873,867
882,989
889
897
900
901
1012,902
911
1033,930
938
940
960,950,959
956
968,972,973
971
974
976,1026
983
991
992
995
996
1013
1018,1023
1022
