6243,332,5646,4880,6064,3093,3865,2716
1762,3944,2989,6767,3379
4310,6270,3548,572,3038
2153,8778,6319,8628,5276
2242,3302,2765,2733,7422
993,3470,1429,3322,7612
4485,7206,8051,1589,4439
3689,6187,5873,6486,4472
1122,5925,5204,1653,604
1251,6826,2290,7734,4861
6157,8754,8183,6522,7067
1830,2667,8012,8109,624
4267,748,4115,4597,4060
7626,1514,5938,4407,8792
5125,7434,4758,1176,4505
7718,6024,7561,2284,3069
5698,3621,1643,8847,7988
6114,8454,4553,2071,8217
1865,6282,4299,7307,6893
7745,8709,942,7026,8342
5155,4036,5392,4627,6367
1447,4980,888,5913,5470
3904,1986,5922,7596,2543
3264,5668,8234,657,7954
8064,3586,492,5722,7198
8386,3427,7454
7781,4766
576,1540,553,1878,8857
8067,5078,5103
8643,4783
3520,8806,6165,7479,4670
6761,1266,6293
8017,5894
417,8137,5426,3001,4637
4257,1635,7140,8762,8123
8588,8242,6837,4921,6334
7841,8883,5305
5355,8708
8674,2247,6068,3254,4510
8784,4198,8214
7113,2303
5549,8947,5817,6141,6815
8572,6708,7047
4542,7942
3193,8986,6070
1334,4983
8801,7846,5619,7646,4223
3657,4046,6450,3091,7549
1616,7732,2893
2378,8085
5026,5831,5768,3248,6296
8906,5066,1646,8855,4569
6298,8117,8047
2858,8908
3616,8068,4648,7351,8476
8384,5658,2571
4251,2525
8933,325,998,8661,7093
4834,8803,5770,6349,8885
7481,5313,6228
4081,8750
6369,6085,5959,4872,2359
7556,876,6093
4153,6986
4520,8305,1003
6614,1311
8120,4889,8982
7475,7331
3695,3952,3059,5436,3740
6225,8236,7903
5766,6759
4656,7769,535
6944,8194
899,1061,6184,6667,8431
2696,6873,1610
5825,7084
387,5387,5965,1358,2002
689,8979,2149
4747,4932
4696,1053,2438
4844,5047
2983,7017,7023
8357,7854
7128,2196,5493
6709,4703
7848,6292,1596
5552,4992
6848,484,556,8846,4463
1219,4335,7666,7832,8251
8324,6421,7951
8066,2883
2929,8868,4958
7566,7967
5815,2541,8303,3223,795
786,7747,6540
6217,2775
5432,7410,7220
8243,8791
5650,254,7480,8636,7518
3626,8733,3077
3176,6882
7807,4195,6375
1411,8039
1170,4558,1130
5185,8972
8756,7894,3911
6340,5877
128,4898,2882,7669,2680
7636,5500,4837
5166,7127
4877,8987,4181
7504,1598
2976,5158,7983,6739,2429
8770,6149,2889,7061,8634
7079,4360,8622,1970,5624
7871,5580,7447
5713,8271
3939,3628,3245,3989,8254
3785,284,4588
4754,4262
6012,5242,3884
3820,7668
6533,6635,8690,3673,1821
6984,3337,1946
8968,2906
6497,3715,5715,7091,7774
2386,4478,8879
6481,8163
6985,1037,6623
4994,6511
3088,8956,7326
7218,7915
7344,2173,4264
5257,8798
7360,8203,4989
4172,3974
7205,7600,1683,6899,4729
8360,8700,8765
6474,8539
1697,7715,2404,9002,8668
4528,5731,1807
8043,8948
7607,8223,8679
6490,5342
8773,4742,7526,7924,8920
6568,2606,14,7762,5595
3491,7142,7727,6577,5429
6786,3299,6026,1326,8156
8028,6901,5246
4552,8291
5024,5346,8511
8128,6477
1384,1229,8761,7740,5181
5637,6597,8940,6713,8829
1730,4292,8916
8809,8849
8994,7593,2704,9014,3706
8549,7400,7151,4565,8405
7776,6305,7297,3780,8026
6649,2866,5660
5640,2980
5112,6728,8301
4803,5670
4352,7201,0,2806,5690
5671,2229,8886,412,2364
5699,940,7782
8426,2891
5128,7865,5490
3557,447
1314,3524,3050,7029,4117
5352,8449,2127
6322,6035
7488,5810,7171
8149,8111
7370,3890,8198
5325,7398
3139,8748,5107,4925,8637
2288,452,5334
5466,5557
6833,4732,8953
5484,7869
5729,6128,3792,8030,8959
6823,7528,7464,3477,2934
5163,3085,5022
5009,6982
6979,7933,1719
5347,8804
4185,6345,5468
3874,3923
8224,2387,1940
8981,4183
3257,7849,5350
8667,7724
3744,4306,4245
3362,1059
7346,8348,8189
8174,1558
4539,3132,5950
1994,4605
3858,6462,5759
4230,8854
5616,1490,6997
7720,8238
4163,6651,6284
6940,6670
8552,4915,6344
8280,8439
8312,1536,5575
8779,6075
3840,6154,8054,2711,7833
5188,3018,3694,8976,5841
4003,872,3242,2125,2941
8569,6731,6385,980,5497
7728,5364,8556
2034,4165
7408,6313,4091
7232,5356
1307,7428,5381
6633,4084
8739,8036,5238
5530,3573
5434,7363,3821
7357,3991
5897,6267,5263
6176,6895
1184,8325,6053
6544,8306
7492,4173,7097,3035,8927
7801,1011,5791
8826,2508
5513,6733,3814
7761,6133
7249,8581,7446
7150,4631
3169,6371,7813,8554,6966
4947,7895,2041,380,8830
5482,2635,5918
3826,5630
4146,5859,8692
1233,4878
8898,140,3103
5612,2132
5232,4233,7885
6560,5229
8852,8284,7509
7700,4030
8388,4966,3551,3028,3615
4952,8932,3462
4089,6236
8385,3970,8516
8376,6760
8099,8092,8741
7451,8495
5593,6393,8399
4770,6287
3593,6346,4828
1961,7892
5893,8446,2031
729,8259
5804,5220,1469
6745,5946
6467,2347,2477
4114,1973
902,1836,685,2286,3319
3273,3498,7229
6500,5622
1660,8573,5991
8907,7390
7544,2706,4255
6289,3998
6381,6771,4373
8842,3378
6528,3339,8492
8483,6790
3112,8715,4304
7243,8678
7976,3881,8728
3081,8563
7424,6695,6440,6251,3054
6672,6418,6411
7162,6851
1506,4329,753,5720,7323
3883,2589,4709
1348,8606
8096,6131,6015
8443,2495
920,7189,6607
4017,1989
512,5707,3382,3738,5886
42,3642,7999
2814,4630
6142,7598,1399
8973,5869
2856,5546,8523,398,5142
1795,7752,3406,8367,8592
1696,2012,4364
6269,8950
6216,7827,6254
6491,7932
4673,8799,8719
6744,8913
7268,8037,7818,1937,1789
2313,1202,3659
7320,6550
5473,8497,3775
4477,4246
8865,7111,7246,2256,6904
3466,3647,7255
8499,6325
8905,3778,7786
5265,5397
3144,4429,1264,7794,6874
2796,7213,1254
5444,8390
4384,3552,7107,2474,1298
4332,6242,7340
8009,4969
7013,3153,6933
7618,5974
4704,4395,6262
7958,855
9011,6732,7779
3234,3419
8075,7134,6215
3592,8998
6661,3048,7081,8724,3068
4275,1110,8607
6161,7796
1368,3057,6839
8152,8735
2350,4498,6566
8617,8802
8489,3795,6549
5050,3229
1403,4610,7891
5053,5262
7904,7961,8915
8033,6020
2537,5244,3277
8129,4427
4440,6130,7655
5280,3117
4592,3917,3480
8712,1727
8322,4323,7510
3892,8958
8400,8116,7743
1210,4365
8544,1365,150,7608,4221
344,6426,8355
5955,7765
3722,2570,4593,4504,8255
7489,3850,6191
3272,3634
7433,3925,8095
8656,1126
7476,678,8647
7024,8575
965,3443,6797
8838,7471
8619,4946,7542,4376,3644
8226,3284,4218
3856,4767
2083,2666,300,3022,2042
929,6354,8787
1160,8565
8370,7010,4911
6299,1709
5377,868,3530,1147,4763
8513,7276,2367
2689,5998
8875,1476,8895
6244,8004
2090,6646,5862
2472,8704
1040,1288,3219
6129,2754
8464,7305,1439
7349,3439
3700,1631,3916
4024,734
5457,1414,7694
4701,8726
6376,2895,5063
4824,7014
6920,6425,7141
4819,4431
5975,3511,2425,7614,6047
6968,8901,6591
6857,7767
4346,7910,3711
3138,2510
5898,8781,8276,7063,8825
1793,8356,1608,3818,4338
6401,804,7513,2334,2559
7101,5455,6663
5226,5013
3269,2922,1237,3317,504
3872,4453,7271,6258,8118
6464,8487,4811,2744,5819
6089,6515,7629
649,6687
7632,5629,6286
7379,6117
6642,6539,8323
3196,3356
8903,8396,5644,6139,5214
7074,5375,8423
6456,7652
5344,3045,5335
3306,4866
519,6858,7415,1625,7867
8205,5040,3120,5171,1271
6116,4138,5911,569,1150
99,6631,4556,1042,3993
3123,7253,5323
7011,2454
3585,8139,4437,8891,7197
2820,2553,8461,3321,8926
237,4143,6643,6040,4383
7089,8107,4191
8143,6007
2512,2377,7527
8392,5829
1914,8716,6958
5224,6554
5920,6953,8894
3384,6291
8070,8743,4497,5852,7487
3208,8874,8751,8917,8889
7369,1772,8943
5688,8579
8154,6963,4023
4425,6079
8834,2517,1623,4092,6749
4517,8424,4457,5655,959
7032,6065,8776
4600,6105
7653,1778,5837
4806,6207
873,7362,2471
3716,6396
68,6174,5559
7753,8213
5702,4852,5286
1640,6706
8397,6416,7731,4693,4665
6594,7403,5134,3857,7455
1120,8034,7273,6379,7251
7633,1346,8609
6896,6409
3864,7055,8231
8685,5046
4667,2927,4543
4817,6394
8537,1521,6712
1934,8462
2848,2145,6019,5328,7793
2728,8411,7277
2724,4748
7073,6699,2870,987,6238
7391,8245,6911
8841,4421
7657,5474,7161
8912,8789
4377,8827,8924
7420,1493
4144,2397,5406
5788,8373
7992,6972,8717
1376,7260
7864,1664,1838
3385,6774
5449,6859,3871
8001,8290
8688,5632,22
8239,8447
8232,3370,7771
8527,7591
3162,5139,1774
8167,2007
8777,6892,7717
8722,8515
8737,4058,6162
7314,7651
8642,5287,2631,8240,8638
7809,8923,8503
4688,3755
7448,8850,8683
3728,7991
4424,7507,8702
5592,6057
7209,5906,1604
2747,2964
5755,5773,6887
8677,7183
5891,2996,2885
3314,3395
6181,3878,8071,7215,1567
8601,4506,5023
7819,7348
935,3252,8821,8760,3641
8504,5037,8175
4808,7908
7450,6878,5735
3051,918
7937,6390,3630
8897,7051
565,8574,8783
2233,6931
4984,6051,5358
6403,7147
7288,8706,404
4722,8711
5776,8345,4892
8856,5093
1529,2482,5649
3329,2342
7696,6355,3135
6905,6275
7784,7122,8909
8848,3724
4106,7611,1143
3233,8389
7525,4752,8307,7541,3259
1791,5459,8551
5907,7452
5857,6031,4368,7568,4575
4896,6433,7815,6735,1076
7441,4930,3971
8993,6574
1455,8818,3765,1461,8252
4177,5892,6855
6018,7318
3637,1662,7407
4713,7889
7019,6445,4718
1072,6588
6769,4148,4141
2283,4615
5633,5827,4298,8723,5879
8297,5820,5693
6077,6813
465,3698,1495
8363,5135
7804,6782,1223
2188,2436
6992,6169,8532
8088,2932
8780,5542,895
7409,7563
360,5129,2539
98,1724
4340,1685,6798
8048,1329
6864,8621,5312
2901,3678
7672,7042,4682
5404,7303
8056,2254,4303
5588,2252
2602,2827,3127,6871,376
5535,7419,3247
5454,4415
5667,2339,5680,1713,6170
2875,8294,5431
8257,8060
7946,715,4647
7172,7573
2194,3639,2407
3808,2273
6880,8452,2046
8746,4495
5718,8038,8526
6658,5453
4112,4797,5935
8042,3365
7500,6183,4591
1405,6655
1592,8893,8807
2664,8975
3649,8519,1706,2258,5299
6885,4357,1733,8555,2550
2595,7643,8631
3013,3286
8983,559,4563,8435,2647
3214,4403,790,3129,763
2053,5318,5137,2585,94
5090,1548,3032,7578,7583
8843,2399,2535
2056,8045
7397,8103,8,8404,6844
7037,3290,7309
6752,5516
645,8902,8465,5428,4436
3803,8477,6399
4124,6022
7058,3666,5943
7078,4871
6121,5386,3763
6692,6303
4480,2694,2121,7693,8478
5136,3564,5215
3947,6135
7304,1977,5324
7338,5116
8210,6795,3574
4524,4175
8568,6835,6240
1353,206
1980,1516,3942
5123,7859
2789,2603,1676,366,694
5464,3713,5739
7388,6103
2561,4618,3172
5792,3358
5778,5643,2655
3908,4805
5376,2210,4087,4572,2750
7104,6538,7469
7152,6190
8813,7686,8767
6742,6615
4258,2604,7034
5850,5917
7372,653,526,1967,6457
7704,8788,7334
7682,6572
5060,6341,8758
8914,5740
8769,6220,3495
4893,7799
8195,2084,2921,267,5812
5849,5122,4401
6520,4868
7552,779,2212
5017,4613
7960,5330,3011
7033,6468
1080,7772,7829
3472,4327
5664,7681,540
7493,7406
6178,5156,6514
2833,1526
2344,7116,8180
3489,5245
8899,7783,4521,5070,400
5573,1320,7240,4208,507
3312,8626,4101
7532,7364
5288,4019,2740,4122,6045
3475,1205,4903
8752,7875
5001,7635,6637
5435,9013
632,6730,8053
2860,6606
8896,7939,6942
3950,6479
2520,6890,6612
4321,846
3688,1443,2493
8817,7690
4451,7102,5363
6049,5854
6432,2532,430
4737,6898
2919,1576,6384,2644,217
7286,1286,8470
7083,5933
5867,7918,499
5957,3510
7872,5282,1277
5554,1755
133,135,3656,1511,5709
7497,8881,1473
1481,1463
1234,7748,2855
7529,8451
7840,4654,6710
4581,2237
8618,1452,4150
6842,5779
3450,6773,3474
7688,4483
3016,5901,4741
434,5566
7866,547,8564
6424,6909
1921,227,2759,1933,1717
4632,513,7477
2877,5382
7928,8652,2135
5442,7902
7536,3704,7663
6834,7634
8992,1361,2164
8084,7495
5068,8124,3935
4508,5301
4616,8996,7517
144,6374
7378,2722,3953
7264,4643
7459,6274,6803
6685,1231
5249,2568,874,3473,2044
6907,7709,8341
4913,7535
5289,3578,7138
3224,6738
3097,8938,4295
8468,2309
2433,7917,5581
7291,4420
5480,2523,6061
3227,3838
4488,7457,7321
5512,5978
3238,4976,3828,4188,7806
4738,841,844,466,2646
4229,4006,491,1965,4049
4689,1569,3528
3225,4285
5736,3853,2362,2460,2591
6725,2505,2227,3860,830
6715,6107,6583
6827,1191
2051,6508,8015,7282,8282
5868,5685,4182
2216,2879
8485,7431,6983,2547,3352
7758,2803,8278
5297,7468
6172,3493,4359
7322,4658
6600,5353,6483,2199,6683
4698,7930,6437
7177,8585
6097,4954,5260
4529,5890
7257,7641,8653
6570,7508
2169,6308,2265
2016,1173
4795,3437,5807
7673,7622
8032,4900,37,4078,5648
3464,3371,1891
7712,5610
4800,8098,7822,6650,7483
7883,3589,6351
7386,1387
6208,8633,7020
3003,6471
7016,2924,4991
4369,8997
8434,974,7294
6276,4733
8164,7749,6398
4636,8382
2699,6124,8934
7553,2502
7570,2421,8502
4379,3987
8512,8937,3669
2962,2914
4601,6802,8159
6616,8079
2917,5481,74,1435,2107
8352,5609,7231
3619,5132
6680,6867,6526
7979,3468
3721,4595,235
3760,853
1873,7092,5823
8808,5055
8130,8946,5221
7472,5638
6625,7893,8169
6211,4070
6913,4041,7831
5321,5115
5924,5706,2868,5141,1117
7358,3325,5878
7649,1543
6609,4522,7411
7660,5412
1682,1972,3934
8035,4999
1146,4212,630
8141,2623
7842,5883,8790
2959,3567
1740,5476,8197
6877,4886
6776,2968,3342
6317,4943
848,7265,4717
2218,2067
4582,1893,990
5448,7878
2434,2323,5091
5764,8557
2024,6146,6870
6226,4133
3913,7404,4020,8185,6330
8649,5986,3441
5049,5902
5947,6980,2475
4641,8142
4492,4204,8623
5654,8351
1194,1747,8910
6501,1767
3064,5582,4343
6952,8077
8448,1668,7239
7839,175
8697,1869,7301
7263,4399
8202,6682,863
5393,2167
4145,9006,4279
7473,7737
6768,6380,311
8873,8701
8496,7604,6717
8494,6638
4009,5380,4199
4473,1221
1824,34,295,2293,1017
4961,6074,1078
3140,7838
5594,5082,4331
4290,5477
6793,1612,4039
2824,7072
8192,8178,2045
4464,7117
7443,8763,6926
8793,2094
3832,6458,6701
4000,7707
5960,7157,4135
5561,7852
8442,3979,4919
3568,1157
8971,7187,1285
3617,8547
6067,6205,3518
7296,5458
2274,8019,2206
2977,6302
8736,6446,8640
6280,382
7602,6922,7030
8372,2558
8822,7259,7790
8354,7190
4939,6604,4669
3377,7868
7648,8393,7589
1408,4532
3279,2372,871
2225,740
8155,6452,1606
8265,2794
7587,8587,4726
1909,7333
1155,4676,6153,6507,2679
5401,970,7511
4354,4381
4724,6428,5495
7754,5372
3977,8277,7126
8268,5990
3288,1882,8061
4067,3487
6673,6111,7623
8402,1814
6137,8133,5639
2612,3421
6434,6917,370
2251,3383
7948,4062,2943
4169,1991
2177,4042,5522,8884,3519
3449,5011,5149
3154,7266
8596,7069,1750
2077,222
7905,5524,7413
5460,4079
7490,1955,7371,8207,6004
5450,4959,4847
5281,6001
5241,7901,2463
8553,1498
932,1832,1833,3178,5101
5487,5548,8087
5931,2111
7458,6724,3111
6716,6222
9000,7882,4938
2830,3095
6704,1657,8966
5921,1630
5098,4501,2831
7418,5964
8880,7606,8534
3810,3188
7221,1438,4525
7312,7167
7192,6620,7343
1357,7087
7432,7377,5419
5168,5843
3772,3565,5008,1564,2109
529,6602,7534
909,8319
6498,3187,8343
7858,199
7554,5130,2911
2292,6821
2118,1674,3222
1025,2371
6038,7054,7223
4392,8520
5120,5121,4560,3192,4956
2226,117,6198
5339,1381
2488,1786,1693
1250,5366
6785,6118,5071
5848,3897
1242,7194,2491
3393,2318
5756,156,4815
7064,1467
5967,8144,7247,670,4831
2113,8725,8853
3164,7430
3976,5505,5628
6640,1531
6328,8602,3582
2762,6558
858,7923,5452
8603,7269
5936,8441,5253
4841,5195
8730,7986,6014
2338,5647
7913,4548,4846
8604,6295
3681,7581,5733
3561,4189
7755,8759,7031
5209,7925
6634,5052,8815
6756,4551
8505,8444,8541
2331,5765
7096,4196,7837
8201,5642
7984,5545,4685
5909,5062
524,2957,3671
1811,2731
6561,4027,8215
4459,6860
2897,5748,7855
2074,6654
7764,6965,6534
8820,7789
2867,6619,3535
6180,4397
5996,271,273,503,2780
3072,303,5207
5208,5402
6279,4516,5527
2809,4623
7217,1332,5447
6091,6003
4602,1339,8403
1338,2178
1681,7609,2412
4259,2221
4192,3825,7523
160,6665
7592,2065,2279
3108,262
2793,951,4103
706,4869
6531,6579,5191
4578,5799
5744,3459,6727
7616,8832
2123,4996,4606
5586,4339
7289,7994,6326
8153,6278
6936,7130,8086
3920,7537
8041,2995,6820
4707,5519
6232,3538,3042
8191,2375
7713,1738,7916
6808,7770
4957,7350,6423
6828,6998
3298,5678,4855
5760,2727
1874,3788,7845
4113,8823
818,8083,8244
8330,7059
7826,2078,7375
6363,6140
1857,8190,7319
8550,479
5626,3933,2973
97,3719
3771,308,7325
6338,4059
8332,7662,4967
2314,8286
320,6946,3411,4694,3100
7216,5553,1373
1568,2223
5775,5061,8535
8659,1341
3296,6736,3218,7638,8605
7756,8510,6575
4456,8227
6624,2675,1294
810,812
280,1718,7950
6017,583
3285,8302,2039
5186,5899
7817,8340,7145
2294,7207
8161,3876,8094
8705,1787
3776,8260,6599
2654,8327
3577,4086,3791
2082,3007
8977,6765,5119
8362,8871
5809,7674,2683,6973,5533
6780,3148,4271
4936,5705
8440,595,5884
1101,2190
8713,3460,7853
2940,4700
5928,7075,4312
7597,1518
3594,2451,3526
8011,916
8283,5164,5502
4740,4461
3898,4350,807
424,6027
496,4875,3708
5730,532
6929,6955,3430
2578,8582
2745,7545,4157
3824,3357
4760,6113,6148
3521,6930
7465,6677,8182
4942,4607
2916,7233,1068
6392,3629
4963,2276,1484,5230,5880
8081,7274,2449
6362,4802
737,2782,3663
2108,788
1941,3886,5719
6472,6536
3305,7677,8310
3827,2518
1097,251,2373
5761,2946
5509,7120,2705,2804,1950
7168,8179,6772
1945,8453
5032,8166,5839
8772,5708
5114,6627,8775
2773,7695
9008,2278,4663
7124,6741
8774,8078,1198
3400,4391
2128,7531,5550
8904,6809
4344,7311,8671
8918,6151
2992,1776,6711
5425,314
5369,6356,4094
7862,7935
8289,7590,2639,1144,5148
5696,1225,2161
8794,2573
2978,4108,8212
1840,6764
4904,5745,5672
6347,6990
1968,5881,6283
5603,4599
5152,5193,3501
4248,3889
6250,5258,4818,4085,8922
8576,2467,7423
640,643
9005,7293,3503
1562,7726
6201,2687,3479
1459,7021
8824,8309,1134
5578,5834
1831,1687,953,954,1374
2048,893,2158
709,6134
8049,3901,7393
2600,2422
6562,7295,5111
6032,6919
6563,8796,8429
7834,6231
7897,7123,6102
5941,4782
7689,8419,3702
3665,1535
7540,8062,6647
6265,7298
832,2723,8222
8530,1595
4104,8050,7978
2296,7550
3816,4585,4282
7179,1797
7971,2813,1487
3217,8460
5064,2630,8126
495,5423
5570,6060,7975
1705,8415
8911,2302,5543
675,8590
6436,8318,3239
2272,1422
4680,6928,6028
585,5866
6316,4054,8508
5627,4990
5840,8379,8595
8104,5677
2186,2363,5398
5830,5151
1952,2457,4215
6548,2316
4050,4955,4974
1852,869
1227,5700,5597
5065,6845
1074,4771,6789
6048,6098
1686,2710,2462
2629,4853
5856,4499,5972
2208,3010
8368,8660,5486
6323,5020
4843,3005,4678
6192,4945
7856,4972,2381
4968,7125
8328,5793,5292
6290,6567
2105,5051,6196
3004,8710
6179,7164,8437
5577,7565
8394,8458,7821
3109,2615
5537,2461,4791
4284,7462
1538,2546,8338
6585,7133
962,7366,1391
169,3997
4867,7973,7703
3888,1331
6008,3978,3727
6805,2366
3682,3171,6629,2956,5613
4076,7380,8941
5089,490
3836,3684,864
635,6387
4393,1140,3454
4531,3662
6365,4022,2783
3425,2771
3292,6662,3303
58,1742
7384,4790,6830
4604,4596
4394,477,1142
593,1052
8755,8115,6766
6978,7738
7211,8877,6951
6800,5518
3696,5131,8839
4316,454
6626,1917,1525
244,4973
7936,4137,8101
6723,6259
1850,6669,1566
4320,1586
8500,190,3751
7993,4071
2240,4515,3461
1434,3523
5993,6203,6011
5385,7071
8335,5601,6487
5673,698
3968,2058,4341
4205,8967
5275,3413,1215
3801,4026
5420,5853,438
6194,6605
2320,3281,1474
3401,5811
4475,2965,2967
5531,5532
8016,6954,3287
3736,3026
7665,7955,4965
3212,5183
5043,1741,4438
4561,3731
2328,1186,30
3420,1694,1823
1248,1781,2567
1827,1246,5095
8753,3266,2102,1154
88,7546,8264,791
5683,123,4236,4253
6160,4674,2299,350
4224,881,8374,6862
4386,5443,5407,5583
1601,3146,4772,8127
3369,3346,459,612
1418,8366
3936,7281
7521,8866,7803,599
2708,6668,773,8727
5675,6948
7341,5471
768,6788,6894,6088
4097,4307,7285,3215
1770,2732
3433,4927
2845,2829,4534,3175
912,5932,6518,8311
2864,8974
6970,8188
7699,6542
7736,2617
6906,7502
2307,7175
7088,5865,3541,8151
2409,2402,3308,1501
8931,5478
2137,4922
7050,8663
6249,6578
5915,7478
7572,6916
5408,5217
4225,6084
7040,7835,8364,7725
7470,8639
8768,4909
4905,2834
3075,1629
8747,6852
8805,1302
3675,4406
2300,4037
3436,4474,4708,3992
6152,1898,5970,6934
7195,7494
5498,6245
2786,8158
4234,7773
5293,2326
2624,4986
3456,2203,7043,2469
3099,1820,5117,5087
1571,6876
6551,1655
4129,6811
8008,8629
7966,3335
426,7575
6636,6470
5753,7044
5273,6681,8930,7100
4706,3982
1513,7203
7619,6039
4786,7579
1667,8598
8872,4311
7486,3846
2873,6050
7065,6702
3331,4118
1065,5099
3756,6750
8321,7876
8720,5437
6720,1701
7353,8580
8457,761
6120,4324
7919,8655
6163,6043
2184,6237,1944,6559
7812,7996
5074,4503
2248,2219,6005,8471
4657,195,1300,2262
5784,1038
1816,6407
7929,7671
3600,7467
8334,8383
4249,8172
3280,7739
7952,7691
5016,1757
8472,4653
6676,1167
4809,7159
5995,1692
8314,7836
5653,5767
4545,5310
2162,2748
5080,5635
8681,7551
5202,3398
1152,6657,619,5742
8296,1649,7210,5973
8593,4895
3041,8844
6674,5270,8150,7599
8249,4414
6496,5031
3896,697,5802,1642
2019,1798
937,4691
4537,8002
7427,3581
2298,7685
5336,5405
5096,8121,4011,292
3131,5223
8106,981
3650,4788
2818,6443
5212,3710
3448,1911
3545,5521
6080,7237
3955,2340,4469,3686
8292,2715,4428,5621
1284,4413
5489,4052
7824,2023
7890,165
5587,247
7675,549
4512,7722,7132,1199
4193,4121
5507,4935
5236,8861
8989,3263
2147,1317,5308,1325
7512,4589
2769,3844
3226,8548
8525,5445
443,6454
1769,2324
6224,265,978,1677
8521,8401
7802,2949
4283,3964
4500,2692
6729,732
6659,5790
8627,1212
6872,181
4720,4170,6100,1575
218,2122,1323,7887
3423,7439
1960,2691
2714,3283
2011,5367
7052,3798
8381,3759
3797,8831
7555,7558
6391,6311
5264,8105
8501,63
3734,782
4609,7355
4860,1854
3553,2052,817,5847
8965,7989
5905,4814
7315,4293
1889,8258
3115,6603,236,6641
2693,6406
7376,6465
745,6610,3834,8591
3122,4652
3403,2524
51,7299,5284,750
2129,8204
5256,7941
2418,355,2205,1671
4776,2096,1734
8112,7569,4222
6777,3570,3179,5174
7002,4044,2997,5269
3340,8615
4434,5303
8024,1900
2352,4134
6545,2180,637,8438
4160,8316,5005,6431
5864,108,622,8599
762,7766
7777,2478
6592,2972,6836,3166
8300,7191
4873,8764
3536,3145,2850,7437
1256,6081,1394,6961
7395,8786,5075,6503
8181,2575
8288,4645
4382,7482,5710,5159
8945,4661
4851,5797
6405,2390
3065,6260
4744,7962,5954,2799
6850,6252
5057,725
4812,7143
6617,8651
7080,8851,4167,8887
5529,3542
258,7382
7499,8339,2702,2027
7850,3973
4396,3261
6721,5794
1136,7283
7009,1163
3338,6044
5072,1093,2614,7519
7750,7659,5694,4579
3984,8369,8371,6461
8714,6447
3958,1030
5725,3438
5584,7931
3282,4982
1619,3623
2878,3831
7181,5541
1370,7982
1105,6221
1801,7620,4213,8703
7280,7154
5984,7947
8963,8645
4099,5805
8542,4111
3160,3812
4243,5365
8888,3554
7001,9010
1905,7580
7139,294
3533,3253
5030,3415
6516,7270
6976,3609
2610,4014
8057,894
4277,6535
5968,4466
3484,5686
4273,7098,8022,4287
1825,8810,4827,8479
4082,7548
7108,3388
2038,4625,5102,7425
8220,8270
7642,4127
5786,8836,8543,8247
4777,1581
2140,1957
4333,2445
1928,8695
5579,6589
1929,6853
721,7965
7396,3927
695,5354,1524,6359
2089,4187,243,5198
408,4764,509,5271
8409,2563
4570,6639
7969,3507
2355,8148
7090,7414
5665,5410
7496,1058
4416,1843
2008,5887
8800,6122
7114,4388
1088,5855
3202,4302
274,7667
5417,3550
1923,3894
8648,8046
6947,5267
5002,3597
6621,4639
1281,7193
5704,6757
6556,5562,5956,6021
7258,4348
4979,3367
8466,5147
8929,2156
297,6691,1022,6335
8417,4813
6923,8134
3209,2758
1519,231
3611,2485
8230,1806
5097,8707
3960,8745
7241,6854
6273,7757
6441,4418
3540,2894
5994,3843,3539,7062
4664,6818
923,6372
2000,6281,4836,6840
4756,7927
8146,5539
3625,2674,2043,1262
8969,7292
7881,7719
6233,8970
7169,2659
7076,5100
6168,5322
6248,6994
4617,6941
736,6675
489,1324
7186,2950
6459,6831
1172,5980
7664,8432
7082,5395
5605,4710
6747,2580
7328,8614
1784,4857,2905,3348
2080,3603
4034,2909
4635,1007
2514,2014
1466,1050,3020,2671
2120,1849
8650,6029
6324,7300
3483,8380
3025,5439
6841,6366
8365,2431
184,2862
1561,8486
6648,1554
1115,6796
2642,8413
2619,7236
6352,1759
2500,6310
5034,1691
3768,838
7949,799
7226,1274,2844,5239
3360,5361,1722,2124
289,4322,2106,214
4444,7485
4410,2661
3566,3783
857,1919
2742,2583
6073,2444
2626,836
2588,2269
5724,4902
6698,5563
3718,983
4650,2837
2787,7644
5403,845
3793,6166,1550,5391
6034,7987,8076,2557
3270,5510
8347,4949
6912,8561
2688,8672
3105,5845
3185,4998
2465,543
5329,4139
5088,3201,2608,6206
469,1015
1278,2918
2490,8559
3355,3739
7515,395,1885,397
1721,3397
473,955
6817,8263
2530,6119
3180,5983,358,1863
4077,3375
3313,3039
5961,483
4241,3090
1984,1805
5506,515
3705,4326
7906,3748
6653,8007
7136,6967
2110,6263
5716,7373
3216,6002
4624,7944
8698,6188,3509,7383
2351,7759
5750,5606
2528,4926
4849,7367
1888,8570,2555,2437
5536,1744
7028,7046
81,2999
7330,4367
825,7474,4590,471
8658,5754
4016,8584
2384,4823
3418,1084
4074,1925
8469,8262
2953,5785
7336,1818
7095,8287
1752,7039
1188,1796
7057,6791
1936,802
4216,2738
7595,4550
3531,2828
2255,9015
2825,644
2499,958
4826,2554
2241,6466
4448,1118
392,938,7539
4040,5081,2756
1377,4402,3183
5234,4891,3158
828,3182,3607
1584,3861,2645
977,4318,510
3928,1565,5007
4906,6235,1932
3106,1587,2235
1296,2236,6726
1235,3142,5703
3023,372,3455
1545,1918,502
8000,4449,850
4514,4890,743
445,1614,1847
1108,2069,2751
3207,4523,2087
212,956,1679
2385,1834,2354
3186,1380,1829
2841,2778,2582
2842,475,3102
241,3237,1958
4210,2116,1959
1504,859,852
2920,1853,2823
3452,2923,4356
3402,2238,1503
738,834,927
379,2459,2812
2104,3608,862
712,7577
305,1689
3516,4684
2672,441
317,668,4445
3651,4219,8279
4864,3632,5508
9004,8749,2222
2816,8132,8407
363,6109,2062
472,1356,2503
368,2088,7417,365,367
1067,860,3199
646,3021,814
3184,4978,374
5780,1436,3204
4371,589
4317,2061
5971,4739
7530,829,591
842,3782,1935
1688,2811,4598
8474,701
8962,5479
704,2587,1028,1019
3301,1964,7053,5607
1665,946,4995
6689,2735
948,1542
4839,6046,2767
1089,4716
4780,5255
1216,1716,2757,1887
1240,1588,6309
3315,5332
2660,6167
7412,4622
1305,5772
8138,1427,5295
7272,7337,1450
3504,8422
5424,3931,3126,2327,1579
1699,3654
3842,1860,3909
3037,6903
6584,1868
3761,1998
8003,4227
8882,5989
2971,2669,2670
2761,8862
3753,7170,6915,6307
5618,4363,4116
5617,3141,2766
6144,2822,5415
3692,3294,3143
4125,3910
6587,3165
7816,5504,3174
8052,7710
3882,3190
5368,3604
5018,3667
8456,6126
6524,3374
6200,8694
3635,7006
4705,4482,7733
5571,6213,6664,4970,5438
5216,8267
8928,8833
5441,8771
5712,6389
7706,7628,5781
7899,8165
7805,6062
7354,7870
7922,7956
