7704,8251,2438
6882,1358
7128,5770,4565
7344,7268,5831
8618,6228,5718
5188,3077,8039
5026,3277,6142
2425,5580,7469
7201,2002,8271
0,4989,7415
7865,8948,2537
6079,8043,6695
8180,3229,3054
8360,3795,3557
1097,8532,1399
3242,5554,6262
2728,1536,7255
2941,7958,4335
3138,8099,8983
8259,5050,4003
5232,6491,4230
6267,8683,7991
1989,729,3917
7424,4017,3466
7696,1490,5244
4521,7277,5575
5369,4654,3647
1288,4218,2724
8056,5893,3493
8979,6325,2559
8973,7598,1991
6053,6958,519
8677,8382,7183
8565,6709,2510
7618,1772,6031
2689,465,6103
4368,6401,6933
5857,7827,5612
7448,5891,4748
6049,7563,5854
1346,4395,6572
6409,5245,4806
7409,4427,4581
5090,8478,7271
8667,2523,8327
8363,6549,7102
2188,1755,2436
1914,5318,895
5137,3669,6599
7682,7334,447
7578,4643,7583
3032,4425,6207
280,3728,1718
6968,8513,8722
4593,5755,5548
7633,8226,8716
6216,5713,6554
5224,1713,2804
3713,8397,430
7649,4050,5886
8520,8154,5275
5516,5773,4103
4707,5654,5519
804,7189,1223
5626,6027,5191
4264,4350,7950
424,6018,5892
8515,3468,7749
5856,2973,583
3489,7116,6677
3776,3898,2773
3801,3413,1215
5624,3059,2031
5616,8411
2461,8238
4440,2789
5280,7259
8461,8252,2820,5566
3864,7190
7790,8231
6896,8404
8685,6887
3016,8818,1461,1455
8813,5719
8,6615
6842,5419
5779,4150
5301,8822
8402,1452
6673,1811
5168,7432
1955,5533,2957,3671
5843,6548
2457,2683
1952,2316
4284,4215
6568,7433,14
3792,6278,8030
7720,1937,1271
5693,3925,4741
8084,5068,7495
7403,6813,7455
3120,5729,2164
3816,779,7406
7681,2699,8934
5664,2212,5597
5593,6124,8205
5292,7493,5447
595,1101,1227
7553,5793,6326
6113,3521,6148
6003,540,4613
6290,5884,6567
5065,4282,1797
4760,8328,2502
4627,6708,7781
1970,6759
3593,2364,7079
6646,6638,22
2472,2090,8470
7338,7083,7286
4602,4892,1286
1338,8403,1740
2178,2868,2783
5096,292,1757,8127
2328,30,1823
1186,1827,1246
1781,1694,5095
1248,3420,2567
1250,387,8902,5366,1786
8032,4078,295
4900,37,366
1017,2293,734
1824,34,1693
5155,2765,2814
3337,8549,6837
42,3642,4630
7616,3459,6727
5744,8832,7999
7521,5915,4927
5080,3433
2409,1898,8334
3955,2845,6039
6152,6970,8931
3675,6916,7470
4324,1501,1302
5753,7354,7575
8383,3654,3335
3280,4249,6470
8457,7691,1575
5437,1699,4037
5336,6050,7966
2873,4788,7486
8720,5212,1701
8002,5236,5742
5405,6307,4469
7353,619,7870
2162,7558,3734
8321,51,5284
2769,7922,7685
8204,7956,4406
6657,426,8655
7952,7941,63
3753,7555,8831
2129,6915,4125
5256,6587,3165
5618,4116,2766
5617,5970,3910
7170,7132,3141
8709,4046,8214
4713,1610,998
6225,8849,8779
6944,2929,6833
8227,7205,7566
6712,4181,2173
8280,1160,4877
5936,7218,5158
8424,4329,2229
8449,8149,7398
5163,8891,5557
2127,7446,6823
7867,8348,8094
2128,8026,8556
5009,6305,6899
3890,4138,7743
8825,2934,3358
8809,3780,8895
4618,8987,4199
6560,6365,3711
6035,7476,8575
8688,3644,7349
818,1635,7772
4233,8236,8189
7304,5698,8152
7960,7297,5513
3778,7074,1662
3464,6514,4327
7364,7101,5975
3312,8239,1439
5013,8174,1709
4946,6133,1558
7657,2045,5655
7528,7161,4543
1961,4457,4437
4817,4667,3477
1977,6178,1476
8705,5918,4911
8912,4529,5943
5632,6226,1348
5505,1531,1469
8568,7411,7799
2561,1339,1980
6394,6244,8447
7051,6739,8004
3666,7078,4871
7464,7690,2927
8464,6901,4958
4680,6928,3883
1353,4522,6870
5152,7937,3501
3425,5324,8161
8789,918,8647
6640,6146,6835
58,3731,1516
4112,7024,7829
6468,7917,7838
7754,2635,4724
3688,6220,4133
3976,7587,5116
7532,6097,7604
8297,1787,1836
3656,2024,133
7928,6346,3365
7450,6738,4726
3224,5709,6878
5209,7333,5630
2771,6701,7902
5289,6717,8309
2745,3285,3942
3292,1742,5495
5372,5412,2039
2194,5899,1741
3001,7363
7841,3225
4889,8123
5432,6497
3384,6051
7544,8617
1569,68
8066,6922
5552,7848
6730,6606
2860,7293
5052,8053
7726,3503
2125,7518,8109
74,4932
6777,7330
81,4367
3698,3987,4703
1625,2754,3838
5139,5931,2477
1832,2996,4767
3977,1778,1495
98,1724,94
5129,251,1277
6871,2602,3127
2962,2053,694
5363,4451,2654
4737,6898,2644
1435,3227,2917
477,1142,863
3721,217,5878
4379,2421,2221
2067,1747,4942
4945,2793,4869
4843,3005,4974
6192,4394,1543
1681,869,1767
2065,262,951
4026,4955,1852
858,4925,8047
2914,7447
7194,3382,2471
4024,3290,3700
2885,4453,2647
2338,2603,2687
4595,2372,853
1155,740,2679
4204,6501,1438
706,2995,3788
97,3933,3719
7592,3010,3108
99,7918,1042,499,6334
8310,3510,2518
3305,3827,7677
3480,1865,5829
2525,8324,8692
689,8130,1411
6176,5263,6895
2571,6741,2710
7809,150,7527
6858,2278,1727
8544,1365,5064
2512,2377,8392
2226,117,8526
6198,1381,8126
1831,1374,1687
953,954,1686
2629,2462,495
4853,2630,5423
2137,123,3846
128,2882,4036,7629,2495
8096,5500,5166
3888,8011,4837
4867,1331,7703
7651,135,6157,6873,5817
3257,5898,5334
7961,5849,4868
5696,2161,1225
8794,5756,2573
8784,1596,1589
7668,7846
7549,7894
6340,6215
3592,3498
6953,5220
8345,7796
8736,140
4841,5242
5877,4815
3820,7550
8050,7978
2296,5253
5913,7172,8933
7783,2012,7031
5265,8905,8303
8904,7786,1147
5195,3637,715
9000,144,6479
4524,3950,8996
1909,6374,6942
2378,8700
1467,7758
7064,156
2286,7732,5111,5530,6141
6982,8370,5022
8706,4163,4117
4632,6020,902
4616,8033,8915
6456,6458,5924
6575,8719,3639
3832,3825,5706
4192,6665,1117
160,7523,8141
6681,5683
6674,165
4657,8580
8003,4227
8882,2023
3761,1998
6128,1361,8037,3288
169,1882,4346
962,7662,1391
5449,8203
7232,8054
3068,8829,8830
6313,5356,8222
7032,4658,4091
8592,4172,5046
1434,8290,7055
4359,7717,7895
7752,8001,3123
6381,4373,3406
3329,7011,8341
8977,3421,7709
7257,3474,7322
2265,2454,8367
3162,2342,5639
380,1774,8167
6570,5051,2612
7688,6308,7239
8448,3450,2482
4483,1173,175
2169,635,8710
4913,2331,8653
2016,6387,3004
864,7508,7535
6907,5765,7839
3684,6137,6196
8576,8444,8133
2105,2467,5420
3836,438,7423
640,4515,2240
5853,643,3461
6194,3523,6605
7341,181,195,7439
2580,3973,3270
7292,8542,4287
8836,6621,4111
6976,3812,2909
8466,4014,8022
7642,8658,6994
7154,1554,3367
6831,7881,8247
3160,3609,5887
2465,7258,3597
7241,6466,8230
8929,5994,7062
184,5785,4639
1984,6459,5510
515,7757,1805
2953,5754,7759
1118,5002,6854
8224,7452,2711
5328,8834,6661
7081,5907,8551
7993,5459,5582
8500,3934,3751
1682,190,4071
6498,8803
3196,199
7858,8343
3578,2132,206,6319
1317,5074,2418,7546,6876
2248,2669,4935
265,5310,2735
978,218,2205
392,1677,1240
355,3283,5367
1545,828,1377
862,1918,2087
241,502,510
1834,2459,1829
2920,2841,4318
1235,2645,927
2104,3237,6726
1959,1958,3102
4890,1565,743
212,2069,2751
3608,834,2219
3928,2842,3402
3186,2812,2582
3207,4523,1679
1380,3182,5007
2778,2116,852
4210,859,475
2923,3452,2823
8000,4356,3142
738,379,1503
6691,5269,1030,5271
408,8714,7965
1936,4216,214
3105,2738,3185
7745,8129,8067,8527,5238
565,3878,8783
1403,8283,3694
6931,6181,2158
8071,2233,7215
5502,222,1750
4740,5164,7069
4320,1586,6134
1850,6669,1566
3322,4060,1717,2759
1921,227,1933,1934
6721,6021,1929,1801,7659
7931,5579,231
1524,2758,1519
929,6282,932,2118
1833,2666,3022
376,2827,2237
2585,1676,1548
1576,235,2919
2225,6436,871
2107,1564,2109
5008,5481,1674
848,3565,3760
2218,2251,1052
593,2371,1025
370,3222,3383
1692,1418,612,236
3896,6641,3834
3115,1579,3126
5424,3931,2327
6184,7122,1219,237
8848,3724,4516
7784,2809,4623
4434,7002,5983
762,5954
7777,2180,2038
2972,7382,2478
7001,7906,8316
8057,2043,2437
4187,243,4277
5198,358,1863
3180,7474,3748
1888,3705,471
4648,7377,7923
6211,5091
8169,8462
6625,4391
4578,244
1917,8061
1525,4973
247,3175
2307,4503
7362,3716,6416,7480,254
5921,6396,2373
5761,2946,1657
4873,258,4396,6431
5426,748
1616,4861
7840,6251,1447
8234,7782,5894
8909,8690,6533
8305,1821,3519
8153,3395,7609
3673,6649,2474
2980,6022,6399
5640,874,6635
7891,7428,3269
6040,4976,8519
2922,2044,1237
4572,8477,4087
5376,2210,2750
2520,267,846
6890,3187,4188
3577,3803,3791
4321,2570,2084
1568,844,3007
1140,2921,5812
841,466,3238
3662,1373,3454
4393,4531,4086
6341,6450,8765
8941,8943
899,685,5950
1320,7380,5996
6786,3299,8758
512,1994,3663
4605,4539,5573
7240,491,4229
4049,2782,4006
4208,507,1965
273,4996,271
5089,4076,4606
2780,788,503
737,2123,2108
5586,490,4339
3261,7766
274,6836
6081,6252
5562,3542
8148,4302
7667,8703
3625,2588
2499,2269
2554,2626
4826,958
4588,284,5125
6384,2041,3785
3856,300,872
5208,2553,3072
5402,3284,5207
873,2042,303
4044,7191
1050,2140
6961,4812,1957
4777,4661,6757
3539,1691,6310
1825,4827,2557
736,1022,695
1466,1274,5845
5088,3025,2844
845,469,2742
289,2106,2918
7515,3397,2255
1721,836,1919
473,955,3783
2825,644,1278
7962,2828,3533
3282,6221,6639
6281,3348,7982
1105,4213,3927
2905,7595,294
1784,3531,4550
8024,6545,5239
5864,1281,8764
7283,5100,8413
4570,2659,3253
297,1581,1262
4322,4998,2671
857,3739,1015
3090,3355,3566
2490,4077,9015
6160,881,4684
7577,3075,443
441,1689,305
2672,3516,712
7626,7946
308,5141
6338,6067
7325,4599
5603,4647
1968,4059
6885,4742,4143,5967,8767
2434,8701,5535
3064,8595,5764
6768,8873,8379
7554,5677,311
8051,1973
2992,314
7818,6711
5425,4135
320,3641,5364,1830
3411,4694,935
987,325,8847
7488,3884
6161,4157
6733,6909
4656,8715
4304,3876
7882,7150
8897,7660
1078,6390
7033,8042
3371,2493
7573,3702
6834,4331
7634,1535
3441,7663
8419,3140
3665,7689
5938,7765
4352,6426
344,5482
5768,2978,8212,8117
4153,2083
360,2539
8872,5932,6542
7052,2693,8381
363,6109,2062
472,1356,2503
3456,2203,4534
7417,365,5087
2088,368,367
2864,7006
7675,8188
2617,2262
6465,7100
5217,6750
4225,1629
1571,5308
6906,1167
1770,2834
3099,2469
3964,5117
6551,1655
7876,7996
7736,2019
5653,5767
8121,2670
8965,5223
937,3553
948,549
3131,981
4545,4814
1588,6005
6224,7989
938,1671
8106,2011
2971,2756
7539,3183
977,6309
6689,1542
7203,2236
1584,1587
3861,3023
3106,3455
372,8471
3607,8663
4891,3158
4402,5234
6235,1932
4906,2235
5081,4706
4040,850
1296,2238
956,1108
5703,6391
1504,6084
4449,445
4514,1853
1614,1847
2385,2354
3266,7599,4720,817,2715
697,6389,5847
1067,646,3199
860,3021,374
3184,3204,5780
4978,1436,814
5827,5382,8555,6446,4698
5561,7930,7477
5120,3460,5823
8713,382,6766
2940,2292,7853
4579,7270,5030,6447,5694
5057,6516,6461
3984,8651,838
395,1885,397
7360,7740
6859,4542
8761,1623,8607
3586,4436,3430
2856,1384,6462
8530,5142,6303
398,7819,7806
5546,2578,6692
1592,6929,6764
7233,7842,7348
6121,6769,1068
3772,4108,3629
832,1840,6392
1595,2916,893
400,3093,5486
8368,8899,5070
8660,6323,5020
2273,6609,8754,404,1598
6299,5628,5735
7291,965,5542
3443,7859,5581
5123,4420,3051
4569,4886,1791
8291,5246,4183
4552,7822,8743
5473,412,3775
5834,7253,4246
8497,4477,7311
8824,8098,5476
5578,8197,6877
3978,6805,1134
6008,2366,3727
2313,7854,2983
7666,8357
7915,7023
434,8103
8041,6820
452,5404,4070,5708,7197
876,454
2956,4271
8850,3013
7643,3286
5613,807
7358,4062
1807,4310,7319,8190,479
5577,8550,5647
6179,7164,7565
5797,5159
1256,8945
4744,8417,2799
7644,3438,3415
5322,2355,7519
7098,7620,8134
3418,4851,3894
5354,1115,8479
5961,7236,6335
8409,721,4813
6233,7969,5403
3209,5034,5980
6841,6366,1759
8970,8707,7396
3960,8745,8559
3360,7169,1722
5361,2787,6556
3313,6263,2999
2384,4241,483
1324,509,5303
489,6675
1120,5852,2589,5148
1072,7019,7590
5730,4875,3708
1144,496,532
3472,7731,7107,4019
7872,1242,1298,1264
3552,4665,2491,3317
504,3393,645,2318
7864,5260,6774
6280,7273
513,6379
5122,5627
4990,4054
6604,7868
8733,3117,7623
3321,6130
8354,7404
2731,524
4475,1814
5532,2965
5531,2967
8128,5346,5955,6566,888
5920,529,7534
909,7030,8319
6760,8804
4510,8958
2303,535
2433,3970
3585,5622
3273,4323
5149,7390
8573,4615
6633,8907
8322,2094
8793,7443
6117,6135
1146,6926
5136,5629
8763,3564
6619,7837
7096,6500
6180,3892
8201,5642
4196,4397
5830,5398
6048,2363
1074,5151
6098,4771
8969,7499,2027,5329,543
8640,8156,8564,4517
6424,547,5740
553,7372,6279
8068,4766
8916,559
7296,1526
8704,5325
8388,7813
7904,5946
7504,1685
8554,6371
3808,3028
6980,8838
6001,3085
5186,7925
7305,3439
7058,6663
5226,959
8175,4959
8504,7908
5312,5281
8817,5037
4641,2475
5193,1511
4808,8086
4248,3889
7454,4407
6474,7093
1696,2283,6269
8139,1733,8950
569,5474,1191
1150,4357,2550
6954,6827,6583
6880,3026,6116
3736,3192,3287
8016,7468,8278
4472,8759
2288,5866
585,6028
1667,2691
4371,2061
589,4317
5971,4739
5016,4236,4653
8472,1769
4121,5507,6454
829,3782,591
7530,2811,1935
1688,842,4598
7288,8431,7924,8711
3223,4212,630,2623
5024,2247,6024,6602,5644
632,8903,8511
6139,8396,5214
7089,8107,3003
6540,8244,5671
6217,5458,8198
3744,1059,3551
4185,2508,6284
1011,7141,4943
6920,5001,4431
1329,5935,3615
5401,8649,6966
8245,1493,5974
6776,7243,3630
6240,4819,6317
6089,6515,4847
8827,4532,6687
8458,4805,3678
8257,5778,5431
3968,5450,4341
8060,8294,8967
3874,3908,5442
6345,4205,5902
5049,2058,8083
4306,4245,5986
3362,6670,5791
8826,6940,4966
7489,5733,6797
649,4189,7581
3561,6651,3681
2284,1037,653,6511
6457,8062,1967
6265,7298,6647
3651,8279,4219,668,4445
3632,5508,2222
4864,8132,8749
2664,4275
1110,8975
5011,8893
5883,9013
5435,7343
1660,4582
7192,2959
5448,990
6637,8911
675,7430
2113,3567
7897,1893
6620,4782
7123,5941
7878,5543
6102,8590
7266,7087
1357,2302
8846,5047
1697,1170
5185,3628,8254
3659,8972,6607
6848,8435,7509
2488,1233,4030
8728,8284,8335
1202,4429,2397
6550,7700,5406
7320,4770,4258
1795,5134,6631
7673,3989,7622
3479,7034,5807
8442,4795,8852
6201,3901,3081
2600,8286,4967
5648,7794,1631
8971,7187,5595
3568,3437,4919
8049,3979,1157
3993,2314,4556
8332,5917,6487
7976,5673,698
6393,5601,7021
1459,2422,6287
7088,3346,8158,5479
5202,701
8962,4909
5790,6407
8008,7050
6249,1820,3759
6659,4283,732
3122,3882,1028
704,2587,1019
8064,2048,709,5066,7771
745,2299,5583
1152,6788,8525
6080,8548,3710
7237,2052,5445
750,8974,3797,7478,350
459,2524
761,6702
6872,2761
4652,8862
6088,6948,7502
768,7836,3686
1305,5332,4589
3315,2660,6167
5772,7412,4622
8579,3470
786,3573
6464,8325
7707,3303
7314,6662
4000,4438
4561,5043
4360,3427,4223
8265,3462,1606
2794,8932,6452
3154,8155,790
795,7282,2051
4560,5121,4956
7300,8369,8339,725,8380
7949,6166,799
3793,4410,4444
5794,7947,7437
802,2702,3958
8776,8668,8342
4600,6065,6105
3252,3100,1294
810,6946,812
825,2997,1550,4382
2661,4590,7143
3944,4994,5722,7718
4504,2866,7198
3828,830,6623
942,1334
7276,7885
5313,855
2976,4722,7251
5377,2830,5375
3530,4763,868
6562,7517,2407
6032,7295,6919
5174,2089,5541,894
912,5408,7572
3448,4363
3545,1911
2680,3594,8443,6131
6274,7636,6015
6275,916,1231
5745,2451,7459
6685,7973,3135
4689,4558,8982
920,4965
7955,4285
2608,923,1900
5417,4348
8800,5147
6648,7114
8146,2485
5606,7927
4664,4949
8584,2431
1323,1325,5607
2122,2147,7887
3301,946,7053
1665,4995,1964
8355,3911,5868,1429,4381
8496,3634,1630
3129,7346,8587
3858,4811,2387
5933,5862,7471
8619,5093,8854
6802,7420,8159
4601,4354,8621
1408,2901,6864
970,7635,7059
7648,3342,6616
2968,8393,7589
8330,3771,3109
8394,7821,2615
5078,2655
8085,8454
8434,5643
8880,974
7294,7606
3810,4733
6385,4597,8569
2568,6731,980
5249,3722,3473
5984,4333
1843,8695
4650,983
2667,3755,1003,6614,1311
8384,2889,8503
7216,5553,6972
1376,7260,2223
8539,5731
7526,6526
6169,7767
5107,8773
5060,7500
1040,8865
6857,6591
4591,6183
8914,1405
5972,7686
6742,6655
2208,4499
7336,7395,637,6029
1058,5439
8650,2156
5273,4170,3909,5270
1065,3842,1860
5619,5867,7646,6735
4896,1076,5957,7815
6012,4797,7063
2744,4058,8986
1080,2449,7418
5792,3824,8487
7548,1734,4823
1370,1084,3388
5072,4466,2390
1088,3484,4388
4074,8262,5855
3768,1561,8469
7040,8364,7725,3600,7929
1089,7467,4716
5255,7619,4839
4780,6046,2767
7552,484,1126
8656,7217
5017,6930
7889,8879
4610,8423
3524,4364
3050,5262
4106,7611
7029,1143
3233,8389
1184,4141
2867,8143
7632,4084
4191,6007
7750,8263,8887
2514,1188,5102
7104,1194
3763,5381,5998
2121,1307,2694
8601,7693,5023
4392,1198,7054
3400,4480,2294
8374,6934,1199
3475,5380,7988,7607
8752,6795,1205
8210,7875,4175
4009,4473,1221
8400,7694,2071
5355,6815
8116,3574
1210,8908
5825,6286
8028,1414
6716,8726
4701,3111
7458,6724
6222,4903
3936,7802
3331,6862
8593,6100,8844,2829
1212,4895
4011,4293
3423,5415
8258,7315
1889,2822
6144,1960
8521,7065,1154,8150
5712,1798,1887
1216,1716,2757
2347,7142,2855
6800,7211
1234,5518
8877,6951
5660,6045,8439
2883,8499
5490,2740
5288,1254
5869,5229
5444,8390
8318,3239
6892,1518
2272,1422
1762,7612,4506
1266,8523,4148
4224,5784,7494
4052,8639
7890,1284
7824,5489
3144,1130,3379
8563,3939,8373
4144,5850,5788
3617,2604,1285
2708,773,7551
7579,1300,8727
4786,2748,3541
8138,8474,8501
1427,8172,5295
8232,1314,8717,4384
3860,2646,1567
4738,2227,6725
6064,1793,4338,6111
6091,1332,6845
8440,7179,5700
8217,763,2463
3947,6068,6085
5241,8883,3214
8659,1341,5775
7901,8553,5061
1368,7370,4939
4961,6074
8512,3589,4085
4818,1387
6432,2943
1443,2989,7600,1683,4980
5865,2402,7803
8768,8627,4414
6120,6443,5635
3504,8249,7272
7337,1450,8422
8896,1473,7457
7410,1463
8881,5978
7321,1481
6114,6728,4553,624,1653,5112,604
5670,8886
4852,8301
4803,7231
1640,3401
3281,1474
5522,5811
8289,2276,8070,4718,6749
5055,1484,1487
5880,1873,5230
6203,4963,7071
4983,5215,8535
1498,4403
5720,5457,1514,753
7323,7307,6205
1521,3738,4165,3193
6624,7728,7451
2517,4343
6952,8077
5840,1529
6577,7378,1538,6298
8802,8806,4198,3212,7475
8163,7331,2775
7084,3821,5766
2696,6403,5911
3923,6477,7967
2833,7357,3991
4992,5434,6291
6672,6174,5352
7753,2706,8372
8120,7147,4255
6208,7020,5358
6289,6471,7263
7384,1562,9005
6756,7301,7903
8633,7113,5183
7665,4551,8815
3248,5837
2964,7653
7209,5906
6828,6998
4957,7350
2747,1604
6594,1608,4585,3818,2606
8179,8622
6528,1946
8483,6790
6433,3339
7072,1612
7168,4039
2824,8453
1945,6772
6852,4253
5995,7671
1649,1642,3143
3226,3692,3294
5873,1643,8183
6985,7140,4173
3035,3356,7061
5609,6706,8323
2320,8770,5132
8352,3619,5527
3272,8075,3974
8906,8756,1646
4299,5453,4221
4688,4592,1664
2723,1668,5181,6398
4880,4092
6965,7111
8808,7770,8638
1705,5130,5638
5570,6821,8415
2258,1706,8356,7994
5848,556,6118,1719
4704,5804
6785,4938
6153,1730,3706
5633,4290,5477
5594,5082,6259
4137,6723,8101
7936,3218,4855
4696,1738
7713,7807
3857,8399
8672,3340,1744
8561,7028
6617,1163,8181
2351,7719
1752,7082
2120,4139
6019,6534,7916,6643,2399
7167,4525,2911
1776,7312,7221
3538,8426,940
6232,1789
3042,8191
7369,2375
2528,3507
4926,8543
1796,4710
6122,7181
3611,1806
8296,1038
1816,7210
5097,6503
2000,1818
1925,5750
7472,3695
8946,1838
5536,1849
8888,7046
6912,5365
5716,2878
4416,2241
4448,7373
8264,4474,4708
2692,1854
4860,3190
5368,7355
3219,678
6782,7862
1857,2279
4097,5498
3844,6245
7812,7773
3037,5031
6496,6903
6584,1868
4257,7479,4399
3528,8697,1869
6376,8953,3740
5484,4732
4824,7014
1874,7845
4113,8823
417,3826,5715
8494,8223
8306,6162
6544,7138
1891,8166
6292,8679
5466,5156
6913,7831
3201,8300
1923,3550
6206,3039
6129,1940,3319
6330,7397,2733
5537,4020,7462
6472,8185,1941
3369,7285
4234,6237
1944,2786
8137,8910,8631
4177,2532
2705,3325,6190
8604,1950,6295
7120,5509,4846
1972,4999
3048,8035
2007,6997,2359
2008,3145,7414
2034,6423,1326,3103
8111,4365,8885
7171,8781,6349
4952,8737,8452
6481,4478,7951
4089,8276,3814
4456,7761,2046
5330,4930,4295
5098,5964,4495
4401,5610,3897
7984,3172,2831
4104,8746,4501
8092,8741
8642,8460
2056,8045
2339,2242,3491,5429
2897,5809,6973
2074,7674,6654
8574,4067,5387,2077,7326
6936,3920,5276,7375
7130,7826,2078
7537,6363,6140
2080,6589
6168,6853
4267,4124
2082,8195
2110,4099,5710
3554,8645,5805
4418,3540,2894
8087,8898,2111
6440,5487
6710,8118
5428,8678
3112,8652
7274,2135
6362,4802
2145,5890,5549
2877,8557,5879
3264,8202
8552,4915
6682,2167
5393,5707
6187,7669,7097,8634,8927
7561,3254,5702
2177,6149,5286
8376,7849
7379,5053
2186,7510
6789,3535
6979,7371
2190,7655
7490,8207
6004,3765
7091,2196
7042,6490
2924,3245
7016,5115
4369,8997
5321,7893
4041,4685
5545,5909
5353,2199
3302,2206,6773,6302
2977,2274,8019
2216,6243,8508,5685
5588,2254,5668
3176,2252
8866,5675,7043,2298
7512,7299,2300,3215
3097,8778,2309
5287,7971,8015
2323,6508
2813,2535
2324,2326
1878,6434,6917,2334
2344,8012
8739,7869
6963,6874,6627,7013
4498,4828
2429,2350
6793,9014,5063
6467,8405,7151
8492,3853,2895
5736,7400,6558
6328,2362,3582
2762,2460,8602
8009,657,7954
7856,4081,2381
5305,6242,8708
4969,7340,4332
4968,4972,7125
7762,6715,2893
2386,6107
6070,5965,5470
3091,5350
4259,2412
2674,8810
2500,3166
8599,2583
6073,2444
1394,3718,2837,2445
4520,2505,526,7540,3069
7057,7425,6119
2530,6791
5392,2541
5592,8661
5397,2870,5815
6830,4790,6236
7073,4596,4604
7979,8451,4878,7727
3234,7779,6732
7264,3916,7134
2722,6867,7748
8338,5386,7855
6585,7529,3953
6680,2546,7133
1053,6077
2547,5820
3352,7431,8485,6983
6535,3570,5529,8570,2555
7481,7602
3520,2558
6592,8963,2563,8270,8220
1986,2906,2591
6818,4645,4167
5665,2610
4979,6372
8681,3146,5478,599
2624,4922,7195
7427,3581,3398
4537,8052,3174
5504,7816,7710
6667,2639,4497,6588,2716
4160,2642
6260,6796
7139,4326
8760,2675,8821
4115,7596
5760,2727
8777,3298
3169,5297,2803
317,8407
2816,9004
2818,3650,2102
5973,8861,3263
2858,5103
8792,3095
8856,8441
5704,3179,4134
4776,7193,2862
1506,2875,3188,8534
3057,8748,2879
6060,7975
8017,2891,8643
5799,6375
6992,8495
2932,8351
8401,5621
8292,2949
2096,5539,6941
6248,4756,2950
8674,3850,4022
7249,7939,3011
7569,3020,6359
7280,8851,2124
3041,6894,6559
5344,8750
3088,4783
3045,4678
3314,3306
3065,8438
4936,3148,8839
3153,4316
8853,5991
8725,8790
3449,3164
8922,6986,3682
3171,7386,7883
3178,5436,4637
5257,5101,7871
3202,5956,4222
6808,5221
3208,3649
7850,4273,6002,4836
3483,6324
4624,3216
5454,2631
8240,8282
8843,3247
3217,4415
4376,3689,4292,4421
4752,7542,6911
3259,8307,7525
8841,7541,7391
5680,6170,5667
6563,8429,6231
5748,7834,8796
6747,6405
7009,3338
5267,7095
8046,7039
3357,8807
6296,8302
3370,8596,4461
4693,7591
6610,5802,8598
6603,8591
6524,3374
6200,8694
8614,7496,4617,3375,8786
7776,8585,3377,4182,4383
7177,8755,4700
7738,8115,6978
6736,6771,4485
3378,8998
8842,4947
3385,8923,8820
3403,7628
7706,5781
4146,5859,5759
3419,9011
3436,4500,2184
5922,5452,3487
8993,4834,3518,6574,8606
6984,7441,3971
8769,7413,3495
6539,5524,4893
5460,7157,4079
3536,5005,622,2575
1905,9010,7485,5391
8698,7580,3509,7383
6561,993,8968,3511,6047
6650,4027,7511
4459,6860,8215
6367,3526,7127
5395,3603,5605,7080
7186,1007
4034,7367
1601,4609,4118
3992,5018,6126
8456,3667,3604
8194,3621
8243,7220
7407,5071
7712,7756
6441,7482,4082,3623
6600,3696,7734
3704,7017,5901
7536,7905,8920
3715,7303,4682,3865,6522
3308,5099,7835,791
4512,5905,7722,3756
8930,5443,6406
7376,2714,3798
6352,2619,4902,8112
7076,8076,3831
7832,8940,5493
3840,8901,3871
8976,7833,6172
1136,3843
7944,4127
3881,5114,6421
4303,8775
4023,3279
7570,7695
3626,6844
5347,7910
4508,8926
6536,8124
3886,3935
3913,7933,7206,4791
4772,2340,1513,3982,4691
3997,8959
8992,7366
4670,6634,6322,3998
8371,108
6840,6273
8347,6188
4016,5506
7492,4042,6642,2290,8884
4279,5455
8626,9006
7737,4101
5881,8242,2543
7801,4114,6283
5497,4122,2796
7408,5699
5264,4809,6311
4129,6811
8105,8629
3616,7473,6798,5959
8048,4145,4340
5688,2806
4169,7318
7608,6855
6411,4195,6093
6418,7507
6057,7162
6851,8702
4424,5135
7226,5563,6698
4243,5724
4528,4262,7047
2256,4298,8723,332
7175,3635,4307,5587,88
8753,8314,8805,4311
4312,5739,7942
7075,7597
5637,8799,7487
6744,8671
4673,8913
6445,6151
4344,8918
4488,4377,5512
4386,4428,4413
5441,8771,4905
8192,4464,6191
4705,4482,7733,6518,8311
3139,4492,6254,572
6752,7913,4548
7747,7932,8268
4563,8780
7513,5650
8088,8164
7126,5990
4636,8277
3872,7465,6258,8182,4607
4849,5725,4625
1122,8581
8956,4631
4635,2014
6817,6653
5658,7124,4663
9008,7764
5521,4986
4674,5293
3296,4676,5646,7638,8605
4669,4709
5960,7852
8489,8798
7265,4866
6017,4717
7531,8791
4729,7545
6809,5550
5928,3657,4747,7213,8572
4754,6612
5584,6923,5075
4764,1093
2688,2850
4800,7483,8541,7614
7247,8144,8637,670,4831
6344,4844
4857,1619,4982
4921,2149
4904,6905
5672,6347
6355,6990
6316,8735
4954,6839
5571,6213,6664,4970,5438
4984,7229
8213,5559
5062,7117,8855,7067,4991
8036,8772
5032,5839
576,8857,1540
6154,6765,5119
8505,8362,8871
8312,7724,7351
5128,6075,5323
5131,6780,7422
7699,6668
8267,782
5216,8833
8928,8151
8465,5282,8628
2404,4758,8255
7289,5299,8801
5339,4251,6893,8038
6520,8588,5342,8894,7983
6011,6597,4463
5385,8917,8751
6720,5989,5407
5968,1928,8365
5410,6044
7090,6850
8648,7108
6947,8287
6369,7207,4872,6767,5464
2153,6425,5468,8079
6626,6531,5480,6061,7246
5204,5678
7866,7652
2352,8486
2614,5686
5705,7434,7715
5776,8386,6276
1176,5810,7755,7026
5819,6486
8081,8762
7092,8724
5841,7419
5897,7789
5947,6165,8142,4439
5993,8874,3018,6713,8889
2704,8730,6014,2367
6034,7987,1172
8385,3548
6955,7804
6038,7223
8747,6043,5471
6163,7919
7281,7899
8165,6062
6729,7805
4898,6699,6238
6250,6629
6354,8787,6293
6356,7037,4094
7309,7935
6904,2848,6380
7769,6428
8537,7010,6437
6578,2732,8366
6676,7159
6579,8623
7739,7044,8989
4193,6636
6658,492
7992,8712
6683,8966
6704,2595
6745,1251,8510
8875,7892
3952,6761,8981,5335
8034,6803
7136,5786,6967
8432,7664,8007
7145,7388,6270
7641,8603,7269
3904,7593,1061
7328,8288,8615
7393,8547,5040,5171,8095
7497,8924,7556
7568,6483,8502
5925,8178,7672,7774,8446
6826,7793,4505
5649,8774
8104,8078
7817,6026,8340,5690,3132
5258,8636,7948,8788
7986,8516
8994,6538
7152,8437
8609,8260,8937,6351,4575
8938,8868,8468
6507,1229
8947,8476
9002,3038,8582
