6026,2733,5646,6064,2704,3093,2716,7422
993,4898,7142,3944,6577
2242,4485,7206,8051,3706
2284,4439,7480,6298,3069
1762,1830,6450,4758,2359
6243,2347,332,2543,6319
1061,6893,3865,6270,3038
1540,6184,4880,3059,5658
5282,1506,1326,1334,3193
3302,940,5493,572,5181
8778,2765,5624,5276,6367
2153,3626,2378,8012,3871
1122,8075,5873,7954,604
6375,8109,6579,7734,1176
7942,3657,3117,7026,6293
6024,5965,7832,6398,2334
942,624,1589,3319,4251
8064,5125,1865,5364,4148
4036,8807,5429,7067,4060
4505,8212,8047
3491,8439
8137,6986,2031
7556,2525
5925,4360,7849,1514,1429
4834,657,2290,6228,4472
876,4844,2806,1878,8251
6369,4872,9002,8426,1266
3264,3322,4267
1003,4861
1986,5922,7646,6793,6334
6786,5831,8489,7724,8750
5991,5770,6157,6165,6522
2002,8405,1311
5313,689
8806,7307,5392,3001,4670
4800,5731,753,8754,4569
6561,5698,8588,7351,8152
8454,4588,1653,4983,763
5650,7434,1358
4747,4335
7017,7666,8203
4299,4783
8792,4627,8085
8986,5078
7626,1635,3621
8217,8386
7776,7745,3139,6826,5549
8879,8709,8735
7781,8855
3785,4195,8982
6709,2438
8357,2983,2313,5486,400
3248,6296,8039
7932,4262
4517,7732,5204,8762,4766
3520,4257,5066,7479,888
4742,3694,4143,5238,8700
8993,5839,7197,7097,7229
417,8968,3470,8111,3511
8291,4510,6154,2196,5246
1646,8847,7988,7093,4407
2883,8739,8773,1130,3379
8674,4552,2893,6997,1053
3169,2286,987,6141,8606
5026,5619,3091,499,4696
7840,8801,1616,5426,6614
8009,5305,4198
6242,8708
7340,3245,8791
4332,5022
8979,3740,5103
7481,6882
387,8067,1994,6282,2891
4610,325,4046
685,8214
8384,7441,8234
6642,8803
8618,2858,5580,237,7447
1160,7113,8679
4352,998
8776,5188,3132
4915,4581
4292,3689,5457,4376,3259
4384,7107,8305,4754,4797
3088,1251,5436
6411,284
902,5671,7801,5913,412
5715,6428,8885
6217,6292
6225,1610,5262
7528,8556
4528,2571,8552
5380,8948
4992,6497,8802,5644,8123
3077,2667,8465,8628,7612
6640,8849,8194
6944,6708
7201,37,1097,3917,8271
6131,7220,2149
4009,3634
6085,7566,8183
8236,3775
8933,7783,6899,7607,4958
7652,5959,6667,2989,7822
8761,8790,5047
4542,8607
8224,3840,8940,2711,6713
8908,8028,7391
5825,5355
7128,8043,447
7344,5257
8048,6540,3524
7747,6798
2976,7526,7500,8431,8758
3395,1384,6251,6635,1821
5817,7762,8116
6349,6815
7865,8787,8342
1490,4925
3763,4172,7415
3229,2510
7370,6767,818,7924,6839
6982,2541,7600,4181,3574
6187,6835,4437
6745,6346
2404,5640,7596,4115,3673
2303,7379,4117,3223,8511
2929,4877,6759
404,7205
8784,7549,7846
6340,7668
4969,5473,5668
3176,4081
7771,8283,565
6931,3878
1314,7561,1643,8956,8927
6984,4656,8895
8809,5158
1320,6421,4078
8668,8716
4329,5810,8348
8916,6205
5377,547,6191,6490,7774
6426,4106,3826
344,8355
4488,3890,2127
5557,1526
7047,7400,7151,6833,8953
1040,4246,8799
5107,5637
4264,1403,1973
8798,8846
8779,5699,4230
5323,7885
8661,2173,2775
8128,5955
8609,7116,4565
3557,6262
1697,484,8238,5171,3989
5024,7084,7967
2696,5346
1660,1411,492
6176,4436
8592,8829,7895
4091,6381
6528,1946,8622
8483,8492
6305,6739,7867
5163,6823
7297,8411,3123
5773,5487
5616,1170,1229
5040,6341
7488,3884,8243,2934,4478
8385,8579,6760,5690,3548
4403,8883,5215
3947,6068
6568,3628,14,3792,5820
2288,6178,5325
4529,8875
7079,7304,1970,2364,6238
8690,748,5894
8780,7749
6895,7472,5263,3695,4221
6149,5286,5670,2889,8634
7475,3427,8303
3593,3778
7464,8280,3883
8149,1558
5740,5454,8015
6316,2631
7152,8994,7223
6538,8516
8163,6116,6474,4364,3711
7218,3365,1469
6901,5766
7138,8276,5404
3715,452
3586,6692,5768,2856,6769
6345,3299,678
1059,8198
8322,5053,5622
6633,4323
5375,8494,8423
7632,5530
7864,1738,8820
5897,8765
5482,8781,7951,7476,4245
1531,6045,6053
5288,5628
576,6765,8857,8505,7483
2664,8587,4582
3744,4275
5573,8941,5688,4539,8156
1219,8909,4597,2041,380
1536,2539,8574
4153,8117
4229,491,8943,7380,4605
5347,7510,8095
6139,8396
1264,1242,4900
3698,734
3552,3138,5458,3317,7194
5497,2474,7740
7933,7718
1184,8376,6351
1307,1387
8360,6440,8715,5387,7326
6418,6491,8667
8905,5950
8865,6979,7111,8748,7247
4006,872,1965,4177,507
2728,5381,5759
7818,6498
6531,7246,6773,1623,6904
1696,8306,3573
8166,7063
3329,3406,8367,8977,8341
6129,5356,4703
8901,8830
360,8569,6399
6385,6731
4306,3874,4183
3362,2508
8975,7669,6486,2744,8893
8932,4141,3477
3462,4223
6533,1447,7891,6040,3803
8099,3647,2471
8259,7958
8129,5244,3277
2537,4003
6111,2606,1271
2212,8030
8826,6284,7813
6651,5791
729,8596,5660
1989,222
5938,7349,2071
4828,8174
2820,2789,7910,8061,8926
6070,1368,4665,3738,254
8688,3498,5220
3272,8239
5546,8972,8254
6848,3659
5834,4497,7253,5852,2589
1592,8523,5142
4506,6303
4017,5554,2125
8683,8324
3864,7552,7655
7371,7455
7767,5502,6591
6857,6741
2906,6467,5063
5518,2895
5505,135,3976,5009,2387
3269,2570,1934,1237,8477
7433,2922,8656,2258,4124
3085,5455,1329,8626,3615
7842,8902,398,6929,2578
3530,6646,8719
8033,8915
2754,7817,6093,7696,1625
9014,4030,8959
6715,8335
3939,1126,3144,7854,5134
5996,8678,1807
504,6416
5595,1596,7013
8728,5185
6607,1202,8852,7700,3993
3474,7189,1631
5232,2689
3616,8068,4996,7268,3382
3370,7069,8527
4740,7591
5001,4163,6774
6797,4943
5249,2568,3722,3473,980
7889,2233,8677
7946,5718
6384,6396,5428
7362,1750
5632,4946,1685
8647,8575
8619,6500,22
5401,8447
5280,7490,7782,1455,1882
3273,3970,7390
8907,3892
2472,6371,4431
6940,7141
6022,6278,4087,4572,8255
6289,3923,7903
7841,4255
7360,7348,1068
7233,3629
8041,7915,5901,8920,6330
6130,1461,7790
8818,3765
6035,7772,133
1080,5352
5729,1793,6790,6887,7403
6864,3028,8189
7420,8838
8424,7545,7894
4729,4157
3242,7276,2941
2996,6695
4896,4039,7815,6735,1076
6661,7833,2454,8054,8889
8537,7010,1439
8464,8370
7096,4084,6544
6117,8143
4338,8284,4613
3925,5693
6873,3257,6732
6539,7651
1408,3780,8468
5013,5975
6456,2434,5480,6712,795
5696,5342,5334
7961,4868
8563,6550,6287
3081,5917
6560,8737,8452
4952,5936
8841,8307,6911
4752,4421
5064,6658,3480
8544,150
6393,4556,5807
2600,4770
3850,7150,7446
3312,5946
2276,5841,1972,2517,4663
6313,2342,5639
3162,8167
3872,3466,4049,1399,5369
2048,2505,7215
8195,8071
7273,7398,5655
4457,2927
4616,8555,7251,7288,5055
7305,3154,8470
2090,7286
3716,1298,3700,4024,2782
5722,5812,7806
5376,2210
6655,4429,8399
2397,6631
7752,5649,8222
5051,7011
7618,4548,6663
1598,959
1285,6874,6554,7869,6079
6672,1869,3991
7073,5434
2111,6142,8783
8032,6325
5432,4558,5023
920,4889
7277,4461,6483,1718,6683
3489,8180,7633
1225,6409
5060,6183,8240,1405,8638
4994,6637,6215
6985,1110
6776,3644,7078
8004,4871
4480,2433,2694,4392,3535
8345,7796,1493
7504,7602
4904,5281,8245
8504,6980
6446,6458,5382
4632,7477
6744,8913,4886
8197,4477
7948,6133,3054
4089,2083
0,7187,519
6858,3974
8,7377,8767
8169,7686
8898,3284,140
2132,300
3045,6710,5335
5344,8539
5667,6563,7525,7541,7542
1730,3630,8950
7882,3095
7424,899,2666,2827,4767
5090,6211,7419
6958,5406
7769,7754,7765
8987,2635
1473,6394,7457
4377,8924
3072,8565,4453
2978,5207
3196,5859,8692
1233,4878
1042,99,5957
3510,2518
8808,3493,1495
1778,4806
4473,1205,4199
6795,1221
7364,7101,6878
1836,918
5857,3214,7518
74,4932
7091,6012,5115
7016,7893
6425,5093,5862
6802,5468
2882,5155,8549,4819,6837
7536,7404,3016
7259,7190
7643,3013,1693
8850,3286
4427,6267,8087
465,8775
3443,6299,5542
5581,5735
7728,7451,4165
7872,1521
3821,7534,5911
7363,2550
5328,1914,6855
7608,8722
6433,3339,1612
7072,5867
2833,2706,3212
7544,3998
4748,8730,6356
5886,8631
4424,6057,6174
7162,7507
8856,8323,8301
6728,3356
6627,6933,4591
7513,1724
6615,8733,5575
8813,8207
965,8621,8175
7657,5037
5664,5017,6813
779,540
7688,5139,2007
8448,6308
5490,8499,8582
5229,1727
8388,3439,2559
6401,804
7448,3795,4717
4368,6031
6803,7629,1511
3688,5166
4304,8476,5477
7454,7031
4146,7598,6462
8973,6061
5312,5500,6015
4354,2495
4921,3337,2814
42,4630
6065,2675,6105
7032,4600
7471,144,7249,1683,3637
7848,6730,8066
632,2860
7994,5299,8519
8153,2164
4023,6963,7695
2344,3881
6936,7130,7058
3920,7375
8497,8098,7614
8824,5476
3449,990,4327
5448,5011
280,6844,8685
6842,8404
4593,8252,5998
5592,8601
737,2252,6638
5588,2254
868,2350,2229,1147,2429
6379,5260,1709
5226,8554
4618,3358,4959
3656,8297
128,3526,3594,7346,6905
8976,7372,1791
1134,7487
8912,3942,3303
8325,6662
5552,6699,7127
3642,8443
1452,5779,4508
8124,3935
2265,2482,4483
3450,8710
6572,5739,8572
6649,1346
3057,8244,5685
8508,8981
8704,7409,5893
4425,8154
6800,7563,3916
7264,3234
5891,4563,8983
8513,2885
553,6877,6279
4673,6805
5933,4989,8079
4811,2901
8752,8210,3475
7875,4175
6067,7407,4399
3528,4647
8092,8741,4415
8045,3247
8923,1365,7527
7809,8038
2436,7465,2188,2647,6169
4866,98,3127
5129,2602
6240,6317,4966
6089,4847
7529,7979,7748
3518,6526
4641,5043,7604
7908,5943
8827,4532,5431
8257,3678
4440,7570,8487
5114,4303
8139,8891,6390
1961,5630
8392,513,8503
3385,2278
6201,7450,2386
7904,5513
3208,8356,7916
3649,7770
7161,4713,7029
4704,5265
8232,3860,8717
6725,2646
273,7991,895
251,271
3233,3050,7611
8389,1143
5137,8435,559
1288,5318
6992,8495,7271
5931,7827
6820,7509,7023
7134,8103
5633,8515,7717
3468,7183
6896,6673,8402
8461,8231
2053,376,2585,2237,94
8568,6114,4522
1353,206
4808,1516,6574
5123,3051
6019,8774,8078,7793,6643
6322,8633,6634
6471,5183
8227,3814,5935
7243,7925
8442,7034,7622
7673,1157
4732,7014,2591
1874,5484
8736,4722,6020
4763,3639
1833,5101,7255,4637,7871
5866,1348,3666
7338,7799
4000,6162,3464
5466,7707
569,715,4817
2012,4357
7960,1481,8881
4233,6365
4654,8532,4310,4218,4062
6965,6742,7167
5130,6575
320,3252,8056,8760,3641
5648,4795,7021
7976,3437
7171,4726,6047
7786,4892
2273,3838,7583
3032,5091
6514,8772,7303
4058,5708
6432,4169,8788
7704,1991
3832,6424,8640
8564,6909
6226,1150,4543
1476,6244
7715,6599,7568,8502,4575
8804,7140,7428,4553,5112
3585,5629,7837
8201,3564
3430,8777,3952,3825,7866
5032,8036,5559
4984,7147
7089,8107,5214
3003,8903
8530,6859,8290
2723,1668
3225,8242,6283
5881,4114
7397,4741,3913,4791,5566
8434,8534,2655
6434,5643
2603,2932,6254
4636,6103
2094,7443,5398
6048,6926
7593,3378,4676
4913,8998
8649,1787,8897
7937,7333
8451,6549,7779
3953,7378
3713,7609,5470
2412,6207
7737,7473,4279
4101,9006
2145,7468,5879
2803,4182
8026,5918,4911
1977,3285
4451,1576,1548,3022,694
3441,5324,5116
6834,8042
6190,8437,8190
3219,7164
8617,8697,7331
4498,6566
5713,5363,6121
6898,5854
3568,2477,8478
5224,4737
929,217,430,6354,2425
8623,4492,5799
5654,5191
8088,3290,8277
8164,7126
6481,7051,7756
4456,7892
7720,8084,7320
7681,5068
7075,7213,1254
5928,2796
1850,6181,2158
5164,2077
6738,3971,3495
8769,3578
7042,8996,8446
7172,4070
649,5435,9013
7489,5974
7418,3371,7690
7660,7573
8842,6771,1774
4947,4373
5330,3172,3501
4438,2831
7743,4365,4495
5098,8746
8419,8213,2870,5815,6236
786,7059,6733
7635,4381
2331,6907,7535
6137,3004
512,3663,4208,503,2780
3808,7411,8309
5186,8573
8725,2363,8853
5136,1146
3097,8938,4295
8868,2309
3227,2532,7358
2644,2421
3306,3987,5516
2067,8363
7905,3704,3352,5593,6107
6761,1940,4678
3314,8706
3112,5613,1535
7672,3129
2919,5481,1676,366,853
2917,8581,4631
4643,1435
2024,6097,7587
3224,3702
6892,5869,5444
7597,8318
7240,5089,788
2123,2108
2121,7410,6098
4615,6135
5402,6612,2044
2553,874
3296,7207,6153,6507,8605
3908,4805,8294
5442,8060
8825,8330,4459
970,5902
6928,6146,5868
6028,6870
7712,7314,2475
1662,8223
4259,5612,5350
6216,2034
3459,7636,916,2680,8510
2084,3238,2921,841,2750
3721,235,4595,2107,2109
5545,2924,5062
4369,8997
7784,3724,466,7122,4188
5642,8763,6180
8793,8958
6594,1795,1608,5419,7055
5449,6387,7239
2612,3421
848,8382,871
2225,2218
8834,6749,1484,5582,7709
3425,2247,8947,4980,8759
8906,8756,7550
7978,5877
6968,5548,6871
1713,3669
7649,2339,2372,1543,4050
7408,2866,267
2980,846
1657,8636,3589
5705,5921
8282,2724,2399
8642,8843
1921,227,2759,1933,1717
2016,2169,7322
5765,1173
1078,7074,6942
4524,3950
9000,4841,8050
6161,3820
6752,2367,6295
3325,4846
6286,4701,1414
1210,8726
3760,370,3279
2251,3383
5848,6785,6118
4938,5804
2520,3755,7260
4321,844
6716,7694,4903
6724,3111
4961,4990,8159
1339,7083
4290,5594,4331
3897,5082
4344,6445,7311
8918,6151
5537,434,8899
8660,5070
5275,740,7102
1155,5878
7177,6074,6437
8585,7930
6049,5990,5135
6851,8702
2824,5736,3853,2362,2460
7495,556,1937,7217,1719
5793,2502,6128,1361,4346
5152,7323,7024
7296,5720
8130,5221,1838
8946,7124
4204,2221,1767
2371,2679
6148,1101,2190
595,6004
8192,4464,2045
8178,7117
5609,8886,5702
6706,4852
7430,7878,3567
1893,7087
4561,7838,2561
6468,7829
3904,7641,6736,7257,8444
3064,2877,7975
8557,5535
8576,8001,6570
4658,4359
4869,6501,5245
2065,262
7727,7855,5748,7834,6654
8817,5947,8086
3889,8142
858,5452,7269
4067,4150
1074,5149,6007
2867,4191
5883,1037,4383
6102,6511
4815,1467,8711
7064,156
8896,6479,1463
1443,2493
1857,1681,6782
2793,951
5792,4682,4685
3824,5156
1569,68,7293
1562,3503
2848,8104,6952,6380,8701
6920,4185,5358
6477,7357
4144,5850,8373
5788,2604
1955,5843,2965,8822,1814
7232,8035,4343
3048,4999
5993,3818,4585,5046,6172
4689,5052,8053
6606,7726
3187,3828,4504,7198,6623
1568,4516,8848
2809,4623
3108,932,6436,1832,3178
3577,6890,6972
1373,3007
3192,6269,4501
5474,6827
2512,117,5829
2377,6198
5292,6124,6326
3521,6003
3561,7581,5733
3681,4189
3519,4173,535
8770,8884
3858,8854,3342
7648,5450
8712,2804,2710
7992,8265
6113,6930,5884
4760,6567
4738,709,4520,2227,1567
2794,6452,1606
8155,790
653,526,1967,6647,830
2279,7309,7935
4094,7862
6232,1789,8526
3538,5453
6562,5972,2830
8914,4499
7592,4707,2167
5519,4103
6764,7819,4475
8354,524
8652,6717,2135
5289,5071
6344,5393,5707
8202,6682
640,8653,175
2467,7508
1234,7211,2855
8877,6951
8400,2046,7343
7266,3164
706,2973,1674
1025,2118
7653,5906,5837
7209,2964
5168,2897,7623
1811,3671
6520,7928,7983
5849,8794
7492,4042,6619,3254,3035
6597,8070,4463,8917,6808
2256,6723,4525
7081,8034
8992,7366,7662
169,1391
1381,1831,2226,5339,8126
6609,7859,7291
4420,7917
585,8094,8705
4680,3876
6328,8602,3582
2762,6558
5776,2875,974
8880,3188
5890,5827,4298,8723,8595
6472,4020,5719
8185,7462
6258,8118,8351
8182,4607
4771,4196,2623
4212,630
2968,8393,2615
3109,7589
8643,8017,1687,953,1374
4578,1564,1438
4843,3565
1120,8743,4718,7071,5823
5050,1772,4957
6828,1223
5553,2082,2223
1376,7216
6374,2407,6919
7517,7295
5121,4669,5960,6280,4893
5464,6075,3788
5128,8312
6001,4340,4145
7532,7821
3479,3857,7807
2208,7713
8512,8937,2995
8260,8327
6880,5610,2283
7984,1891
2699,7493,7406
3816,5447
2977,2206,6302
2274,8019
4027,7511,8215
6650,6860
7537,7826,6363
6140,2078
6665,5706,6616,4601,1117
5385,8874,3018,8751,6011
3026,5412,3287
6954,6583
6600,7388,8340
7145,7804
5920,529,4401
6602,5964
9011,7682,6867
3419,7334
5764,4092,670
8637,5967
7386,2338,2199
2595,7883
4930,6051,7301
6208,6403
7033,7939,3140
3011,4022
6338,4059,7325
308,4599
7858,4086,3791
199,8343
2128,7531,5550
8904,6809
8894,909,7030
3384,6291
4248,8441,5195
5193,6515
3120,7553,8934
6290,8205
8037,7638,3288,3321,3487
5509,1194,2705,8604,1950
8713,2940,382
2292,4700
7761,6913,7831
6701,1191
8520,6017,5008
2687,863
4592,1664,1686
4688,954
8096,6355,6990
5672,6347
2177,1474,4803
5522,7231
5386,8338,2962
6680,7413
2992,2546,4709
2722,1538
6274,7459,3135
6275,1231
3400,2747,7350
1604,6998
1797,1706,4976,7289,4282
4648,6625,6626
1917,4391
6821,7853,4831
4698,8415
8049,8332,4919
2314,3979
1824,34,295,2293,1017
8873,8077,2879
6060,6885
2523,244,8462
1525,4973
2216,5148,2639,6588,8671
7913,7037,7319
6014,479
3472,7731,4693,6038,3997
5241,8535,2463
8553,5775
4258,7794,1459
8286,6487
2194,5899,2039
3731,8302
7393,8547,4967
3901,2422
2105,1434,3836
643,3461
4945,7221,5638
2914,3005
2074,2731,5809,7674,6973
2547,6077,7431
8485,6983
8268,6917,2654
5856,3977
97,8226,5258,4818,8922
5120,5122,4939,3377,4956
160,5924,1968
5603,5141
5065,1227,5597
5700,6845
6464,2449,5898
8081,5819
3592,2161,7758
5756,2573
5673,7578,8971
3617,698
4112,7274,7902
6362,4802
3682,8966,5353,6704,1630
3281,3619,5132
8352,5527
5561,2323,5287
3460,2535
7497,7321,3911
5512,5978
7104,7469,8910
7120,7986
2296,7458,6222
5242,5253
6780,2956,4316
3696,4271
6457,7298,8062
6265,7540
5049,5986,8967
3968,4341
8458,8083,3551
2058,4205
935,3411,8821,4694,3100
4936,3153,3148
5131,8839
6192,5626,4974
3010,3719
7693,7054,583
1198,2294
3776,4379,5892
6018,7318
7753,6922,2558
6953,8372
4394,1747,4955
1852,869
4104,5524,7157
5460,4079
7856,2381,7125
4968,4972
3298,6259,5678
5760,2727
4867,8011,2451
5745,6685
1640,3401,7061
2320,5811
314,7852,6711
5425,4135
6194,4515,8133
2240,3523
6008,5578,2366
3978,3727
5459,5907,3934
7452,8500
3856,873,2042
5208,303
3393,5761,645,1755,1277
8368,4521,1941
6323,5020
1705,7764,7789
9008,5570
6946,6955,1294
810,812
4824,4113,6376
7845,8823
1952,2457,4215
2683,5533
7092,8724,4071
190,8551
8394,5909,4991
4041,5321
6220,8789,1742
4133,5709
6203,4963,5230
5880,1873
7432,962,7923
8603,5301
6756,9005,8815
7665,4551
2318,4019,2740,4122,2491
1518,8390,1422
2272,3239
3898,4350,4942
6027,6677
3042,2629,8191
7369,2375
1586,6669,1566
4320,6134
424,7265,4395
3728,5755
4137,3218,8101
7936,4855
6585,7955,4285
7133,4965
3772,2916,3933
6392,1840
6789,4397,5830
2186,5151
3217,7971,1487
2056,8460
58,3771,3357
2745,3292
6536,4284,3886
2316,2461
8310,7677,7918
3305,3827
7168,8179,6772
1945,8453
3068,438,7839
5420,5853
4596,5397,6830
4604,4790
1144,5730,7019
496,3708
5941,6620,1357
7897,4782
6196,8541,5119
8362,8871
6170,8429,6231
5680,8796
3171,6629,2943
6250,4085
1498,8659,1341
7901,5061
7738,8755,6766
6978,8115
3665,7634,1909
7689,7663
6276,7606,7294
3810,4733
5423,4853,495
2630,2462
4875,532,7590
1072,8289
2773,8397,855
7950,1215
7123,675,8319
2113,5543
6768,8379,311
7554,5677
8440,6091,1332
8328,7179
7192,2302,2959
8590,8911
6966,5778,6670
1011,6687
5744,6727,7999
7616,8832
1052,477,1142
593,3222
4602,8403,1286
2178,1338
3801,454,807
4026,3413
2946,6423,3103
6624,2373
8144,1776,6534
7312,2911
3888,4837,7703
1331,7973
4192,7523,6032
8141,5111
8496,8449,2868
1980,1740
8120,7384,7263
4667,7020
2051,6508,4560,7282,2813
4312,1595,4108
832,893
5577,8550,5647
6179,7565
4393,1140,3454
4531,3662
635,3684,6605
864,7423
2488,5601,1786
1250,5366
5209,7755,2783
8161,2771
5840,1529,1682
7993,3751
5531,6548,2957
5532,2967
4138,5372,1741
4724,5495
3736,8016,8278
5297,1733
4339,4076,4606
5586,490
4954,5627,7868
6604,4054
1154,3266,4772,881,8753
6160,7546,459,791
6681,2122,4534,8366
2184,8127,123,5407
2864,2340,7175,3175
4129,195,2732,1757
350,8663
3964,8188
6578,7203,292,7675
3936,5117,2829,8381
4236,1038,2102,2326
4224,7281,4170,6542
7736,2617,2708,773
5521,5583,3346,7599
1065,6862
4720,5802
8593,3331
8844,6100
612,1418,6852,8598
7521,7803
1571,1167
8872,6610,1667,3834
3992,1601,4474,8264
4011,2691,3909,7439
7065,2147,1323,1317
6788,7572
4225,5471
5217,2834
1629,1655
6224,1770,5443,3423
4386,181
5932,7341
3146,6636,2469,599
2693,6750
7376,7006
5308,6948
4905,6894
6311,4935
5264,8629
4922,7835,3308,3215
1212,4500
4708,3436
2624,3041
5915,6043
4706,7887
3553,6906
4293,7502
4809,5223
2845,8374
4234,4927
6249,1854
7050,6407
4691,7876
6876,1798
5587,6005
8965,5310
5074,8866,6163,7996
441,978,2670,5767
6084,247
2011,6811
5096,3759
8008,1692
392,218,2418,937
1898,549
6245,1199
3122,4118
6659,5653
8472,3283,4653,1677
8121,5970
3433,7919
2307,1671
355,4503
7100,6551
5408,2262
6970,8771
4097,7494
6088,7699
4786,6668
2328,2019,1820,3982
3456,7539,2756,8591
6916,8471
3600,7040
8720,8321,8106,8364
1377,6676,7989,7159
6152,1545,4814,1918
7195,7551,8727,4311
3675,165
5683,2300
4193,5753
8580,6470
1302,7575
8747,3654
3403,6702
6872,761
3075,3516
1689,305
2248,5571,502,3335
3896,1834,3607,3183
3131,4253
8805,6039
5016,5507,7044,828
768,2748,1300,8151
3928,862,236,510
7088,5865,3541,5295
1584,977,6518,1575
3099,3861
817,1829
3280,3581
7691,5478
1769,3186
1235,443
1699,7870
4249,5437
2402,6603,4037,8974
1152,2299,4052,8639
2645,1565
1587,2236
8172,8158
5202,4909
1588,6309,3102,1959
2069,743
4890,4523
3115,2203
6641,3126
2971,212,2669,4318
5675,7043,5293,2205
372,3199
697,1067
3369,7132
4482,8383
6120,8768
8457,4414
3842,1860,646,3207
3106,4307
2842,2238
2841,852,2116,2751
7577,4684
2672,712
2778,3846
4210,4324
1501,4406
8928,7470
8833,7579
5216,8267
1248,1186,3023,1823
4402,5234
2235,3158
5441,8334
5784,7725
8292,4428,5621,860
6454,3398
3650,981
1694,30
1781,2567
1380,5007
3182,1679
7486,3686
2873,7966
88,6235,1108,3142
2692,3190
7355,4860
7802,1932
5712,8521
3955,7412
5332,4589
4121,365
732,5087
2104,2459,475,927
7929,7467
7619,4780
3455,2327
265,859
2409,5905
3756,6934
8000,2735
4891,2923
938,3798
6674,5367
8930,956,850,6391
2587,3882,7899,5790
4371,4317
5971,2061
3184,5780,3204,3021
2761,7628
7706,5781
8138,8501
8474,701
5336,7733
4705,8311
4906,5703
1296,5081
2920,241,3237,1958
6584,4545
7812,5031
426,1701
5284,8655
4986,4674
5498,6559
8105,4514
1853,445
3608,834,2219,2087
1513,3402
3452,4356
4283,8165
6729,6062
5635,782
5080,2162
3844,4413
2786,3315
6046,7671
1089,4839
8296,1911
3448,8003
2354,7315
1960,4449
363,7052,2062,1356
8525,3710
6080,5445
8314,8931
6200,745
7530,829,3782,591
2818,6443,4788,1935
5424,1579,4739,589
5212,5742
8002,4716
6657,2767
51,5405
3635,2812
738,2582
5273,2714,2715,5847
1649,3931,7836,3734
4995,1964,3301,5607
6307,619,7685,4469
7956,7285
7512,7558
5256,2129,4512,63
1816,5995
7210,3692
1504,379,2757,6726
1240,1028
704,1019
6050,3374
6524,8694
1665,946,1325,7053
1688,8989,7739,5973
8681,7427
4537,7710
2088,7417,368,367
2811,2324
842,4598
7272,8249,5236,750
1305,6167
2660,4622
7816,5772
3753,5255
5099,7941
7722,3165
7824,5489
7890,1284
6237,7478
1944,7773
472,6406
6109,2503
3604,7805
4609,6126
6664,4970,6213,5438
2298,8052
5504,3174
8548,7237,2052,6389
7555,8831
7170,7299
6720,2023
8882,4227
6465,8150,5270,2949
948,2823
6689,1542
2137,4363
6915,4116
1436,814
4978,374
7952,8861
6587,3263
2769,1450
7337,2766
4040,8862
2524,4652
7353,3797
7354,8422
8258,5415
6144,1889
6496,6903
1868,3037
8627,2822
5618,4895
4657,1998
3761,5989
1642,3226,3294,3143
5368,8456
5018,3667
3504,5479
8962,1427
3545,8204
912,5617
1216,8401,1716,1887
1614,1503
2385,1847
1246,5095
1827,3420
7922,4125
3141,3910
7569,1734,6967
4776,5710,4222
2096,4044,5174,6592
4434,5303
7002,3179
1900,1394,2619,3340
8112,8810,4396,5269
4134,8438
8024,762
6545,2180
4160,5005
7777,3570,7962,8300
1256,108,2478,6431
3282,8316
5864,8615
5529,3261
6836,7766
1163,7437,622,7395
2352,4382
1136,3145
7906,8599
5704,4873
3202,2972
5075,6221
6961,1093
8945,6081
3973,2390
1928,5097
5954,1324
3533,3550
4851,5797
1281,2799
4812,7519,4167,5271
7750,3438
2528,8714
7280,6503
7283,7659
4744,6260,2997,5159
3065,7620
5794,7850
725,5030
8220,7143
1801,7931,5057,5694
3536,8057,7001,6535
3984,3253
2850,2878
7667,3542
6252,8703
8417,8764
4777,2140
5072,7499,4302,2027
8614,6556,1957,2702
7969,1619,3348,5541
6796,3831
6352,5725
1825,721,2500,1581
2355,6405
6675,2614
2089,4187,2588,4277
7080,6617,8786,8181
7496,4645
8969,3415
1115,8371
7009,3894
2610,8963,2580,637
8800,8707
7090,8380
8369,4410,7300,2575
6698,5563
7226,8076
6850,8542
5984,7154
8409,7719
3160,2563
4273,3812
6976,7098
7328,3625,4579,2043
6122,4823
3609,2445
3960,6721,4813,695
8288,3166
2674,6747
8745,4014
3338,7396
3209,5354,1022,297
6691,3507
7947,7965
6841,7139
2642,8413
5365,2671
8888,7982
6310,8479
5034,1691
7193,6994,8022,4287
6034,1759
5584,7425
1905,9010,5391,7383
274,2269
2626,8148
1554,3375
7881,4661
6831,3539,3270,3367
3216,8466
8658,7292
6233,509
489,6359
8486,8247
3484,5855
6923,8134
7169,2659
5198,243,2038,5983
4326,2583
736,5845
4416,3020,4333,8695
6073,6366
3025,2444
8570,2555,2437,7382
4827,7191,1030,6447
8543,8559
5322,6335
4388,5887
7642,6324
2120,8270
4570,6639
4982,3927
6441,294
3611,3597
3843,1806
825,4590,2661,1550
1929,6853
6168,3958
6002,7108
7944,7258
1466,6516,397,7270
8230,7414
923,5750
5686,8046
1088,5267
5994,6621
8929,7062
4625,6653,5102,8887
184,6029
3483,2156
4348,8645
3623,4111
6248,6818
5665,7114
6912,4635
6817,1849
1058,5395
5605,7367
2465,5510
1984,6459
3360,2124,4998,5239
8339,1885,214,6461
5562,5956
7236,6021
3105,4764
408,3185
4617,4466
6648,5147
289,4322,2106,3039
4082,2742
1105,857
7241,6854
6840,7757
5361,1919
1050,836
3793,838
395,8651
7181,894
1274,1262
4016,4639
6273,5002
6777,7644
5403,7515
6757,3783
8970,2255
8365,7759
1805,2862
5088,3201,2608,515
5100,845
1722,1015
5961,4127
3418,8851
4099,4213
3554,5805
3748,3180,358,1863
2825,2787
955,469
4664,5968
4979,6372
2499,958
4826,2554
7474,7580
1888,3705
6119,1007
7057,8263
7595,3531
2905,2828
1721,5716
3566,1278
1784,6466,4836,2351
4074,6206
5417,1923
81,2918
7330,4367
8648,6044
5410,6947
8561,2241
8672,7373
2008,8146
2485,7927
3355,4243
3739,5724
8698,7485,3509,471
1744,5536
7028,7046
1843,4756
5539,2950
7136,5786,8836,5980
6589,2014
2080,5579
1936,802
4216,2738
2490,258,2844,3397
473,9015
3090,4077
2688,3540
4857,4550
4849,2999
7076,4710
7548,3388
2000,6281
2894,7482,4418,2110
7082,5439
7336,1818
3603,6791
2530,2909
3768,8469
1561,8262
7987,1172,2557,4902
6941,1118
2953,1925
5754,8347
5506,6188
1796,4926
2514,1188
5785,7186
4034,8650
4448,8007
7664,8432
7949,799
4444,6166
4624,5329
4139,543
8287,7095
1752,7039
8584,5606
4949,2431
3718,983
4650,2837
4241,644
3313,6263
231,1524,2758,1519
483,1084
2384,1370
4445,317,8279
3651,5508,4219
4864,3632,8749
2816,2222,8407
668,8132,9004
