5026,5831,5770,6228,8251
2002,5718,4335
6882,6709,2438
8618,8948,3077
2425,7469,8271
0,7201,3647
1097,4989,7991
7344,3277,7128
8667,7268,5191
3138,7749,7415
1346,519,447
8043,3917,6079
1288,7865,8327
8683,4565,8039
1536,3557,4581
8360,2510,7255
3242,4427,8532
2728,2537,5188
5575,8382,8983
8180,3229,6053
8259,8099,7958
6491,1399,1991
2689,4017,729
4264,280,5232
4521,5244,5369
8226,6142,7183
8677,3795,8973
4218,6933,6958
7704,6325,2559
7696,3466,1989
8520,7682,6549
5050,2941,6695
8515,8565,1358
3489,5893,7598
6401,7827,3493
8513,2724,4654
8056,4425,7409
7424,4593,1718
7633,8716,1772
5580,4806,6207
7448,5554,4748
6968,5857,5755
5090,5891,7563
4368,8979,6031
1490,8363,2523
4003,804,7189
465,6267,7102
5713,6554,8478
6409,7116,5245
2436,1755,2188
1713,5275,5548
1914,1223,895
6216,5612,7271
5137,5318,4230
5516,3468,5773
3728,6572,6599
8722,7277,5654
2804,3669,7583
6018,5892,6262
6049,5854,6103
8154,4395,3054
5224,8397,5886
3032,7578,4643
7649,4050,3713
4707,4103,5519
7618,2973,7950
5856,5626,583
430,6677,7334
3776,3898,424
6027,4350,1215
2773,3801,3413
5624,3059,2031
7259,8238
4440,5616
5280,8411,2820,2789
3864,8252,8685,1455
6896,6887
8818,8404
3016,8461
8813,5719
1461,4150
5419,6615
8,1452
5779,5301
8402,5566
8822,8231
1952,7432,1811,1955
5168,6842
2957,3671
5533,7790
6673,2683
7190,4215
2457,5843
6548,2461
4284,2316
6568,7433,14
3792,1937,6278
7455,8030,1271
3925,4741,7495
7720,5693,6813
7681,5068,7493
5729,7403,6124
5664,2164,2212
3120,8084,6326
3816,2699,5292
5793,779,5593
540,4613,2502
7553,8205,8934
6003,6148,5447
4760,3521,5884
4282,595,1101
6113,6290,1227
5065,5597,7406
8328,1797,6567
4627,6708,7781
6646,6759
3593,1970,7079
2090,6638,22
2472,7286,8470
7338,4602,7083
8403,4892,1286
1338,1740,2364
2178,2868,2783
1186,292,1757,8127
2328,5096,30
1827,1246,1823
1781,1694,5095
1248,3420,2567
387,8902,4078,366,1786
1250,37,5366
8032,4900,734
1824,1017,2293
34,1693,295
3642,5155,2765
3337,8549,6837
2814,42,4630
7616,3459,6727
5744,8832,7999
7521,6970,5915
2845,4927
3955,8931,6916
2409,4324,1501
7470,3675,3654
1898,1699,3335
6039,5753,8383
6152,7575,1575
2873,7870,7966
3433,4249,8457
7353,7354,4788
5212,1701,7486
3280,7691,8334
8720,5742,8655
2769,5405,7685
8002,5236,1302
7952,7941,5336
51,7956,7558
8321,6050,5437
7922,6307,5284
5080,2162,4469
2129,619,4037
8204,3734,63
7555,6470,8831
5256,5970,7132
6587,3165,3910
3753,426,6657
7170,6915,4125
5618,4116,4406
5617,3141,2766
5698,1635,8709
4713,4046,8214
1160,1610,998
6225,8779,8556
6944,6833,4877
8987,4181,7566
6712,8849,8280
2929,6899,7205
8809,2173,7743
5936,4329,8348
7297,3780,8895
6305,6133,2229
4529,8149,8647
8449,8891,2127
6346,8227,4958
2128,8026,6035
3890,4437,5557
8825,8575,6823
7304,2934,3358
7464,4618,4199
8688,7024,1558
6835,3365,1469
7349,7398,8174
5505,3778,5158
8189,6514,2045
5152,6178,1709
8568,3883,7867
7657,4946,5630
5918,8094,4911
8152,818,7446
3464,8464,3477
5513,5009,5163
3688,7101,1662
1353,1977,7476
7960,7364,8239
4233,6365,5975
7161,7772,4327
4817,1339,4726
5632,6226,8309
8912,4667,7604
1961,7218,6901
3312,1980,8236
3644,1836,3711
7528,4457,1476
7690,7051,5013
3656,5116,133
6560,7074,4543
7411,5412,1348
7450,6244,8447
6640,1531,3976
8424,2561,6394
2024,7587,7078
6738,3731,5943
6739,8004,7838
7532,7917,2039
6701,1516,3501
7937,2927,5655
6928,4522,1787
3425,58,6468
5289,6717,7902
5209,7333,1439
4680,4133,6870
7754,2635,4724
4138,5372,5495
4112,2745,7829
7928,3292,5324
8161,2771,1742
5899,6220,7799
3224,8297,6146
8705,2194,3285
3666,3942,4871
6878,8789,918
6097,5709,1741
3001,8123
8617,6497
3225,8066
7848,7841
5552,6730
7544,5432
6051,7363
4889,6922
3384,3503
7293,6606
1569,2860
68,8053
5052,7726
2125,7518,8109
74,4932
81,7330
6777,4367
1625,3838,4703
2754,5139,2477
1778,2996,4767
251,1724,1495
1832,1277,3127
3977,3698,6871
2602,2053,94
2962,4451,694
4737,6898,5363
5931,2654,863
3721,2644,217
4379,3987,2421
2067,3227,1767
1435,2917,2221
2793,1747,477
2065,262,951
1681,1142,1543
1852,5878,4974
4955,869,4942
4945,4843,4869
4026,4394,3005
6192,5129,98
858,4925,8047
7447,2471
3290,3382,2647
2885,4453,2687
2338,2603,2914
4595,2372,853
3700,740,2679
4204,6501,1438
4024,706,7194
7592,1155,3108
97,2995,3719
3010,3788,3933
99,1042,499,3510,6334
8310,2518,7918
3305,3827,7677
3480,689,1865
8324,8692,2525
2571,8130,1411
6176,5263,6895
6741,2710,7527
7809,150,1727
5064,6858,2278
8544,2377,1365
2512,5829,8392
2226,117,8526
6198,1381,8126
1374,1686,1831
953,2629,1687
954,2462,495
4853,2630,5423
2137,123,3846
4036,5500,7629
8096,5166
128,2882,2495
3888,8011,4837
4867,1331,7703
135,6157,5817,6873,5756
3257,5898,7651
7961,4868,5334
5696,1225,5849
2161,8794,2573
1596,1589,4815
8784,7846
7668,7549
6340,7894
5220,6215
3498,7796
8736,8345
4841,140
5242,3820
5877,7550
6953,7978
2296,3592
8050,5253
5913,8933,7783
2012,3950,7031
5265,8905,8303
8904,7786,1147
5195,3637,715
144,7172,6479
9000,4524,8996
1909,6374,6942
7064,8700
2378,156
1467,7758
4163,2286,7732,5530,6141
8370,8706,5022
4632,4117,902
4616,8033,8915
5924,8719,6575
6020,6982,3639
160,3825,5706
3832,6456,6458
4192,6665,8141
7523,1117,5111
6681,4657
5683,165
6674,8580
8003,2023
8882,4227
3761,1998
3288,1361,1882,8037
6128,169,4346
962,7662,1391
8203,8829
7232,4172
4658,4091,3068
8830,5356,8054
8592,7032,7055
5449,7717,5046
7752,3123,7895
8001,6381,4373
7257,3474,8977
8290,7011,8341
2265,8367,8167
1774,6313,8222
2482,380,2454
8448,2169,7688
3162,3450,8710
7322,7709,175
6570,1173,3406
4483,6308,4359
2612,3421,5639
4913,635,8653
2331,3004,6387
2016,5051,7239
6907,7508,5765
864,3329,7535
6137,8444,6196
3684,8133,2342
640,2467,8576
2105,643,7423
1434,3836,3461
2240,3523,4515
6194,5420,7839
5853,6605,438
7341,181,195,7439
7154,2580,3973
8836,8542,4111
3160,3609,4287
6976,2909,4014
4639,3367,8247
7642,1554,6831
7258,7757,3270
7241,7881,8466
8929,6854,8022
7062,3812,8230
8658,7292,5887
5002,6621,5754
184,6466,5994
5785,6994,3597
1984,515,5510
2465,6459,1805
2953,1118,7759
8224,5907,2711
5328,7081,8834
7452,5582,8551
7993,8500,3934
5459,6661,3751
1682,190,4071
8803,199
6498,3196
7858,8343
3578,2132,206,6319
1317,5074,2418,7546,6876
2248,5310,4935
265,2669,2735
355,3283,5367
392,1677,1240
1545,218,1377
828,1918,5007
1829,4318,510
1565,1834,2645
3186,1235,6726
4523,2069,743
3928,4890,212
3402,2582,927
3207,1679,2751
1380,2116,2812
475,852,3142
3237,3102,1959
2920,241,2459
2219,502,2087
2778,2842,4210
978,2923,2205
3608,2841,1958
859,3182,2823
2104,834,862
8000,4356,3452
738,379,1503
6691,5269,1030,5271
408,8714,7965
1936,4216,214
3105,2738,3185
7745,8067,3694,8527,1566
8129,8283,5238
3878,1403,5502
8071,7215,8783
2233,6931,565
2158,6181,222
4740,7069,1750
1586,5164,6669
4320,1850,6134
4060,1717
3322,1933
1921,227,1934,2759
6721,6021,1801,7659,7931
1929,5579,1524
231,2758,1519
1833,6282,929,932
2666,2827,3022
376,2585,2237
1576,1676,1548
5481,235,2919
848,2225,871
2107,2371,1564
2218,6436,2109
1025,1674,2118
3760,3565,5008
593,2251,1052
370,3222,3383
612,3834,1692,1418
3896,6641,3115
1579,236,3126
5424,3931,2327
6184,7122,1219,237
8848,3724,4516
7784,2809,4623
7777,4434,7002
762,5954
2180,2972,2478
2043,8316,2038
7001,8057,7906
243,2437,7382
4187,4277,1863
5198,358,5983
3180,7474,3748
1888,3705,471
4648,7923,4391
5091,8462
6211,8061
6625,8169
7377,4578
244,1917
1525,4973
3175,247
2307,4503
3716,6416,7480,6396,254
5921,7362,2373
5761,2946,1657
4873,258,4396,6431
5426,8909
8234,7782
1616,8305,4861
3395,6251,6635
8153,7609,1821
6040,6649,3673
2474,874,6533
7840,748,5894
4976,2570,3269
3519,7891,1447
8690,7428,2980
5640,6022,6399
2922,4572,1237
4087,8477,8519
5376,2210,2750
3803,5812,2084
2520,2921,267
841,4321,3238
3187,4188,846
6890,466,2044
1568,1140,844
3577,3791,3007
4393,4531,3662
4086,1373,3454
6450,8765,685
1320,899
6786,5950,8943
1994,3299,8941
5996,6341,8758
5573,4539,4605
507,2782,491
512,4006,3663
4208,7380,1965
4049,4996,4229
273,503,271
737,2123,2780
5586,788,4606
490,4339,2108
7240,5089,4076
3261,7766
274,6836
6081,6252
5562,3542
8148,4302
7667,8703
3625,2588
2499,2269
2554,2626
4826,958
4588,284,5125
872,2041,3785
3072,3856,6384
5208,2553,300
873,2042,303
5402,3284,5207
4044,1957
6961,7191
4812,4661,2140
3539,6757,4827
1825,1691,6310
2557,1022,695
736,1050,5845
5088,3025,1466
4777,1274,2844
289,2106,2742
955,836,1919
473,7515,2255
2825,845,3783
1721,469,1278
644,3397,2918
7962,2828,3533
3282,6221,6639
6281,3348,7982
1105,4213,3927
2905,7595,294
1784,3531,4550
8024,6545,5100
5864,1281,8764
7283,8413,2671
4570,2659,3253
297,1581,1262
4322,4998,5239
857,3739,1015
2490,3355,3566
3090,4077,9015
6160,881,2672
1689,3075,443
441,4684,305
712,7577,3516
7626,7946
308,5141
6338,6067
7325,4599
5603,4647
1968,4059
2434,4742,4143,5967,5535
3064,5764,6885
8595,8701,8767
6768,8873,8379
7554,5677,311
5425,8051
7818,1973
2992,4135
314,6711
3641,5364,1830,935
320,3411,4694
6834,987,8847
4656,325
7488,4157
3884,7150
6161,8715
6733,6909
4304,3876
8897,7882
6390,1078
7033,2493
8042,7573
4331,3702
3441,7634
7660,1535
8419,7663
3665,3140
7689,3371
344,5938
4352,5482
6426,7765
5768,2978,8212,8117
4153,2083
360,2539
8872,5932,8381
7052,2693,6542
363,6109,2062
472,1356,2503
3456,2203,4534
7417,365,5087
2088,368,367
2864,6750
3964,8188
2617,7675
7100,5308
5217,2262
4225,1571
2834,5117
6465,1770
3099,6551
6224,7006
1629,8663
6084,1655
7996,5223
7876,8965
2019,5767
6391,8471
6689,4545
6906,6005
8121,2670
3553,2469
8106,7203
948,1167
7736,7989
4706,4402
5653,549
981,1542
937,2971
3131,4814
938,1671
2011,6309
2756,1588
7539,3607
4040,3183
977,2236
1584,1587
3106,3455
4891,372
5234,3158
2235,1932
850,6235
4906,956
5081,3861
4449,3023
1296,4514
1853,2238
445,1614
1108,1847
1504,5703
2385,2354
3266,7599,4720,4978,2715
697,6389,5847
817,1067,3199
3184,860,646
814,3021,374
5780,1436,3204
5827,5382,8555,6446,6766
5561,4698,7477
5120,7930,5823
8713,3460,382
2940,2292,7853
4579,7270,5030,6447,5694
5057,6516,6461
3984,8651,838
395,1885,397
7360,7740
6859,6303
4542,4436,3430
1384,8761,1623
2856,6769,8607
8530,3586,7806
7819,398,5142
1592,6764,6462
6929,7842,7348
7233,6692,1068
6121,3772,3629
1840,2578,4108
832,5546,6392
1595,2916,893
400,3093,5486
8368,8899,5070
8660,6323,5020
2273,6609,8754,404,1598
6299,5628,5735
7291,965,5542
3443,7859,5581
5123,4420,3051
4569,5578,1791
8291,5246,4183
4552,7822,8743
5473,412,3775
7253,4246,4886
5834,8197,4477
8824,8497,7311
8098,5476,1134
6877,3978,6805
6008,2366,3727
8103,7666,2983
2313,7854
7915,8357
434,7023
8041,6820
452,5404,4070,5708,7197
876,807
2956,4271
3013,3286
5613,7358
8850,7643
454,4062
7565,1807,4310,8190,479
7319,6179,5647
5577,7164,8550
3438,5159
1256,8945
5797,8134,2799
7969,7620,7519
4744,7644,7396
7098,5961,3418
8409,4813,3894
8417,8970,2355
6233,5322,3415
8707,721,1115
5354,5403,6335
6841,3209,8479
4851,7236,1759
8745,6556,5980
3960,1722,8559
3360,5361,5034
7169,2787,6366
3313,6263,2999
2384,4241,483
1324,509,5303
489,6675
1120,3708,5852,2589
1072,7019,7590
1144,5730,4875
496,5148,532
1264,7731,4019,3317
3552,1242,1298,7872
4665,7107
3472,2491
504,3393,645,2318
7273,7868,6774
7864,6280
513,6379
5122,5260
5627,4990
6604,4054
8733,7404,3117
3321,6130
8354,7623
2731,2965
524,1814
5531,4475
5532,2967
8128,5346,5955,6566,888
5920,529,909
7030,7534,8319
6760,4510
8804,535
6633,2303
2433,3970
6117,5622
3273,4323
5149,7390
8907,4615
8322,8573
6500,6926
7443,2094
6180,3892
3585,5629
7096,6619
4397,6135
8201,7837
5136,3564
8793,5642
1146,4196
8763,8958
2363,5398
5830,5151
6098,1074
6048,4771
8969,7499,2027,5329,543
8640,8156,8564,4517
6424,547,5740
553,7372,6279
8068,4766
7504,559
7296,8916
5325,1526
7904,5946
8704,8388
1685,7813
8554,6371
3808,3028
6980,8838
6001,3085
5186,7925
7305,3439
7058,6663
5226,959
8175,4959
8504,7908
5312,5193
8817,5037
4641,2475
5281,1511
4808,4248
3889,8086
1150,4407
7093,7454
1696,2283,8278
6116,7468,1733
6474,6269,8950
569,5474,8139
6880,4357,1191
3192,6827,2550
3736,6954,3287
8016,3026,6583
2288,4472
6028,8759
585,5866
1667,2691
4371,2061
4317,589
5971,4739
4236,4653,4598
5016,8472
1769,5507,6454
4121,7530,591
829,3782,1935
1688,842,2811
7288,8431,7924,8711
3223,4212,630,2623
6024,8511,2247
5024,3003
6602,8396,5644
7089,6139,8903
632,8107,5214
5442,8244,5671
6217,6540,8198
4185,3874,5458
6345,7243,3615
3744,1059,4245
4306,3362,2508
5791,1329,3551
6284,6966,6670
6651,6940,7141
5401,6797,4943
4966,1011,3630
7489,5001,5974
6920,7581,5733
8649,8245,4431
6776,8826,1493
6240,6089,4819
3681,4189,3561
649,6515,6317
4847,4532,6687
8827,4805,3678
8458,5935,5431
8257,5450,4341
8060,3908,8294
5049,5986,5902
3968,2058,5778
8083,4205,8967
2284,1037,653,6511
6457,8062,1967
6265,7298,6647
3632,8279,4219,668,4445
3651,5508,2222
4864,8132,8749
2664,1660
4275,1110
8893,8975
5011,2959
5883,7343
7192,6637
5435,4582
5448,990
2113,8911
675,7430
1893,3567
7897,9013
4782,6102
5941,7878
8590,7087
7266,5543
6620,1357
7123,2302
6848,1697
8435,5047
8728,1170,8254
2488,3628,3989
5185,1233,5406
7794,7700,5134
3081,8846,1631
3993,4556,5917
4770,8852,6607
2600,7034,3479
6393,8972,6287
4429,2397,4967
4258,1795,7622
7320,8286,6550
8442,8284,8335
3568,1157,4030
1202,3659,7509
7976,5648,6631
4795,4919,5807
7673,3979,3437
6201,3901,2422
8049,8332,7021
8971,7187,5595
698,2314,6487
5601,1459,5673
7088,3346,8158,5479
5202,4909
8962,701
3122,6407
8008,6249
7050,1820,5790
6659,732,3759
3882,4283,1028
704,2587,1019
8064,2048,709,5066,7771
745,2299,5583
1152,6788,3710
6080,8548,8525
7237,2052,5445
750,8974,3797,7478,350
459,6702
761,2524
6872,2761
4652,8862
768,6948,7502
7836,4589,3686
1305,5332,6167
6088,3315,7412
2660,5772,4622
6464,3470
786,8579
3573,8325
7707,3303
7314,6662
5043,4438
4000,4561
4360,3427,3462
8265,8932,4223
2794,6452,1606
3154,8155,790
2051,7282,795
4560,5121,4956
7949,8369,8339,725,8380
3793,4410,7300
4444,6166,799
5794,7947,7437
802,2702,3958
8668,8342,812
8776,6065,6105
4600,3252,3100
810,6946,1294
4382,2997,4590,1550
825,2661,7143
3944,5722,7718,4994
4504,2866,7198
3828,830,6623
942,1334
7276,7885
5313,855
2976,4722,7251
5377,2830,5375
3530,4763,868
6562,7517,2407
6032,7295,6919
5174,2089,5541,894
5408,4363,7572
3448,1911
912,3545
2680,5745,8443,6131
3594,7636,6015
6274,6275,1231
7459,2451,916
6685,7973,3135
920,4558,8982
4689,4965
7955,4285
2608,1900,4348
8800,5147
7114,923
4664,6648
8146,7927
5417,5606
4949,2431
8584,2485
2147,1325,7887
946,2122,1323
3301,7053,5607
1665,4995,1964
8355,3911,5868,1429,1630
8496,7346,3634
3129,4811,5862
3858,2387,8587
5933,8854,7471
8619,5093,8159
6802,7420,8621
6864,4601,4354
1408,2901,4381
970,7635,7059
6616,8330,3342
7648,7821,7589
2968,8393,3109
8394,3771,2615
5078,2655
8085,8454
8434,5643
8880,974
7294,7606
3810,4733
6385,6731,4597
2568,8569,980
5249,3722,3473
5984,8695
4650,4333
1843,983
2889,2667,1003,3755,1311
8384,7260,6614
2223,6972,8503
1376,5553,7216
6857,5731
8539,7526
7500,6526
6169,7767
8865,5060
1040,6183
6591,6655
1405,4591
8914,5107
8773,7686
4499,5972
2208,6742
7336,637,7395,6029
1058,5439
8650,2156
5273,4170,3909,5270
1065,3842,1860
5619,5867,7646,6735
4896,1076,5957,7815
1080,8986,4797
2744,6012,7063
2449,4058,7418
5792,3824,8487
1084,7548,1734
1370,3388,4823
5072,4466,2390
3484,4388,5855
1088,1561,8262
3768,4074,8469
7040,7619,8364,7725,3600
7929,6046,2767
4716,1089,4780
7467,4839,5255
7552,484,1126
8656,7217
5017,6930
7889,8879
4610,8423
3524,4364
3050,5262
4106,7611
7029,1143
3233,8389
1184,6007
4084,4141
2867,8143
7632,4191
2514,7750,8887
1188,5102,8263
7104,1194
3763,1307,5381
2121,5998,5023
4480,8601,7693
4392,2694,7054
3400,2294,1198
8374,6934,1199
3475,5380,7988,7607
8752,6795,1205
8210,7875,4175
4009,4473,1221
8400,8908,2071
5825,5355
8028,3574
6286,1414
8116,6815
7694,8726
1210,6716
6724,4701
7458,3111
6222,4903
3936,7802
6862,5415
3331,8593,4011,2829
1212,6100
8844,4895
7315,4293
8258,3423
1889,2822
6144,1960
8521,7065,1154,8150
5712,1798,1887
1216,1716,2757
6800,2347,7142
5518,2855
1234,7211
8877,6951
5660,6045,8439
2883,8499
5490,2740
5288,1254
5869,5229
5444,8390
8318,3239
6892,1518
2272,1422
1762,8523,7612
4506,4148,1266
4224,5784,7494
4052,8639
7890,1284
7824,5489
1130,3379,5788
3939,8563,8373
3144,2604,1285
4144,3617,5850
2708,773,8727
2748,1300,7551
7579,3541,5295
4786,8138,1427
8474,8172,8501
8232,1314,8717,4384
4738,3860,2646
2227,6725,1567
6064,1793,4338,6111
6091,1332,6845
8440,7179,5700
8217,763,6068
3947,8883,6085
5241,3214,5775
8659,1341,2463
7901,8553,5061
1368,7370,6074
4961,4939
6432,8512,1387
4818,3589
4085,2943
1443,2989,7600,1683,4980
5865,7803,4414
8768,2402,8627
7272,8249,5635
6120,6443,8422
3504,7337,1450
8896,1473,7457
7410,1463
8881,5978
7321,1481
6114,5670,6728,4553,624,1653,604
5112,8301
4803,8886
3401,4852
1640,7231
3281,1474
5522,5811
8289,2276,8070,4718,6749
5055,1484,1487
5880,1873,5230
6203,4963,7071
4983,5215,8535
1498,4403
5720,753,1514,5457
7323,7307,6205
1521,3738,4165,3193
6624,7728,7451
2517,8077
5840,1529
6952,4343
6577,7378,1538,6298
4992,7331,8806,4198,2775
8802,7084,5766
2696,6403,3821
2833,3923,5911
5434,6477,3991
5352,6291,8372
2706,7475,3212
6672,7357,6174
7753,8163,7967
8120,7147,4255
6208,7020,5358
6289,6471,7263
7384,1562,9005
7903,6756,4551
7113,7301,8815
7665,8633,5183
3248,5837
2964,7653
7209,4957
2747,1604
6998,7350
5906,6828
6594,1608,4585,3818,2606
1612,8622
6528,1946
8483,3339
6433,4039
7072,6790
7168,8179
2824,8453
1945,6772
6852,4253
3294,7671
1649,1642,5995
3226,3692,3143
2320,5873,8183
6985,7140,4173
1643,3356,3035
6706,8323,7061
5609,8770,5132
8352,3619,5527
3272,8075,3974
8906,8756,1646
4299,5453,4221
4688,4592,1664
2723,1668,5181,6398
4880,4092
6965,7111
8808,7770,8638
5130,6821,5638
1705,5570,8415
2258,1706,8356,7994
5848,556,6118,1719
4704,5804
6785,4938
6153,1730,3706
5633,5082,5477
4290,5594,6259
4137,6723,8101
7936,3218,4855
4696,1738
7807,8399
7713,3857
8672,3340,1744
8561,7028
6617,7082,1163
8181,2351
4139,7719
2120,1752
6019,7916,1776,6643,2399
4525,6534,7167
7312,7221,2911
8426,940,8191
6232,1789
7369,2375
3538,3042
2528,3507
1796,4710
4926,8543
6122,7181
3611,1806
8296,1038
1816,7210
5097,6503
2000,1818
1925,5750
7472,3695
8946,1838
5536,4448
1849,2878
4416,5365
8888,7046
6912,5716
2241,7373
8264,4474,4708
2692,1854
4860,3190
5368,7355
6782,678
3219,2279
1857,7862
4097,6245
3844,7773
7812,3037
5498,5031
6496,6903
6584,1868
4257,7479,4399
3528,8697,1869
3740,5484,8953
4732,7014
4824,7845
6376,1874
4113,8823
417,3826,5715
7138,8166
6292,8679
8494,8223
6544,6162
8306,1891
5466,5156
6913,7831
8300,3039
3201,1923
3550,6206
6129,1940,3319
6330,7397,2733
5537,4020,7462
6472,8185,1941
3369,6237
4234,7285
1944,2786
8137,8910,8631
4177,3325
2705,2532,6190
8604,1950,6295
7120,5509,4846
1972,4999
3048,8035
2007,6997,2359
2008,3145,7414
2034,6423,1326,3103
8111,6349,8885
4952,8737,8781
7951,8452,4295
4089,4478,3814
7761,8276,4365
4456,6481,2046
4930,3172,8746
7984,5330,4495
4401,5610,5964
3897,5098,2831
4104,7171,4501
2056,8741
8092,8045
8642,8460
5809,2242,5429,6973
2897,2339,3491
2074,7674,6654
8574,4067,5387,2077,7326
5276,7130,6140,2078
6936,7826,7375
3920,7537,6363
2080,6589
6168,6853
4267,4124
2082,8195
2110,4099,5710
3554,8645,5805
4418,3540,2894
8087,8898,2111
6440,5487
8652,6710
8678,2135
7274,8118
3112,5428
6362,4802
2145,5890,5549
2877,8557,5879
3264,5707
8552,4915
5393,2167
8202,6682
2177,6187,7669,7097,8927
8634,6149,3254
7561,5286,5702
7849,5053
7379,7510
8376,2186
6789,3535
6979,7655
7371,2190
7490,8207
6004,3765
5115,2196
6490,3245
7042,7091
7016,7893
5321,4369
2924,8997
4041,4685
5545,5909
5353,2199
3302,8019,2274,2206
2977,6773,6302
2216,6243,8508,5685
5588,2254,5668
3176,2252
8866,5675,7043,2298
7512,7299,2300,3215
3097,8778,2309
5287,7971,8015
2813,2535
2323,6508
2324,2326
1878,6434,6917,2334
2344,8012
8739,7869
6963,6874,6627,7013
4498,4828
2429,2350
6467,8405,7151
6793,9014,5063
8492,6558,2895
6328,8602,3853
2362,2460,3582
5736,7400,2762
657,7954,2381
5305,8708,4081
4332,6242,7340
7856,4969,8009
4968,4972,7125
2386,6107,2893
7762,6715
5350,5965,6070
3091,5470
4259,2412
3166,8599
2674,8810
6073,2500
2444,2583
1394,3718,2837,2445
4520,2505,526,7540,3069
7057,7425,6119
2530,6791
5392,2541
5592,8661
6236,2870,5815
7073,5397,6830
4604,4596,4790
7979,6732,4878,7727
7529,7779,7134
3234,5386,8451
7264,7748,3916
3953,8338,7855
6680,2546,6867
6585,2722,7133
3352,5820,1053,6983
8485,6077
2547,7431
6535,3570,5529,8570,2555
7481,7602
3520,2558
6592,8963,2563,8270,8220
1986,2906,2591
6818,4645,4167
5665,2610
4979,6372
2624,3146,7195,599
4922,3581,5478
7816,7427,3398
8681,8052,7710
5504,4537,3174
6667,2639,4497,6588,2716
6260,6796
4160,2642
7139,4326
8760,2675,8821
4115,7596
5760,2727
8777,3298
3169,5297,2803
2816,317
9004,8407
3650,8861,2102
2818,5973,3263
8441,5103
8792,2858
8856,3095
5704,3179,4134
4776,7193,2862
1506,2875,3188,8534
3057,6060,8748
7975,2879
8017,2891,8643
2932,6375
8495,8351
6992,5799
8401,5621
8292,2949
2096,6941,2950
6248,5539,4756
8674,3850,4022
7249,7939,3011
7569,3020,6359
7280,8851,2124
3041,6894,6559
5344,3314
3088,4783
3045,8750
3306,4678
3065,8438
4936,3148,8839
3153,4316
8790,5991
3449,8853
3164,8725
3682,3171,6986
7386,8922,7883
5101,5436,4637
5257,3178,7871
3202,5956,4222
6808,5221
3208,3649
7850,4273,6002,4836
3483,6324
4624,3216
5454,2631
8282,3247
8240,8843
3217,4415
4376,3689,4292,4752
3259,7541,7391
8307,7525,7542
8841,5748,4421
5667,6563,6911
5680,6170,7834
8796,8429,6231
3338,6405
7009,6747
5267,7095
8046,7039
3357,8807
6296,8302
3370,8596,4461
4693,7591
6610,6603,8598
6524,8591
5802,3374
6200,8694
8614,7496,4617,3375,8786
7776,3377,8755,4182,4383
7177,8585,4700
7738,8115,6978
6736,4947,4485
3378,6771
8842,8998
3385,8923,8820
3403,7628
7706,5781
4146,5859,5759
3419,9011
3436,4500,2184
5922,5452,3487
4834,3518,6984,7441,8606
8993,6539,3971
8769,6574,3495
7413,5524,4893
5460,7157,4079
2575,5005,622,5391
3536,1905,9010,7485
8698,7580,3509,7383
6561,993,8968,3511,7511
6650,4027,6860
4459,8215,6047
6367,3526,7127
7080,3603,5605,5395
7186,1007
4034,7367
3992,1601,6126
4609,5018,4118
8456,3667,3604
7220,3621
8194,8243
7407,5071
7712,7756
6441,7482,4082,3623
6600,3696,7734
3704,7017,5901
7536,7905,8920
3715,7303,4682,3865,6522
3308,5099,7835,791
4512,5905,7722,3756
8930,5443,3798
7376,2714,6406
8112,2619,8076,6352
7076,4902,3831
8940,5493,3871
8976,3840,7832
7833,6172,8901
1136,3843
7944,4127
4023,6421,4303
8775,3279
3881,5114
7570,7695
3626,3886
5347,8926
6844,7910
4508,8124
6536,3935
3913,7933,7206,4791
4772,2340,1513,3982,4691
7366,8959
8992,3997
4670,6634,6322,3998
8371,108
6840,6273
8347,6188
4016,5506
7492,4042,6642,2290,8884
8626,4279
9006,5455
7737,4101
5881,8242,2543
7801,4114,6283
5497,4122,2796
7408,5699
5264,4809,6311
4129,6811
8105,8629
3616,7473,6798,5959
8048,4145,4340
5688,2806
4169,7318
7608,6855
6411,4195,6093
6418,8702
7507,6851
6057,7162
4424,5135
7226,5563,6698
4243,5724
4528,4262,7047
2256,4298,8723,332
7175,3635,4307,5587,88
8753,8314,8805,4311
4312,5739,7942
7075,7597
5637,8799,7487
6744,8671
4673,8913
6445,6151
4344,8918
4488,4377,5512
4386,4428,4413
5441,8771,4905
8192,4464,6191
4705,4482,7733,6518,8311
3139,4492,6254,572
6752,7913,4548
7747,4563,7932
5650,8780
8088,7513
8164,7126
4636,5990
8268,8277
3872,7465,6258,8182,4607
4849,5725,4625
1122,8581
8956,4631
4635,2014
6817,6653
5658,7764,4663
9008,7124
5521,4986
4674,5293
3296,4676,5646,7638,8605
4669,4709
5960,7852
7265,8798
8489,4866
6017,4717
7545,8791
4729,7531
6809,5550
5928,3657,4747,7213,8572
4754,6612
5584,5075,6923
2688,2850
4764,1093
4800,7483,8541,7614
7247,8144,8637,670,4831
6344,4844
4857,1619,4982
4921,2149
6905,6347
4904,5672
6355,6990
4954,6839
6316,8735
5571,6213,6664,4970,5438
7229,8213
4984,5559
5062,7117,8855,7067,4991
8036,8772
5032,5839
8857,6154,1540
576,6765,5119
8505,8362,8871
6075,7724,7351
5128,5323,8312
5131,6780,7422
7699,6668
8833,782
5216,8267
8928,8151
8465,5282,8628
2404,4758,8255
7289,5299,8801
5339,4251,6893,8038
6520,8588,5342,8894,7983
6011,6597,4463
5385,8917,8751
6720,5989,5407
1928,7108,8365
6850,7090
5968,6044
5410,6947
8648,8287
6369,7207,4872,6767,5464
2153,6425,5468,8079
6626,6531,5480,6061,7246
5204,5678
7866,7652
2352,8486
2614,5686
5705,7434,7715
5776,8386,6276
1176,5810,7755,7026
5819,6486
8081,8762
7092,8724
5841,7419
5897,7789
5947,6165,8142,4439
5993,8874,3018,6713,8889
2704,8730,6014,2367
6034,7987,1172
8385,3548
6955,7804
6038,7223
8747,6043,5471
6163,7919
7281,7899
8165,6062
6729,7805
4898,6699,6238
6250,6629
6354,8787,6293
6356,7037,4094
7309,7935
6904,2848,6380
7769,6428
8537,7010,6437
2732,8366,7159
6578,6676
6579,8623
7739,7044,8989
4193,6636
6658,492
7992,8712
6683,8966
6704,2595
6745,1251,7892
8875,8510
3952,6761,8981,5335
8034,6803
7664,8432,5786
7136,6967,8007
7145,7388,6270
7641,8603,7269
3904,7593,1061
7328,8288,8615
7393,8547,5040,5171,8095
7497,8924,7556
7568,6483,8502
5925,8178,7672,7774,8446
5649,6826,4505
7793,8774
8104,8078
7817,6026,8340,5690,3132
5258,8636,7948,8788
6538,8516
8994,8437
7152,7986
8609,8260,8937,6351,4575
8938,8868,8468
6507,1229
8947,8476
9002,3038,8582
