2716,1762,5922,6243,6026,332,5646,572
2242,3139,3302,4880,6577
3944,6064,6270,3548,3038
3872,993,3322,1334,3706
6369,6375,2153,6319,7480
6859,2733,3093,4439,7422
4485,7718,6184,3379,5181
6450,940,5668
3132,8109
1986,7142,6793,7734,4921
1865,4267,3865,4060,4861
3840,7434,6893,5276,3069
5282,8778,748,5873,4019
1122,8012,2284,3470,1429
8806,8968,2796,604,4670
4360,1514,2378,7924,6165
3657,6826,4299,8623,7026
3264,3689,2543,8051,5493
4834,5731,2631,3952,6839
4036,5392,6131,7479,6367
553,7307,624,657,5426
7724,7954,888,1176,3871
8064,5925,8807,7626,7832
8741,7942,6761,8982,7351
2034,5470,7047
3091,5125
8879,8754,1589,6522,7067
5698,8709,4173,3511,8152
7247,3248,8762,5658,8092
3520,8454,5938,4627,1653
6157,8400,2196,3001,8986
3616,8803,7727,3088,6298
7410,8123,2893
4992,417
1219,5637,4172,5649,4569
6497,3621,7781,6141,4766
8712,6986,5660
689,5770
8386,5831,6093,1646,8855
7769,6242,818
7340,1596
6760,7229,3775
8804,4510
8784,2449,6322,7988,7197
7841,8674,6566,8111,6296
1130,5387,8047,4081,8439
4251,1053,8622
5026,2541
4195,1807,4310,3193,7326
1358,4262,4335
2002,2883
5959,4872,6667,8940,2989
6292,7846,8214
6464,6225
3480,5913,6411
5699,412
8994,8426,9002,556,3695
7840,8801,5894,8234,1616
6228,7213,8085
8898,7747
4800,5473,1540,6313,8857
6944,8933,1610,4877,6426
4148,1229,2303
8385,3763
1160,3626,3059
5624,6528
1326,5688,5690,8156,7740
4091,5356,8592,7600,1307
6012,6316,4183
4472,8572
344,8618,2983
4122,8194
6786,4517,685,3319,5950
8068,7518,5671
8217,4983
7704,8137,1635
8376,7075
1970,6739,7220
8026,4181
5112,1314,6024
6114,5670
2258,6709,2806,4696,4925
7481,8075,6187
3378,7549
3169,6474,5549,2286,7282
6979,8251,4703
1994,5486
920,5347,1973
7992,6997
4958,8634,8606
4656,5817
5024,8163,6633,5644,535
786,4365,2706
3715,4255
4384,5352,2667,4797,254
4112,1242,3698
1320,7772
7268,8849,5436
3299,8750
7488,8227,6346,2870,8120
7561,7246,4758,6486,6904
3573,5323,325
3850,5837
6728,1643,8301,7122,8886
678,7276,2704,6421,1598
7206,4264,7017,7666,7933
7544,8276,4558
7063,8487
484,6568,3792,5171,8255
8357,2313,7915,7854,400
2929,6133,7566
8956,4327
1403,7205,8087
5650,7218
7201,4605,8271
6053,3647
8243,7732,4198
6349,8885
6544,5715,8679
7138,8494
6149,5286,8781,7951,8305
2339,5643,8434,1878,2655
5355,6901,6815
5628,8452
6217,3634,6540
6745,3890
4952,6162,5158
5936,8223
4498,8802,4631
7249,3884
5204,5557,4046
6035,7604
4292,8198,7150,5457,4376
1003,1311,5263
6658,2571
7344,4505,8847
4588,7093
2404,1447,7596,4115,6614
8993,4257,6984,7946,6481
387,2309,2891,8043,8948
8739,7932,3077
5810,5580
8516,5901,7223
1184,7593
8224,2438,8039
899,4565
8303,6191,2012,7774,8446
876,2288,6483,7128,8829
5897,6895,4221,2710,8765
4440,3117,2359
8203,4783
8758,6982,5047
6129,7500
4673,8034,7251
8913,8799
4528,3785,3395
6731,6635
1080,3826,4157
5432,7894
8705,8348,1348
1476,8094
6873,8906,7023
6340,5877
4539,7415,507,380,447
6305,6823,6899,2934,1558
6345,7370,8291
3744,4185
3593,2149,6238
6905,7669
6490,5115,3358
4618,4295
4529,858,8979
7865,3557
6381,3406,4373,7895,2589
3491,6917,5429,5078,2334
3874,8067,987
8983,2071
7545,8798,1399
3229,7446
8280,4915,6344
8552,2167
5064,1411,8923
8544,6176
6341,5452,5103,6767,8180
3144,8846,1264,7801,6334
8554,1059,1685
5946,6371
6142,3917,5773
1251,4230
7782,7891,4597,6649,5245
6418,4548,942
4177,206
7024,8916,8447
2132,7349
5449,8367,3474,2454,2711
8004,8875,8239,1683,8895
8688,7476,8581
5482,1469
5325,8809,8189
5513,8174
902,2508,4306,8244,2364
7504,6882,6045
8792,3911
4824,6833,8953
4732,7869
5066,492,4141
3427,4223
8323,7140,4553,2290,8790
135,3085,5009,2387,3615
4946,5740,5630
3656,7078
6848,8356,3018,8917,8767
8464,1709,4871
7051,1439
8555,4497,6744,5852,7487
2728,4229,7079
7194,6708
6533,3317,3673,284,2041
1697,2675,6293
8668,6047
4304,8950,6663
7243,3876
6491,6851,5791
1329,3362
8737,3644,8711
4632,4089
7101,3462,4407
7668,133
5827,7398,7761,4437,795
1061,8238,1361,1490,1882
1506,6434,753,5720,7323
7717,6154,8977,2265,7483
5257,404,8700,4637,5022
8324,8465,8628,3738,7612
3904,5639,7641,2482,7257
8128,4889,7651
1696,3257
872,6325,6262,7958,8927
6116,3172,1191,8139,6269
729,7818,5759
8259,8099
4146,8667,6732
5859,8692
1536,3939,14,2386,6111
3795,5718,4647
5232,8489
8719,6646,3551
5468,6670
3808,1660,5991
4275,5918
8306,6963,7695
3881,4023
8563,9014,7151
6800,5063
7776,8033,3778,8905,3530
4610,4212,4117,5622,3223
3153,7556,1989
8926,2031
7441,6940,6966
8826,7141
4522,4003,3277
7849,7255
7240,8129,4581
3242,5350
5401,3858,1011
8619,6797
5640,8690,2980
5497,7428
7492,2127,3254,8183,7097
7632,7314,5629
7379,6662
6759,6051,7743
4930,8236
5001,8932,8245
6240,6920
5766,7084,8678
2696,4399
6515,3028,4819
6089,4532
7360,7771,4582
4542,1623
5729,2606,630,7259,2623
8048,1836,4279
6878,6798
2474,1933,4078,1821,6399
3970,6699,7967
5346,2775
7161,6394,1961
4817,4543
7542,8854,6687
4805,4431
3659,8254,6607
8728,7794
2976,3628,1170,3989,7807
6130,3740,6079
1719,2007
6070,8118,3103
6216,5428
4421,7525,6911,7541,7391
1830,3466,8556,8760,3641
2856,8761,5546
6769,8607
6403,6477,3991
6672,3923
5702,1037,1110
6985,6511
8495,6992,1625,6169,8222
7720,4338,1126
5593,8030
8706,8539,6710
3045,5335
5380,5342,3574
6795,5220
8575,5070,7783
8297,8647
3552,2471,4017,7189,6554
4153,2941,2510
7618,3138
6284,5241,8827,3678,763
0,1346,8117
6858,3974
8683,8788,2135
5554,3068
3176,4913,2612
2169,6907
6958,8779,3382
5369,2996
7552,5616,1271
8656,2212
7074,5122,6379
8915,7652
3586,1384,398,4436,5142
4616,6178,8908
5466,1526
8307,8345,4009
3498,7796
8537,6097,8912
3666,5943
7372,653,526,1967,8062
7288,1733,1150
2803,8278
2525,150,7527
7809,8038
5185,6627,2344,8373,6874
2347,9011,6467
7779,4878
5226,5186,959
5312,7058
4729,7531,5550
2128,8904
3524,4364,3942
1353,7029
7690,6980,965
6299,5975
6570,5595,4030
2488,5134
2247,4980,3637,8476,7454
3495,6574,5935
3976,3365
4427,7598,8775
5280,5893
3273,6068,6085
3947,8883
7833,2517,8671
6588,8901
1977,5866,8791
7304,7799
2595,6683,4271
3148,8631
4145,2283,5455
7473,4340
5480,7696,4648
2537,3421
5404,3245,4495
3585,8036
7848,2833,8066
5552,6730
8355,7765,5655
5013,2927
2820,4521,8461,1455,3864
8240,4763,7092
5377,8677
5490,8499,1727
2740,5869
7728,7883,4165
7872,7451
6022,237,8909,8153,4383
4947,8653,1774
8842,6771
7403,3765,1461
7490,7655
8,8818,855
5313,7885
8973,6254,7471
5886,6695
8722,8579,2724
4352,8943
2433,6061,8462
5091,3838
3269,2570,6251,6040,6393
3883,4133,8735
8568,6146
3312,8626,4667
2561,7364
2591,2895,7187,5619,1631
7749,6933,6398
7904,804
7528,7338,22
2472,4892
8865,7526,7767
1040,4218
5454,7419,8342
7273,2399
7475,8511,5815
8661,5397
6776,8841,3259
6317,4943
4722,4828,6575
2429,2229
6538,3780,7469
7752,6282
4403,5215,5775
1341,3214
1793,8972,7509,3993,1786
8411,3054,8231
5566,6887
3443,1787,4070
2024,7937
6936,6140,3224
3920,6220
5448,3449,8825
990,2959
6561,7786,7867
7171,4911
1097,2666,3022,7991,7447
8458,4354,7420
8257,8621
2090,4989,8470
8704,7286
7905,6715,5820
5330,8149
4067,6844,7910
8404,8685
360,2723,2539
1592,6303
4464,8192,2045
7042,7117
1202,4770,8971
7700,6550
5685,8981,8077
1940,2879
8976,3123,7508
864,3329
8107,8396,8903
632,7089
5011,9013,8838
5435,7878
8609,2754,6351
5996,2559
2512,1381,5453
5829,117
8424,8907,5246
7822,3711
4641,8388,8175
7908,5037
3162,6387,8830
4483,8167
6500,8725,7343
5883,3567
5249,2568,5768,3722,6385
1730,7838,3630
5324,7829
2233,3878,8071
6931,565
6892,5229,5444
5288,8390
8392,4688,1365
1664,8526
512,4996,4006,1965,3663
8852,5366,8431
1250,5917
3208,3857,4163
1738,1285
1498,74,8535
4932,2125
3384,5898,6539
8769,3971
5023,4094,7935
6782,8207
6809,68,6606
6922,8053
7513,8164,5974
7489,7813
8565,5244,4453
4368,6401
1778,3493,7126
4806,4767
2434,4742,4143,7377,6713
4563,4748,8435
559,1495
6642,3196,7157
7882,5460
5664,3925,4741
5017,5693
1233,3234,5524
8451,4893
8232,2922,8717,1237,4124
2425,6354,929
2689,5990
314,3219,6031
2885,6549
737,503,504,4665,2780
5381,6462,7430
3164,8853
7433,779,8095
5068,7495
8322,4323,7443,1147,8958
3473,980,4087,5208,4572
7409,8780,8382
7563,5542
8042,7371,8920,7536,3704
9008,6643,8820,6741,6198
1408,8294,6864
8060,5431
8265,8178,7091
7893,2046
2331,6308,8710
3450,5051
6661,4999,5841,8724,8889
4936,6968,3013
8850,7277
8354,7842,6692
4506,7348
3592,434,6215
7134,8103
7688,6137,7011
3004,1173
8736,8061,8998
2858,5060
3716,4208,1298,3700,2782
6456,5530,4438
5043,8325
5287,2273,8015
8370,7971
7976,7393,5406
5807,6287
6857,6655,6591
2278,4591
8573,3908,6117
7390,6135
4954,6508,2535
6280,5868
3821,6174,5911
7363,4790
5648,3081,8959
4556,3479
5960,6437,6446
5260,5382
3419,6183,7183
3916,4079
7305,4803,7061
5609,6706
7104,5633,8252
7269,5998
8787,8478,3127
5891,251
4425,6121,5713
8515,5612
7979,6867,6526
3953,7529
2145,2051,7468,5297,2323
7016,8532,6855
4592,5188
8914,5107,8773
1405,7686
3303,8588,8504,58,4381
8587,6390,4726
5505,7587
7864,8748,1838
7010,6774
2889,1474,2794
8770,3356
6842,8733,5575
8813,6615
4552,7172,1791
7033,715
8776,6105,5129
7032,98
4357,2550,3287
3192,6827
6594,1608,7055,4463,2164
2827,2108,376,1724,2237
8834,8808,7770,6749,8638
7673,8286,1391
2600,4795
513,3755,5339
2377,3385
5090,8363,2436
2188,895
7408,6835,5735
6640,1531
2906,5484,5518
6376,7014
7607,1205,4199
8752,7875
5376,5722,6612
2210,3828
8442,1042,3510
1157,8335
5825,6468,1414
8028,6286
7961,7660,8894
5334,7983
6560,4938,7532
6236,6118
7177,7477,4182
8585,7930
7369,7827,1789
4600,5931
5281,6001,4847
5450,4959
7713,4429,8399
4258,2397
6725,2505,3860,2646,1567
8088,8277,2111
6440,5487
8774,6211,2694
2121,7793
8397,8574,8783
3016,7424
4896,7681,99,8310,6813
4169,7643,3286
7271,1991
4682,8891,452
4084,7831
5393,5707,4844
8202,6682
7296,4329,7902
7928,5289
5265,5116,1662
7889,7407
8448,2342,175
3684,7239
7192,2664,8975
675,8893
3112,5353,6362
7672,8652
1795,6597,4585,3818,5046
2084,267,2866,6265,2750
1120,8743,7019,4718,2639
5933,5862,8079
4811,8159
2254,6638,4303
5588,2252
8133,8290,8341
8444,5765
6424,547,8640
8564,6909
2226,6396,5318
6384,5137
8056,5364,7756
4717,519
7712,6514,3464
6913,7707
4689,6057,7507
7162,8702
4480,7789,2094,8601,8763
7648,7059,3342
970,8330
7152,3290,6075
5128,8312
3425,7450,6738
8161,6365
4866,94,7578
2602,7583
3489,3472,6416,7731,2804
8116,6020,3477
7464,4478
2603,8268,8437,2647,4636
5672,7629,6717
4457,7657
2848,6534,8078,5328,5879
6428,3501,5495
6226,1516
7096,6926,4615
5642,1146
7611,5262,1143
3050,8389
8360,4392,6207
5224,4593
2532,6190,6103
3977,5857
6049,7715,7568,5854,4575
7404,4020,7190,8185,6330
7378,7852,6711
2992,4135
8576,7253,4886
4477,4246
6625,6579,6871
8169,4391
5344,7111,5967
8637,670
8643,1831,8017,1687,1374
6929,3430,8582
7233,1254
7753,5434,1869
3528,308
3889,5947,8142
5193,3439
2053,1576,1548,2585,7871
5573,2123,491,271,273
6634,3003,7020
3998,6471
2016,2105,2206
640,2467
5114,8502,6599
7448,7570
3032,3713,5363
6898,4451
4377,7635,7821
1493,7589
6954,6583,2680,569,8510
4042,5522,8884,3035,3519
576,6765,7535,6196,8505
5613,7386,7013
2477,863
4808,8443,5500
8086,5166
6952,6531,6885
5890,4343
3816,7493,5447
6113,8084
4737,4654,2644,217,7358
128,2882,4837,3337,2495
1946,4150,3935
5419,4508
4024,6065,6267
8513,465
6355,3227,6990
4904,6347
7217,540,4613
5292,2502
8130,5221,4663
7472,8946
6716,4701,8726
7694,3111
4138,8197,7614
4459,2173
4092,7124,6742
7764,6965
4900,37,2919,1676,366
6600,8340,853
8520,2421
5155,8549,2765,7636,6837
2924,4369,4561
5545,4991
5881,3225,8242
4114,6283
8384,841,2223,8503,7260
595,1227,7455
1101,2190
7264,4643,7855
2722,7748
1288,499,7622
7034,8284
7130,7581,4245
3561,5733
1435,8182,5799
3987,2917
6785,7346,5804
4704,6733
8595,8557,5535
8104,5840
1368,5627,1078
8649,4669
4321,8195,3238,466,4188
7960,4233,3011
7939,4022
4424,4965,5592
7955,5135
7265,4395,430
3728,5755
7745,6181,4461,4499,8283
7737,2194,9006
5632,4101
649,6651,4966
3681,4189
6673,1452,8822
8402,1811
8848,3724,2520
7784,6890
3825,2475,3639
7866,5706
5442,4341,5902
3968,5778
4515,3836,8054
643,5420
3377,4298,7127
6803,4525
4290,8947,8746
8897,3298
7322,4658,6445
8001,4359
5089,7380,8941
4049,788
3441,3702,2350
6834,7663
2048,3370,8596
2158,222
1332,5597,7406
6091,6845
848,4492,5548
2067,235
4488,7457,7497
1481,8881
2977,2274,8019
6773,6302
6432,6780,1142
3129,7362
4050,6038,871
2225,477
5776,8441,2875
8856,5093
5920,529,5955
4401,6602
6139,7837,5398
6048,8201
5474,5149,6789
2186,4397
8523,1266,7819
6620,6764
2705,8604,2372
7649,3279
3217,8045,3247
8642,8282
5152,6205,3518
6067,7325
6896,1387,7948
6572,7102
7826,2078,7375
7537,6363
6712,1917,918
8789,5709
5040,1937,6107
7762,6983
4898,6275,5745,6015,3135
8009,5305,4332
4969,8708
3594,8011,3526
6274,4867
7608,4379,4204
1674,740
6003,1612,6735
2699,5700
8423,5238,7215
3694,5502
2867,6619,4191
8143,6007
6290,6124,8205
3120,7553
140,3820,8756
6953,4841
3097,8468,8817
8938,8868
7072,6433,3339
7168,4039
6637,5941,6102
2113,7087
5151,5053,3535
1074,7510
2860,4285,7903
7113,5214
5696,5849,7758
1225,6291
8483,6790,3853,8405,7646
5928,4747,4312
7597,1518
7357,7030,5559
4984,8213
5561,4709,4990
1339,7083
7633,8716,6409
8226,7116
3856,873,2042
3284,300
8902,295,5965,1017,734
1713,3314,5516
3306,4678
2635,8987,4724
7754,5372
3803,5812,8477
2921,846
4137,5594,4331
7936,5082
4524,868,7517
7689,5375
1025,7209,5878
2218,1543
8772,6701,5839
5032,8166
5867,1076,2789
5957,7815
3072,2553,5207
5402,303
42,3642,4630
8832,2814
6279,5527,4623
2809,4516
3669,6501,1767
3108,1438
8497,998,7311
7232,5163
4994,2044,7198
874,4754
6629,6250,5258,4085,8922
6498,3187,8343
7858,199
3371,7573,1535
7634,8419
2793,5906,694
1747,2221
5050,2747,1772
2964,1223
156,2573,4815
7064,1467
8896,3950,1463
6942,6479
160,5924,8141,1968,1117
2296,7602,7534
8372,2558
3296,7207,5739,6736,5464
3832,6458,4000
7523,5678
8723,7868,5823
2256,7081
6028,6244,5412
8309,6870
932,1832,1833,3178,5101
6258,5654,5191
7465,4607
6609,7859,7333
5123,3051
3400,4740,7591
4693,8527
7592,8041,5020
706,6820
8496,8449,2868
1980,2783
4961,6074,6604
4939,4054
6928,585,7411
4680,3578
5098,5964,2831
7418,4501
3026,4106,3233
3736,6880
8035,2276,1972,7071,5055
6276,4733,8967
974,7294
5736,7400,8492,2362,6558
7291,7917,2523
4420,5581
1955,5843,2965,1814,4475
8485,7431,2547,3352,6077
1521,7653,7350
1604,6998
1657,8636,3589
5921,2956
8730,3325,2279
8154,7986
2371,2118,3760,2107,2109
8659,5061,2463
8553,7901
1140,1373,3007
1568,844
280,8715,2687
6017,1718
1376,3577,6972
7216,5553
7609,2412,4103
4259,4869
1210,6222,4903
7458,6724
4602,8403,1286
2178,1338
6203,1484,5230
5880,1873
3048,5907,8551
4963,3934
6004,7693,2294
1198,7054
3721,4595,3565
5008,1564
6680,8338,7413
6585,5386
2451,916,1231
7459,6685
1874,4707,7845
4113,8823
8512,8937,5519
2962,8260
6338,5141,4599
5603,4059
7397,7462,3913,1941,4791
4344,8098,6877
5578,5476
1952,5779,8124
6536,3671
2914,1155,2973
4945,2679
1921,227,2759,1934,1717
3688,2493,1511
1443,1909
5761,2373,645,1755,1277
4473,8210,4175
3475,1221
8362,635,8541
5119,8871
8824,3978,1134
5834,6805
7147,6756,7263
6208,5358
4456,5242,7892
3897,3814
4760,1706,6148
6930,7179
2995,3788,3933
97,3719
5626,2932,8351
2338,7950
7984,3824,4685
5610,1891
5509,8190,5647
4846,6295
8992,7366,6128,6326,4346
5481,8821,3222,4694,1052
8777,6665,2727
4192,2407
5899,3285,2039
3731,8302
953,954,1686
2629,495
5680,5667,6563
4752,6170
5760,6259,5477
6723,8101
5512,1473,8924
7321,5978
3979,8332,4919
2314,8547
7897,1357,4782
7266,5543
5209,8759,7031
7755,7925
8793,6098,3892
6180,5830
5130,5972,5638
2208,6821
4802,7274,8081,2744,5819
8569,2978,8212
2083,5275
3057,8508,7975
2216,6060
6201,3901,2422
7021,4967
4041,8997,5062
5321,5909
8633,6289,3212
1569,5183
4676,6153,6507,3218,8605
7665,5052,4551
7301,8815
3791,4504,7994,7806,6623
6192,3005,4974
4394,4843
2082,2491,7107
3393,2318
2762,6328,8602,2460,3582
3252,1294,4855
6946,812
3468,5892,3997
6018,7318
320,935,810,3411,3100
7069,1750,6134
5164,2077
4955,7862,583
1852,869
6278,8519,4976,5299,7289
4058,5156,7303
5792,5708
2320,2177,5132
3281,3619
1824,8032,34,2293,1693
7623,2731,5809,4215,6973
6356,6014,2367
7913,7319
7817,3010,7804
7145,7388
5537,6323,8899
8368,8660
8918,2366,6151
6008,3727
7682,7334,8327
5705,1914
5856,7674,6654
4350,2654
8603,7662,7923
169,962
6425,6802,2901
6616,4601
1194,6955,8910,7120,1950
1850,6669,1566
4320,1586
7320,6631,6487
8049,1459
3649,5385,8874,8751,6011
8697,7331,909
8617,8319
7738,2292,382
6978,8755
3305,3827,7918
7677,2518
8155,1606,790
3154,6452
8037,7638,3288,3321,3487
2916,2578,1068
6392,3772
593,4942,3383
370,2251
3682,8966,6704,2199,1630
5459,7452,5582
8500,4071
8352,7540,6647
6457,7298
3064,5764,6380
8701,311
6626,4578,1525
244,4973
3171,807,2943
4818,4062
6768,2877,5677
8873,8379
2457,2683,2316
6548,4284
3272,8050,7978
5253,7550
5744,6727,7999
7616,3459
2897,2074,2546
1538,7133
1668,4108,7423
8530,7839
6808,8713,8070
5993,7916
1893,8590,8911
7123,2302
3801,3898,7167
3776,6677
6232,3538,3042
8191,2375
4144,3617,5788
5850,2604
8440,5884,1797
5065,6567
5049,5986,4205
2058,8083
6179,8550,479
1857,7565
6752,7164,7309
5577,7037
1144,5730,7590
4875,3708
6436,8318,3239
2272,1422
5168,5139,2461
5532,2957
6562,7295,5111
6032,6919
424,6027,2773
3413,1215
8394,3140,5071
2771,1740
2946,6828,4957
6624,6423
7432,5301,3886
524,5533
1945,8179,8453
2824,6772
8534,3188,7606
8880,3810
5131,454,8839
3696,4316
1234,8877,6951
7211,2855
4738,709,4520,2227,830
2968,8393,3771
3109,2615
7312,5425,6019
7221,2911
8328,3521,8934
5793,4282
1562,9005,7726
7293,3503
3460,6766,4700
8115,2940
7856,4972,2381
4968,7125
2240,6194,1434
3523,3461
6472,5531,7790
5719,2967
5848,6161,2830
5195,3095
8144,7853,4831
4698,7554
4027,7511,8215
6650,6860
5748,7834,8796
8429,6231
3888,8096,7703
1331,7973
6605,6172,7709
5853,438
4086,4531,3454
4393,3662
8843,8460,4415
2056,2813
6520,2161,4868
8794,5756
2462,8126,5423
4853,2630
1640,3401,4852
5811,7231
4248,7297,5458
4104,2745
1776,5570,1487
1705,8415
4339,4076,4606
5586,490
1072,496,8289
532,5148
5120,5121,4560,8016,4956
5136,4771,4196
2363,3564
7073,4604,6830
7384,4596
9000,4713,144
8996,6374
1681,4026,951
2065,262
1840,1595,3629
832,893
3568,5601,3437
5673,698
1529,190,3751
7993,1682
3665,3357,1741
3292,1742
2328,30,5095
1186,1781,1246
1827,1694,1823
1248,3420,2567
8753,1154,5443,2102
88,881,7546,4236
4224,195,6668,8727
2708,3146,4772,350
3266,3346,459,791
6160,7521,7803,7341
7572,4534
3369,8366
3834,6852,6518,1418
7210,5478
7044,1038
4307,2732
3175,7175
7835,165
5683,3308
8364,7551,6043,599
6088,2748,773,6948
5117,6862
4474,3846
6788,5471
5521,2299
1692,5802,612,8598
761,8866,1757,8127
4986,3650
4193,6750
1770,8188
3433,4927
1898,2818,8374,3215
3964,7502
6163,8663
5074,1667
5217,2617
5408,5865,4786,768
6916,8334
5970,7919
4674,5915
5675,7285
2184,1601,2691,8264
5583,7802,5270,7599
5264,1065,8844,2829
8521,4225,292,3982
2300,4909
6970,8974
4037,2693
7203,6311
3456,697,5096,6551
6906,1571
4706,2307
3675,7671
4253,6039
7812,1501
6245,4414
4249,4386
7739,1302
2624,8321
8931,4406
4121,2326
8472,8989
5784,7494
4097,8639
5016,4589
6676,8311
4011,5932
7065,3331
2864,2409,2402,1167
7281,1655
1629,6407
1649,6610,3115,8591
8747,5031
3545,3335
6496,1798
4691,7996
912,8383
3448,1911
4922,7195
7691,7043
1513,2418,2219,8471
8768,7575
2298,5498
8296,4052
1816,1284
6603,4311
745,8805
5336,426
3280,5753
2137,6050,123,4324
6080,1152,5445,3710
7427,2203
2469,3398
5273,7100,8401,6681
2714,8930,2949,6674
6224,6578
4809,7159
8593,5507
1212,7439
7486,7966
2873,6443
6005,4503
5284,6876
4708,3992,2692,3436
6542,6406
8872,8381
6872,6249,3403,1820
7699,8965
5905,5223
3936,3955,2340,3686
7876,4293
8258,3423
5767,4935
2248,2019
3600,4657
5212,5407
8249,5293,750,8158
8121,2845
4545,5310
6720,8580
7952,2023
4500,6894
51,6559
4653,4118
4652,6702
7050,4283
6659,2524
6152,6657,1701,8655
7052,3798
7376,6465
5587,981
7675,549
7353,978,937,5087
7088,4788
6120,5202
4720,4170,6100,1575
7929,5489
7040,7725
619,2162,5635,782
6811,7989
8457,8106
4234,3844
8204,4413
265,247,1677,5367
7512,3797
2769,4469
817,3553
3099,5847
7619,7941
7467,1300
1889,181
1960,7315
5256,7722
7132,1199
2262,63
5080,3734
7824,7470
7890,6084
4537,5973
8681,6636
2147,1323,5308,1671
8548,8525,2052,7237
1944,7478
2786,7773
6729,3759
3122,5790
4512,5099,3756,6934
8720,7685
8002,5236
6237,8501
7579,3541
6470,8831
7555,7558
1642,5995,7836,8314
8861,8151
8172,3263
2122,1317,1325,7887
3041,4895
8627,3581
4905,6391
2834,8150
4609,7355
4860,1854
7736,4814
2011,5437
3131,218,3283,2205
8292,2715,4428,5621
8008,4129
8105,8629
3896,6641,3226,236
1769,2324
443,6454
7299,5742
2129,5405
355,3075
732,5653
6777,1734,4222
7569,3179,5174
2096,8300,3570,4044
7002,8220
8615,5303
8112,1619,2997,5710
5954,1900
3340,3388
5536,7482,3533,4382
7777,7962,725,7766
1256,2089,8316,2180
6592,8810,6923,7143
6545,3282
8024,8764
4160,2043,6516,1957
3536,3202,2027,5694
2352,1136
3145,5005
6961,6221
5704,7906
7395,5030
6721,2850
3984,1394,7548,5159
8651,108
8945,1281
762,8963,637,7982
2390,5797,622,7191
4812,7750
6461,4167
4851,2799
7620,4661
4187,7382
2972,2437
8339,7437,1030,6447
8057,6260
7001,6405
7850,8134
5794,6503
5984,7499,1370,8851
4776,4434,2140,4134
7328,4579,2580,8614
5072,6589,7080,7519
6081,2355
6836,6252
8786,8380,8413,5686
8417,7330
4777,4367
5057,3253
6757,3927
3065,4388
7009,3484
8369,4645,2702,3415
7139,2500
4570,8599
5864,4827,1324,6359
4082,4099
4982,3623
2674,3438
1093,8479
7154,3375
3609,8542
6818,8371,4111,4287
2528,3539,5725,6653
7076,3973
4396,3261
1163,3812
5665,3550
1581,3831
7181,5541
1691,2614
7098,7226
8181,8270
4273,2563
274,3894
8714,509
4014,8438
3160,8022
4333,4639
8800,2610
1801,6691,243,8887
489,2642,7283,695
6535,7383
1905,9010
5354,5956
1115,6796
8466,4127
3338,6831
721,6675,1022,6335
5417,5855
4466,1923
5102,7425,7947,2038
408,7969,5269,5271
4873,5529,2555,6431
8836,5845
3209,4326
5097,2583
3960,4813
6273,8707,6556,7396
1058,8695
1928,4416
4348,7757
3597,8247
7193,6850
8486,2862
8888,3020,7028,5365
736,297,294,1825
4243,2671
4744,1554
4302,3542
8570,8148
7280,3025
6073,8970
2619,2444
6034,8559
5034,2659
8409,5239
7108,8365
8658,7580
3611,7062
7642,923
3507,6967
5322,5100
5584,7965
4764,1863
7114,6639
3216,7258
6352,7659
1929,7931
7496,8969
6617,6372
5002,8230
6648,6621
1105,1561,3348,5361
5968,5267
8648,7090
6976,5147
5994,6854
1722,6698
5563,8076
7667,7270
3625,8703
2478,5983
4277,5198
3360,2124,2878,1759
289,4322,2106,3039
3418,4823
5961,1084
184,7292
3768,7881
836,6366
857,1919
2514,4635
6817,8263
7136,6168,5786,231
955,8543
7169,6021
4849,7367
5605,1007
1466,3843,4998,7719
7515,1806
6122,2255
7336,1088
7082,6029
4216,2742
3185,214
8698,2575,3509,5391
1984,5075
6002,3367
5754,3270
8745,8347
7987,1172,2557,4902
5088,3201,2608,6206
2825,7046
6912,5403
2787,845
1015,3783
2120,8046
5329,543
2008,4756
4664,2485
825,4590,2661,1550
6853,3958
2156,2014
395,7300
3793,4410
4617,6994
7241,5887
5510,7414
8929,515
1805,6119
2080,2530
1188,1796
7057,6791
1843,4949
2000,4650
5539,7927
8146,2431
6248,2950
6941,5750
3739,4213
6233,3355
2465,7759
8584,6459
1744,5716
8672,8561
3166,6310
8288,6747
2490,473,258,2844
5562,2499
2554,2269
8432,5980
7664,8007
5395,3603
8650,2909
2953,4074
8469,8262
2738,802
1936,3105
6441,3554
7373,5805
3705,3748,3180,358
5579,1524,2758,1519
1278,2918
3397,469
2905,6281,3531,4836
81,3313
7644,6263
1274,5724
894,1262
2688,3540
4857,4418
3483,6324
4624,7944
7485,471
1888,7474
1849,6466
6840,2241
5785,6841
4139,5439
4444,7949
6166,799
6947,4979
5410,6044
4241,7186
7236,9015
1818,2351
1925,5606
8287,7095
1752,7039
2837,983
2445,3718
3090,3566
1721,4077
2588,958
4826,2626
8645,2894
4448,2110
644,1885,838,397
4625,4710
4034,4926
5506,1118
4016,6188
1050,2999
2384,483
7595,4550
1784,2828
392,938,2756
4040,4906,7539
5081,3158,3183
241,5234,4402
4891,445,1847
3928,1614,3607
1584,1377,2236
1545,1587,3861
1296,4449,5703
2238,1565,3182
1235,2645,6726
850,2235,1918
8000,6235,502
1932,3142,1108
2385,2354,956
828,4318,5007
2842,1829,3455
3106,2778,852
4210,475,3023
1504,372,2116
4514,1834,1853
862,977,510
3186,2923,3452
4890,4356,743
3207,4523,1679
212,2069,2751
738,3402,1503
2104,2582,927
2841,1380,2812
1959,1958,2087
379,2459,3102
2920,859,2823
3608,834,3237
7577,1689
712,3516
305,4684
2672,441
317,4445,8279
3632,3651,4219
4864,8749,2222
5508,668,8407
2816,8132,9004
472,6109,2503
363,1356,2062
368,2088,7417,365,367
860,646,3199
3184,1067,374
4978,3021,814
5780,1436,3204
4371,2061
4317,589
5971,4739
7530,829,591
842,3782,1935
1688,2811,4598
8474,701
8962,5479
704,2587,1028,1019
3301,1964,7053,5607
1665,946,4995
6689,2735
948,1542
4839,6046,2767
1089,4716
4780,5255
1216,1716,2757,1887
1240,1588,6309
3315,5332
2660,6167
7412,4622
1305,5772
8138,1427,5295
7272,7337,1450
3504,8422
5424,3931,3126,2327,1579
1699,3654
3842,1860,3909
3037,6903
6584,1868
3761,1998
8003,4227
8882,5989
2971,2669,2670
2761,8862
3753,7170,6915,6307
5618,4363,4116
5617,3141,2766
6144,2822,5415
3692,3294,3143
4125,3165
6587,3910
7816,5504,3174
8052,7710
3882,3604
5018,3667
5368,3190
8456,6126
6200,8694
6524,3374
3635,7006
4705,4482,7733
5571,6213,6664,4970,5438
5216,8267
8928,8833
5441,8771
5712,6389
7706,7628,5781
7899,8165
7805,6062
7354,7870
7922,7956
