1540,5646,3093,4637,7718,6184,7727,7731,4148,8760,5690,3132,5181,572,3139,7247,8801,6243,2667,6767,2675,6270,4758,5276,2716,5282,6826,6319,6334,8385,2242,6859,5335,6369,1762,1251,3302,6375,8426,2796,2284,6893,5364,3322,4861,7422,8959,4872,7434,4880,8465,3865,3872,4384,8994,5922,1830,9002,2347,1326,6450,3379,1334,7480,6973,3904,1865,6986,332,4439,2404,8037,3944,876,3952,4485,6538,6026,4505,940,5549,8109,8623,2989,6577,6064,4019,8628,6070,7612,1986,3548,7646,4575,3038,993,7142,3069
5125,7047,6793,8075,3470,5392,3088,8340,1429,7067,2334,5925,8879,6579,6710,4279,7479,4670,3264,4800,8643,4036,8516,5959,3657,8778,4299,8012,1229,5965,8017,4694,6232,4569,5464,6367,5344,4834,1122,8806,8807,5991,7152,7026,1266,2034,8821,763,7804,6398
3586,2704,8212,6293,7319,1176,3103,8607,935,7849,7465,1194,7724,4783,3248,3763,8118,4542,320,8902,1384,8941,5103,8943,5759
7309,1807,8730,942,7986,2367,7104,6341,8137,2893,6992,4177,6356,4310,479,8550,7913,7276,4094,8190,4472,3193,3706,7037,6014
4488,6157,8982,6298,6437,6191,8495,7732,5429,1589,3001,8762,7747,5455,8400,6752,3169,3689,2543,5619,8051,4983,1660,254,7935
5633,8709,8454,8986,7197,6047,6561,547,678,8754,5938,4407,3511,4797,7229,1730,5698,2247,7626,8790,8792,8152,6760,888,6522
6667,8203,5649,1042,2196,795,1053,8733,556,5047,2359,7483,7614,6979,2378,6736,2258,4696,8156,8291,1130,4463,7666,3059,7924
1668,5637,8972,8846,7832,8857,8356,1061,6568,1706,2606,5040,5171,8505,7994,5820,576,7360,6597,4172,8541,484,3818,8940,5493
8192,6279,5643,7441,4115,8085,2071,1311,5024,8993,5668,1447,553,6187,7596,4267,5426,8884,6457,7097,3520,7492,6985,4553,4042,6731,4173,5839,1616,5204,6486,4183,604,4060,2655,8803,7140,1635,8678,1003,748,237,1646,624,5873,2290,6642,1653,4597,8183
3592,7822,8855,6296,8217,4766,8735,6815,417,4510,4517,7093,2744,5817,3775,8386,7497,7762,5082,8674,3427,8804,8434,5246,4223
4377,1696,3245,6574,8111,8883,6068,1463,3257,2875,1596,8896,1473,1481,8908,974,2386,8534,7511,5720,7769,8924,3947,7410,3188
5381,7942,8582,135,5770,6282,6154,8847,2449,8342,5660,3871,3616,5026,8871,1320,2856,5546,7728,5809,8626,7091,5428,8117,7734,7351,3641,4153,6462,6848,7872,4548,4165,6093,6351,6354,8787,5588,4563,7638,1878,8668,7651,2149,5355,4844,4588,8047,8182,7164
8064,387,7819,4747,398,3091,5142,3740,7326,2339,7213,7481,7745,4932,8523,6732,6228,7518,3552,8937,8439,8953,7932,6782,4607
5387,4878,5647,6929,5650,6421,6423,4506,7842,7075,8739,4262,4146,7348,4665,7233,8260,1358,2002,6764,4335,3698,6258,504,6654
512,6786,7556,8839,7817,5258,5131,6411,7565,2578,8979,7704,6683,284,8609,2595,7715,6179,6692,4271,7344,4528,3378,5688,8376,5436,5950,8512,5313,8898,2883,5831,6600,8776,6344,5577,3148,8530,6483,4316,8798,5470,3171,3299,1387,2412,6765,3696,2806,8829
899,2438,8983,1307,1068,1838,4915,6709,1592,7869,8637,6599,7370,4558,3663,3153,3411,8537,6105,7779,5731,3176,6121,7529,3319
8451,3077,1288,5257,7568,4122,6045,3234,8360,9011,8502,4925,1994,3916,8780,7378,6874,6882,4581,8039,3306,5484,6254,8948,8700
8081,6292,535,4376,6428,8868,7846,685,8880,3518,6464,4046,8784,8799,1506,4969,8938,1514,2924,7668,5241,6650,5115,7549,2303
4352,3971,8068,1160,7307,3214,6798,5775,4627,6165,920,7323,412,4257,3621,5671,5032,7979,6065,4403,4292,5066,7379,998,753
5249,1921,7428,6533,5894,2568,5640,2570,3722,3724,1933,1934,8848,3473,4754,8343,6040,8477,1821,7840,2980,2474,8234,2044,7858,1717,7609,3519,3395,3269,2759,199,7122,7891,980,3673,3803,6498,227,7784,8569,874,6635,6251,8305,8690,6385,5497,3196,6399
7447,2983,5928,8618,3626,2733,5554,1973,8251,7740,3647,8255,5188,7495,6984,3277,1237,7653,7781,2922,8683,2031,8048,5624,4732
0,6278,7431,7433,5901,14,1937,3352,7455,7720,3117,6594,7623,1608,1101,2510,3792,6997,8030,6111,5347,1264,4338,1271,7289
3974,4989,8338,2964,5654,7201,37,8750,8499,7991,7871,7748,5573,4169,4427,5580,8271,7380,5592,734,7014,2279,2425,4605,6142
8195,6917,519,5768,5128,5386,6418,6434,2722,4259,5288,7209,7469,6079,1857,6851,74,5323,5713,4565,4824,7268,2932,8180,5245
3970,4101,5512,6539,3097,6426,2463,3495,8756,6708,7988,7737,5819,6205,8769,6085,4552,7117,5715,8659,344,987,7528,8306,4084
5380,4365,7951,8849,8215,8236,6833,8116,8885,4027,6340,3911,6474,8779,4815,6225,8276,5978,6116,5220,6759,2283,8556,6640,7294
5760,8194,7171,2309,902,4877,4117,3223,6424,5530,8606,8223,2976,2727,3498,6141,4673,8913,6744,7772,8431,8178,8950,630,6269
8322,7946,6795,5913,9006,7600,8881,1205,7607,8763,5053,325,4938,7774,5342,8933,4070,8679,4713,6633,8303,4464,3574,7672,8446
4610,6409,6931,4900,7865,447,1346,7749,1991,2125,7633,1490,6867,8532,2782,8032,3557,8823,872,2537,491,5612,4078,507,6267
2048,8067,4364,8716,5262,3878,7591,4006,3370,565,8129,709,7116,8783,8527,7889,858,7771,6376,360,3050,4461,4208,7029,7415
6149,6024,7561,526,8975,8853,1314,5670,5286,4275,8886,3254,8634,830,2889,7372,1110,3035,3164,8927,6114,2664,1643,8301,5112
5376,4994,7298,653,1037,4504,4124,3356,7198,2210,4520,1967,2866,2505,4087,6612,5722,4572,6623,6511,3828,7540,6647,6265,8062
4992,3715,5776,4498,6566,7848,3112,7602,7475,2867,8123,8511,8772,8781,8143,8661,5215,7264,8802,8163,7138,4198,2541,8697,2558
8066,6922,5644,2833,529,6291,4889,3225,7841,6051,7331,8617,7089,6322,6706,8372,3384,8128,7363,8903,7113,7903,6497,5352,7544
1538,8327,8712,5897,5658,4251,3491,4141,4539,8384,4163,1097,1738,1874,4436,6614,7128,8923,7260,222,2153,492,3695,8946,6262
1536,4229,8702,3466,267,7183,5393,8722,8596,7958,7194,4003,6181,2471,2728,6572,6325,6855,4049,7255,3178,2158,2546,5244,8574
6944,7457,5825,452,4009,8906,4459,8652,8553,559,6289,8468,7413,8791,7545,7611,8348,7901
8737,8036,8166,1225,5898,8139,2929,3826,7443,7893,2135,7063,1080,1210,6012,4893
3585,5474,4323,6500,8389,4295,3273,3850,2094,4656,4112,7157,5622,1531,1341,4157
8579,7303,8715,6162,786,4631,8987,5404,5149,1191,8487,5550,8243,7220,1598,6733,6481,4181,5078,5466,7390,7016,7531,4972,4478
8708,6276,657,7954,8214,7321,7340,7983,7856,7604,5305,4803,8009,2381,2254,7125,5334,2775,8280,6242,4968,4332,4081,6909,1150
4357,8210,1683,5141,5158,7079,7473,7218,1970,2173,2870,2429,7488,1221,1610,2635,6739,4437,6490,4327,2288,6899,6133,3573,8573
7042,7566,3472,404,5628,8227,5936,4529,6835,8895,7743,5061,6215,8905,6346,5460,6873,4828,4958,8809,3564,6901,4729,8956,5629
2434,4742,8078,8224,2848,3755,4143,7472,8503,3385,6713,2879,5827,8773,7500,7246,5967,2256,7526,5996,3694,6129,5238,6904,7807
8462,5139,6682,7845,4648,2858,2477,5812,3382,8758,7608,8761,8382,7487,3138,8259,1989,8909,6998,1623,729,3700,5879,6392,6526
7552,6022,8095,7206,4647,8489,8238,7855,8368,7885,7249,7510,8920,4440,8667,8411,7397,7910,7017,1391,5616,6130,1403,7933,8958
2313,400,1941,6680,5020,3229,8357,8103,7854,6323,4020,2233,6330,8899,6472,5070,8660,7134,7783,8041,7915,5486,7023,1399,8185
99,6820,4230,8520,7786,2539,8202,5773,7696,3953,4017,499,3510,1143,8312,1017,2906,7069
7682,7875,8677,5350,8071,4264,8904,3242,8043,5837,3917,3795,3637,7862,4024,4600
7618,4740,4996,5191,4521,5707,7133,5265,434,6933,7189,2167,6585,2747,2077,5886
3589,8966,2956,7948,8850,2199,6432,6704,8636,7358,4936,7883,465,4818,8788,7386,8922,7643,3682,6629,5353,6250,5613,4085,6780
2689,4492,280,8351,5799,6695,6057,6828,7215,3252,5050,6075,2754,1604,3013,5575,6216,5705,7240,1625,6491,4957,5101,3054,2943
6528,2820,6790,7815,3339,8461,7190,3864,1946,3100,4896,5280,34,8483,5537,7462,8231,295,1965,8622,1455,5299,1076,3765,4791,5566,7490,5957,3913,7371,6735,1234,8404,2007,8926,7905,2789,6887,7400,7655,5867,7404,8685,7790,4976,6896,7536,3704,7674,7806
4360,8968,3337,6540,3475,4898,5155,4145,8242,6837,7606,4921,2362,6217,6860,2765,7504,8535,7513,1498,4191,4340,7669,7801,4733
8449,7297,4868,3593,8588,5136,4369,7314,5810,2229,7096,6338,3780,4682,715,4685,4175,2132,8793,2012,8424,7150,2550,1146,1662
8705,8590,7703,7325,6305,6178,8355,7205,3883,8752,3890,3634,5557,569,2364,1348,8647,8149,1630,4196,7398,7537,4473,1147,4991
5505,8581,3976,8201,5642,6926,5009,7446,6809,7961,7837,1961,2090,5163,3892,8891,3778,1476,7754,8907,2127,7765,6117,4079,8825
128,8832,3459,8198,4630,7973,4904,5672,42,6699,3642,7616,2882,3524,6727,6347,7629,6990,6238,3810,5744,6131,2680,6905,2814
6274,4867,6275,3594,2451,916,6685,8096,7459,5166,3888,1331,3135,2495,3526,8011,1231,6355,7636,7127,4837,5745,8443,5500,6015
6544,8852,3989,5788,6303,1184,4770,2212,6053,3628,8494,4285,8254,8519,3659,6607,7632,1233,4689,8153,5595,3045,7794,8435,6007
7695,8335,7955,8728,5406,1697,3881,4144,6963,8373,4023,2488,6715,4030,5185,8775,3144,4303,7509,1631,3939,5859,7013,8563,6393
3840,6661,8070,4999,8723,8724,2711,2206,8222,6952,6313,8362,8751,4658,7092,8889,3649,3018,2517,8917,8290,8035,6771,1529,5119
4359,8842,7055,8976,8592,7833,2723,4516,7717,8998,5046,7232,1219,7752,5449,2252,4947,7895,5356,8054,7032,2809,4091,3068,8830
5377,8706,2433,6803,5148,4383,6446,1467,6982,7251,7776,2145,7010,8033,7652,4709,8423,7273,5740,2286,7282,8564,4212,6774,3192
8325,7304,4618,4106,6035,3477,5398,7064,5022,5156,8997,6823,8239,7867,5321,8278,3287,6362,8794,2273,4199,5482,5866,2934,4599
8460,8077,4497,1940,8981,8087,7975,6440,8748,6316,5425,818,8244,5685,6839,8508,3785,4703,8552,6761,8555,5868,5487,3057,8820
6019,5764,8595,3219,670,4135,2992,9008,6711,314,2111,7111,5840,8144,5718,4954,4831,6885,5221,7916,7277,6643,3064,7419,8701
7424,4866,8515,5893,4424,4395,8973,7598,5232,8539,7827,1718,8056,7162,8283,6172,2941,2623
3489,8099,868,1733,7686,8711,8901,3530,4717,7758,8399,3857,2803,7507,6554,3419
8865,5060,6020,6183,6591,6857,4591,1040,8914,5107,7767,4632,6169,1405,5502,6655
6534,3208,6808,7451,8741,8873,6060,5677,7221,6965,311,8767,7124,7764,5972,7770,7259,8808,5993,8061,6768,4092,2813,3838,7167
2056,3217,2323,8092,5535,7971,6821,5287,3247,8240,8370,8379,8638,4415,8640,8642,2631,5454,8015,8282,2399,2535,6508,8045,6380
8324,3462,271,6549,3480,929,804,2344,4654,7216,5553,689,6972,2891,7120,2525,8932,4965,2278,7789,6769,4593,8692,5369,5114
7809,6658,1411,2571,5263,150,790,2710,6176,2223,6452,7992,8765,1727,8130,1606,6858,6741,1376,8038,7527,2794,6895,4592,4221
4195,8004,4615,7375,8496,6745,3154,7826,5524,7892,3920,6135,6936,4185,7130,6363,6140,2078
5632,3233,4802,5603,7074,3365,7464,4138,8875,8688,7024,3026,2128,6067,6365,3711
4000,6244,4233,6954,7274,1836,6028,8174,206,4724,3285,7349,6583,1558,7707,8189
3329,5639,7688,4623,8977,8341,2454,4373,6308,2342,6570,8367,2482,3123,6196,3406,7257,2265,3421,7011,8167,6381,1774,2041,380
8448,4483,5765,8710,3474,1173,2331,175,4913,2612,5051,3004,6907,7239,8653,7508,3162,864,2016,3684,7535,6387,2169,3450,635
1891,8155,3814,4041,8746,5545,3884,8265,6349,7407,4304,7761,7411,308,4089,6107,1469,3358
5792,3172,965,8568,5513,1353,3824,6226,6514,3443,6870,7960,6299,2045,5630,8447
6880,4930,8452,4456,7756,2573,5708,8016,2161,5330,4952,5909,3736,4059,5756,2046
6146,7813,6662,4871,6928,8464,5013,918,7831,1439,5542,4522,1709,7101,7364,5581,5458,8916,5209,6878,3303,7657,3312,1526,5495
8704,8838,3085,1685,5655,3615,3874,6827,7984,4401,4022,5946,8388,7243,5325,3028,5975,5849,5468,7904,8554,5610,7799,7161,5372
7818,1170,8476,8605,7454,8101,3493,7593,9014,8759,7223,4676,3321,5452,8910,3296,3430,6507,5739,8947,4980,8437,7031,6649,8572
7936,6153,6038,7207,4137,6955,3644,4290,2375,8777,7369,3538,4693,7641,5594,7388,3298,3042,5477,7782,7145,6259,4855,1789,8191
1414,8841,6286,4752,6170,2074,7834,5680,8504,3259,4421,2897,5457,6231,8796,8028,7391,7525,4329,8429,8307,5748,7541,7542,6911
7296,6663,7694,7058,8726,5152,5281,7458,6563,5667,4903,3111,6716,959,5312,6980,6724,7755,6222,4701,6371,1511,5226,3439,7925
513,5890,5122,2051,6280,8587,5260,6670,7312,3858,1443,7346,8115,7864,5062,4811,4560,2387,1368,2911,3942,5735,4457,6379,5627
5001,6284,6797,4245,8854,5401,6940,5791,3744,3362,1059,7471,1329,6966,6345,2508,4943,4306,3551,7908,7141,6001,1011,6651,7420
6018,3716,645,1294,4368,3856,7570,4499,788,273,7318,6416,5275,1824,5921,2978,2083,2724,8226,932,6946,1832,1833,812,303,2996,7350,6968,3129,7362,4425,2123,3022,5207,855,8154,2780,7265,5090,6627,8164,4218,5224,6384,7409,8565,503,1914,6396,2559
5516,5518,5135,4113,4114,8088,7072,6433,2855,8492,7999,8513,4039,5063,2762,8277,6742,2647,8405,3290,8549,7918,7151,8310,5881
7168,8453,6283,3853,6800,1945,8602,2460,6558,2591,6951,7211,8877,6328,6467,1612,2895,2518,5736,3305,3827,6772,8179,7677,3582
1408,4354,2916,4582,8893,2058,970,8619,6637,3629,1840,6864,7635,7059,8725,3772,4381,8510
832,5448,3449,4108,7343,2959,7123,5011,9013,6102,7192,1595,5435,893,990,5883
2113,7266,675,1893,7430,5543,7878,1357,4782,7087,3567,8911,5941,7897,6620,2302
6913,3011,7172,133,7078,3876,3656,6520,5037,2350,6479,6609,4946,5043,4726,1078,6390,6394
7648,4641,4543,5098,6220,8621,3342,3630,8912,6097,6738,3666,8175,4817,4667,4959
8897,2561,7333,7589,4808,3688,7690,7051,5964,7821,4495,2927,8817,8789,7291,5116
6401,2827,3468,6031,5402,4636,4767,810,2108,4806,8268,8397,5586,7126,6103,5089,737,5857,4453,7271,2666,1772,2293,1657,4606
3072,3977,4748,3728,7448,2585,1693,6049,300,1724,2237,4678,3284,1495,5208,5854,873,490,1778,3314,4339,376,2553,2042,5755
6531,6302,2977,4391,8104,6061,6712,6211,8774,3400,7377,8019,6625,6626,4578,5091,2274,5480,8169,4973,1521,244,1525,6773,1917
4480,6789,2694,2186,7693,7054,5906,8601,5151,5023,6048,4771,6180,4392,4397,1198,6958,1074,5830,2121,3535,6098,6619,7793,2294
5761,5891,5892,5509,5129,7563,2705,6295,8604,1950,8478,807,2603,6190,3127,8631,8252,2885,2523,4062,2532,4076,4846,5998,3325
3713,2946,2436,2053,2188,5137,7578,7583,4643,2602,8363,7102,2373,5318,1223,6871,3032,1755,94,2914,98,2804,251,1277,895
5955,5766,3464,6602,7020,6477,7084,3212,4399,8894,1869,3998,2706,8396,5943,8120,5214,4255
5920,5696,5346,6403,2696,5815,5911,3821,7726,6672,3923,3991,5434,6139,7357,7967
1569,5432,68,6471,6730,8107,2860,6606,3503,5552,8053,632,8633,3003,5052,7293
4737,3081,3979,5134,6287,2962,7700,6550,3993,7713,1202,694,6201,7034,4556,4429,8284,2397,7393,4451,366,6898,5363,5366,1786
1795,1285,1157,8971,5648,7187,7320,5917,3617,4258,7976,2604,5807,4919,4795,7622,5850,1250,8547,6631,3437,3568,8049,7673,8442
7939,6723,7334,8042,3371,2830,144,3441,6834,6161,7796,7573,3702,7894,5848,7033,3218,7634
4704,6785,7712,6560,8996,6118,1719,7882,4331,5804,7660,7663,3095,2296,6236,1535
8345,5253,3272,6953,7978,4841,3820,5195,140,8050,5877,3897,8856,8441,5242,7550
8352,1474,3619,8323,8770,5702,1640,3401,5609,6728,5132,2320,3281,5522,5811,4852,7061,7231
5527,7073,2177,7301,3528,7753,7534,6830,4596,5397,7030,5559,4984,4790,4604,6174
6208,6756,8319,4551,6634,7147,9005,5358,8815,909,7665,8213,7384,1562,7263,5183
7553,1793,4741,2314,8332,3479,3487,8485,2600,169,1459,3901,6077,6983,8656,3925,5593,1882,8286,1126,4967,4585,7403,7021,2422
1797,4613,8205,2190,8603,3997,6813,8992,5673,698,5693,962,7366,5068,1361,6487,3288,4067,7269,6124,7662,6128,7923,2547,4346
8161,7937,8419,7587,4133,4058,4680,8393,8297,5709,2831,2194,7476,4501,22,3578,5947,8575
5123,2615,2024,585,7418,3051,1516,7917,5324,3501,4438,8086,2968,7450,1787,3224
3808,3425,5186,5412,3109,5899,8302,5918,4911,3731,8309,2039,1977,8026,3771,8094
4616,8719,156,2208,8736,5924,7468,6575,1968,3889,5297,2868,3639,6456,6458,7866,2363,3140,5706,8141,8915,1117,6638,6646,7288
2178,1286,7305,8079,6802,8470,4892,2472,7338,2475,7083,5933,1338,1339,1980,8403,2901,6616,8159,2783,5093,5862,7286,4601,4602
8,2824,1676,1548,8207,5531,4508,1576,430,1461,4150,6842,6844,8124,3016,2644,5719,6615,3935,863,2919,8813,8818,4595,6004
7432,6536,524,6673,1811,5779,2965,1814,2967,2457,5532,1952,8354,1955,2731,1452,5419,3886,5301,8402,5843,3671,4475,8822,2683
1422,3239,7597,2740,2107,2109,5699,5444,8390,8392,5064,4312,217,8544,2272,1254,5481,6892,5869,1518,5229,7408,495,5490,8318
1664,1686,1687,2462,1831,5423,2226,6198,953,954,8126,2629,2630,5829,2377,5453,8526,4688,2512,1365,5339,1374,1381,4853,117
5120,3460,5382,7177,8585,5130,6032,4990,7852,8755,7477,5561,2877,6978,5960,4182,4698,4956,4961,8557,6766,2292,7930,2940,382
6919,6665,4763,6942,160,6562,9000,4524,5678,7738,2493,4700,7517,7295,4192,7523,6374,2407,3950,3825,4722,1909,5111,3832,5375
5473,8197,3461,6151,5193,5834,7532,6701,1742,4561,7859,7253,4246,4886,7928,7829,4477,7838
640,8576,8098,643,2467,8133,5476,8824,8497,8444,4344,2105,1434,3836,6137,7423
6717,6468,4420,4104,7689,5289,1740,1741,5071,3665,2771,2745,58,3292,3357,7902
7649,6017,1155,740,2372,5990,5931,4204,5548,7950,1713,4050,853,3669,2679,2421,6207,2687
3108,4869,6501,2917,3721,235,2221,3279,4379,3760,2067,1747,3987,1435,3227,1438
1543,871,2793,2218,2251,7592,3565,4942,5008,2225,370,3383,5878,1142,1564,477
5121,8713,5385,4875,3978,7311,3727,6008,6805,7322,2589,8743,7081,6445,4525,1072,3377,1972,6074,6588,7868,2366,5823,4669,8001,5578,4939,6604,4298,2639,5841,4054,5852,6877,8671,1120,8289,5730,8034,8551,3048,7019,4718,1134,496,4343,1144,6011,3708,1791
5856,97,2338,4707,262,1767,3719,4103,3788,4974,5519,1681,2995,3413,3222,951,2973,2654
1025,706,2371,6436,2118,4394,1674,4843,3005,6192,593,4945,2065,848,1052,3933
869,583,6027,5626,4955,1852
3010,6677,3801,3898,4350
3776,424,2773,4026,1215
7554,8834,5638,8843,7709,7839,4515,3751,2216,1705,5420,7853,6194,438,4663,2240,5570,3523,454,3286,8918,5853,6749,8415,2276
1682,5907,532,7452,7071,7590,8874,8500,7993,6203,190,5055,1484,6605,5582,1487,5328,1873,5459,3934,4963,4071,5230,1776,5880
4738,6669,2318,8717,1298,3860,3738,1566,1567,8232,4393,5164,1586,1850,2491,3393,7107,6725,2646,1750,1242,4320,6624,3317,6134
1568,2082,2084,3238,4531,2227,2750,3007,841,844,3662,3791,846,466,2520,4188,1373,4321,2921,6890,3187,1140,4086,3577,3454
7681,779,2316,2957,8084,6548,5017,540,2461,5533,5664,5168,3120,6326,4282,4284,6845,2502,6091,595,5597,5601,5729,2164,4215
6148,8328,7179,2699,6930,6290,4760,5793,6567,5292,7217,1332,3521,5700,7493,5447,5065,1227,6113,8934,3816,7406,6003,8440,5884
6240,5733,4966,6920,8649,8330,6317,8142,5935,4431,4819,1493,8245,5974,6776,6425,8826,7581
7489,3681,3561,8394,6089,649,4205,4847,6515,4532,5431,4248,8827,4189,3678,6687
3968,8257,5986,5442,3908,4805,8294,8967,8458,5450,5902,5778,8083,4341,5049,8060
4224,1154,6788,6664,1418,6668,6160,3346,7572,8727,791,5407,6948,4772,5802,1323,5932,1325,8366,8753,8374,4534,2102,6720,3266,195,5443,8132,3146,459,7546,5583,7376,6610,350,5471,7521,612,8292,5865,123,881,6518,3834,2299
4097,1667,2691,2184,3215,8720,5521,8598,2714,5408,8872,3369,4905,2732,7725,5683,4922,5438,8127,2624,1601,4674,5571,6213,8264,8521,4170,7628,6862,6750,6245,5478,3686,4970,7285
1152,7044,1798,3846,4236,1038,5264,6163,2324,2326,8472,5016,5915,8989,8861,292,2340,1317,7210,7599,2864,6454,7739,3263,3650,8771,4809,1757,7006,4193,3175,1769,6636,8311,8188
768,7040,2818,7043,773,782,8334,3600,1300,2708,7579,8866,7722,5675,8364,7341,3374,5295,7088,4786,7478,2748,4927,7619,5445,6088,8267,3541,5973,8151,599,4589,4986,7803,7551
6152,8591,1816,3226,6043,7836,4253,7195,5293,6200,3896,6970,6852,7494,3143,6603,5202,4311,5080,3294,8158,8805,8296,745,1642,5995,3692,236,3433,1649,6641,8694,7671,8314,6524
3456,3331,3075,8844,2829,6542,8593,7699,2327,7065,4121,3099,6811,6559,2469,1065,3115,181,3126,7736,2617,443,591,5712,5074,4691,2262,3936,4708,3436,6894,4474,7802,3964,3581
4225,6659,6407,7050,3982,2834,5781,7706,2203,1820,1692,8862,4129,1571,4653,6702,3759,4909,8629,5308,829,8008,3403,8663,732,1629,5087,5217,5096,6249,7530,368,7281,761,5117
8928,4705,8962,2786,7812,7237,6080,1898,2845,8974,912,2162,3955,3448,2137,2300,7773,3710
5216,7427,4324,6916,8931,5635,4234,8138,8172,7470,7919,5970,7733,4406,6039,1501,4414
2147,7203,4037,6311,5223,7175,8381,7502,7887,6224,3635,4307,6551,2328,7417,7996,6237,5790
3553,4706,2307,7876,2693,1655,6120,8105,2761,7052,1167,6578,6676,7989,7159,6906,6876
1284,2949,6406,1935,5270,5784,5273,6681,2715,1688,30,4386,1579,2219,5424,3761,7100,4413,8639,6084,3398,4935,2248,842,4428,8401,4052,8150,8930,1513,1770,2669,2418,5621,6391
6470,3335,7816,3654,5031,8747,3545,8474,4622,8681,7824,5489,1427,8501,7575,5753,7354,3037
6496,5441,7353,8457,426,6443,1868,7966,5332,7412,3734,6167,1944,1305,1302,2873,7486
1665,8965,1542,5767,2061,2062,5653,1823,6689,1186,937,8106,4652,2735,305,948,1716,441,8121,5310,2757,2503,1356,3931,3420,6109,1887,2019,363,365,2670,367,6005,4598,2811
5504,8833,4482,5256,7691,5772,8204,1911,7952,5905,6934,7835,7710,4512,3756,1199,6584,63,8768,8383,8525,3280,7890,5336,7132,2402,2660,3174,2409,5099,3308,3315,8052,6903,2298
4739,392,265,1677,4371,1689,7577,2971,2205,1694,1827,6309,549,2088,3131,1216,712,2122,4684,589,4814,978,5587,5971,981,88,1240,218,4317,1246,1248,5095,4978,1781,7675
4545,3041,5507,4293,3516,4011,4716,7439,2672,3283,6100,8627,5367,6872,5018,2011,1212,4895
1089,355,3782,5255,4839,1575,938,7467,4780,1671,2567,2767,1588,8471,472,7929,6046
3842,3204,2052,646,1545,5007,5780,1436,1565,1829,1834,1067,814,817,697,1860,3909,6726,2756,3021,1235,5847,860,862,1377,8548,3184,4720,3186,7539,6389,374,502,1918,3199
6144,4609,2692,1028,2822,8456,7315,3604,4500,4118,3992,2587,5415,1960,3882,6062,3122,7355,4283,1854,704,8258,6729,3667,7899,2524,3423,1889,8165,6126,3190,5368,1019,4860,7805
6657,4227,8580,3844,6674,4249,1699,5284,1701,165,7337,1450,3504,4657,8882,51,4788,4537,8249,701,7870,6465,8003,1998,8655,3798,3675,5212,3165,5989,2023,7272,5479,750,5498
4995,3207,7053,1679,2069,3607,3608,2841,4890,2459,3102,927,3237,1958,1959,2087,4523,1964,946,2104,828,2751,834,3402,212,2645,4318,3301,5607,743,2920,3182,3183,241,510
4891,4503,3142,4040,247,2842,1584,977,4210,5234,4402,3861,3158,1587,3928,2778,859,2236
3106,1380,2116,2812,2823,4356,2923,1932,2235,3023,372,852,2582,475,3452,2238,3455
4864,2816,5508,1296,668,4514,4906,9004,8749,2222,3632,2354,1847,956,445,317,1853,8000,3651,5703,1614,2385,850,1108,8279,8407,5081,6235,4445,1503,1504,4449,738,379,4219
8321,7170,6915,7299,7555,7558,7685,7941,4363,4116,7956,4125,5405,6050,6307,3753,6587,5437,8002,3141,3910,2766,2129,2769,3797,7512,8422,619,5742,5617,5618,7922,5236,4469,8831
258,6923,7437,7569,8339,5269,8220,4382,7330,4134,8615,5030,4776,6447,2352,8112,2096,6836,2997,5174,5303,6967,5694,4160,6592,1734,4044,81,4434,725,7766,7002,3166,4579,8810,3179,1900,8300,3570,1394,8438,6777,762,2555,637,4222
3202,1928,4873,8714,2702,274,5271,8599,5786,3484,7328,2850,7080,5417,7850,2608,6589,6721,6850,5057,5954,3145,5968,5075,2390,2140,5984,7395,6503,5097,7659,108,4333,7664,4466,6260
3201,2563,7300,3338,1163,7949,1806,3216,6166,6044,2080,5665,1058,5794,8486,8365,8369,1843,5686,4410,1088,6853,8007,7367,7499,5072,8786,2514,2008,6617,2014,2528,1136,6516,8181,8695
1281,8963,6405,1030,3340,2445,3984,6545,3348,2837,7962,6431,5159,1324,7982,6961,2614,8764,5704,8651,6221,3533,3282,1619,6359,8024,4836,1256,5864,2027,3438,8945,2674,7283,3831,7548
3973,4744,1801,7181,397,4243,1172,2580,8851,7191,7076,5797,8614,3623,294,6441,6698,4777,4396,4661,7482,7226,2619,3261,6461,2500,4167,4812,5710,6352,3927,3550,8288,7136,2799,4982
1923,2180,6535,5005,1550,5391,2575,5529,2972,7580,5410,4388,2089,2478,2610,8371,4277,825,7496,3536,7382,7383,7001,4187,7777,7906,2661,7143,4590,622,1905,243,8057,8698,2043,8316
7425,1796,6791,7057,4625,7186,6034,5395,4635,4764,7965,6817,6691,1188,7987,3507,8887,4926,4034,7750,8263,5322,5725,8543,2530,5605,4710,6119,5100,5102,1007,8432,4849,2038,3958,6653
1929,6675,1691,6556,7969,4902,8745,2355,3253,3894,7098,7620,8134,1863,5961,4813,5198,1105,214,3415,8409,3418,7644,8413,5983,3039,8417,7519,7139,7396,358,7270,7280,7028,4213,7931
2688,4099,7046,3718,6281,8076,5536,1957,5541,6310,5805,8888,5563,1084,3388,2110,2878,4418,8645,2894,1744,3540,4823,6233,1370,4570,4827,8672,3554,2659,8561,4082,5365,4857,509,894
6912,8707,6021,6796,6168,408,8479,1825,3748,7595,1581,2862,7474,6841,7236,5956,1093,5579,3531,7373,5584,721,2642,3539,5716,2905,1115,5724,1885,1759,1888,489,3180,4851,3960,3705
8836,7944,7947,6029,4111,3603,1561,3609,799,4127,6818,6947,4645,7090,3509,7095,1849,7485,4287,4416,7108,3270,8270,3793,3160,6747,4444,2909,8542,5855,7009,5354,6639,7154,3065,7292
6976,8800,3812,4650,8970,8287,4014,3375,6994,8380,9010,8022,983,7193,3611,4348,6206,4639
6273,6372,3367,7336,5002,8650,8046,6831,2000,1554,4979,6324,5267,8247,6840,7642,6621,543
3843,8230,6648,7241,7114,6122,7757,3597,5329,4273,5887,5750,7039,4664,7414,7258,923,5439
2465,802,8262,7719,2120,8969,7082,7881,6854,4074,8648,2351,4624,8658,6002,8466,8469,1752
2437,3209,395,2828,1936,2588,3105,3625,297,5034,2738,695,5562,6081,2499,2758,838,3020,4302,8148,3542,471,4216,2269,736,231,6252,1519,3185,7667,1524,1784,8570,2557,1022,8703
7169,4998,2444,4367,2583,1050,5403,2844,3360,289,2554,6073,1722,2106,1466,958,6335,2241,2626,4550,2124,3025,4826,5980,6366,5088,4448,4322,6757,4326,1262,8559,2671,5361,5239,1274
8929,6466,5539,2787,5606,3783,5994,4139,2156,3768,8146,4756,3483,2485,7927,184,5754,5147
836,2918,2825,845,3566,2255,3355,7515,1721,469,2742,1015,857,473,955,3739,1278,1919
483,3397,2950,6248,4617,6188,4016,4241,3313,2490,5845,7062,2999,6263,6459,6941,1118,2431
1984,5506,515,644,1925,5510,8584,2953,1805,4077,7759,2384,3090,4949,9015,5785,1818,8347
