387,7565,2704,8979,7704,8609,7715,1194,8750,942,7344,5688,7481,314,8251,320,5313,7104,5323,6093,1358,2002,8660,6228,8798,7913,2539,4335,8569,3706,6014
0,3716,3077,2438,1288,8983,7201,8360,8618,7469,6709,3647,5188,5580,2510,8271,4565,7128,4703,6882,4581,8043,6254,8948,2425
519,6409,5245,5654,3229,7991,7865,6075,8382,447,1346,3138,7749,5191,1097,4169,4427,4303,7633,1490,8532,2537,7415,6267,4989
8327,4492,7958,8099,4003,2728,6572,2754,8259,6599,6216,5705,6855,5575,7116,3277,5713,7255,729,1625,3557,8039,6262,1399,5244
2689,4230,3466,5773,7183,7696,5139,6933,7189,6554,3493,4521,5931,4017,7618,1989,7885,466,3795,8667,7268,5612,5487,2932,8312
280,2724,804,7334,6695,4264,3242,5886,4654,434,2996,6325,5050,2111,1991,8520,3917,6491,5090,8677,6507,3054,5232,5369,6142
7424,7682,5893,5129,5647,7827,7319,8730,8226,6179,807,7598,6958,7986,8631,2367,8515,5577,479,2532,8056,4218,7164,7037,8190
6018,5891,5892,7563,4748,3468,4368,7318,7448,8478,4767,3127,1724,2885,4806,1495,5857,7271,1772,1778,8565,1657,1914,251,2559
6401,2946,2436,2053,2188,8973,6031,5137,6549,7578,5275,7583,2602,8363,5318,1223,4425,3669,6871,3032,7265,98,5224,7409,895
1536,6017,4737,3713,5516,3728,2962,6049,4395,5548,1713,1718,7102,6207,8397,6103,8154,2654,5854,863,4451,4593,6898,5363,5755
262,3721,2065,8722,2067,3987,4379,3227,4643,2221,430,951,7608,8513,465,4050,1747,2644,217,5856,7649,1767,2793,7277,2421
4103,6027,5519,1681,6677,2973,1950,424,6968,4026,3898,1852,1215,3776,454,583,3413,2773,3801,4955,4707,869,4974,5626,4350
8460,8207,1941,8603,8733,8095,5280,4896,3117,8238,2733,4020,1973,2359,6330,6973,8642,7623,6997,4439,4440,1882,8411,7259,8801,5347,4067,7397,7910,2031,5616,6130,4338,5624,8185,8061
2820,8,2316,8461,7190,3864,5537,8354,7462,8231,1455,1461,6842,6844,8252,5566,7490,3016,6472,3913,8404,5719,6615,2007,8926,2789,7655,6887,7404,8813,8685,7790,8818,3321,7806
7432,6536,524,2957,6673,1811,6548,2965,1814,2967,5779,2457,5531,5532,2461,5533,4508,1952,1955,2731,1452,5419,3886,5168,5301,4150,4284,8124,8402,3671,3935,4475,8822,4215,2683
512,8194,4996,1160,6026,6283,4877,8849,788,8214,6944,4517,4006,1320,8236,1965,685,1326,7604,8758,8502,4665,5690,3132,2108,8640,5573,1610,2123,4046,3663,6225,2780,8156,2782,7772,737,998,7528,5740,4208,503,504,507,7422
8579,8581,4112,5404,8348,5158,7218,8243,7220,1970,6715,6464,6346,6739,4437,4181,8280,4958,5480,2929,2173
8449,7297,7304,3593,6305,5936,2229,2364,8895,7743,3780,2127,4327,8424,8809,6899,6901,6133,3573,8956
6035,7446,6560,6178,7205,1961,5163,4529,6833,3890,7476,5557,6712,8891,1476,1348,8779,2128,8149,7398,8825
5632,8575,4618,5009,3477,22,7074,6823,7464,4138,3883,8239,7867,3778,6365,6638,7024,2934,6646,3711
133,1558,8987,5918,3365,7338,1836,1709,7349,1977,3644,1469,8004,7754,2635,6226,6244,8688,8309,8189,8447
4871,3464,5513,4233,8464,7960,4892,1439,4000,7078,4522,4911,1353,4946,6870,8174,7411,4724,8568,5630
8325,7051,6928,7314,5655,7707,7712,5412,7101,4543,7364,7799,4680,4817,6738,8789,7657,3312,6514,5495,6394
6146,5372,5013,918,4133,4022,5943,4667,6220,1742,8912,3666,5975,3688,8297,4457,2927,4726,7161,5116
7937,2561,7690,5899,3224,7450,7587,7333,1980,3656,5324,5709,3292,2783,3425,3942,2024,1516,7917,2039,1787
3731,7829,3357,7838,5289,6701,3501,2868,2745,58,6717,6468,1740,1741,5071,4561,2771,4438,7532,7928
8580,782,8334,912,6163,8727,1816,3226,5915,7836,4253,165,7210,5675,8364,7341,8753,8374,2102,195,6852,3143,6603,4311,8311,3294,5471,8296,745,5995,3692,1649,7671,761,8314,123,6524
8321,6916,6152,8720,8474,6043,2845,7470,3374,1199,8501,4406,6200,8249,6970,2748,5437,8639,8768,4927,4037,3654,8267,5970,3675,8931,8548,4324,8681,1642,3433,7919,3955,8694,3448,2300
7353,1699,6470,3335,8457,426,8747,2409,8525,1898,7952,1302,7575,5336,3545,7354,6934,7132
8383,6050,5284,1701,7691,8204,6443,3280,5617,5753,4788,2873,1911,4249,2298,1501,7486,63
6657,7170,7299,3844,7685,7558,7941,5256,4363,4116,7956,4125,5405,7966,6307,3753,51,6587,8002,3141,3910,2766,8655,2129,2769,7512,5212,3165,8422,619,5742,5618,7922,5236,4469,8831
8708,8709,2830,4115,8855,8735,417,8868,678,2989,8626,8883,818,8885,8754,1463,7483,7614,8896,2247,5959,8906,987,8924,8674,5730,1122,8938,7019,2803,8947,4980
8066,6922,529,4889,3225,1569,7841,6051,8098,7848,8617,2860,9006,5552,8756,2870,5432,3384,8123,8128,7363,6730,6606,6497,8932,868,8053,7544,8697,7293
7936,5760,8705,6153,916,790,8996,8101,8487,4137,7596,7726,3503,8752,7031,5052,6723,68,965,1221,8647,8652,6479,5082,6877,2273,2407,2541,6259,4855
5128,8202,2827,7447,929,2978,2083,34,37,2471,2477,2222,3382,2237,4925,7362,8260,4678,8268,3022,8277,855,2647,858,4453,360,2666,2687
3977,1676,1548,2585,1435,2338,1576,2603,3760,694,2107,2109,2373,848,853,94,2914,2917,2919,5481,4204,366,3314,4595,1142,376
4864,1155,5508,1674,1438,3108,6436,7592,2218,8749,3632,6192,2225,3383,3651,8132,2372,3279,8279,740,6501,871,235,370,2679,4219
1025,4869,3719,1543,5008,3222,1564,1052,4394,2995,3005,3010,2371,706,2118,2251,3788,4942,4945,593,3933,477,97,4843,3565,5878
5897,7434,7307,6682,4251,5658,7326,1311,6820,3755,940,9008,7862,7351,3385,8765,2889,1865,4299,4436,7124,6614,6232,6874,8923,7260,8032,3427,8426,1003,6893,6643,8820,5493,8182,6782,4223
6658,1411,8324,8712,2571,7950,5263,5011,2710,3480,6176,1789,2223,7216,689,5553,6452,7992,6972,8130,5699,8643,2375,7369,2891,3538,2525,1376,3042,6627,8038,7789,6895,8692,4853,4221,8191
1664,7809,1686,1687,150,2462,1831,5423,2226,6198,953,954,8126,1727,2629,2630,5829,8392,2377,5064,6858,5453,8526,2512,4688,1365,6741,5339,1374,8544,1381,2278,7527,2794,495,4592,117
7556,6279,8968,2071,7067,6047,4257,6437,42,6191,6319,1589,3511,3642,3520,4800,4036,4553,7626,8015,5457,8549,3689,1514,1646,5873,4472,2814
3971,4488,6280,3214,5775,4752,6165,4377,5913,3621,5938,4403,4279,3259,3518,6085,2381,5839,3920,5720,5342,6242,6114,3947,2924,4332,4464,3449
5380,2309,4364,5262,6296,3097,6170,2463,7973,3495,5804,3245,4399,4145,2867,5819,4027,6205,3524,3272,3401,5834,5978,6236,4713,3050,4084,4340
6151,4106,3850,5397,4632,4763,4647,4009,5550,5680,5815,5061,4295,3528,3530,3704,8026,4191,4323,3814,4329,4459,2288,7536,4722,4344,4473,6012
4369,3475,5141,8094,3615,5545,3634,3637,4790,6208,4041,4682,4685,4175,3281,3154,5460,4059,4701,4192,6759,4456,5866,3825,4604,4596,4729,5628
3976,6028,5909,3358,3233,5542,2472,4401,1329,3897,4420,2901,5848,3551,4704,5603,3172,3303,4199,5610,3051,5482,4079,3443,4599,4601,3578,2045
128,8832,6274,4867,6275,3459,3594,2451,7703,6685,8096,7459,5166,3888,1331,3135,2495,2882,3526,1231,7636,7127,4837,5745,2680,8443,5500,6015
5696,4868,135,3592,8841,5898,8588,6157,2573,7758,4815,657,7762,5817,5334,7961,5849,6873,8794,156,668,7651,7983,2161,6520,3257,5756
7171,8452,4104,4365,1294,2831,1298,8468,3100,8737,8485,1830,8489,810,812,8760,4930,8776,8265,5964,8781,7761,8787,3411,3176,6765,2675,8821,4478,5253,140,3470,4495,4501,8604,1697,935,8111,6354,1750,6107,5098,8683,3820,5364,2296,4089,7418,8702
8706,4163,5827,902,6982,4616,6665,5706,332,8141,8719,3832,8915,4117,7064,1117,5022,160,7523,7652,2727,6588,5678,6575,2286,5297,8370,5111,3639,6456,8762,8508,6141
3329,8834,8203,8843,7055,8592,8976,1682,8724,4373,2711,2716,8222,8224,2216,6313,8874,8751,1072,3123,8500,1972,5046,8889,190,7232,7752,5449,4172,1484,3406,1487,2639,1873,2517,8917,7895,380,5853,1120,2276,8551,5356,6381,1144,8940,6129,7032,1529,4091,3068,8829,8830
7688,3474,8341,2454,7709,6308,2342,6570,8367,2482,5051,7239,7257,3162,2265,864,7011,1774,3450
2016,4483,5765,8710,8167,8653,7535,175,4913,2612,6196,438,7508,2169,2331,3004,7839
2240,640,8576,3523,4515,3461,643,2467,5420,6605,6194,8444,2105,1434,3836,6137,7423
3340,7569,1172,5269,5529,4134,3623,4776,8615,6447,2352,2608,2997,2619,3388,4160,4044,81,3166,2014,2528,8288,3179,1900,8300,3570,4222
1923,8836,1796,4099,3984,8466,2850,1957,8764,2878,6976,1093,4167,7496,8270,6359,2008,1370,8542,3554,4579,5864,1256,2674,3831
3202,8963,2180,1030,4873,2575,2972,2089,2478,6836,5562,3261,6081,3282,3542,7382,7766,3160,8024,7777,6252,3438,6516,762,2555
2437,1801,3597,1554,8851,3348,7965,3367,1324,4014,6831,5887,8247,5956,4302,1105,6994,8148,3927,7642,4187,6621,4213,2043,8703
1929,2953,5403,2588,2465,3748,3625,1581,7474,825,1084,2499,8262,1863,3531,3533,7757,2905,7258,4827,2269,3180,4590,7667,3705
6912,2688,2828,1022,1825,695,8888,2110,4418,2758,838,7373,2894,1744,2642,5716,3540,1885,1888,1519,3185,1524,1784,2557,894
3209,2444,1936,2583,1050,3105,2862,2738,1466,2106,958,2241,2626,5704,2124,3020,3025,4826,2140,5088,8417,736,4326,4216,2554
1925,5510,7062,1818,3739,8230,184,2490,955,6459,1984,6466,836,6854,3783,845,8022,857,1118,8929,5994,2156,3566,1015,1919
768,8833,1667,2691,773,1798,7175,1418,4236,2829,5264,6160,2324,2326,5016,5273,8861,8989,2340,1317,3369,2732,5932,7599,3896,8127,3266,8771,3146,7502,4307,599,88,1757,7006,8928,612,8805,1769,881,3834,5117
8962,3075,2693,3982,8974,6542,2327,2328,4121,2203,1692,6811,8862,4129,1571,6311,3115,4653,3126,6454,443,701,6084,7887,5712,591,5074,5587,4691,5087,5096,7530,750,368,6641,4720,3964
4995,7052,2061,2062,1935,1688,7577,1823,1827,1579,2219,2735,5424,1716,441,5310,2757,3782,4935,2248,842,1356,5971,3931,3420,6876,1887,5607,1513,363,365,2669,367,2418,4598,7417,2811
5507,4739,2567,392,265,1677,7053,7439,5781,7065,7706,1689,2205,1694,2088,8105,3516,2503,8008,2761,712,3403,7628,589,978,3283,472,1240,218,6109,355,5095,6249,2672,1781,5367,4474
4609,6659,2692,7050,3604,4118,3992,5018,2587,1820,5790,1575,3882,6062,3759,3122,4283,7355,828,1854,1860,6729,3667,7899,2524,4318,1889,4708,8165,6126,7281,3190,6391,5368,4860,7805,510
3842,3204,3207,1679,5780,2069,2582,2841,4890,1436,3102,1829,1958,1834,1067,4523,814,817,2751,3909,4170,3021,6610,852,212,2645,5847,3928,860,1380,743,3182,3184,4978,6389,374,3199
4356,2823,1545,5007,3608,2842,2459,1565,927,3237,2087,1959,2104,8000,834,2116,3142,6726,3402,1235,3452,2778,859,475,862,1503,1377,738,2920,2923,241,3186,4210,502,379,2812,1918
1921,8067,2568,3081,2570,8717,1934,1933,8848,3093,1314,8232,6323,1717,1850,2750,8384,1219,2759,2505,5070,980,1237,7509,8803,2404,8041,2922,7017,7666,2809,2044,2941
4740,8071,6669,6931,8596,7069,2077,1566,1567,5502,6181,3878,5164,7215,1586,2227,565,2233,8129,841,8783,8527,2646,8283,222,4320,4461,2158,3694,6134,5238,1403,8574
7040,4224,2818,6664,2184,6668,8591,5521,3346,2708,7572,4500,8598,791,7835,4905,8366,2299,3650,4674,459,350,4193,7521,5478,5865,6636,3436,6894,3308,6518,4986,7803,7551
3846,8472,7195,6559,5408,292,8872,937,5293,6702,2864,7088,8629,7478,5438,2624,5571,6213,4809,5202,5973,8151,8158,6750,3175,1770,4970,236,7285,7675,8188
4225,6465,5217,2469,3756,8381,2617,2834,7699,2262,6551,7736,8121,3099,7100,1629
4503,2019,7876,8965,1542,5767,7996,1655,4652,2670,305,5653,6005,8471,5308
7044,1671,6407,4234,3215,3600,7579,2971,6689,6948,549,6309,7722,4909,4786,1588,948,4922,3131,3263,7619,6088,6224,981,5080,3041,2402,3686,4589,247,3581
2786,7427,5635,5445,7043,8138,5099,7467,5295,5905,2162,7733,3541,3607,6237,4895
2137,4705,2756,5479,6120,938,3183,1584,7539,5332,7929,1427,4537,2011,7870
6788,2052,646,4622,3861,3734,6039,1944,6167,4891,4512,3106,4906,4402,1587,697,2236,2238,6080,7237,5703,3023,977,1108,3158,5081,5216,5234,372,3710,3455
4449,4482,6245,3174,5255,7816,1868,8172,1614,2767,1296,7824,8052,1847,445,6046
6496,4545,5504,7812,7773,2660,5031,4839,7710,4780,3315,6903,5498,3037,4414
5441,4097,6915,3398,7494,1932,2235,5784,7725,5489,850,7890,4052,6584,6235,4413
1504,4514,7555,7272,7337,1450,4716,5772,3504,2385,2354,7412,3797,956,1853
4994,7428,6533,5894,5640,8343,1821,7198,7840,2980,1447,4393,8234,5426,2866,8503,7609,317,3519,8255,3395,8519,199,8909,7891,3673,8153,3803,7782,6635,6251,748,237,8305,8690,6649
5376,8195,6022,5497,267,6040,4124,8477,1568,2082,2210,2084,2474,4531,5812,3007,3269,844,3662,3791,846,2520,4572,1373,4321,227,2921,6890,3187,1140,4086,4087,3577,3454,6399
8839,5258,5131,2595,4271,6704,7358,8512,4936,7883,3148,4818,6483,8922,7643,4316,4575,5089,6629,6250,1387,5613,4085,6780
6786,899,4229,271,273,4539,5950,7240,1994,4049,5586,7380,3299,490,491,4076,5996,8941,8943,4339,3319,4605,4606
7047,6282,5901,6293,6298,4637,2983,3626,4783,3248,7727,6450,6577,6070,2378,1616,6356,1878,4694,4696,4060,5470,2796,5103,3059,8051,4094
5381,2313,5770,3091,3740,5660,5026,2339,3491,4648,5809,5429,4791,3641,3264,5831,6732,4563,5588,4831,6498,2149,4844,5486,7674,7932,5759
5249,6019,5125,3722,5387,6411,4747,3473,4754,5650,284,4262,3370,7979,4528,5425,5436,8899,4932,874,4588,4081,3698,6258,3196,6526,4607
4738,5257,5386,3860,6295,4122,5928,6061,6065,4915,3765,2883,2121,3785,2252,5837,4558,5718,4824,6105,7653,5484,2412,4600,2041,4732,6654
2694,3974,2705,5906,6418,2964,5020,5023,6434,4259,4904,6190,2362,1857,4548,6347,4177,6355,5592,5091,5350,2279,5998,4078,6004,2167,6396
5648,2074,5788,5917,5406,3617,3489,6053,5672,3881,6057,2604,4144,4023,2747,4030,3659,2125,2897,1874,5850,4957,3939,6376,3437,4846,5366
4866,5509,3979,5135,5393,6421,1824,5921,3238,3239,1832,2344,4392,2488,4285,5707,2254,5843,4188,4965,5990,872,3178,4717,6384,5114,3838
3072,5761,2318,3856,5402,4636,4900,1833,300,303,5554,4024,2491,3400,3916,3284,5207,5208,2523,1755,873,4973,3700,2293,2294,2553,2042
8585,8847,8723,2199,6683,6428,6561,6574,8881,1467,452,325,1481,6604,1869,6349,8661,1498,3682,1635,5353,6640,888,6522,1531,763
1683,2090,3884,2350,4656,5810,1205,2046,4157,8894,1598,7488,1341,6338,8905,6481,2132,2012,8933,4070,7786,8303,1143,1662
7172,6662,7689,8715,2194,4631,6299,1443,3876,1968,2429,3011,8904,7882,715,5708,6733,4304,7249,4828,7150,6390,1147,6909
7939,7573,6942,3371,4524,6834,1078,2493,8897,3140,3665,7634,8419,6374,8042,4331,7660,3950,7663,3441,1909,3702,7033,1535
3586,398,6929,2578,8465,8212,5142,7832,4506,8607,6303,7842,2723,2856,1068,3629,1840,4148,7348,8628,1592,8761,1595,3772,7740,4542,7612,832,7233,7360,709,8902,8523,6859,1229,8530,1623,7771,1762,2916,1384,6121,6769,6392,893
1540,6661,8070,4999,5385,6154,6667,3724,5649,5907,8857,7452,3871,7071,1061,7081,6713,6203,5055,576,6597,5841,5459,4963,8035,5230,4463,8054,5880,6011
3840,5637,4359,4623,2196,6805,532,7833,7322,6172,6302,4516,8998,7590,553,4658,3378,7993,7487,8001,8901,5582,4947,3421,8671,8289,496,5119
8197,5639,3978,7822,3727,7311,4246,4886,412,8743,6445,8497,2366,3775,4552,5578,7253,4183,5473,8291,5476,3684,1134,6387,6008,4477,5246,1791
4625,274,8339,6034,7057,5395,6168,4635,6817,1188,7987,8887,6967,6589,4034,8645,1734,7499,6352,5072,2514,5725,2530,5605,4710,5102,1007,7664,4849,8438,8316,637
1281,7046,6281,8599,4382,5536,5797,6441,5805,3507,2614,7482,4926,2500,8263,5322,4812,6221,5710,1619,8543,8672,7136,2027,8432,8561,4082,4851,7283,8945,4857,6653
6796,397,408,1691,6556,7969,294,2355,3253,4661,6841,7098,7620,8134,5961,8650,4813,3415,8409,3418,7644,3550,1759,3039,7519,7396,6757,5100,2799,7280,243,7028
7169,8707,8970,395,6675,8479,6310,297,7595,3894,6335,7236,4550,2384,721,3539,5845,214,471,6233,4570,1115,5980,2659,358,231,489,5354,1262,2671,3960,509
644,4998,2825,4241,3090,3355,2844,3360,289,2742,2999,9015,1721,1722,3397,2255,469,473,5239,7515,6366,4322,483,2787,2918,4077,8559,3313,5361,6263,1274,1278
7552,7815,7433,14,7187,1053,6568,556,2606,6064,5171,5047,3649,962,5185,3144,6735,3792,1361,2258,6111,484,5993,3818,1391,4976,6128,4346
7553,1793,4741,6278,8205,6813,7455,8356,2212,7720,169,1706,3120,5299,5693,6594,5957,1101,3925,5593,8030,5729,5867,7403,7662,6896,1271,7289
7681,4613,7431,779,2190,1937,5017,540,5664,5040,6326,1719,4282,5820,6077,6845,6983,1608,7495,6091,5068,8656,595,5597,1126,4585,6124,2164
6148,1797,8328,7179,2699,6930,6290,8084,4760,5793,6567,5292,7217,1332,3521,5700,7493,2502,5447,5065,1227,6113,8934,3816,7406,6003,8440,5884
8068,4875,526,4497,4114,795,5148,2589,4766,4383,7971,5287,5549,559,8244,5685,4298,7504,2256,8916,1368,344,4954,2399,2145,6243,8555,4718,1526,5879,3708
7813,8838,6663,7305,3085,7058,1685,5281,2475,5037,8504,5946,959,5312,5186,6980,8388,7755,5325,3028,3808,7904,6371,5226,8554,3439,6001,7925
2051,3219,2323,8086,4248,4641,4135,3751,6316,4525,3889,5947,4808,5193,8142,5840,5328,5852,3934,4959,7908,4709,2535,4071,4841,8175,8817,2292
5120,5121,5890,513,3460,5122,5382,8713,5260,3377,5561,6074,4669,2877,5823,5960,4939,4560,4054,4182,4698,4700,4956,4961,8557,2940,2813,382
6917,8966,7942,3589,4485,8075,4108,7948,7309,8340,6550,2334,6432,7075,7849,4267,6579,8117,7734,7480,6851,6979,3657,6736,7377,3026,4062,6752,7276,7023,3696,1266,6771,6905,7807
4357,4113,3989,3736,7454,1696,7845,7209,6954,6827,7468,6828,3252,7093,6583,4407,569,1473,1733,6474,8139,8016,8278,3287,3286,3290,3164,6880,5474,6116,2550,8950,3192,6269,1150
8192,6540,4245,5791,4384,3362,3874,547,8997,5282,1191,7465,7731,3379,1334,1080,3193,8775,6345,6986,4306,4310,7386,8668,5468,8563,3317,5881,8446
649,2956,6797,6670,1807,6423,3738,7451,6940,7581,3103,7728,5428,8118,6710,7872,3393,7489,4165,5974,4189,6624,3681,5733,4966,3561,2034,8826,6651
2048,8064,7298,1668,8582,6024,653,8590,1037,4504,6692,7718,4520,5546,9002,1967,8879,3763,7994,5181,6462,6398,830,8385,5965,3069,6612,8790,5722,3038,6623,8807,3944,2667,492,2284,6511,3828,6647,7933,8062
7819,2959,8975,7343,4275,9013,6457,5435,8893,5066,7123,1110,4582,2664,6764,6637,7540,6265,5883,1660
7430,7192,675,5543,4782,7087,5941,2113,7878,5448,1357,8911,6102,7897,6620,990,7266,1893,3567,2302
5768,8972,3857,8852,1940,4758,8728,2591,8992,2855,7724,8373,3510,4153,8254,7745,8898,1986,6341,1738,6731,8910,6607,2895,1233,2518,1242,5595,2906,99,6375,8552,3305,1264,7794,3827,8435,4597,8310,6642
4480,645,7818,3853,7054,1422,6416,8846,1170,5134,8335,1277,2460,1693,4770,2722,6393,7206,5799,6440,5673,3628,1604,2762,8399,6992,4689,8284,1631,7393,4195,7013,4967,5101,8823,1017,7162,8572,3325,3582
1795,8971,6287,7700,3479,7320,3993,7713,7976,2600,1202,6201,698,3901,7034,4556,4429,2397,2422,1786
1157,1285,2314,8332,4258,5807,1459,4919,4795,7622,6487,8286,5601,1250,8547,6631,7021,3568,8049,8442
4352,4101,4627,8606,8736,5032,7600,8755,8120,5305,8769,4421,8777,8778,5335,5220,7783,4968,5627,4990,7935
4992,4498,404,4893,6566,8746,7611,8511,8772,5321,4938,5330,3285,4952,8802,4198,8556,5242,5115,2558,4991
6403,5123,5766,2696,2833,6289,5911,7967,5920,7331,6953,7084,6322,5043,7602,5955,585,8396,2775,8163,3821
7301,6672,2706,6291,3991,6174,4255,7475,8372,5559,5434,7357,7753,7113,6477,3923,7903,5346,5352,7534,4984
3212,909,8213,1562,3998,9005,8633,5183,4551,6471,7384,7263,6756,6634,7147,7020,5358,8815,7665,7030,8319
258,6791,8714,6923,7181,7437,4367,6545,5271,7962,5786,4764,8220,6431,7076,5030,6698,4396,8112,2096,5303,5694,6592,5057,6853,7750,7367,5075,725,7395,6119,8810,7659,108,1394,6260,4982,6777
7425,3973,3718,1928,1163,2445,2702,7186,2837,3484,7328,2080,5794,4645,8614,7080,7850,8365,8369,5686,5563,6850,8007,3145,5968,8786,2390,6617,5984,4836,6503,5097,4333,1136,8181,3065,7548
6021,6405,6535,8076,5005,1550,5391,4243,7191,7330,5541,5159,4777,7982,6961,4277,5174,7226,6461,6721,5954,8651,3536,5584,4434,4823,7383,7001,7002,7906,2661,7143,622,5365,2038,8057,8570
7300,8969,3338,7949,1806,7580,5665,1058,5417,9010,1843,8371,4410,8380,5855,6639,1905,3958,8695
8800,3201,6818,7009,4388,5410,7719,7947,6029,2000,4466,3603,7154,7090,2610,1849,6747,7485
2563,7944,4111,4624,3216,6166,1561,7193,3609,799,6947,8486,4650,7082,3375,2351,4273,3509,7095,6073,4416,1088,7108,3270,8648,7292,3793,983,4444,2909,8287,3812,6122,7414,8698,4348,7039
6273,4744,3611,6691,7336,8745,5034,6840,6206,2120,5579,5198,5724,8413,5983,4448,7139,7270,7931
802,5439,6648,7241,4074,4664,7881,5002,8046,7114,5329,6002,8658,5267,8469,1752,923,543
5506,3843,515,2950,8584,4617,1805,2580,4756,5785,5147,8347,6941,3483,4127,4639,6044,5539,4902,4139,6188,4016,6324,2485,3768,4287,7759,8146,4949,6372,5606,6248,4979,5750,7927,5754,2431
4360,3337,6798,5392,6803,8217,7457,5155,5925,7340,7852,7856,7091,6837,7479,1474,1730,6727,6984,8009,74,2765,5455,8792,7769,6367,8034,8678,5991,7273,6379,6508,7410,6131,7282
7946,6795,6539,8081,4630,8215,7988,8886,7607,8759,7737,3003,7999,7616,3911,6728,4042,8011,7629,7889,8659,7125,8535,8791,6490,604,7774,1640,4969,4972,624,5744,1653,7029,6911
7042,5644,7566,7951,2320,5265,7826,7063,5024,7978,8107,6699,7089,7473,6835,6068,7492,1606,7545,6602,7371,7901,1630,5214,7391,8036,6118,8553,7531,8178,7157,7413,5241,6139,7550
5505,6785,5642,8587,3858,8210,8854,6809,7321,7325,7197,7073,8619,8875,6830,7471,8496,7346,3129,7875,7756,8143,7632,2387,7892,7765,6745,6362,8155,5735,7016,7274,7407,7796,6007
5792,8161,4354,1511,7303,7291,8621,5581,6878,7984,6097,6609,7859,7893,5209,3771,7420,7902
7648,1408,3109,7589,8393,8394,8330,970,7821,3342,6864,7635,7059,2615,2968,4381,8510
8454,5643,7441,2449,8085,6936,8986,7323,5276,2744,4797,8770,8386,7370,5078,7130,2655,3552,4834,1506,8806,8434,3188,4983,5112
8079,3472,5776,5670,3112,5811,4803,7497,6860,974,8534,2135,7511,6363,8796,5215,5748,7541,7542,4852,7672,6650,4733,7294
6276,5512,6802,5522,5524,7834,5152,8880,6067,7606,2875,7868,7231,4802,5062,7117,7375,6231,6616,7905,3810,5093,5862,7537
4872,400,3088,7954,8092,7591,6184,7854,8242,8637,6848,6344,8137,6089,8012,6351,5344,3045,6761,8047,3952,7026,4861
7693,7695,7568,7955,7194,7717,6963,7350,7869,7871,8133,6600,6990,7507,6998,7014,3306,8180,7673,6907
8198,6284,7570,3744,6946,1059,5671,308,6966,6217,7243,2508,7120,5458,7126,4185,8164,7141,1011,8564
6920,5001,2058,5401,6425,6687,6317,3630,4532,8245,8649,4431,4943,4819,1493,6240,4847,6515,6776,8827
3968,8967,8458,5902,5778,8083,5935,5431,5049,8257,5442,3908,4805,5450,3678,5986,8294,4205,4341,8060
2434,4742,3208,4880,8748,1838,4143,7472,7092,8767,3018,7246,5967,7247,3153,7776,7010,3048,3057,8946,6904
1040,3217,8981,6169,670,8865,7975,8104,6446,2992,4663,8773,6857,7500,8144,8539,3419,5731,5221,7526,5107
5764,6534,7686,6808,6183,6711,2879,6591,5060,7111,7767,7770,6749,6885,8808,7916,4591,7930,7419,1405,6655
7554,5638,7177,7312,4499,8873,6060,5677,7221,311,8379,8914,5972,7764,6742,2911,6766,6768,4092,8701,7167
2056,5130,5535,2208,6821,1705,3247,8240,8115,6965,7738,8638,4415,5570,6978,2631,5454,8415,6380,8045,1776
1429,6424,5530,5151,7853,8884,7732,7477,6839,7864,4673,5698,7372,7251,5204,6486,6744,8152,3169,7525,2153,8048,7924,6774,5375
7296,5377,4610,6020,6919,6032,3223,8601,6426,1307,2078,1184,6562,6563,5924,5667,8376,6458,7866,8774,7517,8033,5868,6140,7295
6789,2186,8853,8993,6180,4397,1198,2094,1074,7288,5053,2623,5830,8903,1225,3535,7379,7510,6619,8804,6117,2283,4212,632,5629
8322,3970,4510,6760,6633,9004,8799,8913,786,8725,8918,535,8824,7229,8958,2303
2816,3585,2433,6500,9000,3273,8907,8431,6098,7443,3892,630,5622,8763,5149,7390
6048,4771,4196,8573,4615,8201,3564,6926,5136,5398,6135,7096,8793,1146,2363,7837
1154,2307,2949,1167,6676,5270,6681,30,7203,1065,5802,3761,6578,5443,8521,6862,5583,7376,8401,7802,8663,3553,4706,8292,7159,6906
4227,6406,6674,2714,2715,5407,4386,8106,4657,8882,5683,7989,7739,6720,8003,4040,4428,1998,4814,3798,8150,8930,5989,2023,5223,5621
3715,4376,3352,2976,7458,8739,4898,4141,3001,1596,4670,4424,2893,8400,2386,8920,4569,6238,1130,753,2547,2804,5619,2806,7801,8700
1414,3462,8711,8716,7694,6286,8726,8476,6815,3111,4903,8116,1210,6716,5825,6724,8908,6222,4058,8028,1891,5355,3824,7668,3574
1152,3456,3331,1284,2822,1038,4371,1300,1305,1186,8866,4772,1323,1325,3635,181,4534,829,1089,1601,8264,2122,732,3936,2147,3301,7546
6144,1665,1028,8456,8844,8593,7315,5415,1960,4011,1964,946,8627,1212,704,1216,8258,4293,4684,6100,6872,4317,1246,3423,1248,1019
7817,6538,6038,8357,7207,7593,8362,7223,6270,8636,8516,3013,7366,7388,3548,8290,3171,876,1518,7152,8437,7804,254,2943
6045,8351,5288,6955,7597,8368,8499,2740,5444,8390,4312,2272,1254,7145,5739,6892,5869,5229,7408,5490,244,8439,8318
8850,8982,8087,920,1176,3616,5668,7213,8109,7858,1339,7747,7107,8017,7122,8788,7518,1251,8550,7784,8937,6385,8953,3322
8704,2178,1286,1173,8470,8088,932,7079,8103,7083,5933,6708,1338,6725,4811,8780,8403,7513,734,8159,7781,8307,7286,4602
8342,3487,3872,5922,8741,8495,4019,572,3904,4676,5452,4693,7638,3288,7641,8282,7133,6369,7269,3430,8037,6767,3695,7923
1538,8451,4878,8462,8338,6680,3997,3234,7855,4146,9011,6585,7748,7378,6867,8537,7134,7264,7779,5859,7529,3953,2546
6528,7168,8453,6790,2824,6793,3339,5518,6800,1042,1945,8602,1946,6558,7072,6433,8483,6951,2347,8492,8877,8622,7211,1076,9014,6328,4921,6334,2242,6467,4039,5063,1612,1234,8405,7646,7142,5736,7400,7918,2543,7151,8179,6772,499,7677,8959
2177,8323,6149,5702,7561,6985,5132,4173,7061,5527,8407,3035,3356,8927,8352,3619,7140,5286,5609,6187,1643,8301,6706,2290,7669,3254,8183,7097,8634
8077,6161,3095,8856,4505,8345,2848,7846,3498,6826,8623,6079,3139,6340,6215,8784,7894,3302,7915,8050,5877,1525,7549
6531,8078,8595,2206,2977,4391,6952,2858,6211,5195,8019,6625,6626,4578,2274,8169,1521,7793,6773,4343,3064,1917
8448,6913,5633,8842,5646,6544,144,6162,8977,6292,3218,7831,3865,8605,8223,8994,8227,5156,8355,295,8871,8494,8505,4290,4292,8389,206,5715,8276,5464,5466,5594,8541,3296,993,7138,3298,5477,8166,8679,8423,8429,8302,8306,3826,8441,635
