8064,5768,6793,6282,5258,7434,4872,3088,8212,1176,6298,6683,4637,2983,2347,7724,8109,7727,6577,4019,3763,6579,1334,7731,7734,6270,3264,7745,1986,3657,8137,4299,2378,1229,8012,1865,8788,5344,6369,1251,6375,7913,492,2796,876,2543,6893,7026,5364,4094,6398
2048,3586,8067,4485,8712,1807,3091,8342,3738,4251,8607,8741,2855,942,4783,3248,3379,5429,6070,7480,8760,8643,6986,4177,1234,8787,6354,8405,7771,5470,1384,7276,5103,3193,5759
7047,7818,7948,7309,5518,8850,6293,8982,3480,3616,5026,3491,8492,689,4153,8898,7747,4548,3013,5831,5063,6093,8017,4563,5588,4575,6752,7804,5731,2149,7151,2034,8700,8572,254
2313,5770,2571,6800,1298,7326,8609,8739,8357,7211,8877,7344,8631,7351,7481,8251,6848,6467,8773,6344,2891,7500,6228,3286,1242,7643,5859,4195,1130,4844,8692,2806,7932,6782,4607
387,5125,6411,6416,8979,6421,8983,920,284,6176,7715,807,8502,5436,6079,5313,8130,8776,3785,5323,4558,1358,2002,8537,8798,3552,7268,8038,5736,2539,4588,7915,6895,3696,4221
8260,4932,4262,5381,8937,1194,5688,7849,7213,6190,3695,6351,5650,6356,7704,3548,1789,7518
8385,8994,1411,5464,8516,7817,8426,6538,8043,8910,7152,4528,9014,6710,6232,2525,8191
3077,7942,2438,1288,5257,4747,4492,5263,7568,2710,6558,7075,5928,4264,8618,6065,6709,4925,2883,5060,8780,3277,5837,7128,6874,4703,6882,4581,8039,3176,5739,2412,6254,5107,8439
6658,3716,6917,5387,3853,1040,2964,8360,8489,6440,7469,7992,3641,7871,6216,5705,74,5580,6990,2510,5713,4689,5718,7767,7653,7526,2279,8041,6507,4335,8948,4600,2425,6396,6142
4230,3974,5773,4989,6418,6169,3872,4259,37,6183,8495,8382,2111,6591,1857,3138,7362,6851,6600,6857,8520,7885,8271,3795,6741,5592,8667,6491,7013,5487,6258,8180,8182,8312,5245
7872,0,8324,4165,8775,7465,8683,5613,3647,8047,7728,8539,5428,8118,6423,7451,5660,3103
7201,5188,5128,7209,1097,4427,4169,3917,7854,8750,6992,5232,7991,6963,8087,8668,6654
8032,8865,1346,7749,8677,8823,3881,447,4078,4303,4591,4023,4565,7447,7415,3229,3582,6655
3740,5350,1991,8327,2537,6695,5484,5101,6105,8532,7223,4824,8953,2906,4732,7869,2591
519,8972,8973,8716,1184,1697,3489,8376,7865,5050,2747,8254,1604,4424,3659,7116,2125,7633,1874,858,6624,3557,6376,360,872,4717,5998,3054,1264,8435,8563,6262,1399,7162,3838
1536,8099,4003,7686,6855,2728,3178,4395,6572,3466,7183,6384,7507,6325,7958,7255,7608,8702
7424,8259,6820,5893,3493,2762,7598,434,7827,8914,5139,1718,3382,6998,729,5244,2941
2689,7682,4113,7189,5654,280,2074,2334,5921,6434,2339,7845,8103,5672,6057,3242,4521,6828,4017,3252,6075,8513,2754,8515,1989,5575,2897,1878,1625,4957,7133,8056,1017,6267,1405
8129,7591,3370,7277,4654,5135,2254,4593,3694,8527,3700,6549,5238,4693,2996,5369,222,5886
5502,6181,3878,8071,8283,4461,2158,8783,7215,6931,8596,565,1750,2233,1403,7069,8574
4740,645,5516,2318,7194,5275,3100,2077,1824,929,6946,2083,4900,932,34,2471,1832,295,303,5554,7350,4024,6968,2491,832,3393,454,3022,465,855,8154,734,5090,3698,2294
4480,2694,3468,7693,7054,1294,6669,3856,5906,8601,1307,5023,4767,2042,8226,2724,4392,1833,810,300,5164,1586,7126,5207,2647,4320,4453,7271,1772,7409,2293,8565,6134,1657,4218
3072,5857,7618,2885,4806,1566,7014,7563,4748,8397,2477,3728,7448,5402,5755,4636,2462,6207
6049,6401,5891,8164,804,5990,4425,5931,8268,8277,6933,6103,8088,7513,3290,5854,2559
5699,6627,4965,6053,3239,3400,5224,2344,6409,5612,6958,1198,7695,7570,7955,6554,6045,8478
5444,8390,1254,5288,6892,7597,1518,1422,7408,5869,5229,5490,2740,8499,4312,4122,8318
3977,2827,5134,6031,4368,8335,7700,8852,6550,7320,3993,8728,5807,1202,2488,1850,4030,4556,6607,3284,7509,1495,5208,5850,8284,1631,2272,1250,6631,2666,7794,1778,5366,2553,1786
5761,1724,7779,7265,873,7979,6732,4878,2546,9011,4146,3127,376,1914,3419,7358,1693,6526
7264,1538,8451,2722,7748,3234,7529,5386,3916,7855,3953,8338,6867,7378,6680,6585,7134
6462,6017,2946,98,2436,2978,2856,5129,8363,2188,5548,812,1713,2523,1277,251,893,7102
2916,709,2373,6121,1592,5546,8523,6769,5142,6871,6392,2585,4506,1595,2237,94,2687
5509,2053,2705,5137,8340,6038,6295,7578,8604,1950,7583,4643,7207,2602,6955,7104,5318,2375,1223,7120,3538,3669,3032,1755,7388,4062,3042,2914,2532,7145,4846,2804,8437,3325,895
4737,3713,6018,5892,1676,1548,7950,7696,2962,8722,7318,3227,8351,2338,5799,1576,430,694,2107,2109,5191,1490,2644,217,2654,863,5856,4451,2919,5481,366,6898,4595,2932,5363
1664,7809,1686,1687,150,1831,5423,2226,6198,953,954,8126,1727,2629,2630,5829,8392,2377,5064,6858,5453,8526,2512,4688,1365,5339,1374,8544,1381,2278,7527,495,4592,4853,117
7393,4258,1285,7622,3144,5673,8971,2604,2603,4429,2397,4144,5648,7187,8373,5114,5788,5917
5601,3617,8547,1157,2314,3979,8332,4919,8442,3437,3568,8049,1459,6487,7673,698,4795
7649,1155,2372,740,2917,1543,3721,235,3279,4050,2067,3987,853,5878,2679,2421,4379,1052
1025,2371,6436,2118,871,2218,2251,1674,3760,2225,370,848,1142,3383,1435,1564,477
4869,262,4103,5519,5008,1681,2065,3222,2973,1438,3108,7592,2221,2995,4915,951,3005,706,3788,4942,4945,593,1747,5972,4707,6501,1767,8552,2793,4843,4204,3565,4974,3952,2167
2208,97,4866,3045,4678,3719,6761,8202,5707,3306,6192,5393,3314,4499,3413,6742,6682,3933
3776,3010,869,1852,583,424,4394,6027,5626,2773,6677,3801,4026,4955,3898,4350,1215
1042,8733,3487,3626,3117,1973,2359,8252,7740,6979,7623,4818,6483,3288,1882,5347,4067,99,3059,5624
8461,7190,8095,8231,8238,5566,6997,2007,4440,7259,8411,2789,7269,7655,7790,5616,6130,3321,7674,7806
2820,3589,8966,8839,2316,2956,3864,6432,5280,8354,2595,4271,6704,1455,1461,3765,8636,8512,7490,4936,7883,8404,7386,8922,4316,3171,6629,6887,6250,1387,7404,8685,2031,6896,8818,4085,6780,2943
7432,8,2957,8207,6673,1811,6548,2965,1814,2967,5779,2457,5531,5532,2461,5533,1952,1955,2731,1452,5419,5168,5301,4150,6842,4284,3016,8402,5843,3671,6615,5719,8813,4475,6004,8822,4215,2683
7552,6278,7433,14,3857,8356,6568,1706,2606,5040,6064,5171,5047,7994,5820,6077,3649,1608,3792,1361,2258,6111,484,3818,6128,7289,4346
1793,1937,7455,2212,8485,7720,169,8124,962,6594,6983,7495,1101,8656,3925,5593,8030,5729,1126,4585,7403,7662,1391,4338,1271
7681,7553,1797,4613,4741,779,8205,2190,8084,5017,540,6813,5664,3120,6326,5693,7493,2502,1227,5068,595,8934,6124,7406,2164
6148,8328,7179,2699,6290,6930,4760,5793,6567,5292,7217,1332,4282,6845,3521,5700,5447,5065,6091,5597,6113,3816,6003,8440,5884
5633,7556,8709,7307,4627,3865,8986,7067,7197,6047,2976,6561,6437,6191,6319,8754,3511,4407,4797,5698,1730,7626,8778,2893,5839,5455,8152,3169,3682,1122,4472,6522,6141,7935
8847,8085,8855,6296,4766,7454,8735,7457,417,3621,678,5938,7988,7093,8896,987,7774,3427,1635,7781,8048,8434,7410,4980,4223
4352,8068,2309,4101,1160,8081,4114,6428,8111,8626,8759,7737,4027,6205,8769,4046,8791,344,7769,4834,998,7783,4713,8947,8446
6283,4877,8849,8468,404,3097,6426,8348,6944,8868,8236,9006,559,6833,452,8779,6225,5978,8932,6759,7528,8938,4459,8556,7294
3715,7826,6292,6165,5530,5022,8223,8606,5032,8370,7732,6982,5715,8276,7251,8278,7138,7652,8036,8679,2286,6640,8306,3826,6259
8579,7566,6544,7063,6936,2078,8227,8487,5680,4145,6835,6452,6715,1606,1610,6346,3920,7130,6363,4958,2273,8166,7531,1531,6012
5380,6276,7303,7321,1191,4009,7600,4529,1970,1463,6712,1598,325,2635,7504,4181,8280,6490,5466,8026,8674,5480,2288,6899,8956
8452,4365,7951,6162,786,8987,5404,8737,5158,5550,7218,8243,7220,8885,7743,8265,6349,8781,6481,6739,4437,3814,6118,4729,4478
7297,8841,3593,4752,7314,6170,5667,6563,5936,7473,2229,8895,3780,4421,4682,5457,2132,6107,8155,8424,4329,8809,6901,4089,6911
8581,1683,6305,3884,8881,5810,4157,7488,4041,2127,7249,4952,8933,4070,7150,7407,7536,4464,6133,3573,7031,7545,5628,2173,2046
7296,6035,790,6823,1961,4138,8746,5163,3890,7476,5557,7867,8891,5061,7754,2128,7765,5848,7398,4456,2794,5482,1526,8825,8575
3850,4112,2449,3472,6809,6560,5152,5156,8239,2744,1080,8762,5819,6464,4802,8652,2135,4058,7772,4704,4327,8302,7024,2934,7672
3971,7446,1558,4893,5918,8094,7205,3365,7464,6574,7349,3644,1469,8004,8647,6984,206,5460,8149,8916,4079,8688,4724,7413,7157
5377,8706,6020,8711,8719,22,4632,4763,160,2472,6575,3639,6456,6458,7866,2364,8141,8915,4192,8033,7523,868,2407,3825,3832
6665,5513,8715,4233,3477,7960,6299,4911,2045,2429,1353,7756,6733,3285,6362,4828,7517,7905,7274,8174,4722,3443,8189,5630,3711
133,6919,4871,4106,5262,8464,4631,1439,3233,4522,1709,4656,7611,3011,8389,5708,4304,7889,7295,8423,3050,7029,5495,1662,8447
7042,3464,4618,4369,5909,3358,5792,8997,5545,5804,3245,7091,4930,4295,5321,1481,4685,5330,7893,1891,3172,2924,3824,5115,4991
5632,8705,6146,6028,5009,5013,7712,7078,1836,5678,4022,1977,7101,1476,1348,7364,6226,4946,8789,5975,6878,5735,7657,2927,7291
7813,8838,6663,3085,7058,2194,1685,5281,7984,8504,5946,959,5312,6980,8388,5325,3028,7904,6371,5226,8554,3439,6001,7161,5372
5775,918,5655,8217,2463,5542,8883,1341,4543,5186,6085,965,3656,4808,3578,8659,7901,4959,7908,8553,4457,5610,8175,2039,6394
5505,7939,5265,3475,3876,3371,2350,5943,4667,8897,3778,8904,8905,7882,8912,3666,6365,8042,7786,8303,8178,6390,1143,3704,7033
7172,6795,144,8210,6942,8996,9000,4524,8752,6834,3637,7607,7875,1221,715,4175,6479,4199,4331,7660,3950,7663,3441,3702,4473
7937,8194,7171,2178,2561,7051,7573,8086,3736,5297,5947,6474,8139,3530,5581,8142,7761,2386,6609,4438,8419,3942,3312,2929,8950
5123,8325,6662,5899,3731,7829,7450,7707,4000,4641,5037,3501,3889,5043,7859,5193,5324,7928,4561,8161,3303,3051,7532,1516,8568
8704,1286,7305,8470,4892,7079,5289,2090,7083,2475,1338,1339,1980,4420,3140,5071,8403,2771,7902,2783,7917,7286,5111,6646,4602
7936,6913,5760,7689,4495,7831,7838,7074,8101,2727,4137,6701,1078,58,4290,6723,6468,8777,4817,5594,5082,3298,6514,4855,1787
7304,6928,4248,3357,6178,5412,4133,7338,2868,2745,6717,4680,6220,3665,6738,6097,3425,6244,3688,8297,5866,7411,8309,7799,1535
4357,4104,4364,2831,4501,6954,6827,7468,4401,6583,3897,1733,5964,8016,3026,3287,6880,5474,6116,5098,2550,3192,7418,6269,1150
3976,7690,3224,7587,1443,7333,2493,585,7755,1740,1741,1742,5709,7634,5209,3292,6374,1511,2024,8817,1909,4726,7925,1147,5116
1154,2691,7175,1418,6160,5781,8598,5273,7706,1692,4772,1317,3369,1323,2732,1325,5932,8366,4534,8127,1601,3266,8264,4170,3403,7628,459,7502,7546,7376,2122,88,6750,612,4474,7281,881,3834
1667,7050,6676,2203,6811,8862,4129,7203,2340,2469,3115,6702,7599,2864,6578,3635,8629,3896,8008,5074,4691,5587,6100,4307,8663,1757,7006,3175,3964,6249,1770,236,6641,7675,8188,5117
3456,4225,3075,2307,3982,2834,4371,7699,6551,4503,2328,3099,1820,1571,292,6311,7736,2617,7996,5308,7100,2761,6224,2262,6876,732,5087,5217,4706,3553,2147,5096,368,7159,7417,6906
3331,8965,8456,8844,2829,1167,7439,8593,5264,8471,7065,30,8872,1065,8105,4011,3756,181,7876,4293,4935,2248,4809,7887,6872,1629,3936,3301,5223,5607,1513,2669,367,4720,2418,1655
1665,4739,4995,1542,5767,265,7053,2061,5653,7577,1689,1823,6689,1827,549,937,1964,4652,2735,305,946,948,441,5310,4545,5971,981,218,3420,4317,1246,6109,2019,365,2670,247
6144,4609,6659,2692,1028,2822,7315,3604,4118,3992,5018,2587,5790,1960,3882,6062,3122,7355,4283,1212,1854,8258,6729,3667,7899,2524,3423,1889,4708,8165,6126,3190,5368,1019,4860,7805
2693,2567,392,7052,1677,2062,6542,8591,2971,2205,1694,1186,6309,5415,2088,8106,3759,1588,7989,3131,3516,8381,704,2503,712,1356,589,4684,472,1240,1248,5095,363,2672,1781,5367
6406,1798,1671,1545,3607,2087,938,2219,1584,1716,8121,443,828,1216,6465,6084,2757,2756,4040,8521,6862,5712,977,978,3283,2011,862,1887,1377,355,3182,3183,7539,6005,6391,510
5007,3861,2582,3608,2841,2842,2459,1565,3102,927,3106,1829,1958,1959,3237,1834,817,1587,2104,2236,834,1860,6726,1235,2645,5847,3928,2778,4318,2920,241,4210,3186,6389,502,1918
3842,3204,3207,1679,5780,2069,2327,4890,1436,5802,1579,1067,4523,814,5424,3126,697,2751,2116,3909,3402,3021,2385,6610,852,212,475,860,3931,1380,743,3184,4978,374,2812,3199
4891,4514,6235,4906,1932,2235,3023,850,5234,372,1108,3158,4402,5081,379,445,2238,3455
8000,1504,738,4449,4356,3142,2823,5703,956,2923,1614,1296,2354,1847,859,3452,1853,1503
4227,6664,7572,4500,7836,6948,165,5675,8364,7341,7478,6200,5571,3146,6603,599,4311,350,5471,7521,8805,3686,4970,123,3436,3308,6894,6518,8314,7803,4986
1152,7043,3846,6407,4234,8720,6163,3226,5915,6043,7195,6559,5293,3374,8627,5438,2624,6213,3143,3041,2402,6245,3692,1649,7285,8694,8311,3448,761,3581
8768,7773,7237,3433,1898,8974,7470,7919,1199,2162,6934,6970,2845,4414,4927
1089,2786,7427,4324,4037,6916,8931,8321,5970,3955,7733,2137,2300,6237,4895
2052,3335,5255,4622,1302,6167,1944,1305,1699,5031,8747,2222,4537,7354,8249,5437,7870,3654,6470,5332,3545,3675,7132,6496,4705,3174,6120,8681,750,5498
6050,8132,1575,7272,7337,426,6443,8457,7966,3504,7412,7575,2298,7486,63
4864,2816,8002,3651,5508,6657,8422,3844,1701,5284,1450,8655,4788,7353,668
7170,6915,7299,7685,7555,7558,4363,4116,7956,5405,6307,3753,51,4406,2873,3141,2766,2129,2769,3797,7512,5212,619,5742,5617,5618,7922,5236,4469,8831
4992,4875,5644,3470,3225,5024,818,8117,3001,8123,4670,320,3520,2247,2889,4042,8015,3411,6497,8806,7019,7023,8821,888,763,8062
8066,6922,5776,2833,6289,4498,4889,7841,6051,6566,3112,8617,7602,6322,2870,4285,8128,7363,8772,7113,7903,5215,8802,4198,7544,2558
6403,5766,2696,6672,529,6291,5911,3991,6174,7967,5920,7331,7084,3384,5434,7357,5955,68,6477,3923,5078,5346,8163,5352,4969,3821
3212,2706,1562,3998,4255,1569,7848,2860,9005,7726,5552,8372,5432,8633,8120,5052,5183,6471,7753,6730,6606,6634,7020,7534,8053,7293
5397,8213,7073,8107,6830,3503,7089,7475,4790,5815,5559,3003,8894,8511,8903,8661,6236,5214,6756,7147,2541,4596,4984,7030,632,4604
8449,8708,7301,909,657,7954,8494,7856,7604,6208,4551,8009,2381,7125,2775,7384,7263,4968,4972,4332,6638,8815,5358,4081,7665,8319
6405,4873,6923,4367,7569,8599,7191,6431,2850,6698,4396,2352,6961,5303,7226,2619,4160,6592,4044,5075,4823,8024,6359,3166,5864,1256,8810,1900,8438,4222
3202,8963,1801,6034,4243,3348,5797,5159,1324,2614,6589,6721,5956,1093,2500,4167,4812,1370,3550,2014,2528,7659,3438,8945,2674,7283,6260
1281,6021,4744,6545,8851,7969,7330,1957,4777,2355,4661,1084,8764,7620,8134,81,3927,3415,2140,7644,7519,8417,2799,7280,4851,6777,7931
258,1929,274,6675,2588,3625,8745,6836,3253,5562,7098,3261,6081,2499,5961,4813,4302,8148,3542,7766,8409,6233,3418,2269,7396,7667,8703
3209,2828,5403,1581,695,6335,2626,2758,5579,3020,721,3539,5845,4826,1115,5724,4570,3039,2659,231,489,5354,8300,1519,1524,2554,509
7169,8707,8970,2444,2583,1050,1691,2844,6556,6310,3894,6073,1466,958,4550,3531,3025,4827,5980,6366,5088,1262,8559,2671,5239,3960,1274
4998,6168,3360,289,7076,4902,5034,7987,3507,2742,6841,2106,1722,7236,836,5322,2124,2384,857,1759,8543,4322,4710,4849,5361,2557,1919
644,2825,4241,3090,6263,3355,3739,2999,9015,1721,2490,955,3397,3783,845,2255,469,473,7515,483,2787,2918,4077,3566,3313,1015,1278
1928,1163,2702,2580,7328,4645,8614,7850,8365,2096,4273,6850,6853,7367,3145,5968,8786,2390,7383,6617,8288,4836,6503,5097,108,1136,3065,637
3201,1923,2563,7944,3338,1806,6044,3484,5665,5410,7719,4650,2608,7090,9010,1843,7095,3270,8270,2008,6747,8542,5855,7009,1905,4466,8695,7292
8836,3718,2445,4111,4624,2837,6818,6947,2351,3375,2610,8371,3509,7485,4287,7496,8648,2000,983,3160,2909,7395,3812,6639,7154,8181,7548,7039
6273,6029,8466,5267,7193,3609,3611,4127,1058,802,7336,7082,4014,6840,6206,6976,2120,8650,7114,5329,6994,8022,1752,7642,8287,5984,4333,8046
3843,5002,3597,7186,3603,1554,5395,4639,2080,2465,3367,7080,6831,6324,8247,5439,4034,8007,7881,7757,8658,6621,6372,5605,1007,6002,4979,5887
5506,5510,3216,7062,5785,3483,8347,7580,543,4139,6188,4016,3768,184,6459,1984,6466,7108,6854,7241,8800,8929,5994,4074,2156,6122,5754,4348
515,1925,2950,8584,4617,2953,1805,4756,1818,923,5147,6941,5539,8230,2485,4664,7759,8146,4949,7258,1118,5606,6248,5750,7927,6648,7414,2431
3459,3337,524,5392,4630,5155,7973,935,4904,42,6699,8496,8884,6837,4921,3642,4036,6727,6347,7629,2765,4694,6238,6367,8549,6131,5619,2680,6905
128,6274,4867,6275,3594,2451,916,7703,6685,8096,7459,5166,3888,1331,3135,2495,7616,2882,3526,8011,1231,6355,7636,7127,4837,5745,8443,5500,6015
135,6153,5898,6539,8588,6157,8214,7319,7064,156,1696,3495,5817,3257,1467,5696,7758,7762,6873,4956,5342,6242,7651,2675,8310
6785,4868,7565,2573,5647,7961,8730,7334,7983,2367,5577,1225,7164,4310,5334,5849,8794,479,8550,2161,8190,6520,5756,7037,6014
8075,2830,5646,3218,4377,8603,1053,7846,2858,556,1589,1719,1596,5185,8386,4676,6599,8784,8792,5595,8926,3296,7525,1646,8307,7668,7542,2296,7549
5253,3592,140,6161,3095,8856,8345,8736,6953,7978,3498,8756,6340,6215,3272,4938,5195,8906,4815,7894,5220,4841,3820,8050,7796,5877,8441,5242,7550
3840,1540,5637,8203,5649,1940,8857,4505,8222,6302,3871,2977,1061,6313,7593,6826,3378,3904,8901,6859,4172,6736,7641,2274,8940,6129,7666,6771,5493,8829,8830
8842,7055,8976,8977,8592,5907,4373,2206,7717,8998,5046,7232,7752,2252,3068,3406,4947,8019,7895,3421,5356,6381,6773,8054,7032,2041,4091,380
4483,1795,8710,5639,7688,3474,1173,2454,7709,6308,6570,175,8367,4913,2482,2612,5051,8653,2265,3162,7257,2016,8167,1774,6387,2169,3450,635
8448,3329,1668,4359,6154,8341,7832,7833,7322,2331,6172,2723,2342,8871,8362,4658,3123,8505,2105,576,8001,7360,8530,7508,8541,7011,6765,5119
640,8576,643,3461,5765,1434,7839,4515,2467,5420,6194,6196,438,3004,2240,3523,8133,7239,6605,5853,864,3836,3684,7535,6137,6907,8444,7423
8834,6661,8070,4999,2056,5385,3208,8713,8460,8843,4497,1682,8724,2711,7452,2716,7071,8224,7590,3751,2216,7081,8874,8751,8500,1972,4663,8889,7993,6713,6203,6588,190,5055,6597,3018,1484,5582,1487,5328,5841,1873,5459,2639,8917,2517,6749,3934,1120,8289,4963,8035,2276,4071,8551,3048,5993,8555,5230,4463,4718,4343,5880,1529,6011,3708
4994,8717,3473,4754,4758,4504,7198,1311,4384,7718,8234,3755,5426,2866,8503,8255,7107,6731,8909,1616,980,6612,6614,5722,4060,3038,6623,8801,8803,2404,7782,3302,3944,1003,237,3828,4597,3322
1921,5894,5640,3724,8848,1821,5668,1447,4267,5553,5299,1717,7609,6972,830,3519,3395,8519,199,7122,7891,3673,8153,6498,227,7784,8569,6635,748,6251,6385,8305,3317,6649,4861
5249,4738,8195,7428,6533,6022,5497,3722,1933,1934,4623,3860,8343,6040,8477,1567,7840,2980,4516,2474,7858,6725,3269,2759,3196,2646,3803,1376,874,4976,8690,4086,2809,2044,6399
5376,2568,2570,267,4124,1568,2082,2210,2084,3238,4393,4531,5812,2750,3007,841,844,3662,3791,846,466,1237,2520,4188,1373,4572,4321,2921,6890,2922,3187,1140,4087,3577,3454
7425,1796,3973,1030,7750,8263,6791,8714,7947,7437,1936,5584,2514,4625,7057,5269,214,5271,408,4635,4764,7965,8413,3105,5794,6691,1188,2530,6817,6119,8112,3185,2738,1394,7664,3958,4216
2180,2437,6535,6796,1022,5529,2972,4382,8479,1825,3748,5541,4134,294,8615,2089,297,4776,2478,2862,7474,4277,5174,2555,825,4926,5954,1863,5704,3533,5198,6352,3705,4434,2642,7382,471,7001,7002,4187,5725,5983,1888,7777,7906,736,7139,6757,358,7143,4326,3179,3180,5100,4590,622,8570,3570,243,2038,8057,762,2043,8316,894
6531,6211,8774,7369,5452,8078,8462,7377,7638,1623,6625,6626,4578,5091,8037,4391,4648,8169,940,6061,4973,8623,1917,7793,1521,7923,244,1525,7986,8761,572,8061
512,4605,6786,899,4996,4229,6026,271,273,788,6424,547,4517,4006,1320,685,1326,1965,3886,6450,8758,4665,5690,4539,2108,3132,8765,5950,6341,5573,7240,1994,2123,3663,4049,5586,7380,8156,2780,2782,7422,3935,737,5089,3299,503,7910,490,491,4076,8941,5740,8943,4208,5996,4339,8564,3319,504,507,6909,4606
6338,4292,902,3528,7946,1869,3214,6798,5141,6870,2199,5720,5913,4059,7325,4257,5603,5924,4599,4647,7016,5353,3883,8697,4399,1968,8242,6067,308,6839,7801,7479,3518
8701,7554,2434,5764,3139,4742,5827,5879,8077,7246,5967,5840,8595,2323,3064,670,5535,2848,6885,7975,6952,8873,8104,6380,5677,5549,4143,8557,6768,311,6904,8379,2877,8767
4880,3219,8981,5658,8092,8748,3247,7092,8508,8637,4415,8642,7111,2631,5454,7247,8144,3153,2399,8045,3057,8946
6019,5897,6808,7713,4135,1838,9008,7472,2992,6711,3385,314,8638,2879,5570,8923,4831,5221,7916,7789,6643,8820
5638,6534,7312,3217,6821,1705,6060,4525,5425,7221,6965,5823,7124,7764,7770,8415,2911,8808,1776,7419,4092,7167
5120,3460,5382,8585,5130,7177,6032,6562,7853,6446,3377,8115,8755,7477,5561,7738,8640,6978,5960,332,4182,4698,4700,7776,2145,7010,6766,2292,6774,7930,2940,382
5005,1550,5391,2575,8469,1561,5786,4388,8486,5030,5417,8369,2997,5686,5694,1088,838,8262,5072,3536,725,2661,8698
7300,395,397,7949,3984,8339,6166,8220,799,6447,4410,8380,6461,5057,8651,3793,4444,1885,4579,7270,6252,6516
8899,6472,3913,6973,5901,5070,400,8660,3093,1941,4439,5020,5537,7397,7206,7462,7017,2733,5486,8368,6323,4020,4791,8185,6330,7933
6667,7822,2196,6805,532,8605,553,2989,7483,7614,7487,4800,4673,5959,5449,8913,4183,6744,8671,8799,993,5730,8291,8290,496,1144,3706,5246,1791
8197,6151,3978,3727,7311,6008,4246,4886,412,8098,8743,6445,8497,3259,2366,3775,4552,5578,5834,7253,8918,6877,5473,5476,8824,1134,4344,4477
513,5890,2051,5122,5121,6280,5260,6803,8723,795,5148,2589,7971,5287,6316,7852,1072,8240,7864,6074,7868,4669,7370,4939,6604,4298,4560,2256,4054,1368,4954,8282,5852,4961,8034,6243,4709,7273,6379,7282,5627,2813,4990
7431,4488,6536,2704,8853,535,3223,3352,4508,4510,8993,1314,5925,4141,6068,4279,7229,5053,7492,2121,7379,3164,8804,2535,6760,6508,8431,6767,2547,7924,5241,8958,2303
3585,8322,4323,6500,2433,3970,3273,6602,6633,8396,5622,6007,7510,8763,6139,5629
6180,6117,2283,8907,2094,8143,7632,3535,2867,4084,3892,7443,5149,7390,4191
4610,6789,8201,2186,5642,6926,5136,4117,5398,7837,5151,6048,4771,4397,1074,7096,2363,2623,5830,7371,6098,8793,6619,4196,3564,4212,630,6135,7288,1146,8573
8192,8832,5512,4360,8968,6024,7441,8215,7834,7323,5276,8355,1967,8880,3634,6708,8886,7862,569,3771,2875,7999,1473,4163,3911,7497,7117,8534,6231,7511,6745,2012,1630,8678,1514,5868,8429,5744,7537,624,3188,6650,3069,2814
8587,3858,6802,5524,8854,3109,8619,8875,5933,7471,7346,3129,5062,4811,3154,2387,7892,1117,8159,5093,5862,7420
1408,4354,8330,7821,3342,8079,7059,2968,4381,7589,8621,2615,8510,8393,8394,970,6864,7635,2901,6616,7648,4601
7040,5635,7044,4236,1038,3600,6674,1816,6681,2715,7835,6046,5408,7739,4674,5443,2767,3798,8150,5080,4716,6636,5621,4598,7929,7802
5507,646,1935,2324,2326,8472,5016,1688,4121,8861,8989,4653,6454,829,3263,3650,8003,3782,842,4814,591,5973,4193,1769,7530,2811
2177,8323,6149,6279,7561,5132,1037,2320,5522,4115,7061,5527,3356,8352,3619,5670,5286,6184,8232,6187,7596,2223,7216,6706,5811,2227,3254,7097,8634,317,7231,8384,8770,4803,1474,1219,5702,6728,4553,3401,6985,7372,4173,3281,5204,6486,8407,3035,604,7260,8927,6114,7140,1640,5609,1643,8301,5873,6642,2290,4852,1653,7669,8183,5112
8454,5643,1429,5671,4403,8244,5685,6860,974,8535,8924,8796,2655,7391,1506,2153,2803,5748,4340,7541,4983,4733
8198,4615,6540,3615,3744,3362,3874,1329,7606,3524,6345,6217,2508,7375,4306,5458,4185,1498,5468,3810,5881,6140
6920,5001,6284,6797,6670,4245,6425,6940,7581,5791,1059,7489,4431,4943,5974,3551,5733,4966,7141,1011,8826,6651
649,2058,5401,6687,6317,3630,8245,6966,8649,5706,7243,6089,4819,1493,4189,3808,3681,6240,3561,4847,6515,6776
3968,8967,8458,5902,5778,8083,5935,4532,5431,5049,8257,5442,3908,4805,5450,3678,5986,8294,4205,4341,8827,8060
7298,8582,7819,653,8590,398,526,6929,2578,8465,4383,7842,5282,6692,4520,9002,8879,4148,8628,7612,5181,4542,8902,2505,5066,5965,4436,1110,8790,5335,4569,1762,3430,5991,2664,8807,2667,6764,2284,6511,1266,7540,6647,1660
4108,2959,8975,5011,8725,1068,3629,7343,1840,4275,7348,9013,6457,3772,8893,7233,3449,7123,4582,6637,6265,5883
7430,7192,675,5543,4782,7087,5941,5435,2113,7878,5448,1357,8911,6102,7897,6620,990,7266,1893,3567,2302
768,773,6668,2708,8727,4253,4780,7088,8753,4786,2102,5445,6088,3294,8158,5216,4839,5865,1642,745,7671,7551
8833,8962,2818,782,1427,1300,3734,8474,7467,4909,5295,8501,2748,701,7619,8138,8267,5202,3541,8151,8928,5479
1414,3462,4616,7694,6286,8726,2071,4376,8476,6815,7458,1830,3111,4903,7340,5809,8116,1205,5305,1210,6716,6844,5825,2242,6724,8908,6222,8400,8920,8028,4701,5477,3689,3947,5355,753,8051,3574,5375
5504,4482,7812,7941,5256,7816,2184,7691,8204,6152,8334,3215,7952,912,5905,5772,1911,6039,4249,7579,4125,7710,4512,8866,7722,9004,8374,6584,4922,6587,8383,6852,3910,1868,3280,5336,3165,3037,1501,4445,2660,5478,2409,5099,8172,4589,3315,8052,6903,5753,4219
7815,2824,4896,5922,4898,6951,8622,1076,3510,6334,2895,6735,2518,7646,7142,7400,3305,7918,3827,499,8959
7168,6528,8453,6790,3339,1945,8602,1946,2460,7072,6433,8483,6328,2362,5957,4039,1612,5867,8179,6772,7677
4418,4099,8645,1734,6281,6221,2894,5710,1105,3282,1619,3540,2905,7962,3554,3623,6441,7595,2027,5805,7982,4082,4213,4982,6967,1784,4857,7482,3388,2110
7366,3081,1738,5131,3148,8846,6287,8399,1233,1170,3989,3479,4696,8279,3997,5406,6303,8992,8286,4770,3939,6179,6393,4967,7976,2600,3628,7021,8749,3632,2422,6201,7034,3901,7807
2688,6912,4416,2241,7046,8969,7499,3340,8076,7181,7373,1744,1172,5716,5536,8672,4448,7136,8887,5102,8432,8561,7028,5365,3831,8888,1849,5563,6653,2878
4097,1284,3346,791,5407,4386,4905,7210,7725,4657,5683,4413,6720,5441,8771,3398,7494,4428,8525,8292,8548,5989,8296,5995,5489,6524,3710,4224,8580,6788,2949,7824,5521,5270,5784,2714,3761,8882,8639,6080,195,1998,5583,8401,7890,4052,8930,2023,2299
