5646,3093,7718,7727,5171,7731,7734,8760,5690,3132,5181,3139,6735,8801,6243,2153,2667,3695,2675,3193,3706,6270,2704,4758,6298,2716,5282,1194,6319,6334,8385,2242,2258,4310,3296,6369,1762,1251,3302,6375,8426,2796,6893,2284,5364,3322,4346,7422,8959,4872,1807,8465,3865,4384,3872,5922,1830,9002,1326,6450,3379,1334,2359,7480,7994,6973,1865,6986,5452,332,4439,8037,3944,8051,6014,8064,4485,6026,6568,940,8623,5040,6064,6577,4019,8628,7612,7104,3548,7646,3038,993,484,7142,2543,6128,3069,4094
6538,7434,3470,5392,7067,5276,4637,8994,5925,8109,2989,1589,6070,7479,4279,7740,4670,4036,8778,4696,6367,1122,1506,8806,5873
7433,14,1429,1176,1053,8733,3626,556,3763,4148,6579,6710,5047,6979,4676,8012,4694,7913,492,7152,4338,3059,5624,763,6398
5125,7047,8712,5768,6282,8075,7817,7309,3088,3091,8212,6293,8982,4251,2334,3103,3487,7849,7465,7724,942,4783,5429,4542,3904,3264,7747,8516,6341,8643,3657,8137,4299,1229,5965,8017,6354,4436,5464,7771,6752,7276,5103,1391,7026,1266,2034,8821,8572,254
1540,8454,6667,526,1061,5549,2606,8879,3001,8762,5820,4800,2247,4172,2893,5335,4569,4834,4472,5991,1514,753,888,6522,7935
4488,8203,5649,4505,8857,8605,3616,6184,1320,5809,689,7360,4165,5959,6859,6736,4563,5588,7641,8799,3818,4588,7666,5493,1660
3586,899,3208,5897,4880,5658,8092,5026,3491,8356,8741,6437,7591,6826,1838,8495,7472,5428,8118,7351,4153,572,8765,8637,3649,8642,7745,2631,1738,2378,6093,8015,6992,3153,1361,7247,8282,8539,8156,8923,5731,4195,5739,8045,6767,3952,8946,7924,3319,8700
8709,7307,6157,6798,2196,6165,7197,6047,6561,678,8489,5938,3511,2875,8123,6077,5698,6984,5066,7626,5839,5455,8400,8920,8807
4992,8975,8847,7441,4627,8085,2071,5913,3225,7323,6815,8735,417,3621,8896,7774,6497,3427,1635,7781,8678,7410,3188,4980,4223
6795,8986,7457,4517,8881,8117,1463,5817,7497,7889,8534,8791,7511,7769,987,5342,8674,8933,2664,8938,5355,4464,8697,6650,8446
5776,6289,4498,2449,6428,4257,7841,6051,6566,8111,8880,6322,7988,6708,8893,3518,8772,4046,3920,8661,8802,4198,2924,2541,7031
387,8324,8067,7942,7556,5770,6936,685,8626,5688,8636,8898,4548,5831,4177,8787,6483,1878,5470,4575,5344,876,8941,8943,8182
2571,3480,7451,8476,5660,3740,7326,7213,7344,7481,5950,6344,7500,8527,6228,2525,2149,7526,4844,8047,5238,8439,2806,8953,7932
8192,4352,8068,4101,3462,135,6024,6279,5644,1037,8081,4115,6292,8853,8855,4766,8993,8868,3112,7596,6191,1967,8754,4275,8884,2870,7229,8511,6464,7113,974,5204,6486,8790,7130,8924,604,2655,8679,6760,4969,6511,624,6642,8947,8434,1653,8183,5115,2303
6786,6411,5387,4747,5647,284,7715,3370,8750,7992,5436,6079,5313,5699,5323,2891,1358,2002,7380,8537,8798,7268,4335,6258,4607
3077,2438,5257,8979,8983,4122,1307,4915,6709,4925,5188,8780,3277,5718,7128,4824,4581,8039,3176,8552,3306,5484,2412,6254,2932
7552,8972,8846,7568,2833,1170,1937,920,5788,1184,2212,8360,8617,4141,8502,2744,6848,962,2883,8773,4558,7762,7403,3826,7807
8335,8852,3989,8728,5406,4770,8739,8618,3628,4144,8373,7869,8254,4030,3144,3659,8399,6607,5595,3939,3045,1130,8563,8435,7544
5512,1160,795,4383,7331,547,5287,5032,7732,8759,7737,6205,8640,7370,7117,5715,6490,7903,7776,7010,998,2535,5352,7282,5375
5377,4610,8719,4117,3223,6424,5530,5022,8606,2976,8370,7475,7607,1467,4163,6982,7251,3169,4713,5740,2286,8431,3574,630,6141
3715,5380,5262,8849,3097,6045,8236,559,7600,1205,3384,5819,5185,6215,6225,344,5978,7772,6882,4070,6759,8306,7029,7672,7294
7042,3592,6922,4377,6426,7846,2858,1596,3520,8386,6340,6599,8906,8784,7894,1110,8792,6873,6363,5220,1646,6640,7668,7549,2558
8194,2309,5643,4364,4365,4877,529,7454,1696,5024,3498,3245,9006,7093,8885,4407,1473,1481,6474,8779,8908,6349,2386,3164,8932
8066,7171,5766,140,7951,6291,4889,8223,7091,8116,8756,3257,8128,5955,7363,8781,4815,8276,8278,8163,6116,7651,5877,5242,6269
4994,6278,653,1311,5668,1447,8232,553,1706,4267,5426,2866,8255,4553,6612,5722,4060,8803,2404,1003,748,3828,4597,7289,4861
5249,6533,5894,8717,4754,1821,7198,7840,4520,8234,3755,8503,3519,8384,3395,2505,1616,7891,6614,3803,7260,6623,6251,8305,8690
5898,8468,404,7063,8348,2078,6944,4009,6953,7473,6833,6715,5825,452,1610,8139,8652,8028,7138,8166,8303,8178,6899,7545,6012
6403,2696,7826,5911,7967,5920,8737,7978,7084,6835,6452,1210,8894,5696,68,1606,1225,7893,2135,4958,8036,3820,3821,2929,1531
6528,0,1411,7815,1288,6793,4492,8588,1042,5650,8087,7704,7447,1946,8483,7075,4262,5928,6440,4264,2347,8492,8622,4528,8242,1076,3510,8376,1986,6467,5063,5705,2895,8405,2518,4565,2906,6874,99,5736,3305,7400,8683,7918,7151,3827,499,8948,8310,5619
8579,1414,7303,3850,6286,6544,786,5404,7205,8487,1191,1598,4295,3272,6346,6481,5078,5466,2273,5474,5346,7531,4972,7796,7550
8708,657,7954,8214,3991,8856,8345,8987,7340,8494,7983,7856,5550,7604,5305,5434,8009,2381,7125,5334,6242,4968,7016,4332,4081
6276,4357,7566,8726,7321,6170,2339,8227,5158,7218,7602,6716,3911,2635,6477,6739,2775,8280,2012,3689,4329,2288,6133,2173,1150
8841,4752,4376,6305,5667,6563,5680,4529,8895,7743,4421,5457,4437,6231,7391,7525,8809,8307,7541,7542,6901,4729,8956,6654,6911
6917,1683,2964,6296,8351,7201,6434,7469,7728,3248,7871,3647,3138,6851,325,2121,5580,8271,5713,7013,7653,7014,6507,4732,6142
4230,3974,5773,5654,6053,37,5799,5288,7991,8382,2111,8775,8520,6216,4427,5837,2510,4689,5592,6491,8667,8677,5487,8312,4989
3780,4868,4733,5671,8424,4932,4682,6860,4685,7537,7314,4145,4181,2550,4983,8796,1341,7518
8705,8449,8355,1348,7398,3883,8429,4369,3890,6035,2132,5557,8149,2229,7834,6140
5061,6085,8553,74,3947,5775,8659,8883,6068,4403,8535,5241,8217,7901,5215,2463
5760,6785,6153,2830,5804,4656,5936,1970,8243,7220,5810,5815,4157,1730,7875,4292,8265,4938,5082,6236,4701,6118,7145,8950,8441
144,5265,8210,3475,6161,5397,4631,3095,8752,3637,7488,3011,1221,8904,8905,5195,715,4175,7249,4952,4828,7786,4473,2429,1662
6790,3339,5020,8095,7072,6433,4896,7206,3117,8238,2733,1973,4039,6983,7623,6997,4440,8411,5347,7910,7655,7017,5616,6130,7933
7431,3352,7455,5280,8485,7720,1719,5957,7495,1612,1101,8656,3792,2007,5593,8030,6111,8926,1126,5867,7662,8179,1271,3321,7674
7298,8452,5545,6187,3884,3254,7097,1474,6985,4042,5708,4173,6733,4304,6880,7140,3814,6635,2290,8050,7540,8062,6647,4089,4478
8323,6149,7561,7061,3356,1314,5670,5286,6706,8886,6457,8634,8770,4803,7492,5702,6728,2889,3035,6114,1643,8301,4852,5112,6265
8581,7822,4497,7446,2711,412,2589,4510,7458,6178,7971,7864,3259,3775,4552,2127,4183,5852,5473,8034,8291,4709,5866,6508,5246
7304,2573,7694,6809,3358,5156,4903,6823,1961,4138,5163,7867,8891,3778,1476,5321,7754,6222,7765,4058,5482,7407,2934,8825,4991
519,5128,5901,6418,4259,7845,2983,7209,6323,6963,5191,1097,3917,7885,7259,7397,1254,8823,7528,5232,8048,5490,8180,2167,5245
7297,2313,400,1941,5537,8357,8103,7854,8368,4020,4791,6330,8251,8899,6472,3913,5070,8660,7509,7783,8041,7915,5486,7023,8185
8032,1346,7749,2694,1991,8327,3881,5612,5101,4078,4303,5906,1490,8532,4023,7415,3229,447
5350,6695,6376,6409,3242,6267,2537,8973,3054,7693,7633,4312,7865,5050,2747,3838
1604,5575,6057,6828,5869,7597,5229,7116,2897,1874,7695,280,2074,6075,4957,5023
4480,3971,5381,7818,6539,4878,6800,6680,3489,3495,2855,3111,7211,8877,6574,8769,1234,3795,3419,8927,6498,5859,8692,7413,5759
8451,5386,8716,4893,2722,3234,7979,7855,4146,9011,7748,6732,7378,6867,5460,7134,4704,7264,7779,7529,4717,4079,3953,7157,6526
7168,4360,3337,8968,4618,4114,3477,4898,5155,6699,3634,6837,4921,3642,7357,7756,2765,6238,8549,4199,7150,6131,7669,2680,6905
5632,6283,3853,5518,4630,8602,6558,2591,7074,3365,6951,7464,42,6328,2362,1469,4802,8004,8794,6365,3582,7024,7801,2814,3711
8832,513,5505,2051,3459,6280,6803,8723,5672,4904,3888,7999,7616,2882,6727,4298,6347,7629,6990,6362,7273,8555,6379,5744,8443
128,6274,4867,6275,3594,2451,916,6685,8096,7459,7973,5166,1331,3135,2495,3526,8011,1231,6355,7636,7127,4837,5745,5500,6015
7296,6540,5009,5524,7703,3615,8875,8496,5811,7476,6217,5325,7375,7504,3923,7892,8916,6745,1498,3810,4841,4340,5748,1526,5881
7813,3976,8587,3085,3858,1685,4245,3744,3874,1059,6827,7346,7606,5946,3524,8388,5062,6345,7243,2128,5458,2387,4185,5849,7904
3298,7269,3430,8647,2727,8777,7593,4169,8239,8338,7923,8340,8499,7223,3288,1882,7804,1399
5633,3042,6723,4067,4290,7366,5477,7782,8910,3218,4693,7638,6232,5594,8603,1789
8992,7936,8101,7207,2375,169,7369,6955,4137,3538,6259,9014,4855,7388,3997,8191
902,3593,3214,6162,8854,1558,6560,5152,8619,7471,7349,3644,2364,206,5720,5468,6371,6244,8554,7274,8174,8688,4724,4599,8447
133,8838,5513,7946,4233,5141,7960,7325,5792,4647,6317,4399,6067,308,6338,6980,3528,1353,1869,3028,3285,6870,5603,3824,8189
2177,1921,8195,7428,6022,5640,5497,3722,5132,1933,1934,2320,3473,5522,5527,6040,8343,8477,8352,3619,2980,2474,6649,7216,5553,7858,5299,1717,7609,6972,7231,3269,2759,8519,3401,199,6731,3281,980,3673,8153,227,1640,5609,874,2539,6385,8569,3196,6399
4866,6038,8342,8601,2460,1697,935,6065,3252,3641,320,8776,4424,2125,3411,6105,858,8668,360,8556,6892,6262,4600,7162,8702
7424,5893,3466,7183,5393,8722,7958,6682,8099,4003,2728,6572,6325,7608,8259,5444,8390,6855,2762,7507,7255,3178,7408,5244,2941
3589,8966,5258,6028,7948,3100,6432,8609,6820,295,2471,1836,6585,8512,8260,2254,6351,8788,6998,729,872,8937,6250,1387,2031
1538,7682,8202,1422,7696,7827,7955,7189,5139,6554,3239,4521,4395,2477,7598,4017,434,1718,4285,7618,1989,7133,2546,1017,8318
3081,3979,5134,6287,7700,6550,3479,3993,2600,1202,6201,3901,7034,4556,4429,1233,6107,8284,2397,7393,4967,5366,6393,1786,7677
1285,1157,8971,8332,5648,7187,7320,5917,3617,4258,7976,2604,5807,4919,4795,7622,5850,8286,1250,6631,3437,7021,3568,2422,7673
5122,6531,4742,2056,5260,3857,2323,6446,3247,4143,3385,4415,8767,5827,7246,5967,4560,5454,7767,2399,2145,5996,6774,5879,6904
2689,8078,8462,4113,6169,2848,4648,6061,6712,8513,2754,6211,8515,8774,8909,2256,7377,465,7513,1625,5091,8547,5480,7793,8061
8460,8595,8981,670,7852,8748,9008,8240,818,5685,6839,8638,7111,3785,7764,4956,4703,4961,5221,6761,3057,5107,8820,5627,2813
5121,5890,6019,5764,2434,6534,8077,4135,8104,2992,5425,6711,6074,314,4669,2877,8144,4831,6885,6380,7916,7789,6643,3064,4990
3716,645,5135,4112,6416,1298,6421,6933,6423,7194,3738,5921,34,4900,804,7334,1832,5931,5554,2740,4024,3129,2488,1080,4797,7872,3393,7362,7107,5707,3916,1242,734,1631,3552,6624,4965,4327,7277,6384,1264,1521,3698,3700,3317,7794,4593,8056,5369,6396
8197,3856,7570,4246,4886,1824,929,8226,6946,2724,932,2344,4654,8497,3378,2996,7350,4425,5834,3022,7253,855,6627,5114,4477
3072,6401,6018,3468,7054,6031,4368,7318,5402,4767,6958,8277,8154,7265,8164,5990,7271,5224,4218,1772,7409,8565,1657,1914,2559
3840,5637,7686,1040,1940,7832,5119,1405,2206,3871,8865,6183,6968,6591,576,5060,6857,5476,3557,8940,3694,4591,8054,8829,6655
8842,8592,6302,8222,8098,8743,6313,7232,4673,2252,8913,8019,6744,2274,8290,5356,8824,1134,6771,6773,7032,4091,3068,8830,1791
6661,4875,8843,8724,7833,5535,8224,2977,8874,6445,4663,6588,7487,8901,5449,5841,2517,8671,5730,7019,4718,1776,6129,3708,8701
7554,5638,5130,7312,3217,6821,6952,8873,5677,7092,7221,6965,311,8379,5840,5328,8914,7124,5972,2911,8808,6768,1529,7419,7167
2048,1294,4504,8607,2978,2856,1833,5546,812,3629,8761,1850,6462,6207,4806,8902,7126,1623,5207,5857,4453,1518,6769,2042,1917
1668,8582,7819,8590,398,6929,2578,5142,4506,6303,7842,2723,6692,1068,7348,1592,830,7233,8523,8530,1384,6121,6764,6392,7806
4106,2827,6669,1567,2083,3878,810,300,303,7611,8129,709,4678,8389,3284,2646,5208,8283,2272,2666,3050,3314,1143,2553,1403
4740,8071,6931,8596,7069,2077,1566,3233,5502,6181,5164,7215,1586,2227,565,2233,6725,8783,1750,222,4320,4461,2158,6134,8574
8834,8070,4999,5385,8976,5907,532,7452,5148,7071,7590,7081,4525,8751,1072,8500,1972,7993,8889,6203,6713,190,5055,6597,3018,1484,5582,1487,2639,1873,5459,8917,7770,6749,3934,1120,8289,4963,8035,2276,4071,8551,3048,5230,1144,496,4343,5880,6011,4092
3329,6154,3727,4623,8215,8998,8871,2425,8362,3123,8505,7483,4027,7614,8001,7752,3406,4947,7895,8541,4459,6381,6765,2041,380
8448,5639,7688,3978,8977,3474,6805,2454,4373,8341,2342,6570,175,8367,2482,2612,5051,2366,7239,5578,6877,7011,8167,1774,6008
2820,8453,6536,8,2824,8461,8207,6673,5779,2965,1814,7190,3864,1945,8354,7462,8231,1452,1455,5301,4150,1461,3765,6842,6844,2237,5566,7490,3016,8402,8404,6615,5719,3935,7905,2789,6887,7404,8813,8685,7790,4976,6896,8818,7536,6004,6772,8822,3704,4475
8804,8903,3400,4615,6633,7371,8396,2283,1198,8143,6602,7761,2867,4084,2294,535,5848,5630
4930,1891,3172,5253,4456,4041,8746,2161,5330,7379,5909,2296,4059,5756,5053,2046
3585,3970,5629,6500,6117,2433,3273,8907,2094,3535,7632,5622,6139,5149,7390,4191
1408,4354,5542,4871,3464,7831,4522,1709,3439,6928,6001,8464,7411,5628,5495,7420,2045,1439
7712,6724,965,8997,7364,3688,6663,5226,7755,7101,6864,3443,5013,5975,6299,4381
5281,6146,5735,1511,7799,5610,4401,7058,918,5655,8504,5209,4022,5372,6878,959
1569,5432,5214,6471,6634,7020,3212,3503,6672,2706,3998,8372,8120,7384,8633,3003,6174,4255
6208,7073,7753,7147,909,5358,7534,6830,4596,8213,7030,5559,4984,4790,7263,8319
6756,7848,6730,8107,2860,9005,6606,7726,5552,7089,8053,632,1562,5052,7293,5183
7141,8198,6920,5001,6284,2508,5935,4431,1329,4943,1011,1493,4341,8245,6776,5401,6966,3551
3968,8257,5442,6240,4805,8294,8967,6089,649,4847,6515,4532,4819,8827,8060,3678
3681,7489,3362,5733,4966,3561,6797,6670,4306,5974,8826,6651,6940,4189,7581,5791
5376,4738,8710,2568,2570,267,3724,8848,3860,4124,1568,2082,2210,4516,2084,3238,4393,4531,5812,2809,2750,3007,1219,841,844,7372,846,3791,3662,466,7122,1237,2520,7257,4188,1373,4572,4321,7784,2921,6890,2922,237,3187,1140,4086,4087,3577,2044,3454
8706,6020,6919,8711,4616,6151,4499,7064,4632,7961,8736,7468,5297,2623,1733,7758,8915,8918,6742,8033,7652,8423,6514,4212,8564
4763,156,160,6562,5924,5678,6575,3639,6456,7866,6458,7288,3530,5706,8141,1117,7517,868,2407,3825,4722,2803,4344,7161,7295
1536,8839,5131,2199,8088,3736,6683,2595,6954,4271,6583,569,6600,4936,3148,8016,3026,3287,3290,7643,4316,3171,8043,3696,3192
5516,2956,8850,4636,6704,7358,3013,454,7883,8268,4818,3286,6103,2647,7386,8922,1630,3682,6629,5353,5613,4085,2293,6780,2943
3219,6549,7319,8730,5275,6179,5886,7986,7862,2367,1857,5577,8397,7120,6356,479,8550,2279,873,1778,8437,8190,7164,7037,6782
5509,4748,7565,2705,6295,7448,2585,8604,1693,1950,6049,807,6190,8631,8252,1724,1495,5854,4062,2532,4076,4846,5998,376,3325
7172,3876,4543,7657,5450,8715,5581,2350,8175,4495,3312,6738,4946,8789,6520,6394,4604,4959
5312,7908,8297,8458,4457,6220,8621,2927,7984,6097,7634,4817,4726,3578,7291,5116
8897,8649,8042,4331,7660,3371,3630,7882,6032,3441,6834,7925,6390,3702,1078,7033
5120,3460,5382,7177,8585,3472,7975,2216,1705,6060,6316,5561,7738,8508,2879,6978,5570,5960,4182,4698,4954,8415,8557,7930,382
6665,8713,2318,7853,3377,8115,8244,7477,8755,2491,7868,5823,4939,6604,4054,1368,8152,4700,4192,7523,5868,6766,2292,3832,2940
3908,2916,4582,2058,8330,970,6637,4205,5902,1840,3342,8083,7059,8725,7635,5049,3772,8510
832,5448,3449,4108,7343,2959,7123,5011,9013,6102,7192,1595,5435,893,990,5883
2113,7266,675,1893,7430,5543,7878,1357,4782,7087,3567,8911,5941,7897,6620,2302
512,6017,5761,5891,4996,4229,5892,5129,7563,271,3728,273,788,5755,4006,8363,5548,1965,8758,3127,4665,4539,2108,5573,2373,2885,7240,6909,1994,2123,3663,4049,5586,2523,2780,2782,94,5089,737,3299,490,491,4208,4339,4853,503,504,507,4605,4606
7809,6658,5263,150,790,2710,6176,2223,1727,8130,5064,8392,6858,2512,3154,8155,8544,1376,8038,7527,2794,495,4592,6895,4221
1664,1686,1687,2462,1831,5423,2226,6198,953,954,8126,2629,2630,5829,2377,5453,8526,4688,1365,6741,5339,1374,1381,2278,117
4000,2178,7301,6662,3303,4551,8325,5964,7663,8912,7665,3666,5043,6226,8815,3573,8568,7707
2561,5123,8419,7587,2024,585,3051,1516,7450,5778,4501,5943,3224,3897,7418,4667
7648,4641,5986,7589,8393,5037,8142,7821,3501,8817,2831,8086,5431,2968,5947,6687
2946,2436,3977,2188,5137,7578,7583,2208,2338,4643,1713,7102,5318,1223,2687,3669,6871,3032,217,2914,98,5090,251,1277,895
4737,3713,2053,1548,1676,7950,2962,3227,1576,2602,2603,430,694,2644,1755,2654,863,5856,4451,2919,5481,366,6898,5363,4595
7649,1155,2917,3721,3279,848,4379,4050,2067,3987,2421,1142,853,2804,3382,1435,477,8478
706,740,2372,262,1767,1543,2679,1674,4204,2221,1681,2065,1747,2773,5878,951
3776,4707,583,424,4103,2793,6027,4974,5519,5626,2995,6677,3898,2973,4350,1215
7937,6913,7333,3942,7078,4808,3656,5098,7690,5324,7051,7079,2472,3889,6609,7573,2615,1535
5093,6425,5862,7305,7338,7917,6638,8079,1968,6802,8403,6646,5111,4601,1787,4892
8704,1286,2090,7083,4811,5933,2475,4602,2901,7286,8470,6616,1338,1339,1980,8159
864,7717,3493,7322,3751,8653,3450,7535,7311,4913,4658,1682,7508,2265,3162,6907,6172,7839
2016,2169,4483,6308,8133,5765,4359,635,3004,6387,6196,1173,6137,2331,8444,5853
2240,640,8576,3523,643,3461,4515,2467,5420,6605,6194,438,2105,1434,3836,7423
1052,1438,3108,6436,4391,7592,4394,2218,3760,2225,3383,2107,2109,2251,6625,4578,6626,6501,871,8169,235,4973,370,244,1525
1025,4869,3719,5008,3222,1564,6192,4026,1852,3005,3010,2371,2118,3788,4942,4945,593,3413,3801,4955,3933,97,869,4843,3565
7553,1793,4613,4741,2314,8205,2190,5017,540,6813,5533,5664,5673,1459,698,5693,5068,3925,6487,5601,5729,6124,8049,2547,8442
7432,779,524,2957,1811,6548,2967,2457,5531,5532,2461,4508,1952,1955,2731,3886,5168,3120,8124,6845,7493,5843,3671,4215,2683
3425,8161,6468,4420,3109,8575,4133,5193,4680,7532,5709,4561,7859,2868,22,8026,3771,2783
3808,5186,5412,5899,1740,8302,4911,5918,2194,3731,8309,2039,7928,1977,3292,8094
6717,4104,5289,8394,7902,1742,5071,6701,2771,7829,4438,4248,2745,58,3357,7838
7681,1795,1797,2316,7055,8084,6808,7709,7713,5419,6326,5046,4284,6594,2502,1608,1227,595,3421,3684,8934,4585,5993,4463,2164
6148,8328,7179,2699,6290,6930,4760,5793,6567,5292,7217,1332,4282,3521,5700,5447,5065,6091,5597,6113,3816,7406,6003,8440,5884
8322,7939,7689,7443,6942,1443,8996,4771,6180,9000,4392,4524,3892,8763,2493,3140,6479,7510,4323,6374,3950,1909,6007,1147,8958
6789,8201,2186,5642,6926,5136,5398,7837,5151,6048,4397,1074,7096,2363,5830,1741,3665,6098,8793,6619,4196,3564,6135,1146,8573
773,6664,1418,6668,4236,1038,6160,3346,2708,8598,8727,791,4253,8866,4772,3369,7210,1323,5932,1325,8366,8753,8374,2102,8127,4674,3266,6852,3146,6603,7628,459,599,4311,88,350,7521,612,8805,3308,881,7671,7546,123,7551
3331,2691,1667,7175,2184,8844,2829,7439,5264,8593,3992,6811,2340,8872,3115,2732,2864,181,4534,3896,1601,8264,4809,2122,7502,4691,6100,7006,6750,3936,3964,236,4474,8188,5117
4224,782,8591,8720,7572,6043,7195,5408,5675,5293,7341,7088,4786,7478,6200,4922,6720,195,5571,6213,5443,5202,8158,5471,5478,8314,5865,4970,6894,1649,7285,8694,6518,4986,7803
7043,3846,4234,8334,3215,6163,1300,6934,3226,5915,7579,4895,6559,7722,3374,5295,1199,8627,2748,5438,4927,2624,3263,3143,3541,8151,5080,3294,8928,3041,3433,3692,2162,3448,3581
1152,6788,5521,5270,6681,5273,2203,5407,4129,7203,1317,1065,4011,7599,4657,5683,8629,1212,4170,6862,5583,6610,5587,8150,8663,3423,2402,8292,3175,745,4720,6641,3834,2299,3710
7040,8321,2818,5507,7044,3600,1427,2324,1816,5016,8472,7835,8861,8989,2845,8364,7470,6454,7739,8768,3650,7619,7237,5970,5973,2137,4193,2786,8931,4324,8296,1642,1898,6636,3955
768,8833,8962,5635,6152,8974,7952,912,5905,6039,5784,4512,6948,7467,4909,6524,6970,701,6080,4037,3398,5445,6088,8267,8525,3675,1501,6237,3686,2409,5099,8172,5995,8311,2300
3456,3842,2307,6542,1167,7699,6676,2326,2327,3099,292,2469,6311,3756,817,6578,3126,7736,2617,697,7100,1860,3909,3782,591,7887,5074,2262,5847,1757,3553,4706,2147,6389,6906
7427,2052,6916,3335,7816,5255,3734,1302,1944,8474,1699,8747,4780,8501,4406,4537,8249,5437,8383,1089,3654,6470,8138,7929,3545,7132,5216,4705,8548,5479,8681,750,7919,1911,5753
1154,4227,8580,2949,1798,1284,4121,2714,7065,4386,165,4905,5802,7725,443,4413,8639,5441,8771,6084,8003,8521,4428,1998,5712,8401,4052,3798,8930,2023,1769,1770,5489,5621,7802
4225,3075,6407,3982,1935,2834,4371,4503,2328,6551,6391,1692,30,1571,1067,2222,7996,5308,4935,2248,6224,6876,1629,5217,3301,5096,1513,7530,2669,368,7281,2418,1655,7417,3199
4739,3204,8965,646,5767,5780,8471,1688,7577,1689,1436,6689,1827,549,1579,814,5424,1716,8121,5310,7876,842,3021,3931,4317,1246,2019,5607,2670,367,3184,6005,374,4598,2811
265,7053,5781,4118,5653,7706,8862,8105,4652,4653,6702,7989,7354,3516,829,7870,1216,8258,8008,2761,712,3403,4684,5971,981,6872,247,860,5087,5223,6120,4978,1781,7159,761
1665,4995,1542,392,1677,2061,2971,2205,5790,1823,1694,6309,2088,937,1964,2735,305,946,948,441,3131,2757,6729,589,978,1240,218,2524,732,3420,1887,1248,5095,365,5368
6144,4609,6659,2692,1028,2822,8456,7050,7315,3604,4500,5018,2587,1820,5415,1960,3882,6062,3122,7355,4283,1854,4293,3667,7899,1889,4708,8165,6249,3436,6126,3190,1019,4860,7805
1671,2567,1545,5007,2459,1565,927,1186,1829,2087,1834,8106,1918,3635,1588,2104,828,704,2756,6726,1235,4307,2645,3283,2011,862,1377,355,3182,3183,2672,7539,502,7675,510
4356,2693,6406,7052,2062,6674,3861,2842,4891,2715,3759,3761,8882,4402,7733,8381,2238,6465,3142,2503,4040,1356,4814,7376,3158,472,3928,2778,6109,5989,363,2923,5234,4210,3186
7575,6050,1575,5703,8457,1450,4906,426,7966,7824,2767,7890,1108,2873,1847,6584,5081,7486
6657,5284,3844,8422,1701,7272,7337,3174,6443,4716,5742,3504,4788,3797,7353,5212,6046
5504,4097,4482,7812,7941,7685,7691,8204,5498,4249,7710,5031,51,6587,4414,63,4545,3910,7494,1868,8655,3280,2769,5336,7773,3165,3037,6496,6245,4839,619,8052,4469,6903,2298
3207,1679,1296,2069,3607,3608,2841,4890,3102,3237,1958,1959,4523,1587,2236,445,2751,8000,834,2116,2812,3402,1614,850,212,852,475,4318,4449,738,743,2920,241,379,3452
4864,2816,5508,2823,1932,2582,668,4514,3106,2219,9004,8749,3632,1584,2354,2235,956,317,1853,3651,8132,3023,2385,977,8279,8407,6235,859,4445,1503,1504,1380,372,4219,3455
7170,6915,7299,7555,7558,5256,4363,5772,4622,4116,7956,6167,1305,7836,4125,5405,6307,3753,938,8002,3141,2766,2129,5332,7512,2660,4589,5617,5618,3315,7412,7922,5236,5367,8831
3340,4367,6545,274,7569,8339,5269,8599,8220,4134,8615,4776,8112,2352,2096,6836,2997,5174,5303,8887,8764,5694,4160,6592,5954,7750,1734,4044,81,4434,725,8024,7002,3166,1256,5864,8810,3179,1900,8300,1394,3570,8438,6777,762,4222
3718,1030,1928,6923,1163,2445,5005,7437,2837,5271,5794,2850,7330,5030,5417,2608,8369,6589,6850,8007,3145,3536,8786,2390,7383,7766,6617,5725,6503,5097,108,4333,622,1136,1905,637
2563,3973,3338,1806,2702,5395,5786,6044,2080,5665,1058,7328,4645,7080,7850,4273,2610,8371,1843,6967,6853,7367,7496,7499,5072,2514,2008,2014,2528,5984,5605,7664,8181,3958,8695,3065
3202,1923,7944,4873,8714,7947,6029,7191,4127,5536,6818,5410,1957,2351,6961,7090,3507,6721,5704,2000,7292,5075,6359,4823,2140,8542,7136,8800,7009,7395,4836,8432,7154,2674,7548,6653
1281,8963,8836,6405,1801,4624,8466,8851,3609,7965,6691,6947,4777,7082,4650,1324,3375,4661,5562,4287,6976,6081,2500,5956,3270,4167,8270,983,3160,1370,3550,6122,2799,4851,7414,7039
3201,6281,6796,3348,7962,3484,7969,294,5159,7719,7982,2355,2614,5686,3388,1093,8134,6221,3533,5968,3282,1619,3927,3415,7519,8417,3812,6757,2027,6639,4082,4466,7283,4213,4982,3831
4099,4744,8969,8076,7181,4243,1172,2580,7076,4902,8614,3623,6441,6698,4396,5805,7987,6841,7226,2619,7482,3261,2878,7098,4812,5710,6352,1105,7644,3039,8672,8288,2659,7139,7396,8561
8707,6021,1929,8970,3216,3603,6675,1691,6556,6431,8479,5797,8745,7595,3253,3894,1084,7108,7620,5961,3531,4813,721,2905,4570,1115,6233,8413,8409,3418,8543,7659,7280,8945,6260,7931
509,2828,397,1550,5391,2575,3984,5529,4382,1825,5541,6310,1581,6447,9010,695,6461,5057,2758,2642,3539,4827,4444,5724,4579,2661,7270,7143,489,5354,1519,1524,6516,3960,2557,1022
2688,6912,7046,3209,2583,7580,2089,5034,297,2478,8888,6073,1849,5563,2110,6335,4416,2241,4418,8645,5579,7373,2894,1744,5716,3540,736,3554,231,7028,5365,1784,4857,8698,2043,8316
6273,4111,5267,7193,1050,923,3611,4639,7336,4014,6324,6840,1466,6206,4550,2120,8648,7114,8650,3020,5329,8658,6994,5845,8022,1752,7642,6621,5088,4448,6372,4326,1262,2671,6648,4348
802,3367,7881,3597,8046,6831,2862,8365,8146,6002,4979,1554,5887,8247,7258,6747,8287,5439
8929,6466,5539,2465,3843,5606,8230,5994,2156,4756,2485,5750,7927,4664,3483,7062,5147,543
7169,258,2180,2437,6535,2972,3748,3625,7474,4277,3509,825,7485,5198,4302,7382,471,3542,7001,8057,4187,5983,1888,7777,7906,358,3180,6252,4590,7667,243,3705,8570,2555,894,8703
7425,1796,6791,1936,7057,4625,7186,6034,408,6168,4635,4764,6817,3105,1188,2738,4926,4034,7236,8263,1863,5322,5584,214,2909,1759,2530,4710,6119,5100,5102,1007,3185,4849,2038,4216
4998,2825,2444,5403,2844,3360,289,2742,1721,2106,955,1722,836,3783,2124,845,2255,3025,469,473,857,7515,5239,5980,6366,4322,2787,2918,3566,3438,8559,5361,1015,1274,1278,1919
1088,4388,2950,8262,6248,4617,6941,4074,7241,8486,3090,8148,8469,7095,184,1561,2269,5855
1984,2626,2499,644,3397,4077,3313,2554,6459,6263,3768,4826,2490,3355,3739,2588,958,2431
5506,515,7300,1925,5510,8584,2953,5002,395,7949,1805,4241,6166,5785,1818,8347,799,4139,6188,4016,2999,9015,4410,8380,838,6854,8651,7757,7759,2384,3793,4949,1885,1118,483,5754
