1540,6667,5646,3093,5658,8224,1061,7206,8748,4143,1589,8762,572,4670,576,3139,8778,7247,3153,1122,6243,8806,3689,6250,2153,3695,6767,2675,6774,3706,6270,4742,2704,2199,5276,2716,6826,1194,2733,6319,4279,4800,2242,2258,4310,5335,6367,1762,8940,8946,763,7422,4872,5392,4880,3865,3872,5922,1830,1326,1838,7472,7479,7480,6973,7487,3904,5959,1865,332,8015,4439,8037,8051,4472,6522,4485,6026,3470,1429,7067,2989,5549,6064,6577,8628,3001,8637,4036,6597,3548,4575,993,1506,6629,7142,2543,3057
6528,8454,3208,5897,7434,6157,6165,4505,795,6683,4637,1053,3871,5925,6437,8109,8622,8623,6450,4019,3379,7732,7734,6839,2359,8754,6334,7104,1986,6986,2893,4696,8923,7646,8799,6369,1251,484,6375,7017,1130,1514,6128,3952,7282,5619,3059,5364,753,8959
5125,5637,7047,6793,6282,8203,5649,1042,1940,6293,8982,8342,1176,2334,2983,942,8495,4783,7731,6579,3510,5047,3264,6848,7745,7747,4548,4676,3657,1738,2378,8012,6354,1878,4694,3038,5344,5731,3302,3944,6761,7913,2796,5873,7026,499,7666,8821,8182,3322
8709,6798,4627,8085,2071,4376,8986,7323,6047,4257,6561,678,556,4407,3511,8123,5698,5839,5455,5457,5078,6744,3169,8291,8185
4992,7307,8217,1946,417,8483,3626,3117,8238,5938,4020,6330,4673,4163,7623,7626,8913,6997,1882,1635,2031,8048,7410,7924,5624
8064,8067,5768,8075,5901,3088,8465,6298,5282,9002,2347,7724,7727,8879,5171,1973,7612,5181,6992,8411,5470,5347,3939,7397,5246
4610,4488,7822,8857,8606,5024,6068,4148,7229,8385,6979,2247,6984,6859,6351,4569,2655,4834,8807,6760,8941,8431,7807,7933,5759
902,4117,4377,412,4766,6815,2976,4517,3621,8370,8883,7093,2744,5817,1596,8896,1473,8386,8661,5720,1646,5103,8434,3188,6141
6539,8847,7441,4498,3223,5913,3225,7197,6574,8881,7988,1463,8511,3520,8772,6085,7251,8791,8792,8920,987,8674,8933,7783,888
5381,2313,6795,8972,8846,6289,3091,1941,8981,5022,8095,3616,1697,4770,3491,5026,8741,7846,935,6051,7849,3248,5809,6322,8626,5429,8117,7351,3641,320,5185,7363,325,5831,6093,8784,4177,7889,8787,4440,7769,5473,7652,2149,7910,5355,2541,5486,5616,8700
6279,5770,5387,6411,4878,400,6421,4758,284,3740,7326,4384,5537,8739,8356,8357,6184,8489,7979,7596,7344,3378,8251,5436,8129,5313,8773,5323,7500,6732,5070,8527,6228,8283,604,7259,8798,8801,5859,7526,7655,6129,3698,6258,5238,2806,8953,8829,6526,4607
7841,7457,4198,6566,3592,6982,2858,8855,8617,8111,6936,7762,2386,1719,6296,8697,1467,3518
1696,8066,3971,8868,8802,7113,5834,8938,8908,4046,8719,3920,2833,3826,8214,6428
6464,8769,998,4552,1160,5352,5032,4713,5776,6292,7253,4246,7607,8885,7549,2558
7552,7431,7815,7433,14,3352,7455,4896,2212,7462,6568,2606,1076,5820,6077,962,1608,6735,3792,8030,3818,7403,4463,1271,4346
1793,7553,4741,8205,2190,8485,7720,4791,5693,5566,6594,6983,7495,3913,1101,8656,3925,5593,8926,6111,2789,1126,4585,4338,2547
8192,4364,4365,5262,2196,3097,2463,547,4399,6191,8116,1481,8781,6349,7894,344,5978,7774,6116,7528,4969,3947,5877,7029,4477
3715,5380,2309,7946,7331,8236,9006,7600,6833,1205,2870,4027,5955,6474,1869,6225,7772,6236,5215,7903,6497,8163,8556,3574,6269
7556,2820,5258,5131,7948,5650,7190,7704,3864,8733,7715,2339,4262,7213,8376,4153,8636,4797,8512,8899,4932,6472,3785,8776,6600,4558,1358,2002,6483,8788,5588,8660,2007,7767,8537,4563,7518,4195,7268,2539,2412,4588,7790,4335,1264,876,2034,3696,7674,7932
7171,5766,2696,5643,404,6944,8737,5671,7084,4656,5825,7497,1610,974,8659,8534,7511,8924,6118,4459,3821,7413,8950,6650,4733
6403,8068,3214,5775,8468,8348,4893,559,4145,5810,4403,7473,1080,7737,452,68,8535,7130,6363,7901,8036,8553,6899,6140,7294
2438,8983,6169,1307,8865,1455,6323,6709,7490,8780,3411,8404,5718,4824,6105,4703,7264,6887,3176,5484,8685,6254,5107,1403,2943
8451,3077,5257,7568,920,3234,3878,4264,8360,8618,6065,8502,7869,3647,3916,3277,2510,4689,7378,7128,7134,7779,4581,8039,7529
6533,5894,6278,4861,3724,4989,8848,4754,2964,1311,7840,7201,5668,6053,8234,3755,4267,1706,8368,5426,1461,6844,8255,8384,7871,4299,5580,8909,8783,8271,7122,6874,4060,2404,7014,4600,8041,1003,6251,237,2667,624,8690,8818,8180,4597,8312,7289,5245,4223
4352,4101,6024,1037,653,526,4877,398,4112,7826,4886,5911,6426,7967,7718,6012,553,4009,1967,5815,7609,7994,4157,1341,7488,2505,5066,4042,8139,8400,6612,5204,8790,6486,4952,5722,8028,4958,5346,5991,6635,2284,6511,7536,2929,1653,7157,7545,1660,3069
3716,5128,1807,6416,5020,3229,3103,4259,7209,6963,565,8118,7991,8760,1334,6070,7415,8898,7107,5191,5713,7386,4983,8823,6780
2956,2449,6423,3738,7451,3112,3881,7465,7728,5554,5428,4023,5819,447,7872,4165,1097,8652,4303,2135,8539,8683,8047,3193,254
7818,6538,1937,1170,8476,8605,7454,8994,8231,6710,8759,8516,6341,5452,6736,4183,5464,3296,4067,8678,7152,8947,4980,7031,8572
0,140,8461,8979,169,3498,5040,4146,9011,7481,6079,1346,6340,6599,6215,4938,3419,6882,3820,7662,7023,6896,1391,6130,3321
6624,7748,7749,7653,1991,5928,1288,5612,7469,7854,7404,4464,7633,7091,6931,4565,2233,6142
5280,7042,5188,4070,8775,4427,5804,3245,3694,8563,7893,8087,6490,5115,8668,6654
3557,8327,6376,6409,6267,7116,4461,8716,7695,1874,8532,7672,7865,2747,6396,8351
2273,7205,7781,4647,1191,6759,6346,7117,7249,6161,786,7220,7606,3095,5434,5404,8026,1598
3810,3524,3911,5512,6217,6540,6860,5868,7375,8880,7566,4340,8215,7834,1498,2875
4631,6276,5061,6477,3991,7537,7602,7504,8243,4181,8726,2775,7796,7321,8987,8956
7298,3850,8958,8081,529,4889,6647,6187,8884,8756,7097,8128,1474,4295,6985,8906,4173,7891,3803,7140,748,2290,6642,8183,8062
8323,6149,7561,7061,3356,1314,5670,5286,6706,8886,8634,8770,4803,7492,5702,6728,2889,4553,7372,3035,6114,1643,8301,4852,5112
8643,3427,7013,5350,3974,3462,8043,4251,3917,5773,7260,4528,2167,3480,3385,8667,6972,8503
6434,6851,7362,7845,3138,8103,8354,6917,74,6216,5799,5705,4492,3795,8948,8382
8677,6695,8552,6344,6440,5575,4844,5101,6828,6057,5232,4915,3252,6614,6682,6075
7073,4510,4292,4709,7016,4106,7531,6316,7370,5550,7864,8849,1361,4115,8280,8345,7611,1150
4357,5158,2635,7743,2288,4729,7218,6739,5460,6901,4437,8856,8441,6716,2173,8895
7905,6305,7297,4701,8424,8809,4175,6672,5936,8210,7314,8916,4790,4604,2429,6174
513,5122,2051,6020,8706,8711,6280,5260,3475,4632,4383,2216,6446,5685,8508,8640,1733,4560,8918,1368,7776,7010,7273,6379,8555
5377,4616,2830,5265,5397,8736,7468,3637,7875,8904,3530,5195,715,2012,868,8423,7786,8303,8178,2803,2550,1143,3704,4473,5375
1414,6151,3593,8715,7694,4369,1683,7325,8094,2078,7079,1970,6708,2229,2364,3780,8389,8779,2132,5220,4841,7407,6133,3573,1662
8705,8194,8581,144,6035,5141,7446,3883,8752,3890,308,5557,6338,1348,8647,3528,5325,6479,2127,7765,8149,7398,5866,1526,4991
8968,5009,6809,4898,6178,8355,8997,5155,6823,3111,2090,5163,2350,8242,7476,6905,8891,3778,6724,6345,7754,5482,6131,8825,8575
8198,3085,5524,3477,22,3874,4903,6827,8875,8239,3634,6067,569,7867,7357,7753,5321,6222,2128,3923,3287,6745,5468,4704,6646
5920,7458,8452,4199,3272,6953,4138,7978,3884,6733,8302,519,1968,8050,3192,1210,4478,3711
6880,6560,3233,8227,8004,4802,5735,7464,3050,6481,7892,7668,6583,1977,5242,6365
5603,2472,7083,1836,7756,206,8688,4724,7349,1558,7286,8470,6362,3644,5918,8447
4360,3337,8588,5152,7074,6954,6699,42,6837,4921,3642,3257,6205,2765,6990,3026,5849,6238,4327,4329,7274,7024,7669,7801,2814
8704,6785,7296,4868,135,6291,7064,7961,3495,7983,3384,8894,5696,1225,7758,4815,4946,5334,6873,8794,5342,7904,7651,8174,6520
5253,5513,2573,535,8993,5545,7338,4911,2045,5053,1353,3285,7510,8804,3814,3443,4212,2934,630,8568,5241,4602,8189,5630,2303
4871,5909,3736,4892,7078,5542,8746,4522,1709,4930,7364,4041,5708,8016,7761,5330,5848,4059,6878,4456,2161,2296,4089,5756,2046
1536,4994,387,8212,4504,7198,4520,2866,3763,7740,7360,5965,1229,1110,6623,8032,2664,6121,492,3838,4078,1266,3828,7540,6398
2048,3586,1668,7819,8590,6929,2578,5142,4506,8607,6692,2856,5546,1592,8761,6462,4542,709,8902,8523,8530,7771,1384,6764,7806
512,5632,6786,8579,899,4229,7304,7817,6028,6418,5654,6424,3876,1320,685,7475,8758,5688,7608,5690,4539,3132,8765,5950,1476,5573,7240,8520,1994,4169,5837,3663,1490,6226,7380,6870,8156,3299,2537,491,5740,7915,6507,8943,7411,8564,8309,3319,4732,6909
3840,8197,6154,7832,8098,6313,8497,1972,6713,4925,3649,1219,3018,2252,4956,8290,5476,5356,6771,5493,8824,4091,3068,8830,5119
6661,4999,8842,7055,8724,2711,8222,2723,8998,7081,8751,7092,5046,8889,7232,5328,5841,8917,6877,8035,2276,3048,5993,1134,7032
133,5393,8722,7958,8099,4003,6181,4006,37,2728,6572,7597,6855,3656,2125,4049,7507,7255,1625,872,3178,6262,507,5244,8574
7942,8582,4747,4122,5660,6045,7075,8499,2740,6835,2754,2883,5444,8390,4312,1254,5739,6892,2158,7408,6640,5490,8439,1531,5628
3011,1221,4230,8071,5288,4233,5386,8137,7885,8973,5229,3054,5487,6830,2932,7960,5050,2111
7424,1604,4424,3466,7276,5869,7183,7986,6356,6325,7319,7162,8604,2941,8702,1399
3489,8631,2532,5893,8550,4717,6190,5998,4846,2705,8446,7598,6295,8252,8190,479
3970,7301,6922,4618,5644,6286,3358,1184,4141,6458,2623,8903,6602,7371,8396,5474,3172,8166,8679,2283,3564,2924,4084,4599,7550
3585,8322,2433,4615,7443,5149,6180,2094,2867,3892,8763,3273,8907,3535,7379,8793,7390,4323,6500,6117,6633,5622,8573,6139,5629
4344,6456,5924,2407,6575,5530,5297,4722,5715,8915,8278,3639,7288,7866,4763,156,7517,7295
4058,8033,7303,8487,5898,4682,4685,8143,7951,6162,8276,7063,7544,5466,8223,4191
4000,6913,7138,1891,5156,8325,5792,3303,6007,6544,7632,6514,3824,8306,7831,7707
6146,1286,6662,3464,7690,7051,4495,8464,2194,5013,918,6299,1439,7712,5412,5043,1338,7101,4936,7883,5581,8789,3682,7657,5495
8966,8839,5655,2595,4133,4271,6704,7984,4401,4022,4543,3148,6609,4817,8403,8922,4316,3942,3688,5353,5610,3312,7799,7161,6394
5764,8077,1040,670,4135,8874,9008,4663,2879,6591,5827,5060,7111,6857,1484,8144,2256,5221,5996,7789,5230,6643,1405,5502,6655
5890,2434,6019,7686,3217,6808,2848,7975,6952,6183,5425,6711,8767,7246,5967,7764,2517,1623,6749,6885,4591,5879,6904,1529,4092
8070,6919,6928,4497,8723,5148,6562,7852,4529,5055,4680,4298,7419,7770,4954,8671,2145,8034,6244,8808,2286,3825,3578,5627,382
5120,5121,5382,6665,6032,160,5678,3377,7477,6074,4669,2877,5960,8141,4182,4698,1117,4192,4961,7523,8557,5111,3832,7930,4990
1797,8335,3857,8852,3989,8728,5406,6303,3628,2488,6715,4030,8254,3659,1233,7509,6107,5595,1631,7393,3045,7916,7021,7794,8435
1285,3081,6287,7700,6550,3479,3993,1786,7713,4258,2600,1202,6201,3901,4429,8399,6607,8284,2397,1250,4967,2422,5366,6393,7034
5509,8202,7696,5139,8596,7447,7069,6820,2471,1965,4017,434,3382,2491,8259,1989,6998,729,858,734,222,2039,1017,5114,4605
7682,4740,4996,1422,271,7955,7189,6554,3100,2077,7334,3239,1832,295,4521,4654,7350,4285,2254,7120,4965,7277,5369,8318,5886
6265,6457,5706,7291,2959,1840,7343,5435,5011,8975,8725,9013,4275,8853,3449,5883,3164,8893
7233,7842,2916,4582,5448,4108,3629,1068,6637,7123,7348,6102,6392,7192,3772,990
2113,7266,675,1893,7430,5543,7878,1357,4782,7087,3567,8911,5941,7897,6620,2302
2178,8587,3858,8735,5933,7471,7346,818,8244,3129,4667,1339,1980,965,5062,4811,5964,6220,3666,2387,8152,5862,8297,4457,8826
5001,6797,6670,6802,5401,6940,5791,3744,3615,3362,8619,1329,6966,2508,4943,8912,4306,5458,4185,3551,8159,7141,5093,1011,6651
8712,7570,8340,6933,8603,3487,8226,804,7593,2477,7223,7618,5707,6097,8017,4436,7641,5090,7269,3430,6769,7923,8692,7804,8191
8324,2571,3997,8992,7207,940,689,7366,7369,8265,2891,8910,4693,7638,6232,3288,7388,2525,3042,7782,8426,6893,8820,4855,1789
8701,8834,5638,5130,8092,5535,2724,6821,8873,6060,5677,8240,6965,311,8638,8642,2631,5454,1487,8914,7124,2399,6380,6768,2813
3460,2056,8585,7177,8843,8460,2323,7971,5287,7853,3247,8115,8755,5561,7738,4415,6978,8282,4700,2535,6508,8045,6766,2292,2940
6663,7305,7058,6803,1685,4630,1059,2475,3888,8388,6980,6727,7755,7629,6738,3028,5975,3808,3681,6371,8554,2927,6001,4726,2680
7813,8838,6920,649,4245,6425,7581,6687,6317,4532,8245,7489,6089,4819,1493,5974,4189,6240,5733,4966,3561,4847,6515,6776,8827
3329,8592,8977,8976,8341,4373,7833,6172,6308,3493,4658,3123,3775,8901,7752,5449,5578,4172,4947,7895,6381,8054,2041,380,1791
8448,4483,1795,4359,3474,7322,7709,7717,2342,6570,175,8367,2482,2612,5051,8001,7239,3406,2265,3162,7257,3421,8167,1774,3450
4354,8841,8079,4752,8854,2074,6170,6563,5667,5680,3259,4421,2897,6231,8796,7391,7525,8429,8307,5748,7541,7542,4341,7420,6911
3968,1408,8458,8330,3342,5778,7059,4381,8621,5431,8257,5442,3908,4805,5450,970,4431,6864,7635,2901,6616,3678,8294,4601,8060
7554,4368,273,4499,1824,929,34,6946,932,4648,8104,6958,2996,1595,8379,832,8774,5840,855,4578,8164,8565,4218,893,2559
6531,8462,2206,6302,1950,2977,4391,810,6061,6712,6211,3022,7377,8019,6625,6626,5091,2274,5480,8169,1521,6773,503,3064,8061
7936,5760,5633,6153,3218,6038,8101,2727,4137,6955,5943,3897,4290,6723,1730,8777,5082,5594,3298,5477,7145,5226,6259,1909,5372
5505,2561,7172,8967,3976,1443,8996,7333,7587,3365,1961,5935,5946,1469,8510,8897,8905,7882,7243,5209,4828,7150,7925,6390,1147
2694,2121,7693,8078,5134,5136,7793,1074,6926,7565,3765,7935,6135,6014,5906,1146,4094,5023
6752,1857,6179,2279,5577,7309,5647,3219,8437,7862,8601,8730,7164,7037,6782,2367
6048,4771,4196,6789,5830,8201,2186,5642,4397,2363,6098,5398,7096,6619,7837,5151
7703,4641,5281,5672,4904,5037,5166,8504,959,5312,3135,5186,4808,6347,8142,6355,7636,4959,7908,4205,3439,8175,8817,5500,6015
128,6274,4867,6275,3594,2058,5902,2451,916,6685,8096,7459,7973,1331,5049,2495,2882,3526,8011,1231,7127,5986,4837,5745,8443
8832,6401,3459,5516,3468,3856,4113,5164,9014,7999,7616,5063,1234,8405,2906,2780,8549,7271,1772,1518,7151,5744,2294,1914,7677
2824,6283,3853,5518,6800,4114,8602,6558,2591,6951,2855,7211,8492,8877,6467,2895,2518,99,5736,3305,7400,7918,3827,8310,5881
7809,6658,1411,5263,2710,1686,150,6176,6452,7992,1727,8130,5699,1606,2375,6858,3154,3538,8155,8932,8038,7527,6895,4592,4221
1664,790,1687,1831,6198,953,954,8126,5829,8392,2377,5064,5453,8526,4688,2512,1365,6741,5339,1374,8544,1381,2278,2794,117
3072,8513,2689,3325,5592,8649,3242,6031,5135,465,7215,2293,6742,6134,280,6549,6491,4957
7648,8515,7589,5990,5931,6284,7821,3630,8268,8088,8277,2968,7513,3290,4636,6207
7265,5857,4806,5224,4425,4395,8397,7409,4593,7827,8056,5972,1718,6968,8154,5275
8449,7937,8708,5899,2831,657,7954,7340,8494,7856,8496,7604,5305,3771,5947,8009,2381,4304,7125,6242,4968,4332,4972,6638,4081
5123,3731,7829,4501,8086,3224,7450,3109,3501,3889,7859,2868,8393,585,5193,5709,3665,2783,8161,1511,2024,3051,1516,7532,7418
4866,7563,4748,6669,1294,7448,5402,4767,1833,8750,303,1586,2108,2629,3284,7126,2647,5207,6103,5854,4320,4453,3306,495,244
2827,788,1693,300,812,5423,1850,2123,5586,1495,5208,2272,737,5089,873,490,2666,4973,1778,4339,1525,2553,2042,1917,4606
6432,6049,8609,8260,3013,2630,1566,4678,3977,8937,3589,1387,3728,3314,4818,4062,2237,8478
2208,6017,98,2462,5891,2885,5129,8363,4076,251,1713,4853,2523,3127,5755,7102
3171,2436,454,807,5318,1223,2188,5613,5137,8850,4085,3286,7643,7358,1630,895
1921,8195,2053,5640,5497,3722,5132,7950,3473,2962,6040,2585,7578,1821,7583,8352,2978,2083,3619,2474,2602,6649,7216,5299,1717,1724,830,7231,3395,2759,8519,6731,2687,980,6871,3032,3673,8153,94,2914,227,360,7784,1640,5609,6385,376,8569,3196,6399
1538,2320,8338,5522,8343,6680,2722,2980,5548,7855,7858,5811,6585,6725,199,3401,6867,3669,7133,8927,6498,8803,4079,3953,2546
5249,4738,6022,2568,2570,1933,1934,4623,3860,5527,4124,8477,1567,4516,2223,2227,3281,1237,2646,1376,2922,874,4976,2809,2044
8713,5385,4875,3978,7311,3727,5880,1682,5907,532,6805,6008,7452,2589,7071,7590,3751,8743,6445,1072,8500,7993,6203,6588,7868,190,5823,2366,4939,6604,5582,2639,1873,5459,4054,5852,3934,1120,8289,5730,4963,4071,8551,7019,4718,496,4343,1144,6011,3708
5761,2946,4737,3713,645,3721,1548,2318,3472,1298,2067,3987,7194,4379,3227,5921,2338,4900,1576,2226,694,4024,4665,3393,2373,4050,2644,1750,217,1242,1755,2782,863,3552,7649,5856,4451,2654,2919,366,6384,4208,6898,5363,3700,3317,2421,504,1657,1277
6536,8,1676,8207,5779,4508,5419,1452,5301,4150,6842,8124,3016,1747,853,6615,5719,3935,1767,4204,8813,3565,4595,6004,8822
1025,1543,1674,5008,1435,1564,6436,2218,2225,2107,2109,2371,2372,2118,3279,848,477,740,2917,871,5481,235,5878,2679,1142
5376,2177,4480,7428,8717,7054,2210,1447,8232,4393,4392,3370,7591,1198,5553,5812,3254,3519,3269,3400,1616,4572,8305,2804,4087
267,1568,2082,2084,3238,4531,2750,3007,841,844,3662,3791,846,466,2520,4188,1373,4321,2921,6890,3187,1140,4086,3577,3454
7011,8710,5639,8871,8505,8362,2425,8653,6765,4913,7483,1173,2454,2169,635,3004,8541,7614
864,2016,3684,8133,5765,7688,7535,2331,6387,6196,7508,6137,6907,8444,5853,7839
2240,640,8576,3523,643,3461,4515,2467,5420,6605,6194,438,2105,1434,3836,7423
6018,5570,5892,6501,6534,8415,1705,4525,1776,7312,2992,8595,4831,7221,7318,314,7167,2911
706,4707,3108,4643,262,583,4103,4394,2221,430,5519,1681,2065,5626,2973,1438
97,4869,3719,7592,2793,4843,3933,3788,4942,4974,6192,4945,2995,951,1852,3005
7622,6631,7976,2344,3144,8971,4556,2604,8442,5807,5648,4144,7187,8373,7320,5850,5788,5917
3617,8547,1157,2314,3979,8332,4919,3437,3568,8049,1459,3413,6487,7673,4795,8286
3776,3010,1155,6627,869,424,6027,2603,2773,6677,3801,4026,4955,3898,4350,1215
7681,4613,779,524,8084,5017,540,6813,5664,5673,3886,3120,6326,4282,698,6845,2502,6091,5068,595,5597,5601,5729,6124,2164
6148,8328,7179,2699,6930,6290,4760,5793,6567,5292,7217,1332,3521,5700,7493,5447,5065,1227,6113,8934,3816,7406,6003,8440,5884
7168,8453,6790,3339,2316,3222,1945,2460,1052,7072,6433,3760,3383,6328,2362,5957,4039,2762,2251,1612,5867,370,8179,6772,3582
7432,2957,6673,1811,6548,2965,1814,2967,2457,5531,5532,2461,5533,1952,1955,2731,5168,4284,593,8402,5843,3671,4475,4215,2683
7939,6374,5289,8042,3371,7838,6701,1742,7917,5324,5098,8083,1078,2615,7928,7033,1787,7902
8419,9000,4331,4524,7660,3950,7663,3441,6834,7634,7573,3702,5116,2493,6942,1535
3425,6717,6468,4420,3140,4104,7689,8394,1740,5071,2771,4248,2745,58,3292,3357
5432,7848,6730,8107,632,1741,6606,7534,5552,4561,2706,7089,8372,4438,5559,4984,8120,7293
6208,1569,8319,4551,7147,2860,7020,5358,3212,909,4596,8053,7030,8213,3998,4255
5214,6756,6471,6634,9005,7726,8815,3503,7665,7384,8633,1562,3003,5052,7263,5183
1154,1667,7175,4236,6160,3346,5781,2326,791,7706,4772,1317,8872,3369,1323,5932,2732,8366,1325,2864,8753,5683,4534,2102,8127,6720,3266,195,8521,2122,459,7502,6862,4307,88,6750,3175,881,7546
773,1798,6668,5264,5521,7572,2708,8727,5016,8472,5407,4129,8866,2340,7341,2299,4657,3635,8374,7739,4674,3146,599,7803,1757,350,7006,7521,4193,1769,3308,6636,123,5117,7551
3456,3075,2307,6542,1167,2324,4121,3099,6811,2203,8862,7203,292,6311,6702,6578,8629,6454,7736,2617,443,8381,829,2761,591,7887,5587,8663,3553,2147,8188,7159,6906,7675,3964
4225,3331,2184,7050,3982,7439,7065,1820,5790,1571,2469,4653,3759,5308,1601,3782,8264,8008,4809,3403,7628,5712,5074,4691,6100,5217,4706,4708,5096,6249,3436,6894,368,7281,4474
6659,3846,1418,7052,8720,6163,8598,6551,2328,4503,5915,1692,6559,5408,5802,5675,8364,7996,2624,5571,6603,7376,6610,2262,732,1629,5471,5087,612,5478,7285,6518,1655,7417,3834
4227,8580,2949,6406,5767,8965,1935,6674,8471,5273,7577,6681,30,6689,4386,2219,4652,1716,8121,7100,5310,8003,7876,5443,4935,3798,6876,2019,3301,5607,1513,2669,367,2418,6005
4224,4097,7044,2693,6407,8334,3215,912,3600,6676,6391,7195,6948,165,4905,8106,8105,7478,4922,4545,8771,8132,6084,7494,1998,6224,981,5080,5989,3686,6245,7530,1770,4589,8311
1665,4995,1542,265,1677,2062,7053,2829,5653,1689,2205,1823,1827,1065,937,1964,2735,7599,305,946,948,441,2757,1356,978,218,3420,1246,1887,363,365,2670,4720,6389,247
4739,7812,7043,4234,2061,8591,2834,4371,2327,4253,2845,549,3115,3126,3896,4413,4927,6852,7237,5971,4311,4317,7773,2786,8805,8296,3433,1898,236,6641,2162,7671,3448,761,8314
2691,5507,2567,392,8844,8593,5018,2971,1694,4895,6309,2088,4011,1588,181,3131,3516,1212,1216,1860,4293,3909,712,4684,589,472,6872,1240,3936,3041,1248,5095,2672,1781,3581
768,8833,7040,8321,6916,782,7699,1300,6039,7579,6043,1186,7467,5295,4786,2748,7619,2503,6088,8267,5202,5970,3541,8151,1501,8158,6109,8928,8931,2023,5865,8172,7919,3315,3955
8962,5635,7427,6152,8974,7952,1427,4909,5293,7470,7088,3761,8882,8627,7733,4406,6970,701,4414,8639,1089,4037,8138,4814,2137,3675,6237,5216,4705,4324,5223,6120,7929,4986,2300
2818,1284,1038,1816,5784,3226,1688,7836,8861,8989,7210,1579,7725,3374,5424,6200,3263,3650,3398,3143,842,4052,5973,3931,3294,745,1642,5995,3692,5489,1649,8694,4598,2811,6524
4482,5255,7816,5905,6934,1302,1944,4249,7835,7710,4512,5031,7722,3756,4780,1199,7989,4537,7870,8383,8768,5441,3654,6470,1868,3037,2402,5479,2409,8681,5099,750,1911,5753,5498
6144,4609,2692,1028,2822,8456,7315,3604,4500,4118,3992,2587,5415,1960,3882,6062,3122,7355,4283,1854,704,8258,6729,3667,7899,2524,3423,1889,8165,6126,3190,5368,1019,4860,7805
3335,6664,8457,4622,7824,3734,7575,6167,1305,8474,7966,6046,6050,1699,1575,426,8747,8501,7353,7354,8249,5437,5438,6213,2248,2767,7890,5332,3545,7132,6496,3174,7272,4970,8052
1152,6657,2052,7685,7941,3844,6788,5405,6307,5284,1701,7337,1450,6443,3504,51,4788,2873,7486,6080,8002,5445,8525,8655,3797,5212,8548,8422,619,4716,5742,5236,4469,7412,3710
1671,1545,5007,3608,2841,2459,1565,3102,927,1829,1958,1959,3237,2087,1834,938,1918,2104,828,834,2756,1235,3283,2011,4318,862,1377,355,2920,3183,241,7539,502,5367,510
1380,3607,6726,4040,3402,3182,1584,977,4210,3186,1587,2645,2582,3861,3928,2778,2842,2236
3106,2116,3207,2823,743,3455,4523,1679,3023,212,2069,372,852,4890,475,2812,2751
3842,3204,646,5780,5270,2714,2715,1436,4891,1067,814,817,4402,697,2238,6465,4170,4428,3021,5583,8401,8150,5847,3158,859,860,8930,8292,3184,4978,5234,5621,374,7802,3199
8000,4449,738,2816,4356,3142,5703,4906,6235,1932,2923,1296,850,1108,3452,5081,2235,956
4864,1504,4514,1853,9004,8749,2222,1614,3632,2385,2354,1847,8407,379,668,445,1503
5504,2660,3910,4839,5256,7691,5772,8204,3280,5617,2769,63,6903,6584,2298,6587,3165,5336
7170,6915,7299,3141,7555,7558,3753,4363,2766,2129,5618,7922,4116,7956,7512,4125,8831
258,6923,3340,7181,7437,7569,5529,7962,5536,7330,4134,8615,5030,4776,2352,8112,2096,2997,5174,5303,3388,6592,5954,1734,4044,3533,81,4434,1619,725,7766,8024,7002,3166,8810,3179,1900,8300,2027,3570,8438,6777,762,2555,637,4222
1928,4873,8076,2445,5005,2837,2972,2850,1957,5417,2089,2478,7226,4160,6850,3145,6221,3282,5075,2390,7382,2140,7777,7906,7395,4836,6503,1256,5097,108,622,1136,1905,1394,8316,7548
3201,1923,2563,3718,3338,1163,1806,3216,6044,3484,7328,5665,5410,4388,4645,8486,7850,8365,2351,2608,4273,2610,1843,8371,5686,7496,5968,8786,2008,6617,7009,6639,4466,8181,8695,3065
6405,7944,4367,6545,7191,1561,5786,6431,6818,7080,6961,7090,6967,8764,6081,6721,7108,3270,5704,7499,8270,2000,6359,7001,8542,5855,7136,5984,5864,4333,7664,7154,6260,8057,8570,7292
1281,8963,8836,2437,6535,4111,4624,8466,4243,3348,5269,7193,3609,6947,5159,7719,4777,4650,6324,4277,2614,7095,4287,6976,8648,983,3160,6747,8287,3812,2799,8945,4851,7283,2043,7039
1801,397,3984,1554,8339,5267,8469,3611,8220,4382,3367,4014,6831,8247,6461,5694,6206,5057,8134,7881,8651,5329,8658,6994,8022,1752,4187,3550,7519,4579,6372,2661,6252,8046,243,6516
7425,3202,6021,1030,8714,7947,6029,2702,274,5395,5271,7965,802,6691,1058,5794,7336,7082,6447,8887,5562,6589,1088,5956,1093,7750,6853,5072,5725,2528,5605,7659,3438,8432,3958,6653
3973,8969,6796,2580,1691,7969,7076,5541,8614,6698,4396,7987,2355,1849,7482,2619,5563,3261,2878,5439,4416,4167,4812,2894,5710,1744,6352,3415,7642,8672,8288,7270,7280,8561,3831,894
6273,2180,4744,1929,5002,8599,6556,4639,5797,4902,8745,1324,6836,3253,4661,6840,6841,1084,2500,7620,1863,8650,4813,5198,8409,7644,6621,1759,5983,7139,7396,6757,2674,4979,5365,7931
8929,6466,7258,8262,5994,4139,2156,7757,3597,6122,3375,4074,6002,4756,7062,5754,4348,5887
8800,5539,5606,6854,6248,6648,7114,5147,8230,8146,2485,5750,7927,4664,7414,923,184,543
2080,8707,8007,7367,5322,5100,7186,3507,1172,2514,6034,4823,6168,3603,1370,2909,2014,4127
7098,8417,2659,7236,3039,8543,5961,8970,7241,3418,721,6675,8851,3894,6233,4570,8413,8479
7169,509,3209,2583,1050,5403,1825,6310,297,5034,1581,2862,695,6073,6335,2758,5579,2642,3539,5845,4827,5724,1115,736,4326,231,489,5354,1262,2671,1519,1524,3960,2554,2557,1022
3843,7300,395,7949,1550,5391,2575,6166,7580,799,2465,3748,8369,7474,9010,3509,825,4410,8380,7485,838,2120,3536,3793,471,7383,4444,1885,1118,1888,358,7143,3180,4590,3705,8698
4448,4099,294,3623,6281,6441,7595,2828,3531,7982,5805,1105,4082,4213,4982,3927,1784,2905
2688,6912,4418,3554,8645,7046,4550,2444,7373,8559,5716,7028,3540,8888,4857,5980,6366,2110
4998,8703,2588,2844,3360,289,3625,2742,2106,1722,1466,958,2241,2626,2499,836,2124,845,4302,3020,3025,8148,469,3542,857,4826,5239,2269,5088,2787,5361,7667,1015,1274,1278,1919
5506,515,1925,5510,2950,8584,2953,2825,4617,1805,5785,1818,8347,3355,3739,3483,6941,6188,4016,3768,1721,2490,955,6459,1984,3397,3783,7759,2255,4949,473,7515,4322,2918,3566,2431
1796,644,6791,1936,7057,4625,4241,3090,408,4635,4764,6817,3105,1188,2738,2999,9015,4926,4034,8263,5584,2384,214,2530,483,4710,6119,4077,5102,1007,3185,4849,3313,2038,6263,4216
