5688,5026,8251
8609,4925,7481
8865,2438,4335
7526,8039,8618,2539,4703
7268,5323,8780,6254,6709
8360,6228,5718,8798,3647
6599,6411,8683,3277,7128
2425,5580,8271
7201,7991
1097,5487,5232,8667,4989
6882,7715,519,8979,8117
0,5188,6507,7415,3229
3557,3077,7749,1991,7865
1536,4003,7183,6262,8702
3489,4581,3242,4427,3917
2754,5128,2728,1625,3838
7013,4230,5612,2510,8180
8259,3466,6572,7507,8312
8677,3974,4424,8973,5050
1989,5139,7827,5654,729
8099,4169,2537,6418,6325
1857,5244,7255
3493,6782
4521,4654,4017,1399,6554
2724,5893,2412,6549,5369
4368,3795,8565,7958,4218
7618,4453,5931,6031,6933
8164,4806,5484,7869,2559
5857,5090,7271,5773,8056
4748,1778,1495,7448,1724
2885,3127,2523,94,895
5224,2477,6958,5245,8478
98,5129,3468,251,4767
8226,6409,7116,8716,7633
2436,1223,8363,2188,6871
2914,2344,4425,6968,6079
7598,4593,5137,7409,1718
5318,7563,8397,1358,6207
4264,5387,7578,1914,7583
2053,7686,4591,1405,6591
4643,6855,8532,7608,6267
3713,5191,1490,694,3032
7424,6695,3054,1713,8154
6017,4451,6898,5363,2687
4737,2279,430,2644,3227
3721,3987,217,4379,863
6401,5891,3977,5548,7126
7649,2917,4595,5878,1435
804,7189,1543
4050,1772
2602,2603,4204,5713,2804
4259,5350,1767,2067,2421
7682,6501,7334,1438,447
2221,4942,1681,2065,1747
4869,262,8823,951,4732
2995,3669,5519
4707,4103
97,3719,2962,4824,2973
2208,583,3788,4499,5626
4843,477,1142
2793,4974
869,7014,6376,1874,4955
7265,4395,7950,3728,5755
6018,5892,7277,7696,7318
3010,424,6027,3898,1852
4394,6192,4945,3005,2654
3776,8722,6677,2773,4350
7162,3413,3801,4026,1215
4067,5347,2031,1973,6997,5624
5280,3117,5616,6130,4440
2820,2789,7623,7790,8926
7910,8231,1455,7190,3864
8354,8,8685,1461,5719
6887,8813,6615,5566,8095
1452,5779,8404,4150,6844
1952,1955,6673,8402,8822
6536,7432,5301,6842,3935
3016,8461,6896,2457,2683
2967,5843,1814,4215,5531
2316,7404,6548,4284,2461
2212,484,7495,7720,7433,14,6128,1271,8030
7553,4741,6813,3925,5693
7681,5068,6124,8084,5593
7493,8934,3816,2699,1227
6148,4613,5292,6003,540
5664,7406,2164,4760,5884
5793,8328,5065,6326,4282
3593,7338,6283,1970,6162,1146,2364,4510
5093,5862,2472,6646,22
8079,6802,4601,4892,2783
1740,2868,2901,6616,1980
292,1317,3175,1513,1757,30
1248,1186,5096,2328,1694,1823
1827,5095,2567,1781,3420,1246
387,37,1830,4078,3091,734
8032,1017,34,4900
1824,2293,1693,295
4898,3459,5155,8549,3337,3642,2814
5744,42,4630,6727
7616,8832,7999
6464,998,678,1160,4046,6225,3706
1610,8779,8556,8849,6833
6944,8194,4877,7473,1630
4713,8348,7220
8987,1531
5158,4327,4329,8280,8895
7297,5936,6901,4181,3573
6133,2229,1662
8424,3780
2127,2128,3890,6899,5557
7407,7346,8243,3129,8891
8579,6823,7754,4138,7867
8227,5163,8587,5009,6745
8875,2288,4529,7476,8825
8581,3850,8149,8956,2173
7205,2387,2934,7446,3711
7464,1558,1977,3644,1469
5152,8174,3477,7349,8189
5513,6878,5918,6835,5630
4354,1709,786,8854,7420
7657,7690,8464,6035,8789
6864,3858,7635,7059,5975
3976,7756,7892,5209,8510
8239,2132,5013,7101,8447
7074,5505,3778
6560,7471
7712,3464,4618,4437,3358
5632,1353,3883,8688,8568
7364,206,3312,6226,8309
7161,1961,6220
8297,8330
6662,4911,4817,6097,5043
6178,5866,6028,1836,7799
7528,4457,3342,8912,6738
7648,4233,3634,4667,2045
8705,1476,5412,4680,7411
7587,585,4022,7960,6365
2635,4724,5495,5372,4543
2024,5899,3501,3224,7450
3656,3688,5324,7917,6739
1516,4561,3731,4438,7838
3109,8393,7821,2615,3771
6305,3425,133,5071,58
7937,2561,2927,5655,1787
8004,7078,4871,5943,2039
4522,6146,3578
4133,6870
6468,3942,970,3666,6394
3303,4112,7024,4381,7902
7928,7314,5116
5289,7532
8161,7589,2771,4726,2968
8394,7051,7829,2745,6717
1741,1742,7566,3292,3357
5408,195,8580,782,2162,3734,5080,2748,63
7848,4889,3225,8123,4670
5432,6051,68
3384,1569
6730,6922,5552,8053,5052
6606,7726,3503,7544,7293
4932,1288,74,2125,4563,7480,7518
1042,5619,3827,499,6334,7646
99,3305,7918,8310,2518,7677
3480,2571,8324
2891,4251,2525
8017,8643,1411
7992,5699
6176,8130,6658,5263,2710
7809,7527,4592,6741,1727
8544,1664,2278,5064,6858
8392,2377,8526,2512,1365
5829,2226,8692,117,6198
1381,8126,150,1686,1374
2630,5423,4853,953,2462
2680,5392,6699,6238
7629,4837
128,2882
8096,8443,5500,5166
8011,3594,4867,2495
3888,7703
1331,7973
1346,6340,3592,8906,8075,7948,1646,1878,3740
7846,4815,8784,7668,1596
8736,3911,6215,8756,7894
5220,3498,140,3820,5242
4841,7796,2296,8345,7549
5253,3272,7978,8050,7550
8933,8303,7031,5913,5436,7774,8446
8905,5265,8178,3637,8763
8904,7786,5195,715,1147
7172,9000,6479,144,1909
8996,6374,4524,3950,6942
547,8156,5740,6424,156
6183,7758,8564,7064,1467
6857,6575,5107,4117,8762
4163,6982,902,2286,8370
5924,8719,8915,3639,5022
7523,5706,5678,3825,7866
160,8141,5111,3832,1117
4227,5443,8401,6674,4386,5989,165,2023,3761
7269,8037,1391,7923,3288,8603
962,169,7662,1361,4346
3840,8901,8203,7641,3871
6129,1940,8829,8830
7232,5356,2252,4172,8222
8592,6736,3378,6771,4091
7752,7055,5046,7895,7032
3329,6381,3406,4373,380
7011,6313,8977,3068,3421
8367,3474,2454,7257,7709
7717,2342,5639,8167,3162
8448,1774,2482,3123,8341
7688,8653,175,7508,3450
6308,2612,1173,2265,8444
2331,2169,6907,6137,7839
8576,8842,8998
4947,8133
4483,2467,7535,6387,3004
864,640,643,3684,3836
2016,5765,3461,1434,635
3523,4515,4913,6194,6196
6570,5853,7423
5420,438
5449,8001,7322
8290,6605
2240,8710,7239,2105,5051
3331,2691,7315
8593,8258,181
1928,6621
7850,6503
6976,1849,8836,8542
8022,8466,4014
7193,7642
3367,7496,6831,7154,1554
3843,8230,8247,3160,5887
8929,6466,5994,7062,6459
1984,5510,6854,2953,7757
184,2156,1118
1818,1925
3048,7081,5328,5841,1972,2711
6661,5582,8551
5907,8724,3751
1682,5459,190
7993,8500,4071
3322,8927
8803,199
6498,3196
7858,8343
1770,7546,8188,5117,7006
5074,8663,2617,7675,3964
6465,5308,2262,7736,7100
5217,3982,1655
4225,7996
2307,1167,2834,7159,6906
2219,7989,5223
2418,7876
2248,8106,8471,6391,6876
1571,8965,5767,6005,5310
2669,2670,2735,981,5653
4545,2971,4814,8121,3131
549,265,978,247,2011
355,4935,1677,3283,218
2756,2469,1671,392,937
1377,2019,7539,6551,828
5007,3183,862,1629,1918
1829,2087,3182,241,510
1584,4371,3861,4318,3102
1958,1834,1235,2841,1565
1587,2459,4503
2236,2645
6689,1542,1959,743,948
3106,3023,372,2582,3455
212,852,3928,4890,475
1380,3207,1679,2069,2751
6726,3402,2104,2812,927
3553,2842,3099
2205,3607
4210,3158,2778,4891,2238
6309,4523,6578,1588,1240
5971,4739,2061
589,4317
5234,7203,1932
4402,3142
4356,2116,2823,2923,3452
8000,2235,850,1108,6235
4449,6084,4906,5081,956
4706,5703,1614,1296,445
1504,4514,977,4691,1853
834,3237,2920,3608,859
738,1545,3186,502,379
4040,2354,1847
2385,1503
6691,2500,1030,7191
1936,8339,7965
3105,408,3185,2738,214,4216
8129,8067,3694,8527
3878,8071
7215,8783
2233,565
6931,1403
8574,8596,6181,222
7745,1750,7069,5238
2077,8283,4740,4461
1850,5502
5164,6134
4320,1586,6669,1566
1921,227,4597,1717,2759,572,1933,1934
231,1801,7659,7931,6589,2014
2758,1929,5579,1519,1524
5831,360,3176,4844,2806,7447,6874,7326
929,2827,3022,3382,858
2666,1676,1548,2585,2237
2978,2083,2919,366,376
871,1576,5481,235,853
1155,2372,2254,3279,2679
2218,848,2225,2107,2109
2251,3760,370,3383,1052
3108,7592,3565,5008,1564
1025,2371,6436,2118,1674
706,740,593,3222,3933
5802,3834,612,8591
3115,1579,236,6641
5424,3931,3126,2327
1219,6184,237,4623,7122
4516,7784,3724,8848,2809
5954,762,5198,3536,3570,7002,2555
7777,2478,2038,7382,5529
5541,2089,8316,2043,2972
7906,2180,8057,7001,8570
2437,6535,243,4187,894
358,1863,7474,4277,5983
1888,3748,3180,471,3705
1521,6211,8623
4648,6061,8462
6625,6531,5091,8169,244
4578,6626,4973,1525,1917
6416,2034,5428,8118,7386,3103
4165,2373,6423,6396,254
6624,5761,2946,7362,5921
1136,6431
4873,258
7840,5668,8234,6251,748,4267,1616,5426,4060
3395,6533,7782,6635,8305
7428,8519,8909,8690,7609
5640,3673,6649,8153,1821
5894,1447,7891,3803,3519
6040,267,830
2474,8195
3269,6022,874,8477,6399
2922,2570,2044,1237,4124
5376,2210,5812,4087,4572
2084,3238,841,2921,2750
4321,846,466,2520,4188
1568,6890,844,3187,1373
2082,1140,3007
3577,3791
4393,3662,4531,4086,3454
899,6341,1320,685,4049,6450,8765
512,6786,5996,8758,5950
3299,5573,1994,3663,3319
7240,491,507,4539,4605
4229,4006,1965,4208,2782
273,2780,4996
737,503
5089,2123,271,788,2108
490,4076,5586,4339,4606
6081,6252,274,8148,3261,4222
4302,2554,7667,3542,5562,8703
2626,3625,4826,2588,2269,958
4195,5731,7047,8043,5588,7704,7932
5705,4565,6142
4492,8948
3138,6216,7469,6491,8382
7845,5575,6057,280,6075
2689,8515,6851,6440,4113
8513,5990,5135,6742,7513
5516,465,8277,8087,8088
6049,6103,7102,2647,5854
5856,2338,8268,3290,4636
5125,4262,4588,4528,284
872,3785,300,6384,2041
3072,3284,5207,2553,5402
873,303,3856,5208,2042
4160,2659,3179,6260,3253
4570,1691,6310,1015
1581,2862,3539,4827,509
695,1262,5845,2583,6073
5088,1274,2444,1050,2844
3020,2124,2742,5239,1278
289,4322,3397,2255,7515
836,2918,2825,845,469
955,473,2106,3355,3739
3783,9015,857,2490,1919
644,4077,3566,3090,1721
7620,5159,1256,3533,6961,3282,1105
6221,7982,6639,3025,3348
294,6281,4213,3927,1784
4550,3531,7595,2828,2905
81,7330,6777,4134
297,2140,1957,4367
736,1825,6757,1022
6160,881,443,2672
305,1689,3075,4684
712,7577,441,3516
4647,7946,6798,5141,5720,7801
6338,5603,7325,6067
1968,4059,308,4599
2434,6885,4742,5967,4143,8767
5764,6380,8379,8701,5535
7554,8873,5677,6768,311
2992,5425,6711,4135,314,8637,7247
320,935,3411,2675,8821,4694,8760
1122,325,4070,8679,4656,5810
7488,3884,8847,7249,4157
8715,5708,6161,2429,6909
4304,4828,3876
7150,2350
3011,7882,8042,6390,4631
8897,3371,4331,1078,2493
7939,6834,7573,3702,7033
7689,7660,7663,3441,7634
8419,3140,6733,3665,1535
7783,7626,7765,5082,6205,4958
8355,5482,6928,344,6426
8872,4705,5932,2693
472,8381,6542
2503,363,1356,7052,2062,6109
3456,2340,2732,365,2203
2088,367,368,7417,5087
1065,4170,4809,7599,6610,697
1860,3909,4720,817,6389,5847
646,1067,3021,4978,860,3199
3204,814,3184,5780,374,1436
5960,7853,6446,6774,7864,4698
5382,6766,7477,7930,2940,382
4579,8220,2997
7300,6516,6447
5057,8651,6461
3984,397,7270
395,1885,838
2048,7740,7832
4994,5965,1229
8761,3586,4542,6623
2856,1384,8902,8607
6303,8523,5142,1623
4506,398
1592,7842
7233,6121,7348,1068
832,1840,3772,709
6392,1595,2916,893
2983,2313,5486,8368,400
8899,5070,6323,8660,5020
965,8674,8778
2273,404,1598
7859,5628,5735
3443,6299,5542
5123,4420,3051,5581,6609,7291
8291,7614,5959,7822,4183,7483,5246,1791
8743,4552,4886,412,3775
8197,7311,7253,4246,4477
8098,5834,8497,6805,8824
5476,5578,1134,3727,6008
417,3715,6640,6292,5819
6913,8325,8166,2929,5466
4000,6701,6514,7831,7707
5915,7572
2845,4927
1501,6934
7919,1199
8931,4324,6916,5970,3955
6470,3654,6152,8334,6163
3335,8747,7354,7132,5471
6050,426,6039,7575,7353
7470,7966,4788,2873,7486
1701,8655,1302,5753,5212
6657,4482,8002,5742,8383
6307,619,5236,4249,5405
7685,7691,3280,2769,4469
7558,3753,2129,7956,7512
7170,8457,5336,2298,8831
6915,7299,7555,5256,3433
3844,7941,8204,5617,4125
3141,4363,2766,5618,4116
8357,7854,7023,434,3093
8041,7915,6820,8103
7936,452,7303,5032,4682,5404,7197
3171,3013,2956,876,8788,8922,4062
454,807,5613,8850,3286,7643,7358
4310,7862,1807
7319,8190,5647
6179,8550,5577,7565,7164,479
6545,7569,8764
5864,4851
7283,4661
6021,4744,2799,8851,7519
7280,1281,1324
7969,3415
3418,3894,7098,7644,1759
6233,7396,4813
5961,6675
8409,8134,8479
1115,6556
8707,7236,8745,8970,2355
8417,4777,489,3960,5724
3209,5354,5034,721,5403
7169,8559,5361,1722,5980
3360,2787,6263,6366,6335
483,2384,4241,3313,2999
8712,5453,940,6893
689,4221,6895
4688,1831,495
954,2629,1687
5730,7019,1144,5852,2589
4875,5148,496,532,3708
4665,5282,3379
504,8465
513,3427,4360,7307,4223
8932,3462,8265,5011,790
3154,6452,1606
2794,8155
8024,515
6721,8615
6273,3338,7292,3270
3626,5168,8818,2007,3321,1882,8252
524,4508,2965
4475,8124,3886
2731,2957,1811,3671,5532,5533
6243,526,4383
4257,8617,7479
529,6291,7841
8128,8066,5955,8319
9005,7534
909,7030
8993,5925,630,535,7229
2363,8804,7379,2303
2433,3970,6633,2283,2623
3585,8322,4323,6500,5622
6117,3273,8907,7443,3892
6180,6135,8793,8573,7390
5642,6926,7096,6619,7837
6048,4196,8201,5398,5629
4771,3564,5136,6098,1074
6789,5830,2186,4397,5151
2563,8648,4776,5704,543,8365,8270,5329,4127
6279,553,7372,5204,6486
569,7093,7454,4407
6474,8139,2012,8950
4357,1191,2550,5149,1150
5474,6269,6583
3192,6827
6954,8016,3026,3287,3736
576,1540,6154,8857,5119
8871,8362,6765,8505,8541
5507,1769,4236,4653,6454,4598,8472
3782,842,1935,591,1688,2811,829
7552,6979,7206,1608,595,7933
7403,2190,7455
1101,5447
6024,4042,5644,632,8511
7492,6602,8396,8884,6139
8903,8107,7089,3003,5214
7107,6986,4019,3738,4797
7872,1264,3317,1242,2491
3552,3393,645,2318,1298
1348,2309,3365,7333,7304,7556,6651,6428
1408,8619,6540,4340,5881
3874,6345,4306,4245,5468
3362,6797,6670,8826,5791
7489,3681,5733,4966,5974
3561,649,6940,4189,7581
2284,1037,6511,1967,6457,3069
7298,653,7540,6647,6265,8062
8807,8975,8790,1110,4569,8893
4582,6637,4275,9013,5435
7878,5448,2959,6102,990
7266,1893,7430,3567,7087
1357,7343,7192,5883,6620
2113,675,5543,8590,8911
4782,7123,5941,7897,2302
6848,1697,8435,4696,5595,8254
8335,1170,3989,8728,1631
7393,1233,7794,8852,5406
7713,5134,6287,1202,8284
7976,8399,3857,3993,7807
3081,7021,7700,7320,7034
4258,1795,3901,4429,2397
7622,4556,3479,8442,8286
1157,6631,3979,4919,4795
8547,2314,8332,1459,6487
5601,5673,6201,698,4030
5479,5675,7088,5202,3541,599,8158
8962,4909,1427,8501,8474,701
7281,5790,8127
8008,6249,6407
6659,1028,7050,3759,3122,732
704,1019,3882,4283,2587,1820
3266,2299,8548
1152,745,6788
2052,7237,5445,8525,3710
7521,7803,5293
8768,5865,4986
5635,8422,6120,6443,8882,4414
3504,8249,750
7272,7337,1450
2761,6872,2524,8862,3369,4652,6702,2864,761
6088,7502
768,7836
6948,3686
4589,3315,5332,7412,8311
2660,5772,4622,6167,1305
5729,6567,6568,8205,3120,6064,5171
6113,3521,1797,779,6290,5597
5121,2051,4560,1368,795,4956,7852,3377,6074
4444,5694
8369,725
4410,8380,7949
3793,6166,799
8714,7947,5269,5271,4764
5794,802,2702,5584,3958
8776,812,5364,8342,3641,8668
4600,6065,6105,3252
810,6946,3100,1294
5698,818,6316,4954
8152,8735
5868,8244
5391,2661,4590,7143,825,2575,1550,4382
5313,4485,855,7276,7885,942
8706,4616,2153,4212,6456
7288,6665,7652,868
2184,912,1911,3448,3545
6274,6275,6990,2451,4921,6015
7459,1231,5745,916,6685,3135
8983,918,559
8856,8575,8647
7323,5709,5938,2071,987
4689,7955,4965,8982,920,4285,4558
8800,2096,2485,5750
6648,7114,5147,923
4664,4617,8146,4949
8584,7927,5606,2431
932,5257,2378,8700,4637
1832,1833,3178,5101,7871
6224,8930,6676,5367,938
946,2147,8366,7887
3301,7053,5607
1665,4995,1964
8068,7504,4114,7769,4766
7296,1443,4145,8916,1526
7904,7813,3085,5325,1685
7600,7218,1683,5946,1439
8554,6371,8838
3028,6980
5186,8388,7305,7755,7925
3808,5226,3439
7058,2475
5312,5281,7908,8504,959
4641,4808,5037,8175,4959
6001,8817,6663
5193,1511
8142,3889,8086,4248,5947
1506,6917,8454,1514,8434,5078,2334
3188,8085,2655
8386,2875
6434,5643,8880,8534,7606
3810,6276,974,4733,7294
2404,6385,4115,980
8569,3722,3473
2568,5249,6731
3718,2445,2837,983,4650,4333,1394,1843,8695
624,1003,2223
2889,6614
1376,8384,7216,5553,6972
8198,5671,6217,1429,3615
4185,5458,8621,4615
3744,7243,2508,6284,1329
5001,3630,4943,1011,5401
6920,6425,6966
4431,5935
6240,7141,4819,1493,6776
6089,6317,4847,6515,6687
4805,8649,8458,8827,3678
8257,5778,8294
4341,5431
4532,8060,5902
2058,3908
5986,1059,5450,8245,5049
3968,5442,8967,4205,8083
1040,8033,7732
7138,6458,5530
7425,1619,637,3438
5984,1058,6029,5439
7336,5785,8650,7082
1120,8289,7590,2216,4718,2639,1072,4497,6588
8483,8622,6735
6528,1946
7072,6433,6790,4039,3339
5957,7815,2824,1612,1076
7168,8453,8179,6772,1945
3682,8487,3472,2449,3826
3824,8306,7063,6012,8223
5792,1080,5156,2744,4058
4044,8438,4823,1370,1084
1088,3201,4388,1093,4074,2390,3484
3768,1561
8262,5855
8469,7095
7040,4674,7619,1642,3600,3263
7929,4839
6046,2767
4716,1089,4780,5255
5040,7217,1053,1126
8656,5017,6930,2502
8064,4610,5066,4364,8879,7889,7771
3524,8423,4106,5262,7029
3233,8389,3050,1143,7611
1184,4141,7632,6544,5715,8183
8143,2867,4084,6007,4191
7750,5102,2514,8887,4635
2530,1188,6119,8263,6791
7849,5258,5998,6351,7793,8376,1307
4480,2121,2294
8078,2694,5023
4392,8601,3400
7054,7693,1198
5470,5380,4009,8588,3475,7988,5342
6795,8752,1205,3574,7607,2941
7875,1221,4199,4175,8210,4473
5355,8908,7694,8400,8116,1210,6815
5825,7458,1414,6286,8726,8028
6724,3111,4903,6222,6716,4701
7065,7802,6100,6862
4011,1212,7439
3936,3842,3423
6144,4293,1960
1889,2822,5415
1154,1798,8521,1716,8150
1216,2757,5712,4121,1887
1696,7651,5898,6157,5817,6873,3257
4868,7983,5334,7961,5849,5756
5696,1225,2573,2161,6520,8794
2347,8877,2543
1234,6951
6800,7211,5518,2855
7747,8972,7500,5648,5650
1250,6550,5366,2488,1786
2883,7942,9002,7731,8439,4312,5660
5288,4122,5739,6045
8499,5869
5490,5229
7408,6892,2740,8390
1254,5444,7597,1518
2272,8318,1422,3239
1266,6692,4436,8582,7819,4108,492,7806
5554,8953,7434,6421
3698,8539,3916,1277
4024,7194,1755,3700
4224,4905,7494
5784,7725,8639
7824,4052,1284
5441,7890,5489
3939,3144,3628,3437,5807,8563,7509
3617,5185,4144,8049,7187,5788
1285,8971,2604,8373,5850,5917
2178,7781,7079,2090,4627,6708
8704,4811,7083,5933,7286,8470
1286,4602,8403,1338,1339,8159
5295,2708,773,8727
4786,7467,1300
8138,7579,8172
7260,3302,1311
3944,8232
4384,1314
8717,1567
4738,6725,2227,3860,2646
2122,4772,1325
4896,5867,3792,4338,1332,6111
5700,7179,6091,8440,6845
6085,3947,8883,6068,8217,1341
5061,8553,5241,7901,2463
6629,6250,1387,7883,2943
6432,4085,4818,3589
7457,5512,1481,8881,1463
8896,1473,7321,4377,5978
3202,4998,6923,7962,3388
8963,5956,5797,4812,8945
2850,2499,2671,6841,1466
4553,7596,6642,1653,604
6114,4803,5670,6728,5112
1640,3401,8301,4852,8886
1474,3281,5522,5811,7231
2276,4999,1873,7452,6172,3934,5055
4963,1484,5230,5880,6203,7071
8224,8834,1487,4663,6749
4403,6131,8535,1498,5215,3551
2517,6952,8077
1529,4343
6577,6298,1538,6732
7529,7378,7748,8338
4992,7301,8806,7113,2833,6322,6289
8120,7903
5352,2706
3212,7020,3998,4255
6471,5183
6634,1562
7665,4551,6756,8815
8844,2829,6894,4500,4895
3041,1575,8627,3581,6559
7653,5837,3248,2964,7350,6296
1604,7209,6828,5906,6998,2747
5873,2290,6187,4173
7097,1643
7140,7669
6985,7561,3254,8634,3035
8323,6149,5286,7061,3356
8770,5702,5609,6706,5527
8352,2177,3619,5132,2320
1649,6852,1038,3143,3226,3692,3294
3449,3763,4148,5991
1660,3164,8725,8853
7360,2723,1668,6859,6769,8530,7612
2402,3797,4406,6970,6043,350
4037,8974,7733,3675,2300
1699,5284,7870
7922,51
8808,1705,4880,7770,7419,670
5570,4092,6965
6821,5638,8415
7994,8356
7289,2258
1706,6278
4834,6118,1719
5848,6785,4938
4704,5804,6880
5633,1730,2727,6153,2989,5646
4290,6723,5477,8777,5594
8101,4137,3218,6259,4855
3169,5297,2803,6116,1733,8278,7468
8181,2351,7719,2120,6617,5030,4139,1752
8144,1776,3219,7092,2399
6019,6534,7916,6643,4831
4525,7312,7221,2911,7167
7369,1789,6270,8191
3208,1793
2528,7664,3507,4926,8543
6817,1796,5322,5100,7057
8786,1163
7080,1805
7881,8658,3812,8969
3973,6122,1806,2580,7414,3611
1816,7210,8296,2102
5221,1838,3695,7472,8946
4708,8264,3436,3190,4474
2692,5368,7355,4860,1854
4097,8866,8771,6245,8861,6584,7773
6496,7812,5031,1868,6903,5498,3037
8772,4198,5766,1869,7475,2775,3001
5920,2696,7084,3821,4399
5346,6403,6477,3923,7967
3528,5434,7357
6672,3991
7753,5559,4984,6174,7263
6208,7147,5358,8213,7384
7171,1635,8781,6349,7951,8111,8081,8885,8986
8737,3814,4295,6481,4478
1891,3172,4456,7761,4089
8452,4495,4401,5330,4952
5610,5098,8746,5964,7984
4104,2831,4501,3897,7418
123,6587
1898,3846
2608,5417,622
1905,1923,6206
5537,6330,4020,2733
6472,8185,1941
2786,6237,6518,1944,2137,4234,4413
2532,6190,8910,4177,7734,8631,1950
5509,4846,7120,2705,6295,8604,3325
4930,6759,2664,8236,4365,8276,2046,7743
8642,8741,2056,8460,8045,8092
2242,3491,8051,5429,6973
2897,2339,5809
2074,7674,6654
5276,7826,6936,3097,7130,6140
7375,3920,7537,6363,2078
7924,7510,6760,8958,5053,2094,3535
1744,4857,3340,5536
6441,4082,3623
4099,5805,4982
3554,8645,2894
4418,3540,2110
8898,4717,6093,7344,1176
8489,5275,5886,2111
8678,3112,7274,8628,6070
4802,8652,2135,7672,6362
2145,5890,2323,5879,2877,8557,7246
3264,6344,8552,8202,8426
5707,5393,4915,2167,6682
4352,2194,8094,3285,8709,8026,8302,6319
5649,1762,4505
2977,2274,2206
8019,6773,6302
8672,7136,4448,7181,8561,5563,2878
4416,7046,7028,5365,8888
2688,2241,6912,7373,5716
2256,4298,8723,2716
8640,5130,2292,8638
5561,3460,2813
1692,2324,2326
6467,7142,5063,9014,2906,2460
2762,3853,8602,2895,2362,3582
3978,7666,2196,5493
5473,6877,2366
7804,8385,8994,2375,3548
3042,3430,3538,6232,7388
6242,7340,4081,7954,657
8708,8009,4969,4332,5305
4968,4972,2381,7856,7125
7762,2386,6715,6107,2893,8431
4192,8242,6020,8711,2407,4632,6839
3756,7835,2409,7722,5099,3308,6750
4770,4967,2600,1130,8846,2422,6393
2080,2465,7328,8007,3597,1007,7258,2909
2471,6354,8787,2996,6293
7282,6508,8015,2535
7724,8894,7351
5592,8661
2541,4596,2870,5815,6236
7073,6830,5397,4790,4604
5381,7727,3953,3419,5759
7779,7818,4878,4146,7134
7264,3234,8451,5386,7133
6585,6867,7855
6680,2546
6983,7431,1937,3352,8485,556,2547,5820,6077
6352,5710,7482,4902
8288,1172,7076,2557
3520,7602,8372,1589,6953,7370,2558
6764,3629,8109,6929,2578,5181,6398
4585,6594,2606,1738
5665,4979,4645,4167
6818,6947,6372,2610
2624,5478,8052,7195,7551
7427,7043,8681,4537,4922
5504,3398,3174,7816,7710
6592,4326
7766,6359
2642,7139,6796,8413
4428,5270
5273,2714
8292,5621
2715,2949
2722,6526,7111,7979,9011,6462
2765,6837
8928,8833,2818,5216,8267,6668,7699,8151
2976,5377,2830,6032,7251,3223,4763
4722,5375,7295
6562,7517,6919
2848,5840,6904,8595,3139,8104,3064
6712,3621,8855
5480,2858
8633,2860,6165
4520,2866,3038
5497,2980,2505
3057,5685,8508,7975,6060,8748,2879
4464,7091,7067
5115,2924,3245
8192,7016,4041,7893,6490
7042,8997,7117,6191,4991
5062,5545,5321,4685,5909
6992,8351,2932,5799,6375,8495
8810,4756,3166,5303
2674,6836,8599
5539,2950,6248,4111,4348,6941
3952,4861,3045,5344
3088,6761,3306,8238
8792,8441
5877,3095
6080,3650,3910,3215,7952,5905,3165,4512,8374
5775,763,4983
8659,3214
3483,5005,2027
4273,7395,7548
7944,4624,3216,6002,6324
7971,5287,2631,5454,3217
8843,3247,8240,8282,4415
4421,8841,3689,5457,6911,7391
5667,3259
4752,6563
5680,4376,7834,5748
6170,8796,8429,6231
4866,3314,8981,4678,6710,8750,4783
7223,2158,7591
3904,3370,4693
6200,1418,4253,3374
7108,3145,3375,4466,6994,2008,3065
3403,7628
7706,5781
5922,7638
5452,3487
3971,6984,6574,7441,5524,4439,3518
8769,3495,4079,5460,7413,7157,4893
9010,4434,3509,5174,7383,8698,7580,7485
6561,8968,4459,3470,3511,6047
6860,8215,7511,6650,4027
6367,3526,7127
5760,3298,3530,5335,6141,8606
7673,3659,5047
3568,5546,6607
6853,1734,4710,7499,5072,7186
4034,5605,7367,5395,3603
4609,1601,4118,3992,5018
8456,3667,3604,6126
4836,8614,4639,7759,2000,3609,4287
3649,6597,8070,8917,6808,5993,3818,4463
6600,5131,3148,4271,3696,3153,4316
7905,8920,7536,753,3704
2667,3755,8503
8733,7422
7371,7655
7490,8207
6004,3765
6681,3798
7376,6406
4976,8801,5299,3828,4758,4504,8255
8112,6698,4396,6034
7987,3831
2619,8076
5859,8739,8012,7570,6963,4023
3881,4303,7695
6627,8775
3896,6603,1667
7462,3913,3059,4791,8411
8992,7366,3510,3997,8959
7241,5002,108,8371,5754
5506,6188,4016,6840,8347
7010,5827,4709,5549,6803,7868
6280,7273,5122,6379
5627,5260,4669,4990
4961,4939,6604,4054
993,4101,9006,8626,7737
5120,8585,332,4182
7177,8755,4700
7738,8115,6978
4193,7044,7530,6636,5973,5016,8989
3651,317,8279,4219,4445
2816,4864,8749,2222,3632
5508,8132,9004,8407,668
8300,1900,4243,7226,3550,3039
8048,4279
3616,5455
7175,3635,4307,5587,88
8314,7671,8805,4311
4673,6667,6445,8913,8799
6151,7487,8671
4344,6744,8918
8940,5637,4359
8976,8054
7833,4658
6497,4369,3865,6522,7772
7377,6826,8774,4391
4488,7410
8802,7331,4498,6566,888,8697
7913,7037
6752,4094
4548,6014
8512,6483,4575
3872,7465,6258,6579,8182,4607
5725,6653
4625,5786
8432,6168
4849,6967
4800,6809,7545,8791,4729,7531,5550
7075,2796,5928,3657,4747,8572,7213
5722,6612,7718
4754,7198
4904,4036,7636,2149
5672,6905,6355,6347
6683,6704,2595,8839
4936,5353,8966,2199
6539,5103
4946,7026
8809,6244,135
1326,7728,1334,3193,7451,4957
5571,6213,6664,4970,5438
5024,8163,7363,5776,5911
8914,6767,5060,5972,7767,6169,6655
5097,5075
1657,2002,8047,5770
7568,5114,3716,6053
5264,8629,459,6311,8105,6811
1865,5339
4299,8038
3018,6713,8035,8889,5385,8874,6011,8751
5683,5407
6720,1998
7009,6850,6405,7437,6044
7090,6747,5410,8046
5968,7039,5267,8287
1061,5419,2359,7259,8061
8321,3146,8364,8720,3346,5437
4676,8516,7207,7593,6038,5464,8605
2352,8486
2614,5686
1986,5736,6793,7151,8405
7400,8492,6328,6558,2591
5768,4153,8212,8137
7776,8034,8713,8555,5823
8036,8773,5839
7397,7017,5901
5995,8753,8598,8694,6524
4129,1323,8165,4534,6729,7899,7805,6062
2704,8730,6356
2367,7309,7935
8537,6437
4517,7398,6346,6638,8214
8496,8449,7604,8494
5897,7124,3385,5658,8923
9008,8820,7764,7789
7341,5583,5521,7285,7478
8520,6026,8941,8943,7380,5690,3132
7497,8754,8924
4292,7525,8307,7541,7542
8003,791
4657,7739
3296,6369,4872,7817,8340
7104,7145,7986,1194
7152,6538,6955,8437
8636,8502
6780,8260
8937,8327
1251,8868,8938,6282,8468
4472,8947,2247
4980,8476,8759
