1540,5131,5646,3093,8730,6683,1053,2595,1061,7206,6184,556,7727,4143,7731,7734,8760,5690,3132,5181,572,3139,8778,8801,6243,2153,6767,2675,3193,3706,6270,2704,4758,6298,2716,5282,6826,2733,6319,6334,4800,2242,6859,2258,4310,5335,6369,1762,3302,6375,2796,3322,4861,7422,8959,4872,1807,8465,3865,4384,4898,5922,1830,1326,3379,1334,7480,6973,3904,332,6483,4439,8037,3944,7017,876,8051,7037,4485,6026,3470,4505,2989,8622,8623,6064,6577,8628,8636,7612,1986,3548,7646,4575,3038,993,7142,2543
6528,5125,8839,6793,5258,8075,7434,3088,7954,1042,1946,8733,8483,5668,3626,4267,2347,8109,5426,6579,4148,6450,6070,5047,2359,7740,6848,7107,6979,3657,1865,6986,5965,1616,4694,2906,4060,4316,479,8803,1130,2667,748,499,3059,8821,5364,4597,5624,4094
7556,7942,7047,5768,6790,8203,3339,8212,6293,8342,1429,7067,5276,1447,7724,942,4271,3763,1973,1589,4279,8505,4542,8255,3264,7360,6341,5063,8137,6731,8405,1878,4696,8411,604,1122,5347,99,3689,6251,7276,6765,7151,624,5873,7026,2034,6385,3952,8190
3091,1176,3103,7840,3616,8741,2855,935,7849,7465,8492,8495,4783,5809,5428,8117,3510,5429,8118,4153,4921,8761,6398,7872,320,8898,7747,4036,4165,8774,8902,4548,6093,1229,4177,1234,8787,6356,6354,6997,1242,6367,2149,8550,6761,5103,1266,8182,254,5759
4742,8968,5897,6667,4880,6800,1298,5658,795,8092,5660,7326,2848,7971,6179,3491,5287,7211,8748,5549,1838,8879,8877,7728,7351,5688,7745,8642,5827,2631,5831,7370,1738,7246,8015,7247,3153,5588,8923,8156,8668,7776,5344,4834,5731,4844,8047,7924,6774,3319
3586,5381,8462,4878,5392,5647,8979,6421,8982,3740,1184,6437,6316,8750,3248,8242,4915,4146,7479,8631,8762,4670,5313,6467,3144,3785,6344,8012,1358,2895,2002,8537,4569,3552,3939,8806,3176,8552,2412,6508,4335,1521,3698,4081,5619,2806,8439,8953,6522,6782
2820,8453,7815,7433,8972,8461,3864,8728,8095,4896,6433,7072,1697,8356,6568,1706,3628,3117,2606,8238,5040,5171,1076,2488,8252,5820,4030,8254,5185,4039,3659,1612,6735,2518,4440,8926,484,2789,3045,7910,3305,7918,5616,8563,3827,8179,8435,8310,7289,4346
2313,8588,5901,8846,7565,400,1941,7190,3989,7319,284,5280,5537,4770,7715,5026,8357,7462,2983,8231,4648,5925,7854,7344,4791,6330,5436,5566,6079,8899,7623,6472,3913,6732,5070,6992,8660,7509,8798,7268,7397,5736,7400,5486,7790,1264,7666,8185,7933,4607
2438,5770,5387,7568,657,8852,8983,1945,1307,6045,5406,6558,547,8489,7979,1455,8754,8373,6709,8502,3641,2883,2893,5837,6607,5455,1233,3411,6228,8404,5718,7128,6105,4954,5595,5470,4703,2535,6887,7529,8685,5998,7023,6896,7794,7282,6772,4472,7677,7935
7168,387,8451,2824,5257,6282,7447,3738,4122,4637,3872,3234,6393,1194,9002,8618,6065,5554,6323,1461,6905,8251,7104,8385,8643,5188,8776,5577,2378,6600,2121,3916,2510,1361,7378,2007,4824,8284,7134,1631,1251,7779,4581,4195,8039,7915,8683,6254,3696,2425
3716,8709,4360,4488,3853,6798,2964,2071,8217,8986,4510,6047,417,8993,6561,7075,7201,4262,5938,4020,4407,7864,3511,7481,4797,7229,3647,5698,7748,6984,5580,8271,5713,8792,1368,8152,3169,1635,8678,2279,6760,8041,1646,8048,7410,6258,4980,8818,4983,763
4732,1288,4747,7309,5518,6416,5650,8338,8981,5654,8087,6423,7704,8602,5020,2591,4259,6951,5928,7469,7213,4528,8368,8499,6396,7991,8376,7871,1857,3138,4932,4169,74,4427,8780,4563,4565,7518,7932,7653,8043,5484,7404,2539,4588,8946,6130,8700,4989,6142
4480,8708,5386,4492,8847,8723,4115,8855,6296,8476,7197,7454,4766,8735,7457,4517,5288,8360,4264,7596,6191,8111,7986,4019,7988,818,7093,8896,1473,1730,6085,5959,8520,5705,7626,3277,2256,8920,987,8674,2404,8933,8804,3306,3947,5487,8948,2932,4600,4223
4992,6411,5644,6795,2833,6289,2449,920,6936,5024,7841,6051,678,7340,7856,8881,6322,8883,1463,2744,3001,5305,8123,8511,3520,7363,6851,325,2247,8009,2381,4558,4046,4689,2386,8661,8791,5592,7769,7264,3427,4198,7783,4968,8938,5355,4332,2541,888,8958
1160,7822,8081,2196,6292,8214,535,6428,4255,2463,7331,8868,7848,3112,5552,7475,6068,2870,7607,8120,4027,7483,5819,7614,3775,6464,8903,7113,1610,6730,3920,5715,7125,7903,6242,8291,8163,7781,998,8679,5352,6633,4713,4969,4972,8306,3574,5241,5246,2303
1538,8067,645,2694,8327,8716,7693,5906,6418,2167,6680,2460,3229,4900,37,7845,6057,7209,7855,3252,2740,7865,2747,447,7362,7749,5575,1991,1097,2125,7889,1490,6867,8532,7771,734,6624,8032,3557,3582,1254,872,360,2537,8823,4078,5490,7029,7415,3838
5633,8324,3077,3462,8712,7817,6538,4113,8340,3480,4251,3487,5023,8994,6440,7593,940,4141,6828,7597,689,9014,7223,6710,3393,4676,5191,2891,4299,5323,8017,1874,4436,6232,7641,3288,5082,1882,2525,858,4067,7269,7014,6376,8426,6893,3695,8692,6262,1399
7552,7553,1793,4741,6278,7431,8,5134,8207,8335,1937,14,3352,7455,8354,2212,8485,7720,169,3120,3765,6844,6077,7490,6594,962,5957,6983,1608,7495,3016,1101,8656,3792,3925,5719,5593,8030,6111,5729,7393,1126,7655,7403,5867,7662,1391,6128,4338,1271
3840,1668,5637,4230,6154,8973,4246,7832,8857,8222,6695,8871,6313,8362,3242,7862,6328,5050,4925,2111,576,1219,1604,4552,5449,5834,4424,4172,3917,7885,3795,7253,8667,8541,8799,5473,8290,5350,4717,5869,3054,5101,5229,7807,6771,5232,5493,3953,8830,5119
5760,4610,8066,6157,4365,7951,529,6291,4117,3223,6424,4889,5022,6815,8606,3489,2976,2727,6141,8370,8116,8885,7732,6839,3384,3257,5817,1467,8128,4163,6982,8777,7116,6349,8908,7633,7762,7251,8913,6744,5978,5342,3298,7651,5612,2286,8431,630,4477,5245
8068,6917,8454,135,5512,5643,6540,5262,5775,5776,8085,3097,2334,6434,8103,559,8880,7600,8244,6708,7737,2875,8386,6217,7497,6860,8781,974,6225,8659,8534,5078,8535,2775,1498,4312,8924,7130,7511,2655,6873,5215,1506,8434,3188,4340,6650,6140,4733,7294
1536,4866,2051,8702,2056,6280,8460,3857,3219,6169,6682,7451,7194,8601,8865,5921,3247,8240,2992,5685,4415,8640,8773,7111,7500,5454,8399,7767,1625,8282,3419,7259,8539,2399,7010,4709,7526,7273,3178,6379,8045,3694,7408,3057,6384,5107,5238,7162,2941,6526
4352,8194,5380,4101,2309,4877,653,3472,8849,8468,404,4886,8348,8223,6944,8098,6187,8236,9006,8497,8626,6833,8884,7604,1205,7097,5825,4042,8276,5204,6486,7772,7901,7138,8036,6118,5991,8807,8553,1384,4459,8556,8303,6640,2290,6642,1653,8183,8824,1660
512,6786,899,4229,3466,5393,8722,7958,8099,6820,4003,4006,2471,1320,2728,685,434,6325,8758,4665,4539,8765,5950,8259,5444,5573,1989,6855,7240,8390,1994,3663,4049,7507,7380,6998,7255,729,2782,3299,491,5996,8941,6892,8943,4208,504,1017,507,4605
4996,3589,8202,2318,271,1422,273,7696,5139,6549,6933,2199,7189,3100,6432,8609,1824,6946,932,929,34,295,1832,3239,4521,2477,4654,1965,4017,3382,4024,2491,8512,7618,2754,8260,5707,3148,2254,6351,8788,855,3171,8937,1387,2031,3700,5369,8318,5886
7298,4994,6149,6024,7561,1037,526,8975,8853,6426,7198,4383,5286,7718,553,1967,2866,4275,3254,6457,8634,7994,8893,7492,6985,4553,7372,4173,8400,6612,1110,8790,344,5722,3035,3164,8927,6114,7140,2664,1643,2284,6511,3826,7540,3828,6647,6265,3069,8062
6785,8579,3850,7307,5773,6286,7566,6544,5265,7826,4627,4112,6165,7323,8227,3621,4009,8494,7473,4403,6452,6835,1080,6715,6205,1598,8382,1341,7488,4157,1606,7545,6346,8905,8652,2135,8028,4958,8677,7528,4329,1514,7786,7536,753,2929,6899,4473,1531,6012
6276,8197,902,1414,7946,3214,7183,6162,1683,786,5141,8726,4631,3225,5913,7321,412,8987,2078,4257,2722,5158,4647,7079,5671,5550,7983,1970,7218,8243,7220,6716,7743,2635,7801,7249,6739,4181,5334,5720,8280,8026,5466,2273,8932,6759,4327,6133,4729,2173
7428,6533,5894,5640,3724,8848,3473,4754,3856,8343,4504,1821,8226,2083,2980,810,8234,300,303,7858,5299,2996,1717,7350,7609,3519,3395,8519,199,8909,3022,7122,7891,980,3284,3673,3803,2780,6623,6498,5090,6627,7782,6635,8305,8690,3317,503,8569,2042
8192,8449,7042,7297,4868,3593,4369,7314,6035,8215,7834,5628,8094,6305,8355,1662,6267,3245,5936,4529,7091,5557,7608,6338,3524,5061,3780,1481,4685,7117,2132,8149,6490,4701,7774,6497,3810,7016,8424,8809,2924,7407,4464,7537,8178,6901,7672,5115,8956,8446
4478,7171,8581,3592,6922,140,2573,7694,8345,4377,8737,7846,5545,7978,3498,2858,5804,3883,8756,8372,308,1719,1210,1596,6340,2558,6215,3272,4041,4938,8906,4295,1225,4815,8784,7761,6481,7894,4952,5220,3814,3820,8050,7796,5877,7668,4089,5242,7549,7550
6531,8829,7686,6279,8078,8592,5649,4497,2323,1940,670,2206,8224,6302,3871,6183,4135,6061,3378,1791,7032,6712,8637,8638,2879,6591,4673,6211,6857,2252,8144,8019,4831,2274,5091,5221,5480,8555,8940,237,1134,4591,5356,7793,6773,6904,4091,3068,1405,6655
6409,5898,2827,1294,7695,4368,1657,7570,7955,788,1040,7063,6554,5788,1914,4767,2978,8739,6053,8487,2344,3881,1833,812,6958,4144,6963,9011,4023,7869,4285,8775,2123,4303,5586,5208,6874,737,5859,7013,4965,4218,2666,1518,8180,8565,7544,2553,5114,2559
7424,6401,5893,8966,2956,7948,7054,3468,8850,7827,280,8351,5799,4392,4395,7598,6704,2108,7358,8515,3013,454,4936,6216,7883,4818,3286,5207,7386,8922,7643,4957,4062,1630,6491,2272,3682,6629,4453,5224,5353,6250,1772,5613,4593,4085,8056,6780,4606,2943
7296,8705,3085,6803,7446,6809,7325,6178,804,7205,3111,5672,4904,1961,6699,5163,8752,4145,5810,3890,7606,8891,8895,7616,1476,6724,1348,8647,6347,6990,7375,7504,8916,7765,4437,5849,6363,4059,6238,8034,8164,7398,7531,7150,2288,6131,7669,1526,8825,8575
8198,8841,4752,5009,5524,4991,4376,2074,6170,7458,6563,5667,2339,6823,4903,4138,8875,2090,5680,3634,7476,5946,3259,7867,3778,4292,4421,5321,7754,6222,2897,5457,6231,6745,4058,8796,7391,7525,5482,5868,8429,8302,8307,5748,7541,7542,4599,7674,6654,6911
5632,5505,8704,7813,3976,7304,4618,6028,1685,1558,8470,22,5918,3358,5152,6560,7074,3365,8997,2472,7464,7083,1836,8239,1968,7349,1977,2364,3644,1469,4802,8004,8388,5325,2127,6226,8794,6365,4704,6371,6244,4199,8554,5866,8688,7024,4724,6646,7286,2934
1157,1285,8328,3081,2314,3979,8332,8971,6287,5648,7700,6550,3479,3993,1786,5917,3617,4258,7713,7976,2600,2604,5807,1202,1459,4919,6201,4795,3901,7034,7622,4556,4429,6487,5850,6107,2397,8286,1250,8547,6631,4967,3437,7021,3568,8049,2422,5366,7673,8442
0,3072,7682,3974,519,6153,7818,6031,3218,7187,1170,8856,5402,8605,7334,7207,6572,7602,8759,2237,1346,5060,3321,4806,6599,4678,3911,5452,7126,4183,1495,3296,5089,6882,8441,7271,4841,873,6507,5739,490,1778,8947,3314,4339,7923,7031,376,6649,8572
7936,2689,5891,5128,7563,4748,5135,3728,6038,8088,2585,7448,8603,3997,8478,1693,8992,8101,4137,6955,5931,6075,1724,8513,4290,6723,8516,2885,7366,7369,8779,8910,6736,465,8277,7638,5464,7513,5594,7388,5477,3430,5990,7145,7152,6259,8437,4855,8312,7804
2048,8064,6018,2946,5892,2436,8582,5761,5129,4106,7819,2188,5142,7320,6303,8607,6692,7591,2856,3370,5546,2602,8363,3127,7611,6462,8129,8389,2373,5066,8523,206,8527,8530,4693,1623,2523,8283,94,98,3050,4076,7277,251,6769,1143,1403,5244,1277,7806
5249,1921,8195,4740,6022,8071,8717,6669,1933,1934,6931,8596,6040,7069,2077,1566,1567,3233,1314,5502,6181,3878,8232,4520,2474,5164,7215,1586,565,2233,1850,3269,2759,2505,8783,3281,2646,1750,222,4320,227,874,4461,2158,4976,6134,5497,3196,8574,6399
5513,4233,8715,6161,8210,3475,3095,7960,6299,5792,3876,6520,7338,4656,3637,3011,7875,1221,965,6980,8904,1353,6909,5195,715,6733,4175,4304,3028,3285,6870,6362,7905,5603,8568,7274,6638,3711,3824,8189,8174,7411,3443,8309,3704,4602,1147,2045,5630,8447
2433,8322,3970,4615,8201,5642,6926,5136,7443,5398,7837,6048,6180,8107,4397,1198,2094,7089,2867,3892,7096,2363,8763,5053,3400,3273,6602,7371,8396,8907,8143,7632,6098,7379,7510,6619,7390,4191,8573,4196,6117,6500,4323,3564,5622,6007,632,2294,1146,5629
3971,1286,4871,8587,6539,8079,6928,7441,6802,3858,6135,4892,4893,1439,5412,5542,3495,8619,5933,6574,7471,1709,4911,7346,6067,8496,6585,3129,3518,8769,5062,4811,2128,2387,5460,7892,5209,7133,6878,8159,5093,5862,3303,4079,6001,2546,7413,7157,5495,7420
7809,6017,1411,6658,2053,2571,5263,5137,790,150,2710,7318,895,5275,6176,2724,1789,5548,1713,1718,6968,7992,1727,6207,8130,5699,5318,2375,5064,4425,6858,8265,1223,8397,3154,3538,3669,8154,8155,1755,8544,7265,3042,492,6895,8191,7409,5755,4221,2687
5377,8706,6020,133,6662,8711,4616,2830,8719,144,8464,2194,3477,918,5013,7064,4632,7961,156,8736,4771,5924,4522,6575,3639,6456,6458,7101,2623,7364,3656,7756,5581,7758,8915,5975,1117,3808,8033,7904,7652,8423,5735,7657,5740,2927,2803,4212,8564,7288
5376,1664,4738,2568,3722,267,2570,3860,4124,8477,1311,2210,2084,2223,7216,5553,2226,2227,6972,2750,8126,8384,5829,6725,8392,841,2889,2377,5453,4688,2512,7764,1237,6614,1365,8153,7260,4572,1376,8038,7527,7784,2922,1003,2794,4592,117,4087,2809,2044
2177,4354,8323,5132,2320,5522,7061,5527,3356,8352,1568,2082,3619,5670,3238,4393,6706,5811,4531,5812,8886,7231,3007,1474,4803,8770,5702,6728,3401,844,3662,3791,846,466,2520,4188,1373,4321,1640,2921,5609,6890,8301,3187,4852,1140,4086,5112,3577,3454
3329,5639,3978,8842,8077,3727,4623,8977,3474,7055,4373,2454,2711,6805,2589,2977,4516,3493,2342,8743,7717,8998,8367,5425,5046,6711,314,2366,7232,7752,5578,4298,3406,4947,7895,7257,3162,5852,3421,6877,5476,8167,7916,6381,1774,8054,6008,2041,380,7167
8832,128,6274,3459,4867,6275,3337,3594,6283,4114,2451,916,4630,7703,6685,8096,5155,7459,7973,42,5166,3888,1331,6837,3642,2362,7999,2495,3135,2882,3526,6727,2762,8011,7629,2765,1231,6355,7636,7127,8549,4837,5744,5745,2680,5881,8443,5500,2814,6015
7681,6148,4613,7179,2699,2316,779,2190,8205,6930,6290,8084,4760,5017,540,6813,5664,5793,6567,5673,5292,7217,1332,6326,4282,698,6845,5693,3521,5700,7493,2502,5447,5065,1227,6091,5068,595,5597,6113,5601,8934,3816,6124,7406,6003,2164,2547,8440,5884
4737,3713,5509,3721,3977,1548,5516,7950,2705,2962,6295,7578,3227,8604,4636,1950,7583,6049,4643,807,1576,2603,6190,430,7102,2367,8268,7120,2644,6871,6103,217,2647,3032,3290,5854,863,6752,5857,2914,4451,2532,7913,4846,6898,5363,2293,7164,3325,6014
3585,6146,3715,8325,7303,2039,7831,5655,5530,7707,5404,4000,5156,4133,5032,3884,5043,4022,5943,1339,4667,4543,8772,452,4680,4682,5708,6220,5839,8912,4817,6738,6097,3578,7893,8403,1891,8166,4070,3688,8297,4457,6514,4084,3573,4726,7799,7161,6394,5372
6661,4359,6151,4875,8843,7311,8976,3217,532,8724,8341,7833,7322,7709,2216,7081,4525,6445,4658,3123,1972,7092,6588,7487,8001,8901,5582,2639,5328,5841,8914,5972,2517,8918,2265,6749,5853,8671,1120,5730,7011,3048,5993,8808,4718,496,6129,4344,7419,3708
1543,1676,398,8590,6929,2578,2067,3987,4506,1435,1052,4379,7842,2723,2338,2218,1068,3760,2225,7348,694,3383,1592,2107,2109,830,7233,2372,709,2251,3279,848,4050,853,477,7649,2917,871,2919,6121,5481,235,6764,366,370,4595,2421,5878,2679,6392
6663,6920,649,5001,7305,6284,7058,8854,5401,6425,3615,3744,4641,5281,1059,2475,5037,8621,5935,1329,8245,6966,8504,959,5312,5186,7243,2508,7755,4431,4943,6864,5458,4819,1493,2901,4185,3551,6240,4959,7908,7141,1511,5226,8175,8817,1011,7925,6776,4601
5120,5121,5122,3460,6919,7177,8585,6665,5260,4763,160,6562,5375,1443,7852,5678,6446,3377,5561,6074,7866,8508,4669,5823,5960,5706,4939,6604,8141,3530,6479,4560,4182,4054,4698,4956,7517,4961,7523,868,2407,3825,4722,5111,3832,7930,5627,2813,4990,7295
8701,5890,2434,5764,6534,5382,8713,8595,4499,5535,7975,6952,8873,4391,8755,7221,6965,311,7477,7738,7868,2877,8767,6978,5967,5840,7377,6742,4343,4700,2654,5856,2145,6626,4578,6625,6885,8169,6380,8557,4973,8061,6768,244,1525,5879,3064,1529,1917,382
7430,8330,4108,7821,3342,2959,5011,7059,8725,7192,4381,675,7589,5543,3629,4782,7087,7343,1840,5941,9013,1595,5435,3772,8510,832,2113,7878,5448,970,1357,8911,7123,7635,6102,6616,7897,6620,990,7648,7266,2916,1893,4582,6637,3567,3449,5883,893,2302
513,7554,6019,5638,5130,7312,1686,1687,2462,2208,6821,1831,8104,1705,3755,6060,5677,7853,5423,9008,7472,8115,6198,4663,8503,3385,954,953,8379,5570,2629,2630,8526,7124,6741,5339,1374,8415,2911,1381,2278,7789,6766,495,1776,6643,8820,4853,2292,2940
7937,2178,7939,6913,7172,7690,7051,5899,6032,7573,2968,6942,7587,8996,7333,7078,9000,3371,4524,3630,6834,1078,1338,1980,2493,4808,8649,7882,585,8142,6609,7634,4946,8789,8793,6374,3942,8042,7660,3950,7663,3312,3441,1909,3702,6390,7033,7291,5116,1535
8834,1797,8070,4999,3208,5385,1682,5907,6808,7452,5148,6172,7071,7590,3751,8874,8751,1072,8500,8889,7993,6203,6713,190,5055,3649,6597,3018,1484,1487,1873,5459,8917,7770,3934,8289,4963,8035,2276,4071,8551,4585,3818,7019,4092,5230,4463,5880,6011,1144
2561,5123,4357,6789,2186,4364,8086,3224,7450,5149,1696,2296,1191,6954,6827,7468,3501,5297,3889,6583,2615,569,8897,1733,5830,8393,6474,8139,3026,3666,8278,3287,4438,2012,4192,8161,5474,8419,6116,3172,2024,2283,1516,2161,2550,8950,3192,1787,6269,1150
6403,5766,2696,3464,3212,2706,3731,7829,5911,3998,7838,5920,1569,3109,6953,7084,2860,4399,7859,2868,5815,5432,8633,3897,3003,5947,3771,8894,5696,5955,68,6468,4420,6471,3140,5193,1869,6606,4561,3923,6236,5214,2783,3425,5346,7020,3821,8053,6139,7293
640,8576,8448,643,4483,3461,5765,8710,7688,1795,1173,1434,2331,7839,2169,4515,2467,6308,6570,5420,175,4913,6194,2482,6196,2612,438,2105,5051,3004,2240,3523,8133,7239,6605,8653,7508,864,2016,3836,3684,635,7535,6387,1142,6137,3450,6907,8444,7423
3968,1408,8838,8967,2058,8458,6797,6670,5902,5778,8083,4245,6940,7581,5791,6687,3362,3874,6317,4532,5431,5049,7489,5442,8257,3908,4805,6345,5450,6089,4306,5974,5468,4189,3678,3681,5986,5733,4966,8294,3561,4205,3439,8827,4847,6515,4341,8826,6651,8060
8452,5253,4104,7689,2831,4495,4501,5909,4248,3736,3357,5151,7712,5289,8746,6701,7984,4401,1074,2745,58,6717,4930,8394,5964,1740,5324,5071,8016,3665,5330,2771,5709,3535,5848,3292,7902,6880,4456,5098,5610,4331,7917,3051,7532,2804,7928,7418,5756,2046
1025,1155,7432,6536,1674,524,2957,5008,6673,1811,6548,2965,1814,2967,5779,2457,5531,5532,2461,5533,4508,1952,1564,1955,6436,2731,1452,5419,3886,5168,5301,4150,6842,4284,8124,2371,2118,8402,5843,3413,3671,6615,3935,740,8813,4475,6004,8822,4215,2683
7301,909,6672,4498,8213,5397,3991,1562,6174,7967,7073,6566,8617,9005,2350,6830,3503,7726,2229,4790,5559,5434,5052,7357,5183,6208,4551,3528,7753,1741,1742,6477,7384,4828,7263,8802,6756,6634,7147,5358,8815,7534,7665,4596,7030,4984,8697,4604,2429,8319
4869,262,3719,4103,6027,5519,2065,1681,6677,3222,2973,1438,3108,424,7592,4394,2221,6192,2995,951,4026,3898,1852,3005,1215,3776,3010,706,583,3788,4942,4945,593,1747,2773,3801,4955,3933,97,4707,869,6501,1767,2793,4843,4204,3565,4974,5626,4350
4224,1154,1667,8580,7044,773,6664,1418,6668,4236,1038,6160,5521,3346,7572,2708,2326,8727,8598,5407,4772,3369,7210,5675,1323,1325,8753,4534,2102,8127,6720,4674,195,3266,5443,8132,3146,2122,459,7502,7546,7376,88,350,7521,4193,612,6636,881,3834,123,7551
5507,2692,2691,1798,7175,2184,8844,2829,7439,8591,8593,2324,5781,4118,3992,5016,7706,8472,1692,292,2340,1317,5932,4653,2732,8366,2864,4657,7341,5683,3635,7355,1854,1601,8264,8521,3403,7628,6862,4307,599,1757,7006,3936,4708,3175,6249,1770,1769,7281,4474,7803
3456,4225,2307,3075,3331,3982,6542,6676,3604,4121,7065,2203,1820,3099,8862,5790,6811,4129,7203,1571,6311,4011,6702,3759,6578,8629,181,6454,7736,2617,443,5308,8381,3782,8008,6729,2761,591,5587,4691,8663,2524,3553,5217,2147,5096,8188,368,7159,6906,7675,3964
768,7040,2818,6659,6788,2693,7050,7052,1167,5264,2834,7699,791,4503,6551,7835,6948,2469,8872,4905,8105,3756,8364,6062,7739,3650,8003,6088,4809,1998,7887,5712,6224,6610,6100,2262,7899,732,1629,6750,5471,4706,8165,5478,5865,7530,3308,3436,6894,6518,7417,7805
1152,4995,8965,5767,2062,782,3215,1935,4371,8471,1688,2328,2587,8989,30,5408,3882,2219,3122,7989,8374,7478,4922,4283,829,5310,5571,7876,2757,4935,2248,842,5973,6876,5087,1887,2019,3301,3686,5607,5223,1513,4970,2669,367,2418,7285,4598,1655,4986,2811,5117
7043,3846,6407,4234,8974,8334,3600,5905,8720,6163,1300,6934,6043,5915,2845,8861,6559,7579,7195,1823,7722,8106,4652,7725,5293,1199,4786,8627,4406,6970,4413,5438,8639,8768,4927,3263,2624,6213,3143,5080,3041,2786,2402,3433,1898,7919,2162,6005,8311,3448,761,3581
8321,7427,6916,5635,2327,1816,1944,3226,7836,4253,1579,3115,3374,7470,5424,2300,7733,3126,6200,3896,701,7870,6852,4037,6603,5970,4311,2137,3931,3675,6237,3294,4705,8931,4324,8805,8296,745,1642,5995,3692,8681,236,6120,1649,6641,3955,8694,7671,7929,8314,6524
4739,4227,1028,646,1542,1019,2822,2061,5780,5653,7577,2714,6689,1186,549,1065,5802,1067,937,7599,817,305,1716,697,8121,3516,6080,7237,2503,4170,4428,4684,4814,5583,5971,981,5847,860,6109,8292,8548,2023,363,2670,3184,4720,6389,374,7802,2299,3710,3199
4097,7812,1284,2052,3335,6152,8457,4622,912,4500,3734,6167,7575,1305,5784,1302,7966,6046,4512,8866,5031,426,8747,7353,8249,7354,7996,5437,4414,4537,4545,8771,5445,7494,3398,3654,8525,2767,5074,5332,3545,7773,1501,6496,6245,3174,2409,5099,4589,750,3315,5498
5504,6657,4482,3844,7941,5255,5256,7816,7691,5772,8204,1911,7952,6039,4249,5405,7710,6050,6307,1701,6443,4780,4788,6584,2873,6587,7486,63,8383,1089,8002,6470,1868,8655,3280,4052,5336,7132,3165,3037,5212,2660,4839,619,4716,5742,8052,5236,7412,6903,5753,2298
3204,2949,6406,265,1677,7053,7824,6674,5270,5273,6681,2715,1436,1694,4386,1827,165,1964,814,2735,3761,8882,946,948,441,7100,704,6465,5441,1216,6084,712,1356,589,3021,8401,7890,978,8150,3798,2011,3420,247,1246,8930,5989,2672,5489,5621,1781,6391,5367
6144,4609,3842,1665,1671,8456,1545,2567,392,7315,1689,5018,2971,2205,4895,6309,1575,1960,5415,2087,938,2088,1588,3131,828,1212,8258,1860,3909,4293,2756,3667,3283,6872,472,1240,218,4317,3423,1248,1889,1377,355,5095,365,6126,4978,7539,3190,5368,4860,510
8833,8962,6915,7555,7299,7170,7558,7685,4363,1427,7956,4116,8474,4125,1699,5284,7337,1450,7467,3753,4909,5295,3504,7088,51,8501,2748,7619,3141,3910,8138,8267,2766,2129,5202,2769,3797,3541,8151,7512,8158,8928,5216,8422,5479,7272,8172,5617,7922,5618,4469,8831
4864,2816,5508,3207,1679,5007,2069,3607,3608,2841,4890,2459,668,1565,3102,927,1829,1958,1959,3237,1834,4523,9004,8749,2222,3632,2104,317,2751,834,3651,6726,4040,3402,2385,1235,212,2645,8279,8407,4445,4318,862,743,2920,3182,3183,241,3186,502,4219,1918
4356,2823,1932,1296,3861,2582,2842,4891,4514,3106,4906,1584,2354,4402,1587,1847,2235,956,1853,445,2238,8000,2236,2116,2812,3142,5703,1614,3023,977,850,1108,852,3158,3928,5081,2778,6235,859,475,1503,1504,4449,738,1380,2923,5234,4210,372,379,3452,3455
3340,5005,7181,2575,4367,6545,7569,8339,5269,8599,8220,5536,4134,8615,4776,2089,6698,4396,2478,2352,8112,2096,2997,5174,5303,7226,2619,8764,7482,5694,4160,6592,5954,1734,4044,5710,81,4434,1619,725,8024,7002,3166,7777,4579,7143,5864,1256,8810,3179,1900,8300,622,3570,6516,8438,3831,6777,762,8316,4222
3202,2180,3973,4873,1163,8076,2445,1550,5391,7437,6923,2580,5786,2972,6431,2850,7330,7076,5541,5030,7080,5417,8369,6967,2878,5057,6850,5704,3145,7499,5072,6352,2514,8786,3536,7382,7001,2140,7136,7906,7395,2661,5097,2027,7659,108,7664,1905,1136,6260,637
2563,7300,3718,1928,7944,8969,3338,7949,3216,2837,6166,6044,7580,3484,7328,5410,5794,4388,1957,8486,4645,8614,7850,8365,2351,2608,4273,7090,2610,8371,5686,7485,7496,3793,4823,2008,6617,7383,8672,7009,5984,8288,6503,4333,8561,1394,4466,8181,3065,8698,7292
1281,8963,1923,6405,6535,1801,3984,4243,7191,7962,4382,799,4127,6818,5159,4777,6961,4277,2614,5563,3388,6461,4287,6721,7108,2500,3270,4167,8651,4812,6221,3533,8270,3282,5075,6359,1370,4187,6747,3550,8542,4836,6639,8945,2674,4851,7283,7154,8057,2043,7548
258,2437,4744,1929,397,274,8851,5529,1691,6556,7969,5797,4902,3625,8745,2355,6836,3253,4661,825,7098,1084,3261,6081,7620,8134,4813,2894,3542,7766,3415,3418,8413,5983,3039,8417,7519,7139,7396,6757,358,7931,7270,6252,4590,2799,7280,243,8570,2555,8703
6273,3201,8836,5002,1806,4111,4624,8466,7193,3609,923,3611,4639,5665,6947,3367,7719,4650,4014,3375,9010,1843,6324,3509,6840,4410,8380,6206,6976,2120,8648,7114,5198,2000,5329,8658,6994,983,3160,7642,4444,6621,8287,8800,6372,3812,6122,4979,7414,8695,4348
7425,1796,6021,1030,8714,7947,6796,2702,4625,6034,1172,5271,408,6168,4635,4764,7965,2080,6817,802,6691,1188,6447,3507,8887,6841,6589,5956,1093,7750,8263,1863,6853,5322,8007,5584,214,7644,5725,2269,1759,2528,2014,5100,5102,3438,8432,7667,2038,3958,6653
8707,3209,8970,395,1936,5403,8479,3105,1825,3748,6310,297,1581,2862,2738,7474,3894,695,6335,2499,7236,2758,838,5961,5579,721,2642,3539,3960,471,6233,4570,1115,5724,1885,4827,8409,736,1888,2659,231,489,5354,3180,1519,3185,1524,4216,3705,2557,1022
6912,2688,7169,4099,7046,6281,2828,2444,3348,2583,1050,294,3623,6441,5034,7595,5805,7982,8888,1466,2110,4416,2241,4418,8645,4550,3531,3020,7373,1744,1105,3540,5716,5845,3927,2905,6366,4448,5088,3554,4326,1262,2671,4082,7028,4213,4982,5365,1784,4857,894
5506,515,3843,5510,2950,8584,4617,1805,3597,1554,4756,7062,8347,3483,6941,5147,543,2465,5539,8230,4139,6188,6831,4016,5887,2485,8247,184,4664,1984,6466,6854,7241,7881,7757,7759,8146,4949,8022,7258,8929,5606,6248,5994,2156,6002,5750,7927,6648,5754,2431
1925,6791,2953,6029,7057,7186,3603,5395,5267,8469,1561,5785,1818,2588,1058,7336,7082,7987,7095,3768,1849,5562,6459,4926,5439,1088,4034,2626,8262,7367,8650,4302,5968,8148,2390,1752,4826,2909,1118,8543,5855,2530,5605,4710,6119,4074,8046,1007,4849,2554,7039
644,4998,2825,4241,3090,6675,3739,3355,2844,3360,289,1324,2742,9015,2999,1721,1722,2490,955,2106,958,6073,836,3397,3783,2124,845,2255,2384,3025,469,473,857,7515,5239,5980,4322,483,2787,2918,4077,3566,8559,3313,5361,1015,6263,1274,509,1278,1919
