5347,2031,3059,8404,6997,5843,4440
8,3016,8818,1461,6615
8813,5779,4150,5719,6842
5419,1452,6673,8402,5301
7432,2957,5168,1811,3671
1952,1955,2316,2683,5533
6548,4215,2457,4284,2461
3621,7528,7307,1970,4627,6205,2783
2472,3593,7338,1740,2868,22,4892
292,1317,5096,2328,1694
1186,1827,2567,1246,30
1248,5095,1781,3420,1823
34,387,3698,295,1821,734,398
3872,2438,6254,1490,6579,6038,6142
37,4678,5487,5713,2293,4703
1824,8032,4900,4078,1017,1693
7616,4898,8549,42,3642,2814
8832,3459,5744,4630,7999
6657,3846,3654,3335,51,2137,123
7170,6307,3141,4469,5405
619,4363,2766,2129,4116
7140,5158,7566,2288,8152,4797
7297,6899,6901,8149,1662
3780,2127,2128,5557,7446
8280,8825,8647
3890,5163
3778,4327,1961,7476,8575
7867,2934,6823
4138,8239
5152,7464,7765
8688,7074
1836,7349,3644,5918,8447
5632,6178,7304,6226,1977
1353,5513,8174,8568,8189
5482,1709,4911,6035,7960
6464,7364,7024,7772,6878
8464,6514,918,7101,1439
3365,4437,5655,1469,5630
4946,6133,4543
7657,8789
7712,5936,3578,6394,2173
4457,8297,8912,3312,4667
4233,6738,4726,5975,6365
6244,1348,7411,6870,7799
3464,4618,8891,1980,3358
6146,4133,4522,3883,206
8004,3688,6739,2039,7450
3656,1787,1558
7690,5324
6560,1516,4817,7161,5116
7937,2561,5735,2927,5013
6928,6028,6220
585,5866
5123,965,5542,3051,6299
8161,3731,7838
7859,7532
5899,3501,5071,2771,7928
5289,7051,7829,6717,7902
7078,3942,4871,3666,5943
7587,2024,5709,6097,3224
3425,6701,7917,2745,3292
8809,6468,1741
58,4420
7264,6922,4558,7568,5432,3225
6606,4023,7544,4889,7293
68,7726,4689,7955,8053
4299,2347,2477,4783,5139,8277,2007,94
2914,4453,3977,8268,2687
2603,4204,1548,4595,694
2917,6501,1142,1435,1438
2995,477,5878
1543,3719
97,3010,4394,3788,4942
4869,4843,6192,4945,3005
4581,6262,8922,4732,447
8259,6572,729,7958,1625
1989,4521,4017,7827,8056
7618,7682,5931,6933,6554
5090,7409,4593,5369,5275
8226,2724,6958,8565,4218
4425,4654,6549,1914,2559
7271,6031,4368,7643,6207
3493,4806,4748,8722,1778
7563,1495,5755,1724,4767
2885,8363,5548,3127,8478
2436,2188,7277,7696,6968
5857,6018,5892,454,3728
98,2053,5129,2602,6871
6017,4707,8397,1713,5886
5318,7583,5137,3669,895
4643,7950,2962,3032,7578
3713,4451,6898,5363,2654
4737,430,2644,217,863
3721,3227,3987,2421,4379
7649,1767,2221,4050,2067
262,1681,2065,1747,951
2793,2973,5519
4974,4103
869,583,3898,4955,1852
3776,424,6027,6677,4350
2773,3413,3801,4026,1215
8712,1865,4251,4221
8130,1411,5829
8038,5263,689,6741,2710
7809,7527,4592,150,1727
1664,2278,5064,6858,4688
8544,8392,2377,5453,1365
8526,2512,2226,117,5339
2462,1381,8126,6198,1374
2629,2630,495,5423,4853
8096,6131,2680,6238,6367
128,2882,4837,5166,7703
2889,6305,133
624,4223
6882,6599,5103,8979,1878,3132,6079
519,3498,7023,7796,8345
8736,4841,140,8856,5242
8441,3820,5877
2296,4815
5253,6953,7978,8050,7550
8904,4137,7786,5646,4980,3637,1147
5195,715,3950,6479,144
8996,7172,6374,9000,6942
2816,7758,7064,1467,156,4445
2976,8913,7523
7251,6141,3223
5924,7652,2286,6575,8370,8915
5706,3825,3639,7866,7517,7295
3832,5678,5111
160,1117,8141
169,876,7662,1391,8603
8901,7526,8039,6129,7032
3716,7752,3916,7895,8830
3329,6381,3406,4373,7257
7749,7717,5356,8367,7865
2342,7688,1774,3474,2612
7201,7011,3466,3123,8341
175,4913,2482,8977,7508
8448,5350,7535,3162,6907
2016,8710,8167,5051,3004
4483,6308,6387,3450,2331
8576,8133,6196,6137,8444
640,643,2467,7839,7423
3461,6194,7318,1434,3836
3523,5420,6605,438,5853
7548,8542,4111
2953,4836,2837
184,8836,4348,6941
2000,1394,2445,3718
8551,1682,8724,7092,5493,4343,7452
4071,3751,3934,5459,8500,7993,190
7840,4267,748
7428,199
3196,8343
7175,7502,4307,3635,5587,7675,510
6309,2248,937,2219,5653
355,1671,938,218,2205
392,2645,1240
4318,3607
2087,3023,372,852,475
3106,2116,743,3452,3455
3237,4523,241,2069,4890
1958,2920,2582,2841,2751
834,1959,3608,859,3102
1380,3207,2823,1679,212
2530,8887,6967,6168,6653
6817,6119,5102,4625,4635
3185,2514,2038,214,4764
1188,1796,8263,6791,7057
3105,1936,2738,408,4216
8067,6282,2158,8527,4693,1403
565,3878
7215,8783
2233,6931,6181,222
8596,6134
7069,1750
8574,5164,2077,1566
1921,2759,1933,1934,4758,227,6251,8305,1717
4777,3438,4243,5269,4823,7965
7969,4744,4812,4661,1084
7750,1929,1801,5579,7098
6691,2758,1519
1524,231
929,5323,2891,6258,7351
4259,3077,1991,8780,6325
6401,5891,2666,3022,3382
1576,2827,376,2585,2237
5481,853,366
1676,2919
871,235,848,2225,2679
1155,740,2372,1564,2109
1025,2371,2118,2218,5008
706,7592,3565,3279,3760
6436,3108,1674,593,3933
2251,370,3222,3383,1052
5174,762,4187,4382
243,2437,4277
5198,2043,4590,5983
7474,3180,358,1863
1888,3705,3748,471
1762,4391,4648,1521,244,1623,8761
6625,4578,6626,8169,4973,1525,1917
8137,7913,942,7991,8351
8550,6190,7319,6295,7164
5509,7565,251,3325,4062
1769,7599,8472,3964,5310,8127
265,1513,3982,247,7736
1377,1677,978,3283,5367
1545,7530,6454,5016,862
1829,5007,502,2459,1918
1834,1235,2104,1565,927
6726,3402,3186,3928,2812
4356,2923,4210,2778,2842
8000,738,3142,379,1503
8801,3269,2474,4124,4504,4572,8477,6399
5376,2210,2570,5812,4087
2084,2922,3828,1237,2750
3238,841,267,466,4188
6890,7994,8255
4321,6278
1568,2921,844,846,2520
3187,1373,3007
2082,3791
1706,4976,5299,1140,3577
4393,3662,4531,4086,3454
899,4229,1320,1326,8758,8765,7422
5573,1994,507,4539,4605
4006,7240,491,1965,4049
737,4996,271,503,2780
2123,4076,5586,788,2108
5089,490,273,4339,4606
297,7330,2140,4367
81,7644,6777,8764
736,1825,6757,1022
5125,4262,4588,4528,284,4542
3072,872,3785,6384,2041
300,3284,5207,2553,5402
873,303,3856,5208,2042
7203,3175,6674,4691,3099,1757,7006
3075,305,2834,6906,443,3516
712,441,4684,2672,1689,7577
6176,7724,5773,7326
6065,5718,8382,6695
7265,8677,8071,7598,3054
5603,4647,7946,6067,5141
6338,1968,308,4059,7325
2434,5764,6380,4143,8379,4092
7554,8873,5677,6768,311
5273,6542,8591
4482,2693,8381
363,2062,2503
472,1356,6109
4935,2203,5087,2088,365,367,368,881,7417
3936,4170,3756,5264,4720,6610,6389,6750
1065,1067,817,697,3199
646,3021,3184,4978,860
3204,814,5780,374,1436
7817,6507,8592,7638,7388,8605
7145,8842,7641,2105,7709
2240,7239,2454,380,3421
4182,3460,6766,332
2292,382
2940,7853
6592,8220,397
2089,4570
8963,838
395,1885
8674,7781,6759,7626,7600,6426,7291
2273,3011,7205,5581,7249,7218,404
3675,7100,350
8457,5970,7470
1699,6470,7691,1302,5437
426,8747,3280,7575,7966
6050,4324,5284,5256,2873
3844,7685,1701,5742,5212
7558,2769,7922,7956,7512
8655,5618,5236,4788,8831
8002,6915,7299,3753,5617
3266,2732,2340,7996
6465,2307,8188,8965
4545,2019,7876,6005,8471
549,5767,4814,981,8121
2756,4040,3183,7539,2011
977,4402,1587
1584,2236
6235,2235,5234,3158,4891
4906,1932,850,5081,956
4449,4514,5703,1296,2385
1614,2354,1847,1853,445
7745,7666,8668,8222
6992,465,3068,5188
8513,6267,8532,6654
4160,8672,6850,7659,6260,3415,7226,5980,6431
8707,2659,7280,1115,5724
3209,5354,3960,5403,6335
7169,5034,8559,5361,6366
3360,2787,1274,845,1722
3397,2918,4241,469,1278
483,2384,3313,2999,6263
7328,2180,8810,5303,3166
4167,2674,6836,5365,8599
2500,6310,1324,3894,1691
3020,1581,3025,695,1050
473,2124,1015,857,1466
2106,955,1919
2490,3783
489,5961,8300,1900,8851,5563,509,3550,3039
8034,4875,7019,5148,5852,2589
5730,496,532,1144,3708
504,6026,5690,8943
4208,8941
512,4665
1281,3270,5864,7664,3507,2014
6273,1256,5100,4851,8148
8745,5159,1759
836,7396
5088,515,3539,6073,4827
2789,7623,3117,8461,8685,7674,8733
8354,2731,7404,2965,5531
524,1814,2967,4475,5532
8128,5955,4670
5920,529
909,7030
7534,8319
7720,4338,540,3792
4896,5867,6735,7815
4760,5664,5957,4613
2080,5665,8614,5417,1007,2096,6044
5410,1923,1928,1843,543
4416,5539,5329,5267,4127
6474,7093,4407
2386,8163,1150
569,8139,2012,8950
1191,4357,2550,6583
6954,6827
3026,3287
88,4772
4371,4317
5971,2061
4739,589
842,4236,591,1935,1688,4121,4598,2811,829
7552,1793,5447,6568,5068,6064,5171
1101,7455
7403,2190
1608,595
4212,630,7288,9004,2623,8431
8993,8804,5925,535,3003
8903,8107,7089,632,5214
3904,7593,6736,5649,8530,8829
6313,3378,6771,1173
7232,2265,2206,5639
2169,635,3684,5765
4134,4776,3179,1262,4434
4998,2671,5845,5239,2844
4322,2255,2742,3355,3739
5704,2825,2862,9015,7515
644,4077,3566,3090,1721
5282,8465,3379,5428,2491,7451,3103
3552,645,2318,3472,1298,3738
3299,7747,7014,6955,5650,4563
3874,8103,6540,4340,4636
3362,6345,4306,5468,5791
4966,6797,6670,8826,6940
7489,8164,5990,649,7126
3681,5733,3561,4189,7581
4994,6024,2284,526,6511,3069
6457,4383,653,1967
6265,7298,7540,8062
6848,8972,5047,8728,5595
3659,4429,5134,6607,8852
3993,1202,7700
7034,6287
4258,3081,3479,6201,3901
1795,5807,7320,8442,4795
1157,2314,8332,8049,4919
5601,8547,5673,1459,698
6668,701,8727
7699,2818,7579
8962,5479,5202,8501,8474,8158
6659,1028,6407,8008,7050,5683,732
704,4283,3759,3122,1019,1820
1384,3430,1668,7806
7771,3772,2723
2048,709,6623
4520,5722,7198
5729,962,8037,6567,5452,3288,4346
6113,1797,779,8205,3120,5597
3427,8932,3462,4360,6895,8017,790
8265,2794
6452,1606
3154,8155
4579,2997,6447
5057,8339,5694
6252,6516,825,6461,799
7270,7143,8651,3984,4444
6491,5050,4003,8279
7189,1223
1772,804
320,8776,5364,4694,8342,3641
3411,3252,1294,935
810,6946,812,3100
1504,4129,8105,1038,8629,6811
3182,1108,3861,1588,828,2238
864,4515,1061,8203,2359
4192,3169,5760,902,7500,5107
4163,868,4616,6665,6456
2469,5478,3146,6636,3545,4922,7195
4705,7043,2409,912,5905,1911,8861
4036,2149,3594,7629,7669,5500,2495
6905,6275,916,7636
6355,7973
3526,7127
4904,5672,6347,6990
3888,8011,1331,4867
1833,4818,8609
6432,1387,3589
1832,3178,932,5101
6629,6250,4085,2943
4225,5217,1571,8663,6160,946,6551
5223,1655,7053,5607
1665,4995,1964
6689,948,1542,5847,459,2735
5640,5426,3917
8251,1686,8047
1831,1687,3480,953,954
2626,4222,3625,2554,7667,4826,2588,2269,958
5698,6761,3057,1526,8735
4248,7504,8916,7296
7904,3085,5325,1685,5946
3808,6371,7813,8554,3028
8838,7305,7755,6001,7925
5281,6663,1511,5226,7058
5312,7908,4959,8504,959
5186,5037,8175,8817,5947
5193,8142,3439,3889,8086
6745,8875,7213,7471
3129,7346,5093,5862
4354,8619,8621,8079,7420
1408,3109,6864,2901,8572
7635,7059,6616,4381,8510
7589,8330,970,3342,4601
7648,8393,8394,2615,2968
1506,8454,8880,8434,8085
5643,6276,4733,2655
974,7606
3810,7294
1058,6021,2027,4333,5786
6853,4650,5395,3603,983
4034,5605,7367,8007,7186
5991,5066,8975,5011,8853,1110
4582,5448,6637,2959,8893,990
2113,675,7343,8911,5883,2302
5941,1893,6102
7897,4782,8590
5458,6284,3615
3744,1011,8198
2508,7141,6966
5001,7243,3630,4943,5401
8678,6920,4431,1329,1493
6240,8649,4819,6776,6425
6089,6317,4847,5935,6515
4805,8947,8827,7454,6687
4185,8257,3678
8458,5431
3968,8294,5450,5778,4341
8060,5902,8967
5442,3908
5986,2058,4205,8083,5049
4329,1646,8245,8855,6522
1059,8388,4532,4245,2045
7360,8064,3586,2856,492,1229,8212,6462
7842,6929,6769,1592,6303
7233,2916,6121,1068,7348
3629,1840,2578,6392,1595
1120,8289,1072,7971,7590,2216,6749,4718
6117,8048,4279,7737,5629
6619,6180,9006,3535
7473,1074,4397,5455
2186,6789,5830,5151
8897,3876,7882,8715,4656,5873,4631,8927
4331,4304,6834,3702,7033
7689,7660,7663,3441,1078
8419,3371,3665,7573,2493
6720,1642,4674
8364,4839
7619,7467,7725,2767,7929
1089,5255,4716,4780,6046
7777,7906,5954,5005,2478,2575,8270,7382,7002
3536,8057,1550
7001,6535
8929,2661,5994,5002,3509
1984,802,5510,8658,6459
1805,8698,7580,7485,1118
7553,484,1126,7433,8656,1076,7289,4282
6813,6124,2164,5017,5693
7681,7493,2502,8084,6326
5793,8934,1227,2699,7406
3816,5292,7217,6290,6003
6148,8328,5065,6930,5884
2989,5246,5959
1791,4886,4183
5834,7253,4477,4246
8824,8497,5476,1134
8197,6805
5578,6877
3978,3727
6008,2366
4610,1314,7370,7889,7029
3524,8423,4106,4364,5262
3233,8389,3050,1143,7611
6760,3035,7229,4510,2303
2433,3970,6633,2283,5622
3585,4323,6500,3273,8907
7443,8573,7390
8793,4615
3564,6926,5136,6135,1146
6048,4196,5642,7096,7837
4771,8201,6098,5398,2363
4480,5258,1198,6351,8376
5477,5355,5580,8109,7633,7668,8476,6815
6286,1205,3574,1210,8028
1414,4903,7694,8726,4701
7458,6724,3111,6222,6716
1154,8521,4905,1716,7802
1216,2757,5712,8150,1887
4335,8752,7607,2941,5470
4009,5380,1221,4199
135,6157,7762,8180,5245
1696,6409,5817,6873,5756
7651,1225,2573,2161,3257
5155,2765,6015
8443,6685,3135
6274,7459,1231,5745,2451
4770,3939,2600,1738,1170,3989
7713,1250,7976,8846,7807
5648,2422,5366,2488,1786
5497,2796
5739,8439
5660,5869
5490,2740,6045,1254
4312,8318,5444,1422
2272,1518,5288,3239
1334,7386,8683,6710
8539,8324,1277
7872,2956,2034,8118,6423
5554,3700,4024,7194,1755
4386,5989,5489,7739,5407
4428,1284
5784,4052
3761,8003,165,2023
1697,6594,5185,2212,5546,2606,3857
7495,4144,7187,8563,5850,2397
3617,1285,8971,2604,8373,5917
8355,7079,2090,753,2071,7323
8704,2178,7083,7286,8470
1286,4602,8403,1338,1339
768,6948,7044,8311,6224,6039,7836
6088,4589,3315,7412,5332
2660,5772,4622,6167,1305
2122,1325
5700,14,6128,5820,6077
3521,3925,1271,5593,6111
7179,6091,1332,8440,6845
7266,8628,9013,7878,5543,7612,5965,1357
8384,7260,317,2223
1376,5553,7216,6972
2208,8700,5637
6857,5060
6183,6655,4591,1405,6591
7686,8914,4499,5972,6742
4227,195,8422,1998,8882,6681
1450,5498,8639
3504,8249,7272
7457,8068,5512,1481,4046,1463,7769
8896,1473,7321,8881,4377,5978
5670,4553,1643,6642,1653,604
8770,5522,8886,5112,3356
1474,4803,3401,2320,5811
1730,5412,3865,5594,5404,4958
8194,8779
1443,1476
8705,8309
3247,1484,2631
8224,2276,7071
4963,5230,1873,5880,6203
4932,8535
74,7518
1498,4403
3346,2299,1199
5521,4786,5583
8833,7941,5099,8334,5753,1501
4249,4125,8383
5336,2298,8204
6952,7246,6904,1529,2399
5570,5582,5328,6643,2879
8834,6019,6821,1705,5425
4466,3927
6923,2614
3388,3533,8134,2799
4388,6405,6675,5686,5887
8466,2355,8469,6233,8287
3202,1093,6796,6029,1849
7236,7595,7982,3348,2583
8486,1561,6166
1088,4074
6497,8617,5644,7479
7848,2833,8066,3503
5552,1562,5052,6730
4384,2505,2667
3944,8717,6725
4738,8232,2227,3860,2646,1567
3520,7363,7846,6289,6322,8116,2775
1569,2696,3112,7084,2541
7841,7113,3212,5043,5183
2184,3436,6894,4500,4895
3041,1575,8627,3581,6559
5802,8598
3896,612
7376,3115,3834,1579
5424,3931,236,3126
7465,8953,8271
6105,6421
4320,6376,5484,4824,2782
4740,6669,1586,3314,1850
7072,6433,5922,8483,4039,2824,8622
7168,1945,1612
8179,6772,8453
8352,3281,4852,8407,1640,8301,7231
3193,4165,4310
2373,1807
6624,5761,2946,5921,1657
8520,4264,2002,4600,5436
5257,4395,1718
4637,7255,7871
6187,5204,1733,5022
4632,7468,8278
7111,5967,7247,4831,8637,670,2911
4525,1776,7312,7221,7167,8415
8714,7569,3282,5075,5271
1030,6961,7191,6359,8543
5956,5584,6545,8945,7283
8417,8970,4813,3253,7519
2444,6221,721,1784,6556
4550,3531,2828,4213,2905
7437,5391
6122,622
7496,1905,7383
9010,3611,1806
3973,8230,4396,8112,7987
6352,6034,1172,2580,2619
8288,1925,4902,1818,3261
7076,6698,8076,3831,2557
8946,5221,3695
7472,1838,5638
1601,2692,8264,3992,3190,5368,7355,4860,1854
3331,8593,2691,181
1889,6100,7439
3842,5507,1860,3909,8844,1212,3423
8866,3650,5031,3215,5074
4097,8771,6245,6584,7773
6496,7812,1868,6903,3037
5671,6798,4399,5720,3518
3528,8697,4257,1869
5688,6375,4607
4113,5654,5191
1874,1399,8823
6340,6437,998,5610,8556,6225,6428
1891,3172,2309,4295,6346,7984,2132
5026,6341,8798,7818,4524,4846,5950
8905,8042,7150,8303,7634,1909,6390
400,2733,7462
6472,6330,4020
5537,1941,8185
4193,4986,3369
7285,5915,6237
1944,2786,4413
6752,4548,2704,4177,8730
5647,7037,6014,2367
6179,1950
5577,479
7120,8252
8604,2532
4708,6862
8258,4474
1960,7315
4293,5415
6144,2822
4930,8606,8276,6574,8236,4365,2046,7743
3433,7572
3600,3263
3448,7478
4927,5471
6916,7919,6970,2845,7486
6080,1152,5445,8525,3710
7555,2052,8548,7237,8931
1097,6986,7731,1242,6396
6416,2074,254
3393,2897
6217,7375,3511,3097,7130,6140,7549
6944,7333,7537,5810,6363,2078
7398,7536,2929,6833,6715,3357
7488,3682,8933,7031,5913,7774
7672,1683,2094,1535
8322,8763,3892,8958
5541,7482,5710,1619,7962
294,3623,6441,1105,4082
4099,8645,5805,2894,4982
4857,3554,2110
4418,3540
8898,6440,4492,7344,280,1176,2111
8385,2694,2294,3400,2121,7693,6270
4834,7274,3663,6486,8762
4802,4112,8081,2135,6362
3782,1770,5932,7989,5117
4706,2147,3301,7887
8024,2352,2156
7336,8438
3264,5344,6344,8202,4844,2525
8552,5707,5393,4915,2167,6682
8323,5702,4173,6706,8183,4861
5527,1447,3803,3519
8884,7891,7492,3254
2177,3619,5132,5609
4352,2194,8094,3285,8778,8026,8302
5633,2350,818,7924,8759
4680,4529,2229,4828,2429
6081,258,4873,4044,7766
2241,5562,274,8570
8409,5797,3542,8703
5529,2499,2972,2555
4448,6912,5716,7373
4505,2274,6302
1692,2324,2326
2689,5705,2539,7885,6103
5768,7513,5516,8088,4153
2978,2083,2338,360,3290
5856,6049,7102,2647,5854
8360,7480,8983
2344,6963
6627,6093
417,8581,1830,5009,6646,2364
7369,8426,940,6893,1789
3042,2375,3538,6232,8191
657,4332,3470
5305,6242,8708
8009,4969,7340,2381
4968,4972,7125,7856
8709,8587,7821,6319,8348
3858,2387,8854,3771,3551
987,3530,7441,7894,4763,5375
3140,2407,6733,4722,7892
6562,7939,6919,6032,6909
1323,2418,4534,4503,3131,5308
8380,725,3958
3793,4410,7949
6648,7114,8800
4617,4756,2431
7425,7947,2702
8584,8146,7927
8806,8652,2449,2744,5819
99,2762,7918,1042,5619,3510,7646
7211,3853,3827,2460,7677,3582
6085,8217,6068,2125
5241,3947,1341,5215
8553,2463
7901,5061
7395,1554,7154,8371,637
5984,2465,3597,4639
8489,6228
7979,5387
8129,2471
5224,8041,7116,2996,6169,3229
3489,4866,8099,4717,5232,2804
6980,4808,3477,4181,8986,4641,8737,2475,8885
5794,6503,5097,7850,3065,3484
6976,7009,2563,3145,3375
3812,8648,4014,6639,7292
3216,6994,8022,7642,6206
6947,4645,3367,7193,6621
6372,7881,6831,2608,3609
3843,6854,7241,7757,4979
923,5750,7414,4664,5147
8046,7090,2485,6747,7039
5606,2950,6248,8365,7062
7108,7944,7759,6324,7258
3305,499,8310,2518,6334,8959
8092,8495,8537,2523,572,3838
3456,2761,2617,2864,7159,761
4652,6702,6872,2524,8862
5381,7727,2992,3088,1234,8692,1973,5759
6526,7529,4878,4146,7358
3234,8451,7779,6732,7134
5859,7748,5386,7378,8338
9011,6867,7855
3419,7133
2722,1538,2546,6680,6585
8485,556,5040,1937,3321
7431,6983,4585,2547,3352
3911,7602,8372,1589,8792,2558
2568,3038
4115,2404
5249,3722,6385,8569
1635,7556,1160,5495,344
7754,2635,4724,8987,5372
6667,2639,4497,6588,2716
2528,3570
6721,8615
2642,8316,3418
7139,8413,4326
8366,6311
3553,2670
8106,2971,2669
3001,6471
8123,6566
4992,7903
4984,2706,5352,4255
6634,9005,7301,3998
7665,4551,6756,8815
8292,2949
2715,5621
3952,5297,5335,2727
8777,3298,2803
7107,5668,8803,5894,4623,8690,3322
4516,2980,7784,8848,7122,2809
7334,7849,8075,7948,8784,5464
5220,2830,8117,7481,3740
1346,3974,4938,6161,3095
7936,4552,6153,7596,5330,4019,4478
5708,4495,7761,4089,7418,6107
4104,5098,5964,2831,4401,4501
6790,6951,8492,2895,9014,2906,2591
6528,1946,6558
3339,6793,6467
2855,8877,5518,8602,6800,2362
8633,2883,7915
6053,2983
5592,2860,5135,920,8702
7591,3370,5998,6356,7223,3548,7804
1184,4141,7632,1307,5149
8143,2867,4084,6007,4191
4424,6236,8661,2870,888,4604
7073,6830,4596,4790,5815
8386,2339,7142,1514,3188,5078,8534,2875,2334
2977,1219,3302,6184,237,8019,6773
5827,4742,7975,3064,8767
6885,8104,5840,8595,8701
3308,791
7835,6934
7722,3165,8374
4512,3910,7952,6587,7132,63
5635,6788,3398
5293,8974,599
2624,7427,3174,7816,5675
5504,8681,8052,4537,7710
2051,2535,4560,7282,3736,795,2877
8016,6116,6269
3192,5474,6880
6808,2258,8356
3208,1361
4983,763,5775
8659,8883,3214
993,3218,8723,4855
4290,5082,6723
6852,1418,6641,7671,4253
745,8805,3294,2327
3226,3374
6200,3143
6577,5748,6298,6170,3259,8796,7391
3272,8906,3850,3634,8754,8756
4921,3337
6837,6727
4961,4700,5549,5382
5120,5130,4698
6978,8585,3377,8755,8115,7738
3592,3384,1053,6896
8894,6215
5696,6291
3628,3437,3568,8030,4696,7673,8254
6047,8626,3443,8111
6609,4877,4101
4148,7933
3449,1266
1660,3763,3164,8725
7715,3171,807,8850,2932,8948,7380
3306,2571,3277,4230
3953,3795,3468,8667
3242,8515,8973,7183
6539,8588,3475,7988,5342
7875,6795,4175,8210,4473
7080,1163
6617,6841
8969,2850
7719,2351,4624,8786,8181
2120,4273,6002,1752,3483
8769,3971,3495,6984,5524,4439
4079,5460,7413,7157,4893
8807,2664,3567,8400,4569,5435,6620
6786,4561,7314,4438,4517,685,6450,3573,8895
4011,2829,4118,7065,5018
4609,8456,6126,3667,3604
3686,1898,7341,6163,7733
4037,3955,3797,6518,6043
8966,6600,3696,8631,6683
2595,5353,5131,6704,2199
7935,8781,678,3303
8579,3711
8424,6662
5897,5658,8923,7124
8820,8503
3385,3755
9008,7764,7789,4663
3626,7259
5616,7269
5280,7371,7655
7190,8822,1882,5566,3487
1455,7490,8207
6004,3765
7620,7300,5030,3768,8695,2008,7931
2610,5855
6818,4949
8262,4287
8930,5443,6406,8401,5270,3798,2714
3706,7756
4472,2893
4456,6481,8227,3814
5346,5766,6699,3821,5776,5392
6672,3991,5434,6174,7263
6208,7753,7147,5358,7384
1040,3091,5612,7447
5792,6874,2510
8739,7013,8487,3824,4058,6012,8223
8618,2412,1358,7026,6709,3647
5128,858,6075
2537,2754
6855,2728,7570,855,5244
8775,3881,4303,7695,2107
6979,2820,7206,8231,6536,6130,8411
6844,6887
8124,3935
4508,3886
5825,8908,8716,3689
7171,6349
8746,7220
4952,3897,8452,7407
6936,7826,3920,5276
5893,7162,7357,4198
6411,6418,7507,5397
8213,3923,6477,5559
5505,6561,3976,559,4145,5209,4766
7104,8994,4676,7207,6538,1194,7986
7152,8516,7366
8992,8437,3997
7136,5536,289,3340,7181,8561
1957,6281,1744,8888,1370,2878
2688,7046,7028,8247,5754,894
5506,4139,6188,4016,8347,8479
4027,8821,2222
8787,4459,6293
7042,3245,7117,3694,7854,6490,5406
6534,4427,5909,8087,7608
4041,5545,4685,4369,7091
7776,7010,6446,2323,5685,6774
8640,6604,3217,5561,2813
5960,4939,7477,4054,4669
2145,6965,4070
5377,7893,8446
7740,5181
8902,6398
8607,4436,8582,5142
8523,7819,6692,893
832,4506,4108,6764
8968,8242,6283
5881,4114,7801
5699,7942,9002,7597,7408,2866,4122
2848,3139,4135,8748,6711,314
4195,6851,4965,6057,8982,4285
8753,8314,8694,4311
8291,4091,7822,7311,2196,7483,7614
8098,6151,3775
4344,4673,8918
3840,8940,4463,8054,7833,6172
8976,8001,4658
7322,4359
5313,5831,7434,8750,7054
7268,4392,7128,8312,8601
6152,6603
7521,7803
7337,4234,4657
8768,2402,6120,6443,2300,4414
8802,7331,2247,4498,5911
1264,6487,8519
7916,3045
8399,1233,7794,7509,4030
7393,4967,6550,8284,1631
7622,3979,4556,7021,8286
5473,6913,3715,3826,6292,412,7197
4000,7303,7831,4682,6162,4022,4599
4704,6785,513,6658,7992,6118,5848,5804
7424,7783,3884,5265,8920
7905,4713,8178,3704,8154
4800,8711,8719,8791,4729
7545,7531,5550,6809,4157
7075,5575,1288,5928,6216,4747,7047,5229,6070
6231,2543
5680,4292
4752,7834,8429
6612,6533,7718
874,830
3473,4754,980,2044
3616,7362,6708,4989
7704,7469,5799
3138,5933,7845
6802,4811,8159
7561,5898,4042,1037,6520,7097,8634
7961,5334
5849,7983
8794,4868
7040,773,2708,4406,7551
5865,8138,750,7088,1300
8172,4909,5295,1427,3541
8839,7883,4271,3153,3286,4316
3013,4936,3148,5613,8788
4947,4094
7276,8998
7309,8190,2279
1857,6782,7862
1368,6508,8015,6803,5879,7864
5122,4709,6280,7273,6379
5890,5260,6316,4956,4990
5121,7852,6074,7868,4954
5571,6213,4970,668,5438
8192,5321,6191,4464,7067
8997,5062,7016,2924,4991
5508,8357,5486,434,5020
8899,5070,8368,6323,8660
5032,2290,452,8773
5839,8036,8772
4067,7910,8238,5046,5624,8095
3913,7790,7055,3864,8926
7767,6982,1719,7510,6839
4117,7379,6020,5053
8909,5091,4597,8462
576,1540,6154,8857,5119
8871,8362,6765,8505,8541
5770,8012,7063,5466,5156,8166,8306,1080,7869
5408,5216,8580,3692,2162,5080
8928,782,8151
8267,2748,3734
6597,8070,3018,3818,7770,6011
3649,5385,8751,8917,8889
1734,7082,8650,5725,6589
8432,4302,4926,5439
5785,4849,5322,4710
4224,7890,6524
7824,5441,7494
5449,6826,6859,3871
7832,553,8290
8182,8623
5480,6712
8865,5731,2378,4461,5238,8283,5502
0,4485,7734,7448,5626
6985,5628,7061
6640,6835
6728,6114,6149,5286
4376,5457,6563,3491
8841,5667,7541,6911
1596,6165
5115,8325
786,5715,7951
1986,5063,7400,5736,7151,8405,6328
7281,2587,7628,4653
7706,3403,5781
6249,3882,5790
8713,4298,8555,2256,8144,5627,5823
2153,6060,1940,8244
5868,8981,8508
2313,7017,3093,4791
7397,5901,6820,4741
6296,3248,7350
7728,325
7653,7209,5837,2964,4957
1604,6828,5906,6998,2747
6661,3048,7081,8077,5841,5907,1972,3219,2711
8369,2909,2390
5072,7499,5968
3201,3338,7095
8849,5938,1598
1610,1531,5974
1742,8243,6651,8956,1630
8035,8808,2517,6713,5055
4999,5993,8874,1487,7419
3673,4060,1311
1616,1003,6614
8234,3724,7782
6731,6635,6498
8153,3395,7609
6649,3317,6022
6040,7858,8195
8741,7967
7932,7415
6403,6051
4864,3651,8132,6729,7899,8165,6062,4219,7805
1667,6084,1629
8872,6391
5024,8511,6602,8396,1429,6139,5023
3296,6369,8101,4872,8910,6767,6259,8340
6434,6917,8749,3632,4565
6744,6279,6445,8799
8743,7372,7487,8671
8033,8706,5740,3319,8156
547,5996,8564,6424,6458
6466,108,1136,6840,3160
1536,3557,3657,6570,8043,4172,8653,4925
1798,4809,7052,1167,6578,6676,2262,7546,6876
3144,1130,8435,6631
6393,5788,8335
2806,7954,8494
4081,7604,8214
8496,2705,2254,8449
3176,5588,2252,6638
6860,6354,2675,8215,8760,2425,6650,7511
8390,4169,6892,8499,4575
8120,1122,8847
7475,7020
7430,7087,8879,7123,4275,8790,6647,7192
6544,5114,7732,5530
7138,7707,8679
4880,7177,8638
7930,8557
8296,1649,2102
1816,7210,5995
6664,7354
8989,5973
8720,7353,8321,7870
2858,6061,8078,7923,8061
6211,6531,8774,7793,7377
4488,7497
7410,8924
2242,7525,8051,5429,7542
5809,8307,4421,6973
6243,5287,2056,5454,8240,5535
8642,8843,8460,8045,8282,4415
6483,8636
8512,8937
6780,8327
8260,8502
8643,8868,1251,8938,8468
