2820,8,7432,524,2316,8461,8207,6673,1811,7190,1814,3864,8733,8231,3626,5419,3117,8238,3886,5168,4150,2359,8252,7490,6979,5452,6997,3671,5719,4440,1882,3935,7269,8037,8813,7790,8818,6004,8822,4215,2683,4475,8061,6536,2957,5779,6548,2965,2967,2457,5531,5532,5533,2461,8095,5280,1952,8354,3487,4508,1955,2731,1452,1455,3765,5301,1973,1461,6842,4284,6844,8124,5566,7623,3016,8402,5843,8404,2007,6615,8411,8926,5347,2789,7910,6887,7655,7404,8685,2031,6896,5616,6130,3059,5624,3321,7674
7552,7553,1793,4741,6278,7433,14,1937,7455,2212,8356,7720,169,6568,1706,2606,3120,5040,6064,5171,7994,6594,962,7495,1608,1101,8656,3792,1361,2258,3925,5593,8030,6111,5729,484,1126,4585,3818,7403,7662,1391,6128,4338,1271,7289,4346
7681,6148,1797,4613,8328,7179,2699,779,2190,8205,6930,6290,8084,4760,5017,540,6813,5664,5793,6567,5292,7217,1332,6326,4282,6845,5693,3521,5700,7493,2502,5447,5065,1227,6091,5068,595,5597,6113,8934,3816,6124,7406,6003,2164,8440,5884
7936,5633,7556,8709,6153,6795,6798,3470,8855,2071,6296,5913,8986,5276,7197,3865,8735,417,678,4137,8111,8626,818,7988,5938,8754,1589,2744,1596,4797,5698,1730,4292,4036,7626,2893,5839,5455,5457,8792,7769,5082,987,8152,993,8674,1635,3682,7525,8678,7781,3689,5619,4980,7542,4472,7801,6522,7935
4352,5121,5380,4101,1160,7946,5262,7951,4752,8849,8081,2449,6936,3097,6426,6428,8868,8101,7846,7031,7600,6833,6708,8885,8759,6464,6723,6340,4421,325,1610,8779,4046,3920,6225,7889,8784,6231,8791,344,5594,7772,5220,8933,998,4713,8938,8556,8307,7029,4855,7549,6911
8194,2309,3850,4877,6544,5265,4112,7826,6292,8468,404,3472,6170,7834,8348,8223,6944,8227,8355,4009,3498,9006,5680,4656,7473,6835,1080,5819,6715,4157,7611,8389,5715,2135,1630,7138,8166,8679,6118,4329,7786,3050,8429,8303,6640,7537,8306,6259,3826,6899,1143,7545,1531
8579,1414,4106,6283,8715,6286,7566,8210,6162,786,8726,4631,8345,8987,8476,7079,4647,8875,5550,4529,1970,8243,7220,1205,3634,6712,1598,7488,5825,7875,1221,6346,2635,8908,8652,7249,4181,8280,6745,8026,5466,8028,4958,5477,5480,5355,7668,3573,3574,7796,4473,8956,2429
7297,4478,7171,8452,8581,3593,7694,7314,3475,1683,5141,8094,8737,6305,5158,3884,5936,7218,308,2229,3637,8116,1210,6716,8895,3780,4295,8904,6733,8781,4175,6349,6481,7761,6739,2132,7892,4437,4952,4828,4701,3814,4327,8424,8809,7407,6901,6133,4729,1147,5628,2173,1662
8705,6274,6275,7172,8587,144,2451,916,6035,7446,6809,6178,7459,7205,3111,1961,8746,5163,3883,2350,8752,7346,6067,7476,5557,3129,2364,3135,8897,6338,3011,1348,6727,7754,715,1231,6479,2128,2127,2387,7765,8149,5848,4059,4089,7398,4456,7531,2288,5745,2929,8825,6015
8325,5009,3858,3477,8215,7325,6047,6560,6561,7074,5152,8996,3365,7458,6823,2472,7464,4138,4903,9000,2090,8239,1968,3890,1078,3511,1977,4027,7867,1469,4802,3778,6724,8004,7882,4811,7756,6222,7511,6362,6365,4704,5603,5862,4199,5482,4459,8688,7024,6390,2934,6650,3711
8449,7939,8708,5513,4233,657,6802,8214,1558,7960,8470,7707,5918,4000,8619,7340,4524,8494,7471,7856,8496,7083,5933,7604,7349,5305,3644,8009,1353,2381,206,4304,4946,5330,7125,8159,6242,5093,4968,4969,8042,7274,4972,4332,6638,8174,3443,4724,7286,8568,7033,8189,8447
1408,6146,4354,133,6662,1286,4871,7051,8079,8464,2039,7573,5013,6299,4381,6942,1439,3233,5542,7078,4522,3371,1709,6834,5043,1338,7101,8510,2493,7364,965,3656,5581,6864,8789,2901,5975,3303,7657,4331,3950,2927,3312,3702,7799,6646,4601,4602,7291,7420,2045,5630,5495
6913,2178,3715,7303,3464,4618,3342,7059,7831,7063,5655,5404,3358,5792,7712,5156,8487,5032,6394,7984,4401,4022,8891,1339,4543,452,4682,970,5708,5964,8912,4817,3666,6609,7634,8403,6616,4058,1891,8036,3172,3942,6374,4457,5610,7660,3824,6514,4726,4599,7161,3578,6012
5632,7937,2561,5505,7304,3976,7690,5899,6028,7821,2831,6928,4495,4501,8854,3224,2968,7450,4892,5412,4133,7589,7333,3876,7338,1836,3897,1980,1476,4680,8393,6220,6097,6738,6226,6870,5209,6878,7648,8419,6244,5735,2024,8297,5866,3688,5098,7663,7411,8309,1909,5116,1535
5123,4104,7689,2194,3731,7829,22,3357,7838,7587,1443,3109,5289,6701,3501,4911,7859,2868,5943,2615,2745,58,3771,6717,6468,4420,3140,585,8394,1740,1741,1742,5071,5324,3665,4561,2771,3285,4438,3292,7902,2783,3425,8161,3051,7532,1516,8302,7917,7928,7418,1787,5372
1667,2691,7175,1418,4236,1038,5264,6160,2324,2326,8598,5016,5273,8472,2203,1692,8862,292,2340,4772,8872,3369,3115,2732,4653,5932,7599,2864,8366,1325,3635,1323,6454,4534,3896,8127,3266,4809,2122,459,7502,7546,6610,4691,5587,4307,88,1757,7006,6750,612,8292,3175,3964,236,6641,881,3834,7675,8188,5117
3456,1154,2307,2949,6406,1798,2693,6542,8591,1167,7699,6676,5270,2327,4121,2714,2715,3099,7203,1317,2469,5802,3756,6702,817,6578,3126,7736,2617,6906,443,7100,8381,829,6465,5443,6084,8521,2761,4170,6862,7887,7376,8401,591,5074,8150,2262,8663,3553,2147,1769,1770,4720,7281,7802
4225,3842,5507,3331,3075,8844,2829,7052,7439,1935,8593,2834,4371,3982,6551,2328,7065,4503,6391,1571,1960,1065,4011,1067,2219,7159,697,1212,7996,5308,1860,3909,4293,7876,3782,6224,5712,6100,5847,6872,6876,1629,5087,3936,1889,4706,5217,5096,1513,7530,368,2418,6389,1655,7417,3199
6144,6659,1028,4995,1542,5767,2822,646,7050,8965,2061,2062,5653,8471,1688,2587,1820,5790,1823,30,6689,3882,1579,1964,4652,3759,2735,305,3122,946,1716,5424,5310,2811,4545,2757,4935,8008,2248,842,3021,3931,732,1887,2019,5607,6249,363,2669,2670,367,3184,6005,374,4598,1019
1665,4739,3204,2567,392,265,7053,1677,5780,1689,7577,2971,1436,2205,1694,1186,1827,6309,549,5415,2088,937,8106,814,948,7989,441,8121,3131,3516,4283,1216,2503,712,4684,589,4814,1356,978,5971,981,472,1240,218,860,6109,4317,1246,1248,3420,3301,5095,365,4978,1781,247
510,3207,1671,1545,1679,5007,3861,2069,3608,2841,4890,2459,1565,3102,927,1829,1958,1959,3237,2087,1834,938,1584,1587,1588,2104,2236,828,2751,704,834,2756,6726,3402,977,1235,212,2645,3283,3928,2011,4318,862,1377,355,743,2920,3182,3183,2672,241,3186,7539,502,5367,1918
4356,2823,1932,1296,2582,3607,2842,6811,4891,4129,4514,3106,6311,8105,4906,4523,2354,4402,8629,1847,2235,956,1853,445,2238,8000,2116,2812,3142,5703,4040,1614,3023,2385,850,1108,852,3158,5081,2778,6235,859,475,1503,1504,4449,738,1380,5223,2923,5234,4210,372,379,3452,3455
5125,4485,7047,5768,4872,6282,5258,7948,7309,6538,1807,3088,7434,6293,8342,8982,1176,6298,4251,6683,2334,8994,2983,1194,7724,8109,942,7727,3248,4019,6710,1334,8760,6070,7480,7734,6270,7104,7747,4548,8643,4676,3657,6986,4299,8012,1865,8017,8788,1878,3548,5470,5731,1251,6375,7276,876,5103,3952,2034,7026,5364,3193,8572,4094
2313,5770,7954,3091,8850,3480,7451,3740,7326,3103,3616,5026,3491,8741,8489,7213,7854,4783,7728,5428,5429,8117,7351,5688,3641,4153,8118,8898,8773,3013,5831,4165,6093,4177,6354,4563,5588,8787,7643,8539,8668,4195,6761,4588,8047,8700,2806,254,8953,7932,6782
7942,4747,6411,5650,8979,8983,8087,920,7704,5660,7075,8739,8357,6190,6709,8631,7481,8251,5436,7869,4925,6600,3785,8776,8780,5837,4558,1358,7500,2002,6228,4824,6105,8537,4062,7518,7526,3176,5739,8043,2412,6254,4335,2539,4081,2796,7915,8948,5613,8439,6654
3077,2438,1288,8462,1040,7447,284,7201,8865,4262,4648,5288,8618,4264,8360,8750,8623,8495,4528,6065,6579,7344,6079,3647,5313,5060,5188,5323,5580,3277,6992,4689,4565,7128,8798,4703,6882,5091,7268,4581,8039,3306,6507,8683,5484,3696,7152,2932,4600,2425,4732
4480,4230,519,5128,5387,5773,8078,4989,6418,2964,5654,6169,1307,6045,1184,4259,6053,6183,7849,7209,6963,7991,8376,6591,2111,1857,6211,2883,8775,5191,8520,7885,2510,8271,5713,6356,5718,7767,8667,2532,7013,7014,2279,8041,5998,5487,7023,7793,8180,8312,5245
387,2694,6409,8716,7693,7695,5906,3229,5023,3489,37,6695,4391,3881,3242,4023,7865,5050,2747,447,1346,1604,7749,1991,4427,7116,3917,4303,7633,1874,8032,6625,3557,872,6376,8169,360,2537,4717,4078,5869,3054,5232,5229,5612,4591,5490,7415,1405,3838,6655
1536,4866,8702,8327,4492,7568,4113,2705,280,2074,8604,8351,8609,7715,7845,8103,5799,6057,6440,6828,7597,7469,3252,8502,6075,8382,3138,6851,8260,6599,5575,5705,74,6216,4424,2125,6351,2897,8914,4312,858,6491,4957,4575,7653,1254,8937,6262,7162,6267,6142
7424,1538,5381,7686,5386,7818,4878,7183,5139,7958,6680,8601,3100,2722,3234,6820,8099,4003,295,2728,7979,4395,6061,7598,7855,4146,9011,6325,7358,2754,8259,8515,5444,6732,2254,7378,6867,7507,729,1625,3419,7134,7264,7779,5859,7529,3953,2546,2941,6526,5759
2689,6531,5893,7817,3466,7696,8722,8338,8340,7827,6038,7955,34,3493,7207,6572,2477,4017,434,8499,3382,7223,7608,1718,7748,8516,8390,6855,1989,4169,1097,465,1490,8532,5972,6998,5464,7388,7804,6626,4578,5350,8823,7145,6892,8437,1399,8056,1017,5244,8318
3716,645,2318,7054,6416,5135,1298,1422,6549,6421,6423,6933,7189,7194,3738,6554,5921,929,4900,804,3239,4521,4654,1198,5554,2740,4024,6585,2491,7872,3393,7362,7618,8513,454,3916,6742,1242,7133,734,3552,6624,4965,5990,7277,6384,1521,3698,3700,6396,5886
5114,5369,2827,1294,3856,7570,4499,8088,1950,4767,1824,2978,2083,8226,2724,6946,2344,810,5931,300,2553,812,303,6958,7350,6968,3400,3022,7120,3284,8277,5207,5208,2647,3290,855,2272,5090,6627,8164,4218,2666,4973,1518,7409,244,1525,1657,2042,1917,2559
3072,6401,6018,5891,5892,8324,3977,7563,4748,3468,5263,6031,4368,2710,7318,7448,2585,5402,4636,1693,8478,6049,7992,1724,2237,6207,8130,4806,4678,4425,2891,8268,7126,1495,6103,5854,5857,4453,7271,873,1772,6895,1778,3314,8692,2293,2294,8565,376,1914,4221
3713,2946,5761,2436,2053,5257,5129,1676,1548,2188,5137,2962,7578,4637,7583,2208,2338,4643,932,1832,1833,4392,8363,5548,694,3127,7102,7871,2885,5318,1223,2373,2378,3669,7255,3032,6871,1755,2523,94,5856,2914,98,3178,5101,366,4593,2804,251,1277,895
1025,4737,1155,1543,3721,2067,3987,1435,1052,1564,4379,3227,6436,2471,2679,1576,2218,430,3760,2225,2996,3383,2107,2109,2371,2372,2118,2251,3279,848,4050,2644,853,217,477,2654,7649,4451,740,2917,871,2919,5481,235,370,6898,5363,2421,5878,1142,4595
1664,7809,6017,1674,2571,7950,5008,150,1687,3222,5275,2462,6176,1831,5423,1713,2226,6198,953,954,8126,1727,2629,2630,5829,8392,5064,6858,8397,8526,4688,2512,593,1365,6741,5339,1374,863,8544,7265,1381,8038,7527,2278,5224,4204,3565,495,4592,4853,2687
7682,4869,262,3719,4103,6027,5519,3728,1681,2065,6677,2973,1438,3108,7334,424,7592,4394,2221,6192,2995,951,4026,3898,1852,3005,1215,3776,3010,706,583,3788,4942,4945,1747,3413,2773,3801,8154,4955,3933,97,4707,869,6501,1767,2793,4843,4974,5626,4350
1152,7040,4224,6788,7044,773,6664,6668,8720,5521,3346,7572,2708,1816,5915,7835,4253,5408,8866,6948,7210,5675,8364,7341,2299,7088,8753,7478,8374,2102,3650,5571,4674,6213,6852,6088,5583,5973,8158,5471,350,4193,7521,8805,3686,8296,4970,123,3308,6894,7285,6518,7671,4986,7803
768,8321,7043,6916,3846,6407,4234,3215,3600,6163,8727,7195,6043,8989,2845,8861,4895,6559,7722,7470,4922,6970,5438,4927,2624,3263,7237,3146,5202,5970,599,2137,7773,3041,2786,8931,4324,6245,5478,3433,1898,6636,4589,7919,3955,8311,3448,761,3581,3710,7551
4097,4482,7427,1284,7812,2052,5255,7816,6152,7691,8334,7824,7952,5905,912,6934,6039,5784,1302,7710,5031,4905,7725,1199,4413,8383,6080,5441,1089,8771,5445,3398,7494,6470,3654,8525,2767,3280,7890,4052,7929,3545,3037,6496,8548,2409,8681,5099,5489,8052,5753
3335,8457,4622,8974,6167,7575,4249,7966,6046,6050,1699,1575,7337,426,6443,2298,4909,5293,8747,3504,8627,7733,4406,6584,4537,8249,2873,7353,5437,7870,4414,8768,8639,7354,4037,5332,3675,7132,6237,4705,2402,2660,3174,4839,6120,7272,5865,750,6903,5498,2300
5635,3734,3226,7836,5284,3374,4788,6200,2748,7486,63,3143,6603,4311,5080,3294,745,1642,5995,3692,1649,2162,7412,8694,8314,6524
6657,7685,7558,7956,5405,6307,1701,3753,1450,51,8002,8655,2129,2769,3797,7512,5212,8422,619,4716,5742,7922,5236,4469,8831
5504,8833,8962,2818,3844,7941,6915,7555,5256,7299,7170,4363,8204,5772,782,1427,1300,4116,1944,1305,8474,7579,4125,4512,7467,4780,5295,4786,8501,6587,701,7619,3141,3910,8138,8267,1868,2766,3541,8151,5336,3165,1501,5216,8928,5479,8172,5617,5618,3315,1911
4992,8066,6922,5644,5392,2833,2706,6291,6289,529,4498,3225,4889,4255,5024,7841,4257,7331,6051,6566,7848,8617,3112,8107,6699,5552,7089,7602,8372,2870,7479,5432,8120,3384,8123,3001,4285,4670,8511,8128,3520,5955,7544,7363,8772,8903,2247,7113,6730,1869,6606,8661,2775,6238,7903,6497,8802,8163,4198,2541,632,8697,7293,2558
6403,7301,5766,2696,3212,909,6672,8213,5397,3991,5911,1562,6174,7967,5920,7073,3998,1569,6953,7084,9005,6830,3503,7726,2860,4399,4790,5559,5815,8633,5434,3003,5052,7357,8894,5183,6208,68,4551,3528,7753,6471,6477,3923,7384,6236,5214,7263,5346,6756,6634,7147,7020,3821,5358,8815,7534,7665,4596,8053,7030,4984,4604,8319
3202,258,6923,3340,7181,1163,4367,6545,274,7569,8599,8220,6431,5536,7330,7076,4134,8615,7080,4776,6698,4396,2352,6836,2997,5303,7226,2619,8764,3261,5694,6592,5057,3145,7499,4044,6352,81,8786,7766,8024,2014,3166,2528,4579,1256,5864,8810,7659,1900,108,8300,3179,1136,8438,6777,4222
1281,8963,2180,2437,6405,6535,4873,3984,4243,7191,5529,2972,2850,5159,1324,2478,6961,3507,4277,2614,5174,5562,6461,4160,6081,5954,6721,1093,4167,5704,5322,4812,4434,5075,7382,6359,3542,7001,7002,4187,2140,8543,7777,7906,6252,8570,3438,8945,3570,2674,6260,6516,8057,762,8316
1923,2563,6021,7944,4744,3338,1801,6029,1806,3216,8851,2580,6044,4127,7328,5665,5410,1058,2080,4645,8614,5797,5417,7850,4777,8365,2608,4273,4661,6850,2500,5956,3270,8134,8270,8148,2008,6617,6747,8542,3550,5984,7009,8288,7270,6503,5097,5100,2799,4851,7283,3065,7931,7292,8703
6912,2688,4099,7046,8969,8076,6796,1172,7962,7969,5541,4902,3623,6441,5805,2355,8888,1849,7098,5563,6841,7482,2878,4416,7620,8645,6221,3533,4813,5198,5710,3282,1619,4302,3415,7644,8413,1759,8672,5983,3554,7139,7396,6757,8417,3039,7519,2027,7280,8561,7667,5365,4982,3831,894
8836,6281,4111,4624,8466,3603,3348,7193,3609,3611,6556,6818,6947,1957,294,7719,8745,7082,7982,4014,2610,8371,6324,7090,6840,3388,4287,6976,4418,7108,7496,8648,8650,2894,1105,3540,8022,3927,3160,1752,1370,4823,2909,8287,7395,4836,3812,6639,4082,7154,4213,8181,4857,7548,7039
8707,1929,6675,1691,2588,8479,3748,6310,3625,1581,3894,2499,7236,5961,5579,7373,721,5716,6233,4570,1115,4827,2269,5724,8409,3418,2659,509
3209,2828,5403,1825,7595,2862,7474,695,2110,6335,2626,2758,3531,2642,3539,3960,471,2905,1888,231,489,5354,1524,1784,3705,2557,1022
6273,3843,5002,8970,3597,1554,5267,4756,7062,5147,923,543,4639,2465,5539,8230,3367,7336,5034,4139,3375,6831,2485,8247,4664,6206,5439,6466,6854,2120,7241,7114,7881,7757,5329,8146,8658,6994,7258,6621,8800,8929,6372,5994,6122,2156,8046,6002,4979,5750,7927,6648,7414,5754,4348
7169,4998,2825,2444,2583,1050,2844,3360,289,297,2554,3253,2742,1721,2106,955,1722,6073,1466,958,2241,836,4550,3783,2124,845,3020,2255,3025,469,5845,473,857,7515,5239,4826,6366,5980,4448,5088,4322,2787,736,2918,4326,3566,8559,2671,5361,1262,1519,1015,1274,1278,1919
5506,515,644,1925,3718,5510,8584,2953,1928,2950,4617,2445,1805,4241,3090,2837,6263,5785,1818,8347,3355,6941,3739,3483,4650,6188,2351,4016,1843,2999,9015,184,2490,6459,1084,1984,3397,2431,7759,2000,2384,1744,4949,983,7642,1118,483,5606,6248,4333,4077,3313,7028,8695,5887
8198,4615,8967,6920,2058,6670,5902,4630,7703,6425,6940,6687,3615,3874,1059,5671,3630,5935,1329,8245,5431,8257,7489,5442,2882,3908,6217,7243,4943,4431,5974,4185,8796,4189,3678,5468,6240,3681,5986,5733,8294,4966,4205,5744,6515,5748,7541,2680,6776,8826,8827,8060,128,8832,3968,649,8330,5001,6284,6797,6540,5778,4245,1429,7581,3744,6317,4532,5049,7616,3524,4805,6345,8649,6089,6860,2508,7375,4306,4819,7391,3551,4837,7141,3561,4847,4340,5881,6651,6140
5377,8706,4610,8711,4616,6665,6919,8719,4117,4632,6424,8736,547,5924,5678,8242,7732,3639,6456,6458,8762,4163,6982,8777,5706,7251,1117,7517,4192,3169,8033,7523,868,2407,5740,4722,8564,4212,7288,7295,5760,6020,902,6032,3223,7064,5530,4763,5022,160,2976,6562,2727,6575,5297,8370,7866,6857,3530,8141,8915,3298,7652,8423,2286,3825,5107,2803,5111,3832,6141,5375
3840,5637,8842,8592,1940,4505,8605,8222,6302,2206,2977,3871,8998,7593,6826,3378,3123,5046,7232,3904,8901,7752,5449,2252,4172,6736,4947,8019,7895,7641,2274,8290,5356,8940,6129,7666,6771,6773,5493,380,2041,4091,3068,8829,8830
8448,3329,1540,4359,7688,6154,8203,7055,8976,3474,8341,2454,4373,7833,7322,7709,6308,7717,2342,8871,8362,6570,175,8367,4913,4658,2482,8505,576,8001,8653,3406,2265,3162,7257,8541,7011,8167,6765,1774,6381,8054,7032,5119
640,8576,643,4483,3461,8710,5639,5765,8977,1173,1434,2331,7839,2169,4515,2467,5420,6194,2612,6196,438,2105,5051,3004,6907,2240,3523,8133,7239,6605,7508,3421,5853,864,2016,3684,7535,6387,8444,6137,3450,635,3836,7423
4609,2692,2184,8456,7315,3604,4500,4118,5781,3992,7706,5018,6062,181,7355,1854,1601,8258,8264,6729,3403,7628,3667,7899,2524,3423,4708,8165,3436,6126,3190,5368,4474,4860,7805
1921,5249,6533,5894,5640,5497,3724,8848,3473,4754,8343,4504,1821,1311,7840,2980,5668,6184,2474,8234,4267,7216,7858,5426,1717,8503,7609,6972,830,8255,3395,1219,7107,2759,8519,6731,7122,980,6614,3673,8153,7260,4060,8801,6498,227,8803,2404,7782,3302,8569,1003,2667,237,6385,8690,3317,4597,6649,3322,3196,4861,6399
5376,7428,2568,2570,267,3722,1933,1934,4623,6040,4124,8477,1568,2082,2210,2084,4516,3238,4393,2223,5553,4531,5812,2809,5299,2750,3519,3007,3269,199,841,844,3662,3791,846,1616,466,7891,1237,2520,3803,4188,1373,4572,1376,4321,7784,2921,6890,2922,748,6635,874,4976,8305,3187,1140,4086,4087,3577,2044,3454
512,6786,899,4996,4229,6026,271,273,788,4517,4006,685,1326,1965,6450,8758,4665,5690,4539,2108,8765,5950,6341,7240,1994,2123,3663,4049,5586,7380,8156,2780,2782,7422,737,5089,3299,503,490,4076,8941,5996,8943,4208,4339,3319,504,507,6909,4606
6019,5638,6534,6280,5897,5260,8077,7312,4880,6803,3219,2711,6821,4135,1705,6060,4525,8748,6316,2992,5425,7092,7221,6965,6711,3385,314,4669,2879,5570,7111,6604,5582,8144,3153,5328,4054,4954,8923,2399,2911,4831,8415,5221,7273,6379,7916,1776,8946,1529,5627,4092,4990,7167
2048,8064,4994,8465,8212,7832,8857,7198,8607,5282,7718,2856,5546,2866,3763,4148,8761,7740,5181,7612,7360,8385,8902,6859,1229,5965,6612,1623,5722,7771,3038,6623,1762,492,1266,3828,7933,6398
3586,1668,7819,4108,398,6929,2578,5142,4506,6303,7842,2723,6692,1068,3629,1840,7348,1592,1595,3772,4542,6462,832,7233,709,8523,8530,4436,2916,3430,1384,6121,6764,6769,6392,893,7806
6149,5132,1037,526,2320,4115,3356,3619,5670,553,6187,6706,6457,7231,8770,7492,5702,6728,2889,3401,6985,4173,5204,6486,604,1640,1643,8301,6511,624,7540,1653,6265,8062,2177,7298,8323,6279,6024,7561,653,5522,7061,5527,8352,5286,7596,1967,5811,8884,8886,3254,7097,8634,1474,4803,4553,4042,7372,3281,8183,3035,8927,6114,7140,5609,2284,5873,6642,2290,4852,7669,6647,5112
3585,8201,5642,6926,5136,7443,5398,535,5149,5151,8993,6180,5925,4397,2094,1074,2867,3892,2363,8763,7229,2623,2121,7510,8793,3164,4191,6500,4196,8804,6760,630,6007,1146,8573,8322,3970,6789,2186,8853,7837,4510,6048,4771,6837,4279,7096,5053,2495,5830,3273,6602,8907,8396,2765,7371,8143,7632,3535,6098,7379,6619,7390,4323,6117,6633,2283,3564,8431,4084,5622,6135,6139,5629,8958,2303
7296,4867,8068,8841,3594,3085,4114,1685,4376,2078,4766,6563,5667,7973,5166,559,3888,4145,5810,1331,7737,5946,3526,8011,5325,7504,8916,7127,7130,6363,7904,4841,7150,8048,8947,1526,5500
8704,8838,6663,7305,7058,8086,4248,4641,5281,2475,5037,3889,8504,5947,959,5312,5186,6980,8388,4808,5193,7755,8142,3028,4959,3808,6371,7908,1511,5226,8554,3439,8175,8817,3441,6001,7925
8972,5134,8335,8846,3857,1170,8852,3989,8728,5788,3997,5406,8992,1697,4770,7976,2600,3628,4144,3379,8373,3510,5047,2488,4030,8254,6848,5185,7366,3144,1738,3659,4429,8399,6607,1233,7509,2518,4696,5595,8284,1631,7393,3939,3045,1130,1264,7794,8435,8563,6393,7807
1795,1157,1285,3081,2314,3979,8332,8971,6287,5648,7187,7700,6550,3479,7320,3993,1786,5917,3617,4258,7713,5673,2604,5807,1202,1459,4919,6201,698,4795,3901,7034,7622,4556,6487,5850,6107,2397,8286,5601,1250,8547,6631,4967,3437,7021,3568,8049,5366,2422,7673,8442
3621,7528,753,5458,4627,4403,6165,6131,7636,5720,7323,6205
8647,918,7783,8856,5709,8575
8192,7042,4290,5062,5321,4041,7117,4685,4369,2196,5909,7893,6490,7067,7774,8997,4070,7016,5545,5804,3245,2924,6191,4464,8178,7091,7672,5115,8446,4991
