5280,6528,8461,1455,2031,5046,2007,5566
5347,6887,8818,8404,1461
3016,8,8813,6615,6842
5419,1452,5779,4150,4440
1955,6673,8402,5301,8822
1952,7432,2957,1811,5843
2316,5168,3671,2683,5533
6548,4215,2457,4284,2461
6340,8101,4046,6225,6708,6650
6944,2309,6833,6428,1630
5480,6162,3573,8280,5404
5158,8849,6739,6133,8895
5936,6899,5524,1683,6901
7297,4327,2127,2132,6205
7398,6346,3890,4181,4437
6305,3780,1961,5163,2288
6823,5550,7220,6646,7867
5152,8239,2934,1598,3711
3778,8956,8149
2173,7446
6560,8004,3365,7024,6426
3593,8174,1558,3644,8447
8189,3358,5557
4618,8891
7464,5513,2045,8825,6365
7078,1353,1709,206,8568
5482,4911,8688,6514,5630
6215,6035,7476,7349,4058
4871,7657,8464,3477,7960
7364,133,1836,5975,7101
7712,2927,5013,5655,4543
3942,5735,3312,7411,6870
965,5542,6609,3443,6299
4680,5009,22,7161,2364
3656,4457,4817,2039,4667
3688,7690,6097,6738,6878
6226,7765,5943,7769,5918
5632,2858,5899,6712,8575
7937,5123,7333,1469,1439
8424,2561,3666
6394,3501
6178,4892,5866,7799,1980
7338,6028,1516,1977,1787
8647,8297,3051,8789,918
7074,1443,4233,4138,7859
7457,3731,5324
4561,2868
6220,5709,3578,7829,7450
6146,4133,4522,8912,4438
5289,7532,7928,6717,7902
3425,3464,6701,3824,58
8161,2771,4726,2745,2783
7587,2024,585,3224,5116
6468,4420,1740,7917,7838
5512,5071,2128,6809,5978
7051,1741,1742,3292,3357
6906,292,7546,3175
1240,1317,5096
2328,1186,1694,30
1827,1781
1246,5095
1248,1823,3420,2567
1824,34,8259,7206,3321
6341,7818,6507,6649,8572
3657,387
1821,4078
8032,4900,37,295
2293,1017,1693,734
3459,6727,8968,2906,2591,42,3642,2814,7999
7521,7803,7341,599
6788,7478
3433,5675
2624,4037,8639
2129,4406
3654,3335,7919,7132,7870
6657,6307,619,51,4469
7170,3141,4363,2766,4116
2247,5358,5776,6289,5397
7363,68,8053,5432,4889
6922,6606,7726,7544,7293
7434,6093,8983
1288,3277
5713,5129
7424,98,5128,1874,8312,94
7696,5369,5508,1989
4521,7618,6933,454
2724,6549,4654
5224,8226
4425,6958,4368,8565,2559
6401,6018,8357,7271,6031
7682,8397,4593,4218,1914
5857,4453,4806
6968,4748
5892,2885,3728,7448,5755
5891,8363,5548,8478,2687
2436,2188,5137,1713,895
5090,5318,7409,2804,3669
2914,4643,3032,7578,6207
3713,2603,7563,430,4595
7649,4707,4103,4204,4050
3719,2995,5519
97,3788
3010,583,434,5626,2973
424,6027,6677,3898,4350
3776,2773,3413,3801,1215
6176,2525,8130,2891,4299,8765
6658,8038,7527,2710,150
8544,7809,6858,4688,6741
5829,2278,8392,2512,1727
2377,8526,117,6198,1687
2462,1686,1831
953,954
2629,2630,495,5423,4853
8075,3740,5103
7481,7796
6896,1719
8441,4815,7377,8856,8345
8736,6599,4841,140,5877
7334,3974,7023,2296,3419
5253,6953,7978,3820,8050
3520,3971,9000,8855,6296
8996,4329,144,8116,1662
5107,7732,3223
2976,4163
7251,6982
5760,8719
8033,5924,902,7758,6456
3639,7064,7866,7517,7295
160,6665,5706,3825,1117
7523,8141,5678,5111,3832
7232,5637,7784,4172,7822,4091
7717,7752,5449,4947,380
6381,3406,8592,3123,4373
3329,7011,8367,8341,7257
2342,1774,2454,2265,3162
7032,6570,6308
7688,2482
8448,8998,8842,4913,3378
864,8653,175,3474,2331
5765,8167,7535,2169,3004
6129,6771,7895,6907,7709
2016,8133,6196,6137,8444
640,8576,2467,7839,7423
643,3461,2105,1434,3836
2240,3523,4515,6194,7508
4483,5420,6605,3450,5853
2000,7395,4836,2027
2953,8836,8542,4287
184,515,2156,8247
8070,4999,5907,8724,2517,7770,7419
2276,7590,7081,5328,5841
8551,3048,5582,1972,4343
7452,6661,3751
5459,3934
4071,1682,8500,7993,190
5668,4060,8909,4597,3322,3196
7858,6635,5894
199,8690,8343
8188,6160,3283,6551,6876,1757
4935,1513,2219,218,5310
392,265,1677,978,5367
355,828,2205
1377,1545
510,2087,3182,1918,862
3237,2920,241,502,4318
1829,1958,5007,2582,3102
1959,1834,3608,2841,2459
834,2645,2104,1565,927
4890,1235,6726
3186,743
3207,4523,1679,2069,2751
3928,212,2812
3402,1380
2116,4210,2778,2842,475
8000,3452,1503
859,2823
738,4356,3142,2923,379
7750,1030,8112,8339,5269
6691,8714,2738,5271,7965
3105,1936,3185,214,4216
2962,8118,3193,254,3103
6624,1097,7991,7451,6396
1625,5139,2477
2754,5931
3977,1778,1495,1724,4767
2053,2602,6871,3127,251
4451,6898,5363,694,2654
4737,2644,217,3227,863
3721,3987,1435,2421,4379
2917,2067,1142,5878,477
262,1543,1767,2221,1747
2793,4942,1681,2065,951
4843,4974,4945,4955,3005
869,4394,6192,4026,1852
7840,4520,4461,8783,6931,565,2233
1314,709,3944,2505,8574
6181,2158,8596,1750,222
4320,4740,5164,6134,2077
6669,1586,1850,7069,1566
8417,7620,8134,8148,8438,8024,3065
7969,7659,1519,3894,3960,8409
2758,231,1929,3539,1524,7931
929,4169,2827,3022,3382,376,2585,2237,4575
1576,1548,3279,6483,853
5481,2666,235,1676,366
1155,2372,740,3222,2679
706,3108,871,7592,848
6436,2919,2218,2107,1564
1025,2371,2118,1674,2109
3565,3760,5008,1052,3933
2251,2225,593,370,3383
612,1418,6641,8598,3834,3931,1692
3115,1579,236,5424,3126,2327,3896
6625,6826,5649,4505,2206
2977,2274,8019,6773,6302
6531,4391,8169,6061,244
6626,4578,4973
1525,1917
6251,8305,4754,1237,4758
3269,4087,6040,3673,4124
5376,2210,2570,267,4572
2084,6890,2922,846,2750
2082,3791,2520,3577,3007
1568,3238,3187,4086,4188
4321,841,844,466,1373
4393,3662,4531,1140,3454
1320,1994,1326,8758,5690,7422
7240,4605
491,4229
273,4539,4049,271
5089,8943
8941,4606
490,4076
5586,4339
4827,1957,695
3020,5845
5088,1050,1262,3025,1466
4998,4777,6777,1274,2140
289,4322,2124,5239,2844
7330,6757,4367,81,2106
469,1015,857,7644,1919
3783,473,2490,955,3739
836,3397,845,2742,1278
2918,2825,2255,9015,7515
644,4077,3566,3090,1721
294,8810,6836,4213,5303,3166
1105,2674,1324,8599
1784,1691,2500,6310
7595,4550
3531,2828
4134,4776,3179,2862,4434
736,1825,5704,297,1022
5125,4262,872,4588,284,4542
3785,300,6384,4528,2041
3072,3284,5207,2553,5402
873,303,3856,5208,2042
7203,1798,4809,3369,2864,305,4691
2617,3516,2262
2834,443,7159
712,441,4684,2672,1689,7577
5603,4647,8242,6067,5141,6839,8799
6338,1968,308,4599,4059,7325
8701,2434,5764,4143,8379,4092,8061
7554,8873,6380,5677,6768,311
2848,3139,6060
2992,8748,6711
5425,314,4135
320,1830,935,3411,2675,8821,4694
5954,3570,7001,7002,4382
7777,7143,2478,2038,762
7906,2180,5541,2089,2043
2437,243,7382,8057,2972
6535,4590,4277,825,4187
7474,5198,5983
358,1863
1888,3748,3180,471,3705
5768,2978,6731,8212
360,3473,2083,2539
2693,1770,6578,6391,2714
6084,7052,8591,8381,6109
2503,363,1356,2062,472
4706,1571,1667,7599
5217,8663,1167
368,7996,1655,5087
8105,247,1588,5223
2088,7417
365,367
4225,1325,4534,8471
5308,2122,1323,956
4545,2019,8965,5767,6005
937,4814,5653,981,8121
2756,549,1671,938,2011
4040,4906,3183,4402,7539
1584,977,3861,3607,5081
5703,3023,5234,4891,2238
1932,3158,1108
6235,2235
3106,1296,1587,2236,3455
4449,2354,372
4514,1853
1504,1614,2385,1847,445
1152,3266,646,5802,5583,5273
8525,817,6389,697,3199
3184,1067,860
5780,3204
3021,814,4978,374,1436
8808,8557,6766,7472,6965,6774,8638
5120,3460,2292,2940,382
5221,5638,1838,8946,8415
4579,5030,8651,2997,6166,8220
7300,6461,838,799
7270,395,1885,397
8465,2667,893
5181,8902,398
8743,4552,5959,1791,7483,7614,8671
7253,4246,8918,4886,412
8197,7311,8497,6805,4477
5476,5578,1134,3727,6008
3846,5256,8747,2137,123
7824,426,7575
8457,6050
2873,4788,7486
6443,1701
3844,5742,8655,5212,7966
7512,7685,3280
2769,5236
7558,7691,5618,7956,8831
8002,6915,7299,3753,5617
5864,6545,7569,8764,6431
1281,8963,6405,5075,6359
5797,4812,3438,8945,4243
4744,4851,4661,3415,7519
721,6233,3418,6556,8479
5354,5579,1581,1115,5724
5034,4813,5403,5980,6335
8707,8559,5361,1722,6366
3360,2787,8970,3313,6263
7169,483,2384,4241,2999
489,509,4222
5148,4718,2639,2716,2589,5823
1120,8289,5852,7019,1072,6588
5730,4875,496,532,1144,3708
6450,5573,685
507,5950,3299
4996,4517,4006,1965,2108
737,2123,788,503,2780
6986,4019,2782
8953,1242,3738
512,3663,4208,1298,6421,2491
3552,3393,645,2318,504,4665
8354,8231,7026,1176,3647
2728,2731,5531,2965,8411
524,1814,2967,4475,5532
529,4670,7479
6602,5955,7534
909,7030,8319
4067,7269,1391,7923,4760,3487
5664,4613,8934,8656,5017,540
962,2502,169,7662,6128,1361
7496,8745,3338,2702,8786,3160
3812,3375,4273,8181,6617
3367,7881,2610,3609,543
7719,2120,2351,5329,1752
6818,6372,6854,7241,4139
6273,7757,7759,6621,4639
1473,3169,7093,4407,2680,2012,5149
6474,8950,6583
569,8139,4357
6954,6827,3026,2550,3287,1150
88,4772
2061,4317
4371,589
5971,4739
3782,4598,4121,842,2811,4236,829,591
1126,6278,1608,7017,6735,1937,595
7552,5447,7403,1101,2190,7455
7288,9004,8431
4212,630,2623
6024,3003,5991
5024,3449,5023
8396,5644,8511
7089,6139,8903
632,8107,5214
5639,8203,4783,635,3421
3684,8977,6387,2612,1173
6540,6797,4563,2071,7323
3874,6345,4306,4245,5468
3362,6670,6651,6940,5791
7489,4966,649,5974,8826
3681,5733,3561,4189,7581
4994,2284,526,3069,4383
6457,6511,653,1967
7540,6647
6265,7298
1110,5335
675,8790
4275,8975,8725,8911
8727,701,4253,7551
8962,5202,8158,5479
6407,8008,7050,3759,5683
6659,1028,3122,732,5790
704,3882,4283,1019,1820
4137,2989,3950,8881,4980,7031
7786,1147,3637,8303
715,6479
5195,7172
4524,1909,6374,6942
768,2023,6664,5905,4786,7572
6152,2409,4589,5332,1300,7354
6080,1501
5784,2660
7353,7555
5772,4622,3315,7412,6167,1305
484,7720,3792,1076,7289
5729,6567,7433,3120,3925
6113,1797,779,6091,6845
7561,4042,6187,7669,3254,7097
6114,5286,6662,6728,6985,8062
8487,8781,3303
786,5043,8579
1865,5011,4223
8265,8932,3462
1606,1660,790
2794,6452,3154
3651,8132,1223,2222,3632,8279
4003,804,1772,7189,5050
8776,1294,5364,8342,4600,3641
6946,810,812,3252,3100
8385,3430,9002,6929,1592,1595,3038
7233,6121,1068,7348,4506
832,3772,3629
6392,1840
5264,4170,3346,6750
4720,6610,1629
1065,850,852
6667,8913,8915,7924
6424,8370,868
2469,5478,3146,6636,1911,7195
7043,5445,912,3545,4922
5155,3337,2765,1231,6837
8096,3526,7127,8443,5500
6015,7636,3135
3594,6274
7459,6275,3888,2451,916
4867,7973,8011,1331,7703
3616,7747,7633,6262,7704,7932,3229
6409,6228,6709
7955,7116,3557
920,4558,7583
5592,4689,8702
932,5257,2378,6538,8700,4637
1832,1833,3178,5101,7871
3301,8106,7053,8366,5117
1665,4995,5607,1964,946
6689,7887,948,1542,5847,459,2735
258,4873,4044,7766,5529,2554,2555
6081,6252,3542,8570,3261
3625,4302,7667,2269,8703
2626,2499,4826,2588,958
135,7511,1646,3911
7549,7846
3498,7668
7296,7908,4145,8916,1526
7904,8388,3085,5325,5946
6371,7813,8554,3028,1685
3808,6980,8838,3439,6001
6663,1511,7305,7755,7925
5226,8175,7058,4959,959
5312,5186,8142,8504,5947
4641,4808,2475,3889,8086
5281,5193,5037,8817,4248
6217,3097,7130,4766
8068,3259,6860
8875,7566,559,7504,3634
8587,7346,3858,2387,3129
8619,7471,8854,8827,7420
1408,4354,8621,6864,4381
970,8330,3342,7635,7059
7648,7589,8393,3771,8510
3109,8394,7821,2615,2968
8386,2339,6917,8454,8085,1878,2334
6434,5643,974,8534,4733,2655
2875,6276,7606
8880,3810,3188
4650,2445,1084,1394,4466,7548
3718,1843,2837,983,5147
2113,4582,5965,8628,7612
5448,9013,6637,990
7192,7430,8590,7343
7897,4782,1893,2302
7207,7213,7309,6355,4340
3138,8780,5458,5650,4185
3744,1059,6440,7243,2508
7141,3630,4943,1011,3615
6920,5001,4431,6966,5401
6425,6955,8245
8649,5935
1493,4819,6317
6776,6240
6089,6347,4847,6515,6905
2689,4805,4532,3678,6687
3968,8458,1329,5778,5431
8257,8294,5450,4341,8060
5442,3908,8967,8083,3551
5986,2058,4205,5902,5049
6760,4488,3775,5151,7229,7391
6180,6117,2283,4397,5629
6789,5830,2186,1074,6619
5521,4927,4986,7006,6559
1089,8931,4234,7929,5498
8768,5293,750,8974,5437
2096,4396
8288,8230
4902,7258,5510
1984,8929,5994,3768,6459,1118
4610,5066,4106,7370,7889
3524,8423,4364,5262,7029
3233,3050,7611
8389,1143
2433,9006,7473,5622,4279
3585,4323,6500,3273,7737
7443,8573,8907
7390,4615
7096,6926,6135
5136,1146
8048,6098,5455
5642,4196
4771,8201,5398,2363,7837
6848,5546,5134,5047
5595,6287
7393,6607
3659,8972,1202,7700,8284
7976,3081,8852,6550,3479
1795,7021,7794,7320,3993
4556,4919,7673,8442,4795
1157,6631,3979,5807,8049
2314,8332,4429,6201,2397
4258,8547,1459,6487,3901
5601,5673,3437,3568,698
1191,4267,8043,8109,2386
6019,8774,7655,3400,7849,6356,8376
4480,2121,7693,1198,5998,2294
6200,5408,6948,6518
5915,6163,7044
3448,6043,1199
2845,8334
6916,6470,1302,2300,6237
1898,5970,6934,1944,5405
5220,3826,3475,7197,6292,6490,2941
4473,1205,3574
7875,6795,4175
4905,1154,5443,8150
5712,8521,1716
1216,2757,1887
8752,5380,1221,4199,4009,5470,4335
1696,1037
4956,5334
3257,7961,7651,4868
6520,7983
5849,5756
2161,8794,1225,2573
4896,7790
6790,7910
7462,8185,4282,7190
7681,6124,4338,2164,6326
5793,7493,1227,5292,6003
3521,6148,8328,5065,5884
1697,4770,3939,1738,8846,1170,7807
3989,7916,7509,4030
1250,7034,1285,7622
5648,2488,1786,5366
8582,5739,2796,1518
5490,8499,1254
2272,5444,8390,6892,2740,8318
4017,6038,8087,6105,8668,1277
3916,5554,3700,4024,7194,1755
4224,4097,5441,1284,7494,7725,5489,7890,4052
7152,7469,7079
8704,6282,2090
8868,4811,5933,7286,8470
2178,8938,7083,8468,8159
1286,4602,8403,1338,1339
3208,3818,1271,6808,7259
1793,6594,4741,2606,6111
6813,7179,2699,7217,5693
5700,3816,6930,1332,8440
4932,74,4403,1341,7518
8217,3947,6068,2125
8883,6085,3214,5215
8553,1498,7901,2463
5775,8659,5061,8535
6244,1348,7652,7304,6928,4112,8762
7360,7878,6859,7087,7832,4569,5435
7266,1357,3567,7123,6102,6620
1370,3550
1900,8300
5961,3039,8851,4823
5323,5886,8271,8823,6270
4824,1381,1374,1991
6614,1311
1376,624
8384,2889
6972,2223,7216,5553,7260
3952,8914,5731,8773
899,5996,3694,7500
6591,4591,6857,6655
4499,5060,1405,6183
2208,5972,6742,7686
6367,5355,8908,8716,5580,5245,6815
5825,5477,4903,4616,1210,8028
7458,6724,1414,6222,8726,4701
0,4485,6501,7734,1438
6120,7100,350
2402,5635,6970
7272,8249,1450
3504,7337,8422
6437,998,8556,5810,8309
8705,8194,1476,5412
8224,4963,1484,3153,6749,5055
5230,1873,5880,6203,7071
4497,8077,2879
3057,1487,7975
2216,8834,1940
6952,4880,4663
1529,8843
3698,1531,7140,6835
7772,4797
6464,5628
1122,325,8933,8715,1535
7689,7634,7573,1078,8793
5381,7142,2855,2347,5759
6951,7211,6732,6800,8692
7264,8451,5859,5386,7133
1538,7855,2546,6867,6585
7944,7080,1136,8369,7095,7292
1088,802,5968,1561,8287
5920,6051,6165,3865,6522,8893
5696,7138,8617,3503,2833
8066,7848,5552,1562,5052
8232,3317,8717
4384,7107,1567
4738,6725,2227,3860,2646
7841,678,6322,8633,7935
1569,7113,2860,3212,5183
2184,3436,6894,4500,4895
3041,8627,3581,1575
3013,7948,3148,8788,3286,7643
4678,5613,6998,7358,4062,447
7209,2747,7350
5906,6828,1604
7072,1946,5624
6433,3339,8483
2824,4039
7168,1612
1945,8179,6772,8453
4553,7596,6642,1653,8634
5670,1643,8301,8886,604
4803,1640,3401,4852,3356
3281,1474,5522
5811,7231
5282,5428,4165,1807
7872,5921,2373
5761,2946,1657
5897,7124,3385,5658,4251
8712,4221,5263
5339,7764,7789
1664,4592,5453
8064,1229,7740,7933,6398,6623
2048,3586,1384,492,7771
6303,2723,6769,6462,8607
2916,1668,6692,8530,5142
1699,5284,165,195,8882,6681,3675
8003,4227,1998,3761,4657,7922,3797
8537,572,8741,2759
1921,227,1933,1717
4866,5026,7397,3242,5837,7344,8798
8677,6695,8973,7215,1718
8520,4264,4395,3054,8154
7111,8637,2911,5967
8144,670,7247
6534,4525,1776,7312,4831,7221,7167
7369,8426,940,6893,8820,1789
3042,2375,3538,6232,8191
7076,6698,6221,6352,8658,2619
5956,1801,8466,6260,4570
5057,1805,8270,5754,2557
1058,1163,4333,1849,3484
3201,5417,7082,2608,6941
8650,8022,8695,5785,6206
1601,2692,8264,3190,3992
5368,7355,4860,1854
2691,3331,3909,8844,8593,6100,181
3842,5507,1860,7439,1212,3423
8866,8771,6245,3215,7773,4414,8127
6903,7470,7952,5074,3734,4503
7812,5031
1868,3037
6584,6496
5671,7946,6798,4399,5720,5913
4257,3225,3528,1869,8697
8258,4708,4293,5415,6862,4474
6144,1889,2822,1960,7315
417,6561,7171,3470,7831,6047,8223
6913,1891,5156,8166,6544,5466
5537,6820,2313,5901,5486,2733,3093
1941,5070,4791
6472,6330,4020
4177,8730,1950
6752,7037,4094
7913,6014,7319
7120,2705,8604
6759,6574,2929,2046,7415,8606
4930,8236,4365,8276,7743
7776,513,7010,2051,6379,6446,7477
5121,2535,2877,7853,4560,795,4669
8548,7237,2052,4428,5270,7802,3710
6936,7537,6363,5276
6140,2078,7375
8672,5536,6281,3340,7181,8561
4099,8645,1744,5365,2878
7046,2894,7028,8888,894
4418,3554,3540,4857,2110
3682,8678,7274,4983,763
4802,3112,8652,2135,6362
5344,3264,4581,8552,4732
6344,4915,5707,4844
5393,8202,6682,2167
3519,748,4861,1447
7891,7428,3803
7492,4173,8884,8183,3035
8770,8323,5527
6706,5702
8352,2177,3619,5609,2320
4352,2194,8094,3285,8778,8026,8302
2212,7495,4585,5068,5040,1053
7362,6990,5232,7388,7255,7480,4828
8779,6733,2350,2229,4631,2429
2528,2241,2688,6021,8432,7664
6168,3507,1172,6653
5322,7186,6589,2014
5100,7367
6034,7987
4448,6912,5716,7373
2252,5588,2806
3176,2254
8152,5698,5581,4703
2273,7291,404
6852,6603,7671,4249,8989
8720,5973,3226,7836,3294
8321,4324,3143,6039,5753
5336,3910,8383
2298,8204
7941,3165,6587,4125,63
1688,7739,7835
3650,1038
5016,1769,8472,2326
7530,2324,6454,1935
6780,7715,4113,8088,7513,8636
2338,8260,5516,6103,3290
6049,7102,2647
5856,5854
6627,7276,1358,6075,4989,6782
2471,2344,3881,8360,6963,4023
6467,6793,8492,8877,9014,4921,2362
2460,3853,2895
2762,3582,8602
3978,5646
6877,8605
2366,4183
6242,7340,657,4081,7954
8009,5305,4332
4969,8708
4968,4972,2381,7856,7125
8706,2407,8777,8564,5204,6486,5022
4192,4344,6020,8711,4632,156
4967,2600,2422,6393,4219,8286
8800,2950,4617,7114,3984,725
8146,5539,4756,7927
6516,2431,5694,6447
8584,4949,8380,7949
6648,4444
3793,4410
6592,6073,5174
4160,2444,2583
2744,2449,8806
6850,637
7425,2580
5984,8371,3597
2465,7154,6029
4627,753,6131
8355,3621
5862,2472,7528,7307,4601
5093,6802,2901
6616,8079
6491,3427
6834,8847
4656,8905,7783
7488,3884,5708,7150,4304
7033,7882,3876
3371,6390
3441,8042,2493
4331,3140
8419,7660,7663,3665,3702
2882,4036,6699,5392,5745,6803,6238
128,4837,4904,7629,5166,6685,2495
7646,7815,1042,499,2518,6334,8959
99,3305,7918,3827,8310,3510,7677
7971,2631,8015,3247,2323,8092
2523,5454,4415
6508,8460
2399,8240,8282,3838,5535
8642,2056,8045,3217,2813
2340,6872,2203,2524,8862
2147,6311,6702,7736,3964
2307,2761,761,3099,6811
3553,3982,6224,7989,3131
7876,6309,2248,4652,2418
7136,7499,5102,8887
408,6817,4635,4625
2530,6119,1188,8263
7057,2514,1796,6791
3352,7762,2547,556
2404,7782,3722,6385,4115
2568,5249,980,8569
1635,7556,1160,5132,5495,344
7754,2635,4724,8987,5372
6923,8316,7396,8615
6721,2642,8413
7139,6796,4326
7175,2669,7502,2670,5587
3635,4307,2971,7675
3001,5817,7903
4992,3384,8123
5352,6730,2706,8372,4255
7301,6471,6634,6291,3998
6756,4551,9005,8815,7665
8292,2949,8401,5621,2715
2722,5518,6577,1234,1973
7979,9011,4878
1233,6526
6720,4674,8364,3600,6046,3263
5255,4839,4716,4780,2767
1219,3302,6184,553,237,4623
4516,3724,8848,7122,2809
4193,2818,4445,8861
4938,2830,8784,6161,1589,3095,8792,4377,5242
4295,2153,5964,5330,4089,4478,8735
3172,5098,4495,7984,4501
4104,5610,2831,4401,7418
8993,3970,8804,6007,1429,535
4084,4141,4191
7632,2867,8143
3395,6533,7718,8234,1003,1616,5426,7609
5640,874,2980
2474,1934
6612,5812,7198,2044,830
8195,6022,2921,8477,6399
5313,3077,7653,3091,5244
7014,5191,2964,2996,7447
7936,8896,8674,7531,7600,4022,7321
7205,3883,7218,1463,6745
7939,3011,8581,3850,7249
7246,5827,4742
3064,6885,8767
8104,8595,5840
6313,8750,465,7666,5493,3068,5406
8513,5188,4427,8532,6267,8222
3456,881,3075
8759,7694,7638,5879,6716
3111,6153,8947,8476,7454
8807,2664,2856,8400,5941
5543,2959,8853,5883,3164
2299,3398,5407
7816,7427
4537,8681
4386,7710
5989,3174
5504,8052
6116,7468,8879,8278,3736
6880,5474,8016,3192,6269
4290,7672,1481,3245,2196,5112
4070,7016,5804,7117,7893,7774
8178,8446,4991
4041,8997,4369
5062,5545,5321,4685,7091,5909
5464,8906,3132,8756
3272,6882,8979
1346,6572,519
8067,3878,7591,3370,8527,4693,5238,2711,1403
8407,3374,8694
8640,2145,6821,3377,6904
9008,4698,4182
8585,8755,4700
1705,5570,5130
7738,8115,6978
8103,2983,5773,7854,7183,6065,8382
8515,3913,8041,7915,3468,400,7134
2080,8614,6503,1928,3145,7850,2390
6976,4624,2008,6044,5855
1923,1806,6994,6324,2909
6122,4014,7414,7642,3611
6831,6002,1554,5750,5887
7009,2485,7062,7193,3483
5665,1925,5606,6248,1818
5410,3843,7090,5267,6747
3953,4834,3763
7441,3518,8927
7529,6539,3495
2816,4673,2727,2286,1467,6141
6562,1733,5297,2803,6458
6919,3530,6032,4763,5375
7526,5387,3795,8117,5718,7767
8129,8099,7510,7958,7992,6169
3489,8489,3535,7379,6680,5053
6048,5925,3564,2094,4117,4510
5072,4849,5786
6853,5725
4710,5395,3603,6967,4926
4034,5605,8007,1007,8543
3936,4011,2829,4118,7065,5018
4609,8456,6126,3667,3604
5185,3045,8563,7187,3379
1264,4144,8728,5850,1631
3617,8971,2604,8373,5917
7482,4982,3831
5563,5710
3623,6441,8076,5805,4082
3955,2732
3686,5471
2595,8966,5353,4271,6704,3696,2199
8839,6600,4936,5131,6683,4316
8739,3715,452,7303,4682,7092
2258,8503
3755,8356
4512,7722,5099,3756,3308,8374,791
8733,8095
3626,7623
7674,3117
6979,2789,8685,6004,3864
7490,7371,7404,8207,3765
8227,3814,4456,7756,2893,6481,4472,3706
1130,5788,8519,8399
3144,7713,3857,8335
6536,8238,5616,6997,2359,1882,8603
6844,8124,3886,4508,8926,3935
3548,8958,7223
1307,7804,6643
8322,7054,2303
6633,5241
2694,4392,3892,8601,8763
8986,8885,8111
3472,8746,6349
7761,8737,8155,7407
4952,3897,8452,8897
6149,7781,3920,7826,1970,7410,7061
5505,3976,5740,3319,5209,8156
5377,547,6575,4722,6909
6566,5766,7020,2541,8661,888
5346,6672,3991,5434,8894,7967
7073,7753,7475,8120,6174,7263
7384,4984,5559
6208,7147,8213
8992,8994,8516,4676,7366,7817,876,8340,3997
3592,6157,8180,5115,1596
5792,8679,7951,5715,7550
4000,5898,7063,1080,6012
8325,6286,7314,8306,7707
4416,622,1550,3536,2575,9010,4127
4016,5506,2661,5391
1905,8347,7580,7485
6188,7383
8698,3509
4459,6354,6293,8215,8760,2425,4027
7273,4298,6316,2256,7282,8723,7864
8034,6280,5960,4054,1368
4961,5890,6604,5627,7868
7328,5794,4645,3973,5097,8365,7437
2563,3270,7947,3216,3958
4074,4979,4664,923,7039
8486,8262,8046,8469,5686
8769,5460,7157,7413,4439,4893,4079
6432,4818,8512
3589,4085,2943
993,8626,4101,4877
8523,6764,1266,4148,5722
7842,7819,4108,2578,7806
4388,8969,5002,4111,2905,4348
7108,5005,6639,7283,3927
4360,4114,5619
5881,6283,7801
5699,7942,1422,7408,2866,5497,4122,5660
4800,8904,4729,7894,8791,7545,4157
6786,4869,8039,8047,7380,5688,4925
7201,3716,2279,7145,5654
4259,7749,5350,5672,2537
1536,6855,3466,7608,7865
3493,7318,855,729,858
8898,5831,3219,4285,6079
7268,8948,7128,5436,6558
4230,4492,7885,3917,8056
4965,7950,7827,7862,280
2438,6376,6761,2412,3088,2002,8502
1857,5487
1490,3306
3314,5484
7570,1399
5114,4303,8775,7695
8753,8314,4311
6640,4312,7731,8439
2883,7597,6045,3239
3840,8001,8290,8901,8940,3871
4359,4658,8054,7833,7322,6172
4195,7845,4424,8982,7162
8192,6497,7042,2924,6191,4464,7067
4482,8872,5932,7376,3798
4705,6406,6542,7733,8311
8128,6411,7602,7892,2870,2558
2696,7331,7084,3821
8802,3923
4498,6403
5893,4198,7626,6477,6418,4790
6830,6236,4596,5815,4604,7357
7465,4607,6992,6258,2932,8923,8351
5744,4898,8549
7616,8832,4630
3872,4636,6375
4153,5705,5799
6216,8164,7126
8268,8277,5990
1762,6211,4648,1521,1623,8761
4713,1610,5265,5873,5848
4704,6785,8243,6118
5122,6243,4709,5287
5561,7852
5260,4990
1184,3234,8618,5770,8012,7568,3248
6554,7869,8327
1040,6874,7013
7265,5612,4717
6017,6053,2510
7075,5575,5928,7047,4747,6070
6563,4292,2543,5680,4752,6170,6911
7104,942
8137,6190
4548,4846,8631
2532,5509,807,8910,6295,8252,3325
6074,4939,332
4946,8709,6319
8809,4529
4970,668,6213
5571,5438
8801,1706,4976,5299,3828,4504,8153,7994,8255
8251,2149,7779
6323,8899,5719
8368,8660,5020
3904,8976,1061
6736,7641
7593,7239
8710,8871,5356,438,5051,8829,8830
8643,8324,2571,8017,4436,1365,3480
1411,5064,6895,689,2226,8126
5091,8182,8623
8462,8495
1251,6057,6254,6579,4565
6851,5135,7507,4957,6142
2786,8267,3692,6668,7285,5080
5216,8580,782,2162,4413
8928,8833,8501,8151,8474
7745,7724,6416,7351,7326
8071,5869,8850,6325,8667
5288,5229,7598,5275,2111
7607,8588,8210,7988,3511,6873,5342
3649,6597,3018,8874,4463,8917,6713
8035,5385,5993,8751,8889,6011
1093,1734,7336,5584,274,1619,5562,4764,5439
3296,8865,6369,4872,6767,8283,5502
2704,1194,7986,479
5577,7164,8437,8190
7553,5452,8037
3288,5593,4346
4696,5597
3628,8254
8030,7406
5647,4310,2367
6179,7565,8550
1986,5063,7400,5736,7151,8405,6328
2242,8429,5457,4376,6973
5667,5748,6231,7834,8796
2587,7628
7706,5781
6249,7281,3403,4653
7386,5819,1334
7728,8081,8539
8683,2956,2034,6710,6423
8098,8291,6279,7372,6744,7487
5834,6445,5246
8824,5473,6151
5032,2290,5530
5839,8036,8772
5922,5867,5957,8622
6026,5685,5868,8981
818,8244,8508
8163,8749,5911
8296,7210,1649,2102,1816
745,6524,8805
1642,5995
6465,4129,8930,6674,8629,7805
8165,6729,6062,6676,7899
6983,6984,7536,8920,5820
7905,8485,7431,3704,6077
987,6107,5938,8435,6715
6250,1387,7883,5258
8922,3171,6629
1730,6723,8198,6284,3695,8348,4958
5082,3298,5633,3218,6259,4855,5594
2820,14,7055,6130,6290,8084,3059
6840,6466,108,2352
6568,5171,8205,6064
8496,8449,7604,6638,8214,5382,2775,8494
576,1540,8787,8857,5119
8362,6154,6765,8505,8541
3202,1256,3533,3282,3388
2850,7226,2671,7191,7962
6961,6947,5159
2614,4167
8648,7982,2799
2355,3348
7280,3253,6841,7098,1759
2659,7236,3209,6675,3355
7177,8713,8555,5549,7930,4954
8609,8937,7277,6351,8722
8434,1514,5078
1506,7294
7497,3689
8754,8924
7525,2897,8307,8051,5429,7541,6298
3491,4421,8841,5809,7542,2074,6654
7040,773,7699,2708,3541
7088,5865,4909,6088
8138,7467,7579,7619
2748,1427,8172,5295
6498,8803,7748,7727,4146,8338,7378
7793,317
4864,8078
