4485,7047,6793,6282,7434,7948,5258,1807,8465,7954,3093,3738,6683,4637,2334,5282,1830,2983,8109,1326,8623,3248,6450,7734,6070,8760,4921,7480,7612,3132,5181,6780,1986,7747,2242,5063,3657,2378,6986,8012,8788,1878,4310,2906,4575,5344,5731,6375,2796,2543,7026,3193,8572
5381,5770,5518,3091,8981,8982,1176,3740,5660,7326,3616,3491,8357,8741,1320,7465,7849,7724,7854,7727,4783,5809,5429,9014,7351,5688,6467,8773,6341,3013,6344,6732,6351,4563,5588,8405,3286,8668,5470,2149,6761,8941,8047,7151,8943,5103,2806,8953,8700,254,5759
2313,7818,6411,8462,4878,3088,6416,8850,8979,6421,8342,1184,8609,5026,7715,8739,4648,7979,4146,6579,7481,8251,5436,5950,7358,8898,2883,6600,7500,6093,1358,2895,2002,7380,6228,8537,8539,3419,1251,5859,7526,5736,7400,7915,2412,5613,4335,7023,4081,3698,6526
7942,2438,4747,7568,5650,8087,7704,8983,920,1307,6045,7075,807,7213,6190,942,8750,7344,6061,9011,8502,8631,8376,6079,5313,6211,8260,4932,5831,8137,5323,4558,4177,7767,7128,7643,8798,4062,7518,4195,7268,7779,5091,8937,7529,8043,5996,5739,5998,7932,4094
0,8451,3077,5768,5257,5386,1288,4492,2964,4122,7201,8865,3234,5288,6440,8618,8360,4264,7469,6709,4153,4925,7869,3647,7748,6599,5705,3916,3277,2510,5837,8780,5713,4689,7378,4565,7134,4703,7264,6882,7653,4581,8039,3306,2539,6507,5484,6254,7793,8948,4732
3974,519,5773,4989,8078,6418,8338,6293,7447,2722,4259,7845,6053,8103,5928,7209,6963,8382,447,7871,3138,6851,8775,8520,1097,2121,4427,74,6216,6990,8271,5580,6354,3795,5592,3325,6874,8667,2532,7013,5350,7014,3176,8677,8041,5487,3953,5490,8180,8823,5245
3586,2694,8327,5128,6409,7693,2705,5906,8212,5142,280,4506,3229,8607,5023,6695,2856,6057,3242,5672,3881,1592,8761,5050,7865,6075,6462,1346,7749,8523,1229,2125,4303,3917,7633,1623,6625,3557,1254,1384,6121,360,2537,5612,5101,3838,3054,7415,6392,6267,6398
7424,1536,4866,6531,5893,3466,7695,4113,7955,7958,6682,8099,6820,4003,2471,2728,6572,7597,6828,4915,8499,3264,2754,8259,8515,5444,5188,5575,4424,4169,7116,2254,7507,6998,7255,4312,729,1625,4957,2916,8552,8169,3178,6376,4844,7408,6262,8439,7162,2941,8702
2689,7682,4230,8202,8973,1422,7183,7696,5139,6933,7189,2167,6554,932,3239,1832,2477,7598,7855,4017,434,6325,1718,4023,3382,2747,2111,832,7618,1604,1989,454,1991,5707,7885,465,1874,855,4824,858,6491,6626,4578,5869,5229,5232,1399,8312,8318,893,6142
5509,7309,7565,5647,5393,8722,6549,6295,1950,929,6179,2083,3493,7334,804,2344,4521,1198,5886,2996,7862,7350,7608,1595,1857,4548,8390,6855,5577,7164,3022,7120,1490,6356,6752,4965,8550,2279,5224,6892,7277,4846,7276,4593,1525,8190,5369,5114,5244,1917,6782
6401,6018,2827,3468,6031,4368,7570,7318,5275,4767,2978,8226,2724,5799,1833,6958,6968,1724,2237,4806,4678,3400,4425,2559,7126,1495,8154,2272,5857,5090,6627,8164,4453,4218,7271,7265,2666,1772,4973,1518,7409,6258,1778,3314,8565,8182,2294,376,244,1914,4607
512,6786,899,4996,4229,7686,271,5135,273,1040,4499,788,8088,1405,4006,6183,1965,8758,4539,2108,3319,6591,8513,5060,5573,7240,1994,2123,3663,4049,5586,8914,5972,8277,6742,2647,2780,8156,5089,737,3299,5990,490,491,4591,4339,503,507,4605,4606,6655
5891,3716,5892,7563,2956,4748,1294,3728,6423,7448,2585,7451,3100,8478,3103,6946,935,810,812,4654,7728,6065,5554,3252,5428,8118,7991,3127,2491,320,4165,2885,8776,3411,8056,8532,4694,8787,6105,2523,98,8683,4076,1521,2034,2675,5364,8821,4600,2425,6396
5761,2946,2436,645,2053,5129,1676,1548,2318,2188,5137,1298,2962,7194,7578,7583,2208,5921,4643,1576,2602,2603,8363,2740,694,4024,4665,7872,3393,7362,2373,5318,1223,6871,3032,1242,1755,2782,94,3552,6624,2914,2919,366,4208,3700,504,1657,251,1277,895
6017,4737,3713,3721,5516,7950,2067,3987,7827,5654,1435,4379,3227,8351,6049,5931,5548,4395,430,8495,3760,1713,2107,2109,7102,6207,5191,2251,8397,848,6992,2644,853,217,477,5854,863,4451,2917,871,5481,235,370,4595,2932,2421,1142,6898,5363,5755,2687
1025,1155,4869,262,3719,4103,1543,1674,5519,5008,1681,2065,3222,1564,2973,1438,1052,3108,6436,7592,2218,2221,2225,2995,951,3383,3005,706,2371,2372,2118,3788,4942,3279,4945,593,1747,4050,97,7649,4707,740,6501,1767,2793,4843,4204,3565,4974,5878,2679
1538,3977,6027,3853,6800,6677,6680,8602,2460,4636,6558,2591,2338,2855,6951,424,4394,7211,2347,8877,6192,6328,6585,2362,4026,3898,1852,1215,3776,3010,583,2762,8268,1234,6867,3413,2773,6103,7513,3801,4955,3290,7133,2654,3933,5856,869,2546,5626,4350,3582
7168,6528,6790,3339,8461,1941,1946,8603,2461,8733,8095,5280,5537,7072,6433,3487,8483,7462,7206,5922,3626,3117,8238,8622,1973,2359,7740,6973,6979,4039,7623,3913,1612,5452,6997,2007,4440,3288,1882,7259,8411,8185,7422,5347,4067,2789,7910,7655,7269,7397,7933,7017,8037,2031,5616,6130,8179,7923,3059,8051,5624,3321,7674,8061,7806
2820,8453,7432,8,2824,2316,2957,8207,6673,1811,6548,2965,1814,2967,5779,2457,1945,5531,5532,5533,3864,7190,1952,8354,1955,8231,2731,1452,5419,3886,1455,5168,5301,4150,1461,3765,6842,4284,8124,6844,8252,5566,7490,3016,8402,5843,8404,3671,6615,5719,3935,6887,7404,8813,8685,7790,6896,8818,4475,6004,6772,8822,4215,2683
7552,1797,6278,7431,7815,7433,3208,5901,14,1937,3352,6808,1053,7455,4896,4770,2212,8356,7720,169,6568,1706,556,2733,2606,5040,6064,5171,1076,4791,7994,5820,6077,3649,6594,962,7495,1608,1101,6735,3792,1361,2258,5593,8030,6111,484,3818,5867,7403,8045,7662,1391,4463,6128,4338,3828,1271,7289,4346
7681,7553,1793,6148,4613,4741,8328,7179,2699,779,2190,8205,6290,6930,8084,4760,5017,540,6813,5664,5793,8485,6567,5292,3120,7217,1332,6326,4282,6845,5693,3521,5700,7493,2502,5447,6983,5065,5957,6091,1227,5068,8656,595,3925,5597,6113,5729,8934,1126,3816,4585,6124,7406,6003,2164,2547,8440,5884
5633,7556,8709,5646,4627,8855,7067,4766,6815,7454,7457,417,8735,6047,4517,3621,678,6561,6437,6319,818,5938,8754,7093,4407,2744,5817,4279,3511,4797,7229,8896,5698,8778,2893,5839,3706,4439,8152,7769,993,8674,1635,7781,6760,4969,7145,8048,7410,5619,4980,4472,6522,7935
4352,5122,8708,8068,135,1160,657,4114,8081,6292,2449,8214,6936,3097,6426,6428,2078,8868,7340,559,7856,8759,1463,5305,4027,5819,6205,4421,8009,1610,2381,4046,3920,7125,8791,344,6873,5978,6363,6490,7130,6242,998,4968,7528,4713,8938,4972,4332,3826,8947,5115,2303
6785,8194,5380,2309,6283,4877,5775,4112,3472,7826,8849,8468,404,8217,8348,2463,6944,8227,4009,8236,9006,7600,7473,4145,8883,6835,7604,6833,1080,6715,1341,6340,6474,8139,8779,6225,8659,2135,7772,7901,4958,6118,6759,8553,4329,4459,8556,7536,6899,8950,7545,1531,6012
8956,4101,4357,3593,3850,7566,4369,1683,7321,8987,8094,7205,5158,7079,1191,5550,4529,8626,8243,1970,7220,6712,7737,1598,8895,7743,3780,5061,6346,2635,4685,5455,7504,6739,4437,5334,4181,8280,8026,2273,4327,5480,8809,7016,7531,2288,6901,2550,6133,4729,5628,2173,1150
8705,8449,3715,8579,8581,7297,7303,4868,5898,6544,7314,6162,786,6035,7446,7063,7961,5404,8223,6305,6178,8487,5032,4903,8494,7983,8752,3890,7218,2229,5557,6464,452,1348,8647,4682,8652,5715,2132,8149,5466,7138,8036,8166,8424,5866,2924,7407,6640,2929,8306,3573,1662
8325,1414,7304,4618,7694,6286,5009,8726,22,4991,6809,8476,3358,7458,5156,8997,3111,6823,1961,4138,6954,2090,5163,5936,7476,6583,7867,6716,8891,5825,3778,6724,1476,5321,7754,6222,6098,7765,6362,8794,8028,4701,4058,4199,5482,5355,6638,8302,3574,2934,3192,8825,8575
5632,3477,1558,7707,6560,5152,7074,3365,7464,7338,7349,1469,4802,8004,7756,2127,2128,6226,3287,6365,4704,6244,7274,8688,7024,4724,8447
5505,133,3976,5513,4233,6028,8470,7960,4000,5792,2472,7083,1836,1977,2364,3026,3285,3824,7411,3443,8309,7286,6646,4602,8189,5630
8704,7296,7813,8838,6663,1286,7305,3464,6662,4871,3085,8464,2194,1685,918,7831,6299,5918,3615,1439,5412,5542,2475,6827,4911,5946,5186,6980,8388,965,3656,7755,5325,5581,3028,8916,5975,5849,5209,6878,3808,7904,6371,1511,5735,7657,8554,3303,6001,6514,7925,1526,2045
3585,8322,2433,6146,8201,5642,6926,5136,2039,5398,535,4892,5149,7837,6048,5281,7712,4771,1443,1709,5043,7096,1338,2363,959,5312,7799,3273,8907,8143,7632,8403,8789,7390,4191,4323,4196,6500,3688,6633,5226,3564,8174,2927,3312,4084,5622,6007,5241,1146,5372,8573,5495
2561,5899,6928,7058,5013,8086,5655,7450,4641,7587,4133,4522,3883,5037,8239,4022,5943,8504,5947,3644,7101,1980,4667,1339,4543,7364,4680,1353,585,6220,5709,206,8142,8912,4817,6738,3578,3666,6097,6870,4959,7908,2024,8297,4457,3439,8175,8817,4726,8568,7161,6394,3711
7937,2178,6913,5123,7690,7051,3731,7829,4248,3224,3357,7838,7333,7078,5289,685,6701,3501,3889,7859,2868,2745,58,6717,4420,6468,4808,5193,7291,1740,1741,1742,5324,5071,4561,6609,2771,4946,4438,3292,7902,2783,3425,8161,7398,3942,3051,7532,7917,1516,7928,1787,5116
2949,646,2829,2062,5521,6674,4118,5270,791,4121,2714,2715,1820,6681,30,5407,292,2340,1317,1065,1579,3761,8882,5683,697,829,5310,6720,7237,3782,4935,4170,1998,5583,5074,6610,88,6876,8930,612,5989,8292,5607,1513,1769,236,4720,2418,6389,5621,7802
4995,1028,392,1545,265,1677,2061,1935,1688,2587,2205,1694,1823,1827,2087,2219,1964,3759,2735,305,946,5424,1716,441,828,2757,2248,842,1356,589,978,3283,3798,1240,218,3420,862,4318,1503,1377,1887,355,1246,363,2669,367,374,5367,4598,2811,1918
4356,2823,3207,5007,1679,2069,2582,3608,2841,2842,2459,4890,1565,3102,927,1829,1958,1959,3237,1834,4523,2104,2751,8000,834,2812,2116,3142,6726,3402,1235,852,212,2645,3928,2778,859,475,738,1380,743,2920,2923,3182,241,4210,3186,502,379,3452,510
1152,4224,4227,6788,8580,773,6664,8456,6668,782,3346,4500,7572,2708,8727,1816,8989,4253,5408,4386,6948,165,5675,8364,7341,2299,7088,4657,8753,7478,6200,5571,195,3146,6603,4428,5973,4311,599,2524,350,5471,7521,4193,8805,5865,4970,5995,3308,3436,6894,6636,123,7285,6518,8314,7803,6524,4986,7551
4097,7043,3846,4234,8974,8720,6163,3226,6043,5915,2845,7195,4895,6559,4909,3374,5295,5293,8627,4406,6970,2748,4413,4414,4927,8768,8639,5438,8771,2624,6213,7494,3143,5202,3541,8151,5080,2137,7773,3294,8158,8928,3041,2786,2402,3433,3692,7919,1649,2162,3955,8694,3448,761,2300,3581,3710
768,8321,8962,7427,7044,2052,6916,6407,5635,1427,6934,6167,3734,1305,1302,8474,7836,1944,1699,5031,8747,7470,1199,8501,7733,4537,7354,5437,7870,701,5441,4037,6470,3654,6088,8138,5970,5332,3545,3675,6237,6496,4705,5216,8931,8548,6245,3686,5479,6120,8681,4324,1898,750,5617,8311,5498
6657,7170,6915,7555,7299,7558,7685,3844,8457,3335,4363,4622,7824,4116,7956,7575,5405,7966,6050,6307,5284,1701,1575,3753,1450,7337,6443,426,3504,51,4788,2873,7353,8249,7486,8002,3141,2766,8655,2129,2769,7890,3797,7512,5212,7132,8422,3174,7272,5742,5618,7922,5236,4469,7412,2298,8831
2818,1284,7941,6152,7691,8204,7952,5905,3600,1300,4125,7710,4905,7210,7722,7467,4653,7725,2102,4922,7739,63,1089,3650,4674,8003,5445,3398,3910,8267,1868,8525,3165,2660,5478,8296,2409,1642,619,4716,5489,8052,1911,5753,5504,8833,4482,7040,7812,5255,5256,7816,2184,5772,8334,3215,912,6039,5784,4249,7579,7835,8861,6046,4512,8866,5802,4780,4786,8374,6584,6587,8383,6080,3263,7619,6852,7671,2767,3280,4052,5336,3037,1501,4839,2023,745,5099,8172,4589,3315,6903,7929,3834
4992,6153,5643,5644,7307,8075,7441,8085,7319,2199,3225,8606,5024,7841,4257,5671,8617,2858,5166,4020,1589,7479,3001,8123,2875,3259,3518,4670,3520,7487,4036,2247,6984,4042,974,8015,5457,8661,5078,7127,5082,7391,6497,3298,3427,3682,1506,8806,5353,1514,1646,3188,7541,7542,4983,888,7801,763,5500,4223
7936,4610,8067,6275,6274,3462,3971,7946,3594,5262,3214,2833,6289,4498,5667,6051,8101,6566,7591,3495,6574,6322,8117,7606,3641,3135,8511,8769,7363,3524,8772,3526,3785,8011,1231,7889,6911,7636,5720,5594,5215,3810,8802,5477,4198,8423,2541,5486,6259,5748,7029,7544,8697,7294,6015
3072,8071,7054,3856,6931,5402,1786,5020,7069,1693,1566,1824,6170,7834,7459,4900,7973,3878,3370,5164,7215,5680,3888,1586,1331,6452,1850,7611,4285,8129,8389,1606,5070,3284,1143,1750,5207,5208,5718,4054,8032,1250,8932,873,3050,4717,2158,4078,5745,7157,6134,5366,7413,2042,1403
8066,6403,5766,2696,3212,5776,529,2706,6291,5911,4889,3998,7967,4255,1569,7331,7848,3112,8107,7084,2860,4399,5552,7089,7475,2870,5815,8120,8633,5432,3003,3384,8128,5955,68,8903,7113,6602,6730,8396,1869,6606,3923,2775,6236,5214,7903,5346,8163,5352,7020,3821,8053,632,7293
5890,3460,5253,5382,6276,6280,4106,5260,6672,5524,8213,5141,3991,5397,1562,7325,6174,7073,7852,7853,6830,3503,7726,6067,7477,4790,5559,5434,5052,2877,7357,5823,6208,5183,6338,6471,5960,7753,7370,3528,6477,3154,5460,3669,6756,7273,6634,7147,5358,4596,4984,7930,5627,4604,4990
7301,3592,6922,909,790,8856,5920,3233,7846,6953,7978,3498,9005,1968,7602,8372,308,1719,1596,5696,2558,6215,3272,4551,4938,5195,4815,8784,7894,7384,4059,8155,7263,5603,5220,7525,4841,2794,3820,7534,8815,4079,7665,8050,8307,7796,5877,7668,7030,8441,5242,6139,7549,7550,8319
3202,258,4873,6923,6545,274,1172,8599,7191,8220,6431,6817,2850,7330,7076,1957,4134,8615,4776,6698,4396,2352,6961,3507,6836,2997,5303,6967,8887,2619,8764,3261,5694,4160,6721,5057,6592,5704,4044,5710,6352,5075,7766,4823,8024,2140,3166,8672,4579,4710,8810,7659,6252,8300,3179,8432,6260,6516,8438,3831,6777
2688,1281,8963,6021,6405,4744,1801,6796,397,3984,8851,3348,1691,6556,5797,4902,294,3625,4777,2355,3253,4661,2614,6841,5562,1084,6461,6081,7620,2500,8134,5956,4167,1093,5322,4812,4813,4302,8148,3542,3415,3927,1370,7644,8413,3550,3039,7519,8417,8543,7396,7270,5100,3438,2799,7280,2674,4851,7283,4857,7931
6912,7169,8707,644,3209,8970,395,2828,1929,4367,5403,2588,8479,1825,7969,6310,297,5034,8745,1581,2862,3894,695,7098,6335,2499,7236,2758,838,5961,5579,3531,721,2642,3539,81,6233,4570,1115,5724,1885,6366,4827,4448,3418,8409,2659,2269,6757,1759,231,7139,5354,8559,1519,7667,1524,3960,2557,1022,8703
4998,2825,2444,4241,3090,2583,1050,3739,3355,2844,3360,289,2554,2742,2999,9015,1721,2490,955,2106,1722,1466,6073,958,2241,2626,836,3397,4550,3783,2124,845,3020,2255,2384,3025,469,5845,473,857,7515,5239,4826,5980,736,4322,483,2787,2918,4326,4077,3566,2671,1262,3313,5361,1015,6263,1274,1278,1919
6026,8972,8846,3857,1170,1042,8852,3989,8959,8728,5788,6303,8992,3489,1697,5673,5546,3628,4019,3379,8373,3510,5047,2488,1334,7731,4030,8254,6848,5185,6334,7366,3144,1738,3659,8399,6607,1233,2386,7509,2518,4696,5595,7646,3939,99,3045,3305,1130,7916,7918,1264,7794,8563,3827,8435,8310,499,6270,7807
1795,1157,1285,3081,2314,3979,8332,8971,5134,6287,5648,8335,7187,7700,6550,3479,7320,3993,5917,3997,5406,3617,4258,7713,6393,7976,2600,2604,5807,4144,1202,1459,4919,6201,698,4795,3901,7034,7622,4556,4429,6487,5850,8284,2397,8286,1631,5601,7393,8547,6631,4967,3437,7021,3568,8049,2422,7673,8442,7677
7300,3718,1928,8969,3338,7949,1550,5391,2575,3216,2702,2445,2580,2837,6044,7328,4645,5030,8614,7080,7850,8365,2608,8369,4273,8371,1843,2096,6850,8007,7496,3145,7499,8786,2390,2008,6617,5984,8288,7395,2661,6503,5097,108,622,6639,1007,1136,1394,8181,3065,637
1923,8836,2563,7944,1163,6029,1806,4111,4624,3609,4127,799,5665,6818,6947,5410,1058,7719,5417,7082,4650,3375,2351,7090,9010,2610,1849,4410,8380,4287,6976,4416,7108,3270,8648,8270,2000,3793,983,3160,6747,4444,8542,8800,7009,3812,6122,7154,7414,8695,7292,7039
3201,6273,5002,3597,1554,8466,8469,6166,1561,1818,3611,3484,7193,4639,802,4388,8486,3367,7336,4014,6831,6324,5686,7095,8247,6840,6206,1088,2120,7241,7881,8650,7757,5968,5329,8658,6994,8022,1752,7258,7642,6621,2909,5855,8287,6372,4074,8046,4466,4979,4348,5887
5506,515,3843,1925,5510,2950,8584,2953,4617,1805,5267,4756,7062,5785,3483,8347,6941,923,543,5147,2465,5539,8230,4139,6188,4016,2485,4664,184,3768,6459,5439,1984,6466,8262,6854,7114,7759,8146,4949,1118,8929,5606,6248,5994,2156,6002,5750,7927,6648,5754,2431
8324,3589,8966,8839,8712,5897,5131,3480,5658,4251,2077,2462,34,2595,6181,37,4271,6704,689,3385,8636,8765,8512,8643,4936,1865,4299,3148,7883,8017,3153,4818,4436,8660,6483,6232,8922,8923,7386,2525,3171,6629,6250,1387,492,876,3696,6769,4085,1017,2943
1664,7809,6658,1411,2571,5263,1686,1687,150,2710,6176,1831,5423,2226,6198,7992,953,954,8126,1727,8130,5699,2629,2630,5829,8392,2377,5064,6858,8265,5453,8526,2891,2512,4688,1365,6741,5339,1374,8544,1381,2278,7527,8038,495,4592,6895,8692,4853,117,4221
8832,3459,6917,8454,4360,6539,8847,5392,4630,7703,4377,795,5276,7197,4510,8096,8994,5155,4898,5925,2727,6699,6191,8880,6074,3642,5053,7999,7616,2882,325,6085,7626,7629,8534,8920,1368,987,8796,2655,6367,8034,4834,1122,4837,3689,8429,5744,6131,2680,6905,8443,4733,2814
7042,7689,6795,8588,5265,8210,7443,4631,3095,5913,6180,4647,3884,2094,4656,3377,5810,8881,7988,1205,3892,7607,8763,4157,8894,7488,6723,1221,8905,4939,3704,6733,7249,7510,2012,5342,7774,8933,4070,7783,8679,7786,4855,7150,8303,4464,8178,7031,7672,4473,6909,8958,8446
7939,7172,8715,144,6161,3475,7573,6942,8996,3876,9000,3371,4524,3630,2350,6834,3637,1078,2493,8897,3011,3140,7875,8904,8649,7882,7243,5708,715,6479,4304,3665,7634,4175,8793,4828,7905,8419,6374,8042,4331,7660,3950,7663,3441,1909,3702,6390,6520,7033,1147,2429,1535
5760,5377,902,6665,2830,8719,3217,4117,3223,6424,5530,5022,2976,547,7971,5287,7975,6316,3247,8370,8242,8244,7732,5685,6839,5561,8762,1467,4163,6982,6857,2813,7251,8278,3169,6243,2153,5740,2286,8431,5107,7924,630,6141,5375
8706,6020,6919,4616,8711,6032,7064,4632,4763,156,160,6562,5924,7468,5678,6575,5297,3639,6456,7866,6458,7288,2623,1733,5706,3530,8141,7758,8915,1117,7517,4192,8033,7523,868,7652,2407,3825,4722,2803,4212,8564,5111,3832,7295
5637,6536,7817,6538,8203,2704,5649,8340,6038,4505,4508,8605,1061,6826,1194,940,7986,6710,7223,6330,5690,572,3904,7104,8516,4676,7369,8910,6736,3538,4693,7638,5464,7641,8283,7388,3548,479,3296,6369,3042,8426,4588,6893,3695,3952,6767,7666,7804,1789,8191
3329,8842,524,6669,7055,8592,8977,3474,4373,7709,8222,6302,2206,2977,7717,8998,6313,7593,2553,4658,3123,7032,3378,5046,8505,7232,8901,7752,5449,2252,4172,3406,4947,8019,7895,7257,5853,3421,8541,2274,7011,8290,6381,6771,6773,380,2041,4091,3068,8829,5119
640,8576,8448,643,4483,3461,5765,5639,7688,1173,2454,8341,1434,2331,7839,2169,4515,2467,6308,2342,6570,5420,175,8367,4913,6194,2482,6196,2612,438,2105,2240,3523,8133,6605,8653,7508,2265,864,2016,3836,3684,8167,635,1774,6387,6137,3450,6907,8444,7423
1154,1667,2691,1798,7175,6406,1418,4236,1038,8591,5264,6160,2324,2326,8598,5016,8472,5273,2203,4772,8872,3369,1323,5932,2732,8366,1325,2864,3635,6454,4534,3896,8127,3266,5443,4809,8521,2122,459,7502,6862,7376,8401,3667,5587,4307,8150,8663,1757,7006,6750,3175,1770,8188,6641,881,7546,3964,5117
4609,5507,2692,3331,7050,8844,6542,7439,1167,8593,3604,5781,6676,3992,7065,5018,7706,1692,6811,5790,8862,4129,7203,2469,4011,3115,6702,6578,181,8629,3126,7355,1212,8381,1854,1601,4293,8264,8008,3403,7628,591,4691,6100,6872,3423,3936,2147,4708,6249,6126,7281,3190,5368,4474,7675,4860
3456,4225,6659,3075,2307,2693,1655,3982,2834,4371,7315,7699,4503,6551,2328,2327,3099,1571,6311,8105,3756,6062,3122,7159,7736,2617,4283,7996,5308,443,7100,6465,8258,6084,2761,6729,7887,6224,5712,2262,7899,732,1629,5087,5217,4706,3553,3301,8165,5223,5096,7530,368,6391,7417,6906,7805
6144,1665,4739,3204,8965,1542,2567,2822,5767,7052,7053,5653,8471,1689,7577,2971,6689,1186,6309,549,5415,2088,937,8106,3882,4652,1960,7599,948,7989,8121,3131,3516,704,1216,4545,7876,2503,712,4684,4814,5971,981,472,3931,4317,6109,1248,1889,2019,5095,365,2670,1781,6005,247,1019
3842,1671,1932,1296,5780,3861,3607,4891,1436,4514,3106,4906,1067,938,814,1584,817,2354,4402,1587,1588,1847,2235,956,1853,445,2238,2236,1860,3909,2756,5703,4040,3021,1614,3023,2385,850,977,1108,3158,5847,5081,6235,860,2011,1504,4449,3455,3183,3184,2672,4978,5234,372,7539,3199
8070,4999,4742,8713,8843,8077,4497,8723,8595,2711,6172,2716,3751,2216,8748,8755,4663,6713,6588,8637,8767,8640,8642,6597,2631,4298,3018,2639,2517,8917,4698,4700,1120,8289,5993,7019,8555,8557,4718,6766,6768,6643,8820,1529,8701,382
8834,6661,4359,5385,4875,1682,5907,532,8724,5148,7452,7071,7590,7081,8874,4525,8751,1072,8500,1972,7993,8889,6203,190,5055,1484,5582,5328,1873,5459,3934,3708,5730,4963,2276,8035,4071,8551,3048,5230,496,4343,5880,6011,1144
3840,2434,7554,1540,5125,5894,5387,4758,7833,7322,1311,7840,4384,3871,5668,1447,6184,8873,8234,4267,5426,8503,5051,3004,8255,8384,8001,1219,7239,6731,5840,7377,6614,3162,3803,4060,8801,8803,2404,6885,3302,872,7913,6251,748,1003,5356,7535,6385,4597,8054,5493,3064,3322,4861
1921,8195,7428,6533,6022,5640,3722,3724,8717,8848,3473,4754,8343,6040,1821,2980,8232,4393,2474,6649,7216,5553,7858,5299,1717,7609,6972,3519,3395,7107,2759,8519,199,8909,1616,7122,7891,980,3673,8153,7260,6498,227,7782,7784,8569,6635,237,8305,8690,3317,5497,3196,6399
5376,5249,4738,2568,2570,267,1933,1934,4623,3860,4124,8477,1567,1568,2082,2210,2084,4516,3238,2223,4531,5812,2227,2809,2750,3007,6725,3269,841,844,3662,3791,846,466,1237,2646,2520,4188,1373,4572,1376,4321,2921,6890,2922,874,4976,3187,1140,4086,4087,3577,2044,3454
7425,1030,8714,7947,3340,7437,7181,7962,7965,3105,6691,5159,3623,6441,7982,6447,7226,4418,7750,8263,2894,1105,5716,2905,1900,3185,8561,3958,4982,4216,3973,8076,1936,8339,4243,5269,5271,408,4764,5536,5794,7595,5805,8112,2738,8888,5563,8645,8651,7373,3533,5584,1744,3540,725,214,5088,3554,1256,8945,4082,5365,1784
4099,2180,2437,6535,5005,7569,6675,6168,5529,2972,7580,4382,3748,5541,2089,1324,2478,7474,3509,5174,4277,2555,825,7485,2110,5954,1863,6221,5198,3536,3705,4434,3282,7382,7383,471,7001,7002,4187,6359,5983,1888,7777,7906,2528,358,7143,4222,489,5864,3180,4590,8570,1905,3570,243,8698,4213,2038,8057,762,2043,8316,509,894
5120,6019,2051,5764,5638,6534,2056,8585,5130,7177,8460,7312,3219,2323,6169,8092,670,5535,8224,6821,4135,1705,6060,6446,4143,2992,5425,8240,8115,7221,6965,6711,311,314,8379,8508,7738,8638,2879,4415,5570,6978,3139,5827,7111,332,5454,1487,8144,2256,7247,5967,4182,7770,8282,6749,2399,4831,2911,8415,2145,7776,5221,8808,6380,1776,3057,8946,2292,6904,7419,4092,7167
4740,4872,8830,6154,6667,8976,4880,1940,6805,8730,2589,2848,8871,8104,6952,8362,5677,1838,9008,7472,7092,565,576,7745,4800,8899,5959,7246,8783,5841,7124,7764,8926,734,8799,8940,7789,3694,6765,6129,5238,5502
8197,8710,6151,3978,7822,3727,7311,6008,2196,4246,4886,412,8098,8743,6445,8497,7483,2366,3775,7614,4673,4552,5578,5834,8913,7253,8918,4183,6744,5852,6877,8671,5473,8291,5476,8824,1134,2804,4344,4477,5246,1791
8064,7298,4994,6279,6024,653,1037,526,4115,4504,7198,4383,6647,4520,553,4137,6187,7596,3755,5549,1967,2866,8884,7097,830,2505,3281,5204,6612,6486,604,6623,7140,2667,2284,6511,624,5873,2290,6642,7669,1653,8183,3069,8062
2177,8323,6149,7561,5132,2320,5522,7061,5527,3356,8352,1314,3619,5670,5286,6706,5811,8886,3254,6457,8634,7231,1474,4803,8770,7492,5702,6728,3401,2889,4553,7372,6985,4173,3035,8927,6114,1640,5609,1643,8301,4852,7540,5112,6265
8192,4480,387,4488,8968,8716,400,8596,1429,2071,4376,8601,6298,7323,8604,284,6432,3872,2339,4262,295,4392,42,8492,4141,4528,8368,6014,6323,6068,6577,7864,2233,2367,4292,6654,2375,6472,6347,8527,2897,6355,4316,222,6238,8549,8678,7142,4461,6384,753,8437,7037,8574
128,3970,8198,5512,8587,3858,8215,8345,2074,6434,8355,8875,300,5933,6955,303,8496,7346,3634,6708,4403,3129,569,7868,1473,5062,3911,6217,7497,4811,6860,7117,7375,2387,7892,8535,6231,6745,1498,7511,8924,1630,4320,4961,6117,5862,3947,5868,7537,2293,6135,6650,6140
1408,4354,4615,6540,8330,6284,6797,6670,7821,3342,8079,6802,8083,7059,4245,5881,8854,2968,6940,4381,5791,3744,3362,3874,1059,7589,8619,8621,7471,1329,8510,6345,8393,970,2508,6864,4306,7635,5458,2901,6616,4185,5468,3551,7648,8159,7141,5093,4340,4601,8826,6651,7420
3968,8967,6920,649,2058,8458,5001,5902,5778,5401,6425,7581,6687,3109,6317,5935,4532,8245,6966,5431,2615,5049,3771,8257,5442,7489,3908,4805,6089,5450,8394,4431,4943,4819,1493,5974,4189,3678,6240,3681,5986,5733,8294,4966,3561,4205,4847,6515,1011,4341,6776,8827,8060
2048,1668,8582,7819,8590,398,6929,2578,7832,8857,6692,7718,7207,9002,8879,3763,4148,8628,4542,7360,8385,709,8902,5066,6859,5965,8400,8530,1110,8790,5335,4569,5722,7771,3038,1762,3430,5991,2664,8807,3944,6764,7152,1266,1660
7430,4108,2959,8975,5011,8725,8853,7192,7842,675,2723,5543,1068,3629,4782,7087,7343,1840,4275,7348,5941,9013,5435,3772,8893,2113,7233,7878,5448,1357,8911,7123,6102,7897,6620,3164,990,7266,1893,4582,6637,3567,3449,5883,2302
5121,513,4867,8841,3337,4364,4365,6798,6157,4752,3470,3218,2451,916,6803,6165,6296,3865,8986,6685,8736,1696,8993,6563,4391,4904,8489,3245,2989,8111,8116,8756,6837,3897,3257,4669,2495,4290,8386,1730,8774,6727,1481,8906,7371,6604,8777,2765,4560,8276,8792,4954,4956,7010,7651,6116,8804,4709,2535,2283,6379,6508,8434,7282,6774,5879,2940
4478,7171,8452,6789,4104,2186,140,2573,2831,4495,7951,8781,4501,5909,3736,4893,5151,8737,5545,8746,5804,4397,7984,4401,1074,7091,2867,8885,6269,1210,4930,5830,4295,4041,1225,5964,6349,8908,3535,8016,7761,5330,6481,7379,7893,7762,5848,4952,6619,6107,6880,5474,1891,3172,3814,4456,5098,5610,2161,4599,2296,4089,7418,5756,5629,2046
4836,7028,1734,7046,7548,6281,7482,3388
1796,6791,4625,7186,3603,5395,7057,6034,5786,4635,2080,1188,7987,6589,4926,2878,4034,6853,7367,5072,2514,1619,5725,2014,7136,2530,5605,6119,2027,4333,5102,7664,4849,6653
