0,2053,3077,4103,5128,5129,8202,7183,2065,5137,2067,5139,7189,7194,7201,8226,6192,3127,6207,3138,8259,5188,5191,6216,4169,74,1097,2125,8271,6228,7255,94,97,98,7265,7268,7271,5224,4204,7277,6254,5232,6262,2167,8312,1142,4218,6267,5244,5245,8327,2188,7318,3227,3229,7334,8360,4264,3242,8363,2221,6325,8382,1215,5318,1223,3277,4303,217,4335,7409,3314,5363,7415,5369,251,1277,4350,7424,6401,262,6409,4368,5393,6421,280,7448,4379,8478,4394,4395,7481,8513,1346,8515,4425,4427,1358,3413,6491,4451,6501,4453,8552,6507,8565,2421,1399,2425,2436,2438,3466,7563,4492,5516,3468,5519,6549,6554,1435,1438,7583,8609,3489,3493,2471,424,4521,8618,6572,2477,430,5548,5554,7608,447,7618,454,6599,5575,5580,2510,465,7633,1490,4565,1495,8667,2523,477,7649,4581,8677,3557,2537,8683,2539,5612,4593,4595,5626,2559,1536,7682,519,1543,8716,7696,8722,6677,5654,7704,6682,4643,7715,6695,2602,2603,4654,8750,6709,5688,3647,7749,4678,583,5705,5707,5713,2644,3669,5718,2647,1625,8798,4703,2654,4707,4717,3698,5755,2687,4737,2689,3713,3719,3721,4748,5773,3728,1681,7827,4767,2724,2728,1713,694,1718,7865,1724,3776,2754,4806,6855,3788,1747,3795,2773,6871,729,3801,5854,5856,5857,6882,1767,2793,4843,1772,6898,1778,8948,2804,2806,5878,5886,3838,5891,5892,4869,5893,7950,8979,6933,7958,804,5931,6958,4915,7991,6968,3898,1852,4925,2885,3917,4942,4945,855,4955,863,2914,869,2917,8039,8043,4974,8056,1914,4989,895,6017,6018,3977,6027,6031,2962,3987,2973,8099,4003,6053,4017,2995,2996,951,4024,5050,4026,6075,3005,7102,3010,1989,1991,7116,4050,6103,3032,7128,8154,5090,3054,8180,5114,6142
8,7432,2316,2957,6673,1811,5779,2965,1814,2967,3864,5531,2461,5533,8095,5280,1952,8354,1955,5419,2731,1452,1455,5168,5301,4150,1973,6842,2683,5566,3016,5843,8404,6997,3671,4440,6615,2789,6887,8685,8813,6896,6130,8818,8822,4215,3321,7674,4475
7681,7553,6148,1797,4741,4613,8328,7433,779,14,1937,6290,6930,8084,4760,5017,540,6813,5664,5793,2212,6567,7720,5292,3120,7217,6326,4282,5693,3521,6594,7493,2502,7495,5065,1227,5068,3792,8656,3925,5593,5597,8030,5729,8934,1126,3816,4585,6124,7406,6003,2164,1271,5884
8194,6146,4112,6162,22,5152,7205,3109,4133,5158,4138,5163,8239,7218,8243,7220,1080,3129,58,2127,2128,6225,6226,2132,4181,2135,8280,6244,8297,7274,8309,2173,7297,133,7304,4233,1160,6283,8330,3224,8348,6305,8355,7333,5289,7346,7349,2229,7364,8393,6346,8394,5324,206,6362,3292,6365,7398,4327,8424,4329,3312,7411,6394,7420,5372,8447,4354,3342,8464,7446,6426,7450,5404,3357,3358,4381,5412,3365,7464,7471,7476,2364,8510,6468,1348,1353,2387,4437,344,3425,5480,7528,5482,7531,8556,7532,4457,7536,6514,5495,8568,8575,1408,3464,5513,7566,3477,1439,6560,7587,1443,7589,2472,4522,8619,3501,5550,7600,4529,5557,1469,4543,452,1476,8647,7635,6616,7648,7657,1516,8688,6640,6646,3578,1531,5630,5632,8705,2561,3593,4618,7690,1558,5655,7712,3621,6701,2615,6712,4667,3644,6715,6717,3656,4680,4682,7754,2635,1610,5709,8779,3666,6738,6739,7765,8789,8791,6745,7772,4704,1635,3688,8809,4724,4726,7799,8825,4729,3711,7821,8849,6802,1683,3731,7829,8854,7831,6809,7838,5792,6823,8875,1709,6833,2745,7867,3771,8891,8895,3778,4802,3780,1740,1741,1742,8912,4817,6864,2771,6870,7902,2783,6878,5862,7917,3824,6899,6901,7928,1787,7937,6913,4871,5899,4877,6928,3858,7960,8987,4892,5918,6944,3883,1836,9006,4911,5936,3890,2868,5943,8004,4946,2901,5975,4958,3942,2927,7024,2929,2934,6012,7051,8079,5009,7059,6035,5013,918,2968,7074,7078,1961,1970,1977,1980,7101,970,5071,6097,8149,4058,8161,5093,998,6118,2024,8174,6133,2039,7161,5116,8189
7170,6915,3844,7685,7941,6916,6152,3335,8457,7691,8204,4363,8974,8720,5905,6163,4116,7956,1302,6934,5915,4125,2845,5405,7966,1575,8747,6443,7470,51,4406,2873,6970,5437,7486,4927,8768,8002,3141,3654,6470,2129,5970,7512,5212,5471,2409,1898,619,3955,5236,4469,1911,3448,5753,8831,8321,4482,7299,7555,7558,5256,8334,912,7575,6039,4249,6043,6050,6307,1699,1701,5284,1199,4788,7353,7354,8383,4037,2766,8655,3280,2769,3797,5336,3545,7132,1501,8931,4324,5099,7919,5617,7922,5618,2298,2300
8066,3384,7363,68,7544,6922,6730,6606,7955,3225,4889,1569,7841,6051,6497,7848,8617,7726,3503,5552,8053,5432,8123,5052,7293
1664,7809,1411,8324,2571,5263,150,1687,3480,2710,1686,4251,2462,6176,1831,5423,689,2226,6198,953,954,8126,1727,8130,2629,2630,5829,5064,2377,6858,8392,5453,8526,2512,4688,1365,6741,2525,1374,8544,1381,2278,7527,495,4592,6895,8692,117,4853,4221
4163,6020,902,6982,4616,6665,5706,8141,8719,3832,8915,4117,4632,1117,5022,160,4192,8033,7523,7652,5678,6575,2286,5297,8370,3825,7732,5111,3639,6456,6141
8448,3329,8710,5639,7688,4359,8203,8977,4373,2331,7709,8222,7717,8998,2342,5420,4658,3123,2612,6196,3378,2105,7232,8001,7239,7752,5449,4172,3068,3406,6736,4947,7508,3162,3421,864,8290,7011,3684,3836,4091,7535,6771,8054,7032,2169,3450,635,8829,8830,8576,4483,5765,8842,7055,8592,3474,1173,8341,2454,7322,7839,4515,6308,2467,6313,6570,175,8367,2482,438,5046,5051,3004,2240,8133,2252,8653,6605,7895,2265,7641,5853,2016,8167,5356,6381,1774,6387,6137,6907,8444,7423
1542,1671,2823,392,3207,1679,2069,5653,3607,3608,2582,4890,2841,2205,3102,3106,1317,6309,2087,3237,937,938,4523,2219,1958,1959,2735,948,828,2751,834,2116,2248,3023,212,2645,852,1240,218,859,475,4318,355,1380,743,2920,2669,2670,241,372,3452,510,3455
1025,1155,1674,2827,1548,1676,5008,3222,7447,2585,1052,1564,1950,929,2338,2083,3108,6436,2978,1576,7592,2218,3760,2225,3382,3383,7351,2107,2109,2237,706,2371,2372,2118,3657,2251,3022,3279,848,593,853,858,3933,740,871,2919,5481,2666,235,360,3565,366,370,3700,2679,376
2307,8965,1296,2834,3861,8471,3099,4891,6689,1571,549,4906,1584,2864,2354,1587,1588,4402,7989,1847,7736,2617,3131,7996,1853,5703,1614,6224,2385,850,1108,3158,6235,1629,7006,5217,4706,4449,5223,3183,5234,7539,6005,1655,3964,4225,5767,1932,1167,4503,6551,2971,4514,2469,8106,3756,7159,8121,2235,2236,5308,2238,7100,445,956,4545,2756,7876,6084,4040,4814,977,981,2262,8663,5081,247,2011,1504,3553,2019,6391,6906,7675,8188
5376,7428,5894,5640,2570,267,8477,1821,1568,2084,4393,8234,5426,3395,8519,841,844,3577,3662,846,3673,4188,1373,7782,2921,874,6251,2922,4976,8305,3187,1140,3454,6533,6022,6040,7840,2210,3238,1447,2474,4531,5812,7609,2750,3007,3519,3269,8909,3791,466,7891,1237,2520,8153,3803,4572,4321,6890,6635,748,8690,4086,4087,6649,2044,6399
7172,7689,8715,8847,6161,7573,3095,5913,7197,6942,3876,3371,4524,3884,2350,4656,5810,6834,3637,1078,2493,2429,7488,8897,3140,325,8905,7882,715,5708,6733,6479,4304,3665,7634,987,4828,2012,7905,8419,8933,4070,8679,6374,7786,4331,8042,7660,3950,8303,7663,3441,7150,1909,3702,6390,3704,7033,1147,6909,1535
6657,3753,426,3675,5742
7169,1281,8707,8963,8970,4367,3090,6675,2583,7191,5403,2844,3355,8479,3360,1825,7969,8745,2862,6961,2355,4661,2614,3894,9015,7236,3397,845,2384,2642,6233,3418,1115,7515,7519,2659,2918,3438,2671,7280,8559,7283,5239,6263,3960,644,6796,2444,4241,8851,3739,1691,6556,5797,1957,4777,5034,3507,3253,2742,2999,1721,1722,6073,7098,6335,7620,2500,4812,4813,2255,721,3539,5845,469,8409,4570,7644,8413,6366,3550,736,8417,3039,2787,7396,7139,4326,483,489,5354,5100,4077,1262,3566,3313,5361,4851,1274,509,1278
7872,3393,3552,645,1242,2318,3472,1264,1298,504,4665,3738,2491,4797,1755
3634,535,8855,3850,2045,1646
7296,8068,7813,8838,6663,7305,3085,4114,7058,1685,8086,4248,5281,4641,2475,5037,559,3889,8504,7737,5946,5947,959,5312,5186,8388,6980,4808,5193,7755,5325,8142,7504,8916,3028,4959,7904,3808,6371,7908,1511,5226,8554,8175,3439,6001,8817,7925,1526
8198,4615,8967,6920,2058,8458,6670,5902,5401,6425,6940,6687,3615,3874,1059,3362,5671,3630,5935,1329,8245,6966,5431,8257,7489,5442,3908,6217,5450,7243,4943,4431,5458,5974,4185,5468,4189,3678,6240,3681,5986,5733,8294,4966,4205,6515,6776,8826,8827,8060,3968,649,5001,6284,6797,6540,5778,8083,4245,7581,5791,3744,6317,8621,4532,5049,4805,6345,8649,6089,2508,4306,4819,1493,3551,7141,3561,4847,1011,4341,6651
2113,7430,7878,5448,1357,8590,8975,8911,7123,6102,7192,7897,990,7266,675,1893,4582,6637,4782,7343,4275,9013,5941,5883,8893,2302
1795,1157,3081,2314,3979,8332,8972,8846,8335,6287,5134,1170,8852,3989,6550,3479,8728,3993,7320,7700,5406,1697,4770,4258,7976,5673,2600,3628,5807,1202,1459,4919,6201,698,4795,3901,8254,4030,7034,7622,3659,4429,1233,7509,8284,2397,1631,5601,7393,8547,4967,6631,3437,7794,8435,2422,8442
2433,3970,6789,8201,5642,2186,6926,5136,7443,5398,5149,7837,4510,6048,8993,5151,4771,6180,5629,4397,2094,1074,3892,7096,2363,8763,5830,3273,8907,6098,8793,6619,7390,4323,6500,6117,8804,6760,6633,2283,5622,6135,1146,8573,2303
7875,6795,8588,4175,8210,3475,7988,1205,3574,4473,2941,5342
6144,8258,3331,4293,2822,8844,2829,8593,7315,6100,7065,4895,6559,3423,1889,3041,5415,1960,4011,8627,1212
4992,6403,7301,5766,2696,3212,6672,6289,2706,6291,4498,8213,2833,5911,3991,1562,6174,3998,7967,7331,3112,7084,9005,7602,7475,6322,5559,8120,5434,7357,4285,5183,6208,3520,4551,6471,7753,7113,6477,3923,2775,7384,7263,7903,8802,8163,4198,5352,6634,7147,7020,3821,5358,8815,7665,4984,2558
4708,2692,8264,3436,3190,5368,4474,7355,4860,1854
7845,7014,6376,5484,4113,1874,8823,4824,8953,4732
8739,6627,7013,5859,8775,2344,3881,7695,7570,9011,6963,4023,6874,7869
3715,8036,8772,5032,5839
