738,379,4356,2923,1503
1504,2385,4514,2354,1853
869,3413,3801,4955,1852
6192,3010,4843,3933,3005
3776,97,2995,6677,1215
834,2104,2778,3402,2812
4531,4086,4393,1373,3454
1380,212,3207,859,1679
5008,593,3760,871,1564
1681,2065,262,951,4974
5089,5586,4339,490,271
1296,4449,5703,445,1614
3106,850,372,852,3455
3237,2582,1959,2841,4890
2384,4241,3313,2999,6263
2082,466,3187,3007,3791
8000,1235,6726,3142,1834
977,743,6235,2235,1932
644,3397,2918,2825,1278
502,2087,2459,862,5007
706,2371,2118,2218,2107
4402,3861,3928,5081,4906
737,4996,4606,2123,4208,788,507,4539,2108,2782
4737,1747,217,1142,2793
3108,2679,7592,1438,3279
4707,4103,5878,1543,2221
2067,3987,2919,2109,366
2042,3284,2553,5402,300
5234,1587,3158,3607,4891
289,836,2742,955,1919
1829,828,510,956,3182,2751,3608,3452,1918,927
1827,5095,3420,1246,1694
7649,2644,853,4379,4204
1248,1186,1781,2328,1823
6194,3523,643,3461,5853
5423,953,954,2462,495
857,2106,3355,3739,3566
2084,2520,841,2921,4188
3360,4322,2787,483,3783,2124,4077,845,473,3090,469,9015,1721,1722,7515
2240,3836,5420,6605,7423
1381,1686,1831,5339,1374
6501,4869,583,3719,3788,4942,848,4945,3898,2973
4515,8133,5765,635,8444
3072,1155,3721,6027,3856,5207,5208,3227,1435,477,6436,740,2917,1767,1576,872,873,235,3565,303,6384,2225,370,3383,2041
305,3516,1689,7577,4684
4320,1850,5164,6669,1566
1568,4321,2210,5376,3238,2922,267,844,846,1140,1237,4087,4572,4124,2750
4978,3204,374,3021,814
4740,8596,6134,2077,2158
1377,1565,2756,2116,392,4040,938,3183,3283,2069,2645,1847,1240,2205,4318
3968,3908,8967,5049,2058
8544,2629,5829,2377,2794,5453,4688,790,1687,8126
3713,2962,6898,3669,2687
5168,1811,6548,2683,2316
1952,4475,2967,2731,5532
8009,4332,4968,4969,4972
3665,3140,3702,7689,1741
7489,4966,5974,6797,7581
8257,5442,8294,8458,8060
1955,2965,4215,5531,524
2338,7102,6103,8268,5854
4245,8826,6651,6940,5791
4081,7954,8708,5305,2254
6515,4805,4248,8827,4847
5617,7170,5618,4116,4363
6789,5830,2186,6619,5151
7665,7301,4551,5183,8815
3184,646,5847,1067,3199
8053,1562,5052,7726,3503
2914,2804,1223,7578,7583
2227,3860,6725,2646,1567
1339,8403,4811,5933,8159
4125,3910,6587,5772,8204
98,2373,2188,1277,94
3292,4104,2745,1740,1742
6309,2011,1671,712,2088,1677,591,2672,946,978,1588,5367,441,218,443
3889,8086,5193,5947,8142
6240,1493,8245,6089,6317
5856,4643,2053,5129,1676,1548,430,4050,5363,376,2585,1755,1724,2237,863
3441,8649,7243,3630,5935
2868,5093,6425,4601,8079
5312,5281,8817,7908,1511
8066,7293,7848,2860,9005
1408,3109,7589,2615,8510
7904,7813,6345,5468,8175
8161,2771,4331,6717,5071
6609,5123,4420,965,3051
4401,7418,5098,5964,2831
6374,4524,2493,3950,6942
2129,7555,7956,3753,8831
7922,6307,51,4469,1450
6834,7033,8042,3371,7663
4602,4892,5289,7338,1980
864,2612,5639,3004,7839
7384,6634,3212,3998,7263
1011,6966,5001,5226,2508
6468,7829,58,7532,6701
6017,2946,5891,2436,5892,1025,5761,3977,1674,5519,3728,5137,3222,1052,8478,2208,6049,8356,1447,424,2602,2603,4394,5548,1713,694,3127,2359,4026,2372,2885,5318,4678,2251,2773,2647,6871,3032,1495,2523,2654,4451,5481,4076,237,251,3314,4595,2421,4853,5626,5755,4350,895
512,5573,4229,504,4665
3808,5186,2194,5412,2039
5088,5361,4550,4998,1274
3233,5502,6181,4461,8783,1586,6931,1750,222,8574
8107,8903,632,6139,3003
2769,8002,7685,7558,619
4354,4381,970,6284,8621
1466,2241,4326,1050,3020
7299,5284,3141,8422,7337,6443,2766,8655,3504,3797
3026,3287,3736,6954,3192
5792,6913,1891,7831,5610
2147,4995,3301,5607,1964
5301,4150,6536,6844,3886
6657,1701,4716,5405,5742
4196,1146,2363,3564,3535
6001,7058,6980,7925,7755
4913,4483,8167,2169,2331
8440,6930,6567,8328,4282
4561,2472,2090,7083,6638
2482,7709,7239,7322,8653
5209,5505,7587,585,5116
144,5265,7172,8996,7882
3681,649,5450,4205,5902,4431,5778,4819,4341,5431
244,1833,2666,2827,1294
7937,2024,1516,5709,3501
6097,6738,3028,1685,3615
2626,2758,1863,2828,1936,3025,1784,214,2583,408,4826,5980,7965,736,3105,6691,1262,2671,8559,3185,2738,4216,6073,2554,958
5920,529,7030,6602,7534
1028,2971,363,2669,2670
4317,4739,4371,3896,2061
3858,1059,4726,5975,2927
8897,1078,918,7690,6220
6146,7939,3011,7960,4233
8226,4806,7448,8397,6207
1824,34,4900,2293,295
2272,8390,8318,6892,1422
7123,1893,6102,4782,8590
3744,2387,5062,3129,5706
6673,8402,8822,5419,1452
5635,1699,7272,5437,750
5507,3782,265,842,7053,1935,2324,5973,1688,4121,247,8861,937,7530,365,6454,4598,2811,829,3263
5368,3667,3190,8456,6126
6032,6919,6665,7517,7295
6208,4596,8213,4790,4604
8448,3474,2342,2454,3162
1665,2823,2062,5780,5653,2842,2587,3102,6689,1958,5415,4523,2735,1584,1716,8121,3131,2236,5310,2238,1216,704,2757,4814,3023,5971,1108,981,3931,475,6109,1887,355,2920,367,241,3186,4210,7539,1019
4976,3269,2809,2570,1821
7841,1569,68,4889,6922
2113,9013,7878,7430,7087
3312,8997,5735,7657,6299
6305,133,135,3656,8794
8052,3174,7816,4537,7710
7432,3016,2957,5779,5843,6004,5719,4508,2461,5533
2978,360,4425,8154,2539
7412,5332,4839,1305,4589
1682,5907,8500,3751,7993
5601,8164,4453,3290,1772
6928,7411,6870,4680,6028
6048,4771,5642,8907,2094,7632,1074,6098,3892,4191
5632,8789,4457,4667,4543
6880,4357,2550,6827,1150
8515,5603,3468,7325,7183
2512,1365,2278,8392,6858
2706,4984,5559,8120,7020
8832,7616,5744,6727,2814
5552,7458,6724,4903,4701
6117,3400,7371,5629,2623
5696,2161,5849,5756,2573
4058,6514,5156,4682,4685
4448,4418,3540,2110,2894
3825,7523,7866,8141,5678
7078,4871,7799,7101,1439
3122,6659,8165,4283,7805
6018,2724,6855,4169,7277
6065,3252,4600,810,3100
932,1832,3178,5101,7871
6662,5495,4522,3644,6878
368,1820,2822,7417,4652
4867,1331,7973,2451,3594
5699,4312,5628,7597,1727
4368,6325,1718,5275,5886
8050,3095,8441,4938,5195
7619,8501,5479,8474,6046
6113,7217,6003,5447,5884
4949,5606,2485,7927,2431
3365,6390,3976,1961,1469
2019,6005,1655,5096,1579
7875,3637,4473,715,6479
8464,4946,3303,8809,3711
4930,5330,5848,4089,8746
3280,6903,2298,1868,1911
5321,7893,4070,5545,4991
7138,8325,6458,7707,8494
496,5730,532,4875,5148
4499,5972,7686,6742,1405
7824,5441,7890,3398,5784
5009,6646,1836,2045,4911
5198,3705,894,471,8057,5983,1888,3748,358,2089,3180,4590,7474,243,3509,4277,825,8570,2043,1022
5090,8565,4218,5516,6958
3923,7357,7753,6477,6174
1889,3842,1860,3909,1960
595,3816,2699,5597,1227
8210,1221,1205,7607,4009
7265,6968,1604,5224,4957
8098,5476,5834,6877,3727
6672,5346,5911,3528,7967
8977,7011,4359,380,8367
4512,8833,7952,7132,8525
2744,6362,7274,5819,8652
1925,6248,1818,6941,1118
1840,3772,7348,1595,1068
6050,8457,426,3675,701
6627,3700,2996,454,2471
6322,7544,5815,5352,4255
8352,2320,5811,5527,3401
6178,8568,7304,5866,8189
8755,7738,2940,6766,4700
4756,6648,4617,4664,923
3123,4373,8341,6381,3406
1524,838,1929,5034,4827
6496,8771,7812,6245,5031
640,4605,6786,7240,1994,7563,4748,3022,3663,273,7380,2780,4767,929,2083,503,4006,491,812,1965,1518,8758,7350,1657,6909
8289,1873,4963,7590,5880
8174,22,5325,206,7743
4868,3384,5898,8894,7983
675,5011,2959,5883,7343
5297,4722,2803,868,2407
7809,1411,8038,7527,2571
5490,8499,1254,5288,4122
8227,7892,3814,7756,6575
6560,7074,7349,1558,5918
7955,8775,2344,5114,7695
7024,6739,6365,2364,3821
8548,6389,3448,3545,3710
8705,8094,1476,3876,8302
7120,5509,6295,8604,4846
8915,2229,4828,2429,2350
37,7622,5366,2488,8332
3154,8932,3462,8265,8155
4841,5877,6953,140,7550
4304,7905,1143,4631,5708
1376,227,2759,2568,5132,1933,1934,1717,3196,8477
8976,8001,4658,3493,7833
2128,8496,6067,5524,8587
5424,3143,1642,3692,3294
4704,6118,6982,4138,6236
4720,817,2949,5621,2715
8354,8404,7404,7806,1455
2162,3734,5080,3226,2748
4641,5986,7141,8838,6616,6920,8393,7821,6670,3342,4943,1329,4306,2968,4189
4593,8601,4395,8973,7054
7424,7827,5799,6440,5931
7296,5152,5720,4329,6205
6912,7236,5716,5403,7373
6338,5924,308,7946,4399
2824,7490,8818,3765,8
8908,6020,3477,7464,7084
8322,7379,7510,2283,5053
6275,916,6015,3135,1231
7536,7431,3704,6715,6077
6768,7554,8873,8379,5677
6837,5881,3337,42,6283
6625,4578,4391,8169,8078
2164,7493,6326,169,7662
8151,1302,3335,1944,8172
8194,7171,2934,1191,3358
6549,7334,5369,5707,5135
5570,3460,4054,7853,382
4705,4482,7733,8311,1501
5202,7427,7043,7195,3581
7064,4632,1467,156,7758
2546,8338,6585,7133,7855
3425,2178,8419,1535,7634,7573,7928,3357,7838,2783
6658,3538,150,4221,6895
1825,2642,1885,397,6335
4016,2953,6188,1805,7759
4003,7189,5050,6491,5837
3810,6276,7606,8534,4733
5460,6539,4893,6574,4079
7633,2964,5245,8716,2477
7682,1346,5060,3974,519
6899,8581,6901,5163,7867
8928,6163,7354,8747,7919
5680,5667,6563,7834,8796
8096,7636,3526,7127,2495
8659,8535,1498,1341,7901
5825,4616,1210,8028,7694
8049,7187,3979,8971,5788
6039,1317,4935,2219,5308
5649,8019,6773,7752,6313
6745,7042,3593,6490,7150
6551,2418,8965,7989,5223
7696,2689,8099,3382,8056
8384,7216,5553,6972,8717
2433,3970,5622,6633,8763
7507,6057,4285,8702,5023
8258,2692,3604,7355,1854
311,1705,6380,8701,5535
8802,7331,6566,8617,8697
8825,8487,2696,6809,8987
6289,7894,4729,7531,5550
4752,7525,7542,8841,6911
5906,6998,7209,2747,6828
8707,3960,2905,1115,2862
5121,3377,6074,4939,4990
7488,5810,7765,8891,5342
3524,8389,8423,3050,7611
2007,5139,6772,5063,2362
8128,4257,4689,7363,3225
8368,5537,434,8899,8660
4259,5350,2412,7609,6540
6936,7130,6363,6140,7375
4673,5377,7253,8918,5375
5890,8595,8104,3064,2911
3890,786,5557,7398,6269
465,6211,3479,4427,6267
5841,8724,8551,3048,5582
5736,2762,2460,3582,8602
8694,6524,2300,3374,8639
8784,4017,5244,7500,7213
452,4437,7303,5404,2127
1984,6854,5754,7757,4639
2288,8449,1683,3780,8424
8297,7471,6864,6802,7059,3578,2901,5943,7450,7420
7713,4919,6631,7673,3437
5664,4613,4585,5068,540
5249,4738,8195,7428,2177,5640,3722,6040,3619,4516,2980,2474,6649,2223,6706,5299,5812,7858,7231,3395,5702,8519,199,3577,3662,8153,3673,7784,5609,874,6635,1640,6890,8569,8690,4852,3317,5497,2044,6399
8178,4952,8446,7774,8303
3634,8804,8756,535,3850
8036,3573,8166,5032,5839
3329,2467,8998,8710,6570,5356,175,7508,6805,1173,6008,7032,7257,6907,6137
7796,5766,8345,1596,4958
5750,7062,184,5785,543
5328,8035,5046,6011,1487
3120,7553,7403,6124,3901
3552,3393,5921,1298,645
4113,2754,5575,1625,2074
4656,7504,1970,6133,6012
8497,8197,4246,8743,7822
2137,8931,4324,6916,761
7297,4327,5480,7321,8895
7268,5893,858,2941,2111
8883,6085,5241,2125,3214
7088,7579,5865,8267,4909
1696,7651,8243,3356,8223
3489,7958,2728,6680,6682
8704,3942,2475,1968,4817,8470,5111,8504,5372,959
6403,6051,4965,7113,7147,1869,5358,909,6606,7903
3715,8579,8276,7063,8781
4112,7889,7029,4713,8975
5024,5776,7602,8163,8511
4084,4212,4117,3449,2303
4258,1157,7320,8286,5807
8929,6466,4074,5994,5147
7266,4582,5543,5448,8911,5941,7192,2302,6620,990
7220,8885,6712,6474,6349
3761,2307,4406,4503,7803
274,2499,5562,2588,4302
6769,8692,2375,2525,5263
1202,7700,6550,3081,6201
7232,2723,8901,4091,8830
6833,1874,8823,6376,5484
7393,7976,6393,2600,2397
7793,2694,5134,2121,5998
2875,8386,3188,5078,5643
6915,3844,7941,3654,1575,2052,2660,5753,5236,7575,7512,2873,3037,7486,63
4181,6217,5868,1630,7772
7642,5439,8650,6029,5887
8768,2402,7722,1629,1167
5260,4956,5627,7852,4669
8720,8321,3600,5970,3955
8790,2664,5435,3164,8893
6896,3592,6409,7116,7023
6244,7364,5253,3688,4456,7984,5043,5909,7291,8447
2524,5781,7706,3403,7628
4027,8215,4459,6860,7511
2705,2532,8252,3325,4062
3585,6500,6180,5899,6007,5136,2867,7390,5398,6135,2294,5214,1787,5149,7902
2276,6661,4071,7081,1972,4343,190,6749,3934,5055
2897,8231,7674,6887,6111
6695,8312,7167,3229,1399
6624,7728,1521,6423,7451
6128,7269,3288,3997,1391
404,5257,8700,5022,4591
7377,5091,4648,6061,6302
4741,7462,1941,4791,5901
2820,2789,7190,8461,8926
3953,8451,6867,7529,5386
4803,7492,7061,6728,5112
1233,2518,4429,1631,8399
8033,8706,7652,6424,2286
3041,4895,4293,6894,6559
2561,1286,7305,8330,3731,8083,4501,5655,3224,160,1443,4133,7333,7340,5037,7856,7859,7604,4022,3897,1338,3771,4808,8394,5324,2381,8912,3666,7635,7125,4438,4959,7648,6242,5862,7660,7917,7286,7161,6394
2212,7495,1271,5693,8030
7473,8468,6708,8779,8348
7865,1991,8327,3881,4303
6233,5267,1561,8287,7039
2786,6407,1898,2845,1199
1040,8865,6169,6655,8415
6148,5700,1797,2502,7179,5292,8205,779,6290,4760
2465,5329,8658,6002,8262
6818,3603,6372,6840,7241
5857,3916,734,2318,6031,3698,1459,2740,7570,4024,8088,7194,2491,1914,2559
3894,8970,1691,6556,4813
2290,8772,8773,3257,7372
5712,2469,8105,2203,3423
7264,3234,5859,7748,9011
2834,8150,8521,1770,3982
128,6355,2680,8443,7629
6179,7862,2279,5577,7565
2693,3798,8381,6542,8591
8881,1463,7497,5978,1481
3553,6676,6311,2761,8862
7668,7541,7846,4377,7549
1793,7681,8453,6091,1612,8207,3671,1945,3935,5280,5793,8934,7910,8685,7790,4284,1461,3321,8124,6845
6723,6292,7988,1610,6426
0,6882,8979,6599,447
5938,1288,987,7323,559
6736,8290,3378,6771,5119
509,5506,515,5510,8584,395,6675,3483,8347,2844,8479,6310,8745,297,7595,4139,1581,3253,695,3768,6841,7098,6459,2490,5961,3531,2255,721,8146,5239,3418,4570,7644,5724,2269,6366,1759,2659,7139,6757,231,489,5354,1015,2557
8769,8993,3971,7441,3518
4114,8549,4904,6347,2591
8805,745,8314,6603,7836
6418,4195,4230,6216,6411
4290,2309,4877,5115,7117
7842,5142,1592,5546,6303
4129,1571,7699,8629,6811
2818,4786,1300,2023,6088
3042,6038,7638,7145,7388
7872,7362,6396,2956,8351
8576,1795,6151,7688,3978,5578,2252,7311,4497,8530,4947,7126,2265,1434,6172,4636,2206,3684,7717,5990,5673,8362,1134,1774,6129,6387,6196,4344,2105,3068,4477
5313,3626,6507,7276,7885
1554,8247,7881,7258,6831
1042,99,5619,3827,8310
400,8357,8103,7915,5070
5764,6821,5638,7975,5967
8739,6053,6874,7869,2510
8848,3473,4754,980,6533
2992,5425,4709,4135,5960
6434,8582,5928,4747,6045
7936,5082,5477,4137,5594
3857,8852,8728,4030,6607
3264,5654,1097,8667,254
284,5705,4588,7469,4542
576,8871,8857,8541,6765
6144,4225,4545,2567,2503,2248,7052,4622,6224,7315,2326,8471,5336,3099,1692,7899,30,5790,5212,860,4706,292,1513,3882,3756,6062,3759,6584,697,7996
7552,5616,7655,4440,7455
8626,4101,4279,9006,5455
2262,7736,2617,7050,7100
3635,2340,3686,8663,7439
5760,5633,3298,8777,4298
2624,599,4986,5675,5293
8640,2323,7930,4698,2813
5478,4922,6636,8989,7551
4610,8370,8244,902,3223
7600,6225,8849,325,7783
8004,6663,5513,1709,8239,3439,5458,3443,8309,3285,1526,6776,5946,5630,6687
6614,8503,2889,3755,7260
4403,4932,8217,8924,7518
6149,5286,7561,8634,1643
4097,7285,4905,5915,3215
4980,8933,8661,2247,7454
8896,1473,4488,3097,5246
689,3586,3427,3277,5950
8736,6562,1733,7468,5936,3832,2292,630,6456,6107
7122,1219,553,3724,8909
6800,2855,7211,2347,8877
3554,7028,7046,3623,8888
5713,8898,2034,8683,3103
4352,2449,1635,8762,4797
7745,5188,6965,7767,3694
1664,6401,8324,8712,8202,893,6933,2710,3480,6554,3239,4392,4521,1917,4654,1198,2226,6452,6198,7992,698,832,8513,8130,1989,2630,1606,5064,7369,8526,6741,6487,7513,6626,7789,4592,7409,117,1017,1789
5220,5380,6795,6222,4175,8752,3475,3574,6520,2173
1506,8085,8454,1514,2655
7072,4020,7397,6330,7933
8800,7009,8466,3611,6206
7221,6534,7419,6060,4831
513,7124,8820,7764,3385
8095,8920,5355,5580,6815
5817,6699,3001,8123,6238
7779,5381,7818,3419,4878
6790,9014,3339,8492,2895
5040,6278,1719,556,2606
7201,5650,3077,4565,8776
7715,2932,3306,8411,3647
8593,6100,181,7065,1212
8070,4999,8808,5993,7770
7057,2514,1796,6119,4926
8868,8938,6428,685,4046
983,1843,3718,8695,4650
8369,3793,4410,7949,799
4581,5436,5323,7724,6254
2866,3828,7540,4520,6623
818,1940,8981,6761,4703
1110,8792,2858,5595,1646
2882,4837,6823,5166,3888,7346,6131,4630,569,3642
2000,4287,6122,4348,4111
1348,3464,1353,7051,5646,6226,8854,7446,5401,4059,7712,3362,3874,3172,5733,5542,4199,9000,5482,8619,3824,8688,7476,4724,1909,1977
5584,4764,5956,6021,6796
6848,4770,5047,3659,8972
7376,6610,8598,3834,3115
6114,653,3035,4173,8062
1616,7107,7891,5894,3803
6709,8502,7128,8618,4925
4338,4915,6600,4844,6344
7971,5852,2216,6316,2589
5408,5571,7572,5989,7478
4517,3319,8156,3132,8941
8642,8460,8843,6508,8045
8674,8791,7769,4766,8735
7040,2708,4970,6668,4253
1957,6281,1370,1084,2351
3282,3348,3927,6221,7982
6034,7076,1172,4902,3261
5122,5382,8713,6604,6446,8115,4182,8508,7868,5823
417,4627,7781,8855,6379
1697,3939,8563,3045,3144
6081,6836,8148,3542,6252
8948,2438,7942,8376,8439
6976,4466,3812,4661,3375
8417,7330,4134,4777,2140
7425,5794,7947,2909,2702
6528,6568,7481,4251,8622
1076,7289,3818,7994,6735
4019,4693,3430,6710,6232
6850,7090,2610,8486,8365
4657,4386,8003,4227,6674
3511,8968,7483,7614,6047
6385,8803,5668,8234,4267
2048,4436,8523,492,1229
4067,5464,1882,8603,7804
8242,5155,4360,7801,2765
8836,3270,3338,7292,8542
2864,5587,1798,8188,5117
2976,3169,7251,6839,6141
4383,6511,2505,5066,1967
3696,4316,8631,4936,3148
1250,8547,4967,2314,2604,7794,8373,3993,8442,5917
8129,8067,709,3878,8071,4364,8527,8914,565,2233
2002,8291,8137,4637,4335
3331,1667,3175,8872,2829
8316,7906,7382,7001,2972
7281,6788,7802,2714,4170
8851,7620,2500,4812,7519
4992,7073,6497,5955,3112,4424,3883,2541,6035,6291,5397,8149,5434,2558,5215
8240,3219,6643,5221,7273
1266,3763,4148,2856,1660
8483,6793,5387,1358,7326
3984,5057,7270,8651,6461
6258,8118,8182,7465,4607
5665,4645,4167,3160,4127
1264,6421,3738,8668,8047
5347,3491,8051,6997,7623
1601,4609,4708,8264,8008,3436,8627,3992,4474,4860
4295,3911,8906,7978,6733,7407,6481,6161,8856,7545
1093,2614,5686,3484,8543
8786,8181,7080,7944,8969
8672,7136,5563,5100,2878
3216,7283,6260,1801,7659
4851,4243,3550,3438,2799
8355,7079,4647,6759,2635,7249,6162,5466,8956,8026
6979,6228,5624,3117,2031
7140,8183,7097,4042,6187
5493,5770,8203,7854,4299
4415,2631,5287,6904,3247
5504,8962,1284,4037,6470,6152,8334,5905,4052,6934,3165,6237,2409,7467,5099,5489,3315,7929,7870,8383
8117,5831,5768,8489,4153
6820,8905,6572,5869,3884,5229,7408,4369,7218,6640,5393,8726,7255,1531,2012
8034,8917,2517,2711,3018
6752,4548,7913,8730,2367
7986,7935,8550,6782,1807
1905,9010,7580,1550,5391
5457,753,5991,8152,7229
7777,5529,2555,2478,2575
4836,2837,7548,3388,6639
7666,2196,5637,7641,8605
7044,1038,8296,4236,7502
7186,5395,5605,7367,4333
5364,8821,4694,935,8760
1170,4563,1653,3322,4060
4849,2530,6853,8007,1007
657,5588,8678,5879,7370
4177,8850,8787,1878,8607
4384,8465,5282,8628,2667
6721,6961,3507,6405,5159
7233,7819,4108,1357,8400,6929,8725,7897,4506,6692,2916,1384,6764,3629,3567,7537,4275,4340,6392,8761
6992,5026,3091,3013,6070
8319,5061,8647,4041,74,6346,7566,5775,8958,5334,1117,2463,4192,7205,8553,4141,8880,6068,1598,3775
1730,4834,6153,7626,6157
6184,4505,6826,7832,3871
4307,7175,88,2122,6750
5864,5075,6359,5704,8764
4224,7521,123,3308,350
7472,6774,7111,3208,1738
1536,8032,7749,7845,8043,5612,8139,3054,5773,3917,7693,1490,6963,4023,7415
4579,8339,8220,5694,4382
6852,6213,3846,4234,782,6641,8882,1649,7671,5438
8288,7328,6503,2008,3145
4625,3202,5271,8714,4635
6464,8737,6944,3495,6286,7951,8306,5715,3826,7157
4896,1986,8959,2906,5103
2580,8614,2390,5417,1163
7168,5957,6472,3913,5065,1101,8656,8084,1814,6615,3864,4504,2457,5017,7259,6433,5729,3557,8813,7598,8238,3568,6130,2547,1332,1973,7923,8185,8061,5566
8834,8874,1484,4525,5230,2639,1072,6445,8751,4718,1529,4663,8889,6203,7071
6160,3369,2732,8366,8127
6354,7026,6282,7948,6351
1136,2096,4873,5097,6431
5344,3088,3952,5335,4861
4866,6531,387,6917,1285,6287,5648,7312,8722,280,1693,6183,5672,7215,7991,4795,8382,6591,1857,3138,6851,7162,8902,5191,6857,4556,5965,8271,3795,5592,729,5850,7013,2537,7021,4078,5232,8180,1786,4989
2848,3153,7010,8923,8748
2850,7766,8438,7226,7181
2404,4758,6024,604,3069
8754,7067,8807,8075,8879
8516,7817,6538,9002,3695
6273,3843,3367,8648,2120,5002,2156,3597,8022,1752
3936,1065,7599,5264,7887,5074,6578,4691,7675,7006
2080,1088,4034,5984,1188,5072,7667,7987,4213,8703
7664,7750,2027,6589,5102
6730,2833,7826,4498,2132,5141,8916,3991,2135,8280,8793,2273,5474,6756,4198,7016,7786,2929,8372,2870,3639,5432,8633,6716,1662
6369,5959,4872,6667,8940
4800,5392,1122,5353,3470
5258,4696,8922,1130,8012
6947,7108,7496,4624,4273,7154,7414,3609,6747,7485
8068,998,5670,5671,3920,3472,6259,344,7737,6650
6432,6704,6629,8966,7883
3139,4742,526,5549,7246
6720,5443,6681,6862,5407
7366,5130,8588,3853,1234,8405,7447,4763,8283,6558,8677,7014,6951,8360,7653,7400,8041,3628,3305,7151,4528,499,6328,4732,6079
5120,6978,2051,8711,6280,7177,6215,4560,8723,795,2535,314,7916,4145,7282,6711,7864,1080,2877,7294
1429,8806,1176,8778,1326
3536,3570,7002,762,5005
81,8615,2619,6923,3166
1830,7734,1865,940,4575
4864,3632,3651,5508,8749
8992,5185,1608,8431,4463,5107,6808,8539,6526,7807
3520,7457,8192,2339,4292,4376,7391,3689,1791,8307,6744,5530,3259,8476,4223
1184,8039,7979,6732,4824,4146,8983,920,1307,7358
5922,4898,1053,6375,8109
3456,3075,1542,5255,5256,1545,5767,7691,8974,1427,2327,4249,5018,1436,7966,7203,549,8106,6702,7470,4788,948,3126,8249,7353,6906,4414,4927,6080,6465,6084,7237,5445,7876,8138,1356,589,2767,6872,472,6876,7773,732,5087,5217,6120,8681,6249,5498,3964
881,3266,4772,459,1323
668,8279,8407,4219,9004
1281,8963,5797,3533,2608,1744,2674,1105,5365,7931
1152,768,6406,6664,7341,1998,5683,6518,8727,5471
1474,8770,1314,8101,7298,2727,4553,3245,8719,3218,5204,8564,6486,3254,8927
8741,2056,5454,8462,8144,8015,8537,8282,8092,2399
6577,7480,8636,7727,8623
4615,8201,4618,5644,5262,4495,7961,6170,7837,4510,2078,4000,7459,3111,5804,4397,8236,7089,7091,7096,7288,4802,3778,8388,8904,3273,7754,8396,5581,7761,6231,6873,3551,4323,6760,8556,8824,5745,2296,4478
2704,8037,7206,876,2989
8260,7932,7207,5613,8087,7704,8953,1242,3740,2943
7360,3649,6597,5385,6154,8077,8913,7452,8224,1120,7487,6885,7019,9008,7092,8054,1144,6588,8638,2879
5276,4485,6683,3548,6319
6592,637,4044,108,7437
8112,725,5269,2997,3179
6785,8452,1414,8198,5512,7815,4106,8715,4365,6926,3085,7314,5013,7318,7703,6685,8485,5158,8875,6830,4529,7475,8116,4532,6583,4157,2366,6471,1225,3530,8011,8016,3281,4185,3678,6371,6116,4599,7142,7271,7528,3561,8554,4973,8429,1778,1525,4855,7672,1147,8573,2046,8575
1923,7300,8230,7719,7082,7383,8371,6324,3958,6166,4444,6617,8698,6044,3065
1538,8323,3459,6274,3466,8081,6803,8214,4886,412,7069,1950,3617,6946,804,3621,7093,8886,7608,6075,7999,4163,8259,4036,4552,974,6990,7762,2386,2016,5473,8679,2153,5740,6637,8301,4717,4464,7410,8947,8434,7669,6262,7031,6905,5500
8599,2180,5541,6698,3831,4367,6545,4434,5174,4823
5786,4776,6777,7482,5710
4880,7731,3865,6026,7422
3840,1668,5128,8842,4492,7950,7055,4623,8592,5020,8222,2977,2722,6308,6952,7593,4264,8363,6955,5554,438,8505,6842,5051,5690,7034,7618,5444,8520,5449,2378,4172,8780,4049,7378,8277,4183,7895,855,3421,7134,8671,2274,3947,2796,3838,5487,7535,1776,2422,2425,3450,8829,6142
3171,4165,7849,5486,8943,8910,6356,5688,7643,5759
5698,8709,678,6984,7307,6798,6191,6165,4407,8606
6064,1762,3093,3302,3706
320,2145,7776,5731,4783,1361,3057,8946,5685,8799
8801,7747,484,7047,7433,1706,3792,5171,7223,8733
3616,8609,6498,8552,8937,3370,5647,8335,8305,3411,3989,5718,3641,5660,8254
1311,5125,8839,7434,1003,7309,7152,5426,6450,4597,7319,4472,3193,6014,479
8580,773,7494,2184,4809,3146,8844,4428,912,8401,3346,4311,7835,7210,4011,4653,7725,5295,4534,4413
1154,2691,1418,5521,4500,4118,791,8472,1816,6167,5270,5016,5273,6043,6391,8866,6948,165,5802,4780,8364,1325,5932,8753,2102,8374,6200,6970,7739,1089,3650,195,4674,6729,5583,3541,1757,8158,5216,4193,8930,612,8292,3433,1769,5995,236,7159,7546,2299
993,2258,6243,2716,332
4160,8645,7143,6441,8810,5322,4396,7280,8561,2355,6516,4857,7962,2014,3039
1921,4994,6019,2434,6022,1037,6416,4115,8343,7198,5406,7718,8232,8750,6323,8884,6457,6462,8255,3519,830,2883,6467,4558,6612,7509,5722,7771,3038,3299,7782,6121,6251,748,624,6642,5238,6647,6265,7677
5536,5725,3973,1734,5030,1928,2445,7569,6653,4222
2190,8846,14,1937,1946,6813,3487,4262,7591,7720,8495,5428,3510,5820,7740,3521,962,6594,6341,6983,3785,6093,3925,3286,5593,7526,3176,5867,5996,5739,7406,7918,3059,4346,4092
7556,3589,6986,4818,6483,8212,2199,8986,6561,3682,547,2595,6250,1387,8426,4271,3248,7732,4085,6780
3296,1251,1061,7017,1838,7924,4921,6298,7612,6270
3201,4099,1030,6535,4744,1806,6168,7193,7969,5410,1058,4388,5539,294,802,5805,6447,2352,5303,4416,8134,8263,1619,3539,5845,3415,8409,4187,2528,8046,8945,4082,4979,4982,2038
2816,899,8132,2256,8340,6293,8342,2071,4954,4445,2334,6437,3944,2284,942,4143,2222,6713,5873,8437,7479,888,5561,317,8767
4480,6279,1160,8585,2830,7568,3217,6544,7443,5522,8853,3352,5913,6296,7197,670,6176,3498,8111,4144,6835,7477,8765,4421,3272,6985,8143,5840,5459,8532,8278,1623,1368,6105,2775,4569,8284,8798,4961,8555,3820,2924,8557,8048,5748,7413,8950,2806,5242,3708,6654
2688,7169,258,2563,2437,2950,6791,3209,3340,2444,5518,8076,8469,7191,6817,7336,3625,7850,1324,4014,8887,7095,1849,6967,8380,5954,4039,7114,7499,5579,8270,6352,5968,6994,8024,6621,8413,5855,7395,7396,2661,4710,1256,8300,1900,622,1519,8432,1394,8179
8064,5897,8982,5658,5925,2983,1320,7344,5809,6579,5429,1589,1334,7351,6973,8637,6334,4676,3657,2891,6859,2893,5452,8017,4310,7386,2675,8435,8190,4983,8572,6522,7164,7037,6398
3716,1540,2313,5131,398,8847,2578,3872,7840,8994,7075,807,3242,1194,7596,2733,6190,3379,8759,8251,572,5181,4670,8512,3904,8385,5827,7104,2242,8774,6340,8643,6731,7247,4815,8788,4439,5470,7646,6367,2149,1126,6893,2543,6767,8191,2167,1403,4094,763
