0,8451,8966,2438,5770,5387,6421,8983,284,7326,7201,7715,6053,8357,8360,4264,8618,8489,7344,5554,6709,8502,7481,8251,4925,3647,320,5188,6599,5831,5580,3277,2510,8271,8780,5713,2002,4563,6483,5718,7128,8798,7422,7268,8677,4581,8039,8683,6507,876,6254,4335,7023,2932,2806,8439,2425,4989,254
4230,8839,1288,6409,5128,5131,8716,8973,519,5773,8338,5654,2199,7704,6683,3974,3229,3489,2595,6695,6704,8368,8499,7991,7865,8636,447,1346,7749,1991,6600,5191,4169,4427,1097,3917,7885,8520,1490,3795,8532,7386,8667,3682,5353,8043,5612,1387,3054,5232,8948,8180,7415,8312,6267
1536,3589,3077,5258,2956,7948,8850,5650,280,8351,6432,8609,807,8103,5799,3242,7469,4271,5050,6075,7358,8382,8512,3138,3013,5575,4936,6216,5705,7883,3148,7116,4818,8788,4565,3286,8922,6491,4316,7643,4062,1630,3171,6629,7013,3557,6250,5613,4717,4085,6262,1399,6780,6142,2943
7424,2689,7682,5893,3466,7183,7696,8722,7827,6933,7189,7958,6554,7194,8099,804,3493,7334,295,2471,4521,6820,2728,6572,4003,4654,5886,7598,4017,434,6325,1718,4024,7608,8513,7618,8259,8515,1989,454,6855,8390,465,6998,7255,7513,729,222,5990,7277,4593,8056,5244,2941,8318
6401,6018,5891,2436,5892,8327,7563,2188,4492,4748,271,3728,5137,4368,7318,7448,8088,4636,8478,6049,8226,2724,2344,8363,300,6958,303,7102,2885,5318,1223,4806,2559,8268,8277,7126,6103,2647,3290,1755,5854,5857,6882,5090,8164,4453,4218,7271,5224,1772,244,8565,5369,1914,895
6017,3713,3719,6027,5516,7950,5519,6031,6677,6549,7578,5275,2973,1438,7583,4643,424,2603,5548,4395,430,1713,2995,6968,3898,1215,3776,6207,3010,583,4425,3788,8397,4050,2773,3413,3669,3032,3801,8154,5856,97,7649,4707,2914,6501,7265,4204,7409,4595,2804,5626,5755,4350,2687
8580,6152,4234,782,8334,912,8720,6163,8727,1816,3226,6043,7836,4253,5915,7835,4905,7210,8364,3374,8753,8374,2102,6200,2748,8639,4927,195,6852,3143,6603,8267,4311,5080,8311,350,3294,8805,8296,745,1642,5995,3692,3433,4589,1649,8694,7671,8314,123,6524
8321,4482,6916,7812,8457,7691,8974,1302,7575,1944,4249,8474,6039,6934,2845,1699,8747,7470,1199,8501,4406,7354,6970,5437,8383,8768,3141,3654,6470,4037,8525,3280,5970,3545,3675,6237,1501,2786,8931,8548,4324,8681,1898,7919,3955,761,1911,3448,5753,2300
6657,7170,6915,7299,7685,7558,7941,3844,5256,3335,4363,8204,4116,7956,3734,4125,5405,7966,6050,6307,5284,1701,3753,426,6443,51,4788,7353,2873,7486,8002,2766,8655,2129,2769,3797,7512,5336,5212,7132,8422,619,5742,5617,5618,7922,5236,4469,2298,8831
2048,3586,5125,135,4872,7817,6538,1160,6026,6038,8214,8217,5658,8092,8476,5026,3491,1830,2983,5546,3626,940,8623,3248,8370,5429,7223,5688,5690,7104,7745,4548,325,8774,4299,4046,4177,4693,8278,6232,4696,5470,4575,3042,7269,2149,6375,4713,4844,6893,5486,3695,7152,8434,7923,4094,5624,7804,8701,6270,5759
8194,387,8197,4607,4878,400,8849,8468,5142,3480,8348,4637,3740,8223,6944,5537,5660,4262,7207,4648,7600,6833,7604,4791,1080,3641,6715,5436,5313,7366,2375,7369,1610,2891,8779,5323,5070,6225,4694,344,7388,4958,998,6118,7528,8553,8423,3694,3696,4081,2929,5364,5238,6012,8191
8956,5257,7566,4112,2964,5245,4122,4506,5020,5406,3234,4259,7205,3878,8487,4904,3881,5158,7218,8243,4915,2173,7220,4023,6712,2883,3785,6346,4558,4303,4689,6739,4181,4824,8280,2911,5091,2279,4327,7145,3306,5480,5484,8552,4078,4591,2539,5490,6899,5107,6133,2167,4732,4605,5502
5632,8449,7297,8581,8575,7304,5009,1683,6035,3477,1558,8470,22,7446,6560,6305,7074,6178,160,6823,7464,4138,5163,3883,8239,5936,3890,7476,5557,2229,1977,7867,8004,1348,3780,8389,2127,2128,7765,8149,6365,4704,7398,4199,8424,8809,5482,7407,8688,7024,6901,2934,8825,1662,3711
5505,4866,4740,5509,4103,3976,5386,5393,8210,4499,5402,4508,5533,4900,3365,3239,4392,5673,1961,6955,5164,3629,5672,4783,5168,4529,4528,2747,1469,4285,5444,4678,4424,3916,4391,4437,6742,5207,5208,5592,5344,4320,4578,4965,5350,360,3178,4973,5229,4846,3952,4461,4208,4600,5114
6146,133,4871,5513,7690,7051,4233,8464,6928,2039,5013,918,5655,7960,5918,1439,1443,7078,4522,1836,1709,8494,7349,4022,3644,7101,7364,4680,3656,1353,6097,4946,8403,6226,8789,6870,5975,5209,5466,6878,6244,3688,8297,4457,8174,2927,3312,6514,7411,7799,8568,7161,8189,5630,8447
6913,7937,2561,3464,4618,5899,7829,7831,3224,7450,7838,7712,5792,7587,5156,7333,4133,5289,6701,3501,5943,2745,58,8891,1980,6717,4543,6468,5324,1741,1742,5071,5709,8912,3666,2771,6738,6220,4817,4058,3292,7902,3425,8419,3942,2024,7532,1516,7917,3824,4726,7928,6394,1787,5116
7047,5768,2313,6282,6411,4747,7309,8968,3091,6298,2334,3616,3872,7075,2339,7213,6190,8109,6577,6450,6579,6014,2359,4153,4921,4542,2367,3264,1986,7747,8260,4932,6344,3657,6093,5965,8017,6354,6228,5588,7518,4195,5731,1251,5739,4588,6258,7932,7037,6398
6531,4108,6418,6295,8087,6169,2074,6434,5288,6057,6440,5928,1840,6065,6323,3252,2740,8376,2111,5829,6654,8775,74,6347,2125,5837,2897,7633,6355,3411,4312,6105,2782,4703,1254,7014,6376,6121,3176,2412,5869,5101,5487,3698,6392,2044,3325,3838
3072,8832,7818,3468,5135,3856,4113,1042,3100,2077,1566,4767,1824,2978,2083,8483,6181,1832,1833,5931,2477,1586,2996,9014,1850,2754,1604,5707,2254,3284,8405,5972,855,1625,2906,4957,2272,8549,1518,2543,1778,3314,2293,6134,1525,2553,2042,1917
4737,2053,1543,3721,5129,5518,2962,5139,2067,3987,3227,4379,1435,1693,2602,7979,8492,6061,694,3127,1724,6467,7748,5063,2895,7378,2644,6871,1495,217,477,7134,863,7264,94,98,4451,7779,2917,5859,7529,6898,5363,2421,5878,1142,251,1277
1538,8453,262,4869,3977,3853,6800,2065,1681,6680,8602,2460,6558,2591,2722,2855,6951,4394,7211,2347,8877,2221,7855,6192,951,6328,6585,2362,4026,1852,3005,2762,4942,4945,1234,6867,1747,4955,7133,2654,869,1767,5736,2793,4843,4974,3953,3582
1664,7809,6658,1411,8324,8712,6153,2571,5263,2704,150,1687,2710,1686,4251,2462,6176,8994,5922,1831,1789,1194,2989,5423,689,2226,6198,7992,953,954,572,8126,1727,3904,8130,5699,8516,2629,2630,1730,5064,2377,6858,8392,4676,5453,8526,5452,2512,4688,1365,6741,7638,5339,2525,1374,8544,3296,1381,8038,2278,7527,8037,8426,495,4592,6895,6128,6767,8692,117,4853,4221
6720,1154,5443,8292,2949,8521,4428,7725,6862,5583,7376,791,8882,5270,8150,7802,6681,2714
4386,4227,8003,5989,165,2023,8930,1998,7824,3761,4657,6674,5683,5489,5621,7739,5407
3840,8067,1540,5637,6661,6279,6793,6154,8843,6667,8077,7822,7434,7954,6931,5907,6293,4505,5148,8605,3871,1061,6952,7081,6826,7724,7483,7614,7871,7487,576,4800,7372,6736,8913,5841,8917,4183,6744,7641,5852,8032,5730,8551,6761,3818,7915,8940,7019,7913,4463,7666,5493,8182,5246
8829,6151,8203,6669,7311,8848,8976,5649,1940,4246,4886,7833,8601,6172,7069,6302,2206,7452,2977,8098,6946,8871,7593,6445,3378,8500,7350,7993,8505,190,4552,5834,4172,5582,1487,7120,5328,8530,5459,7253,8541,5473,8290,6626,8169,6892,6765,6129,6771,8054,4477,5119
3329,5639,4359,3978,8842,7055,8592,3474,4373,2454,8341,6805,7322,7709,8222,7717,8998,6313,8362,8367,4658,3123,7032,5046,7232,8001,8901,7752,5449,5578,2252,3068,3406,4947,8019,7895,7257,2265,3421,5853,6877,2274,7011,5476,5356,6381,6773,6008,2041,4091,380,8830
640,8576,8448,643,4483,3461,5765,8710,7688,1173,1434,2331,7839,2169,4515,2467,6308,2342,6570,5420,175,4913,6194,2482,6196,2612,438,2105,5051,3004,2240,3523,8133,7239,6605,8653,7508,3162,864,2016,3836,3684,8167,635,1774,7535,6387,6137,3450,6907,8444,7423
7428,5894,5640,1037,526,5392,4115,8343,1821,7840,4898,2980,5668,1447,8234,7858,8884,1589,8503,7609,3519,3395,7107,8519,4042,8909,1616,4439,3673,8153,3803,604,6498,227,7782,8569,4331,6635,6251,748,237,624,8305,8690,3317,6649,3069
4354,4101,6533,4360,653,4752,6803,4377,7323,3356,4381,8096,3876,553,3884,4790,8886,3254,8634,4157,7999,1474,8770,3911,199,3401,4811,7629,4173,4175,4304,7891,3035,8927,4070,4198,1640,3947,8301,3950,1646,4596,4086,4601,6650,4604
5376,8195,6022,5497,2570,267,6040,4124,8477,1568,2082,2210,2084,3619,3238,4393,2474,4531,5812,2750,3007,830,3269,841,844,3662,3791,846,3281,466,1237,2520,4188,1373,4572,4321,2921,6890,2922,3187,1140,4087,3577,3196,3454,6399
3456,8833,8962,768,1284,1152,2823,8456,8844,1038,8593,4371,1300,1305,2715,8861,30,8862,8989,1186,8866,4772,1317,1065,2219,1323,1325,817,3635,8627,181,4534,8249,1212,701,63,1216,1089,8258,8771,1601,712,2248,2122,8264,4684,591,599,732,860,8928,4705,2147,3301,3175,3436,2669,750,3184,7546,2299
1665,1028,1542,3207,392,1671,2567,1679,2069,2582,3607,3608,2841,4890,5653,3102,927,3106,3237,1958,1959,2087,6309,938,4523,1964,937,2735,946,948,828,2751,704,834,2116,3023,978,1235,212,852,2645,1240,472,218,475,859,4317,4318,1246,1248,355,1380,743,2920,2670,241,372,1019,3452,510,3455
4864,1025,1155,5508,1674,2827,1548,1676,5008,3222,7447,2585,1052,1564,929,2338,3108,6436,37,1576,7592,2218,2222,3760,2225,3632,3382,3383,7351,2107,2109,2237,706,2371,2372,3651,2118,8132,2251,3022,3279,848,593,853,8279,858,6874,3933,740,871,2919,5481,2666,235,3565,366,370,3700,2679,376,4219
7040,4224,2818,1667,6788,7044,773,7175,6664,1418,6668,4236,6160,5521,3346,7572,5781,2326,8598,2708,5273,7706,1692,6948,3369,5802,5675,5932,7341,8366,8127,3650,4674,3266,6088,4170,3403,7628,3146,459,8401,6610,88,3834,5471,7521,4193,612,5478,5865,6636,3308,881,6518,4986,7803,7551
4609,5507,2692,3331,2691,1798,6406,2184,2829,7439,5264,8591,3215,3604,4500,4118,3992,7065,5016,4129,2340,8872,4011,2732,4653,7599,7088,8629,4922,7355,1854,8008,7502,4307,6100,3798,1757,7006,6750,3936,4708,1769,1770,4970,6894,6641,7281,4474,4860,5117
3842,2693,7050,6542,7699,6676,2324,2327,5018,6811,1820,2203,5790,7203,292,2469,6311,8105,3115,6702,6578,3126,7736,2617,3896,7100,8381,1860,3909,2761,6729,5074,3667,4691,5587,2262,8663,6872,2524,3423,6249,8188,236,6126,6389,3190,7159,5368,7675,3964
4097,7427,2052,5635,7043,3846,6407,5905,5784,7579,7195,4895,6559,5408,5031,7722,4909,5293,5295,4786,7733,7478,4537,4413,4414,7870,6080,5441,5438,2624,5571,7237,3398,7494,6213,5202,3541,5973,2137,7773,8158,3041,6245,3686,6120,2162,7285,5498,3581,3710
4225,6659,3075,2307,646,7052,3982,2834,7315,4503,2328,6551,6391,3099,1571,1960,1067,6062,3759,3122,697,4283,7996,5308,443,6465,6084,4935,6224,5712,5847,7899,6876,1629,5087,1889,5217,3553,8165,5223,5096,1513,4839,368,2418,1655,7417,6906,7805,3199
6144,4739,3204,4995,2822,5767,8965,2061,2062,1167,5780,7577,2587,1436,1823,6689,1827,549,8106,1579,4652,814,2864,305,5424,1716,441,8121,5310,4545,7876,2757,2503,4809,1356,3021,7887,5971,3931,3420,6109,1887,2402,5607,363,365,367,4720,6005,374
1545,265,7053,1677,5007,1427,1689,2459,2971,1565,1694,2205,1829,5415,2088,1834,3882,3756,1588,7989,2104,3131,3516,2756,4293,6726,4040,8138,589,4814,3283,981,8151,2011,247,862,5216,1377,4706,2019,5479,5095,3182,3183,2672,4978,1781,502,5367,1918
5504,7555,5255,7816,5772,4622,3600,7952,8471,6167,6046,7710,4512,1575,7337,1450,7467,4780,3504,1584,1587,6584,6587,3263,7619,5445,3910,3402,1868,2767,7890,4052,5332,3928,3165,3037,6496,2660,3174,7272,2409,5099,4716,8172,3186,3315,8052,7412,6903,7929
4356,1932,1935,1296,3861,8472,1688,4121,4891,2842,4514,4906,2354,4402,6454,1847,2235,956,445,829,1853,8000,2238,2236,3782,5703,3142,842,1614,2385,850,977,1108,3158,5081,2778,6235,1503,1504,4449,738,7530,2923,5234,7539,379,4210,4598,2811,2812
258,7181,2575,4367,6545,274,8339,7569,5269,8599,8220,7076,1188,4134,8615,4776,4396,6447,2352,2096,8112,6836,2997,5174,5303,8887,7226,3261,5694,4160,6592,7750,8263,4044,5072,4434,725,8024,7002,3166,2530,4579,5864,8810,7659,2027,1900,3179,8432,1394,3570,6516,8438,6777,4222
7425,3202,1796,3973,1928,4873,8714,6923,7437,5391,3984,2580,5271,7191,4764,6431,2080,5794,2850,7330,1957,8614,5030,5159,5417,6698,8365,2608,6961,2619,8764,6461,6081,6721,5057,4167,5704,3145,4812,5584,3536,8786,5075,7766,6359,6617,2140,6503,5097,6252,4333,622,3438,6260,637
6912,2688,6021,4744,1801,8076,397,8851,4243,408,1691,6556,7965,6691,5797,4902,3625,4777,3253,4661,6841,7098,5563,2878,7620,8645,8134,2500,5956,4302,1744,3542,3415,7644,3550,3039,8672,8417,7519,7139,7396,6757,7270,5100,2799,7280,8561,2674,7667,4851,5365,7283,3831,7931,8703
3201,1923,2563,6405,7944,3338,7947,6029,1806,2702,3216,6675,6044,3484,4127,7328,7969,5410,5665,4645,8486,7850,7090,2355,1843,5686,2614,3894,1849,6850,3270,7496,5961,5968,3793,8148,2390,2008,8409,3418,6747,2269,8542,8543,8800,7009,5984,8288,1759,1007,4466,8181,3958,8695,3065
8836,8969,5002,3597,4111,4624,8466,3603,7193,3609,3611,4639,6818,6947,4388,7719,7336,8745,7082,4650,4014,6831,3375,4273,2610,8371,6324,7095,6206,4287,6976,4416,4034,8648,7881,8650,4813,8270,6994,8022,7039,3160,1752,7642,6621,2909,5855,6372,3812,8046,7154,4979,4348,7292,5887
2180,2437,6535,1929,8970,5529,2972,7580,2588,8479,1825,3748,5541,6310,2089,1581,2478,4277,2555,7485,5954,2499,1863,5579,7373,5198,3705,721,3539,5716,7382,7383,214,7001,4570,4187,4827,6233,5983,7777,7906,2659,358,7143,3180,4590,1905,8698,243,2038,8057,8570,2043,8316,509
7169,8707,4998,3209,2444,1936,2583,1050,5403,2844,3360,3105,297,5034,2862,2554,2738,7474,695,6073,1466,6335,2241,2626,2758,2124,3020,3025,2642,3960,5845,471,4826,1115,5980,5724,6366,5088,4448,736,1888,4326,231,489,5354,1262,8559,2671,5361,3185,5239,4216,1274,2557,1022
6273,3843,2825,5267,4756,7062,3739,5147,289,5539,8230,3367,4139,2485,2742,4664,1721,3768,955,1722,2106,6840,5439,6466,836,6854,3783,7241,7114,845,7757,2255,8146,469,473,857,7515,7258,4322,2787,5606,2918,5994,4074,2156,6122,3566,1015,5750,7927,6648,7414,5754,1278,1919
5506,515,7300,1925,5510,2950,8584,2953,4617,395,644,7949,1805,4241,3090,8469,6166,5785,1818,3483,8347,6941,3355,543,2465,802,6188,4016,8369,3509,2999,9015,184,4410,6459,8380,2490,1984,3397,2120,7759,2384,5329,8658,4949,4444,1885,483,2661,6248,4077,3313,6002,6263,2431
3718,1030,6791,1163,3340,2445,1550,5005,4625,6034,7186,1172,2837,7057,5395,6168,1561,5786,4635,799,5536,6817,1058,7080,2351,9010,3507,7987,6967,7482,6589,4926,1088,6853,1734,8007,7367,8651,7499,5710,2000,81,6352,2514,1619,4823,5725,2014,2528,7136,7395,5605,4710,6119,1256,8300,108,5102,1136,4849,7664,1784,762,6653
1281,4099,8963,7046,6281,2828,6796,1554,3348,7962,923,4382,294,3623,6441,7595,1324,5805,7982,8247,8888,825,5562,3388,1084,958,2110,4418,7108,7236,4550,838,8262,1093,5322,3531,6221,2894,3533,1105,3282,3540,3927,983,2905,1370,8413,1118,8287,8929,3554,4836,1519,6639,8945,4082,1524,4213,7028,4982,4857,7548,894
8192,5141,2071,5670,4647,3112,6716,7231,7743,3663,8790,2135,7772,8806,7274,1653,6265,4729,7298,8330,7325,7852,5811,2744,5819,4797,6338,4802,4803,7672,8393,8394,7370,7882,4815,6362,4834,2284,8429,4852,8443,763,8446,7946,4369,8986,6953,8496,308,3897,6457,8510,6464,5964,6992,8534,8535,1368,6486,5978,5991,6511,4980,7540,4983,4991,1408,6024,8587,3472,2449,5522,8081,4501,417,5032,8621,1968,8626,6067,8628,4553,5066,7626,8152,4059,1506,5603,7140,8678,1514,6131,4599,5112
5890,2056,5130,2323,8224,4135,8748,5677,1838,4143,8240,5425,9008,311,6711,3385,314,2877,2879,3139,2631,2378,5967,8539,2399,2145,6243,8555,8557,8820,2434,5764,4742,3219,670,5535,2208,2216,8873,1705,5549,2992,8637,5827,5840,4054,8415,4831,2276,1776,3057,8946,5879,3064,5627,2813
6978,3460,8585,7177,332,4182,4698,7930,4700,2716,7776,8289,7853,6446,6766,3377,8115,8755,7477,2292,8508,7738,8379,2940,382
7565,5647,1807,3093,7319,8730,8604,1950,6179,678,942,5809,7986,8631,2233,6973,1857,2242,7623,5577,1874,1878,479,1635,8550,7017,2158,8051,8437,1017,7164,8190
512,5633,6786,899,4996,4229,5646,273,8977,8979,788,8981,3218,4006,685,1965,9011,8758,4539,3132,2108,8765,5950,6341,5573,7240,1994,2123,8910,4049,5586,3538,7380,2780,737,5089,3299,503,993,4472,6369,490,491,4076,8941,5996,8943,4339,3319,504,3706,507,8700,4606
513,2051,7556,7431,7307,5644,6798,7441,4627,8723,8085,6296,5913,4376,795,7067,5276,4510,6815,6047,6561,6437,5925,6316,6191,1072,6319,5938,4020,4279,7864,5820,6077,7229,8638,8640,5698,6984,5455,8015,5457,5204,5078,4954,7774,1120,1122,8291,6760,7273,2153,8048,5873,7410,7935,7282,7924,4223
4352,5377,4610,5121,3971,902,6795,6539,2830,4117,3223,6424,6936,6428,412,5022,8606,2976,7457,7846,2727,6574,8111,818,7988,6839,4673,4163,4421,6982,6983,6085,3920,7251,6911,5720,7769,8671,8799,3169,3298,7652,7781,7525,7783,5355,5740,4464,8564,7668,7031,5241,6141,5375
7171,5380,6020,4616,5643,4364,4877,5262,404,4632,6170,6426,4766,5804,7468,7473,5297,4403,8497,8116,7607,6074,4027,7288,6205,2623,6340,1733,6215,7497,3530,6604,6349,8915,7894,7511,6490,7901,7391,4961,868,5220,6116,6759,4969,4459,5744,4212,7413,7541,7542,4344,5242,7549
6274,6275,8579,8068,6283,5775,4114,7826,916,4630,6685,4893,7459,5155,8227,5924,4009,7978,6699,5166,6575,5680,6835,8244,6837,6452,3639,6708,7866,1598,7616,5825,4036,6727,8011,7117,6481,7636,7893,7127,4952,8026,7130,6367,4837,4329,7536,5745,5619,2803,7545,1531,5500,6015
7296,4478,4867,6276,4615,5512,4106,6540,7694,5136,5524,7703,7321,7834,5628,5404,8094,6563,5667,7973,6830,559,3888,4145,7606,7737,7611,7868,5061,5706,6860,8141,7375,7504,8916,5460,8918,6231,6745,6363,1117,4701,7016,5868,8556,7537,3825,4340,5748,7157,5881,6140,4733,7294
7042,6919,3085,5776,6032,6161,5397,4245,4631,6809,4763,7073,6562,3874,7084,5678,4656,5810,7475,7346,5815,7875,6724,6345,6602,4938,6733,5325,6479,7249,7892,4828,6236,7517,5215,5468,7905,7523,4196,2407,4841,7786,7531,5866,7150,8050,8178,7796,4722,1526,3832,6139,6909,7295
7939,7172,7813,6665,6028,6797,6670,1685,6940,7581,5791,5152,7458,4771,4903,7338,8619,7340,4524,7083,7471,7856,5933,5305,5946,7489,8388,5062,8009,5321,7754,7756,4306,7125,5974,7904,6242,6371,5093,5733,5735,4968,5862,8554,4966,4972,4332,6638,4079,4724,7286,6646,6390,6651
6785,4868,8838,6663,4104,7305,8079,5778,6802,7573,7064,7961,6299,4892,6942,6687,5412,5542,5545,2475,4911,5431,1467,5696,5186,6980,4805,7755,5581,7758,6864,7762,3028,6873,5849,6107,8155,4189,5342,8159,3808,1511,7657,5226,8042,3439,6001,5111,7925,5495,6520,7033,4602,7420
5123,5253,7689,7821,4495,7058,7059,5372,5909,8086,4248,4641,5281,7589,5037,4401,3889,7859,6834,8504,5947,4667,959,5312,4930,4420,4808,5193,5708,8142,7761,5330,6609,7634,7635,5848,6616,4959,7648,8161,4192,5986,7908,6374,4456,5098,7660,7663,8175,8817,4089,7418,7291,5756
4357,6474,8139,8016,2386,3026,8340,5911,3736,3287,5149,7454,4407,6880,5474,8163,1191,6954,6827,8749,8303,7093,8950,6583,3192,569,6269,1150
8064,1668,2959,8975,8465,5011,8212,7832,8857,8607,9002,8879,4275,9013,8761,5435,7612,8893,6462,7360,8385,6211,7878,8902,5448,8137,6859,1229,4436,1110,1623,4569,7771,990,6625,1762,4582,3430,1384,492,6637,1266,1660
8582,7430,7819,8590,398,6929,2578,7192,6303,7842,2723,6692,675,5543,1068,4782,7343,7087,7348,5941,1592,1595,3772,832,7233,2113,709,8523,1357,8911,7123,6102,7897,6620,7266,1893,7806,6764,3567,6769,5883,893,2302
7168,6528,4485,6790,7942,3339,8075,8603,1053,3487,7072,6433,7462,7206,7849,3117,2606,4146,1076,8117,6330,6334,6079,8773,4039,6472,3913,6782,6732,7377,3288,5464,3419,8668,8185,8156,4067,7397,7400,7933,4346,7276,2796,5103,7026,8179,3059,8953,3321,7674,8061,6526,8959
7553,1793,8071,2824,8205,2190,8846,14,1170,2965,2967,5532,6045,1697,8865,2212,6183,2731,3886,7862,5047,8124,6848,962,5060,3144,1738,5195,1101,6990,8656,8914,3925,5729,3939,99,7653,1126,872,1130,7404,1391,8818,499,6772,6130,8310,1271,4473,7162,4475,7807
2699,8972,779,2957,8335,3857,8852,3989,8728,5531,5788,3997,8992,5793,4770,5292,3628,4144,1332,8373,3510,698,4030,8254,3521,5185,2502,3659,1227,8399,6607,1233,595,7509,2518,5595,1631,3045,8934,3816,3305,6124,7918,7794,3827,2164,8435,8563,4215,2547,6393,7677
1795,1157,1285,1797,3081,2314,3979,8332,8971,5134,6287,7187,7700,6550,3479,7320,3993,5917,3617,4258,7976,2600,2604,5807,1202,1459,4919,6201,4282,4795,3901,7034,7622,4556,4429,6487,5850,8284,2397,8286,5601,7393,8547,6631,4967,3437,7021,3568,8049,2422,7673,8442
4480,6019,6917,2694,5381,4488,7693,8078,1040,2705,5906,1429,8982,920,1176,5023,5024,7845,7591,3370,6828,7597,7215,7727,3763,4148,565,7734,3520,1473,8896,6851,8899,8898,8643,2247,6979,2121,1865,2765,974,1358,6351,6356,3164,8924,734,2655,6752,3548,7142,2535,8937,5998,7151,7793,753,6643,888,8823,2680,6905,1403,8572,1405,8702,1791
3970,1414,3462,7054,1422,4498,8854,790,8345,8987,1696,8355,8996,8997,8868,6566,9000,8875,2094,9006,8880,8881,1331,6068,1205,1078,1463,8883,1210,2363,1341,8895,2495,8511,8386,965,1221,1606,8904,1225,8905,715,3449,3400,1481,1231,1143,8791,1498,987,2012,8802,8932,8933,873,8938,7665,2546,8307,2294,6135,8441,1146,1147,8958
4992,6403,7301,5766,2696,3212,909,6672,2833,6289,6291,8213,3991,1562,3998,4255,6174,1569,7967,5920,7331,1535,9005,6322,7602,8372,5559,8120,8633,5434,3003,7357,8894,5183,6208,5955,68,4551,6471,7753,8903,7113,1740,6477,970,3923,2775,7384,7263,7903,5346,6756,5352,6634,7147,7020,3821,5358,8815,7534,4984,7030,632,2558,8319
8323,1003,8407,317,8255
8352,2889,2223,6614,1311
1376,8384,7260,7216,6972
3459,3592,8588,6157,3470,3088,6165,3352,3225,5530,3865,7197,7841,6051,4517,3621,1320,2858,42,3245,4141,8242,7091,7732,3511,7479,5817,3257,3259,8123,3642,3518,8762,3001,4670,7363,5959,8778,2381,2893,5839,7889,5335,6238,6497,7651,3427,2664,2924,2541,2286,3826,8062,3188,7544,7801,6522,2814,6655
3585,3715,2309,3337,3850,3594,4365,6286,3214,2706,2451,2196,6292,8215,3097,4889,2078,2463,5671,7848,3495,8107,2860,5552,7089,3634,1970,2867,6456,5432,3384,2875,3775,3135,8128,2882,3524,3526,6217,6730,6606,8143,5715,8028,5214,2273,7138,8033,8036,8166,3689,3050,6640,4084,7029,3574,4855,5115,7550
7936,5760,1286,3593,2573,3727,5265,7314,3475,6162,3233,8101,3111,2472,4137,2090,7079,2350,7983,5550,3637,2870,8763,2364,2429,2366,7488,4290,6723,3011,4292,3778,1476,8777,4682,2635,4685,6222,3154,2132,3285,5334,5594,5082,4191,5477,3814,2794,3564,1134,2288,6259,3443,1909,2550,3573,3704,2045,2046
3968,8198,8967,6920,5001,2058,8458,6284,3858,2194,5401,6425,3615,3744,3362,1059,3371,6317,3630,5935,1329,4532,8245,6966,3129,1338,2493,8257,5442,3908,6089,5450,8649,2508,7243,4431,4943,5458,4819,2387,1493,2901,4185,3678,3551,6240,3681,3810,7141,8294,3561,4847,6515,1011,4341,3702,6776,8827,8060
8066,2178,6662,7303,6922,5898,3342,2831,7951,6544,5902,3731,8083,3095,2968,7063,7707,3357,3358,4000,3109,3498,7726,3503,7984,5043,8756,2868,2615,5049,6458,3771,1596,5052,1339,3140,4295,3272,4041,7632,4561,3665,4438,2783,1891,3172,3303,5610,3051,3820,4205,2161,3441,5877,8053,6007,2296,3578,7293
8704,8705,8706,8708,8709,8711,8201,5642,8715,8719,529,8725,8726,535,5151,8736,8735,8737,547,6180,8743,8746,556,1074,8759,8265,8276,8793,8804,8807,8302,8309,8322,6789,8325,2186,140,144,8853,156,7837,8885,8897,5830,3273,8906,8907,7371,8396,206,8908,8400,7379,8920,7390,4323,2283,8431,8947,2303,8452,6926,786,7443,5398,8993,9004,4397,3892,7510,4445,6500,8573,2433,6048,8617,7096,5053,452,8647,8652,3535,6098,8659,8661,6619,8674,6117,8679,6633,5622,5629
8462,7568,8342,3738,1307,1184,7713,5282,8739,8741,935,7209,7465,8750,7854,8495,1326,4019,7731,3379,6710,1334,2488,8760,7480,6070,7740,7869,5181,8129,2373,8776,6986,8012,8787,8660,4310,7767,8537,8282,7646,8041,8047,2034,2675,8821,3193,1786
5761,2946,3716,645,8202,2318,1294,6416,7695,7570,1298,7955,5648,6423,6682,7451,3103,5921,34,932,810,812,1198,7728,6963,5428,8118,4665,2491,7872,3393,7362,4165,7507,1750,1242,6624,3552,1250,6627,6384,1521,7408,1264,5366,1657,6396
2177,4994,6278,3724,3473,4754,8596,4758,4504,7198,4384,7718,4520,6184,1706,4267,7596,2856,5426,2866,7994,1219,2505,6731,8783,8527,7122,6612,980,5722,8283,4060,3038,6623,8801,8803,2916,2404,2532,3302,3944,2537,2667,6385,3828,4597,7289,3322,4861,8574
5249,4738,1921,6149,2568,7561,3722,5132,1933,1934,4623,2320,8717,3860,7061,5527,1567,1314,4516,5286,8232,6187,1967,5553,6706,2227,5299,1717,7097,7492,6725,5702,2759,6728,6985,8183,2646,2523,6114,7784,5609,874,1643,4976,2290,6642,7669,6647,2809
7552,4613,4741,7815,7433,2316,5901,1937,1941,5017,1946,540,6813,8733,7455,5664,5280,8095,4896,8356,8485,7720,169,6568,2733,8238,8622,3120,5040,6064,5171,1973,6326,1719,5693,6845,8767,6594,7493,5957,7495,1608,6091,5068,1612,6735,3792,2258,6997,2007,4440,5593,1882,7259,8411,8030,6111,8926,5347,484,7910,7655,4585,5867,7403,7406,7662,5616,2031,4338
7681,6148,2820,7432,6536,8,8328,524,7179,8461,8207,6673,6930,1811,6548,5779,1814,6290,4760,2457,1945,3864,7190,2461,1952,8354,1955,6567,8231,5419,1452,1455,7217,5301,4150,1461,3765,6842,4284,6844,8252,5566,7490,5700,5447,3016,5065,8402,5843,8404,3671,6615,5719,5597,3935,6113,8084,2789,6887,8813,8685,7790,6896,6003,6004,8822,8440,2683,5884
128,8769,2816,8772,8454,3528,585,649,8841,1869,8781,8847,8784,657,532,8855,8792,8856,8794,8796,668,4257,8236,4399,8752,8306,8754,630,8824,8697,8826
5120,5122,5638,7686,6280,5382,5897,3208,5260,8460,4880,3217,4497,6808,4383,2848,7971,3751,7975,5287,3755,6060,3247,7472,6965,5685,5561,6713,6591,4415,8642,6597,7111,5960,6857,3018,7500,5454,7246,8144,4560,1361,2256,7124,7764,3153,7247,8923,4956,7010,4709,6885,5221,7526,6379,6380,8045,6508,6768,6774,6904,4092,4990
8834,7554,8070,4999,6534,5385,8713,4875,7312,1682,8595,8724,2711,2589,7071,6821,7590,8104,8874,4525,8751,1972,7221,7092,4663,8889,6203,6588,4669,5055,5823,3649,5570,4298,4939,1484,2639,7419,1873,2517,7770,6749,3934,8034,4963,8035,4071,3048,5993,8808,7916,7789,5230,1144,496,4718,4343,5880,1529,6011,3708,7167
