6243,6026,332,2989,5646,6064,2704,2716
993,3944,5549,3093,3038
7206,2667,3379,3548,6270
7017,1326,6128,4758,5690
1762,1540,4485,1061,3302
4384,3865,4439
2284,1334
2242,3470,6319,6577,1053
876,6450,7480,6298,7422
2153,8778,7596,5873,3069
5668,8012,4019,6070,4060
7067,5276,4279
604,5959
6369,2378,4880,6486,572
8075,2796,1589,3132,2334
8879,5204,7479,4569,4670
7047,7434,7734,3322,4637
8643,6375,1865,7026,8156
6184,4872,1130,8203,6667
8234,748,8305,5426,4115
3657,5922,2543
1986,6334
3139,4742,6282,4505,5658
5897,5103,3695,6767,1878
1122,5925,6341,8941,624
4898,4036,3689,1429,6367
6528,8622,3059,7924,8733
8064,8807,492,7612,5181
4834,8588,6522,2290,8762
8801,8483,1447,2031,5624
3840,576,1219,8940,5493
4292,4553,6157,8754,6131
8454,553,657,7669,2071
8291,8709,6798
237,6279
3616,4299,5649,7732,8572
3395,6251,7351,5688,7609
6114,7718,6024,7561,5722
6635,6228,5429,8251,5470
8898,5831,5387,1358,2002
8426,940,6893,689,3480
3091,5047,4696,4251,8255
4360,1514,5457,6165,4376
7747,8109,8690,7481,6398
4267,556,2893,5839,4407
2983,2412,4335,7666,6330
3621,5286,1643,5938,8634
8609,5026,899,8489,1616
6149,6760,4173,8183,7229
417,7781,8855,4510,4223
5770,5436,7197,7326,6079
5671,8048,4183,2680,4766
8137,8983,7447,4472,3647
7776,2976,2286,6141,8606
5305,8708,8847,3223,3001
5817,8986,7801
1635,7140
5355,8908,685,8111,7769
5125,2438,8039,4588,4754
2149,5063,7151,8405,4921
1506,753,3188,5720,7323
547,8806,1653,4983,4797
6242,7626,7307,4627,6708
3427,3462,3245,7988,2303
8357,2733,5486,400,4020
8933,7783,6191,6292,5913
8434,8085,5078,2875,2655
5347,7397,3117,8920,8411
4257,998,5032,4713,6699
7915,5323,8780,4563,3740
8009,4969,7340,4332,8214
3088,7954,4783
3952,4861
6349,4117,8885,8661,888
8674,8067,1314,3878,8527
4352,7528,1160,7946,8791
8386,6985,2858,6187,1610
8236,4877,8303,4656,7600
3626,7344,7128,1403,8798
6944,7566,2929,7473,7220
8385,5991,1229,4148,7933
7487,7251,6744,6713,8799
6833,8194,6759
4732,5484
4195,8772,4198,6411,8982
8579,8849,1970,6899,1598
8803,7428,6533,5894,3673
8376,6579,4989
4259,8271
5965,4112,6421,8953,8668
4803,4081,5650,5588,2806
3586,1384,3763,5718,7740
6982,6154,3511,5246,6047
7360,2856,5142,4542,8607
7205,1683,4181,8026,8956
5592,7885,5773,3319,1176
8972,8846,7854,7762,5115
484,7655,6568,6130,4440
7840,4581,4262,7724,8047
7652,7079,8905,6346,7786
8993,7846,6984,8784,8927
8994,6418,678
8043,8516
5380,4009,6795,1205,6490
5313,4230,3917,942,4631
6658,8324,5263,4221,8765
1696,7951,6133,5404,8895
2404,7731,7891,9014,7223
5280,6997,7910
8238,8926
8130,6217,6901,6774,2012
8068,2820,5452,8685,1455
6225,7297,2229
7314,1662
5377,4163,902,5740,5375
8706,6851,8773
5928,1288
5024,3970,6633,5776,8511
2848,8865,6979,7246,8767
14,5616,3792,8404,8030
1184,8739,6053,5715,7869
8198,6540,8790,1592,6745
8231,8461,7023,6896,8117
5381,7979,4146,3795,8692
2127,3890,8468,8149,2364
8152,8748,7864
5698,4703
3491,7142,6732,4878,7727
7749,1991,3242,4046,3229
3138,5768,4264,6709,4153
0,6882,3974,5158,5464
6498,199,6539,6642,3254
7526,7500,5107,4925,6526
3939,2212,5859,3881,2510
3264,4844,1490,7865,2525
7545,1467,8761
4157,8719
8737,7171,2132,4952,8825
3296,2288,7093,8476,7454
5185,7013,8563,6874,1596
7591,2121,1307,8061,5023
4610,4106,5262,7889,7029
3557,7942,360,1874,5660
8033,3530,1040,8913,3826
5936,3257,5342
7961,7651
4992,7475,8163
8802,5644
3593,5487,7892,4565,8667
8354,8,8813,8818,2007
7122,4172,8575
1097,7201
8224,5350,3724,8848,3378
7841,6497,6289,2833,8123
8496,3356,8343
5112,8449
5637,5356,6129,6771,8829
4647,8243,1147,4828,2429
5128,2728,3248,6262,6296
8544,6176,2571,6895,8923
2664,5066,8975,4275,1110
8842,2252,4947,4091,8830
1697,1738,5546,8431,6963
128,2882,5166,5392,2775
3874,3524,559,5810,8916
3778,6823,5009,7476,2934
8581,8809,5325,6638,22
5155,8549,8979,7636,6837
3552,6786,3299,7107,8758
3744,6345,7629,7441,5468
8129,7849,2537,3277,8722
3904,8998,6736,8592,7895
8128,8066,5346,5815,4889
8099,8741,8495,8787,7958
1664,2889,1003,6614,1311
4582,6769,9013,3449,1660
8195,5640,2474,6040,6399
2696,8239,7024,2387,7765
7646,6735,8728,8254,8959
8435,7509,6607
7794,4030
8392,404,7255,8700,5022
8973,6254,8948,7932,2941
5552,6322,2706,8120,5432
8618,4303,7695,4023,1399
8192,715,7774
3637,4070
2386,6615,3352,5820,6077
5699,2883,8439,4122,6045
3169,6474,8370,8915,8950
7752,6381,3406,8341,2711
5249,3269,3722,6731,6385
3473,7858,980,6612,3317
8322,5163,7371,8884,535
7813,2508,3085,5455,8626
3329,4373,2454,3162,380
2472,2090,6739,6646,6365
5825,6286,8116,8028,6815
8004,3365,8688,7286,1977
3466,8462,1623
6826,8774
5473,4552,3123,6035,3775
135,7983,5334,7064,6873
1830,8776,3176,8556,5364
3362,3615,6670,4306,5791
6730,4138,2541,8987,2173
7268,8037,6887,6842,858
8103,2313,8041,3659,1264
7488,2350,7346,786,5053
7818,3628,1937,1233,6649
512,1320,1994,1298,4605
6371,8554,6733,7446,8470
6672,5397,2870,3991,5434
729,4539,5244
8259,6820
7042,3780,2924,8178,8446
7257,2342,6570,2482,2265
1989,4521,7696,4017,434
5448,2959,5435,5629,990
4770,3989,6393,8284,6303
6340,3592,7761,7668,7549
4424,7113,4689,8702,7903
3850,1646,3634,7894,6809
3042,1836,7349,1558,8447
387,37,2471,1821,734
3808,7074,4233,7338,8189
7618,8678,6986,7948,254
8968,2196,4886
7253,7822
7923,3288,1882,4508,3487
8227,3814,4456,8875,6481
6637,3567,5011,6102,5883
5288,5739,5229,5490,1727
8384,4520,8232,8717,7771
3656,5513,3443,3028,5630
6211,5188,8775,7117,8087
4871,5581,8464,4529,6878
2568,2570,1933,4623,4597
5376,6022,3803,8477,8382
2254,4177,3382,4024,507
7276,1807,6933,4310,3193
8071,8783,6931,565,2233
1536,6800,6325,3196,5759
2210,4124,2223,4087,4572
6531,5091,4648,5232,7377
7745,8596,8283,222,8574
8448,8977,4800
2169,8367
6848,8356,1461,7770,6844
7593,8976,7833,8054,7641
8653,4913,3474,5051,6907
3077,6695,7150,6416,6992
5093,5862,8619,7471,8854
7141,1011,6966,5401,6651
2084,2922,5812,1237,1567
1793,7490,8207,3765,7455
3585,4323,6500,3273,5622
5731,5575,2344,6057,6782
4900,4078,2488,1017,1786
99,1631,5619
1042,499
6560,8452,6118,1719,4089
3663,8465,8628,4436,4665
4246,4477,5852,2589,1791
3785,4528,284,2041,2044
1376,7260,7216,5553,6972
8903,8907,2094,7443,7379
6728,8770,8323
6706,7061
3430,7782,6065,7032,6105
8423,3694,7215,5238,5502
6467,7779,2347,6061,2895
2600,4429,6287
2397,5406
4480,2694,8078,5134,7793
4199,8752,3475,3574,7607
1973,6111,8124,6973,3935
7878,1254,2578,2866,2740
2145,1191,5297,569,795
5060,6857,4717,7767,6591
2891,4592,8017,1365,150
1059,4966,6797,8826,6940
6181,6855,4461,8499,4150
4965,3528,4558,920,4285
325,5837,3022,2996,855
6599,3054,7568,8502,7162
2754,7239,5998,175,8252
4114,6067,8242,3225,412
7266,7372,526,7087,7343
8683,5612,5713,5554,7991
7556,7728,2034,5428,8118
868,8711,4616,4632,2623
3639,6575,4722,6839,2879
7477,4709,6446
5960,7370
8096,6990,7127,6905,5500
513,7398,6280,6379,6803
3493,8808,8555,7034,7807
5090,300,4767
2666,3284
6920,6089,7243,4819,6687
8523,6764,7819,1266,6620
5920,8396,529,3384,6139
8390,6892,5869,7597,4312
1037,653,6511,1967,8893
1251,5893,6142
4218,8565
4615,3564,3892,8573,5149
5632,7016,7304,5866,3883
3858,6802,8827,7420,3678
5955,8355,344,6426,1439
7011,7508,8505,3004,7839
1730,7172,3630,4304,1078
3876,1348,4911,8348,8094
4453,8779,5207,8312,6075
7754,2635,6226,4724,6428
6958,7507,8852,8180,6554
5260,6316,8015,7282,1150
3081,7700,5366,3479,3993
8497,8197,1134
5578,5476
5766,7218,3644,4958,3711
8217,7101,4431
1709,8174
4704,8649,7882,5594,6236
8914,4591,6655
1405,7686
6305,133,7657,7051,4946
6116,4357,2283,4364,6269
3238,841,466,2646,2750
7424,8360,4395,8715,8601
7904,8838,2477,4245,3551
1194,3706,8437
2532,6038
6162,5557,5975,8891,8223
4392,7817,7277,4368,8631
7513,5996,6093
2689,5135
7715,5613,8850,6968,8636
6464,5352,3472,2135,7772
8032,3072,7271,6549,5402
2407,5530,6456,7866,7517
1625,1346,7415
6858,519
3172,452,8139,4437,5918
4806,4748,6643,3219,8478
6240,6244,1353,206,8568
8746,4365,7743,7407,7967
5804,4369,7091,7893,4991
6424,3825,8640
8564,6909
2827,8750,1778,1495,1724
3045,8777,6710,5335,8539
8107,4141,8494,6544,2867
8034,6275,8443,3135,6015
6472,1452,6673,8822,7259
6117,8143,7632,6007,4191
6627,4618,4685,1080,6012
7363,5911,3821,2550,5559
7232,2016,8710,4999,8724
6401,4425,5580,5245,2559
4464,9000,8997
144,8996
5639,3208,7688,7055,3421
7720,8656,8402,5779,3925
4932,74,6031,2237,7518
7177,8585,4698,4182,7930
6146,4517,3688,4457,7799
6020,7084,3666,4478,4543
8042,1531,5444
1469,3942
8290,4359,6859,8857,3871
3872,2885,3127,6169,94
5136,7390,6135
7096,6926
8897,5220,140
3498,5330
8904,7531,5550,2128,4729
4740,3370,7069,4693,2077
5139,2965,1814,2359,4475
1126,5419,2606
3857,6594
5122,2051,4560,6074,4956
1955,4741,2957,5843,5693
7504,7602,7796,1493,8792
6471,6634,3212,7020,3998
3011,1443,7249,4022,7960
3649,7916,1361,2258,8153
8883,6068,2125
5241,6085
6019,4427,7092,5909,6965
6048,8201,5398,1146,7837
4994,2980,8582,267,5497
7138,3715,8487,4084,7063
2978,2083,2539,8212,8569
3884,6514,8306,3573,5466
98,2188,895
5137,2436
1733,7468,2803,8278,4763
7623,7790,2897,5809,8051
1569,6606,7955,7544,7293
4738,6725,2505,2227,3860
8743,7019,7311,4497,4344
5735,5482,2927,5013,5655
3234,7598,5425,6462,6207
2216,3057,1940,8981,5685
987,1685,4847
1329,8388
7448,1411,5318,8552,8280
7194,645,3738,504,1242
2724,872,6765,7189,6293
5129,2602,5516,3698,7583
2053,5257,376,2585,7871
5120,5382,5706,1368,382
8088,5891,4189
7489,5974
6785,5848,6715,6107,5756
8257,8294,6663,5226,5431
4165,2647,6384,2293,6103
8677,7563,8397,7183,7409
5386,3916,7378,8338,7134
7462,3913,5901,4791,5566
7495,7433,1271,6813,8095
932,1832,1833,3178,5101
3755,8909,4143,8503,4383
6752,7309,7037,6014,479
8098,5834,8824,7483,7614
7755,8587,7925,6390,4726
5857,1548,8182,3032,7578
4321,846,6457,4188,7198
7672,465,7608,6267,3068
9005,6830,4596,4790,7030
5829,1381,2512,117,8126
4208,5950,8943
7240,2782
7305,8079,2901,4601,4892
6437,2603,366,694,3838
6403,6051,7147,8213,4984
6609,6299,965
7291,5542
2722,8451,7748,7529,3953
5642,6479,7510,8763,8958
3713,4451,2919,1576,1676
6864,1408,4381
5442,8060
830,5299,7994,7806,6623
5765,1774,7535,6196,6137
4896,2789,7815,1076,8310
7331,6566,8617,909,4498
8834,6308,8901,8167,8092
2247,8947,4980,1909,7033
5505,3976,6574,7536,3704
7809,8038,1831,2377,6198
5729,3016,779,5171,5593
8736,3820,5877,8856,8345
7333,1511,8912,918,5943
864,2612,6749
635,6387
3520,3923,2558
6953,6922
5633,8759,6215,7638,7031
4135,2992,6711,314,7167
8896,2561,4817,7410,4377
7842,6121,398,7348,4506
7937,3464,3824,4058,3358
5664,6091,5040,1170,3321
7104,6538,7469,8910,7152
2914,2962,3669,6871,4575
8769,3971,3495,7852,7413
5312,5281,8175,8504,959
7078,8647,8297,8789,5116
7493,5068,4338,5017,540
4421,8841,4752,8245,7391
4837,3337,6283,2765,2495
3305,7918,3827,3510,2518
7296,5123,4329,3501,7450
1414,7694,8726,1210,4701
8906,7978,8050,8756,7550
8133,6313,8532,8444,8222
6980,3439,7058,6515,6936
4067,7269,6536,524,3886
1568,6890,1140,2520,1373
8704,5450,5037,6425,5947
8036,8325,7303,4682,5708
2082,874,2553,3791,3577
1604,7653,7209,5906,2747
7233,6692,1068,6929,7192
1952,5168,1811,3671,5532
5886,3728,6898,5363,5854
6344,5707,4915,2167,6682
970,8621,818,7635,8735
6561,1516,7917,4027,1787
6274,1231,5745,916,6238
4737,6440,7827,5755,2111
5344,7111,6742,4092,8637
7908,6220,4561,7859,7604
5481,430,217,2109,863
7207,3227,2644,853,4379
7552,1608,7403,2190,6004
1120,8671,5823
6588,4718
5921,8937,3987,6396,7358
7712,5265,4420
7161,6468
7532,4145,6001,4340,7829
2675,1750,4600,3641,7451
7674,2067,2421,2074,6654
7753,6477,4185,4604,7357
7081,8077,5328,5841,6773
5670,2921,8301,4852,8886
160,7523,8141,3832,1117
5957,6790,3339,2731,5533
2917,235,2225,1142,1435
4868,1225,2573,4815,156
8424,2771,7928,7902,4959
640,8576,4515,2467,7423
6828,2964,6998,7350,4957
8240,2631,5287
5561,7971
8512,6483,6683,6780,477
6761,3306,4678
3314,4866
4613,595,8084,2164,5597
7273,5454,8342,7419,2399
7681,7976,4144,5114,5788
6018,8515,7717,3468,8603
7845,7014,6376,8823,4824
6433,4039,7432,6793,5301
4488,1980,6616,8924,2783
3051,6870,5495,5372,6174
5548,4593,1718,5050,2687
3489,6409,7116,8716,7633
3239,1422,1518,7408,8318
4003,804,2218,1772,4667
5898,2161,6520,5849,8794
3908,4805,5902,4341,5049
871,6190,848,4050,3325
2024,7690,5709,8817,6738
8513,4290,9002,3629,1840
6113,6148,6124,1101,2967
5447,5292,7217,6003,5884
3864,1946,1612
7072,8179
4483,3684,1173,3450,2331
7648,3682,4354,8330,3342
2251,3760,370,3383,2107
6661,3048,5582,496,1972
929,7649,6354,2425,6650
1893,1357,4782,5941,7897
7179,4556,5807,5648,8440
6602,7758,4212,630,7288
8453,5736,8492,1713,8154
4930,8911,8400,7123,2046
8713,5130,6060,4499,2940
5799,4492,8623,7102,8351
6808,8070,4463
8917,6597
7643,8363,5878
1052,3279
227,1717,2759
1921,1934
2372,3721,4595,2679,251
7682,740,1543,6572,447
6436,2118,1674,4204,6295
7872,5282,2916,6392,2491
1767,1747,4103
7592,2793
8526,6232,953,1789,1374
5702,1640,5609,4393,5522
7553,2502,8934,8205,3120
3112,6284,2226,3129,763
6534,7789,2932,3385,954
5186,1476,5899,8309,2039
2048,709,5164,2158,1850
5986,3947,3214,4403,5215
7168,3108,2591
1155,3853
1795,3816,3818,2699,5046
8712,1687,2710,1686,7992
6756,7848,8053,5052,5183
2272,4133,6640,6835,5628
8932,58,8265,790,6394
7986,8604,8190
8550,5647
7393,5793,4967,6201,3901
7875,1221,4175,8210,4473
7589,6317,4943,6776,2045
4641,4808,2475,4532,8086
4707,7334,4169,8788,7704
6625,4578,6501,4391,1438
1223,7400,280,6491,6558
7364,8202,3312,5393,2868
8519,4976,6930,4760,4282
2629,7527,495,4688,5339
6600,5519,7388,8340,7804
585,4522,6928,7411,3578
6356,7862,5369,4094,7935
8551,5385,3018,5993,4343
5509,4846,7120,2705,1950
5480,6604,2256,5879,6712
2855,7211,8877,5518,1234
3920,7537,6097,3702,7130
320,8056,8821,8760,5119
1250,7622,8442,4795,8286
8705,8161,8302,3731,3285
4192,5924,5868,8244,5111
3144,2604,8373,5595,5917
4459,6860,7059,8215,7511
5967,8144,7247,5627,670
4229,4006,1965,4049,503
4643,5892,4525,7312,4831
4000,6178,1891,8166,1526
5191,7465,6258,5654,4607
6727,42,4630,3642,2814
4904,5672,6347,6355,6685
2968,5946,5935
8393,8510
807,8839,5131,3696,3153
5289,5098,5964,4495,4401
2434,7975,6952,7853,1917
1025,2371,5008,3222,1564
1286,7083,5933,4602,1338
5412,4101,9006,2194,7737
6885,6904,1529,2877,8638
5696,68,7726,6291,8894
4869,4843,4942,593,3005
1869,4399,308,8697,1562
5152,1968,7325,6205,3518
962,7366,169,6326,4346
8553,5775,1341,7901,2463
8874,8035,8751
8889,6011
6946,810,6955,1294,3252
4137,3218,4331
7936,5082
7542,6231,6170,3259,6911
3968,8967,2058,5778,8083
7264,1538,7855,6867,6680
3788,2956,4654,4945,2995
2723,1668,5449,8530,7832
3272,4841,5071,3095,3897
2278,9008,8820,6741,4663
4673,6151,6445,8918,6877
7713,4585,8399,5972,5850
8868,2309,4295,8938,3097
6821,5221,7472,7221,2911
6208,7073,7534,5358,8319
2339,6917,7606,3290,4636
5324,7831,7707,6717,7838
3064,4298,5827
8723,8557
7430,8725,8853,2363,3164
4516,7784,844,3187,2809
1606,2794,3154,6452,8155
6434,5643,4205,8880,8534
8164,5990,8268,8277,7126
1824,34,8902,295,1693
5760,3298,2727,6665,5678
4079,5460,5524,7157,4893
2208,6183,8520,7380,2780
7075,3977,4747,5931,7213
706,2973,1681,3700,1277
8352,7097,3535
1074,4196
2186,6619,4397
6789,5151
7265,6017,5224,1914,5275
4415,8843,8460,3247,5535
2178,4811,8403,1339,8159
97,3719,2279,4974,7950
6626,8169,4973,244,1525
4327,8652,6701,2449,6362
1474,3401,2320,5811,7231
2433,7010,2273,8537,2523
6049,2338,2221,3565,6192
8899,5070,8368,6323,8660
643,3461,2105,1434,3836
1387,7883,6351,7386,4062
7362,3716,4394,1521,1657
6624,5761,6216,6423,3103
7375,7826,6363,6140,2078
2316,7190,5719
2683,6548
6278,1706,3828,4504,7289
3810,6276,974,4733,7294
6374,3371,3441,6834,7634
5193,5001,8142,3889,4248
4996,5573,491,271,273
4771,6180,5830,6098,8793
6880,5474,6827,8016,3192
2824,5867,6772,1945,7677
5667,6563,5680,5748,8796
5061,5458,8659,8535,1498
7660,1740,7663,7573,1535
4551,2860,8372,8633,4255
3233,3050,7611
8389,1143
490,5586,4339,2108,4606
5064,2462,5423
4853,2630
5881,2906,6951
4113,8602
3010,424,5626,3898,3933
3521,8335,1202,6550,7320
4258,7021,3437,2804,7673
7905,8485,7431,6983,2547
2546,9011,6585,3419,7133
3425,7939,3140
7689,8419
5907,5459,8500,7452,3934
2276,1484,5230,1487,5055
7525,8429,8307,7541,7834
8226,6250,5258,4085,4350
1473,8881,7457
1481,1463
5638,1838,8946,7124,7764
4802,7274,8081,2744,5819
7464,7418,3477
4501,2831
2177,3619,5132,3281,5527
5856,8260,8327,5705,2654
3568,4955,4919
1852,1157
3911,5512,7497,7321,5978
3400,6027,7054,6677,7318
8992,7662,1391,2422,3997
7298,7540,6647,6265,8062
4867,3526,3594,8011,7703
7616,8832,3459,5744,7999
4961,5121,4939,3377,7868
8804,7492,4042,3035,3519
5764,6380,6768,2517,311
6723,8101,5477,6259,4855
873,303,3856,5208,2042
7459,7973,3888,1331,2451
2595,3148,3286,2199,8922
5792,5610,8781,7984,8276
2274,8019,2206
2977,6302
3776,7570,2773,3413,1215
4968,4972,2381,7856,7125
5890,8104,1776,5840,8595
8001,4658,7322,6172,7709
5537,7404,1941,8185,5020
583,7693,1198,2294,3801
3460,2535,2323,8282,4669
4963,1873,5880,6203,7071
6338,5603,5141
4059,4599
5730,4875,1072,532,3708
7458,6724,3111,4903,6716
6432,3589,6629,4818,2943
6508,4054,4954,8508,4990
4938,5195,2830,6161,8441
2375,7369,5453,3538,8191
3013,454,4936,4271,4316
3393,2946,2373,2318,1755
4104,4041,5321
5545,5062
7587,4680,6028,3224,3771
4676,7145,6153,6507,8605
8547,2314,3979,8332,6487
3171,8966,5353,6704,1630
5253,7756,6222,2296,5242
935,812,3411,4694,3100
3109,8394,8458,7821,2615
2240,3523,5420,6194,438
832,4108,1595,3772,893
4215,2457,5531,4284,2461
6662,3303,5043,4438,2745
6562,6919,6032,5209,7295
3978,3727,6805,6008,2366
2113,675,5543,8590,2302
6583,6954,3026,3287,3736
2762,6328,2362,2460,3582
6567,8328,1227,6290,6845
6913,5156,8679,6458,7867
8871,5853,8362,6605,8541
7554,8873,5677,8379,8701
3503,7089,632,3003,5214
1857,6179,5577,7565,7164
6978,6766,8755,2292,7738
8289,7590,2639,1144,5148
8642,2056,8045,3217,2813
1705,8115,8415
5570,4700
4524,3950,3665,2493,6942
1961,1741,1742,3292,3357
4548,7913,7319,8730,2367
869,262,2065,951,4026
3662,4531,4086,3454,3007
5089,737,2123,4076,788
5700,1797,5065,7406,1332
6631,5673,8049,1459,698
4071,3751,1682,7993,190
3681,5733,649,3561,7581
4320,6669,1586,6134,1566
7301,8815,7665,7384,7263
3617,5601,1285,8971,7187
1186,1827,2567,2328,1246,30
1248,5095,1781,3420,1694,1823
1154,459,4772,791
8264,881,4474,4236
1601,2184,8753,5683,2102
8866,4674,2708,8374,7546
3266,4708,773,5675,7572
5443,8292,5583,5521,5407
6948,3369,4500,6518,5471
4224,612,5478,7671,2299
6852,6603,6160,8598,4253
1667,3146,1418,599,3992
3331,7175,2732,4307,88
7521,8364,3308,3346,7803
4386,6788,6862,5270,7739
4986,8727,3215
3436,7285
6245,2829,2864,4534,5915
7502,6894,6163,5117,8127
4809,4234,1199,6100,1757
4129,1770,8366,5264,3896
236,8188,7675,6811,3964
6578,5587,6676,8629,8663
1317,3175,1325,2617,7100
6681,7159,7736,5273,350
2691,7341,7439,8593,7065
2402,4927,6934,2845,4895
3553,1571,292,6906,5308
3456,5217,3982
4225,3075
2307,6311,6551,2203,5087
8768,8321,5970,2137,6043
768,7040,6152,3433,8334
7835,4428,6039
1898,8580
1513,2219,2418,1655,3099
6916,6470,3846,7919,123
7876,8965,6407,2248,7281
1816,7929,8471
3600,8383
8872,8105,5932,8591,6876
8931,4037,8974,6970,2300
2469,4935,5074,4503,7996
4545,5767,6641,2326,6750
4860,5096,6249,3403,1692
5408,195,4657,2262,1501
6668,912,4406,4249,3675
4324,5865,4786,1300,7579
1167,7599,6610,6005,1629
4097,7725,5784,4413,8639
5802,3115,5099,4170,3834
8930,7376,6674,5621,8381
6659,8008,7050,6702,761
3936,2340,3686,3955,8121
1284,165,5489,4052,2715
7203,549,5653,7989,5310
8296,7210,1038,5973,3448
3335,8747,7824,7890,3545
6088,7467,7088,3541,8151
1889,4011,181,1212,3423
4691,1798,247
265,2019
1065,4720,817,5847,697
6496,782,1302,1911,2748
4193,2818,3650,7044,6636
4706,5223,8106,4814,7699
2624,426,7575,5753,7195
8472,5507,1769,2324,5016
7619,8172,4909,5202,7551
7812,7494,5031,3734,4414
8457,5498,8501
6120,6050
937,1677,978,3131,2205
5293,750,8249,8158,6559
3398,8681,3280,4922,7966
6443,51,2873,7353,7486
6084,4905,2834,4121,443
6080,1152,5284,4788,3710
8989,981,6454,8861,3263
1820,3122,4283,732,5790
6729,4652,4118
2524,4653
8548,5445,2052,7237,8525
2949,6406,8521,6391,7802
745,4589,8311,4311,7132
5256,7691,8204,5336,2298
6657,1701,7941,8655,5212
2769,1642,5995
7512,619
8258,4293,1960,8844,6872
6720,4469,2023
7952,8831
7427,7043,7558,3797,4537
2147,2122,1323,7887,218
4512,2409,7722,3756,5905
8002,7685,8720,5236,5437
2693,7052,6542,3759,3798
7299,7555,5742,2129,5405
8805,3226,1649,8314,7836
2786,6237,7478,1944,7773
3041,1575,7470,8627,3581
355,1671,6224,3283,2011
4609,2692,7315,7355,1854
6465,8401,8150,5367,2714
5635,3844,2162,5080,63
5030,1734,4776,2096,7569,8112,4222
6592,622,3570,2997,5174
8615,3145,4044,7002,3166
1928,5097,108,1394,725
5954,8810,1900,8220,5694
7330,4579,2352,8438,8024
4160,7437,6352,6545,762
6850,7499,1163,1136,8786
5864,2089,5005,4367,8316
8288,637,6503
2608,4645
7328,5417,7850,2580,3065
3338,2478,2390,2043,8764
5665,2027,1619,8599,4382
7009,7906,3340,6260,7191
8963,6405,4396,7181,6961
3973,5269,5159
2674,8339
2850,1801,7283,8181,6617
1281,1256,5075,6836,7766
6721,5956,3533,6221,7962
2180,243,7382,2555,4187
7080,4333,5725,8542,4127
6747,8614,8270
3216,2563
7395,7108,7496,6639,4287
4134,3179,8365,4434,2140
7292,6818,3812
7154,8371
7777,3202,8945,274,3160
5797,4777,2799,4851,3550
6976,4014,6994,8466,8022
7620,1324,7642,7931,7519
8800,3367,6831,3375,4661
7881,8658,4466,5686,3484
8417,7139,7396,5541,8247
5794,8714,3253,3609,4827
3843,3597,1806,7258,5887
294,4111,3282,3348,4348
7001,2610,2972
4277,6535
8369,1905,6516,7383,8057
4099,5805,7982,1105,4982
2500,4812,6233,4570,8479
8888,7226,7076
2619,3261
3270,4167,1581,721,3415
8969,2445,4273,7548,543
4744,1554,4243,2614,6648
5984,8929,5072,6002,4639
2465,7143,2575,3536,7580
7300,7757,7949,8380,6621
5198,9010,3509,8698,7485
6691,7750,1030,7947,8409
1957,7114,7280,5365,4823
3201,4388,5994,5267,5855
1984,515,5510,184,6459
7969,8836,1093,4813,5786
2528,2642,6324,3894,6556
1088,1058,5605,7367,5395
7136,2702,8887,7965,2878
8007,8432,7664,3507,6967
5057,3984,695,4410,6461
6441,4082,5710
8561,3388
6081,5354,6252,3539,1115
1923,8300,7414,6206,3039
2437,358,1863,471,5983
5439,6021,1759,5562,8703
7719,2120,6248,5329,5750
6122,5716,7098,3611,894
736,258,8745,6796,6431
4873,8148,3542,5529,8570
8707,4326,3209,8851,6335
1262,2671,8559,5980,6366
7270,838,395,6447,1885
3531,2355,4213,3927,3960
1050,2583,6310,5239,1274
5088,297,397
1825,1022
8230,2950,4617,8695,5147
5704,2124,3025,5303,7193
7169,2659,8134,6923,8413
6757,81,6777,5403,7644
5961,5034,3418,1370,1084
5322,7659,3438,6841,6589
3360,4322,6359,2844,509
2661,4590,1550,5391,825
2106,2588,2269
7667,2499
8645,3623,3831,7482,2110
289,489,6675,2742,1919
4074,4139,8046,7095,1752
4650,2837,3718
1843,983
8970,845,5361,1722,1691
836,955,2255,473,7515
2626,4302,2554,4826,958
3783,2825,3625,2444,6073
7236,2758,231,1929,5579
4902,6698,1172,5563,5724
7082,8650,6029,1849,6941
5410,6372,7090,923,7039
6853,2156,1519,1524,3958
8262,8486,8469,3768,1561
6466,4836,6281,2351,2000
4418,3554,2894,3540,4857
7425,5102,5584,2038,4635
6273,6854,7241,5100,4979
8076,6034,7987,2557,8543
2787,3566,214,857,4764
5506,5002,6188,4016,5754
4664,8146,4756,2485,2008
6817,4625,408,6653,2014
4416,3020,7062,6840,8347
2918,469,1015,1721,1278
4998,3185,5845,5271,1466
2080,5785,6168
7336,1007
2490,3397,2862
3355,3739
2688,2241,7373
6912,4448
8651,3793,6166,4444,799
5536,8672,7046,1744,7028
5539,5606,4949,7927,2431
2530,6791,6119,8263,4926
3105,802,1936,2738,4216
4034,4710,7186,3603,2909
644,4077,3313,3090,6263
1925,8584,2953,1805,7759
7944,4624,1818,3483,1118
1188,1796,4849,2514,7057
1888,3748,3180,7474,3705
4550,7595,2828,1784,2905
6947,8648,5968,6044,8287
483,2384,4241,2999,9015
2587,1019,7539
392,938,2756
1377,4040,4906,5081,828
1545,5007,502,859,1918
1834,3182,3183,4402,5234
6726,1235,3158,1565,862
3186,445,3142
1614,1847
1829,1584,977,1587,3607
4449,3861,3928,2842,2236
2087,5703,1296,4210,2778
2459,2104,4891,2238,927
8000,4356,2923,2645,510
3237,1932,850,1108,6235
3402,241,2235,956,1503
738,2920,2385,2354,4318
1958,1959,2582,2841,2812
3106,3023,372,3102,3455
2116,852,475,379,1853
1504,4514,834,3608,3452
743,3207,4523,2069,4890
1380,2823,1679,212,2751
712,7577,3635
441,1689
2672,305,3516,4684
3651,317,8279,4219,4445
2816,4864,8749,2222,3632
5508,8132,9004,8407,668
4705,7733,2503,472,363,1356,6109,2062
368,2088,7417,365,367
3184,1067,860,3199
4978,646,3021,814
5780,374,1436,3204
4739,589,4371,5971,4317,2061
3782,842,7530,591,829
1688,2811,4598,1935
8962,5479,8138,5295,1427,8474,701
1665,946,4995,3301,5607,1964,7053
6689,948,1542,2735
4716,1089,4839,5255,4780,6046,2767
1216,1716,2757,1887
1240,1588,6309,7006
2660,5332,4622,6167
1305,3315,5772,7412
7272,7922,1450
3504,7337,8422
5424,3931,3126,2327,1579
1699,3654
3842,1860,3909
6584,1868,3037,6903
3761,8882,8003,4227,5989,1998
2971,2669,2670
2761,8862
7170,6915,6307,3753,2766,7956
3141,4363,5617,5618,4116
6144,2822,5415
3692,3294,3143
4482,3910,3165,6587,4125
5504,7816,3174
8052,7710
5368,8456,3882,3190
5018,3667,3604,6126
6200,6524,3374,8694
5571,6213,6664,4970,5438
8928,8833,8267,5216
5441,8771
5712,6389
704,1028,8165,7628,6062,5781,7706,7899,7805
7354,7870
