6979,3117,8685,7623
8818,7674,2789
3016,5779
8,1461
6842,8733,5301,4150
5419,1452,8813,6615
6673,8402,1955,8822
1952,7432,3671,4215
5168,2683
1811,2957
2316,4284,2461,5533
1970,6131
753,4627
3621,2783
3593,1740,2868,22,4892
292,5096,30,2328,1692,1757,5790
1186,1827,5095,1781,1246
1248,2567,3420,1694,1823
1832,2570,1821,295
34,398,387,734
8032,8902,5965,4078,1693
1824,4900,37,2293,1017
7616,4360,8968,42,2362,2814
8832,3459,6727,5744,7999
1152,3686,3433,7919,7572,3448,761,2845,5471
6948,6916,3600,7353,7354
6657,3654,3335,51,5405
7170,7558,619,4363,2129
6307,3141,2766,4116,4469
5158,4327,2929,5938,6739,6901,8895
7297,3780,8424,5936,8149
5163,3890,5557,8825,8891
3778,6823,1961,4138,2128
4618,8239,3477,7446,2934
8004,3365,7464,7024,3711
4529,8189,1469
7349,8174
6560,7074,1353,4946,8447
5152,5513,3883,2288,8568
4911,3824,2127,6514,5630
4522,7323,1709,2071,987
3464,1836,8464,3644,1439
7364,7304,6035,7867,7101
6146,970,3443,8789,5655
1476,7476,7161,5116,5918
4457,8912,6097,4817,4543
965,5735,1558,5943,6299
7657,7051,5899,2039,1980
3051,3501,6738,4726,5975
5632,6244,6226,8309,1977
1348,6928,7411,6870,7799
6913,7333,5324,7831,7450
7078,3942,4871,3666,6394
4133,4680,8297,8688,6609
7587,3688,585,7690,3224
7937,2561,5542,2927,5013
3312,1516,7917
8161,5123
4438,4420,7838
7859,6468
7532,4561,3731,58,6878
5289,6701,7928,6717,7902
2024,1741,1742,2745,3357
8580,6788,7470,6163,63
5408,782,2162,3734,5080
6497,8033,5352,7732,4889,3225
3384,7841,6922,68
1569,6634,2924,8053
7544,6606
7293,7726
8118,3193,7451,6396,254
6624,2754,3138,1097,7991
2689,5931,2477,5139,1625
3977,1778,3127,1495,4767
98,5129,6871,251,1724
4451,2602,2962,5363,94
2053,6898,2644,694,2654
1767,3721,3987,2421,4379
262,2221,1681,1747,2067
1543,2065,951,3227,863
4737,2917,5878,217,1435
4869,2793,4942,1142,1852
4843,4974,3005,4945,477
869,4394,6192,4026,4955
4259,5831,6282,5713,3382,8983,729
2338,2914,4453,2647,2687
2603,3279,4595,853,2679
1155,740,2372,4204,1438
97,4707,6501,3719,3933
7592,3010,3108
2995,3788
6176,8130,8324,8712,2891,4299,6895,8017,4221
7809,5064,6858,150,1727
8038,8392,2512,4592,1365
8544,5829,2278,6741,3480
1664,2377,4688,2226,8126
1381,7527,8526,117,5339
1831,5453,6198,953,1374
1687,2710,1686,954,2462
2629,2630,495,5423,4853
8096,5155,3337,2765,6837
128,2882,4837,4630,7703
5464,140,3974
3218,1346,519
8906,3498
5220,7796
8736,8441,8345,4815
2296,4841,5242,3820
6953,7978,5253,7550
5913,3682,7031
7545,3530,8446
3656,7786,8303,4464,7672,7774
144,715
6374,6479
7172,3637
9000,1147,6942
4524,3950,8996
2816,4445,7758
7064,1467,156
7652,8370,8915,3639,4632,8762,1117
160,5706,8141,3825,7866
7523,5678,5111,3832,5530
3904,7593,6736,6771,7641,8605
7752,3123,7895,7032,4091
8592,4373,3406
3329,6381
7011,1774,8367,7257,3162
7688,6570,2482
8448,6308
7717,2342,8167,2454,2265
8653,175,4913,2169,2331
5765,7508,6907,3004,7839
8133,7535,3474,6196,8444
8576,4515,2467,5420,438
2850,7080,7659,6617,8786,6841,2878
7719,8969,7082,2351,8371
6818,8745,2156,5329,8247
6273,6840,5754,6621,184
6372,6854,2953,1805,4639
8551,3751,5841,8724,5493,7092,4343
4071,1682,5459,8500,7993,190
4754,7891,8343,8569,4861,1311
8690,3803,3196
8153,199
206,6292,3511,4027,1630,6047
4329,4877,2132,3578,1531,1598
2248,2219,7546,4534,218,5308,2205
355,2087,392,2645,510
2920,4318,3102
241,3237
2116,1958,852,2841,475
834,1959,743,3608,3452
3207,1679,2069,859,2751
1380,2823,4523,212,4890
1957,2140,81,4216,8764
7330,6757,4367,6777,7644
3105,1936,3185,2738,214
7745,8067,3878,4520,8783,8283
2233,6931,565
1403,4461,2158
6181,222,7215
8596,6134,8071
7069,1750
5164,2077
8574,1566
3322,4060,748,2980
4267,6533,5894
1921,1717,1934
227,1933,2759
7076,1256,5322,6698,6352,8112,2619,3261
8963,5159,4873,6221,5075
1801,6281,8945,4851,4243
1825,4813,721,4827,1759
736,231,1581,1262,6260
1274,5100,6233,1466,5980
2758,1929,5579,1519,1524
8512,6483,8636,2118
6780,8260,8502,8327
929,2237,3022
2666,2827
1676,1548,366,376,2585
2919,1576,871,235,2225
6436,1674,2107,1564,2109
5481,2218,3565,3760,5008
1025,706,2371,848,593
2251,370,3222,3383,1052
7376,3834,8598
3896,612
5802,3115,236
6610,1579,3126
5424,3931,2327
5005,4382,2575
243,5391
1863,5198,7474,7383,5983
1888,358,3180,471,3705
4391,5323,3695,244,4505,6683
6625,4578,8169,4973,1525,1917
2469,3756,5074,4503,7006
6084,4809,6391,247,6750
8663,1655,1545,6160,6551,6876
265,1513,978,5367,5310
1829,1677,3182,3283,1565
8000,6726,3402,1235,862
1377,5007,2104,2812,927
4210,2459,3928,2778,2842
1834,3186,502,1918,1503
738,4356,3142,2923,379
3269,6251,1373,8305,4758,4572,8477,6399
5376,2210,2922,1237,4087
2084,2921,267,5812,2750
4321,841,3187,2520,4188
3238,6890,846,1140,3577
1568,4393,844,3791,466
3662,4531,4086,3454,3007
6341,4517,4229,685,6450
4996,5950
1994,6786
7240,507,4006
4049,4539
737,5089,1965,271,273
2123,2108,788,503,2780
490,4076,5586,4339,4606
8599,2557,5303,5725,3166
3539,1324,4167,695
5088,3020,2674,5845,1050
2500,8810,3025,1722,2844
2787,845,469,2742,1919
289,836,2918,2106,955
3783,2825,2255,473,7515
3397,3313,6263,1721,1278
644,6310,2999
4241,483
1030,5864,3340,7181,6545,6359,7226,6431
1281,6405,7046,4777,6961
294,6796,2799,7028,4823
4812,2355,4661,4570,6556
3531,2905,1691,1084,8479
4998,4744,8970,7595,2614
8707,4550,297,2828,1022
3072,5125,872,4588,6384,2041,4542
300,303,3856,5208,2042
873,5402,3284
2553,5207
441,305,8150,1689,3516
8521,7802,443,1154
712,2672
7577,4684
8701,4742,4143,8379,4092,8061,8767
7554,8873,6380,5677,6768,311
2992,5425,4880,314,8638
8760,2675,935
320,8821,4694
2693,8105,5932,8591,7159
7052,6542,7989,8381,6109
363,1356,2503
472,2062
368,881,4935,2088,7417,5087,365,367
1671,937,938,8366,5653,3607,828
3023,1584,3183,2582,2235,3455
3106,4514,1932,977,372,6235
8292,2949,817,4978,5621
860,3184,5780,374,1436
7360,3840,7832,380,4925,3871
4172,8341,6137,7322,7423
2240,640,3523,2105,3836
643,3461,6194,1434,5853
5890,5260,6316,6766,5685,1368,4954
5120,4961,3460,4990,2292,2940,382
4579,8651,2997,8220,5694
5057,8339,6516,6447
3984,6252,6461,838
395,7270
1885,397
5698,404,4703
8152,5581
2273,7291
8099,7183,7958,5244,447
4017,8259,3493,7255
7682,4654,7696,5369,6554
8226,2724,8788,8565,6549
5893,4593,7827,8056,2559
5857,4806,3468,6031,7448
5224,5516,4818,6103,6968
5090,8397,7271
7409,6207
6018,4521,7563,7277,5854
7618,5892,6933
4368,4425
8363,2885,895
2188,2436
5137,4748,6958
5318,8478
3171,6250,5613,4085,2943
4643,2804,3669,7578,7583
3713,4218,3728,3032,1914
7649,6049,5548,430,4050
4103,5519,1713,2973,7102
583,6027,6677,5626,4350
3776,424,7950,3898,1215
5856,3413,2773,3801,5755
4324,1199,912,5683,7739
8931,5445,8974,4927
8747,1302,7575,5437,7966
6050,1701,2873,5212,7486
3844,6470,2023,7691,3280
8002,7685,8655,2769,5236
8003,5256,426,5742,7512
8457,3753,4788,7956,8831
6915,7555,7299,5617,5618
5508,8357,5486
434,8103
8041,6820
8930,5443,6862,8401,2238
6465,8106,2714,8471
4545,2019,8965,5767,6005
549,4814,981,8121,2011
2756,4040,5234,7539,4891
4906,1587,3158,5081,2236
4449,1296,4402,850,956
5703,2354,1108,3861,1853
1504,445,1614
2385,1847
5961,8300,8851,1370,5563,3039
1900,3550
5724,509
489,6675
1120,7971,8743,4718,5852,2589
7590,4875,7019,532,6588
3708,5730,496,1144,5148
6026,8941,8943,8758,5690,8156,8765
5573,1320,491,4605,2782
504,4665,3663
4208,512
2820,6887,2031,3059,4440
8354,5347,2731,2965,5531
524,1814,2967,4475,5532
8128,5955,909,529,4670
5920,7030,7534,8319
5664,7495,5040,5171,5047
4760,4585,540,4613
3169,6474,2386,7093,8950,4407,2012
4357,1191,8139,6583,569,5149
3026,1150,2550
6954,6827,3287
5217,4706,3964,589,5264,7996,1629
4739,1667,2061,4371,5971,4317
4236,591,4598,4121,829
3782,842,1935,1688,2811
7552,1608,3208,3818,2606,6808,5820,5693
6594,2547,1271,6813,6111
6113,6124,5292,6290,595
5447,7403,1101,2190,7455
4212,630,7288,9004,2623,8431
7492,8511,6024,4042,8396,632,5023
8903,8107,5644,7089,3003,5214
4483,1061,5639,8203,3450,635,3421
2016,6387,1173
8977,3684,2612
5282,2667,8465,3317,3738,2491
3393,645,2318,3472,1298
1065,4170,5270,5847,5273
814,4720,6389,697,2715
1067,3021,3199
3204,646
2897,4563,6540,7047
3874,6955,5468,5650
6345,4306,6434,4245
8826,6940,6670,5791
7489,649,5733,6797
3561,4189,3681,7581
5448,2284,7343,8628,9013,7192,5883
2113,4582,6637,6102,990
7266,675,1893,8590,8911
1357,7123,5941,7897,2302
7393,4429,5134,8030,4696,3993,8284,2397,8254
6287,1202,7700,3479,7034
7976,3081,6550,6201,3901
4258,1795,4919,7320,4795
1157,6631,5807,8049,698
5601,8547,2314,8332,1459
7040,773,6088,2708,7551
5202,7619,8158
7467,3541,5479
8962,4909,701
6659,1028,7050,3759,3122,4219,732
704,1019,3882,4283,2587,1820
6859,1068,7740,7612,5181,6398
2048,709,5142,8761,7771
3346,5293
2624,5521
4986,6559
8768,5635,7337,750,8249,4414
6120,1450,6443
3504,7272,8422
6852,6152,8311,7671,7836
6080,768,3143,3692,4589
2660,5332,1911,5784,1305
5772,4622,3315,7412,6167
484,7433,6091,1076,7289,5597
7681,5729,2699
1227,1797
7553,8934,779,3120,8084
6148,6567,8328,4282,5884
8932,2571,5263,8191,689,4251,4223
6658,7369,6893,790,6232,1789
8265,3154,6452
2794,8155,1606
4864,3651,1223,8749,8279
8132,1772,7189,804
2595,4062
3148,807
5131,8966,8839
4936,4316,4271
6704,5353,2199
8776,1294,3411,5364,8342,3641
6946,810,812,3252,3100
5954,762,4434,3570,2038,825,7002
7777,2180,2478,7382,2555
7906,5541,7001,8570,2972
2437,6535,2089,4277,8057
2043,7143,4590,4187,894
2505,3038,6511
2866,6612,5722
6623,653,1967
4504,4994,830
1762,1668,1384,1266,8212
7233,6121,3629,1592,1595
832,1840,6392,3772,893
4160,6592,5174,3960,1115
3209,5354,2862,5403,6335
5034,8559,2671,5239,6366
3360,7169,4322,2124,5361
3566,2384,1015,857,3739
4077,3090,9015,2490,3355
4192,4163,902,6667,2286,6141,5022
6020,5924,868,4616,6665,6575,6456
4904,6699,7629,5166,5392,6803,6905,6238
6275,1231,916,7636,5500
7459,7973,3594,7127,2495
4867,3526,8011,3888,1331
8674,7251,918
6490,6899,7042
7205,8647,5709,8856,8575
4965,7469,4558,8982,7704
4689,7955,920,4285,8702
7328,5794,7496,5097,7437,8365,5686
2563,7292,8486
3216,3338
6947,7108,3270,3160,7258
802,8046,4664,923,7039
2147,2122,1323,1325
3301,7887,7053,5607
1665,946,4995,1964
4225,1542,1770,7281,5117,8127
6689,2735,2834,948,3099
3625,7667,2554,4222,8703
2626,2499,4826,2588,958
6217,559,7504,7058,8947,8916,1526,2680,6367
7904,3085,5325,1685,5946
3808,6371,8388,7813,3028
5186,6980,8838,6001,7925
6663,1511,7305,7755,2475
5312,5281,5226,8504,959
4641,7908,4808,8554,8175
5193,5037,3439,8817,4959
8142,3889,8086,4248,5947
8454,1514,5643,8434,8085,2655
1506,8880,8534,5078,7606
3810,6276,974,4733,7294
7499,4333,6639,8695,6206
1058,1843
4650,983
2608,3201,1163,5417
1059,2153,5868,818,8244,4185,8735
3744,2508,1329,5458,3551
7141,6284,6966,5401,3615
6920,5001,4431,1011,6425
6240,5935,4819,8245,1493
8827,6089,6515
8257,4847
3908,4805,8458,5450,8060
5442,4205,5902,5778,5049
3968,8967,2058,8083,4341
8993,7379,5925,535
6117,2283,5629
6619,6180,4397
1074,8804,6789
2186,5830,5151
4834,3884,6733,7441,5810,6909
3876,7882,8715,4656,4304
8897,8904,1078,3702,7033
6834,4331,7660
7689,3441
3371,7663,3665,7573,2493
6720,4780
4674,8364
5255,1089,7725,4839
8614,6503,1928,3145,7850,2390,3484
5665,7009,1923,1806,6747
7095,1849,3609,2909,5855
6976,3812,4014,7193,4348
2080,1007,6994,6324,8022
7881,3375,4111,5267,7414
3367,7757,1554,7642,5887
6466,3843,5994,6831,7062
1984,2950,5510,7759,6459
5539,1925,7090,1818,1118
4896,3649,5867,3792,4338
1126,7720,7217,3925,6845
7406,8656,6930,6003,5017
8291,8197,5959,4183,1791
5473,5834,7253,4477,5246
5476,7311,8497,6805,4886
6877,1134,3727
6008,5578
4610,3564,5136,4117,1146,2363,7229,2303
4480,2694,3400,5258,7693,8078,6351,1198,8376
8716,8908,1205,1429
1210,5355,3574,3970
1216,5712,1716,2757,317,1887
5380,1221,5470,4199,4009,4335,8752,7607,2941
5696,1225,5770,2573,6228,5612,2161,3257,5756
4772,6309,1588,1240,88
2976,1250,3939,1738,8846,1170,7807
4770,5648,3989,5366,2488,1786
7942,2796,6835,8439,5660,6045
7075,5288,5739,4747,5490,8499
2272,2740,1254
4312,7597,5229
5444,8390,6892,5869,1518,8318
6986,6421,1242,8668,1277,7422
3916,5554,3700,4024,7194,1755
6848,3617,3659,8972,3091,8852,1631
1285,2604,4556,4144,8728,8442,5788
7779,2149,7915,6347,1358,4989
1857,3178,5232,6355,6075
7079,1833,2090,6990,8667
8704,2178,7083,7286,8470
1286,4602,8403,1338,1339
5700,6568,14,6064,5593
1793,3816,7179,1332,8440
8883,5061,7901,8553,763,1341,3214,2463
2889,6614,7260,1376,2223,624,5553,7216,6972
5731,5996,7500,3286,8539
8865,5107,6655
6857,6591
899,4591,6742,3319,1405
2208,7686,6183,8914,5972
6745,8587,8581,6319
7346,2387
3129,7471
4354,7420,8621,8854
1408,4381
6864,8510
3858,8619,7059,7635
8330,8709,3342,7589
7648,8393,3771,2968
8394,3109,7821,2615
5580,2964,8920,7932,4701,6815
8476,8028,7668,3462
1414,7694
6222,8726
5313,2438,2983,2412,6709
2425,5257,2279
5128,6507,8271
2537,858,1422
3239,932,855
7341,5295,7285,7478,7803
5865,6970,1300
6043,2300
8138,7088,4786,1427,2748
1443,8068,7531,7600,8849,1683,4980,7454
8896,1473,4488,2121,7410
7457,5512,1481,8881,1463
7321,7497,4377,5978,8924
6060,5582,5328,6965,4663
8834,2276,1484,1873,5055
4963,5230,5880,6203,7071
6821,2216,1487,3057,2879
4932,74,4403,8535,1498,7518,5215
5478,3146,8334,7599,4922
6039,5753,1501,8383
5336,4249,2298,8204
7195,7941,7043,4125
6952,5827,7246
1529,7975,5535
2145,5764,6885
1730,8419,7817,6259,7638,5082,8956
7488,3140,4966,8809,4631,1535
3234,8803,6498,7727,7858,4146,6585
7264,1538,7748,7855,3953,2546,7378
2027,1619,1561,3388,8543
8262,3623,4074,8469,3768
6441,5805,7982,4857,7962
1744,1105,4082,3348,3927
3554,3540,4213,4982,1784
2696,3112,6602,7084,5776,7479,8893
7113,8617,3212,3503,2833,6139
7848,8066,5052
5552,1562,6730
4384,8384,7107,8232,8717,2227
4738,6725,3860,2646,1567
3955,6245,6894,6407
3041,4500,4895
8627,3581,1575
4320,1586,4740,4169,1850,6669,4575
1604,1830,5837,2747,5436,4957
8898,4264,8137,2002,4600,4637
8483,5922,3339,8622
7072,6433,4039
2824,7168,1612
1945,6772,8453
5761,7362,2946,3716,2373,4165,5921,1326,1657
417,6561,7171,3470,6162,1662,8223
1696,7651,1037
4037,3797,4406,7100,6237,350
1699,5284,7922,3675,7870
8224,3153,5570
1705,6749,8415
8609,7268,7434,3277,6254
4392,6216,7380,3325
8520,3242,6491,1718
5297,2803,1733,8278,5335,7468,8879
5269,3438
2120,8714
5584,7750
1752,7098
4273,6691
7969,4139,7965,5271
7111,5967,7247,8637,670,2911
4525,1776,7312,4831,7221,7167
1601,2692,8264,3190,3992
4860,1854
5368,7355
3331,2691,2829,7315,6100
5507,8844,7439,8593,7065
3842,1860,3909,4011,181
1889,8258,1960,1212,3423
6584,7044,5915,6636
4193,7773,3263
6496,7812,5031,1868,6903,5498,3037
5671,7979,6798,4399,3518
4257,3528,1869,5720,8697
1387,4565
1288,1874
8937,6629,7845
6432,4113,3589
7525,4046,6712,7769,7549
6944,998,4295,8556,7737
8705,4456,7756,7220,7765
133,2858,7984,2771,7829
1891,3172,5610,4401,3358
6723,4552,6153,2989,7634
8042,5708,7150,1909,6390
6472,6130,5843,2007,6997,2359
5537,4741,7462,1941,4791,8185
2704,7986,4548,479
4177,7037,1950,8631
6752,5577,8730,6014
7120,2705,8604,8252
7715,7946,6093,6067,5141,8382
5603,8677,4647,5705,7128
8515,5773,3917,7598,3838
6338,1968,4599,4059,7325
8035,4999,3048,1972,2711,7452,3934
6681,195,165
3761,1998,4657
8882,4227,5989
6640,3188,7415
4930,2875
6403,8236,6051,6759
8276,7743
4365,2046
8548,7237,2052,4428,2299,3710,5407
4195,7747,3920,7826,7130,2078
7428,7718,1003,1616,5426,7198
3395,8234,6635,6385,7609
5640,6040,6649,4124,3519
2082,8195,6022,2568,2474
6019,3548,5998,6356,7223,1307,7804
8322,6633,7054,6643,8958
2094,3892,2294,8601,8763
8432,2014,2894,8887
7136,2110,6967
6168,3507,6589
7104,7913,942,2111
6440,8552,6190,5487
7274,8047,2034,5428,6070,3103
4802,8678,8652,1521,2135,6362
2137,123,3846
8356,2502,6278,1706,8205,2258,2164
1411,8202,5707,5393,8280,6682,2525,8426,2167
7140,4553,6187,4173,5204,7669
6114,7561,6985,1643,3254,5112
3356,6149
6706,5702
8323,5527
8352,2177,3619,5609,5132,2320
7556,2194,3285,4246,8026,8094,1635,8302,8824
2977,2434,6279,8909,237,6773,2206
2212,5957,7815,5065,5068,6735,1042,8179
3065,7569,3253,8438
8417,3282,7283,7191
7280,2241,7519,3415
4448,8409,5716,2688
2252,5668,4303
3176,5588,2254
7232,5637,8842,5356,6129,8019,1940
5449,4947,8998,6302
864,2274,8290
6243,5287,2323,2813,4415
5016,8472,2324,1038
6454,1769,7530,2326
8579,8778,6544,5009,6646,2364
1194,4676,6270,2375
3538,8340,3042,6038
6242,7340,4081,7954,657
8708,8009,4969,4332,5305
4968,4972,2381,7856,7125
5377,8706,5740,6486,4763,5375
6562,547,4722,8564,6424
2407,6919,6032,7517,7295
7722,3308,791
2409,5099,8525
2418,3131,459
1130,8335
2600,8435
6393,2422,4967
7425,3973,2702,8181,725
8800,7114,7947,3958,4444
7949,4949,4410,5147,8380
8584,4756,7927,6648,2431
2433,7822,7924,5622,3223,3035,4510,3775
4323,6500,3273,8907,7443
4615,6135,8793,8573,7390
8201,5642,6926,7096,7837
6048,4771,4196,6098,5398
4776,4134
6073,3179
5704,2444,2583
4898,4036,3642,8443,6685
6274,5745,2451,3135,6015
8801,5299,6548,3828,5719,2457,7994,8255
2352,2465,108,3597
3013,7883,2996,8922,7643,7358
4581,454,2471,360,8722
3689,3634,8355,8754
2472,2901
5093,5862
6616,4601,6802,8079
2661,1550,622,3536,8466,4127
4416,1905,7580,5606
8698,7485,3748,3509
4617,8146,9010,2485
4849,6034,7987,4764,6653
4710,5102,4625,408,4635
6817,2530,6119,8263,2514
1188,1796,6791,7057,4926
8784,7602,8756,1589,8792,2558
2532,6917,6600,2635,7447
7865,4003,3557
1160,6340,1989
344,8987,5495
4724,7754,5372
2528,8024,7396
6721,4326,8615
7139,2642,3418,8316,8413
3936,2340,2670,7736,6811,8188
3553,7876,2669,6224,2971
6437,7665,786,2706,6291,5043,7903
5183,6471,8815
9005,7301,4551
7142,2855,2347,1234,9011,1973,5759
6800,8692,8877,4878
6680,8338,8451,7134
5386,6867
2722,7133
6369,8910,6767
3296,4872,2727
5760,8777,3298
6872,2761,3632,4653
2524,6702
4652,8862
4705,4905,4234,4716,2767,5583,5489,7929,6046
1219,3302,6184,553,4623,7122
4516,7784,3724,8848,2809
2184,6249,4474
4708,3436,5415
6144,4293,2822
3378,8075,7948
7377,7849,8190
7481,3419,3095,6599
6161,4938,7334,2830
8737,3814,8781,8111,8986,4478
3897,7772,4089
7761,5330,4495
4104,8746,5964,2831,4501,7418
4992,4255,6756,2860,6322,8372,8633,3001,8894
1184,1865,4141,6007
7632,8143,2867,4191
2247,4424,2541,8661,5397,2870,888
7073,6830,4596,4790,5815,4604
5221,8557,1838,7472,6774
5130,2877
4698,5638
3425,325,8933,6760,7249,5886
7939,3011,4233,4022,7960,6365
8064,3524,8423,5066,4106,4364
3233,3050,5262
7611,8389
2848,4648,3139
6211,8595,8774
3064,8104,5840
8513,8683,2956,465,1334,3068
7728,8532,6423,7386,8222
3075,1317,3175
3456,6906
8400,4569,8807
2664,7458,6716
6724,3111,4903
8385,3430,7430,3763,7933
4148,8725,8853,3449,3164
3650,7835,8374,3215
5905,7132,3165,6934
4512,7952,6587,3910
7521,2402,1284,3398,6603,599
7427,8052
4537,8681
3174,7710
5504,7816
1536,6116,5381,3657,3736,2334
6880,5474,5098,8016,3192,6269
8296,8753,3226,3294
6992,7666,7893,7854
7091,5804,3245,5188
6534,5545,4369,8087,6654
5062,7016,4427,7608,6267
8997,5321,4041,5909,4991
6577,6298,8796,5429
5809,2074,2339
3259,5748,7391
4803,5670,8301,8886,8407
5811,4852,7231
3401,3281,5522
2083,5768,7513,7885,4153
5249,2978,3722,2539,4636
5990,8268,8277,8088,3290
3088,6710
3952,4783
6761,8981
8238,8750
3306,4678
3314,4866
3944,5238
3370,3694
5502,4693,8527,7591
1418,3374,6641,8694,6200,6524,4253
8640,7776,7010,8585,6508
3377,5561,4182
7930,6446
6978,8755,8115,7738,4700
7646,499,8286,6334,8959
7673,3305,99,3437
3827,3510,7677,7918
8588,8178,3475,7988,6520,5342
7875,6795,4175,8210,4473
4836,8836,6002,1394,2837
3718,8650,2445,2000,7548
7944,4624,8658,3483,543
8606,7529,6642,5524,6526
8769,3495,6984,6574,8927
4079,5460,7413,7157,4893
8992,7923
6128,5793
3521,7493,6326
4067,7662,1361,3288,4346
962,7366,169,1391,3997
7526,5387,3795,8117,7767,3229
7992,5718,8129,7510
7793,8489,5053,3535
5991,2959,5011,4275,1110,8790,6620
7878,5543,4782,3567,7087,5435
4084,4058,8739,452
3585,7197
3715,4070
7706,3403,7628,5781
8008,4609,5018,4118
8456,3667,3604,6126
1088,6853,8007,5072
4466,4388,1093
7664,4034,5786,3611
7186,5395,5605,7367
8929,6122,3603,5002
8192,5986,1646,6191,7067,2045
8294,4532,5431,3678,6687
3704,7905,7536,4439
5897,5658,3755
9008,3385,8820
7789,7764,7124,8503,8923
5624,1946,8207
5616,1455
7490,7655,7371,6004,3765
6406,8872,7733,6518,3798
5346,8806,5766,3821,6672,8081
5434,7263,3991
4984,7753,6174
6208,7147,5358,8213,5559,7384
3045,7749,8519,7916,3628,6303
5546,6607,8399,3857,7509,5595
5673,7794,2518
1233,4030,5406
7713,7622,7021,3568,7187,6487
3626,7259,1882
7145,8603,3487
3913,7269,7910,8095
3864,8926
6536,4508
8124,6844,3886,3935
6411,3923,6262
7507,6477,4198
5592,6418,7357
7276,2893,4472,6782,7935
5209,7862,7309,4094
3976,5505,8227,4437
1697,5185,8775,3979,8563,3379
3144,8971,8373,5850,5917
1798,3369,3982,2864,4691,2262
3248,8306,8012
7568,8618,5859
4000,2883,2510
6874,6963,6053
2344,3881,7013
7314,7707,6286
7300,5030,4016,8369,7931
8270,3793,6166,2008,799
5506,7241,6188,2610,8347
8360,6354,5688,5350
5672,1040,1490,8948
5509,3647
7201,5575
6295,3466,6627,1399
4023,7570,5114,7695
5536,8561,1172,1734
8672,4099,8645
8888,4418,5365
993,8626,4101,9006
2856,492,1229
3586,1623,8607
8582,8523,6769,8530,4436,6462
2916,6692,7819,6764,6929,7806
7842,2723,4108,2578,7348,4506
6283,7801,4114,5619,8242,5881,3582
4122,7731,9002
7408,5497,5699
8946,6711
8748,4135
7936,2404,8101,7782,4137,7596,4115,4855
3616,4279,4145,5455
8048,7473,4340
4528,284,4262,2044
3785,3473,874,980
4298,8723,332
7175,7502,4307,5587,3635,7675
1816,2102,4311
745,7210
8805,1642,5995,1649,8314
8098,7487,8913,2196,7483,7614,8799
4673,6151,3978,7372,8671
6744,6445,8918,4344,2366
5026,7818,4395,3696,7344,8312,8798
7424,6695,8043,8973,3054,4846,8154
7824,5441,7890,4224,4413,8639
4376,2242,6973
5457,8307,4421
4752,8429,6911
5680,6170,6231
4459,6860,2222,8787,6293,8215,7511
3520,7331,7566,7892,8123,3998,7967
8802,6566,2350,4498,2229,4828,2429
3872,5799,6375,7465,7152,6579
5191,4607,6258,5654,6169,8351
7303,7951,3826,6165,412,6012
5792,7138,8487,4682,4685
6982,6349,5848,8885,6839,4952
4704,6785,6118,1719,6236
8034,8144,2256,4054,5879
4709,6280,5960,7852,5627
5265,7097,3865
4713,8975
4492,7724,8850,6325,7351,7326
6416,2932,280,7162,5275
6017,7265,4230,1991,4717
4800,8791
4729,8719
6809,4157,5550,8711
4352,6065,7626,5933
8194,4811,8159
5344,3264,6344,4844,4915
135,3592,6409,6157,6873,5849
7961,4868,7983
8794,5898,5334
3077,8198
6317,4766
6776,8649,4943
2535,8015,7282,3219,795
513,2051,7273,6379,7864
5122,7177,4939,4560,4956
5121,6604,6074,7868,4669
7307,7781
6215,7783
3097,5482,6428,1610
5825,2309,7528,6225,4958
5480,6346,7218,5404,2173
6305,6133,6426,1787,5628
5571,6213,4970,668,5438
2313,7017,8368,1264,400,3093
6323,5070,8899
8660,5020
8036,8773,8772,5032,5839,2290
4463,8940,7055
6172,5046
8976,8001,7833,8054
6313,6826,8829,8077
5649,4658,6605,8830
5051,4359,8710,7239
3971,3272,5071,8116,8855,6296
7712,8452,7407,8243,308
5091,8741,8092,8462,8495,8537,572
576,1540,6154,8857,5119
8871,8362,6765,8505,8541
6851,4485,6057,5135,7734
6464,3850,6522,6458,5115,1596
5156,8166,8679,5715,7063,5466
8386,5646,8050
5195,5877
2818,7699,6668,8727
1944,8928,8151
5216,2786,7579
5241,6068,4983
7840,6731,7633,4597,3673,2523,5245
1474,5286,6728,1640,1653,8634,604
5382,5549,7853,7477,8508
5993,3018,6011,6713
5385,8889,8751
6597,8874,8917
5410,4645,8648,5968,1136,2096,4979,6044,8287
678,3303,6662,6289,3573,5432
6850,7395,7154,2580,5785,637,8542
5984,4287,515,7336,6029,5439
8994,876
8516,8437
5594,7207
4290,5477
8549,6793,8492,9014,4921
8602,7211
6467,2895
2762,3853,5518,6951
1807,5647,4310,7319,2367
6179,7164,7565,8550
6563,3491,2543
8841,5667,4292
1986,5063,7151,8405,2460
7400,5736,8310,6328,6558
6248,8076,4396,5710,3831,7482
8288,4902,8230,5750,6941
8217,2125,5775
3947,8659,6085
7026,6732
5817,8325
6539,7116
3489,8180
8289,8713,8555,2639,1072,4497,2716,5823
5633,8779,6028,4181,8759,3706,7388
6178,5412,7338,5866,6220,8875
940,8251,8164
6401,5891,7126
6330,2733,5566
7397,4020,5901
8780,5906,6998,1176,2728,7209,6828,7350,7480
6661,8070,8808,7081,5907,2517,7770,7419
5024,8163,7363,5911,1660
8572,7213,6142,8109
5928,3299,7653,8039
3552,7872,3698,4019,1080,4797
4112,2449,5974,6651,2744,5819
6626,6531,6061,8623,8182
3266,1571,2732,6674,2203
4129,7203,6311,8629,2617
2307,6062,1167,6578,6676
8165,5223,6729,7899,7805
8485,7431,6983,556,1937,3352,6077
7762,6715,1053,6107
6936,5276
7537,7375
6363,6140
7846,6708,7894,6650,8348,6205
3911,7117,3630,6481,7541,7542
7296,3362,7398,7243,7834,3292
7298,526,4383,6457,7540,6647,6265,3069,8062
6833,3740,2591
2906,7869
6105,8823
7014,6376,5484,8404,4824,8953,4732
8449,2775,8214,2806
8496,8494,7604,6638
5103,7023,1878,3132,6079
6882,8979,7318
0,6572,6855
7620,8134,4044,3533,7766
6081,258,274,6836,5529
7236,5797,6923,3894,2269
6912,3202,2659,5956,6021
7373,4302,8148,3542,5562
1122,3427,8905,7020,8847,7475,8120,5050,4667
1314,7370,7889,7029,1143
5873,7061,1447
8770,8884,8183
8037,7206,5452,7190,3321
5280,4976,7404,7790
4097,4386,8771,7494,4052
5060,8901,2378,5101,4499,8700,7709,7871
8642,2631,8843,5454,8240,6904,2399
3217,8045,3247
2056,8282,8460
8267,3545,8866,5675
8833,4482,8172,8861
6528,6790,8231,8461,6896,8051,8411
1251,8868
6538,8643
8938,8468
6664,8720,5973
8474,8989,1898
8321,5970,8501
