4485,7942,7047,5768,6282,8075,7434,7954,6293,8982,8342,1176,6683,4637,2334,3103,8741,1830,7724,8109,8495,4783,6579,5429,8118,7734,8760,4921,7480,1334,1986,7747,2242,4165,3657,8137,8144,8787,6356,8405,1878,5470,4575,1251,6375,6761,2796,5103,2543,7026,2034,5364,8182,8572,254
387,5770,6411,4747,5650,3091,6421,3740,5660,3616,8609,5026,8739,7075,3491,8489,7213,8750,3248,7344,7728,5809,7351,7481,3641,8251,5436,4153,5313,8260,5831,5323,8012,6093,4563,6228,5588,8668,4831,4195,2149,8937,5739,8047,3696,4081,3698,6258,2806,8439,7932,4607
3077,2438,6534,1288,7309,1807,7568,8979,8983,920,7704,4122,1307,6045,1184,7715,7849,6709,8502,8376,7869,4925,2883,8776,6600,6782,8780,4558,6351,1358,2002,4565,5718,4824,7128,6105,8537,8798,4703,6882,7268,8039,3176,3306,2539,7276,2412,6254,4335,6643,3193,4094
0,3716,519,5128,4989,7312,6418,2964,5654,7447,8351,7201,4259,6053,37,7209,8618,7469,6065,5554,4915,6963,8499,7221,7991,7871,3264,3647,6344,1097,2121,5580,3277,6990,8271,2510,4689,6874,4581,7014,2279,8552,7653,6507,4844,8683,5490,8180,8823,2425,4732,5245
1536,2694,8327,2313,5257,6409,8716,7693,7695,5393,5906,7194,6682,3229,8099,8357,2983,2728,5672,3881,7854,4023,7608,7865,447,1346,5444,7749,8390,5191,7116,2125,4303,7633,1874,7507,7255,858,2911,3557,6376,8041,3178,360,2537,4078,7408,6262,7415,5244,3838,7167
4480,4866,4230,3974,6793,5387,4492,3853,5773,7183,6800,8602,2460,6558,7326,3489,4003,5799,8360,5288,7211,8492,8877,6142,6467,6851,1991,6216,5705,8520,5837,7885,2895,3917,3795,7513,2906,8667,8032,7013,5350,7400,7915,8043,5869,5229,7151,2932,8948,8312,7162,3582
6917,3466,8202,7696,4113,7955,7958,8087,280,5023,6434,6820,7845,3493,8103,5928,6440,6057,3242,6828,7597,4521,4017,3252,2740,2362,6075,8382,1857,2754,3138,4932,1989,8259,5575,2762,74,1490,6998,4312,1625,5592,729,4957,7518,1254,5484,5487,1399,1017,8318,8702
2689,5114,1422,5135,2471,7570,5139,6933,6549,7189,8088,6554,3100,1824,929,34,2083,932,6946,8226,295,1832,1833,2344,5931,804,2477,6958,1198,3239,2996,7350,3382,4024,7618,3400,5707,3022,2254,8277,855,3290,5090,6627,4965,5990,7277,1518,1776,3700,5369,4218
7424,7682,5893,5516,8973,7054,1294,7827,8601,5275,2978,6695,4392,4264,4395,812,7598,434,6325,1718,6968,6328,5050,2747,5688,2111,6079,8515,1604,4424,4425,8056,2647,6491,7265,8164,8677,5224,5736,4717,3054,5101,5232,4593,7409,8565,2167,4600,1914,2941,5886,2559
6017,6401,5891,5129,3977,7563,4748,2827,3468,6031,4368,7448,2585,5755,4636,1693,8478,4767,6049,810,8363,5548,3127,1724,2237,7102,6207,2885,4678,4806,8268,8397,7126,1495,6103,2523,94,5854,2272,5857,98,4453,7271,2666,1772,1778,3314,2293,2294,376,251,1277
4737,6018,6531,5892,3713,2053,2436,1676,1548,2188,5137,2962,8722,7318,7578,7583,2338,4643,2724,1576,2602,2603,430,1713,694,2107,8513,5188,5318,6855,8775,4169,1223,4427,2687,465,3669,6871,3032,2654,863,5856,2914,4451,2919,6892,366,6898,5363,2804,6267,895
1025,1155,1543,3721,1674,3728,5008,2067,3987,3222,1435,1564,1052,4379,3227,6436,2218,6572,2221,3760,2225,3383,2109,2371,2372,2118,2251,3279,848,593,4050,1747,2644,853,217,8154,477,7649,740,2917,1767,871,5481,235,4204,3565,370,4595,2421,5878,2679,1142
2946,4869,262,3719,4103,6027,5519,2065,1681,6677,6423,2973,1438,3108,424,7465,4394,7592,4654,6192,2995,5428,951,4026,3898,1852,3005,1215,3776,3010,706,2373,583,3788,4942,4945,3413,2773,3801,4955,3933,6624,97,4707,869,6501,2793,4843,4974,1657,5626,4350
7168,6528,2820,6790,3339,2316,8461,1946,8603,8733,3487,5664,5280,8095,7072,6433,8483,5922,7206,3626,3117,8238,8622,1973,2359,6973,5566,962,6979,4039,7623,1612,5452,1361,6997,2007,3288,4440,1882,7259,8411,8926,4067,5347,2789,7910,7655,8037,7017,7269,7662,1391,5616,6128,6130,7923,8179,2031,3059,8051,5624,3321,7674,4092,8061
8453,7432,6536,8,2824,524,2957,8207,6673,1811,6548,2965,1814,2967,5779,2457,1945,5531,5532,2461,5533,4508,1952,3864,8354,1955,8231,2731,1452,5419,3886,1455,5168,5301,4150,1461,3765,6842,4284,8124,6844,8252,7490,3016,7190,8402,5843,8404,3671,6615,5719,3935,6887,7404,8813,8685,7790,6896,8818,4475,6004,6772,8822,4215,2683
7552,1797,6278,7431,3208,7433,7815,5901,14,1937,3352,1053,7455,4896,2212,8356,7720,169,6568,1706,556,2733,2606,5040,6064,5171,1076,5047,7994,6330,5820,6077,3649,6594,5957,6983,7495,1608,1101,6735,8656,3792,2258,5593,8030,6111,484,1126,3818,5867,7403,4338,1271,7289
7681,7553,1793,6148,4613,4741,8328,7179,2699,779,2190,8205,6290,6930,8084,4760,5017,540,6813,5793,8485,6567,5292,3120,7217,1332,6326,4282,6845,5693,3521,5700,7493,2502,5447,5065,6091,1227,5068,595,3925,5597,6113,5729,8934,3816,4585,6124,7406,6003,2164,2547,8440,5884
5633,7556,6539,7307,8847,8855,3223,8217,3865,7067,5148,7197,4510,6815,8735,7457,417,6561,3621,678,6437,5925,6191,6319,5938,8754,3511,2744,5817,4407,4279,7229,8386,1730,5698,6984,8778,2893,5839,8920,8792,5082,8152,3548,7774,1122,4472,7781,6760,5486,7410,4980,1144,7935
4352,7936,3971,8709,6795,8081,2449,4627,3218,535,6936,6428,1405,6047,8868,7846,6574,8881,818,8883,1463,1596,6464,8896,325,6085,7626,4046,3920,8784,7889,8791,7769,987,5342,8674,1635,8933,7783,4713,4969,8938,2924,5355,4464,7668,5241,5115,8446,7549,8958,2303
2433,8322,8194,7042,2309,5380,3715,1160,4877,5262,3472,3097,6426,2463,8101,3495,5032,3498,8236,9006,6833,1205,7607,4027,5819,8769,6340,1610,8779,8143,6225,344,6873,5978,6490,7772,7901,7138,5220,4070,6759,7528,6633,3050,998,8556,8303,6640,4084,7029,3574,7672
6785,3585,4101,5898,4112,7826,8468,7063,8348,6944,8227,4009,2094,4656,7473,8626,6835,1080,6715,8763,1341,4157,7488,5825,452,8389,3273,8905,8652,5455,7632,2135,8028,4958,4323,6500,8036,6118,5480,4329,8553,4459,7536,2929,8178,6899,7413,5622,3704,7545,1531,6012
8579,6276,1414,7303,4106,3850,7566,6286,8849,5265,7443,8726,8856,7321,8345,8987,7205,5158,8487,5550,7983,7600,4529,7218,8243,1970,3892,7220,6712,7611,5061,6346,2635,8907,7249,6739,4437,5334,4181,8280,5466,8026,7390,4191,4327,7786,7531,7796,6007,4473,8573,2173
7297,4868,4357,8581,6926,7694,4369,7314,6035,786,7446,4631,5404,5149,8094,1191,1662,3883,5936,7093,5557,2229,7096,6716,8895,7743,3780,6474,8139,4682,4685,2127,2128,2132,8149,1143,5460,4701,5474,7016,8424,8809,3564,7407,4729,6133,8950,3573,7157,6901,8956,1150
8705,8325,7304,8201,4618,5642,5009,404,5398,4991,6809,7837,6048,7458,6178,5156,8997,6823,4903,1961,4138,5163,3111,8239,8752,3890,7476,7867,8891,1598,3778,6724,1476,1348,8647,5321,7754,6222,7765,3287,4058,2273,4196,7398,5482,8302,4079,2934,3192,8825,5628,8575
5632,8449,5505,8708,3976,657,8214,1558,7707,5918,3615,5152,3233,6305,3358,3365,7464,7340,1836,7856,7604,7349,6583,5305,1977,1469,4802,8004,8009,2381,206,3026,6226,6098,7125,8794,6365,4704,6242,6244,4199,4968,7274,4972,4332,8174,3711,8688,7024,4724,8309,8447
7172,6662,4871,5513,4233,8715,144,8210,3475,7960,6299,5792,4000,8996,3876,5542,9000,4522,6954,1709,2350,4911,3637,2429,3011,7875,965,1221,8904,1353,7882,4175,3285,6870,8793,5209,6362,4828,7905,8568,3303,8042,3824,8189,7411,3443,6390,6520,7033,1147,2045,5630
6146,133,1286,3464,3593,5136,6928,2194,8464,3477,8470,22,5655,5013,4892,1439,7712,4771,5412,4133,7079,2472,2090,7083,7338,3371,6834,5043,2363,2364,7101,7364,7799,7756,4946,8403,8789,5975,5735,3688,4331,6638,2927,4602,6514,7286,6646,7161,1146,7291,5372,5495
7937,2178,5123,2561,7690,7051,7573,918,3224,7450,7587,7333,7078,6394,3501,5943,1338,1339,1980,4667,4543,3656,4680,5324,5709,6220,8912,6609,7634,3666,6738,4438,2783,3425,8161,8419,3942,2024,7657,4457,3051,1516,7917,7660,7663,3312,8297,4726,2039,3578,1787,1535
7939,7689,1683,3731,7829,8476,3357,7838,7454,6942,6560,7074,1443,5289,4524,6701,7859,2868,4022,1078,2745,58,3644,2493,6717,6468,4420,3140,715,1740,1741,1742,6479,7928,4817,6097,3665,2771,5581,5071,4561,3292,6878,7902,6374,7532,3950,1909,3702,7031,2550,5116
1154,1667,2691,7175,1418,4236,1038,8591,6160,5781,2326,8727,8598,3992,2714,7706,1692,5273,5270,4772,1317,8872,3369,5802,1323,2732,4653,5932,8366,1325,4534,8127,1601,3266,5443,2122,3403,7628,459,7502,6862,7376,8401,7546,4307,8150,88,6750,3936,612,4708,8292,3175,4474,7281,881,7802
3456,2307,2693,1798,6406,6542,1167,5264,6676,2324,5016,4121,8474,3099,6811,2203,8862,8472,4129,7203,292,2469,2340,6311,8105,6702,2864,6578,3635,8629,6454,7736,2617,7100,8381,4809,8521,7887,591,5074,4691,5587,2262,8663,1757,7006,2147,1769,1770,8188,7675,3964,5117
4225,2949,7052,3982,1935,2834,4371,7699,6551,2328,4503,2715,6391,1571,3756,7599,817,7159,7989,697,6906,7996,5308,829,6465,6084,3782,2761,4170,6224,5712,6610,5847,6876,860,1629,5087,5217,4706,3553,3301,5223,5096,1513,7530,4720,368,2418,6389,1655,7417,3834,3199
1665,5507,3331,4995,1542,5767,646,8965,8844,2829,2062,7439,8593,5653,1688,7065,30,1823,937,8106,4011,4652,1579,1067,1065,2219,1716,181,1212,5310,4545,1860,2757,7876,2503,2248,4935,842,6100,6872,6109,1887,3423,2019,5607,363,365,2669,367,3184,6005,4598,2811
4609,6659,1028,2692,3204,8456,7050,7053,2061,3604,5780,5018,2587,1820,2971,5790,6689,1186,1827,549,3882,1964,6062,3759,814,3122,948,8121,4283,3131,7355,1854,1216,8008,6729,3021,4814,981,7899,2524,732,1246,4317,1248,8165,6249,6126,2670,1781,374,1019,4860,7805
4739,1671,392,1545,2567,265,1677,2327,1436,2205,1694,3237,6309,2087,2088,938,3115,2735,5424,1918,946,1588,3126,3896,828,704,2756,1356,589,978,3283,5971,1240,472,218,3931,3420,2011,862,247,1377,355,5095,2920,236,2672,241,6641,7539,4978,502,5367,510
6144,3842,2822,3207,1932,1679,5007,7315,3861,2582,8471,2069,3608,2841,2459,3607,1565,3102,927,1829,1958,5415,1960,1959,1834,1584,4402,2104,2235,2238,2751,834,4293,3142,3909,4040,6726,3023,977,1235,1108,212,2645,3667,6235,4318,1889,743,3182,3183,3186,3190,5368
3075,4356,2823,1296,1689,7577,4891,2842,4890,4514,3106,4906,4523,305,2354,1587,1847,441,443,956,3516,1853,445,8000,2236,2116,2812,5703,712,3402,4684,1614,2385,850,852,3158,3928,5081,2778,859,475,1503,1504,4449,738,1380,2923,5234,4210,372,379,3452,3455
1152,4097,4224,6788,3846,6664,3600,8720,5521,6163,7572,6043,7836,4253,5915,6559,6948,5675,8364,5293,3374,7341,2299,7478,2102,6200,5438,4674,8771,5571,6213,7494,3143,6603,5583,4311,8311,8407,4445,350,5471,3041,7521,4193,8805,3686,8296,1642,5995,4970,3308,6894,123,1649,7285,8694,7671,6518,8314,7803,6524,4986
8321,2052,6916,6407,4234,8974,1302,6934,1944,1305,2845,4895,1699,5031,8747,7470,1199,8627,7733,4406,8249,6970,5437,7870,4413,8768,5441,4414,4927,8639,3141,3654,6470,4037,7237,8267,5970,5332,3545,2137,3675,6237,7773,4705,2786,8931,8548,4324,6245,6120,3433,1898,3692,750,7919,3955,761,3448,7929,5498,2300,3710
6657,7170,6915,7555,7299,7558,7685,3844,3335,8457,4363,4622,7824,4116,7956,6167,7575,5405,6046,7966,6050,6307,5284,1701,1575,3753,1450,6443,7337,426,3504,51,4788,7353,2873,7354,7486,8002,2766,8655,2767,2129,2769,7890,3797,7512,5212,7132,6496,8422,7272,619,4716,5742,5617,5618,7922,5236,4469,7412,2298,8831
4992,8066,6922,4875,5644,5646,5776,2833,6289,6291,4889,5024,7841,7331,6051,6566,3112,8617,2989,6322,7602,3001,8123,4670,8511,8128,3520,7363,8772,8899,8903,2247,7113,8527,2775,4439,5594,6238,7903,5215,6497,8802,1120,5477,4198,8806,5352,7019,753,6642,888,7544,763
6403,5766,2696,3212,529,4498,2706,5911,3998,7967,5920,1569,2722,4255,7848,6953,8107,7084,2860,5552,7089,6706,7475,8372,2870,5815,5432,8120,3384,3003,8894,5696,5955,68,6602,6730,8396,6606,8661,6236,5214,5346,8163,7020,2541,3821,8053,632,6139,7293,2558
7301,909,4878,400,6672,8213,5397,3991,6680,3225,1562,5020,6174,7073,9005,6830,3503,7726,9011,4790,5559,6585,5434,8633,5052,4285,7357,5183,6208,4551,6471,7753,6477,6867,8532,3923,7384,7263,8927,6756,6634,7147,5358,8815,7534,7665,4596,7030,4984,4604,8319
8972,8846,8335,3857,1042,1170,8852,3989,8728,5788,5406,1697,4770,6181,5673,3628,4144,8373,3510,2488,4030,8254,6334,5185,6848,3144,1738,3659,8399,6607,1233,2386,7509,2518,4696,5595,7646,1631,99,3939,3045,5221,3305,1130,7916,7918,7794,3827,499,8435,8310,8563,6393,4219,7677,7807
1795,1157,1285,3081,2314,3979,8332,8971,6287,5648,7187,7700,6550,3479,7320,3993,1786,5917,3617,4258,7713,7976,2600,2604,5807,1202,1459,4919,6201,698,4795,3901,7034,7622,4556,4429,6487,5850,8284,2397,8286,5601,1250,8547,7393,6631,4967,3437,7021,3568,8049,2422,5366,7673,8442
7425,3973,3718,6791,1928,8076,2445,2702,1550,5391,2575,7186,5395,2580,2837,7437,7962,5786,3484,7328,2080,7330,4645,8614,5030,5417,7850,7982,2608,8369,9010,2096,8112,8380,6850,6853,8007,7496,3145,7367,7499,5968,5072,725,2390,8288,2530,7395,4836,2661,5605,6503,6119,5097,108,1007,1136,1394,3065,7548,637
3201,2563,1923,7300,7944,8969,3338,7947,1163,7949,1806,4111,4624,3216,3603,6166,1561,6044,799,6818,6947,4388,5410,8486,7719,7080,5794,4650,8365,2351,3375,4273,7090,2610,1843,8371,5686,7095,4034,7108,8270,3793,8786,983,3160,6617,2008,6747,8542,7009,6639,7154,4466,8181,3958,8695,7292,7039
6273,8836,5002,3597,1554,8466,8469,7193,3609,923,3611,543,4639,4127,802,5665,3367,4014,6831,6324,8247,6840,4664,4410,6206,5439,4287,6976,4416,3270,2120,7881,7114,8648,7757,2000,5329,8658,6994,1752,7258,7642,4444,6621,2909,8287,8800,5855,6372,3812,6122,8046,6002,4979,7414,6648,4348,5887
5506,515,3843,1925,5510,2950,8584,2953,4617,6029,1805,5267,4756,7062,5785,1818,3483,8347,6941,5147,2465,1058,5539,8230,7336,7082,4139,6188,4016,2485,184,1849,3768,6459,1088,1984,6466,8262,6854,7241,8650,7759,8146,4949,8022,1118,5984,8929,5606,6248,5994,4074,2156,4333,5750,7927,5754,2431
6658,8451,8712,5897,2571,790,6176,1831,4141,5423,6452,6198,7992,3385,317,5699,2629,2630,1606,2375,1865,2377,2891,5453,8526,4688,8017,6741,1365,6232,1374,8544,3427,1381,8038,7527,117,5493,4221,4223,1664,7809,1411,8324,3462,5263,150,1687,2710,1686,3480,4251,2462,940,689,2226,6323,953,954,8126,1727,8130,8643,5829,8392,7369,6858,4299,5064,2512,3538,8923,5339,2525,3042,8932,2278,2794,8426,6893,6895,495,4592,8692,4853,1789,8191
128,1538,5381,8454,5386,5643,7818,2318,5518,6416,3088,8596,8085,1429,6298,8604,6432,3234,6951,2855,7979,6061,7855,4528,7727,6577,4403,6070,7748,6472,6347,3916,7378,6355,3419,4316,7133,7134,2655,7264,7779,5859,5731,7142,7529,8048,6384,8434,3953,4983,6396,8574,5759
7296,8068,8198,4615,135,6540,3085,5775,4114,4245,2078,4766,3744,3874,1059,6827,559,4145,5810,7606,7737,3524,6217,7243,2508,5325,6860,7375,7504,974,4306,5458,8916,8659,8535,4185,5849,6363,5468,1498,7130,8924,3810,4841,7150,2546,8947,4340,1526,6140,4733,7294
8704,7813,8838,6663,7305,6284,6797,6670,7058,8083,1685,8086,6940,5791,4641,5281,3362,2475,5037,3889,1329,8504,5946,5947,959,5312,5186,6980,8388,4808,7755,4943,3028,4959,3808,7904,3551,6371,7908,7141,1511,5226,8554,3439,8175,8817,3441,6001,1011,7925,8826,6651
3968,8967,6920,649,2058,8458,5001,5902,5778,4248,5401,6425,7581,6687,6317,3630,5935,4532,8245,6966,5431,5049,8257,5442,7489,3908,4805,6089,5450,8649,5193,8142,4431,4819,1493,5974,4189,3678,6240,3681,5986,5733,8294,4966,3561,4205,4847,6515,4341,6776,8827,8060
7171,1540,3592,8968,140,4365,4364,7951,6544,6157,3470,6296,8986,4893,1696,8993,8737,5629,4391,3245,8494,8111,2867,8756,8116,7091,7988,3897,3257,5053,8773,8774,4295,1225,1481,7371,8908,8781,8906,4815,5070,6732,7762,6354,8276,7893,993,4834,7651,8804,6117,6116,8679,2535,2283,8431,7023,2675,8821,6522,6269,6655
4478,8452,5253,6789,4104,2186,2573,2831,4495,4501,5909,3736,5151,6180,5545,8746,7978,5804,4397,3884,7984,4401,1074,8885,1210,8897,4930,5830,3272,8265,4041,5964,5708,6349,3535,8016,4304,5330,7761,6733,6481,7510,7379,5848,4952,6619,6107,8155,6880,7550,3172,3814,4456,5098,5610,2161,2296,4089,7418,5756,2046
5377,4610,8706,8711,4616,6665,6919,8719,4117,4632,6424,8736,547,5924,7971,6183,7468,5678,8242,8244,7732,5685,3639,6456,8762,6458,2623,4163,6982,5706,7758,8015,7251,5204,8278,6486,1117,7517,4192,3169,8033,7523,868,6243,2407,2153,5740,4212,8564,630,7288,382,7295,5760,6020,902,8585,5879,6032,7064,5530,4763,156,8606,5022,160,2976,6562,5287,6575,5297,8370,6839,7866,1467,1733,3530,8141,8915,8423,2286,3825,2803,7924,5111,3832,2813,5375
5504,7040,2818,4227,7044,8580,773,2184,6668,6674,3346,4500,2708,791,1816,6681,7835,5407,5408,4386,165,7210,4909,7088,4657,8882,5683,8753,7739,2748,3263,6720,3650,8003,195,6088,1998,5973,3798,8151,8158,2402,8930,5989,5865,3436,5621
768,8833,8962,7427,7043,5635,7816,782,1427,1300,3734,3226,7195,8989,7710,8861,5295,3761,4786,8501,4537,4922,701,2624,7619,3398,8138,3146,4428,5202,3541,599,5080,3294,5216,8928,3174,5478,5479,8681,2023,6636,2162,8052,3581,7551
3840,645,5637,8203,1040,8976,5649,4499,1940,8981,1941,3093,4505,8605,3871,8992,8865,5537,1061,7462,8871,935,7593,6826,2347,3378,4020,4791,6591,3904,5060,6857,2378,3913,4172,6736,8914,4693,7641,8539,4578,7397,872,8940,4973,876,4591,1264,7666,5107,8054,8185,8829,6526,8959
3072,3329,4359,8842,7055,8592,8977,3474,8341,4373,7833,7322,6172,7709,6302,8222,2206,2977,8998,6313,8367,4658,3123,5046,7232,8001,8901,7752,5449,2252,3068,3406,4947,8019,7895,7257,2265,3421,5853,2274,7011,8290,873,5356,6381,6129,6771,6773,7032,2041,4091,380,8830,5119
640,8576,8448,643,4483,3461,5765,8710,7688,5639,1173,2454,1434,2331,7839,2169,4515,2467,6308,2342,6570,5420,175,4913,6194,2482,6196,2612,438,2105,5051,3004,2240,3523,8133,7239,6605,8653,7508,3162,864,2016,3836,3684,8167,635,1774,7535,6387,6137,3450,6907,8444,7423
258,4873,6923,6545,274,6034,1172,5269,7569,6168,6431,2850,7076,1957,4134,8615,4776,6698,4396,2352,7987,6836,5303,2619,8764,3261,6589,4160,6721,5704,4044,6352,3282,5075,7766,8024,5725,2014,3166,2528,4710,5864,1256,8810,7659,1900,8300,3179,4849,2674,6260,8438,3831,4222
1281,3202,8963,6021,6405,4744,1801,8339,8851,4243,3348,5271,8599,8220,5797,5159,4777,1324,6961,4661,2614,2997,7226,5562,5694,6081,5956,7620,7750,4167,8134,1093,5322,4812,4302,8148,3542,4823,3927,6359,1370,2140,3550,7519,8543,4579,5100,3438,2799,8945,4851,7283,7931,8703
509,8707,1929,2828,6796,6675,1691,2588,6556,1825,7969,6310,4902,8745,3625,1581,2862,2355,3894,695,6841,7098,1084,2499,7236,5961,5579,4813,721,2642,3539,3415,8413,6233,4570,1115,5724,8409,3418,2269,1759,7644,8417,2659,7139,6757,7396,3039,489,7280,7667,1524,3960,2557
7169,1030,8970,395,8714,397,1936,3984,7191,408,2583,1050,5403,4764,7965,8479,3105,6691,297,5034,6447,2738,1466,6461,6335,5057,2241,2626,2500,838,2758,3531,3020,5584,5845,214,4826,4827,1885,4448,736,7270,4326,231,5354,6252,1262,2671,1519,3185,6516,4216,2554,1022
644,4998,3209,2825,2444,4241,3090,6263,3355,3739,2844,3360,289,3253,2742,9015,2999,1721,2490,955,2106,1722,958,6073,836,3397,4550,3783,2124,845,2255,2384,3025,469,473,857,7515,5239,5980,6366,5088,4322,483,2787,2918,4077,3566,8559,3313,5361,1015,1274,1278,1919
4994,5894,3473,4758,4504,7198,1311,7840,5668,7718,1447,4520,6184,8234,3755,4267,5426,2866,8503,8255,8384,7107,1219,2505,6731,1616,7891,980,6612,6614,5722,3803,604,4060,3038,6623,8801,8803,2404,7782,3302,6251,748,1003,237,6385,5873,1521,4597,3322,4861
2177,1921,8195,7428,6533,5640,5497,3722,3724,1933,8717,8848,4754,6040,1821,2980,8232,2474,7216,7858,5299,8884,1717,7609,6972,830,3519,3395,2759,8519,4553,199,8909,7122,3673,8153,7260,6498,227,7784,8569,8305,8690,3317,1653,8183,6649,3196,6399
5249,8323,6149,6022,7561,5132,1934,2320,5522,7061,5527,3356,8477,1314,3619,5286,5670,6187,5553,5811,3254,7097,8634,7231,1474,8770,4803,7492,5702,6728,3401,2889,4042,6985,4173,3281,2646,3035,6114,7140,1640,5609,1643,6635,8301,2290,4852,5112,3454
5376,4738,2568,2570,267,4623,3860,4124,1567,1568,2082,2210,2084,4516,3238,4393,2223,4531,5812,2227,2809,2750,3007,6725,3269,841,844,3662,3791,846,466,1237,2520,4188,1373,4572,1376,4321,2921,6890,2922,874,4976,3187,1140,4086,4087,3577,2044
4099,1796,7046,6281,3340,7181,5005,4367,7057,4625,4635,5536,6817,1188,3623,6441,5805,6777,7474,3507,5174,6967,8887,8888,7482,5563,3388,2878,4926,6592,4418,8645,1734,8263,8651,6221,3533,5710,1744,81,2514,1619,3540,3536,7136,8672,3554,2027,5102,622,8432,7664,8561,4082,3570,5365,4982,4857,6653
6912,2688,2180,2437,6535,5529,2972,7580,4382,3748,5541,294,2089,7595,2478,4277,3509,2555,825,7485,2110,5954,1863,7373,5198,2894,1105,4434,5716,7382,471,7383,8057,7001,4187,2905,7002,5983,1888,7777,7906,762,358,7143,3180,4590,1905,8698,243,7028,4213,2038,1784,3705,8570,2043,8316,894
512,4605,6786,899,4996,4229,6026,271,273,1298,788,5658,3738,4900,4517,4006,1320,685,1326,1965,6450,3379,7731,4019,8758,4665,5690,4539,2108,3132,8765,5950,2491,3393,7872,6341,5573,7366,7240,1994,2123,3663,4049,5586,7377,7380,1242,1755,8156,2780,2782,734,7422,737,5089,3299,503,3552,490,491,4076,8941,5996,8943,4208,4339,5238,3319,504,8953,507,6909,4606
2816,7946,5141,6165,5913,6169,8223,5671,4647,4399,308,7479,6205,6211,1869,2158,8306,6275,6283,6798,3214,8338,6292,2199,668,7325,4257,1968,6067,8886,8631,3518,6338,3528,4059,5603,4599,8697
2048,3589,4108,2578,8212,5142,2077,2595,6692,1068,3629,6704,4146,4148,1592,8761,1595,7740,5181,7233,3148,4177,8788,1623,7771,3171,6250,6764,6769,6780,7806,1668,5258,7819,8850,7832,6303,7842,2723,3763,7348,3772,7358,7360,8385,709,8902,6859,7883,1229,3286,8922,7386,1266,3828,6392,7933,6398,8966,7948,6929,2856,1840,6462,832,6986,8523,5965,8530,4436,2916,3430,1384,1387,893,2943,8064,2956,398,4506,8607,5546,8636,7612,4542,3013,4062,6629,6121,492,5613,4085
8197,6661,6151,6279,3978,6667,6154,7822,7311,3727,4497,8723,2196,6805,4886,4246,532,8724,2711,412,2716,8098,8743,2216,553,8362,6445,8497,8500,8505,7483,6588,7614,2366,4800,7487,4673,3775,190,576,5959,4552,5834,5578,7372,2639,8913,7253,8918,4183,6744,6877,8541,8671,8799,5473,4344,8291,5476,8289,8551,8824,6765,1134,4463,496,4718,6008,4477,5246,1791
5577,7565,8910,5647,2704,3219,4310,7319,3325,8730,479,6752,6179,8550,7913,5998,7986,7862,8190,3706,7164,7037,6014,2367
2434,5764,4742,2056,7177,8460,4880,3217,6803,2323,6808,795,8092,5535,2848,7975,6316,8748,6446,3247,9008,8240,7472,1838,4143,5561,8508,2877,8638,4415,8640,2879,8767,5827,8642,8637,6597,7111,5960,2631,7370,3139,5454,5967,2256,3153,7246,7247,4182,4698,4954,7776,2145,7010,4709,6885,7273,8557,8045,3057,7282,8946,8820,6904,7930,8701
5120,5121,7554,5890,5122,513,5638,5382,2051,6280,5130,8843,5260,8077,3460,670,8224,6821,4135,3751,8104,8873,7852,7853,5677,6060,2992,3377,8115,8755,6965,7477,311,7864,6713,314,6074,8379,4669,7738,6978,4298,4939,3018,4560,7124,7764,1368,8282,4956,4700,2399,4961,8034,6379,6380,7789,6766,8555,6768,2292,6774,5627,2940,4990
8834,6019,8070,4999,5385,8713,1682,5907,8595,7452,2589,7071,7590,6952,7081,8874,1705,4525,8751,1072,5425,1972,7092,4663,3064,7993,8889,6203,7868,6711,5055,5823,5570,1484,6604,5582,1487,5328,1873,5841,5459,5840,2517,8917,4054,7419,7770,5852,6749,3934,8415,5730,4963,2276,8035,4071,3048,5993,8808,5230,4343,5880,1529,6011,3708
7298,3586,6024,1037,526,653,4383,8352,6457,3944,2667,2284,7596,1967,6511,7540,6647,6265,3069,8062
8192,3970,5512,4488,8588,7441,8215,2071,4377,5276,8355,2727,4648,8875,9004,8880,3634,6708,6068,1589,569,2875,1473,8898,6723,4548,3911,7497,7117,8534,7511,5078,6745,2012,1630,6625,8678,5353,3947,5868,1646,4846,624,7537,4722,3188,4855,6650,2814
8832,1408,4354,8330,8587,7821,3342,8079,6802,7059,3858,5524,8854,2968,4381,3109,7589,8619,8621,5933,7471,8496,7346,2615,3129,3771,8510,5062,8393,8394,970,4811,6345,6864,3154,7635,2387,2901,7892,6616,8159,7648,4837,5093,5862,6135,2680,4601,7420
7104,8516,4676,4872,7817,6538,332,8340,6038,7638,5464,7388,3872,7804,8994,6369,3296,3298,7207,7145,1194,6955,3695,7152,6767,3952,8437,9014,7223,6710,4346,572,6270
7430,8582,8590,8975,2959,8465,5011,8853,8725,7192,8857,7451,5282,675,5543,9002,5549,4782,8879,7087,7343,4275,8628,9013,5941,5435,8893,2113,7878,5448,5066,1357,8911,8400,7123,6102,5335,1110,4569,8790,7897,6620,3164,990,7266,1762,7652,1893,4582,8807,2664,5991,6637,3567,3449,5883,1660,2302
4864,4482,7812,1284,7941,5255,5256,6152,5508,7691,8204,5772,8334,3215,7952,912,5905,1911,4118,6039,5784,4249,7579,4125,4512,8866,4905,7722,7467,4780,7725,2222,8749,3632,8374,6584,6587,8383,6080,1089,63,8258,6852,5445,3910,3651,8264,8132,1868,8525,3280,4052,8279,5336,3165,3037,1501,2660,4839,2409,745,5099,8172,4589,5489,3315,6903,5753
6274,5125,8839,5131,8462,5134,2830,6161,6162,4115,3095,8343,284,3997,1566,4384,807,4137,2858,942,4271,8623,8117,1719,320,8512,6599,6215,3785,4938,5195,7500,4936,6992,4818,3411,8660,6483,7894,7767,7643,5344,3682,5091,7526,3820,7793,8050,6259,5877,8441,5242
5761,8067,5509,7686,8071,7950,8078,3856,6931,5402,7069,1950,2208,5921,7717,3878,7591,7334,3370,5164,300,7215,303,8368,1586,2233,1850,8129,7362,7745,454,7120,5713,3284,5972,1750,5207,5208,222,4320,8169,5612,4461,3694,244,1525,6134,2042,1403,1917,5502
3459,4360,3337,6153,5392,2705,4630,6295,4376,7323,2591,4898,5155,2339,4262,4904,42,6699,5166,6190,6837,565,3642,3259,4797,7999,7616,2882,4036,4292,6727,5063,585,7629,2765,8783,2897,7801,5457,1234,4694,8283,6367,7391,1506,2532,8549,3689,1514,4588,6508,5744,6131,5619,7669,7541,6905,8700,6141,6654
6913,4867,4740,8841,3594,5899,6028,6669,4752,2451,916,5881,7831,7703,7961,6170,7834,2074,6685,8096,7459,6563,7973,5667,5680,3888,1331,8759,3135,2495,4290,4421,3526,8777,8011,1231,5715,7636,6911,6742,6231,7127,5720,8796,6626,1891,7525,8166,5866,8429,2288,5745,3826,8307,5748,7542,2553,8443,5500,6015
