1762,6243,332,5549,5646,6064,3093,2716
5922,3139,6026,2733,2704
1540,3302,2153,2989,4439
2242,6577,6270,3548,3038
993,8778,5276
5873,6319
1506,8806,7142,4758,4505
8801,1251,1334
1986,7727
8803,7434,2543,7734,6298
3626,8109,3059,5624,4637
4485,2031,5364,1176,2906
1122,556,6070,1053,4670
4800,7718,1865,3470,3865
3657,6282,4143,4880,6334
7047,1326,6450,3132,7422
5731,2378,7026,7924,8156
3904,6369,7747,940,6893
1738,1130,7724,4783,3379
5668,4267,1616,4060,4861
5347,7206,7017,3117,8411
4036,5125,6761,4983,7067
7942,2796,3952,6128,8959
8137,942,4310,8982,4472
5619,6165,3319,6522,604
4834,5925,8012,2893,7479
8709,7626,657,1429,4407
5103,753,8754,1589,1878
3872,2404,3695,1807,3706
6752,4588,6354,3091,7351
1646,6612,4148,8792,6398
8217,7801,678
417,4403
7776,7781,7093,8791,4766
3088,3763,6574
1973,5759
8426,5770,5588,6905,7326
3520,8588,6157,8111,3001
6341,7849,9002,3740,1596
8674,135,5355,4980,888
6984,4872,7732,8920,8762
1229,5965,7612,5181,7740
8454,5671,3188,8085,2334
6986,2667,4019,3193,8668
7556,2149,876,8847,6997
5026,8898,4195,5831,6093
387,6344,3248,6228,6296
4992,7841,4257,8617,8123
1635,8879,8986,6428,8607
8994,5381,6538,7152,5690
5313,6184,6411,7481,284
6667,5022,5530,6141,8606
3264,6786,1358,8979,2806
2976,6187,2386,5204,6486
512,1320,6421,8953,3738
6566,3947,5392,6131,6367
8802,4198,7113,4498,4889
6497,6051,2286,6322,3826
8552,6709,2438
3785,8039
8784,8618,4262
5323,7447
8128,3621,7596,4115,8855
5698,4163,6839,8152,8735
6528,5063,6793,8622,7151
7201,5637,8203,4172,5713
6464,3689,5429,7541,7549
7840,8234,6731,6251,4754
8933,2247,8431,3223,7229
8386,8434,5078,8534,2875
2858,7951,5715,1719,5658
8163,7370,8799,7864,7903
8609,8271,8118,7480,254
6561,7846,8968,3511,7483
8906,748,1653,3803,2655
5185,484,6568,3792,5616
7111,5740,8719,3698,8700
3939,8972,3628,3989,5047
7344,6683,5950
8798,3647
3299,3077,5484,7213,7518
8360,7400,8492,8405,7646
325,5991,7441,1266,4542
3616,8068,5426,4627,4605
7331,5877,8885,7894,8214
7666,2196,7832,8857,7774
4581,6917,4360,1994,4299
5955,7528,8781,6349,8756
6053,8489,5387,2510,8846
3277,8697,1869,5913,4703
8773,902,7526,7500,5107
2983,1264,6418,8180,7415
8940,1061,7910
8865,8238
1288,4563,2071,8983,987
4292,4552,6798,8048,4183
3395,6635,1170,3322,8572
7138,8679,7600,8849,6225
5573,37,2537,4303,4153
7140,4553,1003,624,2290
8737,1314,8779,8303,6833
8129,8067,3694,7889,507
1697,3144,8852,8373,8728
8516,6767,7282,8342,572
8064,3878,2856,5546,6462
6944,3524,998,6217,2012
5024,8993,5644,7822,5246
8667,4565,6375
4528,3138
8739,491,5580,7668,7932
6118,7762,6291,6873,3257
452,1610,7566,2929,404
1160,8243,7220,4181,5688
3557,2728,8047,6262,5660
5380,4009,6292,7988,5342
7745,6931,565,5238,8283
3498,8307,140
5220,7525
492,689,6769,7958,2525
3586,5158,1384,5066,6540
7268,3884,3795,7767,8446
1536,8036,8715,5404,7197
8807,8908,8236,1110,4569
2891,8043,3917,7469,8948
2848,6490,3229
4427,8750
6340,4877,4656,4886,6426
3242,7215,4539,7128,1403
8130,8932,4264,5773,7992
8033,8706,6982,8423,6803
5350,1097,6826,2254,8787
8194,3427,3462,6012,4223
8198,7504,2288,6739,8916
6785,4141,1970,4510,3775
8227,6346,6640,4437,1531
3593,2127,5936,2364,1598
8224,8741,8015,1040,8370
8884,7669,8183,7097,8958
1184,8774,5612,8376,1307
5825,1514,4376,1210,8028
4352,5188,3466,8941,1399
8251,7854,5486,2233,6267
7042,7205,7249,7218,6745
2754,5650,4340
1625,6851
7885,8973,5232,6325,2941
7397,5901,2313
5893,8357
8259,8783,8596,6133,729
7398,6760,3890,8149,4245
3744,1059,6345,5325,5455
7749,5894,8780,8690,8382
6178,3778,2508,4306,8825
2664,7561,6985,2284,4173
7618,1989,4230,2471,3382
6823,3085,5009,2833,1526
6024,1037,8975,8893,4383
3874,3362,6670,4185,5791
8071,7598,6416,7731,4952
8829,5959,7641,4925,3871
6759,8575,6633,6035,2303
7141,2309,4295,8826,6651
8452,2094,4117,5622,8763
3780,8809,2387,6940,8895
5280,8099,6979,2820,7933
1730,8910,8056,280,5082
3169,4616,6474,8915,6456
3491,7623,1455,8051,3864
1411,5897,2571,7472,4251
7904,8581,715,6899,7867
1242,7107,2782
4384,3552
4323,6500,3273,8907,5053
6385,7633,7891,980,5245
7652,8555,7251,4246,6744
4704,6176,8712,8265,5718
3659,8926,2606
4770,5221
7813,5001,6284,2934,22
5859,7979,6732,8692,6526
8032,4900,4078,2488,734
7104,1194,4177,8631,8252
3011,1683,6901,7446,4958
6848,8435,4030,5595,8254
8324,8683,3700,4024,7194
3234,6467,7779,3916,4878
8004,7349,1558,5720,6365
2212,14,4696,4989,6111
4898,5155,8549,2765,6837
6695,3054,8495,6579,8761
8483,2477,9014,1946,8095
2882,4904,7273,6699,7476
8579,8520,7817,6710,7223
1219,3724,8848,7122,1821
7428,5640,3673,4597,5497
6116,4364,1150
8139,8950
3489,7023,3378,6771,4091
3585,8322,7443,3892,7510
6020,4632,7983,7064,1467
4517,5996,685,6575,8758
6533,1447,2474,8909,5566
5766,2541,5776,7475,8894
1329,5810,2870
8587,3615
5346,6477,5815,763,6236
7488,6733,7346,8116,6815
7117,7471,4431,6191,3634
7363,3821,6672,5911,5434
8647,8174,4946,5401,8189
7276,2158,2996,7608,5244
6240,1353,4046,7960,5630
6089,4233,8875,4847,4819
3269,6022,3317,4665,6399
6114,6149,5286,8424,1643
5393,4844,8439
8280,4915
2283,6286,7379,4084,2623
1733,2256,5297,8278,795
3840,5473,4070,4648,5493
929,5050,4003
872,6293
8838,6920,3028,8827,6687
6882,5090,4146,5369,447
8164,8677,6855,7255,4767
4966,8619,3923,3991,6238
7024,786,7314,5431,3678
3245,8178,7091,7893,5115
0,7715,5060,8117,4218
3970,8573,1660,5149,7390
7424,6057,4395,7827,5592
2434,5764,6885,7246,6904
5163,1836,3858,1685,8854
5282,645,3663,8628,4436
1346,3974,519,3592,8075
6211,4742,8462,6712,1882
8038,6857,5263,8765,6591
6887,8685,8592,8404,2007
6531,5480,237,6061,5649
2689,6401,7271,1772,8565
6305,133,8458,7961,3551
8824,8197,4477
8497,8098
4591,2041,1405,8830,6655
3072,4453,8556,5207,2553
4806,4748,3219,6549,7126
8523,398,5142,1592,7865
8793,6085,5215
8883,6068
6121,4717,1233,7794,6303
8704,7079,2472,2090,6646
2696,8239,7765,2173,3711
6433,2789,6790,3339,8733
5064,6858,6895,150,4221
7563,6708,6933,7448,2559
3808,6371,1977,8026,7772
8776,2425,6065
4600,6105
5093,5862,6774,6425,5468
4520,8232,3944,5722,7771
4947,5436,6713,6588,2589
6607,8399,1202,1786,7807
8743,5356,6381,3406,7032
8804,7492,4042,535,3519
8356,3828,8153,8255,7455
2048,4994,2505,7198,6623
899,4006,7240,7818,4208
5505,5946,1414
3976,1147
2570,6040,6393,4124,8477
5344,3045,3306,5335,8539
7752,2711,1529,5852,1791
4480,8716,5998,6190,6958
6130,8818,1461,4440,8478
7305,3439,8464,6001,4892
3911,7602,7796,8856,8345
4811,7083,5933,7286,8470
4424,6830,7507,7162,8702
6283,8242,7063,3225,412
5186,1286,6663,7101,8159
7826,8245,6936,7130,6140
5891,5837,1495
1778,5402
7848,2706,4790,4604,4255
8746,5330,5013,5848,4089
8034,3493,7277,6643,7092
4304,6242,7954
4081,8708
2694,7693,7935,6782,5023
3881,6554,4023,6874,7869
3337,42,4921,3642,2814
8544,6658,2710,790,3480
2666,1693,4678
2827,3022
4354,3850,6864,2901,6776
3172,5557,6458,8891,8223
2883,6045,376,2585,2237
8290,3123,7253,4373,380
8103,8041,7915,7509,7134
2145,5377,7172,3530,2803
1696,7651,6511,8634,3069
7552,7720,7433,7403,5134
3329,8291,4335,2002,7257
8363,7991,6992,3127,6169
2436,4165,6384,504,94
7686,8169,7377,1623,8767
5040,5171,8461
7187,8231
6491,7243,2111
8087,5487
8257,5670,8294,6728,8886
1408,7084,4532,5975,4478
98,5091,5129,1933,251
6280,8554,1709,1011,6966
6880,7468,5262
6827,6269
6661,4999,5841,8724,7419
4930,6403,3814,8276,7967
1774,3474,8532,2454,2265
8905,4984,5397,8661,8120
5476,1134,3727,8913,6877
4676,7782,2188,6649,8605
5474,8621,6544,6007,5466
8449,2121,5226,4495,7058
1476,7696,1490,8722,8309
5699,6835,4122,5628,1727
8385,8582,6637,7597,2578
2889,7216,6614,4087,1311
3630,559,5938,3637,6390
1664,7809,2377,3755,4592
7209,6828,5906,2034,2964
5633,7717,7207,3468,7183
3365,4112,1080,4797,1469
6642,6539,7061
3196,3356
7296,5457,3518
4329,7323
4582,2959,8400,7407,5011
7364,3688,6715,5820,6077
4868,6215,3272,4841,156
6498,199,7858,8343,8927
2885,5101,6031,4368,7871
4067,8037,6153,3321,3487
965,2927,8626,3443,6299
8901,6445,6129,8341,7833
8305,3370,8717
8384,1567
8494,6638,8496,7604,2775
8192,7016,4041,5545,4369
3993,7034,1631
1250,6287
5450,7051,3312,8504,959
7232,8808,8976,2517,7709
7369,5453,4688,1365,1789
8889,5907,7055
3048,1972
6409,7116,6572,4815,6896
8515,7948,8850,3286,4957
5376,2210,2922,1237,4572
3081,8335,7700,5366,6201
8325,8297,5037,4401,4543
8009,4969,7340,4332,5305
5382,8585,7477,4698,2879
2053,2602,5137,2647,895
6692,709,6764,7348,6103
5639,8167,5834,8367,8977
5829,8392,8526,2512,8126
5249,300,3284,2044,2750
7171,8388,1191,7761,4959
4896,4039,7815,6735,1076
6795,1909,1205
3574,7607
4558,4689,920,5114,4285
1793,7495,3925,1271,8030
5516,7409,6968,7578,7583
2724,8914,5972,5561,8092
4741,7431,4338,8284,6813
8633,7147,5559
6289,7020
4259,4425,2412,7609,5470
1604,7653,6998,7350,2747
2083,360,2539,8212,5886
8195,2084,841,2921,5812
7622,6631,4556,6550,7673
128,7616,7657,5655,8443
5442,7059,7635
8060,4381
7490,7655,3765,8601,6844
8,6842,3016
5779,8207
7297,5542,4457,7307,5458
5857,1548,366,694,3032
7681,1126,8656,5017,5693
1830,2675,3252,4694,3641
513,2051,6379,3644,6878
4392,3728,4593,1718,8154
4258,4967,4429,8563,2397
7096,3564,6117
6926,6135
7939,8678,3112,2135,1368
4357,7629,3026,2680,569
4610,8389,5502
3050,7611
5664,4613,1608,3857,540
7842,7878,8790,5883,2045
4483,6570,8653,4913,2482
2919,5548,5755,6142,6207
8775,2924,4144,3479,5406
8451,7748,7529,2347,1234
6706,3820,5702
5609,8323
3713,4451,2532,1576,6898
7872,8902,8465,5554,5428
6627,4618,4685,4058,3358
7078,3942,4871,970,6394
6154,2612,2169,3162,3421
4101,9006,7473,4279,7737
8711,7758,4212,630,7288
7930,8748,1940,8981,4954
7753,8372,7357
6953,2558
1511,3656,5964,918,4667
1606,2794,3154,6452,8155
3913,7790,4020,7190,4791
3233,4106,5265,7029,1143
3968,2635,8175,5943,8987
8354,1452,5139,5301,2359
8355,5482,344,5918,1439
3430,6313,3629,3068,8222
5990,5928,4747,5931,4017
4737,7014,1676,4113,4824
2535,2631,5287,6508,2323
5385,3018,8035
6011,8751
8897,8042,6834,3702,7033
6049,2644,217,3227,5854
8104,8077,5840,5328,8019
1376,6972,2223,5553,7260
5921,2226,8636,6396,7358
3153,8277,8088,3290,6079
7362,3716,4654,1298,7451
4673,8726,4903
4701,7694
6208,5358,4596,8213,6174
8903,8396,7030,7384,8511
7075,5739,5229
5490,8390
3393,2318,3472,3129,2491
3238,2568,3722,3473,466
5318,3721,3987,2421,4379
6507,6479,6097,8476,7454
2561,1961,3501,7450,5947
8705,3876,4911,8348,8094
8896,1473,7410,4377,8924
7937,5924,3528,7690,4399
6951,2895,4595,853,2591
7320,8442,5807
5648,8286
5672,6347,430,6990,6355
5898,5334,6520,5849,5756
5122,5260,6316,4529,818
7713,7976,7021,3437,4795
6845,5068,7406,8084,5597
7544,6922,3384
1569,68
4866,1435,3314
5481,2067
3908,6317,5902,4943,6515
5552,2860,7293
8066,6606
2917,7568,1142,8502,477
3649,2258,6278
7916,8519
7264,7649,2372,3953,4050
871,235,3279,848,2225
5447,1101,2190,595,6004
4837,5166,7636,5500,6015
4932,74,2125,8535,7513
5729,6148,6124,1332,5593
740,7013,7883,6351,7386
5799,4492,8623,2679,8351
6560,7882,7946,6067,1078
5920,7531,5432,7545,4157
1348,7338,5866,3666,7799
5281,1516,5324,8912,1787
7986,1155,3325
8604,1543
2278,8820,6741,4663,8923
7591,8527,4693,1750,222
7908,4805,4808,8142,8083
3013,8839,2251,370,3383
7269,5452,4150,3288,858
2350,2229,3639,4828,2429
3303,3824,8306,8053,5817
8513,6440,8268,465,4636
7233,6929,2294,3449,4506
3425,7333,4022,4631,8956
8107,7089,632,3003,5214
1025,2371,1674,7247,7102
4000,6662,6162,5043,1662
2218,3760,2107,1052,2109
7265,6017,5224,2804,5275
3247,8240,8282,6749,8638
5128,6038,5464,6075,8312
1120,5730,4875,4718,3708
7372,653,526,1967,6265
7769,4724,5495
7754,5372
6436,6599,3565,1713,1564
5575,8813,6673,8402,6615
5444,1254,6892,8499,2740
7789,9008,2932,8503,3385
1991,4169,8788,7704,1630
868,2407,4722,4763,5375
5890,5827,4298,8557,5879
3371,7660,7663,3441,1535
8934,779,8205,3120,7217
6594,4585,3818,2699,5046
4421,4752,2897,7542,6911
3589,4575,6483,6871,2687
3239,5288,5869,1422,8318
7553,6003,2502
5793,2164
6183,6380,4499,382,5823
3208,5419,4182,7259,8061
206,8688,6738,2132,8447
227,1717,2759
1921,1934
7784,6890,846,2520,4188
6468,2194,7829,58,7420
1042,499,4919
3568,1157
4740,5363,5878,7069,8574
3669,8182,1767
4204,863
1824,34,295,2293,1017
932,1832,1833,3178,5257
8967,2058,4205,5778,4341
2977,2206,6302
2274,6773
8096,6275,3594,7127,2495
6018,4643,4831,7318,7167
6019,6952,7793,8595,3064
1795,2276,7019,5459,5880
7464,5098,3477,4501,3897
547,8564,6424,7866,6909
5735,7917,5581,7859,7573
8226,6501,5258,6704,1747
7852,3377,5627,4669,4990
5899,8302,3731,3285,2039
2705,2221,4942
2793,3108
160,5706,6919
3825,1117
706,7855,9011,6867,3419
8001,2342,4359,4658,8054
5513,7532,5071,7928,6107
7011,7688,8505,8541,7614
2980,267,844,7408,2866
5760,3298,6665,5678,3832
8777,4290,5477
5594,2727
5804,4524,3950,4464,7672
4516,6279,553,4623,2809
7804,8340,7388
7145,5892
4196,6180,3535,6139,5629
2208,2065,1681,6742,951
4709,5960,4939,5425,7868
1568,4321,1140,4086,1373
830,5299,4504,7994,7806
8769,3971,3495,7413,7157
7360,1668,4108,1068,3772
320,935,3411,8821,8760
5448,7087,9013,5435,990
4320,5164,1586,6134,2077
8485,6983,3816,2547,3352
4782,7343,5941,7192,7897
5195,4331,2830,2296,8441
2016,6308,8133,7508,7839
2914,6437,262,7592,3838
4817,2550,7161,5116,7838
8947,1443,8759
7074,7031
2722,1538,7378,8338,6680
8772,8166,5032,5839,3573
5667,8649,6170,3259,7391
2344,7570,6963
2603,7695
832,2978,5768,7819,8569
2082,874,3791,3187,3577
7430,5136,8725,1146,3164
7905,7462,7783,5719,6330
6113,7493,5292,1361,6290
4641,6980,2475,3889,8086
6216,7728,1521,6423,3103
7457,4488,1463,7321,1980
6583,6954,3287,3736,3192
6562,4938,6161,7517,7295
99,5957,5867,3827,3510
6151,8671,7311,4344,7487
6820,6472,400,434,6323
8448,7239,7593,175,7895
6789,4615,8201,4397,7837
5289,2745,3292,3357,7902
8643,8017,117,6198,1724
6624,3682,6629,6250,5613
2113,5543,8911,4275,8853
3042,2375,3538,6232,8191
2595,8966,5353,2199,8922
6534,8144,7312,7221,6965
3715,8487,4682,5708,4438
4327,5352,8652,2449,6362
6432,2373,1387,2956,4085
8547,5673,2314,2604,5788
8553,5241,1341,7901,2463
7682,7334,5705,3095,1914
6338,4647,308,5141,7325
8419,3140,7371,7536,3704
5152,5603,1968,4599,4059
4707,804,4103,1223,7189
6244,5412,7304,4522,3578
8551,1484,5230,6172,5055
7418,2046,2831
4365,7743
4199,8210,4473,2493,6942
8770,4803,8301,4852,5112
8917,8070,4463
8874,6597
8834,4963,1873,6203,7071
4968,4972,2381,7856,7125
1874,4732,7845
6376,8823
8576,5765,6137,6907,8444
2178,4602,8403,1338,1339
2731,1937,1811,2965,8822
4456,7756,6481,7892,5242
5632,5709,7309,8789,4094
6625,6626,4578,4391,1438
3853,5519,8602,2460,6558
5509,8550,2279,4846,6295
6567,5065,6930,4760,5884
3883,5868,6928,7411,8568
2118,3176,2252,593,3222
6821,5535,5130,5454,2399
6471,6634,7726,3503,5052
1074,2363,5398
6048,2186
2272,1518,4312,1755,1277
5123,4420,3051,6609,7291
8640,8736,6978,3460,6446
2723,5449,6859,8530,7322
8202,5707,2167,6682,3005
3751,5582,4343,7452,3934
5191,7465,6258,5654,4607
2433,7010,2273,8537,2523
5061,3214,5775,8659,1498
4843,3788,8397,4945,855
5993,1227,4525,6808,7770
8904,5550,2128,4729,6809
4229,490,271,273,4049
6563,8841,5680,5748,8796
1952,5843,5531,3671,2683
2339,3719,4974,5626,2973
4497,532,8244,5685,8918
583,5008,4955,1852,4350
640,2467,643,5051,3004
8899,4521,5070,8368,8660
576,8871,8362,6765,5119
7298,7540,6647,6457,8062
8143,7632,2867,6619,4191
8832,3459,5744,4630,7999
3521,7662,6326,4346,3997
8868,8938,8817,8468,3097
7786,6860,4726,4027,6047
6146,4133,585,6226,6870
1857,7120,7862,8190,1950
3461,8998,8842,1434,3836
6602,909,7534,529,8319
1474,1640,3401,5522,5811
7875,1221,4175,8752,3475
1381,1831,1686,1687,953
5736,2762,6328,2362,3582
8710,7535,6196,1173,2105
5696,1225,2573,2161,8794
4771,5830,5642,6098,5151
7587,4680,2024,6028,3224
7393,2600,8049,2422,3901
4548,5647,6356,8730,2367
1072,8755,8115,7738,4700
5512,1481,7497,8881,5978
6536,8124,5168,4508,3935
8352,3619,5132,2320,7231
5809,6548,7674,6973,5533
1797,1706,4976,7289,4282
3776,6027,6254,7950,6677
2855,7211,8877,5518,6800
6756,4551,9005,1562,3998
8289,7590,2639,1144,5148
5638,1838,8946,7124,7764
4738,6725,2227,3860,2646
7459,1231,5745,916,3135
8642,2056,8843,8045,4415
8429,6231,2074,7834,6654
7975,2216,6060,3057,8508
4965,3212,5135,7955,5183
5986,4459,8215,7511,6650
6600,5131,4271,3696,7643
5792,7303,6730,4138,4561
3617,8332,1459,6487,698
6434,5643,974,4733,7294
97,6192,2995,3100,3933
144,4713,9000
8996,6374
864,2240,4515,6387,635
873,303,3856,5208,2042
6220,4079,5460,5524,4893
4973,8078,244,1525,1917
1285,8971,3979,5850,5917
2916,1840,6392,1595,893
6780,454,4936,3148,4316
3810,6276,8880,7606,6205
8512,8260,8327,8937,2962
7712,3464,1742,7984,6514
5578,3978,6805,6008,2366
7648,8330,3342,1493,5049
6946,810,812,1294,4855
7266,1357,3567,6102,6620
5120,5121,4560,8016,4956
2123,1965,5586,788,4606
8992,5601,7366,169,1391
6179,5577,7565,8437,7164
2177,3281,3254,5527,3035
3523,3684,6194,3450,2331
3400,1198,7054,3413,3898
7913,7319,7037,6014,479
7489,5733,6797,5974,7581
7936,6723,4137,7634,6259
3920,7537,2078
6363,7375
5537,7404,1941,8185,5020
5089,4076,8943,4339,7380
6181,6669,4461,1850,1566
7554,5967,4092,8637,670
5253,4104,7978,8050,7550
4996,2780,737
2108,503
7589,7821,2615
2968,8393
5420,6605,438,5853,7423
524,1814,2967,4475,5532
7168,7072,1955,1612,2457
3681,3561,649,4145,4189
3305,7918,8310,2518,7677
7971,8460,1487,3217,2813
2629,495,5423,954,1374
4961,6604,7853,4054,6074
4802,7274,8081,2744,5819
6274,4867,3526,8011,2451
869,5386,2546,6585,7133
3171,807,4818,4062,2943
7177,6766,2292,2940,2877
1945,8179,8453
2824,6772
7973,3888,1331,7703,6685
8873,5677,311,8379,8701
7689,3665,7831,7707,6717
496,8723,8101
8713,7081
5312,5193,7150,7925,4248
3296,6955,6736,3218,7638
6768,5570,2911
1705,8415
4192,7523,8141,6032,5111
6913,5610,1891
5156,6701
424,2773,3801,4026,1215
962,7923,3886
7432,8603
8161,7755,2771,5209,2783
4135,2992,1776,6711,314
5339,2462,7527
4853,2630
675,1893,8590,7123,2302
6727,1740,4114,2868,5881
5700,8328,7179,6091,8440
3109,1741,5935,3771,8510
4393,3662,4531,3454,3007
7073,7301,8815,7665,7263
8394,8079,6802,6616,4601
5761,2946,4869,4394,1657
7458,6724,3111,6222,6716
4071,1682,8500,7993,190
2316,2957,4215,4284,2461
5856,3010,2338,3977,2654
8997,5062,5321,5909,4991
1186,5095,1781,30,2328,1246
1248,1827,2567,3420,1694,1823
7546,5443,4772,791
881,6862
1154,195
1601,8264,459,1325,88
2184,3308,6668,8753,5270
4224,8866,3146,8727,350
3266,5802,5583,5273,2299
773,6160,7281,7572,8127
6720,7521,4386,5683,6681
1667,1418,8598,3834,1692
6788,6948,3215,6518,5471
5408,4097,7341,7502,8366
3686,3175,5675,4236,2829
3331,2340,3403,2732,7439
1152,5478,3369,8374,4922
7803,3346,7478,599,7195
5521,1038,7671
612,2102
4674,6407,8364,8720,2326
3650,7044,6636,7739,7835
768,7040,2818,6088,2708
1065,4170,6894,6610,6043
3433,5587,6970,1757,4927
3936,2691,8844,8593,6100
3964,5117,2137,8188,2845
1317,6702,5970,4534,7065
3846,7919,6039,761,123
2864,181,8663,2203,2300
7088,4786,1300,2748,7551
5915,6163,7285
2624,1898
7203,2469,4809,6578,6676
8872,5932,6542,8591,8381
4193,6674,5973,5016,8861
5865,912,5202,8151,3448
8321,8931,6916,8974,4406
4986,8930,6750
8472,4657
7427,4324,5753,3675,1501
4225,4691,7736,2617,7100
5217,3982,443,5847,3099
4293,6249,7050,6872,4474
6852,1816,4253,3896,5437
3553,2307,1199,7159,6906
6050,426,8747,1302,7575
4708,2692,3436,3992,1854
1571,2834,2418,6551,7966
8768,2402,4706,1167,1629
6443,4589,3955,8311,2873
6120,5293,4788,8158,6559
2786,4234,8150,4249,8383
7619,8580,7467,3600,5407
7876,6245,1655,5498,7773
4935,2248,1513,2219,8334
1701,6470,6152,5236,5212
2019,5767,5096,4011,5310
8002,8805,745,619,5405
7494,1770,3280,4413,8639
7237,7599,4720,817,697
4545,5223,7315,8121,6876
4609,4500,7355,4860,4895
8008,8457,5264,8629,6811
5635,7685,782,2162,4469
3456,3075,292,1798,1769
5995,1649,4311,8314,7836
3041,1575,7470,8627,3581
7722,7952,1911,2298,7132
7043,7558,8681,7512,4537
5284,750,2129,51,8831
549,937,265,6005,247
1284,5256,7890,4052,5784
7175,8106,978,4307,7675
981,5653,7929,7353,5087
6080,8548,5445,3710,7486
4909,3541,1944,7579,6237
6659,1820,3759,732,5790
6406,8521,4905,8401,7802
6084,7725,7824,6391,8471
8296,7210,1642,3545,3263
3115,6603,236,6641,3226
2147,2122,1323,7887,5308
3844,4037,3335,8172,8501
8965,4814,5905,7699,7989
4512,2409,5099,3756,6934
6465,2693,7052,7376,3798
4129,6311,8105,3122,4283
6729,4652,4118
2524,4653
5507,2324,6454
4121,8989
7941,7691,8204,5489,5336
5031,2769,3797,8249,4414
1889,8258,1960,1212,3423
8292,4428,5621,2714,2715
2052,2949,3398,165,8525
2023,2262,3734,5080,63
1671,1677,6224,5367,2011
6657,7299,7555,5742,8655
355,3283,218,3131,2205
6496,7812,5074,4503,7996
6592,1734,3179,3340,2096,7569,8112
8300,3570,5269,5174,4222
5030,1163,108,2575,725
8615,4044,4434,5303,3166
8810,7437,622,2997,8438
5954,2352,6545,8024,5529
6503,1136,8786,2390,6617
2180,2027,5005,7766,637
1900,7395,6836
1256,4160
7226,5704,6961,7002,8764
1281,6081,5159,4167,4851
7328,3201,2608,4466,3065
8288,3973,2799,2580,8703
7777,2478,2674,2555,2972
1550,5391,3536,7283,4382
5984,7080,7499,3216,2008
2661,1905,9010,7383,7580
5057,8963,7143,6252,7191
2850,4873,4812,5075,3542
7482,3533,5710,7962,3388
7009,2563,6405,8369,3484
8614,7944,5417,7850,8181
6850,7300,8270,4273,8542
2089,7001,8698,2043,8316
258,4396,6516,7382,6431
6691,7292,8339
1030,6447
4744,6698,7949,2614,5694
4134,4777,6777,7644,3039
3202,8714,8945,8570,7485
7076,274,7667,1172,3261
7108,6221,6639,1619,4661
8371,4645,8486
5665,8365
3160,5410,4287
3812,7719
6757,7280,6260,3415,7519
6721,8417,7620,5797,3270
7750,4302,7664,6168,5725
4579,7396,8745,3253,6556
1801,7659,3438,7931,6589
8432,1093,6967
2355,8148
4014,3609,6747,3611,7193
3625,1324,6359,8409,2269
8969,1581,721,3539,8479
3623,5354,5805,3282,4982
5541,2437,6535,3509,8057
7181,4243,3831,7098,5724
8800,2445,6994,1394,4348
5322,3507,8887,7965,8543
8007,6029,5102,5072,4764
294,7982,4213,3927,4827
5536,5563,1957
2878,894
7906,7139,2862,7474,695
3209,2671,3894,2583,6335
4416,1058,6818,7496,6324
6352,6034,7987,6841,2619
3367,3145,6831,4111,3550
1863,5198,243,4187,5983
2659,2758,231,1929,5579
4326,6796,2642,1115,8413
5864,489,6675,2554,509
1262,7154,4277,6073,762
5794,3338,2702,8466,6233
5365,8888,5403,5980,6366
4836,1105,3348,2905,7548
7425,7367,7947,2038,4635
2500,6310,4776,2444,2140
3597,6002,8022,8247,5887
2465,3843,8707,7258,4639
6122,5994,1806,7062,3483
8230,7114,5750,7414,543
3554,8645,6441,2828,4857
1088,4388,184,1561,5855
736,3020,3025,1050,6461
1928,5147,2485,7927,6459
6976,7969,8599,4410,8380
5956,6021,7236,5562,1759
7642,2837,2351
1843,3718
1984,8046,8146,5267,6044
7270,4590,3984,4570,8220
5097,8559,5239,3960,1274
5034,8970,2124,5361,8851
2528,5100,1007,1849,4127
7169,7881,5002,8658,6621
8672,3360,7046,6281,4082
1825,297,397,1722,1022
2950,7757,7090,2610,923
289,2106,5845,5271,1466
4322,8134,6923,4813,857
6947,8648,1554,5686,6648
2787,5961,2000,4823,3418
1744,8561,7028,1370,1084
2688,6912,7373,5716,1691
5584,4625,4849,408,6653
5605,4710,7186,5395,5785
5606,2120,4139,4624,5329
6273,5506,6854,7241,6840
4418,4099,2894,3540,2110
8347,6941,5510
4016,515
2255,2742,1015,473,7515
6853,2156,1519,1524,2014
8929,802,1805,214,3958
4448,2241,4902,8076,2557
5968,7095,1752,8287,7039
7330,4367,81,469,1278
358,838,395,825,1885
2080,4034,1925,2953,7759
7136,8836,3603,5786,2909
836,4998,3783,955,1919
2626,2499,4826,2588,958
5539,6248,4756,4949,2431
6817,2530,6119,6791,4926
6466,4650,4333,983,8695
7336,8650,7082,1818,5439
644,3397,2918,2490,3355
8651,3793,6166,4444,799
1923,8584,8469,6206,1118
8262,4617,4074,3375,3768
3105,1936,3185,2738,4216
6372,6188,4979,4664,5754
5088,845,3566,1721,3739
4550,2825,3531,7595,1784
1188,1796,8263,7057,2514
1888,3748,3180,471,3705
4077,9015,3313,3090,6263
2384,2844,2999
4241,483
834,2756,1019,938,7539,2587
4040,392,4906,3183,5081
4402,5234,3158,1847,4891
1377,1614,1587,3607,445
1545,1584,977,3928,2236
4449,5703,1296,3861,2238
6726,3182,1235,2645,1565
2235,1108,502,6235,1918
8000,828,1932,850,956
1829,5007,475,4318,3455
4210,372,3023
2842,2116
1504,3106,1834,852,2778
4514,510,2923,1853,862
4356,743,3186,4890,3452
3207,3402,1679,212,1503
2582,2104,2812,3102,927
1958,1959,2087,2841,2459
3608,859,2920
241,3237
1380,2823,4523,2069,2751
738,3142,2385,2354,379
4684,2672,305,3635,1689
441,3516
712,7577
3651,8279,4219,4445,317
4864,8749,2222,3632,8407
2816,8132,5508,9004,668
4705,7733,2503,472,363,1356,6109,2062
368,2088,7417,365,367
1067,860,646,3199
3184,4978,3021,814
5780,374,1436,3204
4739,589,4371,5971,4317,2061
3782,842,7530,591,829
1688,2811,4598,1935
8962,5479,8138,5295,1427,8474,701
1665,946,4995,3301,5607,1964,7053
6689,948,1542,2735
4716,1089,4839,5255,4780,6046,2767
1216,1716,2757,1887
1240,1588,6309,7006
1305,3315,7412,5332
2660,5772,4622,6167
7272,1450,7922
3504,7337,8422
5424,3931,3126,2327,1579
1699,3654
3842,1860,3909
6584,1868,3037,6903
3761,8882,8003,4227,5989,1998
2971,2669,2670
2761,8862
7170,6915,6307,3753,5618,7956
3141,4363,2766,5617,4116
6144,2822,5415
3692,3294,3143
4482,3910,3165,6587,4125
7816,5504,3174
8052,7710
5368,8456,3882,3190
5018,3667,3604,6126
6200,6524,3374,8694
5571,6213,6664,4970,5438
8928,8833,8267,5216
5441,8771
5712,6389
704,1028,8165,7628,6062,5781,7706,7899,7805
7354,7870
