0,3077,2438,1288,7433,6411,5387,8979,6421,7447,8983,8087,7201,8609,5026,8360,8618,4271,5554,6709,5688,5436,4925,3647,320,5188,5580,3277,2510,4558,8780,6093,2002,6992,6228,4565,5718,7128,8798,4703,6882,4581,8039,6507,8683,8043,6254,2412,4335,5613,3698,2932,8821,2806,2425,7932
1536,4230,519,6409,8716,8973,5773,6418,5245,5654,7704,3229,3489,4259,6053,6695,3242,7991,7865,5050,7415,447,1346,7749,1991,4424,5191,1097,4169,7116,2125,1358,3917,4427,7633,1490,3795,8271,5713,8667,3557,5350,8677,2537,5612,3054,5487,8180,6262,1399,8312,7162,6267,4989,3838
7424,2689,5893,8702,3466,4492,7183,7696,8722,7827,7189,7958,280,7194,8351,4003,3493,2471,5799,6057,4521,4395,6572,2477,7598,2728,7469,4017,6325,4024,7608,6075,8382,8513,2754,8515,7618,1989,3138,5575,8259,6851,74,6216,6855,465,7507,7255,1625,7513,729,3700,8056,5244,6142
6401,6018,5114,2827,3468,6031,4368,5135,5139,6549,7318,6933,8088,6554,4636,929,8226,2724,804,7334,5931,6958,2996,6968,6207,4806,454,4425,8268,8397,3022,8277,7126,6103,2647,3290,8154,5857,5090,8164,4453,4218,7271,5990,4965,2666,1772,7277,7409,4593,8565,5369,1914,5886,2559
3713,5891,2436,2053,5892,5128,5129,3977,7563,1676,1548,2188,3728,2962,7448,2585,7578,5755,7583,4767,6049,4643,1576,2602,2603,8363,5548,694,3127,1724,2237,7102,2885,5318,1223,2687,3669,6871,3032,1495,2523,94,98,4451,2914,2919,4973,366,1778,5363,376,251,1277,4606,895
1025,4737,1155,1543,3721,1674,4748,5008,2067,3987,3222,1435,1564,1052,4379,8478,3227,8099,6436,2218,430,3760,2225,3382,3383,2107,2109,2371,2372,2118,2251,3279,848,593,4050,2644,853,217,477,863,7649,740,2917,871,5481,235,4204,3565,370,4595,6898,2421,5878,2679,1142
4869,262,3719,4103,6027,5516,7950,5519,1681,2065,6677,2973,1438,2338,3108,424,7592,4394,2221,6192,1713,2995,951,4026,3898,1852,3005,1215,3776,3010,706,583,3788,4942,4945,1747,3413,2773,3801,4955,3933,2654,5856,97,4707,869,6501,1767,2793,4843,4974,8948,2804,5626,4350
2820,8,7432,6536,2316,8461,6673,5779,6548,7190,3864,2457,8603,5532,2461,8095,5280,1952,5922,1955,8231,1452,8238,1455,8622,5301,4150,1973,1461,4921,6842,6844,4284,5566,1986,3016,5577,2762,2895,4689,8402,5843,8404,6997,5719,4440,6615,8926,3935,5347,7269,2789,6887,7910,5736,8685,7790,8813,5616,6896,8822,4215,2683
1152,8321,8833,6916,3846,6152,7691,8974,8334,7952,912,8720,6163,2708,1302,6039,6934,6043,5915,2845,5408,1699,4905,8747,7470,1199,4406,7354,6970,5437,8383,8768,4927,4037,3654,6470,4428,3280,5970,3545,2137,3675,1501,5471,3041,8931,4324,3433,1898,7919,3955,761,1911,3448,5753,2300
6657,7170,6915,7555,7299,7558,7685,7941,3844,5256,4363,8204,3335,8457,4116,7956,7575,4249,4125,5405,7966,6050,6307,5284,1701,3753,426,6443,51,4788,7353,2873,6587,7486,8002,3141,3910,2766,8655,2129,2769,3797,7512,5336,5212,3165,7132,4839,619,5742,5617,5618,7922,5236,4469,2298
7297,8194,1160,8075,4877,7566,4112,8849,8214,5404,8348,8223,6944,7205,5158,9006,5936,4529,7218,8243,7604,7220,6833,6712,8895,3780,452,6346,1610,8779,4046,6225,6739,4437,4181,8280,7772,4958,7518,6118,4327,8424,8809,5480,4329,8556,7528,998,7407,7536,2929,5103,6899,6901,6133,8956,2173,6654
5632,5505,8705,8449,3976,7304,4618,5009,6035,3477,1558,7446,5918,3358,5152,6560,7074,6305,6178,3365,6823,7464,1961,4138,5163,3883,8239,3890,7476,7349,5557,2229,1977,7867,3644,1469,8891,3778,8004,1476,1348,206,2127,2128,6226,2132,8149,4704,6244,7398,8688,7024,2934,8825,3711
6017,6146,8581,133,4871,3464,4233,7690,7051,5513,6928,2039,5013,5655,7960,5531,1439,8992,3617,7712,5412,7078,4522,1709,4911,6715,7101,7364,5063,3656,1353,4946,2518,5975,6870,5209,6365,6878,99,3688,4457,7657,8174,2927,3312,8189,6514,499,7411,8309,7799,8568,7161,2045,5630
7937,2561,5899,8464,3731,7829,3224,7450,3357,7838,7587,7333,4133,5289,1836,6701,3501,5943,2745,58,4667,1980,6717,4543,6468,4680,6220,1741,1742,5071,5324,8912,3666,2771,6738,8789,4817,6097,3578,3292,7902,3425,8161,3942,2024,8297,7532,1516,7917,4726,7928,6394,1787,5116,8447
1664,7809,6658,1411,8324,1538,3589,6661,7554,7942,2571,7693,7312,150,2710,3480,4251,2462,6176,1184,3239,8103,8750,5423,2226,6198,311,7992,7864,8126,1727,8638,8130,5829,2630,5064,2377,6858,2891,8392,1484,8526,1994,2512,8017,1365,6741,5339,2525,1374,8544,4963,2532,1381,8038,2278,7527,6508,4592,4208,8692,117,4853,8318
3329,4359,8842,8203,7055,8592,3474,8341,2454,4373,7322,7717,2342,8998,1061,6313,6570,940,8367,4658,3123,3378,5046,5051,190,7232,8001,8899,7752,5449,2252,4172,3406,7895,7257,2265,3162,7011,8167,5356,6381,1774,6771,8054,7032,4091,380,8829,8830
5760,640,8576,643,4483,3461,5765,8710,8448,7688,1434,2331,7709,7839,2169,4515,2467,6308,7593,5420,175,4913,6194,2482,6196,2105,3004,2240,3523,8133,8773,7239,6605,8653,6736,4947,7508,7641,5853,864,2016,7535,6129,8444,6137,3450,6907,3836,7423
3843,515,8836,1923,2950,2953,5002,3338,1805,3597,4111,2702,1550,1554,8466,3603,7437,7062,3609,7193,4639,4127,2465,802,5794,3367,7080,4139,4014,2351,6831,5686,8247,184,4410,6459,7485,6206,1984,6976,6466,6854,3270,7496,7241,7881,8650,7757,7759,6994,8658,8022,214,3160,7258,7642,6621,8542,1118,8929,7009,3812,5994,2156,1007,7154,6002,5754,7292,5887
1667,3075,1542,1671,2823,392,3207,3982,1679,4622,2069,5653,3607,3608,2582,4890,2841,2205,3102,1823,4129,3106,6309,3237,2087,1958,937,1959,4523,7341,2735,948,8629,6584,828,4414,2751,834,8258,2116,4674,2248,3023,212,2645,852,1240,218,859,475,4318,862,1503,355,1380,743,2920,2669,2670,241,372,3452,510,3455
2307,8965,1296,2834,3861,8471,3099,4891,6689,7203,1571,549,4906,4652,6702,1584,2354,1587,1588,4402,7989,1847,7736,2617,3131,7996,1853,6465,5703,3402,1614,2385,850,5971,1108,3158,6235,1629,7006,5217,4706,4449,3175,5223,3183,5234,7539,6005,1655,3964,4225,5767,1932,1167,6551,4503,6811,2971,4514,2469,6311,8106,7159,8121,2235,2236,5308,2238,7100,445,956,4545,2756,7876,6084,2503,4040,4809,4814,977,981,2262,8663,5081,2778,247,2011,1504,3553,2019,1770,6391,6906,7675,8188
644,2180,4998,2825,2444,3090,2583,8599,1050,1691,3739,3355,2844,1278,1825,289,6310,297,2862,2478,3253,2742,9015,695,6073,2106,955,2490,1721,1466,836,3397,3783,5704,2124,3020,845,2255,3025,3539,5845,469,473,4570,4827,7515,857,3550,5239,736,5088,4322,2659,4187,2918,7270,4077,1262,2671,3566,2674,243,4213,1015,1274,8316,1022,1919
4864,2816,3651,5508,8749,2222,8279,4219,668,317
8132,8260,8232,8234,8251
4135,2992,5425,6711,314
4994,8452,7689,8715,8847,6161,7573,790,3095,4631,8476,4383,8736,3876,2474,3371,3884,2350,4656,8496,5810,6834,8626,6706,1078,8634,4157,2493,2429,8897,325,7878,7882,5708,6733,846,4304,3665,7634,3069,8183,344,2520,4828,8796,7905,4070,8423,8042,4331,7660,2922,7150,7663,624,3441,3702,6390,3704,7033,1147,6909
2048,5121,3586,2051,7431,6283,398,6929,2578,6291,4501,5142,2199,5909,6805,4506,8986,2077,8607,6303,7842,7590,2856,1068,3629,8879,1840,7984,1586,4148,7348,1592,8761,1595,3772,5820,4542,6716,832,7233,5696,6340,709,8902,7497,4042,8523,8908,1229,1357,5460,1623,6616,7771,8159,7138,2916,1893,7781,1384,6121,492,5740,2158,8175,6769,7796,7031,6392,5628,893
7169,8707,6021,4744,3209,8970,4241,8851,5403,6556,8479,3360,7969,5797,4777,5034,2355,3894,2999,6967,6841,7098,1722,6335,7236,7620,8134,4167,2500,5961,4812,4813,2384,721,3415,6233,3418,8409,5980,7644,5724,1115,8543,3039,8417,6366,2787,7396,6757,7519,1759,483,5354,8559,7280,8945,2799,7283,4851,5361,3313,6263,3960,8432
1921,6153,8713,4875,1933,8077,532,8724,2071,5148,2589,5535,8224,8994,2727,1194,6061,6904,6068,1972,8762,8508,8637,8642,2256,8913,3538,8532,1110,5852,5730,1254,8550,360,8806,7019,3952,496,1144,2041,3708,382,8959
7296,8706,8587,8854,412,7581,6942,1568,8098,2082,932,1832,810,7340,7343,8880,7473,6456,1596,7489,1473,8904,1481,8142,2254,8914,7893,5974,8918,8791,6362,987,8924,4578,8933,5868,8950,7288,1657,2042,7291,6269
6917,8839,2056,7305,4747,4623,1682,2711,8601,6298,6940,4510,3872,7465,7597,6963,3763,7229,6467,6980,6215,6472,6985,7885,7122,4563,4312,4957,6371,8804,5093,7653,6760,5739,6124,8940,3314,6130,2803,8191,6399
3585,2433,8322,3970,4615,8201,5642,6926,5136,7443,5398,535,7837,5149,5629,4771,2094,3892,7096,2363,8763,3273,8907,8143,6098,8793,7390,4191,4959,4323,4196,6500,6633,4084,5622,6135,632,1146,8573,8958
6592,8887,4044,7181,5710,8112,2096,1394,1619,7569,725,5269,2997,7482
7395,6853,5030,7367,5097,3145,2027,7499,1163,8300,108,7664,1136,5786
4160,2528,5954,7143,1928,5005,3533,5391,2575,4434,3570,5303,3166,2555,4382
5984,7328,6850,7300,4645,6503,7850,6617,7949,6639,5072,1905,7580,6044,3065
3202,1256,4873,5864,6923,2608,9010,6836,6516,7383,6777,7226,7962,2972,6431
6721,5410,8963,2563,6405,7750,7659,6961,5075,3348,7191,6260,6359,2043,5694
7136,1281,5956,5541,5159,8969,7982,4243,4661,4982,3542,2614,7931,6653,2878
3201,4287,7906,4388,1093,7108,7719,4650,8270,5968,4466,7090,2390,6747,5855
7330,4836,1957,3718,4134,7944,6221,2445,4367,1744,3216,4273,2837,7002,2140
5536,7548,5725,1734,7046,6281,4823,3438,1105,4082,7028,3927,6168,3388,6589
6273,5665,6947,6818,6122,1806,2000,4624,7095,983,7414,7039,1752,4348,8287
5605,8007,5322,5100,8046,5329,7186,3507,4979,6324,5395,5267,3611,923,2909
8288,7076,3973,4902,8262,5147,8076,4396,6352,6034,7987,1172,2580,3831,2619
6912,7425,6447,3958,3768
6691,1030,7947,5271,7965
1929,5579,1524,2588,2557
5506,5539,5606,6248,4617,7114,543,6188,2485,5750,7927,6648,3483,6941,2431
1088,1058,1925,5510,7336,2120,7082,4333,6029,4016,4949,6840,5785,1818,5439
6817,1188,4710,6119,6791,5102,5584,7057,2514,4625,4849,2038,4216,4635,4764
4418,3554,4099,3623,6441,7595,3531,5805,2894,7373,3540,1784,4857,2905,2110
1888,7777,3748,1863,6535,5529,3180,5198,7474,3509,7382,7001,3705,894,5983
838,2758,2828,4590,1519,3984,3793,3185,1936,6166,825,6461,4444,1885,799
1795,1285,5638,3081,2314,8972,5134,5648,3857,7700,6172,5406,7713,7976,5673,2600,2604,3628,4144,8240,4919,6201,3901,8254,3659,4429,7509,6487,8284,2397,8286,1631,7010,8547,3939,4967,7021,3437,8049,7794,8563,2422,7034,5502,7807,5761,1157,3979,8332,8846,8335,6287,1170,8852,3989,6550,3479,7320,3993,4770,4258,6060,5807,1202,1459,8373,2488,698,4795,4030,6848,7622,4556,5068,5582,8399,1233,5601,7393,6369,6631,4585,4338,8435,6393,8442,5884,6655
704,6659,1028,3331,3398,6407,8008,1019,7050,8401,88,2587,1820,732,5790,1887,165,6249,3882,123,8364,3759,3632,7281,3122,3190,8314,4283,2811,63
4992,7301,5766,2696,8712,3212,909,6672,6289,2706,4498,2833,8213,3991,5911,1562,1307,3998,4255,5920,7967,6174,2083,7084,9005,6322,7475,8372,5559,8120,8633,5434,4285,5183,6208,8511,8898,5955,4551,6471,7113,8396,7384,7263,7903,5346,8163,6756,8802,4198,5352,6634,7147,7020,3821,2667,8815,7665,8307,4984,8319
5131,1037,8212,7198,6561,2983,8623,6577,7734,5690,8636,3264,7745,1730,2631,7626,4299,7372,5965,5455,8015,2258,8152,4060,6114,3427,5353,6251,1003,6511,7152,7410,7541,4597,5500,4861,4094
4352,2830,3091,3356,6051,3491,5032,6574,3248,818,3379,6708,5305,8123,4421,8012,8910,8784,4177,5588,7782,4582,4713,2924,8446
7822,6426,8101,7848,5546,4141,7344,1205,5047,5432,7737,7740,5185,3911,1361,4696,6363,5214,3045,4837,8431,2031,7804,7933,6782
387,8462,5263,3997,6045,2723,4262,4264,3370,685,4528,5941,5950,5699,2121,5837,7380,8290,5091,7268,5859,7023,3696,1403,4221
7694,7951,7314,3475,8468,5397,8856,8987,1191,3498,7983,6452,5195,6349,4815,7632,7379,8155,6877,7901,7786,3820,6007,7545,1531
4480,3974,7948,4108,6434,807,5928,8512,3013,8647,7754,6347,4685,6222,8788,2943,5848,4062,8041,5866,1387,7793,4085,3325,8575
3716,645,2694,8327,8465,1298,5906,5151,3112,3881,7209,2740,5428,4665,6464,5573,7240,4303,2897,6355,3287,734,872,5232,1521
5122,899,4229,6151,3219,6562,4006,6828,3377,3385,7993,6591,3393,5570,5060,5840,8282,8283,5221,6379,6892,7789,4461,7408,6384
7168,4740,5509,6790,3339,1042,8602,1946,6433,5537,8877,1076,1718,2362,2491,7120,6742,6626,5224,3305,7918,3827,6772,8310,3321
8195,2568,5497,2570,8848,3473,6040,3619,4516,2223,2227,5299,1717,830,2750,7231,8770,6725,1237,3673,7260,4321,8305,3317,6649
7681,1797,4741,6278,7179,2190,5917,7455,7720,3120,3765,7490,6983,1608,1227,3671,6107,8030,6113,5729,1391,8818,6003,5366,4475
2946,3856,7570,1687,5402,5275,1693,1824,3238,935,295,300,6065,4531,438,3641,2108,4678,8776,4694,5854,2675,4339,6134,2294
5253,4104,6797,3342,2831,918,4000,3897,5946,1339,3129,4802,4930,5062,6345,5709,7123,7892,7904,5733,3561,5098,4340,4602,8060
1801,3340,2080,3105,8230,3625,2089,1581,3375,2352,2554,1843,5174,4664,4926,2626,81,7766,8024,2661,6252,1900,8057,2738,5562,3261,958,6081,5057,2499,4302,8146,8148,2008,4826,2269,2014,2530,7667,8181,8698,8703
5380,8198,4360,7946,6284,786,4632,6809,3615,3744,1059,5925,5671,1329,8881,1331,8244,6966,5815,5561,4027,2495,3775,3520,4163,6217,5066,7243,2508,4560,5458,4306,4185,3551,8671,2273,5473,8291,4472,7141,4966,2407,2794,3947,4332,3567,4212,2550,4344,7930,4733,1662
3968,7813,8967,6920,5001,2058,8458,5902,5778,8083,4248,6425,5401,6687,5542,6317,3630,5935,4532,8245,5431,5049,8257,5442,3908,4805,6089,970,5450,1740,8649,4431,4943,4819,2901,1493,3678,6240,5986,5477,8294,4205,4847,3824,3443,6515,4341,1909,1011,6776,8827
4224,1154,7044,1418,4236,1038,6160,7572,8598,791,4772,7210,1323,1325,8753,2102,3266,5443,3146,2122,459,4193,7521,3308,881,7546,2299
2691,1798,2829,5264,2326,7065,2340,8872,3369,4011,2732,5932,2864,4534,6862,7502,4307,6750,3936,5117
4097,6681,8989,5407,8866,6948,4657,5683,7478,4922,7739,3650,7376,599,3686,5478,4970,6894,4986,7803
7040,2818,7043,773,4234,6668,3600,7725,7088,8627,4413,5438,2624,8771,7494,8151,8158,4589,7285,3581
7427,6788,1284,7812,6542,6676,7599,6578,3635,7733,8639,5074,4691,5587,4052,7773,1757,2786,3315,3710
4482,7816,1816,5031,4780,4537,2748,7870,1089,5441,6852,4311,5080,4705,8805,8681,750,5489,7671,7929
2949,6406,6674,5270,5273,2714,2715,4386,1317,5802,7237,8525,5583,8150,3798,8930,8292,8548,5621,7802
3456,2693,7052,4371,2328,7710,8105,2219,3756,697,6224,5712,5847,6876,5087,1513,368,2418,6389,7417
612,4935,3115,8591,6641,6610,3896,3834,1692,30
745,2327,3126,8694,6524
3692,3374,3226,7836,3294
768,8962,4227,782,7579,7467,5295,3761,8882,4786,7619,8003,8138,1998,3541,5216,8928,5989,2023,8172
2757,1579,2061,2062,367,7577,3931,3516,6109,5310
1216,4995,4739,3301,5607,712,7053,7887,441,3420
4293,2567,3436,8844,7439,3992,4474,1212,4317,4895
1601,4708,8264,4500,3423
2692,6126,7355,4860,1854
5507,1935,5016,1688,4121,8861,6454,829,3263,3782,842,589,591,978,3283,5095,1769,7530,4598,5367
4609,3403,7628,4653,5781,4118,6872,7706,2524,5018
8165,6726,2761,3182,3186,3667,5368,2459,7805,7899
5504,4356,7824,3734,2842,7337,3504,8000,3142,7890,5332,3928,7272,2923,4716,4210,7412,8052,2812,8831
1889,1860,2822,5415,1960,1065,4170,817,7315,6100
646,1067,3184,860,3199
3842,3204,3909,3021,814
512,5125,2313,8460,8717,2959,2320,529,8340,3093,8343,2980,1830,8487,8874,556,2866,8505,3001,8769,2247,5070,2646,2906,8801,1122,8553
3072,8704,524,8205,3085,8207,14,6930,5017,540,8477,5020,169,7217,434,6330,8252,8255,8656,3026,8920,2780,2272,1126,2161,244
3302,4670,3944,6026,1326,526,6064,8628,4758,3865,6270
4036,8778,2893,6319,5392,5873,4279,763,3548,7479
4898,1506,6375,1865,6522,7727,2290,1653,1429,1589,7480,7097,3322,604,6367
4488,1130,8109,6070,4575
6157,8400,6612,7669,5722
7434,6450,6483,888,7422
8064,2242,5155,3689,4267,8588,2765,3470,2543,5619,1176,3132,6398,7646,1311
7840,7047,3657,6282,6731,748,6385,4754,7026,980,5204,8982,6614,5426,3803
2976,3169,6279,1738,2378,8941,1838,4143,4880,8943,7282,7732,5658,795,8156
1514,7307,6798,5839,5457,753,4627,6131,6165,8884,7924,5938,4407,7067,7197
993,4610,417,5698,8709,3621,5959,6187,5644,5646,6191,6141,6424,3225,1053
5024,4257,4223,7747,3518,4517,6699,7629,1646,8855,2680,7323,5276,6238,6815
7457,8111,8754,7988,6296
6497,8772,6566,5817,7769
7841,2386,7762,7093,8443
8674,484,5768,1706,8426,7596,6893,2989,3695,7724,3059,4115,2359,7994,7774
2149,6184,1320,7351,4505
4800,8799,5429,3511,6047
1696,7651,5355,2196,6936
6274,8068,4101,135,6490,5166,3920,7636,7127,6015,7130,6428,6205,4766,3135
3616,5470,8067,5831,5512,6986,6540,7117,4588,876,2870,4153,6140,5342,2334
8640,7776,5668,902,7370,7247,8719,3057,8242,8946,8564,6774,3319,1467,8765
6786,4195,4932,6437,7331,6759,6344,5323,559,7375,5650,6905,6873,5978,2078
8733,6979,5894,4742,5897,3626,3755,8748,5454,7246,7666,8503,5624,7289,6077
8385,4292,6341,8037,6568,7913,1869,8697,2704,6128,3223,5720,5913,3706,7935
4834,1635,3715,6403,7363,5898,2284,8236,4399,8306,5715,6486,7063,2744,4797
8128,8737,8066,7171,6116,8036,8617,8781,7758,4365,3245,8885,8278,4889,3257
4803,6149,5670,6728,2889,7561,1643,8301,4173,7441,6642,7061,8886,5112,3035
5825,6498,3971,8739,7142,3495,3462,2347,6539,5759,8116,7413,1210,6334,8927
7552,2212,7206,6984,7017,7403,3117,2733,3792,5040,1937,5171,4439,8792,6111
2339,8166,4295,8028,1225,3850,2539,4009,6286,6544,7537,7826,7157,6012,4893
8579,1414,7303,3528,3785,8552,7531,7504,6481,1970,6162,4915,5466,8026,1598
7104,2848,3904,3139,2404,8741,6826,8045,3247,5967,8537,4346,8092,1882,572
7079,2635,4844,5550,8495,6258,7378,3573,8182,5334,8726,7321,7961,7869,4607
7488,7073,8355,2541,4464,7249,7600,1683,8094,8916,8661,5141,4729,8894,7743
8386,7846,4647,3592,7849,8906,6474,7568,5265,8178,4952,8117,8502,1719,1878
6338,4701,4868,4903,4904,4682,6990,5358,7765,1526,4599,5849,6874,2364,7325
4896,6793,3352,7801,8411
2855,5518,7151,1234,3510
7072,6528,8483,7815,6735
4384,7107,8325,8678,7672,2090,8047,4983,2449,6710,3738,2135,3193,1242,1334
5313,5731,5220,4485,4377,8679,5482,6292,7668,7894,7481,5595,3740,7549,2558
7553,1793,8485,6813,5957,7495,779,5867,1101,2606,2547,3925,1271,5593,5693
7042,7715,8905,3637,284
6520,6761,5386,4783,5592
3011,6830,4596,4790,4604
4058,5061,6085,3214,5775,4079,8659,8883,4403,6646,8535,1498,1341,5215,2463
8357,7397,7783,3913,7915,5901,7854,400,1264,8048,6323,8660,4020,4791,8185
576,1540,7718,8520,4459,6860,6354,8787,3828,6293,7511,4569,6650,7483,7614
6982,3176,8137,4938,8489,5486,3411,5364,2964,4600,6105,8668,6236,4637,4478
5344,5633,962,4067,8516,4872,7817,7500,5996,2286,8758,5335,5464,5082,6526
8993,5381,3814,7655,8903,8775,8107,2573,7534,7761,630,7030,8376,5241,2303
3111,2858,7756,308,1368
6785,7458,4456,4059,5756
513,4709,6280,1968,6803
2434,6885,5637,7111,7975,6154,9008,7251,7764,6965,5107,7767,6744,5493,670
1251,8643,2309,8868,5603,3593,6538,3306,8938,3088,3634,6579,2167,3097,8794
8032,4552,5672,2472,3724,6765,6028,4078,2288,7286,8470,2747,8541,5246,5023
8701,8865,8774,6183,7462,6857,7526,6380,4591,1040,7377,1405,6169,8061,8767
5924,7652,1733,6020,4616,2153,7468,5325,6575,5297,1940,8981,7064,6458,8735
1604,678,7276,1807,4310
5705,6190,2705,6491,8604
6752,4548,7309,6356,7037
3808,5186,7939,6662,7338,7755,8875,7083,2194,5524,3285,4724,5495,6745,7707
8388,7525,5862,1511,6663,4811,5933,4752,6001,3858,6067,2387,7346,1685,4376
3552,4866,4900,6820,7686,3472,5393,7058,5043,8081,6998,1080,6682,8539,2941
7872,5156,7274,7728,6416,4023,2034,2111,5819,8118,6423,7451,7612,5181,3103
8356,595,2164,8084,6326
6597,8934,3018,3818,4463
6594,7493,3208,6808,4092
8129,3524,8389,7591,4106,3050,4364,5262,3694,8527,7889,7029,5238,1143,7611
8807,2664,5991,8746,2283,8975,5330,8853,4117,3254,4089,5435,3164,5053,2046
3840,3649,8034,8035,1219,8901,8070,5993,8751,7833,7092,8917,8889,7770,5119
6880,5474,2595,4357,6954,6827,8139,7471,8016,6583,3736,569,6683,2012,1150
2145,8033,5375,7172,1443,5382,2877,6479,7477,3639,7866,4698,4763,7517,7295
6432,3682,7556,6629,8937,6250,2956,6351,4818,8850,5972,3286,1017,7386,6780
8743,5960,7081,7273,6667,8808,6767,8976,7419,8820,2517,4183,6011,2716,6749
6243,7971,4415,2399,2535,5287,8843,6316,6446,3217,2323,5685,5879,2813,2879
6242,8708,4968,4969,8009,4972,2381,6638,8494,7856,4081,7954,657,7125,5372
1474,3395,6533,5702,8519,5640,7784,199,7609,6635,8569,7858,5811,8153,1821
5123,4420,965,6724,5735,585,3051,5581,6609,4561,7859,4438,4022,6299,1535
8289,8834,7487,4999,2216,8555,6445,4718,2639,1072,5230,1791,5055,6588,5823
8096,2882,4867,7459,7973,3526,6275,3594,8011,1231,3888,5745,2451,916,6685
6692,4165,5448,6859,6764,7819,1266,990,6102,9013,7832,8857,3038,7806,3871
8384,3233,1314,8574,6181,3878,8071,4520,2505,7215,6931,8596,565,7069,222
7682,7075,8582,6599,2796,7213,6640,5490,6835,7602,9011,7420,3252,4852,5660
6048,6180,6789,5830,6117,2186,6602,3564,4397,7371,3535,1074,2867,7510,2623
2178,5476,1286,5834,7311,8497,6802,8403,7253,4886,4246,8824,1338,4892,4477
3296,4676,4137,5452,7662,8947,4980,7923,9014,8759,3288,8572,8605,7454,3487
4654,404,7350,8700,5022
7265,6946,5164,855,3100
5257,1833,3178,5101,7871
6558,6951,7400,4392,4039,7211,8492,3853,1612,6800,8405,6328,2460,3582,2591
5249,3269,3722,2809,3196
4738,2759,1934,3860,1567
874,2044,4124,4087,4572
2978,6019,8104,8873,7916,4525,812,5328,6768,4831,8595,6643,7221,3064,7167
8354,6845,2824,5419,6091,3886,4976,8179,6004,2965,1814,2007,1945,8124,5597
1569,3384,68,6922,6730,2860,6606,7726,3503,5552,7089,8053,7544,5052,7293
5120,7936,6978,5827,868,3460,7177,4298,3530,332,8777,8557,8723,8915,4182
2177,8323,7492,7140,1640,3401,4553,5609,3281,5522,4275,8790,5527,4504,6623
2210,7428,1447,1616,3519
5376,2084,2921,841,5812
1198,7054,466,7891,4188
1660,2113,7266,675,5543,8590,8911,4782,7087,5011,7192,7897,5883,6620,2302
4961,5890,4956,4939,6604,7852,5260,8621,8755,7738,4054,6074,5627,7868,4990
6563,5667,6170,8841,5578,8429,1134,5680,6911,5748,7542,6231,7834,3259,7391
6625,6531,3684,5639,8169,3978,237,8078,3727,5649,6387,1173,6008,1529,3421
3810,6276,8454,5643,974,5776,8434,3188,8085,7606,8534,5078,2875,7294,2655
2883,5444,8390,5288,9002,5869,1422,1518,5229,3218,7731,4019,8499,504,4122
1606,8265,5707,689,3154
6669,1294,3284,5207,1566
1376,6895,7216,5553,6972
1250,6607,8728,1786,7677
3144,8971,7187,7673,5788
5664,4613,2502,3568,5850
7623,5809,8051,1941,6973
7404,2957,1811,7259,4508
2074,2731,5168,7674,5533
3171,7013,8966,4936,6600,5258,7883,3148,6704,3153,8631,8922,7643,4316,1630
7648,4354,7589,3109,8393,8330,7821,8079,6864,7635,7059,2615,2968,4601,4381
6440,2967,7925,8437,7223
7366,7207,4693,6038,7388
6723,6259,4855,5594,8510
7360,2977,1762,6211,1668,3430,4648,8530,8019,4436,6773,1525,2206,3068,6302
5792,3172,8997,5115,7016,4041,5545,5321,5804,4495,4369,7091,6619,3771,4991
6022,6890,844,3187,1917
8909,3791,1140,3577,3007
4393,3662,4086,1373,3454
1408,3681,3362,3874,8838,649,8394,8619,4114,4245,8826,6651,5468,4189,5791
8345,3272,6953,7978,4841,7418,5964,4401,8050,8756,5877,2296,8441,5242,7550
3042,2629,2375,1831,7369,7145,6955,5453,495,4688,7638,6232,953,954,1789
7875,3140,1221,6374,4199,8996,8419,6795,4524,3950,4175,8752,3574,7607,4473
1857,6179,2279,7565,5647,7986,1950,6014,7862,7319,6295,8730,7164,8190,479
7616,8832,3459,8549,6727,3337,42,5744,6837,4630,7703,5881,3642,2814,7999
7298,7430,6457,6024,3449,6139,653,1967,7540,8725,6647,6265,3003,8893,8062
6534,1705,5130,5677,6766,1487,1776,7853,8115,7124,2292,2911,8379,4700,8415
3663,4539,507,4605,2782
4996,491,1965,4049,273
5089,3299,271,788,503
160,4192,7523,6919,6665,5706,8141,5678,6032,3825,2868,5111,3832,1117,2783
6624,7362,490,5586,6396
4320,5921,2318,1750,1850
2373,873,4076,5208,2553
3751,4071,8551,3048,1873,5841,5459,8500,5907,4343,5880,6203,7452,3934,7071
3521,6148,5447,7406,8440
5793,6567,5292,6290,4760
5700,3816,2699,1332,4282
5312,4641,5281,7908,4808,5193,5226,8554,5037,6670,3889,8086,8504,5947,959
2208,6913,1891,6627,4391,3400,2344,5610,5770,4717,7695,5137,7955,7831,1755
8192,7845,7014,6376,5484,9004,4113,1874,8370,22,8823,4824,8953,8407,4732,4445,8217
4416,2241,2688,4034,8645,8263,3536,6545,6675,4756,8469,5716,1370,3484,4448,8672,8800,2850,6372,294,8486,358,4776,8810,4074,1324,5417,622,6698,8561,5365,8888,1849,5563,8764,637,4222
5635,2052,6664,265,5905,3346,1300,6167,8472,1305,8474,292,1575,7722,5675,305,8501,6200,6720,5445,6213,3143,8521,1868,5973,6237,350,6496,2402,2660,6245,3174,5479,8296,2409,1642,363,5995,2672,1649,2162,6518,5498,5255,2184,5772,3215,5521,1427,1944,5784,7835,6046,6559,4512,1450,8374,6080,195,5571,6088,6603,2767,3037,8422,6120,5865,5099,236,6636
8451,8453,8202,267,4878,6680,8222,7979,4146,8760,6462,2367,7748,2123,3916,6732,8276,3419,7264,7779,7529,5998,3953,8328,7818,8338,8342,1686,7326,1697,2722,3234,5282,7855,8368,1463,6585,2233,7358,6079,5065,6867,7133,7134,2274,4846,2546,8690,2293,8439
258,1796,8714,274,1561,8220,8745,2610,1084,2642,8786,3179,8570,2437,8584,395,6796,397,8339,408,8347,8614,8615,8365,8369,8371,4277,8380,4550,8648,8651,3282,471,8413,7139,4579,4326,231,489,8438,8695,762,509
128,8197,8968,5385,140,8977,4497,8215,920,34,547,37,5286,8871,6952,553,8362,5549,942,303,7472,2612,6839,6713,8896,4290,8783,8144,2775,858,8923,737,227,8932,8803,2276,6637,3826,635,254
5377,5764,8711,8585,5132,144,8210,4499,5530,156,8606,8352,8227,6821,9000,2475,4145,4663,4669,2366,7357,4673,7753,715,8652,6477,3923,3028,4954,1120,3298,3303,8302,3439,8303,8817,4722,3192,2940
6144,7175,8456,1545,7699,2324,3604,8727,7195,1565,1827,1829,2088,1834,4909,5424,2104,8249,6729,8267,1356,4684,5202,1377,2147,365,4720,4978,374,8311,379,1918,7551,1665,8580,1677,5007,8593,5780,1689,2203,1436,4253,8862,927,1694,1186,938,1964,5293,8366,6062,946,1716,181,443,701,8381,8127,1235,472,1246,1248,738,5096,1781,502,6903
