738,1503
2385,2354
1852,869
3413,1215
6192,4394
424,2773
2842,2923
3222,4942
4945,4869
3452,2812
2778,379,4356
3010,583,3093,3801,4026
859,2823
4514,1853
3565,3933
490,4339
4890,1380
5089,5586
3608,834
5008,1564
97,2995
3106,372
475,852
3102,1959
3402,2116
212,3455
3788,3719
4974,262
4076,4606
1296,850
6235,1932
8000,4210
1025,2371
1614,1847
1679,2751
2235,3023
4086,3454
4449,3158
6027,6677
2920,743
1108,5703
2065,1767
706,2973
495,5423
1052,2109
4402,1235
954,2629
2459,927
848,593,4955,4843,3005
1568,4531
3776,4350,4103
4393,1140,3007
4241,3397
3577,2082
2225,2919
2793,477
7592,3108
235,3383
3187,3791
3186,502
510,2087
6501,1438
1721,3783
1747,2644
7515,2255
3861,2645
469,2918
1435,5878
473,836
873,2553
977,828
3928,4891
1155,2679
5234,4906
4204,5519
862,6726
2042,300
1827,1246
366,3279
273,271
217,5481
3523,3461
6194,5853
844,1373,846
737,788,2108
1674,6436,2118
2104,241,2841
2069,2238,3207
2490,1919
3420,5095
2825,644,2742
1545,1834,3142
2372,853
1186,1781
3313,3090
3182,3183
3566,6263
640,643
2123,4996
953,2462
1584,5081,445
1587,956,1958,3607
289,2106
2067,863
2240,2105
1686,4853,2630
1831,1374,1687
1681,4707,951,5626,3898
4379,3987
871,2221,1543
3721,4595
589,2061
4739,4317
5971,4371
3072,303
1436,374
3836,438
712,3516
1377,3237,1918,5007
841,3238
305,4684
8576,5420
1248,1823,2567
4737,2053
845,4077,1015
1504,1829,2582,4523,4318
2058,8083
3968,4205
5778,8967
7649,6898
1576,694
2384,2999,483,1619,9015,3355
4321,466,2084,2520,3662
5208,3856,3284,5207
4050,4451,2421
2218,2251,1676,740
5856,2654
3204,814
2672,1689,7577
5780,3021
4040,7539,2236,1565
5049,5902
2457,2316
4805,3678
4969,4972
7856,7125
649,5733
1434,6605,7423
2921,2750
4643,430
8060,3908
6548,5533
857,4322,3739,955
5376,5812,6890,267,4188
5305,7340
1952,2967
8009,4332
5450,8294
8257,8458
2962,3669
2338,2603
3760,370,2917,1142,2107
5168,3671
244,1525
4578,1917
6626,4973
4248,1741
6242,8708
4208,503,2780,1965,2782
872,2041,5402,6384
1240,2328,1694,30
3362,4966
6797,5974
3713,3227,1548
4968,4081,2381
1381,6198
8827,6687
5531,4215
3184,860
1665,946,4995
1964,7053,5607
3771,1742
6776,6515
3561,8826,4189
7950,2687
6317,4943
6240,4819
5857,2914
7689,3140
7301,4551
3028,1493
1562,7726
5052,3503
98,94
1067,646
2683,4284,2461
1740,2783
2787,1722,1274,2844,1278
4475,2965
2968,3109
4808,8245
4601,2901
6616,8079
3032,5137
4978,3199,3909,5847
8510,5935
6425,5468
3441,8649
2467,4515,8444,8133
4641,8142
6802,5093
355,2756
2771,3292
5318,7583
9005,8815
6920,4185
2227,3860
1329,7821
1408,4245
1755,2318
491,4229
3897,4501
5214,5183
5129,2946
6789,5151
2475,2868
4532,4341,5431
4401,5964
3025,2124
864,3684
6196,7535
5193,4959
7123,2302
938,5772
392,1671
5001,959
8393,3342
2508,6966
7489,6651,6940
3283,2205
2585,37
8330,7059
4331,5071
5098,7418
2210,895
5281,1511
6907,5765
978,1677
5854,7102
251,2188
6673,5843
5401,8619
6345,3874
1586,1850,6669
8504,7908
2523,2436
4572,4087
6284,7141
524,3886
5617,5618,4363
5289,8419
970,3666
8544,8126
632,8107
5744,7616
3459,7999
1450,8422
4320,5164,6134,1566
8633,2860
376,2666
8448,7839
4688,5339
6017,5548
6915,4116,3141,2766
7917,7573
8016,3026
3736,6583
6954,3287
7928,5324
7058,8175
6570,7508
6834,7660
7532,7902
2366,3727
6008,3978
3314,1724
472,363
7925,7333
909,7030
7534,8319
6619,4397
2493,3950
2016,1173
7450,6738
6048,6098
8388,6980
1286,8470
2169,635
5361,4998
1811,2731,2957
3425,6468
2090,4811
2331,4483
8710,7239
8838,6663
5116,7838
1146,2363
5610,1891
6097,3702
6877,1134
4716,4780
5255,4839
6609,5123
8328,1797
8042,1909
3165,3910
4561,5043
6662,3303
6922,6606
7338,4892
5018,3667
5368,8456
4738,2646
6634,3998
8088,6049
4630,6727
842,829
1688,2811
4121,3782,4598,1935
7922,3797
1664,5453
2824,1955,5301
3450,5051
2088,365
7555,7299
2377,2710
7033,3371
2194,3731
1089,6046
4592,1365
3744,1059
5573,4605
5458,5062
3051,5581
8789,4495
2077,8574
8394,8621,2615
2561,2927
2971,2670
34,2293
1305,3315
2660,7412
1019,1028
585,6028
190,3751
7993,3934
7384,6208
6394,3942
7755,6371
3504,7272
6587,7941
7420,4911
2602,5363,2804,7578
7448,8226
7937,5542
2024,6220
7089,3003,8903
8297,7690
2612,2342
2265,6308
5224,8478
3728,2885
5891,8164
7563,4748
4196,3564
3281,5522
5065,5292
7179,1332
4508,3935
5504,8052
7816,7710
6466,3020
2769,5236
8268,8277
8115,4700
2512,5829
1518,3239
7240,4539
6549,4806
6103,2647
817,937
1216,1887
2822,5415
4826,1050
3889,5947,8086
7452,8500
1569,4596
3705,7474
2129,8831
160,8141
265,4011
1074,4771,5830,2186,3535
7665,6756,4255
7216,1376,2223
1716,2757
736,1022
810,1294
6689,948,6309,1542,2735
3022,1950
4448,2241
6536,6842
2454,175
2499,958
7417,367
7956,7685
7051,1558
4550,2110
7688,2482
8201,5642
2978,4453
6928,4680
7411,5412
5655,5735
4368,6031
6443,5332
8397,6207
6146,4133
7024,3501
7712,5792
3642,2814
1824,295
4522,6870
512,507
5136,5629
4760,6930
3888,1331
4867,7973
2472,8004
3456,3075,292,441,443
7364,5975
4537,3174
8106,4814
8515,3468
7848,2833
8232,8717,6725,1567
1524,1519
5579,2758
6401,3290
7752,3162
3688,918
3681,4306,7581,6670,5791
6691,5845
3401,1474
5811,7231
7899,7805
6290,6148
5941,4782
6102,7087
2444,2583
1936,3105
3178,932
144,9000
1968,4059
7074,2550
7512,7929
2809,4623
2568,980
5980,5983
3594,8011
7170,5405,4125
8318,1727
3185,2738,214,1863,4216
1443,6479
1795,1459
6307,4469
2294,7054
4667,1772
4041,5909
5545,8997
5459,4963
2794,790
1750,222
8584,5606
6299,7859,7291
4860,6126
3976,6390
5284,7486
3475,1221
7523,1117
8457,4788
6137,3004,8653,4913
1338,5933,8159
7096,6926
6032,6562
1262,2671
8210,7875
6244,8447
5372,5943
5673,698
3832,4192
1657,5761,2373
3393,2491
4104,2745,3357
8120,7020
3656,6305
7265,1914
6018,6855
6089,5442,4847,4431
4473,4199
7738,6978
5195,7172
8755,2292
2873,8002
2177,5527
5849,5756
6520,8794
3619,5132
5539,2431
8146,2485
5946,7150
1888,3180,358
3748,5198
8249,750
8154,4499
4984,8213
8198,4615
2587,2669
5064,6741
4049,1994,4006
8204,1868
2867,6117
3551,8854,3615
6161,7882
8309,1150
4218,8565
7657,4946
7217,595
6845,7406
6880,5474
3285,8302
2940,6766
6496,6584
368,5087
1144,496
7147,68
4976,5299
3842,1860
8832,2451,7703
4357,1191
1784,2828
1227,5597
7459,6685
8169,6531
5779,1461
380,3421
5505,4722
7288,2623
7570,7955
1885,695
1933,2759
8547,8332
7169,8347
6362,7274
8977,8367
5931,5990
8573,6135
4930,2046
3272,6953
6620,1357,8590
426,5742
7812,3037
6858,6572
675,8911
7101,7349
1709,1439
2190,5447
6144,1960
1640,5702
4461,2158
761,4652
2128,5920,5432
3466,2724
3449,7430
7322,7709
4604,6236
832,893
3844,3734
8354,8402,8822,1814,5532
6968,7696
7408,5444
7458,3111
6248,4756
3825,5678
8907,1836
6946,3252,3100,812
8681,7427
5489,7890
3233,1143
7249,3011
8155,1606
5793,6113
916,1231
4414,5031
6067,7325
7295,5375
5648,1250
3122,3759
8688,8239
8996,6374,6942
7824,3398
6892,8390
8098,5834
5434,6174
8001,4359
1977,5918
4191,8143
5513,3876
3085,5325
1579,3931
8704,7305,7083
8179,6772
4545,5310
7257,3406
5312,5186,5226
1717,1934
7493,2502
4456,7756
2208,8914,5419
2272,3977,2237
5482,7765
397,838
5336,2298
7707,6286
8,6615
6291,2573
7544,8053,7293
4938,3095
7296,5152
7468,8278
715,3637
5632,7476
3224,58,7829
4312,7597
4704,5804
5449,7011
3585,7390
6178,1526
7717,4373
6120,7337,7870
6392,2916
3538,4221
7443,3892
5034,8707
7016,4369
3665,8897,1078,1535
4392,1198
4965,5135
5986,1011,5706,7243,3630
8705,1348
8440,6091,6567
6274,6275
150,117,8526
308,5141
3209,5403
3377,4939
2164,8084
4058,4682
7379,7510
3129,5921
6477,3991
3816,4282,5884
3923,5911
8189,8174
874,830
2283,3164
7404,5719
8904,6809
7939,7587,7663
6841,1466,4139
2922,4124,8477
2233,4740,7069,8596
4304,3884
701,5479
5212,1701
6560,4647
8956,6365
704,1588,1356
8202,5707
2248,2219
6585,1538
6624,4654
3526,7127
4889,5955
4802,5819
8497,8197
3531,7595
8441,4841
4593,1718
7673,3437
4618,3358
8424,3711
2178,8403,7286,4602,1339
3810,7606
6276,7294
5112,4803
4828,2429
7517,2407,5111
1840,3772
6554,6655
1498,5061
8824,5578,4246
5334,7983
7192,7343
7633,2477
8513,6654
4003,7189
5448,5883
6080,8525
4249,5437
1801,1929,231
4323,6500
7113,4285
2578,3629
8338,7133
6445,6151
6716,4701
1825,294
3280,1911
8726,7694
1889,1575
7353,7966
7876,6005
8032,5886
8722,7277
2642,7139
7681,5850
8049,8442
1699,4037
5880,4071,8551
7021,8286
8499,5869
8928,5216
489,509
3524,8389
7464,7084
8322,8763
4354,2387,7471
6905,2689
4617,2950
8553,1341
8809,2934
1921,227,3838
3704,7371
7553,6124
8258,5223
2252,2254
8496,8449
1490,5892,7318
454,1630
4706,8965
7904,3808,7813
7194,3700
4138,8487
8932,7079
8099,3382
7536,8575
7952,4589
4089,6133
5352,6322
6544,5009
7177,7930
2692,1854
7618,2941
5609,6706
3901,5807
8056,5487
8368,5537
3778,1662
7554,5677
5265,7407
6602,6139,8396
5730,3708
4837,2495
4521,8660
1017,4900,4078
7138,7867
6452,3462
7793,8078
4658,3493
6015,3135
6121,1595,398
4529,8875
1713,3127,1277,6871
6550,6631
6835,5628
6648,7114
1495,7126,4767
5053,8958
5664,4613
7157,4079
6200,6050
6474,8950
5490,1254
8195,6022
6481,3814
6107,8485
8149,7446
6768,8701
8138,8172
5784,8639
4622,6167,3686,8311
3600,3263,2767
4556,3479
3050,7611
8581,7598
3068,8222
5753,8383
8915,868
5139,2007
6073,2554,2269,3625
1120,4875
6657,8655,7575
8585,382
6456,8355
7052,2693
5881,4114
2488,1786,5366
6909,685
8825,8781
7513,4636,2559
3448,3545
2433,8370
5473,7253
8043,2012
4992,5644
1513,3955
8905,5050
5163,6899
6403,7743
8891,4437
7754,6823
5288,4122,5229
7162,7827
2762,2460
8747,3335
7504,6739
7989,7159
8267,7619
2696,2541
7034,6287
5509,6295
6729,3604,8165,6062
6745,7042
1625,2754
6931,565
5924,3639
5898,7303
8163,3821
3617,1285,5601
3634,3850
8770,6149
7073,5397,4790
8971,5788
8752,7607,4175
5209,8587,4726
7193,2862
8817,8554,6717,5037
7490,8813,8124,1452
8443,7636
7786,7171
3064,8595
8697,8617
5810,5667
4827,3539
3460,2813
3960,2355
7761,7841,7903
7531,5550
8116,1414
2953,1805
4016,6188
5724,1581
3890,2127
8026,6759
1536,6325
6785,7762
5640,2474
6074,7868
5024,7363
7168,1612
3312,3443,4420,965
6129,8830
5936,8345
6232,6895
729,4230
5570,1487
4503,2307,247
280,8715
8719,8711
6773,6302
7032,6065
3768,4074
1561,8262
8469,4213
5557,8494
3541,5295
6876,6391
3820,7796
218,2011,5653,2062
4000,5156,7831
7373,2894
4258,2397
1869,4399
5893,4558
5257,7255
7209,8259
6269,1210,6733
4413,7494
8756,5877,5253
2747,1604
4952,2173
8280,5393
360,2083,2539
8912,4457,2045
4817,2132,206
8886,5670
7545,4157
4478,5158
8880,974
7552,5068
6170,5748
6828,7653
8185,7462
5466,8166
7667,8703
8888,1115
5202,7043
2229,7398
4560,6116
5244,6709
4717,7958
825,395,4444,4590
6201,7700
5552,8066,2706
4480,2121
314,7852
7409,5516,7271
7728,1521
4084,8036
4866,3306
5776,8434
7161,1980,6646,2364
3557,5263
5128,6075
7722,5099
4009,5380
5435,5011
1655,6551
4956,4815
6217,7772
8998,1774,8167
5377,3530
504,5996
6376,4113
3337,5155
6796,8413,4326
8081,2135
6470,6934
7984,6913,3172,3464,2831
4893,7413
6712,5890
8404,7655
8899,6323
5256,7691,7132,6903
7232,4091
5592,4424
2728,3647
1608,4585
7976,4967
8834,5582
5220,3574
8104,5840
1793,6813
8848,7122,4516,7784
6941,4949,1925
2324,2326
6929,7348
8775,7695
5241,2463
1874,7014
3528,5603,4599
3913,8685
6860,8215
8323,3356
5091,8462
6633,1307
8334,6039
2980,7428
5121,6604
3970,3947
6808,4182
51,7558,3753,619,63
7648,6864,7635,7589,4381
5502,8423
4705,4482,7733,2503,6109
8130,1411
6497,5115
6672,5559,7263,7967
4234,7773
3433,1501
2789,5575
7304,5866,7799
8243,8303
4610,4212
1080,4327
7826,6363
8230,543
1233,7393
2362,3582
8656,1126
923,4979
5593,8205
8588,5342
3920,7537
5147,7062
5096,8121,5790
6057,6851
6472,1941
4720,1065
2570,1821,1693,734
8530,2723
7378,7748
7218,6901,4958
8973,3054
3352,2547
721,2799
4459,7511
2715,5621
8161,1516,5709,5862
4543,5899,4524,4871
7107,3317
1324,6310
7167,1399
5848,2161,5330
5906,2964
5321,7893,4991
452,5404
6649,6507
8874,6011
8793,6180,7837,5398
6867,7855
5868,8244
8284,6607
6265,7298
8384,5553
5867,5957
2518,7918
7602,8372,2558
1484,5230
2113,7878,5543,7897,3567
4329,7307
1631,8399
5365,8479
7946,8677
7072,4039
6840,4639
8520,7380
8352,6728,8301
6744,7220
2992,5425
5101,6695
8853,8790
5785,5439
3979,2604,1157,6487
7960,8464,6226
3675,4406,1302
6896,8461
8883,5215
5577,5647
6179,7164
7565,7319
6786,4877
3305,3827
3864,7910
3294,3374
4689,4023
7312,2911
7842,6764
7961,133,135
1642,3692
7064,1467
3242,1358
6490,7117
786,3573,8325
6409,8180
1212,1629
7662,1391
8033,5530
2303,535
3269,5249,2044,1237
5088,297,1118,5239
1353,4181,5630
4648,6211
2537,5654
7403,7455
7865,8327
6233,7039
8618,4303
1752,2120
5693,4741
6872,6702
1696,8737
1405,8758
3673,6114
8362,8871
2875,3188,5078
6640,5715,1531
7314,6162,8223
6313,5649
7241,6459
3881,6963,6627
3715,5839
7221,4525
5507,4293
987,559
6857,4591
6433,8602,1945,8453
6457,7540
6002,3483
8153,1706
5032,8772
3192,569,6827,5149
7259,7790
5080,782
7264,9011
8521,2834
6539,3495
1833,2827,5755,4678
311,7975
8523,5023
2409,5905
3498,140
8265,8746,8452
8236,4365
6524,8694
1346,519
8931,4324
4027,6047
2877,6885
6659,3882,4283,732,7050
3553,3099
5837,6998,4957,7350
3395,2996,2471
2276,5055
7887,2147,3301,2019
3427,4141
7819,7806
3896,6603
6393,4770
7889,7029,5262
3568,7713,4919
6051,8123
1898,6916
3644,1685,6878,2039
3329,3123,8341
5130,6821
4259,5350
5232,2111
3953,199
3154,7892,2350
8289,7590,8713
4922,3581,5478
3795,3974
8251,3917
7822,3775
6491,5950
4904,6347
8194,6708
6280,4990
8381,6542
5760,902
1320,5554
8563,5406
3894,3039
8604,6190
5561,4709
2386,6715
8435,7622,8335
7280,2659
3761,5989
4225,1571
7634,3593,1961,1469,1147
3229,7326
7120,2705,4846
8648,8287
5643,8085
2137,7919
128,2882
8305,7609
1649,5995
6140,2078,7375
2744,2449
1776,4135,6711
5729,3925,6326
1152,2052,6389,3710
4275,6647
4747,7075
7065,5308
2889,7260
3257,4427
4752,6911
5825,6724,8028
8182,5191
3016,8818,5566
344,2532
3042,8191
243,2437,2043,471,4187
7632,8306,6458
8769,3971
408,7965
8451,7779
2924,7774
7081,8723
1857,2279
6723,6259
7525,7542
3321,1170
5512,1481
5016,7044
8409,6556
7362,6396
5960,2145
7336,8650
6020,8908,6982
8103,7023
6936,7130,3883
7397,4791
1242,1298
1384,4506
6273,6621
1873,1682,5907,6203,7071
2688,7028
7579,8158
6970,6043
804,5369,1223,3081,4030
7195,2203
3360,6335,2626,6366,8559
8568,8916,3780,1598
6001,4438,1787,6701,3439
8472,8861
4464,3245
1105,2905,3540
6874,7013
2883,6053
3659,7509
2051,2535
8549,5518
2525,6614
3264,1097
8947,7031
3521,6003,5700,8934,2699
8800,7414
6800,2855
1234,8877
7668,7549
8962,5635,2748
6635,7891
8690,3803,8343
4101,9006
8802,4498
8626,5455
8324,4436
6424,7652
8128,529,3384
2465,3597
8881,1463
6434,2339,6917
400,5070
8351,7991
1160,8556
6952,1529
3857,7807
7682,5060,7334
768,6088
4565,4262
1300,2023
4338,8926
6818,2610
5171,7495
8661,4198
6795,6292,1205
2845,4927
2089,4277
2818,5973
8008,6311
6216,5713
7600,8849
7377,8061
6833,1610
8993,3518
7561,1314
689,1311
2932,5799
7834,8307,7541
5297,4763,6919,2803
4627,8068
4024,2546,6933
6594,3818
4520,6623
8550,8190
5968,6947
1225,5817,6873,4868
7400,5736
4895,6559
2624,5675
7082,6029
6676,1167
6984,6574
6944,8779
6533,7782
7674,6111
2469,3215
6637,1893,990,2959
4673,7372
6464,7550,7063
8736,8050,7894,2830
5994,3843
6014,479
1264,3552
912,1998
4650,983
7905,1514,4733,2655
513,4223
3716,4165
169,7366
8400,8975
8217,6085
4163,6774
5185,8373
8885,1719
4352,8791
8446,6191
3378,6771,8842
8283,5238
7833,8054
7753,5346,7357,6830
387,7469
4824,4732
8659,7901,8535,5775
3793,799
3339,6790
7320,1202,2422
5712,4905,1798
2212,8030
7809,2226,2278,7527,8392
8852,5134,8431
6163,1199
1040,8865
5580,7932
3253,5159
7745,3694
8310,99,3510
8139,4364,7454
8417,6757
4813,8134
7485,3509
5616,8683
8976,4463
3120,779,540
7431,5820,6077,6983
3144,2510
7789,8503
2434,8909
8906,1646
7396,4167
8856,2296,6340,7846
6955,6038
8953,5484
5280,8095
3338,5267
4264,5387
2680,6699
6805,8918,4344,4477,7311
3035,3254
6252,4302
6379,5260
6154,6765
5246,4183
4257,7479
7093,8847
6004,4150,7432,6844,8207
5739,7942
5188,8750
1778,3400,4425,8363,5275
6296,325
7128,3277
1288,8983
8913,8799
3097,8868
5328,6749
3480,8712
6019,6643
2425,8787
7497,8924
8593,1770,8471
7528,7783
5595,8254
8889,8751
5584,4764
3436,7355,4500,3190
3370,7591
7369,1789,2375
1940,8981
4616,4117,3223
5546,1068,6303
5120,5122,4054
6130,8411,8231
4348,4111
4588,4542
8941,8943
5355,4407
8460,5535
3176,5588
8780,3077
6169,5107
3474,6387,5639,6381,7055
7764,8765
5633,4510
7604,8214,2775
8724,6661
2002,8291
8178,4070,5495,7672,4685
1072,532,6588,5148,2639
4440,7923
5066,1110
7872,2956
3403,4653
1554,7949
2273,404,6349
7481,6882
920,3225,8702
7858,3722,6399
8948,3628
5686,8486
5998,4062
4986,7285
5020,434,6820
7628,4118
6811,8629
6761,3045
7040,5865
7979,6526
6224,5424,981,5367,7530
8316,5541
3592,6187
2000,1084
8076,4902
3348,7982
6831,8247
4980,8476
2878,3415
6625,8774,4391,5480,6061
4034,3603
7642,6994
8552,5718
7675,5587
1058,1843
5993,8035
2048,8527
3216,6324
4466,3375
5917,2314,7187,4795
3385,4251,8038
5571,5438
8872,4809
4818,2943
3824,4233,6514,3477
6344,4915
8720,8364
2505,2866
7526,7767
9008,4663
6328,3853,2895
5506,7757,5754
3650,7739
6181,8071,4106,8783,7215
7233,7266,9013,4582,4108
6471,5815,6730,3212,5358
2761,7203,8663
7346,3858,5013,4022,3578
4410,8380
8882,8003,8580
8537,6437
5680,6563,6231,8796,8429
6330,5486
7483,7614
8252,5046,1455
818,8735
4173,7669
6385,8234
2418,7315,4935,3131,7996
8264,3964
5441,8771,1284,4052,7725
6060,8508
3112,7331,8511
7770,7419
4656,1970,1683
7457,7410
7704,7948
3331,8188
3993,4429,8519
4970,6213
5562,274
553,4718
2976,7251
5932,181
8992,1361
320,3411,935
7568,5705,7715
7572,7478
5650,4932
5672,5745,6990,5166
8987,4724,7769,2635,6428
6965,5638
3812,8022
3992,4474
8938,4046
5497,5699,5660
3616,858,7268
4961,1705,7853,5382
6760,8674
8192,8754
8057,2478
6600,3696
8034,6803
4994,7198
5613,7358
417,8111
7954,2806
929,5114,5090,855
7088,8833,1427,8501,4909
8768,5915,6237,1944
2445,2351
7360,3586
8369,7300
3001,6815
8466,4287
5563,3831
8592,4947,8901,5119
8314,4311
1003,3755
7706,5781
3259,4886,8743
5750,515,5510
7626,7781
1946,8483
7057,1796
5965,8902
2722,7388,7183
1660,5991
6568,7433
7273,5627,4669
6176,8667,7862
6682,4844,2167
6610,3834
7441,8606
3201,4388
8288,6747
3430,7207
5928,6440,3299
8698,9010
745,6852
6152,2402,8974
3649,8917
8505,8821
7927,4664,1818,2156,184
1042,499
8227,1476,3365,6346,6575
6791,6119
3792,14
6258,4607
7802,2949
4360,7801,6283
8668,6421
5809,7623
3160,8371
8843,4415
6680,7529,4878
7641,7593
1037,6511
6848,8972
1733,6665,7866,156,7758
2216,5685
2829,6894
6411,5470
6591,7116,5245,6183
5408,5471
8282,6508
8969,8181
3346,4170
6836,3542
1667,7341
2008,3550
8898,5436
1370,8851
4193,1769,1038
6642,7140
8152,3785,4703
8017,8643
1900,4661
8048,4145,5959
5082,8101,5477
5708,7205,2094,8647
7521,7803
7108,6639
8203,5063
7425,7947
5313,942
3288,3487
7321,6566,8679
8801,8255
4267,748
4512,4786,8151,8474,7467
6441,4099
465,6534,8087,7608,6267
2708,7551
7500,7213
1368,8678
4851,3438
3997,9014,8959
7344,1176
3472,1635,4797
2972,7382
7090,5410,7095
2732,2340
5521,6788
6081,8148,5354,2588,8570
3171,4085
3117,8733
4800,3511
6528,4896
4177,8631
4153,4563
6742,5972,7686,8415
3740,7223
6228,3286
1317,3175
8986,5612,3103
5457,3621
2563,8270
7297,6035,7078,8094,8895
7229,2247
1184,5859,8773
7283,7292
7237,8548,5445,3654
2740,645,4665,3916,3663
5770,4492,7749,8382
8582,8439,6045,1422,447
6752,4548
5529,2555
4299,2359
5764,8873,8379,6380,5967
8767,5879
2313,8357
4674,5293,6750
2893,678
8579,8276,6007,1596,7951
5217,3423,7599
5100,4710
6668,773
2180,7191
5984,7186
2530,1007
7835,8374
5722,4060
2929,8348,7566
8118,8047
1905,7383
6249,6084,7281
6912,4418,5716,3554
547,5740,8156
1816,8805
8920,888,8933
2320,4852,7061,5286,6985
753,6131
4570,1691,3927
3484,2614
3065,8542
7019,5852,2589
8672,8561
6951,7211,7677,6558,2591
6837,2765,42,5500,7629
7740,6398
3169,7732
7376,6518
8896,7737,5978
3219,2399
6850,4645
8792,8784,4766
5264,8105,6906,3756
2897,4421,8841,2074,7391
8700,5637
6432,8609
8922,7643
3273,8804,8725,5622
5698,6839
549,5767,697,1820,3982
6736,8605
2600,5017,1076,6887
5665,6122,6372
74,4403,6068,3214
6454,8296,6636,8989,591
1256,8945
8640,7282,5287
8077,2879
3146,165
8339,6447
7832,3871
4609,4708,6407,2524,1692
8927,5524,7134,5460
795,6316
5125,5831
7076,1093
3641,5364
3115,236,3126,2327
6545,1281
6713,2517
802,6675,7519
6338,22,4903,6222,6638
1592,6769,492
4017,7507,2694,7693,6958
4921,2149
4982,3623
3298,5022,630
4698,7124,670
3491,4292
7351,8495
6540,3091,2412,1989
3208,5221
3626,7276,7885
4290,3218,3706,4855,5594
7104,8910
0,5464,8312
4097,6245,7354,5498,7470
8401,2714
8709,6319
2288,6289,4112,7473,4729
2528,5961,3418,4127
6093,8405
6961,8714
3226,7836,4253,3143
6250,6629
612,7671
7328,2674,4579
7777,4434
6721,6923,4873
6040,3473,6731,8569
7424,1832,2344,4395,7871
4416,5417,1923
7776,7010
1957,4823
5428,254,7447
7472,1738
4849,5956,1759
6617,8786
5204,6486
2850,5075
5696,7475,5766,2870,8894
3248,7666
7992,6658,2571,1991
6826,8342
7502,8127
3763,7933
7201,6254,8271
2661,1550
2196,1668,8829
4504,3828,6612
258,7766
3520,4195,8982
5057,8220
2184,1601
1791,5476,8671,6172,7487
5273,7100,5270
1849,7098,894
5040,556,1271
8075,1878
2617,6578,2262
8923,2711
5704,2140
5901,4020,2820,7190
7482,3388
2906,7047
5242,6215,7978,2858,3911
2274,8019,2206,4343
4553,1643,8183
6817,2014
3657,2334
1418,8366
3132,5103
5619,7646
6024,526
4115,7596
624,604
8658,7258,5887
6225,6118,5720,7323,6205
2664,2856,8807
6498,8803,3196,5894
4146,8979,3419
4144,3939,7916,3989
4600,1697,6105,7869
5694,7750
9002,3038
4834,8806
7987,1172
4632,8777,2286,2727
123,350,3846
6160,3369
2848,3139
7936,4137,7638,6153
8930,4386
2580,8614
8024,5864
2514,1188,8263
7492,8884,7097,4042,3519
7883,4316
5841,1972,8070,3048,5385
7289,8356,484
3952,5344
2667,7718
8137,4637
4777,7644,4367
6184,1219,3724,6279
5395,7367
1506,4983
709,5142,1623,7771,8607
6538,6282
5690,8340
7913,8730,4094
8426,940
2299,5583
7488,8096,6355,4340,6238
4696,1130
6976,7969,5855
3041,5970,8627,2162
6859,7612
7330,1030
4624,5329,6854,7719
6450,5658
4691,8150,6406
8823,2125,7845,7415
2557,6034,3973,4396,3261
3059,8037
5392,6367
7136,8007
8846,8502,5047
7001,7906,7002
2056,4092,8638
3148,4271
1136,4160
8739,7895,8360,8601,8716
5454,7246
5897,8637
2347,6467,8492
3865,6522
5683,5407
8468,4631,4295,6012,8652
3489,3138,7651,6262,7145
8760,2675
4067,6997,8238
8064,8628
7152,1194
7386,6986
1967,653,8062,4383
8092,8015
4657,6674,4428
1865,6893
6426,7091,998,8759
8432,6653
6416,4528,4754,2438,284
2691,6862
5452,5925
6664,6948,7006
4382,2575
5131,2595
2816,8132
4497,4298,5827
7699,5074,3635,1757
88,4236
2080,2909,6853
8970,7620,2500,5797
3689,1429
6579,8623
7986,7804,8437
6979,3765,6278,8376,1101
5873,1122
3536,622
8946,1838,3695
1984,3367,7881,5002,7759
7154,8963,7270
8761,1266,5181
3193,1807
1986,4898
4864,8749
7556,2199
2404,4861,1447
3651,668
8634,2290,2284,1653
2977,4552,4505,8541,237
5271,5725,8543
7850,8836,3958
3984,8651,6516,6166
2027,7395
7840,8129,7724,4581
8706,3826,2309,4713,412
4082,8645,7046,4857,5805
8386,2071,4517,8454,8534
4384,3738,8539
3872,7465,6710
7664,6967
8778,1589
7434,7734
2619,3166
8937,1387,3589
1323,1325
6681,3266
7731,4019
8067,4693,3878,1403,4335
7477,8555,8557,6446,5823
3840,8290,5356,4925,4172
7017,6973
8240,7111,8144
8850,7747,6798
5536,3340
5072,5786
2997,5030
6298,7142
4776,5303
2258,4143
8929,4014,3270,6044,8046
3904,1061
6465,2786,8321,4227,2300
8512,8636
7226,3507,4812
2034,8532,6423,7451,6142
6483,4575
6128,962,7269,4346,8603
7962,6221,3533
3145,8300
3379,3470
7499,7181
6577,5429,2543
3944,5335
7546,4772
4310,1334
6561,6354,6293,8968,6650
3153,5258,8839
1928,7580,8365,8695
6992,4758,6251,6972,6079
3202,7236,6021,8745,4926
3698,5323,7518,7915
4307,4534,7175
1251,572
637,7437
3179,4044
881,2102
5026,8788,8741
1394,3718,2837,2702
4872,6369
6592,8764,5174
6064,7815,6334,8622,6735
762,7143,6461,5391
876,6270
3936,6100,7736,8844,7439
317,8407
5624,7817,8109
6418,899,8564,3319,4169
4224,8866,599,8727
807,3325,5386,5773,8798
576,1540,5493,8857,8940
1762,3302
3234,8692,7818,6732,6462
4836,7496,6281,7548,6206
1088,7009,7944,3609,3611
6352,5710,8615
8808,8642,7092,4954
6599,8039,8041,2891,4989
6641,7210,8598,5802,8591
6168,5322,7659,6589,7931
2367,7037,7935
6356,4694,8776,5688,7854
6692,8212,4148,8893,1229
1937,7794,7720,8728,2606
7864,657,5938,4488
3217,7971,2323,8045,3247
1616,5426,8260,5668,4597
8465,5282,3682
2864,4129,3798,5117,8862
4625,5794,5605,7080,4635
5954,4243,2038,6535,4744
8994,8012,2983
5922,4676,6767
4936,6704,6683,8966
6904,3057,8748
8224,6597,4999,3018,6667
4273,6503,2390,1806
6375,8572,7206,2796
1473,4377,5671,8855,5913
5768,6780,6341,4783
5508,2222,9004
6141,1730,7988,4376,7197
1744,3282,6260,6405,6359
2096,4222
8489,7994,4569,3069,8879
7924,4670,4439
4880,332
6720,2122,5443,195
3570,5102,8887
7569,108,5005
2256,8820,4742,1882,4831
2153,5276,7727
3088,5381,1973,6782,5759
2378,5731,7026,6070
2704,5646
2352,81,8810,8599
5347,3013,8117,7849,6351
7480,1326,763,1830
4036,4472,8762,7067,6157
2608,8438,5097,1163,4333
6026,3548,7247
1154,8292,791,459,3308
3632,4219,4445,8279
8242,8516,6793,7309,7151
8385,4485,2631,7370,5549
6165,4279,5353,1053,2031
6243,2716
993,2242,2989
8112,5269,4134,6698,6431
6777,725,1734,8753
3296,8051,3322,2733,7422
