8,7432,3016,2316,2957,6673,8402,1811,5779,3671,6615,4215,2461,5533,1952,1955,5419,1452,8813,5168,8818,5301,4150,1461,8822,6842,2683,4284
1970,2868,4892,22,3593,1740,2783
1248,1186,1827,5095,2567,5096,1781,30,2328,3420,1246,1694,1823
34,387,734,295
8032,1824,4900,37,4078,2293,1017,1693
8832,7616,3459,6727,42,5744,2814,7999
6657,7170,6916,3141,3654,3335,4363,2766,2129,4116,5405,6307,619,7919,51,4469,7353,7354
5632,2561,6146,5123,4618,7690,1558,5655,5152,4133,5158,4138,5163,6701,8239,58,3644,6717,4680,585,2127,2128,6226,3666,6738,8789,6739,6244,5735,3688,8297,8309,4726,7799,8825,3711,7297,7304,3731,7831,3224,6299,7838,7333,6823,5289,1709,7859,7349,2745,7867,8891,8895,3778,3780,7364,5324,1741,1742,8912,4817,6870,7902,6878,4327,8424,7917,3824,2288,3312,7411,6901,7928,6394,8447,7937,6913,4871,5899,6928,8464,7446,7450,3357,5918,3365,7464,3883,1836,4911,5936,3890,7476,5943,6468,8004,1348,4420,1353,4946,4438,5975,3942,4457,7532,2927,7024,2929,6514,3443,2934,8568,3464,5513,7051,6035,5013,3477,1439,6560,7074,7587,7078,5542,1961,4522,3501,4529,5557,1977,1980,7101,1469,4543,1476,965,4561,6609,6097,8149,8161,2024,7657,3051,1516,8174,8688,2039,7161,5116,8189,5630
5080,3734,782,63
7841,1569,3225,68,7544,6922,7726,6606,8053,3384,4889,7293
4737,2053,4869,262,1543,3977,3721,5129,1681,2962,3987,5139,2065,2067,3227,1435,4379,4767,2602,4394,5931,2477,2221,6192,694,951,3127,4026,1852,3005,1724,4942,4945,1747,2644,6871,1495,1625,217,4955,477,2654,94,863,98,4451,869,2917,1767,2793,4843,4974,6898,5363,1778,2421,5878,1142,251
3010,1155,2372,3719,3788,3279,853,2647,3933,1438,97,2338,2914,3108,740,6501,4453,7592,2603,4204,2995,4595,3382,2679,2687
1664,7809,2710,1687,150,1686,2462,6176,1831,5423,2226,6198,953,954,8126,1727,8130,2629,2630,5829,5064,2377,6858,8392,5453,8526,2512,4688,1365,6741,5339,1374,8544,1381,8038,2278,7527,495,4592,6895,117,4853
8096,128,2882,4837,7703
5253,140,4815,8345,8736,5220,6953,7978,3498,3820,4841,7796,2296,8441,5242,7550
7172,8996,6374,9000,7786,715,4524,3950,8303,144,3637,1147,6942
7064,1467,156,7758
160,7523,3639,4632,5706,8141,5678,3825,8915,5111,3832,7866,1117
8576,3329,8448,5765,7688,3474,4373,2454,2331,7839,2467,6308,7717,2342,6570,5420,175,8367,4913,2482,3123,6196,438,3004,8133,7752,8653,3406,7508,7895,7257,3162,2265,7011,8167,4091,6381,1774,7535,7032,2169,6907,8444
184,2953,2156
1682,4071,5459,8500,3751,7993,190
199,3196,8343
3578,2132,206
2823,392,3207,1679,2069,3608,2841,4890,2205,3102,3237,1958,2087,1959,4523,2219,2751,834,2116,2248,212,2645,852,218,859,475,4318,355,1380,743,2920,241,3452,510
1936,3105,3185,2738,214,4216
8071,8783,6931,8596,1750,7069,2077,1566,222,6181,3878,5164,4461,2158,7215,565,6134,2233,1403,8574
1921,227,1717,2759,1933,1934
1524,2758,231,1929,5579,1519
1025,1674,2827,1548,1676,5008,3222,2585,1052,1564,929,6436,1576,2218,3760,2225,3383,2107,2109,2237,706,2371,2118,2251,3022,848,593,871,2919,5481,2666,235,3565,366,370,376
5424,3931,2327,1579,236
1888,358,1863,3180,5198,7474,243,471,3705,5983
6625,4578,1917,244,1525,8169,4973
4503,247
4356,1545,265,1677,5007,2842,2459,1565,927,1829,1834,2104,5310,8000,3142,6726,3402,978,1235,3283,3928,2778,6876,862,1503,1377,738,1513,2923,3182,3186,4210,502,5367,379,2812,1918
5376,267,8477,1568,2210,2084,3238,4393,4531,5812,2750,3007,3269,841,844,3662,3791,846,466,1237,2520,4572,1373,4188,4321,2921,2922,6890,3187,1140,4086,4087,3577,3454,6399
4996,4229,7240,2123,271,273,4049,5586,788,507,2780,737,5089,4006,490,4076,1965,4339,503,4539,2108,4606
644,2825,4241,1050,2844,289,2742,2999,695,1721,2106,1722,955,836,3397,3783,3020,845,2255,3025,3539,5845,469,473,7515,5088,2787,483,2918,3313,6263,2557,1278,1919
7595,294,4550,2905,3531,2828
3072,872,873,5402,300,303,6384,3856,3284,5207,5208,2553,2042,2041
712,441,4684,2672,305,1689,7577,443,3516
7554,8873,6380,5677,6768,311,8379,8701
2992,5425,314
320,4694,935
2693,2503,363,1356,7052,6542,2062,6109,472,8381
368,2088,7417,5087,365,367
1671,1932,3023,977,5653,2582,3607,6235,4514,3106,937,938,3183,1584,372,2235,828,3455
3184,817,4978,5780,374,1436,860
640,2240,3523,643,3461,3836,7423,6194,8341,6137,1434,380,5853,2105
5120,5890,382,3460,2292,2940,6766
395,1885,838,397
2273,7291,404,5581
7682,5892,5893,4103,7950,7183,7696,5137,4368,6677,6933,7958,7448,8478,8226,4643,4654,6958,6968,3898,6207,8259,2885,583,4425,3669,3413,7255,7271,5224,7277,8565,8056,4218,5755,5244,1914,895,3713,6018,2436,7563,4748,2188,3468,5516,3728,6027,6031,7827,5519,6549,6554,7578,2973,7583,6049,8099,2724,3493,424,4521,8363,5548,430,1713,4017,7102,1215,3776,7618,4806,5318,8397,4050,2773,6103,3032,3801,5854,5856,5857,7649,5090,7409,4593,2804,5369,5626,4350,2559
6915,7555,7685,3844,7299,5256,8457,7691,7956,1302,7575,7966,6050,1701,3753,426,8747,4788,2873,7486,8002,6470,8655,3280,2769,7512,5212,4324,5742,5617,5618,5236,8831
8041,434,6820,8103
8965,5767,1296,3861,8471,4891,549,4906,8106,2354,1587,4402,1847,8121,2236,956,1853,2238,445,4545,2756,5703,4040,1614,4814,2385,850,1108,981,3158,5081,2011,1504,4449,2019,5234,7539,6005
489,6675,509
496,5730,532,1144,4875,5148
512,4208,4665,1320,504,2782,3663
8354,2731,524,4475,2965,1814,2967,5531,5532
8128,5920,5955,909,7534,529,7030,8319
5664,4613,7495,4760,4585,540
4357,1191,6954,6827,8139,3026,2550,6583,8950,569,3287,2012,5149,1150
4739,589,4371,5971,4317,2061
3782,842,1935,591,4598,1688,2811,829
7552,595,5447,1608,7403,1101,7455
4212,630,7288,2623,8431
7089,3003,8903,632,8107,5644,5214
2016,4483,3684,5639,8977,6387,2612,1173,3450,635,3421
3472,3393,1298,645,3317,2491,2318
3204,646,1067,3021,814,6389,5847,697,3199
7489,649,6345,6540,6797,6670,4306,4245,5468,6940,4189,7581,5791,3681,3874,5733,3561,8826
2113,5448,1357,8590,8911,7123,6102,7192,7897,990,7266,675,1893,4582,6637,7343,9013,5941,5883,2302
1795,1157,3081,2314,8332,4429,5134,6287,7700,6550,3479,7320,3993,8284,2397,5601,4258,7393,8547,6631,7976,5807,8049,1202,1459,4919,6201,698,4795,3901,7034
8962,5202,701,5479,4909,8158
704,6659,1028,1820,3882,7050,4283,3759,3122,2587,1019,732
2048,7771,709
5635,8422,6120,7337,7272,6443,1450,750,3504,8249,4414
768,2660,5772,4589,4622,3315,7412,5332,6167,1305
7681,5729,6148,1797,8934,6567,8328,1227,2699,6091,779,3120,4282,5884,5597
8932,1606,8265,2794,3154,6452,790,8155
1772,7189,804,1223
4062,807
6946,3252,810,812,3100,1294
825,4590
830,6623
832,7233,6392,6121,3629,1840,1592,1595,3772,893
7169,3209,2124,2384,3090,857,5239,3355,5403,3739,1115,6366,3360,4322,5034,5354,4077,2862,3566,2671,8559,5361,1015,9015,3960,2490,6335
4192,6456,868,4616,6665
4867,6275,7973,3526,3594,8011,5166,3888,1331,916,7127,5500,2495
918,8647,8856,5709,8575
4689,7955,4965,920,4285,4558
4664,923
1665,2147,4995,3301,5607,1964,7053,7887,946
6689,948,1542,2735
2626,2499,3625,2554,7667,4826,2588,958,8703
7813,8838,6663,7305,3085,7058,1685,8086,4248,5281,4641,2475,5037,3889,8504,5946,5947,959,5312,5186,8388,6980,4808,5193,7755,5325,8142,7504,8916,3028,4959,7904,3808,6371,7908,1511,5226,8554,8175,3439,6001,8817,7925,1526
3810,6276,5643,974,8880,7606,4733,7294,2655
4650,1843,983
3968,8967,6920,5001,8458,2058,6284,5902,5778,8083,5401,6425,3615,3744,1059,5935,1329,8245,6966,5049,8257,5442,3908,4805,6089,5450,2508,4431,5458,4819,1493,4185,3551,6240,7141,4205,4847,1011,6515,4341,8827,8060
6180,6789,6117,5830,2186,2283,4397,1074,7379,6619,5629,5151
8897,7689,7882,8715,6909,6733,4304,3665,7573,3876,3371,3884,4331,7660,7663,4656,3441,5810,6834,1078,3702,7033,2493
1089,5255,4839,4780,7725
1984,1925,5510,5994,7759,7062,1818,6459,1118
8656,7217,6930,6003,1126,5017
5476,8197,5578,1134,7311,3727,8497,7253,6805,4886,6008,4477,6877
5136,1146,2363,3564
4480,2694,3400,7693,1198
1205,3574
1216,5712,1716,2757,1887
8752,7607,5380,1221,4199,4009
5696,2161,3257,1225,5756,2573
1240,1588,6309
5648,1250,5366,2488,1786
2272,5444,1254,8390,5288,6892,5869,1518,7597,5229,5490,8499,2740,4312,8318
3700,4024,7194,1755,3916,1277
4144,3617,5788,1285,2604
8704,2178,1286,7079,2090,7083,4602,8403,7286,8470,1338,1339
8440,5700,1332,3816,7179
5061,7901,8553,1341,3214,2463
1376,5553,6614,6972,2223
2208,7686,6183,6857,6591,4591,8914,5972,6742,1405,6655
1408,4354,8393,8330,8587,8394,7821,3342,6864,3858,7059,2387,7635,8854,2968,6745,4381,7648,3109,7589,8619,8621,7471,7346,2615,3129,3771,7420,8510
1414,7694,8726,8028,4701,6222
1422,3239
4786,1427,8138,2748,5295
7600,1443,1683
7457,7321,8881,1481
4963,2276,1484,5230,1873,5880,6203,7071,5055
1498,4403,8535,5215
7941,8204,5753,4125,6039,5336,4249,2298,1501,8383
6952,1529
7488,8419,3140,1535
7264,3953,1538,7378,2546,6585
8469,8262,3768,1561,4074
8066,7848,8617,6730,3503,5552,2833,1562,5052
4738,6725,8232,8717,2227,3860,2646,1567
8627,3581,1575
4320,1586,4740,1850,6669
5837,2747,1604,4957
7072,7168,6433,8453,4039,2824,3339,1612,6772,1945
5761,7362,5921,2946,2373,1657
6162,1662,8223
1696,7651
1699,5284,4037,7922,3797,3675,6237,7870
1705,5570,8415
8520,1718
5297,2803,1733,8278,7468
2120,4139,1752
7312,1776,7221,2911,4525,7167
3190,5368,7355,4860,1854
3842,1860,3909
6496,7812,7773,5031,1868,6903,6584,5498,3037
3528,8697,1869,4399
4113,1874,7845
7984,4401,1891,3172,4295,5610,3358
7634,1909,6390,8042,7150
5537,1941,7462,6472,8185
7120,2705,1950
6338,5603,4647,7946,1968,6067,5141,4599,4059,7325
3048,8035,1972
3761,8882,4657,5989,1998
4930,8276,4365,2046
7237,8548,2052,3710
3920,7130,2078,7826
2082,4124
8322,3892,6633,8763,2094,8958
2894,2110
6440,5487,2111
4802,2135,6362,7274,8652
2137,3846
2164,2502
5393,6682,2167,8202,5707
8352,2177,8323,3619,5702,5609,5132,2320,6706,5527,3356
2194,8094,3285,8026,8302
2977,6773,2206
2212,5068
2688,2241,4448,5716
3176,2252,2254
2274,8019,6302
2323,2813
2324,2326
6544,5009,2364,6646
3538,3042,2375
6242,8708,4968,4969,8009,7340,4972,4332,2381,7856,7125,5305
6562,7295,6919,2407,6032,4722,4763,7517,5375
2409,7722,5099
2418,3131
2600,6393,2422,4967
4949,2431,7927,8584,7114,5147,6648
2433,4615,8201,5642,3273,8907,6926,6098,7443,5398,8793,7837,7390,6048,4771,4323,6500,4196,5622,6135,7096,8573
6073,2444,2583
5745,6274,2451,6015,8443,6685,3135
2457,6548,5719
2465,3597
2996,2471
8355,5093,5862,2472,8079,6802,2901,6616,4601
4617,8146,2485,5606
6791,2530,6119
7602,2558
8987,4724,5495,7754,2635,5372
2642,7139,4326
2971,2669,2670
7301,4551,6471,9005,8815,7665,2706,6291,5183,7903
6680,2722,7133
5760,8777,3298,2727
6872,2761,8862,4652,6702
7929,4716,6046,2767
8848,7122,4516,7784,2809,3724,4623
6144,4293,2822,5415
6161,4938,2830,3095
8737,4104,8746,5964,2831,7761,5330,4501,3897,7418,4089,4478
6756,8372,8633,2860,4255
7632,2867,6007,4141,4191,8143
7073,6830,4596,5397,2870,5815,4790,4604
2877,8557
7939,7249,3011,4022
3233,3524,8389,3050,7611,4364,5262
5840,3064,8595,8104
8532,8222,3068
3456,3075
7458,6724,3111,4903,6716
8725,7430,8853,3449,3164
4512,7952,3910,6587,7132,3165
5504,7427,3398,3174,7816,8052,4537,7710
6880,8016,5474,6116,3736,3192,6269
3226,3294
8997,5062,7016,5545,5321,4041,5804,3245,4369,7091,5909,7893,4991
7391,3259,5748,8796
4803,5670,3401,8301,3281,5522,5811,4852,8886,7231
8277,5990,8088,7513,3290,8268,4636
3314,4866,4678
3370,7591
6524,3374,8694
3377,6978,8115,8755,7738,4700
7673,3437
4473,6795,3475,7875
7944,6002,3483
8769,5524,7413,3495,4893,4079
5793,3521,7493,6326
5053,7510,3535
5435,5543,3567,6620,7087
3585,4084
3667,3604,8456,5018,6126
6122,3611
5986,4532,8294,5431,3678,6687
3704,7905,7536
3755,8503
7490,6004,3765,7655,7371,8207
3798,6406
6208,5766,7753,6672,8213,3991,7384,6174,7263,5346,7147,3821,5358,5559,4984,5434
7713,3857
6536,4508,8124,6844,3886,3935
3923,6477,7357
3976,5505,5209
5850,3979,8373
4691,3982
4000,8306,7314,7707,6286
4016,5506,7241,8347,6188
7570,6627,4023,5114,7695
4099,8645
8626,4101
6692,7819,6764,4108,7806
5881,4114
7408,5497,4122,5699
4135,6711
7936,4137,8101,4855
7473,4340,4145
4528,4262
4298,8723
4307,5587
8314,4311
4673,8918,6151,4344,6744,7372
8154,4395
7824,5441,7890,4413,8639
4752,5680,4421,6170,8429,6911
4459,6860,8215,7511
8802,7331,6566,4498
7465,6258,4607
4682,8487,7303
4704,6785,6118,5848,6236
5960,7852,4709
4713,5265
7265,6017,4717
4729,6809,5550
4811,5933,8159
6344,4844
4868,5898,7983,5849,7961,5334,6873,8794
6776,6317,8198,4943
5121,5122,4956
7218,4958
4970,5571,6213,5438
8368,6323,8660,5020,5070
5032,5839,8036,8772
5046,7055
5051,7239,8830,8710
7712,8243,7407,5071
5091,8462
8871,8362,6765,5119
6057,6851,5135
5466,5156,8166,7063
8050,5195,5877
8928,5216,8151
5241,6068
7633,5245
6728,5286
7477,5382,7853
5385,8874,6011,8751
5968,5410,6044,8287
5432,6289
7336,5439
5594,5477
7211,5518,6951
7319,6179,7565,5647
8841,5667,6563
6328,7400,5736,6558
6248,8230,6941,5750
8659,5775
5817,8325
8713,5823
6178,5866,7338,6028,6220
6401,5891,8164,7126
7397,5901
5906,7350,6998,7209,6828
5907,6661
8163,7363,5911
5928,7213
6651,5974
6626,6531,6061
8165,6729,7899,7805,6062
8485,7431,6077,6983
7762,6715,6107
7537,6936,6363,6140,7375
7296,6205
7298,7540,6647,6265,6457
6376,8823
8496,8449,7604,6638,8494
7318,6855
6912,7373
8120,7475,7020
7889,7029
8770,7061
7404,7790,7190
8771,7494
8901,7709
8642,8045
8833,8267,8172
8461,8231
8938,8868,8468
8474,8501
