4485,3470,5646,5392,2704,1429,4758,3093,5276,8092,2716,4898,5925,556,5549,1326,6064,6577,3379,1589,4279,7479,4670,6334,2242,8778,2258,4439,604,993,1506,6243,484,1762,8806,3302,3944,2153,3689,2667,2284,7142,624,5873,8051,2675,4983,3322,763
4742,6026,4880,4115,3865,5658,7067,3872,5922,8356,1061,940,7596,1838,6319,4143,5040,7727,2989,1334,7097,5690,572,5827,3139,4036,2631,5452,2893,332,7247,2256,6486,3548,3038,3296,6369,7776,8801,8037,6893,6767,6128,2543,7924,4472,3706,6270,8959
4488,6153,5897,8588,6157,6165,6298,795,4384,6437,1830,6187,8748,6316,2606,8754,7731,8242,8884,4019,6839,7480,4921,3001,8637,1986,2247,4553,1865,4042,7370,7246,5204,8923,4834,1251,2404,1514,8426,2796,4346,3952,6642,5619,2290,1653,7282,8183,888,6522
4360,6793,7434,7307,6798,4637,8606,2848,2976,547,5668,8623,6141,6450,6579,7732,7734,5047,6070,8762,3132,7229,7104,7745,5698,7626,6986,5455,4694,8152,4696,4954,8156,4316,7646,4575,5344,3169,1122,8803,7140,6375,1130,3695,8431,753,5364,4597,4861,7422
8709,6282,8075,1170,3091,4627,8981,8342,1042,1176,4505,3738,4251,3223,7197,1697,8741,935,7849,6826,7465,7724,6191,3248,5429,4407,4797,320,3264,3904,8774,5959,3144,3657,1738,4299,8012,6093,2378,8405,1878,8792,2906,99,2149,6760,6761,8943,7026,499
8192,4610,8847,4117,2071,6296,8855,6424,7323,8476,5530,7454,8735,5024,7457,6815,417,4510,4517,6566,3621,4257,2858,8879,5938,8628,7093,7988,2744,5817,7864,1467,8123,3520,8896,8386,5839,7801,7762,7251,5335,8674,3427,1646,7410,4980,8697,3069,8217,4223
8067,7556,7942,8839,8712,7047,5258,5131,7948,8972,8982,2199,3480,4377,6683,4766,2334,2595,5671,8109,4271,4783,8495,4403,8244,6068,3510,3641,8636,8512,1473,7747,4163,5063,3148,8017,4818,6483,8788,8924,8668,5470,3682,5731,5353,3947,876,7151,8182,8572
4352,8708,3214,657,7954,8081,6292,2449,6936,6428,8868,7846,7340,3245,4141,8111,7856,818,7091,8883,1463,5305,1596,6464,8772,325,6982,8009,1481,7497,8908,2381,4046,8906,3920,2386,8791,5720,7769,987,5342,5215,6242,8938,5355,4332,2924,2286,8947,5115
8064,135,5770,8465,1298,8728,5660,7326,8607,5282,8739,2856,1320,5546,9002,8750,4148,8373,8761,7994,7612,5181,8385,5313,8902,5066,6859,3659,1229,5965,8400,6228,254,8790,4569,1242,7771,3045,5991,1384,2664,8807,492,8047,4081,1266,8439,8953,1660,6398
8194,7171,3715,2309,5380,4101,3462,4877,4365,7951,3472,8214,3097,6426,8223,6944,8737,2463,5032,8236,6833,7604,8885,5819,6205,5825,1610,6474,8781,6349,6225,5715,8276,7125,344,5978,6490,7772,7901,6116,998,6759,4968,8553,4969,4972,6640,3826,8950,6269
2048,1540,5637,8968,1160,6667,8849,2196,6293,8605,6047,6561,7718,685,9006,8626,3511,8760,8759,1210,4027,7483,7614,8254,4800,6848,6344,8779,6607,6351,8913,6354,8787,8784,7893,7511,4183,6744,8799,8291,8036,3818,4844,7794,8435,8821,2806,3319,5246,4607
7552,8582,7431,5512,7433,14,1937,6421,8215,8733,7455,3616,7075,2212,7206,2983,7720,3626,1706,2733,689,6708,2359,7740,6077,6973,5820,6594,6979,7623,1608,7117,3792,1361,5588,8535,8920,7781,7017,7403,5739,2031,8048,4338,7666,3059,8563,5624,6650,7933
1793,4613,3592,140,2190,3352,3740,6813,1053,8485,7978,3498,3117,8238,5171,8756,1719,5693,5185,6340,7495,3272,6983,6215,3911,5068,1101,8656,3925,6997,2007,4440,6873,5595,8411,8030,5220,7397,7910,7655,1126,4585,5103,5616,2547,7668,1271,3321,5242,7549
7553,3586,8068,5768,6795,4747,8205,8846,5650,8850,8212,5913,8986,8095,8609,4770,5026,3628,7213,7600,8881,8117,7607,7351,4153,7481,8898,4932,6085,6341,5831,5323,6860,6992,7889,4563,5593,7130,7518,7774,8933,8679,4713,6124,4464,8306,6258,3574,7031,7932
8452,1414,3850,5387,4112,7826,8979,8852,8468,8983,8087,7704,7063,1307,6423,8348,8487,4009,7473,4915,6835,8376,2488,1080,6715,1341,452,6346,8139,8652,4558,1358,2002,2135,4952,8537,8028,4958,4703,3176,8552,4329,4459,2412,4335,3698,6899,7545,1531,6012
7042,6411,5901,8958,7568,6161,3989,3095,678,6568,8489,4648,5804,942,4656,7344,8116,1205,6709,5436,4157,7869,6079,3193,8137,4938,8905,8780,4177,4310,7894,7128,6105,2012,8798,1635,7268,3939,4070,4195,8043,7276,2539,3820,8303,5877,7672,4473,6014,8446
8579,6540,7566,5775,8726,4631,7321,8345,8987,5404,2078,8227,7205,1191,6699,6140,5550,559,4145,5810,1970,7220,6712,7737,7616,1221,6217,7375,7504,7249,8659,4181,8280,1498,6363,8026,6238,6367,3810,6118,7016,7531,8556,2929,6131,4340,7669,7796,6905,8956
7296,8581,3077,4357,1288,4122,8094,5158,7079,4264,5936,4529,6065,7218,2229,3637,6716,2429,8895,7875,3780,5061,8776,6600,4682,2635,4685,3277,5837,6739,8916,4824,4701,6882,4581,4327,8424,4841,8809,5484,6254,3696,2288,2932,6901,2550,4729,5628,2173,1150
8705,8449,5125,3974,5773,4369,1683,2964,6035,7446,7447,284,6305,4262,4904,6827,3883,4528,8752,3890,5557,8382,4542,3138,6851,1348,6216,3785,74,6347,5580,6990,2127,8271,3411,8149,6874,6491,8667,734,7014,7398,5866,6507,4588,1526,2425,4732,4989,4991
4478,519,8841,4752,6418,5654,2167,4376,7834,6170,5020,6045,6563,5667,2339,3491,7209,3884,5680,5809,2883,4421,5191,4295,2121,4427,2510,5457,6481,6231,8796,7391,6111,7550,5347,7525,3814,8429,6130,8307,5748,6133,7542,7541,5490,8180,7674,5245,6654,6911
7813,7304,8587,3085,5009,3858,1685,6809,6560,7074,7458,8355,8997,6178,6823,7464,4903,6954,4138,5163,8496,7346,3634,7476,1977,569,7867,8891,3778,8004,8388,1476,6724,6984,5321,7754,2128,7765,6745,4185,6365,4199,5482,5868,8302,7024,7537,2934,3192,8825
5505,5377,899,2438,3208,2830,1040,7064,6169,5022,8865,5375,6183,5799,1961,5288,8875,8240,5946,2879,5060,8773,7111,6857,7500,5454,8399,5713,3153,7892,4565,4437,7767,8278,8539,7010,7652,5221,7526,7653,8039,3306,5487,3057,8946,5107,2803,6774,6142,7807
5381,7818,4878,3088,4893,8360,4146,9011,2740,1973,3763,8243,6462,447,6732,3917,5718,7779,5859,7529,5232,8948,8441,6526,5759
3971,8451,6539,7694,7441,3234,3495,3111,7979,6574,6583,3518,8769,7756,3916,1233,7378,5460,3419,6880,4704,7264,7407,7413,7157
5632,0,4872,7817,6538,6028,8340,1558,8856,3229,3487,7201,4259,169,3242,8239,8499,5688,3647,962,7748,8516,4292,8647,5188,4169,1097,1991,7749,5325,206,6222,6655,2387,2132,5464,3288,7641,8032,4067,5091,5350,8554,5612,7662,1391,8688,3711,8823,8575
4992,8066,7303,5513,6922,2833,6289,7314,4498,786,3225,4889,5918,7841,7331,6051,8617,8619,1836,7471,6322,7602,7475,7349,4790,3644,8128,7363,7113,1353,3026,6226,3028,3285,2775,7903,6497,8802,8163,6244,4198,5352,8174,4724,3573,8309,7544,8189,2558,8447
6528,2820,6790,7815,8,3339,8461,5518,3864,1946,7072,6433,4896,8483,5280,8231,8492,8622,1455,1076,1461,3765,6842,6844,7490,6467,5957,4039,1612,6735,8404,2518,6615,8926,7905,2789,6887,7400,3305,5867,8813,7918,8685,6896,7536,8818,8179,3827,8310,3704
3840,6661,8070,4999,6154,8077,4497,8723,8724,6803,5779,2711,7832,8857,5148,3871,8224,7081,8874,8751,2992,1972,7092,8889,6713,4925,5055,7487,3649,576,6597,4298,3018,8144,5841,8917,8671,4831,2399,8034,8035,2276,4709,5993,7273,2537,8940,4463,5493,1791
3585,8322,2433,3970,5241,4615,6926,7443,535,3736,7960,5149,5629,8993,6180,5545,2094,3892,8763,5053,3273,4041,7371,8907,6733,3535,7761,7379,7510,5848,6619,7390,4323,6500,3172,8804,5735,4456,6633,8568,2283,4084,5622,6135,2296,4089,630,5756,8573,2303
1668,8838,8203,8716,7822,8976,5649,4886,280,7833,6299,412,4508,5152,3489,4900,37,5672,6057,8505,7865,2747,3259,3775,7360,4673,1604,965,6980,4552,4172,2125,5328,2897,7633,6870,8541,3935,5473,3557,360,6376,6765,4078,7411,3443,8054,6267,2045,5630
1536,6278,3724,7183,5393,8722,7958,7194,8099,4003,1447,2728,4267,6572,1452,6828,5426,5301,3254,4150,7608,6457,8124,8255,7107,5444,7492,8390,6985,6731,7116,4173,1616,1874,7507,6614,7255,858,4060,872,6251,748,1003,6892,7408,6385,6262,7289,5244,3838
7297,4741,6536,2313,400,6673,5139,1941,7190,6682,5537,6820,8357,7462,3493,2471,7854,3886,8368,6323,4020,3382,4791,6330,8251,8899,8259,1989,6472,3913,5070,8402,8660,6998,5719,729,7259,7134,7783,7528,8041,7915,7404,5486,7023,7790,1264,3700,8822,8185
1157,1797,3081,3979,8332,5134,6287,5648,8335,3857,7187,7700,6550,3479,7320,3993,1786,5788,5406,7713,4258,6393,2600,2604,5807,4144,1202,6201,4795,3901,7034,4030,7622,4556,4429,7509,6107,8284,2397,8286,1631,7393,1250,6631,4967,7021,3568,5366,7673,8442
1285,8327,7432,6409,2314,8971,3466,4233,1422,7695,6286,7696,8202,7955,7189,920,6554,5917,1184,3617,7715,6053,3239,3881,8618,2731,4521,4017,6963,8502,4023,4919,4285,6599,8775,5707,4303,4689,1490,6487,5850,7013,8937,7277,4591,1399,1017,8318,6780,8702
4740,4106,4364,5262,6931,8596,1811,7069,2077,1824,1952,5502,1955,929,6181,3878,7591,295,34,3370,5673,2996,565,7350,4024,2233,698,7611,8129,3524,8389,3022,8783,8527,2254,5843,855,3671,8283,222,4965,3050,4461,3694,7029,5238,1143,5369,1403,8574
8704,902,6662,4871,3593,7946,5136,8464,2194,6928,5141,8470,22,918,5013,7325,1439,3233,4647,2472,7338,7083,2090,5933,4522,1709,4911,6067,308,2364,7101,6338,5186,7364,4811,5975,3287,4059,6878,5603,5862,3303,3564,6638,3439,6001,6646,7286,1146,5495
6533,8197,6279,5894,4492,8717,8848,4754,4246,6172,2206,7840,8098,6184,553,8232,6313,8234,8497,3378,7609,6591,7232,3519,7743,1219,8901,5834,7372,8909,7122,7891,980,7253,3803,7260,2274,6498,5356,237,8305,8690,6771,4477,7415,8824,8569,8829,2046,5119
7298,4994,7430,6024,7561,653,1037,2959,8975,526,5011,8725,8853,4504,7198,1314,5412,5542,4520,1967,7087,2866,4275,9013,5435,8893,7878,5448,3449,2505,6612,6102,1110,5722,3035,3164,990,6623,7266,1893,4582,6637,6511,3567,7540,3828,6647,6265,5883,8062
8448,3329,1795,5639,7688,4359,8842,7055,8592,8977,3474,1940,4373,7322,7709,6302,7717,2342,8998,8871,6570,8362,8367,2482,4658,2612,5046,5051,8001,6855,7752,5449,2252,3406,8019,4947,7895,7257,3162,5476,8167,6381,1774,1134,6129,7032,2041,4091,380,8830
3716,645,6663,2956,2318,1807,6416,4113,2074,7451,8222,8351,3103,3615,3874,3112,6440,4654,7728,5554,5428,8118,7991,3129,2491,7872,3393,7362,4802,4165,5575,3068,5458,8532,4436,1750,1368,6362,4957,6624,3552,8678,1511,7274,8683,6384,1521,2034,8049,6396
387,5257,524,404,2965,1814,8603,8992,5921,8994,932,1832,7593,1194,7469,7597,1459,6325,9014,6710,7223,7871,2754,8643,4676,7366,5705,7369,8910,4693,7638,6232,1625,1882,7388,3042,8547,7269,3430,7782,3178,2158,7152,7923,8700,4855,4475,7804,1789,8191
8701,2434,8834,5764,6531,6534,7686,8462,8595,6808,1405,670,5535,2977,7975,6952,4391,4135,5419,6061,6904,5425,6711,314,8638,8767,6211,5967,5840,7377,8914,7764,2517,1623,7770,6749,6625,4578,6885,8808,8169,5480,7793,6773,5879,3064,1529,7419,4092,8061
6403,5766,2696,3976,6672,529,8210,2706,5397,3991,5911,6174,7967,5920,7073,4255,7848,6953,7084,6830,4399,5552,8372,2870,5815,8120,5432,5434,3003,3384,7357,7488,5955,68,3528,7753,6730,7755,6477,1869,3923,8661,5592,6236,5346,7786,2541,7534,3821,4984
512,4605,6786,5114,4996,4229,271,3856,273,7570,2083,2724,4006,2344,300,1965,5164,303,1917,1586,8758,4665,4539,2683,1595,5950,5573,7240,1994,3663,4049,7380,3284,2782,4320,5090,3299,6627,491,5996,8941,4208,8564,1525,6134,503,504,2042,507,6909
6913,6146,133,8715,7058,2039,5372,3475,3477,5655,3876,4133,2350,5043,4022,5943,4667,4543,8897,3011,3656,4680,5195,6220,5581,5708,4175,8912,6097,3666,6738,4817,3578,4304,8793,3808,7904,3688,7657,8297,4457,5226,2927,3312,8050,4726,7799,7161,6394,4604
8832,128,6274,3459,4867,6275,3337,3594,6283,2451,916,4245,4630,7703,6685,8096,5155,7459,7973,1059,42,5166,3888,1331,6837,3642,7999,2495,3135,2882,3526,6727,6345,8011,7629,2765,1231,6355,7636,7127,5468,8549,4837,5744,5745,2680,8443,5500,2814,6015
5121,5890,5122,2051,2561,5382,8711,4616,6280,6020,8706,5260,4632,4763,4383,8736,2216,7852,7468,6446,3377,5297,5685,6456,6074,6458,8508,4669,2877,7288,2623,1733,3530,4560,8915,8918,4961,8033,2145,868,8423,6379,5740,8555,4722,4212,4344,5627,2813,4990
5509,7565,7309,5647,2705,3219,7319,6295,8730,8604,1950,4641,5281,6179,8226,6190,7986,7862,8631,8252,1598,2367,5312,1857,959,4548,5577,6782,7120,6356,3325,2780,479,6752,4959,737,2532,7908,8550,2279,7913,2666,5998,8175,8437,4094,7164,7037,8190,7935
1921,4738,5249,8195,7428,6022,2568,5497,2570,3722,5640,1933,1934,4623,3473,3860,6040,4124,1567,4516,2980,2474,6649,2227,5299,1717,3395,6725,3269,2759,8519,199,3196,3281,1237,2646,3673,8153,4572,227,7784,2922,874,6635,4976,3317,4087,2809,2044,6399
7424,4866,7172,5893,8071,2827,6669,144,5265,7827,2457,4767,1443,8996,6695,9000,1833,7976,4395,6958,434,1718,5050,1850,5566,4424,3016,7882,715,8520,8904,6479,3795,5972,6626,8677,4717,3054,5101,4846,4973,8178,3437,1518,2422,4600,1657,4218,2941,1662
7937,8325,3464,7690,7051,4618,5899,6544,6162,7831,3224,7450,7707,7838,3358,7712,5792,4000,7587,5156,7078,3501,8494,7859,4420,6468,4808,585,7291,5709,6609,4946,8789,4438,5466,4058,8161,5474,1891,7138,3942,8166,2024,1516,7917,3824,6514,4599,1787,5116
7936,5760,5633,5123,3731,7573,6038,6942,8101,7333,2727,3365,4137,3371,4524,6834,1078,58,2493,1469,4290,6723,1730,8777,7243,4561,7634,5209,5594,5082,4828,3298,8419,5477,6374,8042,4331,7660,3051,3950,7663,7150,3441,6259,1909,6390,3702,7925,1147,1535
7809,6658,1411,8324,6018,2571,1294,5263,788,150,790,2710,7318,6176,2978,6452,7992,1727,8130,5699,1606,2375,5064,8265,6858,2891,2123,3154,3538,5586,1365,5207,5208,8155,2525,8544,2272,8932,8038,7527,2794,6895,4592,8692,8565,244,2553,1914,4221,4606
3072,6401,2689,8198,3468,5135,4368,6031,6933,2967,5402,5531,5532,1566,8354,804,7845,8103,5928,5037,2477,7215,8504,2108,2237,8513,7618,8515,4806,4678,465,7126,2647,4312,6742,5857,6371,8164,4453,1254,7271,873,490,1772,3314,1778,4339,2293,376,2559
7168,1538,8453,2824,5386,3853,6800,4114,8338,5524,8343,6680,1945,8602,8088,2460,4636,6558,2591,2722,2855,6951,7211,2347,8877,5931,7855,7858,6328,6585,2362,2762,8268,2895,1234,6867,8277,6103,7513,3290,7133,5990,5736,4079,3953,2546,6772,5881,7677,3582
1664,513,7554,6019,5638,5130,7312,4499,6821,1831,8104,8873,3755,6060,5677,9008,7472,2226,7221,6198,4663,311,3385,6965,8379,8765,8126,8392,2377,5453,8526,1487,4688,2512,7124,6741,5339,1374,2911,1381,2278,7916,7789,1776,6768,6643,8820,117,2294,7167
1408,2177,4354,8323,6149,8330,5132,3342,2320,5522,7059,7061,8854,5527,7829,3356,4381,8477,8352,2210,3619,5670,5286,8621,6706,5811,8886,8634,8510,7231,1474,4803,8770,5702,5062,6728,3401,970,6864,7635,8927,6114,5093,1640,5609,1643,8301,4852,5112,7420
6017,5761,7939,5891,5892,4230,7563,5516,8973,4748,3728,6549,7448,2585,5275,1693,8478,6049,5548,7598,3127,6968,1724,6207,2111,3140,2885,2373,3013,4936,4425,8397,7885,1495,8154,7643,5854,7265,3425,5089,5224,5869,5229,7409,4593,8056,7033,7162,5755,5886
7301,5644,3212,909,8213,1562,3998,1569,8107,2860,9005,7726,3503,7089,2867,5559,7096,8633,5052,5183,8511,6208,8903,4551,6471,6602,8396,6606,8143,7632,7384,5214,4191,7263,6756,6117,6634,7147,7020,5358,8815,7665,4596,8053,7030,6007,632,6139,7293,8319
4480,2946,2436,6789,2694,2053,8201,2186,5642,2188,7693,7054,8207,8078,5137,5906,5398,8601,7578,7837,7583,6048,5023,4771,4392,2602,8363,4397,1198,1713,2363,7102,5318,5830,3400,5129,6098,3669,6871,1755,2523,94,98,4196,4076,6004,2804,251,1277,895
3713,7819,4108,8590,398,7950,6929,2578,5142,7192,4506,6303,7842,2723,675,2338,6692,5543,1068,3629,4782,7343,1840,7348,5941,1592,3772,830,832,7233,2113,709,8523,1357,8911,8530,7123,3032,7897,6620,2914,2916,6121,7806,6764,6769,6392,893,2302,2687
6276,6917,8454,5001,5643,6284,6797,6670,7821,5776,8083,8085,8086,2968,6940,5791,3744,6434,3362,3109,7589,3630,8880,3889,1329,7606,5947,2875,3771,5193,8393,2508,974,4943,4306,8534,5974,5078,2655,3551,7648,7141,8817,8434,1011,3188,8826,6651,4733,7294
4737,3589,8966,3721,3977,1676,1548,2962,3987,4379,3227,6432,4643,807,1576,2603,430,6704,694,7358,8260,454,7883,4050,2644,853,3286,217,8922,7386,1630,4062,863,7649,2654,3171,4451,6629,5856,2919,6250,1387,5613,366,6898,4595,5363,4085,2421,2943
5385,3978,4875,7311,3727,5880,1682,5907,532,6805,6008,7452,2589,7071,7590,3751,8743,6445,4525,1072,8500,7993,6203,6588,190,2366,5578,1484,5582,2639,1873,5459,5852,6877,3934,1120,8289,5730,4963,4071,8551,3048,7019,4718,5230,496,4343,1144,6011,3708
6785,4868,5253,4104,7689,5898,2573,2831,4495,6291,4501,5909,7961,156,5151,1696,5289,8746,6701,7983,7984,4401,1074,3897,3257,6717,8894,5696,4930,1225,5964,5324,7758,4815,7928,8016,5330,5071,5334,5849,8794,4956,7902,7651,5098,5610,7532,2161,6520,7418
5376,267,1686,1687,1821,2462,1311,1568,2082,2084,3238,4393,2223,7216,5553,5423,4531,5812,8503,953,954,6972,2750,3007,8384,2629,2630,1223,5829,841,2889,844,3662,3791,846,466,2520,4188,1373,1376,4321,2921,6890,495,3187,1140,4853,4086,3577,3454
5120,3460,2056,8713,8585,8843,8460,7177,3217,2323,7971,5287,1705,7853,3247,8370,8115,8755,7477,5561,7738,7868,4415,8640,5823,6978,5570,8642,5960,4939,6604,8015,4054,4182,8282,4698,4700,8415,2273,2535,6508,8557,6766,8045,6380,2292,5111,7930,2940,382
1025,1155,262,1543,1674,5008,2065,2067,3222,1435,1052,3100,1438,1564,6946,6436,7592,810,2218,812,2221,3760,2225,3252,951,3383,2107,2109,2371,2372,2118,2251,3279,848,593,1747,477,740,6501,2917,1767,871,5481,235,4204,3565,370,5878,2679,1142
640,8576,643,4483,3461,5765,8710,8341,1173,2454,1434,2331,7839,2169,4515,2467,6308,5420,175,4913,6194,3123,6196,438,2105,3004,6907,2240,3523,8133,7239,6605,8653,7508,2265,5853,3421,864,2016,8290,7011,3684,7535,6387,8444,6137,3450,635,3836,7423
2178,1286,6919,6151,6665,7305,8719,6032,8079,6802,4892,3357,160,2208,6562,5924,2475,5678,6575,1968,2868,3639,2745,7866,1339,1980,1338,5706,1740,8141,1741,1742,3665,8403,2771,2901,6616,3292,1117,7517,2783,4192,8159,7523,2407,3825,3832,4601,4602,7295
7681,6148,8328,7179,2699,779,2957,2316,6290,6930,8084,6548,4760,5017,540,5533,2461,5664,5793,6567,5292,5168,7217,3120,1332,6326,4282,4284,6845,3521,5700,7493,2502,5447,5065,6091,1227,595,5597,6113,5601,5729,8934,3816,7406,6003,2164,4215,8440,5884
3968,8967,6920,649,2058,8458,5902,5778,4248,5401,6425,7581,6687,6317,5935,4532,8245,6966,5431,2615,5049,8257,5442,7489,3908,4805,6089,5450,8394,8649,8142,4431,4819,1493,4189,3678,6240,3681,5986,5733,8294,4966,3561,4205,4847,6515,4341,6776,8827,8060
7682,4869,3719,5128,4103,6027,5519,1681,3218,6677,3997,2973,3108,7334,7207,424,4394,6955,6192,2995,4026,6075,3898,1852,3005,1215,3776,1346,3010,706,583,3788,4942,6736,4945,3413,2773,3801,4955,3933,97,4707,869,7145,2793,4843,4974,8312,5626,4350
4224,1154,1667,7044,773,2691,7175,6664,2184,6668,4236,6160,5521,3346,2708,2326,8727,791,4772,8872,3369,1323,2732,5932,8366,1325,8753,4534,2102,8127,1601,4674,3266,5443,8264,2122,3146,7628,459,7502,6862,7546,4307,88,6750,350,3936,6636,7281,881,4474,123
3456,5507,3331,1798,8844,2829,6542,7439,5264,8593,2324,5016,4121,8472,3099,6811,2203,7065,7203,2340,1317,2469,6311,4011,9004,2864,3635,6454,7736,2617,443,7100,8381,4809,8521,591,5712,5074,4691,5587,6100,2262,8663,7006,2147,3175,3964,1769,1770,7675,8188,5117
4225,3075,1655,1418,7052,3982,8591,1935,1038,4371,7572,8598,2327,1816,4503,6551,1692,6948,4905,7210,3115,5675,3126,3896,5308,3650,6852,3782,6224,6610,4311,1629,5471,5217,612,8805,8314,5478,8296,745,1513,5995,236,7530,6894,368,6641,2418,6518,7671,7417,3834
2307,8580,2949,2693,6788,1167,3215,2834,6676,1688,6681,8989,5407,4129,8866,1571,1579,8364,7341,2219,5424,4657,6578,5683,8629,6906,7739,4922,7996,6720,8003,195,4935,2248,842,6603,1998,7887,7376,599,6876,7521,4706,3553,4193,3301,4970,2669,7159,4986,7803,6524
1152,4097,7043,8965,3846,6407,5767,4234,8334,912,3600,8720,8471,3226,5915,7836,8861,4895,6559,5408,7722,8627,6200,5438,3263,2624,5310,8771,7876,6213,5571,3143,5973,5080,3294,3041,2786,6245,3686,5607,3433,1642,3692,367,1649,6005,7285,8311,3448,4598,2811,3581
4227,646,6406,1542,6674,5780,5270,5273,2714,2715,1689,1694,6689,4386,165,1065,5802,1067,7599,817,1716,697,8121,6080,6465,4545,1860,6084,4170,4428,5583,8401,981,8150,5847,3798,3931,4317,8930,2019,8292,363,2670,3184,4720,5621,6389,6391,7802,2299,3710,3199
1665,4739,3204,4995,392,265,1677,7053,2061,2062,2328,7577,2971,1436,2205,30,1823,1827,292,6309,549,2088,937,1964,814,2735,305,946,948,441,3131,1216,2757,712,1356,589,3021,4684,978,5971,218,3420,1757,1246,1887,1248,5095,5096,365,1781,374,247
768,7040,2818,7427,2052,6916,8321,782,1427,1300,7699,1302,7579,7195,2845,4253,5293,7470,5295,7088,3761,4786,3374,7478,6970,2748,4927,7619,7237,6088,8138,5202,5970,3541,8151,2137,7773,8158,8928,5216,4705,8931,4324,5989,2023,5865,8681,7919,2162,3955,8694,7551
510,1671,2567,1545,7050,5007,5781,5653,7706,5018,8862,1186,1829,3237,2087,8105,8106,4652,4653,6702,1588,828,829,3516,2756,2503,2761,3403,4814,3283,6872,472,1240,2011,860,6109,4318,862,5087,1377,355,5223,2920,6249,3183,2672,241,4978,7539,502,761,1918
8833,4482,7812,5255,7816,7952,5905,6934,1944,3608,8474,7835,2459,2841,7710,927,4512,3102,1958,5031,1959,1834,7467,3756,4780,1199,7989,8374,8501,7354,8383,1089,834,5445,6470,3654,8267,1868,8525,3280,7929,3545,3037,1501,6496,8548,2409,1898,5099,3308,1911,5753
6144,4609,3842,6659,2692,1028,2822,8456,7315,3604,4500,4118,3607,3992,2587,1820,5790,5415,1960,3882,6062,3759,3122,181,2104,7355,4283,1212,1854,704,8258,4293,6726,3909,8008,6729,3667,7899,2524,732,3423,1889,4708,8165,3436,6126,3182,3190,5368,1019,4860,7805
8962,5635,3335,3207,8457,8974,1679,3734,7575,4890,1565,6046,7966,6050,1699,1575,2298,6443,426,4909,4523,8882,7733,4406,7353,4537,2873,701,7870,5437,4414,7486,8768,4037,4040,2767,1235,212,2645,3675,7132,6237,2402,3174,5479,6120,743,4716,750,3186,5498,2300
4356,2823,1932,1296,3861,2582,2069,2842,4891,4514,3106,4906,1584,4402,1587,1847,2235,956,445,2238,2236,8000,2751,2116,2812,3142,5703,3402,1614,3023,977,850,1108,852,3158,3928,5081,2778,6235,859,475,1503,1504,4449,738,1380,2923,5234,4210,372,3452,3455
2816,4864,5504,5508,1284,6152,7691,4622,7824,6167,5784,1305,4249,6039,668,7337,938,6903,8749,2222,7725,3632,3504,6584,8249,317,4413,8639,63,5441,3651,8132,3398,7494,7890,4052,5332,8279,8407,5336,4445,2660,4839,7272,8172,4589,5489,3315,7412,8052,5367,4219
6657,7170,6915,7299,7555,7558,7685,7941,3844,5256,4363,8204,5772,6163,4116,7956,6043,4125,5405,6307,5284,1701,3753,1450,8747,2354,51,4788,6587,1853,8002,3141,3910,2766,8655,2129,2769,2385,3797,7512,5212,3165,8422,619,5742,5617,5618,7922,5236,4469,379,8831
258,6923,3340,7181,1163,5005,2575,7569,5529,8220,4382,5536,7330,4134,8615,5030,6441,6698,4776,4396,2352,8112,2096,2997,5174,5303,7482,2619,3388,6592,5954,1734,3145,4044,3533,5710,3536,81,4434,725,7766,7002,3166,7143,8810,3179,1900,8300,622,1136,8561,4082,1394,3570,4982,3831,8438,6777,762,2555,4222
4099,2180,6405,1030,2437,4873,8076,7437,4367,6545,8339,3348,5269,8599,7962,5541,1957,3623,2089,5805,2478,6447,6961,6836,7226,5563,8764,3261,4160,6081,5057,8645,5704,6221,3282,6359,8024,2140,8672,7777,3554,7906,5864,1256,6252,2674,6260,6516,8057,2043,8316
1281,8963,3973,7046,6535,6281,8714,3984,4243,5271,6168,5786,2972,6431,2850,5797,5159,4777,1324,7982,4277,2614,8888,825,4418,7499,8651,6352,1744,8786,5075,8148,3542,7382,7001,4187,7395,4836,5097,2027,108,5102,4590,7664,8945,4851,2038,4857,8570,637,894
3202,1796,6021,6791,4625,6034,5395,7057,1172,274,4635,4764,6817,1188,7076,7080,7987,3507,6967,8887,5562,6589,4926,2878,5694,6721,5956,6853,1093,8263,7367,7750,5322,5584,5072,2514,1619,5725,2014,8543,2528,7136,2530,4710,6119,5100,3438,8432,4849,7283,6653
7425,3718,4744,1928,2445,5391,7186,8851,2580,2837,7191,7965,7328,2080,5794,6691,4645,8614,294,5417,8365,2608,9010,4661,6461,4034,6850,2500,8134,8007,4167,4812,4302,3540,2390,7383,3927,6617,1370,4823,3550,7519,8288,5605,6503,4333,2799,1905,5365,7548,8703
3201,1923,2563,7944,7947,1806,2702,3216,3603,1561,6044,3484,7580,5665,6818,5410,4388,1058,8486,4650,7850,7090,2610,8371,1843,5686,1849,7485,4287,1088,7108,7496,8270,2000,3793,5968,983,2008,6747,8542,5855,8800,7009,5984,6639,1007,7154,4466,8695,3065,8698
6912,2688,8970,6796,6675,408,1691,2588,6556,8479,7969,4902,2355,3253,3894,6841,7098,1084,2110,2499,7236,7620,1863,5961,7373,4813,5198,2894,721,1105,5716,3415,6233,8409,2905,3418,2269,7644,1759,5983,8417,3039,2659,7139,6757,8413,1519,7280,7667,7028,4213
509,8707,1929,1801,3209,2828,1784,5403,1825,3748,6310,297,5034,7595,1581,2862,7474,695,6335,2626,2758,5579,3531,2642,3539,3960,214,471,4570,4827,5724,1115,736,1888,4579,358,231,489,5354,7659,3180,3185,243,1524,3958,4216,3705,2554,7931,2557,1022
6273,7169,8836,3338,5002,2444,6029,4111,1936,5267,7193,1050,3611,3609,4639,4127,3105,3367,7336,8745,4014,3375,2738,6324,7095,6840,6206,958,6976,2241,3270,8650,3020,6994,5845,8022,3160,7642,4826,5980,2909,6366,8287,4448,7396,3812,4326,8046,1262,4348,7292
3843,8969,3597,4624,8466,1554,4756,7062,923,5147,5539,6947,8230,7719,7082,4139,2351,6831,4273,5887,2485,8247,4664,1466,5439,4416,6466,6854,8648,7881,7114,7241,7757,8146,1752,7258,6621,8929,6372,5994,4074,2156,6122,4979,8181,5750,7927,6648,7414,5754,7039
5506,515,7300,1925,5510,2950,8584,2953,4617,395,7949,1550,1805,397,8469,6166,5785,1818,3483,8347,6941,799,543,2465,802,6188,4016,8369,3509,184,3768,4410,6459,8380,1984,838,8262,2120,7759,5329,8658,4949,4444,1885,1118,2661,5606,7270,6248,6002,2431
644,4998,2825,4241,3090,2583,3739,3355,2844,3360,289,3625,2742,2999,9015,1721,6073,2490,955,2106,1722,836,3397,4550,3783,2124,845,2255,2384,3025,469,473,857,7515,5239,5088,4322,483,2787,2918,4077,3566,8559,2671,3313,5361,1015,6263,1274,1278,1919
