1540,4742,6026,5646,4880,3093,4505,5658,5276,2716,2848,4898,5922,5668,1061,7206,940,5549,1326,2733,6319,6577,6064,3379,5690,572,6973,6334,2242,3139,332,7246,2258,4439,3548,7422,993,1762,6243,8037,7142,2153,7017,6767,2675,8051,6904,3706,6270
8064,4485,7434,526,4758,7832,8857,6298,4637,3871,4384,5282,7718,1830,6184,6826,2347,1194,8109,7727,4143,8623,6450,6070,7734,7480,8760,1334,4921,8637,576,1986,6986,6859,7247,3038,8801,8803,1251,3302,6375,3944,2284,8940,2543,5364,5493,3322,3069
5637,8968,6024,6793,6667,6154,1037,3470,5392,1429,1176,7067,1311,5925,4267,5426,1589,7479,4670,4800,7745,4036,8778,2378,8012,5965,1616,6486,4694,4569,2906,4060,6367,1122,1506,8806,3689,1003,492,237,6511,624,5873,7666,7924,8821,4983,6522,763,6398
8454,4872,6538,7307,6798,4115,2071,4376,3865,7323,8606,547,6437,9002,7596,2989,8754,4019,7731,8242,8762,7104,3904,1730,5698,4292,5827,5959,7626,5066,5455,2256,8913,5457,5335,6744,8152,8799,6369,4834,2404,8807,8426,1514,6893,3695,3952,753,888,6141
3586,8067,5125,4488,5768,6282,2704,3473,4754,5649,8212,8342,935,2983,8234,7724,942,3248,8505,7097,320,3264,7360,8516,6341,2247,1865,3657,6731,8137,2893,1229,1234,6354,980,8405,4310,6614,7641,7771,8541,5470,6623,5991,6765,3319,4472,3193,4861,6014
7556,7942,7047,2313,8203,8588,3091,6293,8982,3616,7840,5026,3491,8741,8871,7854,5809,7351,5688,4153,3001,3132,4542,7747,4676,8643,5831,5063,6093,8787,5588,1878,8156,8668,5731,2149,6251,876,2796,4844,5103,7151,6385,7026,1266,8941,8943,8305,254,5759
5760,5633,8192,8709,902,5643,8075,6157,8847,7441,2196,8085,8855,6424,5913,8986,795,8217,2334,4517,3621,8879,6191,5938,4275,7988,4403,7732,4407,4279,3259,4797,3518,8896,4673,7616,8400,7251,8790,5082,3169,1635,8291,2664,8048,7410,3188,4980,1660,1791
3840,4610,387,5381,5770,8717,7822,8853,4117,3223,3740,5660,4510,7326,5024,8993,2339,8357,7591,1447,7849,8489,3378,3763,6068,5429,8117,4148,3641,7229,3519,8385,8774,4172,6732,8527,7891,3164,7391,2655,4195,6760,748,6258,630,8439,2806,6905,8829,5246
6795,8725,6165,6296,5530,412,7197,4766,417,4257,7457,5671,2727,6574,8111,8881,8883,7093,1463,8123,2875,8893,3775,1473,8772,6085,4552,7497,8908,974,5839,8661,8534,8791,5720,7769,987,8924,7774,5215,8674,8804,8933,4582,4969,3947,6637,8434,8958,8446
5387,6411,8462,4878,3214,8979,5119,284,8222,3872,7075,4262,4648,7465,6313,7979,8362,3370,8750,8495,7344,4146,6579,4915,7481,8251,5436,5313,8776,5449,6344,1358,6992,2002,4563,6228,8537,8798,8290,7915,5356,2412,4335,8047,3698,6771,8182,8953,8830,4607
4352,3971,8708,1160,8841,5775,4752,657,6292,535,6936,6428,8868,7340,7856,8626,9013,5305,6205,6464,2303,4421,325,8009,2381,4046,7889,5715,7125,5078,8535,7130,998,8679,4968,3176,4713,8938,4972,4332,2924,5355,4464,4081,5748,5241,5115,6140,4733,6911
7042,8197,2309,4101,7946,4877,5262,8849,4627,4886,8214,4246,3097,6426,2463,6563,5667,8236,9006,559,8880,8497,7600,6708,1205,7607,8769,4163,6474,8779,5834,3920,6225,8659,344,5978,6363,7772,6242,7781,6759,7528,6633,8556,3826,7029,3574,8824,3449,7294
8972,8846,8592,3989,920,1307,8733,8095,3487,1697,4770,3626,3628,3117,5040,5171,1973,5047,2359,7994,8254,8255,6848,5185,6979,6211,3144,1738,3659,2252,6997,3288,4696,1882,8411,3939,484,4067,5347,7529,1130,5616,6128,8435,8563,3059,5624,4346,4091,3068
8194,140,4365,4364,404,4377,6170,2078,6944,8098,7846,3498,2858,3245,6833,7091,8756,8116,8885,7604,1596,3520,5825,8386,6340,6215,1481,4938,8906,1610,6349,8784,7894,1110,8792,7901,5220,7525,6116,6118,8553,1646,7023,8307,7668,7541,7542,7413,8950,7549
5380,6278,7433,3850,14,6286,4112,8468,8348,1053,2976,6568,4009,1706,556,5680,4145,7473,6835,1719,7737,5820,6077,1341,7488,962,6984,7545,6346,8139,8652,3792,2386,2135,8920,6490,8028,4958,6111,8166,4329,4459,1391,8431,2929,4338,6899,7157,7289,1531
4480,6531,8451,2438,5257,5386,2964,7447,8983,4122,7201,3234,37,5288,8360,4264,8618,6061,6065,8499,7032,6709,4925,3647,7871,7748,5188,2121,5580,3277,6990,8271,5837,5713,7378,3411,5592,4824,6105,7264,5091,7779,4581,8039,6254,7793,2932,4600,4732,4989
8068,6917,1288,4747,4492,5773,8078,6416,5650,7704,6434,4259,5799,5928,7469,7213,4783,4528,8376,8382,6079,3138,6851,4932,8898,6654,6216,5323,8780,4427,7885,4565,7128,6491,8796,8667,7518,7268,8677,7014,7653,8043,5484,7531,2539,4588,8948,8312,7932,6142
5377,8706,1538,6020,8711,5128,2830,6418,5654,2167,4632,6680,3229,5022,4383,2722,7845,6695,7209,3242,7855,2879,447,8773,1733,7749,6982,5191,1097,3917,6867,8278,8032,6625,7010,7776,7652,1254,8423,5101,3694,2286,5232,3953,8946,2803,5490,6774,7415,8700
2048,3716,645,3077,1668,8975,3472,8465,1298,8081,1807,2449,2959,6423,3738,3103,8607,7728,5428,8628,8118,2740,2744,8761,5819,7612,7740,5181,5435,7872,7362,7107,4165,8902,7878,5448,3916,6102,1623,1242,8539,734,990,3552,1384,2667,1264,1521,2034,6396
0,7936,3974,519,6153,7818,3218,1170,8603,8476,8605,6045,7454,8992,8994,8101,4137,7593,9014,8759,6710,1346,6723,4290,8777,5452,8910,6736,4693,7638,4183,5464,5594,3296,7804,6882,3298,5477,3430,7269,7782,8678,6507,5739,7152,6259,8947,7923,4855,8572
8832,128,6274,3459,4867,6275,4360,3337,3594,2451,916,4630,6685,8096,5155,7459,7973,4904,42,6699,5166,3888,1331,6837,3642,7999,2495,3135,2882,3526,6727,8011,6347,7629,2765,1231,7636,7127,6238,8549,4837,5744,5745,6131,2680,7801,8443,5500,2814,6015
4223,1411,8324,3462,8712,2571,8716,8973,5011,3480,280,2074,4251,6176,5672,6057,689,6452,3252,7992,7865,5050,6075,8384,8130,5699,5575,1991,7369,2891,4299,8017,2897,4436,6232,7260,2525,3042,3427,8932,3557,8038,2537,5229,3054,8692,6267,1789,3838,8191
7424,1536,3589,5893,7183,5906,7958,7194,6682,6432,8609,5921,8099,4003,4900,2728,6572,6828,7598,7597,6325,2747,3393,2754,8515,5444,1604,4424,2125,6351,1874,7507,7255,1625,858,4957,360,872,8169,1387,6376,4717,4078,5869,6384,7408,6262,7162,2941,8702
3081,5518,6287,6800,8335,1042,7187,7700,4114,6550,3479,8852,3993,8728,5406,4896,2855,7976,2600,8492,1202,8373,3510,2488,6201,6715,7034,4030,7366,4429,6607,1233,7509,5595,8284,2397,7646,1631,7393,99,4967,7400,7918,7794,499,5619,8310,6393,1786,8959
2434,4497,8722,5393,1940,7954,8087,6169,7451,670,8735,8865,7975,6440,4135,6183,8748,2992,818,8244,5685,6839,6591,5060,8390,7111,6857,7500,5967,8144,7377,1490,5718,7767,3419,4831,8033,6885,7526,8552,6761,8555,6892,5487,4591,3057,5107,5238,5244,6526
3970,8579,8198,5894,5512,1414,6540,7566,6162,7703,8345,7834,8355,8227,1191,6187,5550,1967,4529,3634,5810,1970,7220,7606,569,3524,3911,6217,7117,7375,7504,5204,4181,6231,6745,1498,5466,8026,604,3803,3810,8429,7537,2290,6642,4340,1653,7796,5881,8956
4230,8971,7695,1040,7951,6544,7827,5139,4113,5788,5917,3100,1184,8739,6053,4391,295,3881,2471,4395,2604,8494,4144,6963,9011,1718,4023,1080,7869,2111,2883,8259,1989,8775,74,2510,4303,8143,4689,4558,2254,729,5850,6874,5859,7013,5612,8306,8180,6655
2689,8327,3466,8202,7948,5258,7568,7696,8338,6683,34,7715,4017,8502,3382,7608,4024,2491,8636,8512,8260,6599,6600,5705,6855,4169,3153,465,6483,8788,6998,7386,4575,6626,6629,5350,8823,5353,8937,3178,6250,5613,2031,3696,3700,4085,1399,1017,6780,8318
7682,5509,1422,5647,2705,3219,6933,6421,7319,6295,7189,6554,8604,5023,1824,6179,932,3239,1832,2477,6190,7986,8631,6585,1598,8513,7618,4548,5577,5707,4177,3795,6355,4312,7513,7133,479,6752,2532,8550,7913,7276,4846,5998,2546,8056,7164,3325,8190,7935
7296,7297,6276,4357,6280,3593,7694,6803,5524,8723,5141,8726,7321,8987,5158,7079,8496,8243,7864,6712,6716,8895,7743,5061,4682,2635,7370,5458,6739,8916,5460,4437,1368,4185,8280,8034,4709,4327,7016,7273,8809,1134,6640,2288,6901,6133,5879,4729,5628,1150
512,6786,899,4996,4229,2318,273,6549,5275,929,804,4006,7334,2344,1320,5931,1965,685,2996,8758,7350,6968,4665,4539,5950,5573,7240,1994,3663,7120,4049,7380,855,2782,7265,3299,5224,491,5996,5740,7277,4208,4593,8564,504,5369,5114,507,4605,5886
6785,7171,8452,8581,135,3592,6409,6539,7064,4893,6815,1696,3489,8737,3495,7978,5804,5936,7218,6269,3257,1210,1467,5817,4295,3272,8265,7116,7758,4815,6481,7762,7633,4952,6873,6107,4701,5342,6880,5474,7651,7550,3814,3820,5877,4477,8441,5242,5245,4478
3072,6401,6018,3468,8461,1294,271,3856,7570,7318,5402,4767,5280,6946,8226,2724,1833,812,300,6958,1850,8252,5566,6207,4806,6472,4425,2123,8397,7126,5207,4440,2780,8926,5090,6627,2789,4453,7271,4218,7655,7910,1518,7409,4339,8565,503,1657,2042,2559
8449,8323,8587,653,4369,7826,6035,4245,7961,3615,3744,6305,3874,1059,7205,553,6827,8752,6067,8884,2229,3254,2364,6338,7492,3780,1606,6985,4553,6345,7372,4173,5325,4042,2127,2132,7765,8149,7892,5468,7140,7398,8424,4841,7669,1526,8183,4089,8062,4991
2694,2824,5516,5901,400,1941,7190,3864,8088,5020,4636,5537,6820,7462,8103,8231,4521,8368,434,6323,4020,4791,6330,8899,3321,7623,3913,8268,5070,8660,8277,2007,6103,2647,3290,7134,7397,5990,7783,8041,8685,7790,5486,6896,7536,6130,2293,8185,7674,7933
7168,6528,2820,8453,6790,7815,8,3339,6283,3853,1945,1946,8602,2460,6558,2591,7072,6433,8354,8483,6951,7211,8877,8622,1455,1076,1461,6328,2362,6844,6467,4039,3016,2762,1612,2895,6735,8404,2518,5719,6887,5736,3305,7404,8818,8179,6772,3827,7677,3582
7431,3208,6536,7055,3857,1937,5779,2965,3352,8224,7713,8356,2212,2216,169,7720,1452,2606,5301,5046,4150,6713,6842,8767,7487,3649,6594,6597,8901,7495,3018,8399,1361,7764,8918,6615,5593,7259,8030,3935,5221,3818,5867,8813,7662,4463,6129,1271,8061,7807
3085,7565,7309,8856,6809,8730,8997,678,4903,5163,7346,7862,3129,2367,1857,8647,2508,4306,6356,2279,4456,5480,4094,7037,6782
3976,5009,1685,5791,7458,3362,3111,6823,1961,2090,8746,1329,7476,3192,6724,5321,7754,6222,2387,3287,5848,5482,8302,2296,8575
8582,7430,7819,4108,398,8590,6929,2578,788,5142,7192,4506,6303,7842,2723,675,6692,2978,5543,2856,5546,1068,3629,4782,7343,1840,7087,7348,5941,1592,3772,6462,7233,2113,8523,1357,8911,8530,7123,7897,6620,7266,1893,6121,7806,6764,3567,6769,5883,2302
5505,7304,5265,1683,5909,1558,22,5918,8094,6560,7074,3365,7464,3884,8239,7031,1074,308,2046,7867,1469,4157,3778,4930,8004,8905,8016,7249,7253,8154,4059,2012,6365,4704,4199,7786,7150,8303,8688,4079,8178,7024,4724,7407,2550,2934,7672,4473,2173,1662
6661,8070,4359,4999,8842,8077,8976,8724,2711,7833,5148,6172,2041,3493,7717,8998,6952,7081,8874,8751,4658,3123,1972,7092,8889,314,5055,7232,8001,7752,5578,4298,1484,5328,5841,5840,4947,2517,8917,7895,6877,8671,8035,2276,5476,3048,5993,5230,8054,1529
8701,8834,6019,5764,5638,6534,7686,5897,7693,4499,8595,6808,8104,8873,3755,6060,5677,4525,4141,9008,7472,5425,1838,5419,7221,6965,4663,8503,3385,311,6711,8765,8526,8914,7124,5972,6742,7770,8923,6749,8808,7916,7789,6643,8820,3064,7419,4092,1405,7167
4992,8325,6922,5644,5135,5776,2833,2706,6289,7955,7314,4498,786,3225,4255,7841,7331,6051,7848,8617,3112,8107,5552,7089,6322,7602,8372,7475,2870,5432,8120,4285,7363,7544,8903,7113,6730,1869,2775,7903,6497,8802,8163,4965,4198,5352,2541,3573,632,2558
4740,4606,8071,4106,2827,6669,6931,8596,7069,2077,1566,1950,3233,5502,2083,6181,3878,810,5164,7215,303,1586,565,2233,7611,2108,8129,709,8389,3022,8783,5586,3284,1750,5208,8283,222,4320,2272,737,3050,2666,490,4461,2158,6134,1143,2553,1403,8574
8448,3329,4483,5765,8710,5639,7688,8977,3474,1173,2454,8341,4373,7322,2331,6137,7709,7839,6308,2342,6570,175,8367,4913,2482,6196,2612,5051,3004,6907,7239,8653,3406,7508,2265,3162,7257,3421,864,2016,7011,3684,8167,6381,1774,7535,6387,2169,3450,635
8715,144,6161,8210,3475,3477,7446,3095,3736,4631,7707,4647,6954,4138,1836,2350,4656,3637,1078,6583,7349,3644,8897,3011,7875,1221,8904,6909,7882,715,7243,5195,7756,6479,4304,4175,3026,6733,2128,206,4828,7905,5603,3711,8050,6390,3704,1147,2429,8447
3715,7939,133,7303,5513,4618,5898,7063,7960,6299,5404,3358,8223,4000,5156,8487,5032,7983,5557,8891,452,965,4041,1353,5708,4685,4946,8276,7893,3285,5334,4058,5473,7138,1891,8036,3172,4070,8042,8174,3824,6514,3443,4084,4599,8568,7033,6012,8189,5630
3585,8322,6789,4615,8201,2186,5642,6926,6007,5136,7443,5398,7837,5149,5151,6048,4771,6180,4397,2094,2867,3892,7096,8763,5053,2623,5830,3273,7371,8907,3535,7632,6098,7379,7510,8793,6619,7390,4191,8573,4196,6117,6500,4323,2283,3564,5622,6135,1146,5629
5249,4738,8195,1921,7428,6022,6533,5640,3977,3722,1933,3860,8343,6040,8477,1821,2980,8232,2474,2044,6649,5553,7858,2227,5299,1717,7609,6972,2237,3395,3269,2759,8519,199,2646,1495,3673,8153,6498,8569,874,6635,873,8690,1778,3317,376,5497,3196,6399
7553,1793,4613,4741,7432,779,2316,2957,524,8205,6673,1811,6548,1814,2967,2457,5531,5532,6813,5533,2461,5664,1952,4508,1955,8485,5673,3886,5168,3120,4284,5693,8124,5957,5447,6983,6091,8656,8402,5843,3925,3671,5729,1126,4585,6124,2547,4475,8822,2683
640,8576,643,3461,6279,2568,2570,3724,1934,4623,8848,1434,2206,6302,1567,2977,4515,4516,2467,5420,6194,438,2105,2240,3523,1219,6725,8133,8909,7122,8019,1237,5853,4578,2274,227,7784,2922,4973,4976,244,6773,1525,4597,380,2809,8444,3836,1917,7423
6913,6146,6662,4871,3464,7690,7051,8464,2194,7573,918,8215,7831,7325,6047,5792,6561,7712,1439,7078,4522,3371,1709,4911,3890,5043,3511,7483,4027,7101,7614,7364,3656,6860,5581,8789,7511,5975,5209,6878,3303,7657,4331,3312,3702,2039,2425,6650,2045,5495
2433,5122,7554,2051,513,2056,8843,8460,5260,7312,3217,2323,5013,8092,5535,7971,6821,5542,5287,6316,6446,3247,8240,8370,8115,8379,8508,8638,4415,8640,8642,2631,5454,8015,4560,1487,8282,2399,2911,2273,2535,5735,6379,6508,8045,6380,2927,6768,7282,4212
5632,7937,2561,8705,6028,6928,5372,5655,5152,6178,1443,5412,3876,4133,6394,3883,6834,4022,1977,4667,4543,1348,1476,4680,585,6220,4817,3666,6226,6738,6609,6870,7634,6244,3942,3688,4457,5866,8297,7660,7663,7411,8309,4726,7799,7161,3578,7291,5116,1535
6017,2946,5891,5761,5129,7563,2956,4748,6031,3728,4368,8850,2585,1693,8478,8351,807,8363,5548,4654,5554,7991,3127,1724,7358,4802,3013,2373,2885,6605,8532,3286,6362,7643,2523,4062,94,6624,5854,98,5089,8164,7274,8683,4076,251,1914,5755,1277,2943
8066,6403,5253,5766,2696,3212,4495,5397,3991,5911,4889,3998,7967,1569,6566,5545,7084,2860,7726,4399,7984,4401,5815,3897,5434,8633,5052,7357,3003,8511,5696,8128,68,6471,3528,5964,6477,6606,7761,3923,6236,5214,5346,5098,6634,5610,3821,7020,8053,8697
2177,6149,7561,5899,5132,2831,2320,5522,7061,5527,3224,7450,3356,4124,8352,1314,3619,7587,5670,5286,3501,6706,5811,8886,8634,7231,1474,8770,4803,5702,6728,3401,2889,8781,5709,8912,3281,3035,4572,8927,6114,1640,5609,2024,1643,3051,8301,4852,5112,8825
1664,7809,6658,5263,1686,1687,790,150,2710,2462,1831,5423,2223,7216,2226,6198,953,954,8126,1727,2629,2630,5829,8392,2377,5064,6858,2375,5453,4688,2512,3154,6741,1365,5339,8155,1374,8544,1376,5857,1381,2278,7527,2794,495,4592,6895,4853,117,4221
1408,4354,5123,8966,8839,4233,5131,6284,7821,3342,3858,7059,8854,2199,2968,4381,2595,7589,8875,8619,8621,4271,6704,7471,6966,2615,8510,454,5062,4936,8393,970,7883,3148,4811,5324,6864,4818,7635,5330,8922,4316,1630,3551,7648,3682,3171,1516,1787,7420
4737,4866,3713,2436,2053,5892,1676,1548,7950,2188,3088,5137,2962,8981,7448,7578,7583,4643,1576,2602,2603,8238,1713,694,4678,5318,1223,3785,2687,3669,6871,3032,217,4954,1755,863,4703,5344,2914,4451,3045,3306,5868,1772,366,3314,6898,5363,2804,895
4868,7301,909,2573,6672,529,6291,8213,4501,1562,6174,5920,7073,6953,9005,6830,3503,4790,5559,3384,8894,5183,6208,5955,4551,1225,6602,7753,8396,7384,5849,8794,7263,6756,7147,7534,8815,5358,2161,7665,4604,4596,4984,7030,6520,7418,6139,5756,7293,8319
8704,7813,8838,6663,2058,6797,6670,7058,3731,8086,5401,6940,4641,5281,5037,3630,7859,5943,8504,5946,5947,959,5312,5186,6980,8388,4808,7755,4943,6097,3028,4438,4959,3808,8161,7904,6371,7908,7141,1511,5226,8554,8175,3439,6001,8817,3441,1011,7925,6651
7552,7681,6148,1797,8328,7179,2699,2190,8207,5134,6930,6290,8084,4760,5017,540,7455,5793,6567,2731,5292,7217,1332,3765,6326,4282,6845,3521,7490,5700,7493,2502,1608,5065,1227,5068,1101,595,5597,6113,8934,3816,7403,7406,6003,6004,2164,4215,8440,5884
1155,1543,7817,3721,7054,2067,8340,3987,6038,8601,1435,4379,3997,1438,3227,6049,2338,7207,4392,6955,2221,1198,430,7223,7102,2372,3400,8520,593,3538,1747,4050,853,2644,7388,477,2654,5856,7649,740,2917,7145,4204,4595,2421,2294,2679,5878,1142,8437
5120,5121,5890,3460,7172,5382,7177,8585,5130,4990,6942,8996,9000,1705,7852,7853,4524,3377,8755,7477,5561,6074,7738,2877,2493,4669,6978,5570,5960,4182,4698,4700,4956,8415,4961,2145,8419,6374,8557,6766,3950,1776,2292,1909,7930,5627,2940,2813,382,5375
5376,4994,7298,267,4504,7198,1568,6265,2082,2210,2084,6647,3238,4520,4393,2866,4531,5812,6457,1595,830,3007,832,2750,841,2505,844,3662,3791,846,466,4087,6612,2520,5722,4188,1373,4321,2916,2921,6890,3187,1140,3828,4086,7540,6392,3577,893,3454
3968,8967,6920,649,8458,8330,5001,5902,5778,8083,7581,6687,3109,6317,5935,4532,8245,5431,5049,8257,5442,7489,3908,4805,6089,5450,8649,5193,8142,4431,4819,1493,5974,4189,3678,6240,3681,5986,5733,8294,4966,3561,4205,4847,6515,4341,6776,8826,8827,8060
1795,1157,1285,3719,4103,2314,3979,8332,6027,5519,5648,5626,6677,7320,2973,3617,4258,424,5807,1459,4919,698,4795,3898,3901,1215,3776,7622,3788,4556,2773,6487,8286,5601,97,8547,4707,1250,6501,6631,2793,3437,7021,3568,8049,2422,5366,7673,8442,4350
1286,6665,7305,8719,8079,6802,7829,8470,6425,4763,4892,8736,2472,5289,7338,2475,7083,6701,5933,7468,1968,3889,2868,1338,1339,1980,6458,6717,2363,3140,3530,5071,4561,8403,2771,2901,8915,6616,7902,2783,8159,5093,5862,7532,6638,6646,7286,7928,4601,4602
8713,5385,4875,3978,7311,3727,5880,1682,5907,532,6805,6008,7452,2589,7071,7590,3751,8743,6445,1072,8500,7993,6203,6588,7868,190,5823,2366,4939,6604,5582,2639,1873,5459,4054,5852,3934,1120,8289,5730,4963,4071,8551,7019,4718,496,4343,1144,6011,3708
1025,4869,262,1674,5008,1681,2065,3222,1052,1564,6436,3108,7592,4394,2218,3760,6192,2225,2995,3383,951,4026,2107,1852,2109,3005,706,2371,3010,2118,583,2251,4942,3279,848,4945,3413,3801,4955,3933,869,871,1767,5481,2919,4843,235,3565,4974,370
2178,6919,4616,7689,6151,4104,6032,4248,156,3357,7838,160,2208,6562,5924,7333,5678,6575,5297,3639,6456,2745,7866,58,7288,3771,6468,4420,5706,8394,1740,8141,1741,1742,3665,3292,1117,7517,4192,4344,3425,7523,868,2407,7917,3825,4722,5111,3832,7295
4224,1667,2691,7175,2184,1418,6668,4236,1038,6160,3346,5781,2326,8598,1816,8727,7706,7835,1692,4253,4772,3369,7210,1323,2732,4653,8366,1325,8753,2102,4534,8127,1601,3266,6852,8264,2122,3403,7628,459,7502,4307,88,6750,3936,612,8296,3308,881,7546,123
7040,768,2818,7044,773,6664,782,3215,7572,2708,791,5915,7579,8989,8861,5408,8866,6948,5675,8364,5293,7341,4786,7478,8374,4922,4674,5571,3650,6088,3146,6603,5973,4311,599,5471,7521,4193,8805,3686,8314,5478,5865,4970,6636,6894,7285,7671,4986,7803,7551
1152,5507,6788,3331,3846,6407,4234,8844,2829,8334,7439,3600,5521,5905,912,5264,8593,6163,8720,5016,8472,2714,1300,6559,2340,1317,7722,1199,2864,8627,5438,4927,6080,6720,3263,195,6213,4809,5583,6610,6100,5080,3041,6245,3175,745,3433,4589,2299,5117,3710
4097,1154,4227,8580,2949,7812,2324,5270,6934,5273,6681,2845,5407,4895,4386,292,165,1065,7725,4657,5683,3635,7739,8003,8771,5443,8521,4170,4428,1998,6862,8401,1757,350,7773,7006,8930,8292,5989,2023,2409,5995,5099,7919,7281,2162,5621,3448,761,7802,6524
6406,8456,6152,7050,6542,8591,1167,6674,6676,2203,6811,6043,8862,4129,7203,2469,6311,8872,4011,5932,6702,3761,6578,8882,8629,4406,6454,7736,2617,6970,7100,8381,4414,829,8768,7887,7376,5074,5587,4691,3798,8311,2262,2402,2147,6249,8188,6518,7159,7675,3964
8321,4482,5635,6916,5255,7691,8974,3734,6167,1302,4249,1305,6039,5031,8747,4780,7470,7733,8249,7354,5437,7870,8383,701,1089,4037,3654,1868,2767,3280,5970,5332,3545,2137,3675,3037,6237,1501,6496,4705,2786,8931,2660,4324,6120,750,3955,1911,5753,5498,2300
4225,2307,2693,8457,7052,3982,1935,4622,4371,7699,4503,2328,6551,1688,7575,3099,30,1571,8105,426,1579,2219,6903,3756,7996,5308,6465,3782,4935,2248,2761,6224,5336,1629,5087,5217,4706,3553,3301,3174,5223,5096,1513,7530,4839,2669,368,2418,1655,7417,6906
5504,6657,7427,7043,7941,3844,3335,7816,5256,5772,8204,7952,1944,7195,5405,7710,6046,7966,4512,6050,6307,1701,6443,4788,6584,4537,7353,6587,2873,7486,63,2624,8002,3910,6470,8655,7132,3165,5212,8681,1898,619,4716,5742,3315,8052,5236,7412,7929,2298,3581
1284,8965,1798,5767,7824,2834,5653,8471,5784,4121,7065,6689,1186,549,4905,5802,8106,4652,1716,7989,8121,3516,4413,5310,8639,5441,4545,6084,7876,3398,2503,7494,842,4814,5712,7890,4052,981,8150,6109,2019,5607,1769,1770,2670,367,5489,6005,4598,6391,2811
1665,4739,3204,4995,1542,2567,2061,2062,2327,3226,2971,7836,1823,2088,937,3115,1964,3374,2735,5424,946,948,3126,3896,6200,3131,1216,2757,3143,1356,5971,472,218,3931,3420,4317,3294,1887,1248,5095,1642,363,236,3692,365,6641,1649,1781,8694,247,3834
2052,646,1671,392,1545,265,1677,7053,5780,2715,1436,2205,1694,1827,6309,2087,938,1067,814,7599,817,1918,1588,697,828,1860,2756,7237,5445,3021,589,8525,978,3283,5847,1240,2011,860,1246,1377,355,8548,3184,4720,4978,7539,6389,374,5367,510,3199
8833,8962,6915,7555,7299,7170,7558,7685,4363,1427,7956,4116,8474,4125,1699,5284,7337,1450,7467,3753,4909,5295,3504,7088,51,8501,2748,7619,3141,8138,8267,2766,2129,5202,2769,3797,3541,8151,7512,8158,8928,5216,8422,5479,7272,8172,5617,7922,5618,4469,8831
6144,4609,3842,6659,2692,1028,2822,7315,3604,4500,4118,3992,5018,2587,1820,5790,5415,1960,1575,3882,6062,3759,3122,181,7355,4283,1212,1854,704,8258,4293,3909,8008,6729,3667,6872,7899,2524,732,3423,1889,4708,8165,3436,6126,3190,5368,4474,1019,4860,7805
3456,3075,3207,1679,5007,3861,2069,3608,1689,7577,4890,2459,1565,2841,927,3102,1829,1958,1959,3237,1834,1584,305,1587,2104,441,443,2236,2751,834,6726,712,3402,4684,591,977,1235,212,2645,3928,4318,862,1380,743,2920,3182,3183,2672,241,3186,502
4356,2823,1932,1296,2582,3607,2842,4891,4514,3106,4906,4523,2354,4402,1847,2235,956,1853,445,2238,8000,2116,2812,3142,5703,4040,1614,3023,2385,850,1108,852,3158,8663,5081,2778,6235,6876,859,475,1503,1504,4449,738,2923,5234,4210,372,379,3452,3455
258,3973,6923,1163,7437,1550,5391,2575,6545,7569,8339,3340,5269,8220,7330,4134,8615,5030,4776,6698,4396,6447,2352,8112,2096,2997,5174,5303,6967,2619,3261,6592,1734,3145,4044,6352,81,4434,8786,3536,725,7766,8024,7002,3166,2661,7143,8810,3179,1900,8300,622,108,1136,3570,1394,8438,6777,2555,637,4222
6405,1030,4873,8076,7181,5005,4367,3984,7191,8599,5271,4382,6431,5536,2850,7076,1957,5159,6961,6836,7482,5563,8764,6461,7226,4160,6081,6721,5057,4167,5704,8651,4812,5710,1744,1619,5075,6359,4823,1370,2140,8672,7395,4836,5864,1256,6252,8561,8945,2674,6516
3201,1281,1923,2563,7300,8963,7046,7944,8969,1806,2702,4243,2580,6166,3484,4127,799,7328,5794,4388,8614,7080,5417,7850,2351,2608,4273,8369,8371,8888,4410,8380,6850,7496,7499,3793,2390,3542,2008,6617,8288,6503,5097,2027,1905,7154,4466,7283,8181,3065,7292
4099,4744,6281,397,8851,3348,7962,5797,294,3623,3625,6441,4777,1324,5805,7982,2355,4661,3388,1084,4418,7620,8645,8134,2500,6221,3533,4813,1105,3282,8148,3927,7644,8413,3550,3039,7519,8417,3554,7270,6639,2799,4082,7667,7028,4213,4982,4851,4857,7548,8703
3202,6021,1929,1801,8970,6029,274,6675,5786,1691,2588,6556,8479,2080,7969,6310,8745,7595,3253,3894,5562,7098,6589,5694,2878,2499,5956,6853,1093,8007,7367,5961,5072,721,2514,3539,2905,4570,8409,3418,2269,2014,7136,2528,7139,4579,6757,7659,3438,7664,7931
8836,3338,7949,4111,3216,4624,8466,1561,3609,6044,5665,5410,6947,6818,4645,8486,1058,7719,4650,7082,8365,3375,7090,2610,5686,7095,2614,1849,1088,6976,4416,7108,3270,8648,8270,5968,3415,3160,6233,6747,4444,8542,5855,5984,7009,2659,7396,3812,7280,6260,7039
8707,2180,2437,6535,5529,2972,7580,3748,5541,2089,1581,2478,2862,9010,4277,3509,825,7485,6335,5954,5579,3531,5198,3705,7382,7383,7001,4187,5724,1885,1115,5983,1888,7777,7906,762,4827,358,489,5354,3180,4590,8698,243,3960,8057,8570,2043,8316,509,894
7425,1796,6791,8714,7947,6796,7057,4625,7186,6034,3603,5395,408,6168,4635,4764,7965,5403,6817,6691,1188,7987,3507,8887,6841,4926,4034,7236,7750,8263,1863,5322,4302,5584,214,2909,5725,1759,8543,2530,5605,4710,6119,5100,5102,1007,8432,4849,2038,3958,6653
6273,3843,5002,3597,1554,5267,8469,7193,3611,543,4639,2465,802,8230,3367,7336,4014,6831,6324,8247,6840,6206,5439,4287,8262,6854,2120,7241,7881,8650,7757,2000,5329,8658,6994,8022,1752,7258,7642,6621,8287,8800,6372,4074,6122,8046,6002,4979,5750,7414,5887
5506,515,1925,2950,3718,8584,4617,2953,5510,1928,1805,2445,4756,2837,7062,5785,1818,5147,8347,6941,923,3483,5539,4139,6188,4016,1843,2485,4664,184,3768,6459,1984,6466,7114,7927,7759,8146,4949,983,8929,5606,6248,5994,2156,4333,8695,6648,5754,4348,2431
7169,4998,3209,395,2444,2828,1936,1784,2583,1050,2844,3105,1825,297,5034,2554,2738,7474,695,6073,1466,958,2626,4550,2758,838,2124,3020,3025,2642,5845,471,4826,5980,1118,6366,5088,736,4326,231,1262,2671,1519,5361,8559,3185,1524,5239,4216,1274,1022
6912,2688,644,2825,4241,3090,1172,6263,3739,3355,3360,289,4902,2742,9015,2999,1721,2490,1722,955,2106,2110,2241,836,3397,3783,7373,845,2255,2384,2894,5716,469,3540,473,857,7515,4448,4322,483,2787,2918,4077,3566,3313,1015,5365,3831,2557,1278,1919
