6979,5347,7910,2031,3059
5280,2820,2789,8461,4440
6887,8404,2007,3864,5566
3016,6896,8818,1461,6615
8,8813,5779,4150,6842
1955,1452,6673,5301,8822
1952,7432,1811,5843,3671
2957,5168,4215,2683,5533
2316,6548,2457,4284,2461
3593,3689,1970,8754,2783
7305,1740,2868,22,4892
5096,1781,2328,1692,1757
1186,30,5095
1827,1246
1248,2567,3420,1694,1823
8032,387,1251,37,734
4900,2293,4078,295
1824,1017,34,1693
3459,4036,6727,3337,4898,42,3642,2814,7999
7521,2845,3215,8720,5973,8989
8321,7470,7919,3280,6934,7354
4406,7966,8974
7353,5618,7691
8002,6307,3753,5617,51,5236
2127,6035,8149,4958,8895
3778,6985,7476,7446,8825
7024,6901,2934,1977,7867
6560,1348,8004,1469,5918
7074,7349,1558
6133,8174
1353,5513,3883,8568,8189
5163,5009,1685,3644,5630
7364,4871,5013,5975,7101
7304,4522,8239,8688,7411
7712,6146,3688,4946,7799
3464,4618,4817,5557,5655
8447,4133,1836,7161,4543
5632,6244,6928,6226,6870
6149,8297,6187,4726,5116
7078,4680,7657,7051,3312
6114,5286,3942,6728,7690
4457,2475,8912,3666,6738
1511,5943,8464,8789,2039
2561,7333,5899,4667,1980
7587,2024,7917,3224,7450
8161,6468,5324,4438,1787
7532,5071,4561,58,7838
7928,5289,1709
2771,7902
6717,1741,1742,3501,3357
8580,782,6160,3734,6551,5080,5408,2162,63
5776,6922,2247
1569,68,7293
4889,8053,7726
2438,5350,8360,7309,2221,8948,6105,6782
5893,2537,2477,7862,1625
3977,5931,1778,5139,4767
98,3127,1495,1724,94
2053,5129,2602,694,6871
4451,6898,2962,5363,2654
4737,2644,217,3227,863
2917,3721,3987,2421,4379
1543,2067,1142,1435,477
2793,5878,1767
1747,4942
4869,262,1681,2065,951
4843,4974,4945,4955,3005
869,4394,6192,4026,1852
929,4453,8937,6483,3382
4595,2687
2914,2603
235,4575
2338,8327
853,1438
4204,6501
2679,3279
706,2372
2995,6436,740,1155
97,1674,3788,3719
3010,1564,3108,871
5008,3933
7592,3565
128,2882,7703,6238,6367,8096,4837,6131,2680
7864,7737,6860,2078
5810,5733
3656,6217
6305,6089,133,135
7783,9000,7889,7672,5913,7774,8446
144,7786,5195
5265,8178,8996
8017,4299,5829
8712,8765
8130,3042,2375,2891,5263
6176,6658,8038,6895,2710
7809,7527,4592,6741,150
1664,2278,5064,6858,1727
8544,2377,5453
4688,1365
8392,8526,2512,2226,5339
6198,8126,2462
1381,1374
2629,2630,495,5423,4853
8706,6279,7372,8719,5204,6486,5022
5924,4616,6665,3639,6456,1117
5706,7523,5678
160,8141,5111
8290,8901,7752,7666,4947,5493,7895,7833
3329,6381,3406,3123,4373
8367,3474,7032,2265,3162
7717,2342,8167,1774,2482
7011,5449,6313,8341,3068
8448,6308,7688,175,4913
2016,2169,3450
2331,4483
864,7508,7839
6907,5765
8133,8444,6196,6137,3004
640,8576,643,2467,7535
3523,4515,8653,6194,1434
6570,5420,6605,438,5853
2156,8270,2575,5391,8369
2661,5030,1550,184,799
7300,2953,7949,3793,6166
8224,3751,3153,5459,6749
4071,1682,8500,7993,190
2122,1323,1325,4534,2205
5308,2087
2248,2219
355,392,2645,218,4318
852,510,743
475,2116
3207,1679,212,2069,3452
1958,1959,2841,859,3102
834,3237,2920,241,3608
1380,2823,4523,4890,2751
7750,1030,8112,5269,4827
4590,2738,8339,5271,7965
3105,1936,3185,214,4216
709,3878,855,565,5238,2711
8071,4461,7215,6931,2233
6181,2158,8783,8596,1750
4740,5164,1850,7069,222
4320,6669,1586,6134,1566
7840,5894,4267,748,1933
3803,7428,1717,6533
1921,227,1934,2759
6405,3438,6961,6545,7569,2614,7191,8438,7226
2355,8413,2799
8417,3415
7139,1519,7280,3253,7098
2787,1929,2642,1524,8409
3360,3397,2758,4326,231
612,1418,7376,6610,8598
3115,1579,6641,3896,3834
236,5424,3126,2327,3931
5954,3536,4434,3570,2038,7002
5541,2478,8316,762,7580
7777,2180,7143,2555,2972
7906,5529,7382,7001,7485
2437,6535,2089,3509,8057
2043,1863,243,4277,4187
3748,358,3180,5198,5983
1888,7474,471,3705,894
4391,8169,6061,8623,8182,1917
6625,4578,6626,4973,244,1525
4706,1571,1667,7599,8663
5217,1655,4503
2307,7996,247
3077,8983,6254,7351,7326
7145,7201,7447,7991
2728,3138,2996,6998
2754,6946,251,2471
6726,4935,265,1513,459,5310
1377,978,3283
1545,1677
3182,5007,1918,502,862
1829,1834,3928,2459,927
8000,3186,1235,2104,1565
738,3402,4210,2778,2812
4356,2923,2842,379,1503
3302,2474,6731,8305,8690,4597
3269,8909,4087,4124,6399
2210,2922,2570,1237,4572
5376,2921,267,5812,2750
2084,3238,841,6890,4188
4321,2082,846,466,3577
4393,844,3791,1373,3007
3662,4531,1140,4086,3454
1994,491,6026,8758,5690
7240,4605,4229
273,4539,4049
5586,4606,271
4076,8941,8943
5089,490,4339
4134,5704,4776,3179,2862
5845,1262,695
3020,2671
1050,4998,1274,5239,1466
5088,4322,2124,3025,2844
845,2742,857,3355,3739
2106,2918,469,1015,2490
289,2255,1919
473,836
955,3783,2825,9015,7515
644,4077,3566,3090,1721
3623,5005,3348,7962,4382
3282,3388,3533,3927
1784,2905,4213,294
7595,4550
3531,2828
2528,6721,8615,297,8024
5584,5961,3418,4243
736,6310
1825,1022
5125,3785,4528,2041,284,4542
4262,872,4588,6384,3284
3072,300,5207,2553,5402
873,303,3856,5208,2042
1689,292,1317,3175
2672,3075,443
712,441,4684,305,7577,3516
6338,5603,8242,5141,6839,8799
1968,308,4599,4059,7325
7554,2434,6380,5677,4143,6768,311,8379,4092
2848,3139,4135,5967,5425,4831,314,8637,8415
320,1830,935,3411,2675,8821,4694
8033,5482,1040,8913,3825,3826,7765,344
2978,5768,3473,8212,8117
2083,360,3722,2539,8569
5932,6542,8591,7281,7159,472,8381
2693,2503,363,1356,7052,2062,6109
3456,881,4906
7417,5087
368,365
2088,367
3716,8039,1991,8271,5713,3698,2002,4824
3557,8823,1874,1399,7865
1536,1989,3493,2666,3022
2827,1548,376,2585,2237
2919,1576,1676,366,2109
5481,848,2225,3760,2107
2218,2251,370,3383,1052
1025,2371,2118,593,3222
4809,7006,6750,3183
6578,6676,2469
4225,7699,6084,6391
828,5653,1629,1671
1584,3607,2582,3023
2235,372
3106,3455
977,6235
4514,1932
3184,4978,5780,8292,374,2715,860
7360,3840,7593,4172,3378,4091
2977,2274,7311,6771,2206
7232,8019,6773,2105,6302
2240,8842,2454,380,7709
5694,2997,838
8220,6447
6516,5057,4579,6252
3984,8651,6461,7270
825,395,1885,397
8385,7842,398,7348,1592,7933
7233,3430,6121,3763,1595
1840,3772,893
832,2916
8152,5698,7291,4703
2273,404,5581
4259,5318,6761,3306,4783
3466,8099,5244
7598,7255
8259,4395,4017,7827,729
7682,4521,7696,8056,6554
7277,4593,6933,6549,5886
5090,4654,6968,5369,8154
8226,2724,6958,7409,4218
4425,4368,8565,1914,2559
6401,7271,8397,6031,6207
7448,5857,4806
3314,4748
5891,2885,3728,5755,8478
2436,8363,5548,2188,1713
7583,5137,2804,3669,895
3713,4643,7950,3032,7578
7649,4707,7563,430,4050
4103,583,5519,5626,2973
424,6677,3413,3898,4350
3776,6027,2773,3801,1215
6657,6916,5970,7100,350
4324,6470,8747,1302,7132
6050,3654,8457,7575,2298
2873,5212,7486
4788,1701
7685,619,8655,2769,4469
7170,7558,7956,7512,8831
7299,426,5742,2766,5405
6915,3141,4363,2129,4116
6465,3553,2147,2340,2019,2732,6224,2203,8188
7876,8965,5767,6005,8471
4545,549,6309,981,8121
2756,1587,7539,2011,2236
5234,3861,3158,4891,2238
850,4402,1108,5081,956
1296,1853,5703
2385,4449
1504,1614,2354,1847,445
2595,8966,4936,5353,6704,2199,2943
5131,454,8839
4316,3148,4271
8513,2689,5575,465,4113,6780
7715,8260,5516,8088,8636,7102
3290,6103
5856,2647
6049,5854
7330,1957,2140,6777,7644,8764
5354,5034,81,3960,5724
7169,6757,3209,8559,5361
4367,4241,5403,6366,6335
483,2384,3313,2999,6263
489,6675,509,4222
8034,6280,7019,5148,5852,2589,5823
5730,4875,496,532,1144,3708
4517,685,3132,1965,3319,8156
6786,5740,5996,7380,5950
4996,5573,4006,507,2108
737,2123,788,503,2780
899,6341,1320,6450,5658,2782
512,3663,4208,504,4665
8354,8231,524,8402,2965,1176,8411
2731,5531,1814,2967,4475,5532
8128,5955,909,4670
529,7030,7534,8319
2502,2606,8656,1937,5040,8095
4760,4585,7495
5664,540,4613
4407,2550,8950
569,8139,1191
2012,1150
4357,6583
3026,6827,6954,3287
5633,6028,5646,4529,8759
2288,585,5866,1535
88,4772
2061,589
4371,4317
5971,4739
4236,591,4598,4121,829
3782,842,1935,1688,2811
1608,1706,3818,3792,1271
7552,6278,1391,7994,7455
6594,1126,7433,1101,7289
5729,6983,7403,2190,3925
3521,5447,3120,595,6326
7288,9004,8431
4212,630,2623
1184,5644,8903
7089,3003,5023
632,8107,5214
6736,3904
1061,3421
8203,635
3684,5639,8977,6387,2612,1173
6986,4019,6421
8953,1242
7872,1298,5554,3738,2491
3552,3393,645,2318,3472
3266,1065,4170,5802,4720,5273
814,6389,5847,697,3199
1067,3021,646
1436,3204
7747,8109,7213,4563,8087
6955,5650,3299,7014
7904,7813,8838,6540,5468
3362,6345,4306,4245,5791
4966,6797,8826,6651,6940
7489,649,5974,4189,7581
3681,3874,3561,6670,4340
5991,8911,8975,4275,8725,8790,1110
675,7430,5543,2959,5941,3449
5479,7088,7195,4253,8158,7551
8962,4909,5202,8501,8474,701
4708,6249,3759,6674,5790
6659,1028,7050,3122,732
704,3882,4283,1019,1820
7397,4020,7190,8920,8763
6909,7150,8303
6733,3637
8715,7882,715
4304,3876
8042,4524,6390,7033,6942
8897,3441,6834,1078,3702
7172,6374,7689,7660,7663
3371,3665,7634,7573,2493
8768,5675,6788,599
8249,5635,750,8639
6120,1450,6443,4414
3504,7337,7272,8422
3369,6702,2735,2864,6872,761,8862
2617,6906,2834,4652
2761,2418,6689
2893,6662,7935
8579,8325,678
786,5043,3303
624,1606
2889,4223
8265,8932,790
2794,8155,3154
4864,3651,8132,1223,2222,8279
4003,804,1772,7189,5050
8776,1294,5364,8342,3641
810,812,3252,4600,3100
7203,3142,1798,4691,7546
817,948,2262,3099,6876
1542,937,1588,1240,3131
6024,2284,3828,4504,3069,8062
1037,653,1967,7540,830
868,5382,8915,8244,7477,8918,6774
2149,7629,7669,6905,6015
5500,6275,7636,5166
6274,1231,2495
916,7127
7459,3526,5672,5745,6685
7973,4904,6347,6990,6355
4867,8011,3888,1331,2451
8674,3011,5709,7249,6899,7197
7939,8647,918,8856,8575
2344,7465,4558,8047,920,5592,8702
6874,7013
6409,7955
4689,6053
1833,5257,2378,8700,4637
932,1832,3178,5101,7871
3301,7053,8366,5607
1665,946,4995,1964
2571,4251,4221,8643
3480,689,117,1686
953,954,1831,1687
3202,2850,6923,4044,2269,6431
5956,4873,7982,8945,6359
7620,5797,6021,7987,7931
258,2659,7236,7766,6556
6081,8570,274,3542,5562
3625,4302,7667,2554,8703
2626,2499,4826,2588,958
8388,5325,7504,6001,3028,1526,2071,5946
7755,7925,959
7058,6663
5312,5281,5037,8142,8504
7323,4847,559,5938,987
7908,5193,8175,5947,4959
8709,5735,6319,3443,8348
7859,6299,965,5542
6609,5123,4420,3051
7206,5928,8587,3342,7346,6745,8572,3129
8619,7471,3858,2387,8854
1408,4354,8621,6864,7420
970,7635,7059,4381,8510
7648,7589,8330,2968,3771
3109,8393,8394,7821,2615
8386,2339,6917,8454,7142,7606,2334
3810,6434,6276,5643,974,8534,4733
3507,7076,5563
5864,4813,2014
1281,4650,7659,4812,983
4744,4777,1801,1105,4851
7969,8963,7396,5075,8148
1722,8134,8479
721,1581
8707,8970,5579,5980,1278
8064,7343,8628,9013,5883
7192,4582,6637,990
5448,2113,5965,8590
7897,4782,1893,2302
8198,8678,5458,4185,3322
3744,1059,7141
2508,6284
6920,5001,3630,4943,1011
8649,4431,8245,1493,6425
6240,6515,4819
6776,6317
4805,8947,4532,8827,6687
3968,8257,5778,5431,3678
5442,8294,5450,4341,8060
3908,8967,7243,5902,5049
5986,2058,4205,5935,8083
8289,2716,2216,4497,6588
1120,7590,4718,2639,1072
6117,1865,2283,4279,5629,5151
6180,6789,5830,2186,1074,6619
5786,7499
6034,8262
7664,6853
2530,8007,5072,7186,8543
1088,4388,4074,8469,1561
5605,7367,1007,5395,2909
7040,4674,5255,1642,7725,7671
1089,7619,4839,7467,4780
1256,6698,6221,6352,3261,1118
1093,5159,6796,8851,6260
4570,1115,4127,2557,1759
4416,5510,1805,8658,3768
4673,4552,8497,4246,4886,4569,412
5476,8197,7253,6008,4477
5578,1134,3727,4344,6877
4610,1314,8423,5066,7370
3524,4106,4364,5262,7029
3233,3050,7611
8389,1143
7822,7924,7229,4510,2655
2433,8322,6068,3775
3585,4323,6500,5622
3273,7443,3892,8907
8793,5149,8573,7390
5642,6926
7096,8201
2363,4196,7837,5398
6098,4615
6048,6135
5136,1146,4771,3564
3427,3950,8847,4656,4631
4647,8905,1909,1147,6878
3939,3045,3628,3989,8286
3857,5595,7916,8335
7393,7187,5134,8519
7713,4429,2397,8284
1202,7034,7700,3479
6201,3081,3901,6550
7320,4258,1795,5807
8442,4795,3437,6631
8049,1157,1631,4919
5673,3993,8547,4556
5601,2314,8332,6487
7804,8774,6351,7223,8601,3548
6019,2694,5998,1198,8376
4480,3400,7693,7054,2294
8588,3475,7988,3574,3511,2941,5342
6795,1205,7875
4473,8210,4175
5825,8739,4903,5580,8716,7037,5245
7458,6222,7694,8726,1210,8028,4701
5712,8521,7802,1154
4905,1716,8150
1216,2757,1887
7618,4199,4335,7607,5470
8752,4009,5380,1221
2816,1225,2573,2161,156,5756,4445
5693,7493,4741,779,6124,1053,5017,6813
7681,8084,5597
1227,2164
6113,5793,8934,3816,2699
6148,1797,7217,6003,5884
6567,8328,6290,6930,4282
6528,6467,6790,6951,6793,2906,1946
8877,5518,2895,6800,1234,6558,2591
2488,4770,7807
2976,1738
1250,8846,1170
5648,1786,5366
1518,2866,9002,8582
5490,8499,1254
2272,5444,8390,6892,2740,8318
5282,8324,3379,8539,1277
4024,7194,1755,3700
4224,4097,7890,4052
7824,5489,1284,5784
6848,3659,8972,8852,8373,8728,698
3617,1285,7622,8971,4144,5917
3621,7528,7307,7286,5720,6205
8704,7079,2090,4811,4627
2178,7083,5933,8470,8159
1286,4602,8403,1338,1339
6668,773
5865,1300
8138,7579
5216,8172,5295,4786,3541
8928,8833,8267,1427,8151
5905,2748,6948,7044
6152,7835,5772
768,2409,938,4589,5332,5367
2660,4622,3315,7412,6167,1305
6561,417,7171,3470,8817,6966,6047
8458,3085,3615
1329,5401,3551
3649,5700,3208,6091,7179,14,1361,1332,8440
6085,3214,8883,8217,763,1341
5061,8553,5775,8659,7901
7718,2856,1229,6102,7198,8761,6398
1384,1068,4436,5142,6392
6692,7878,7123,5011,5435
7266,1357,3567,7087,6620
3242,1358,3695,7704,7513
1370,1900,3550
3201,8300
3039,4823
1376,7216,8384,7260,6972,317,2223
8981,5731,8773,7526
6591,7500,6857,6655
4499,4591,1405,6183
2208,8914,6742,7686
5026,1443,8520,7724,5436,8798
7424,4866,6695,3054,6479,1683
6287,1264,7794,1459,7509,8254
1473,4488,7410,4377,5978
7457,1481,8881,1463,7321
8770,1003,6635,1616,7891,4060,8927
7609,5522,1821
5640,3395
3673,7858,5426,8343,6649
5112,5811,4803
3401,1474
2568,874,2320,6040,8477
1568,5553,3187,2520,2044
2858,6349,8050,3218,7220,8309,8885
7846,7894,1719,5242,7549
8705,8194,1476,5412,5708
8940,6445,7419,8976,6203,6172,8671
4963,1484,5230,1873,5880,5055,7071
5130,8843,7247,4663,6904
9008,1705,8834
5570,6821,1487
4932,74,4983,8535,2463
3947,1498,4403,5215
6852,8805,7210,5995,6039
1649,3226,6603,7836
3692,4413,3294,3143
1501,5753,4125,8383
4249,7941
5336,8204
6624,1521,4165,1326
6952,5764,7789
8144,1529,5328
5897,7124,7764
1538,8803,6498,199,7727,7378,3196
5920,3112,8617,3503,7357,7479,8893
8066,7848,6730,5552,2833,1562
8232,3317,8717
4384,7107,1567
4738,6725,2227,3860,2646
1575,2184,6407,3436,6894
3041,8627,4500,3581,4895
8898,1604,7434,5323,7344,7128,6079
7268,8677,4264,5837,2747,4957
7072,6433,5922,8483,8622
2824,4039
7168,1612
1945,8179,6772,8453
2404,3281,980,7782
5249,4115,6385
5670,1640,8301,4852,8886,7231
2373,1097,6416,7480,7451,254,3103
7362,2946,6396
5761,5921,1657
8737,1730,6893,6162,5594,8223,1662,1439
2048,3586,3944,492,8530,1623,7771
2723,1668,8607,6769,6462,6303
7922,123,3846
2137,3675,5437
1699,5284,3797
4153,6491,7734
6216,7265,5705
6017,5224,4717,1718,5275
5794,6691,3973,8745,2702,7283
2120,8714,3539,3894,7519
4139,4273,1752,6233,3160
2631,6316,5454,8240,3217,8092,2911
8642,4415,8045,8282,5535
1776,7312,7221,7167,2399
4333,622,8695,2619,5439
7336,8650,7082,1849,5785
8264,1601,2692
3992,5018
4609,3190,7355,4860,1854
8456,6126,3667,3604,5368
3936,2691,5507,2829,181
3331,8593,6100,7065,6559
1889,1860,4011,7439,1212
3842,8258,3909,8844,7315
8866,8771,6245,7494,5074,6584,7773
6496,7812,5031,1868,6903,5498,3037
4257,5671,3528,7946,1869,6798,4399,6067,8697
3780,8868,4046,4022,4058
2309,5610,8938,8468,3097
1891,3172,4295,7984,3358
8931,5471,5256,3433,7572,3448,4927
5441,7555,1199,912,1911,3545
5537,8899,6820,2313,5901,2733,3093
7462,4791
6472,6330
8185,1941
7913,8730,4094,1950
6752,4548,7319
2532,7120,2705,4177,8604,3325
4474,6862,3423,5415
6144,4293
1960,2822
3761,8882,4227,4657,165,195,6681,1998
3850,3634,4472,3706,2045
6759,3188,7415,2875,7932,2046
4930,8236,4365,8276,7743
795,6643,6803
7273,3219
4560,513,6379
5121,2051,4669
1152,745,5521,3346,2299
6080,8548,3710,5583
7237,8525,2052,5445
5313,4581,3626,7276,2077
6507,7885,4732,8574,447
4099,3340
5536,7181
7136,6281,4082,4982
8645,6441,5805,8888,2878
6912,2688,7046,2894,7028
8672,7373,1744,8561,5716
4418,3554,3540,4857,2110
3013,6440,5613,8850,7422
3171,4492,5487,280,2111
7274,2956,7728,2034,5428,1334,7386
4802,8683,8652,8532,2135,6362,6423
8426,2525
5393,6614
8280,8202,1411,2167
4138,940
8618,876
8667,2173,8487
4553,7596,604
7561,1653,4173
1643,8323,3356,7061
5702,5527
5609,6706
8352,2177,3619,5132
7556,1160,8302,8370,2194,3285,8094
3657,1042,2386
2212,5068
3520,2350,3923,6566
8802,7331,4498
4828,2429,2229
8810,6836,5303,5725,3166
2500,4167,2674,4661,8599
4448,2241,1324,5365,1691
3616,7469,2252,7845
3176,858,5588,2254
5890,8873,8557,6766,4880,4698
5120,3460,7853,2292,2940
3296,1346,519,140,8979,7796,5464
8736,8345,4815,2296,8441
5253,4841,7978,3820,7550
3650,2324
5016,8472
6454,1769,7530,2326
1986,5063,2362,7151,8405,8602
6153,3978,2989,4183,8605,2366
8708,4332,4081,7954,657
8009,4969,5305
6242,7340
4968,4972,2381,7856,7125
6744,3169,5107,2407
5760,7732
6424,4163
902,7251,2286,6151
4192,4632,6020,8711
4967,2600,8399,2422,4696,6393,8030
8800,1394,725,4444,8380
6648,5147,2485
8584,4617
5606,8146,4949,7927,2431
6592,2444,5174
4160,6073,2583
2744,2449,8806
2762,2242,8492,9014
2460,3853,3582
5506,7395,4836,8614,2027,7548
2000,2465,6639
3597,4287
8355,7047,1288,8875,6070
2472,5093,2901,5862
6616,6802
4601,8079
2667,6612,3038,6647
4520,5722,6511
2505,4994,6623
6334,3510,2518,8959
3827,7677,8310,7918
8741,6826,8537,2523,3838
2696,5392
6699,2541
2855,7211,2347,2546,8692,6325,5759
7264,8451,5386,7855,6867,6585
2547,5820,6077,556
3352,8485,7431
8784,7602,8792,1589
6953,5220,2558
8465,6859,5181
6929,7612,7740
2578,3629,8902
2786,3844,3174,8727,1944
2624,4537,7043
8681,7427
7754,2635,535,8987,3498,1646,4724,5495,5372
7175,7502,2670,4307,3635
5587,2971
7675,2669
5352,6411,6289,6418,6291,7162,3998
6471,7113,3212,7665,2706,6322
6634,8815
9005,5183
7301,4551
5859,5381,7818,6732,3088,1973
7779,7979,2992,3419,7358
4878,1233,4146,9011,6711
3234,7529,3916,6680,7134
2722,7748,3953,8338,7133
1770,8364,5117,6046,3263
3600,7929,4716,2767
3911,7117,3821,6708,7511,6650
5766,6514,7892,2775,1630
5696,5346,6672,3991,5434
7753,5559,4984,6174,7263
6208,7147,5358,8213,7384
6184,553,1219,1447
7122,3724,237,4623
7784,2809,4516,8848
8861,2102,1038
1816,4193,2818
7849,7948,5103,1878,3095,7481,3740
4938,6572,2830,7023,6161
6882,5060,3974,7334,6599
8986,5612,8781,4478
5330,7418,4089,4495
4104,5098,4501,2831
3001,7020
4992,8633
6756,8372,2860,4255
5241,1429,4191
3970,4141
8143,7632,2867,4084,6007
7475,4596,8661,2870,5815,888
7073,6830,5397,4790,4604
6243,6060,8748,8508,2879
7937,4331,6667,2927,8243,8855,6296
8401,8930,5443,2949
2714,5621,5270
1163,8786,6841,8181,7383,6617,8542
5539,7719,8466,4756,8247,4639
515,2950,7080,8969,2351,5329
1130,2964,7653,7869
4742,7246,8767
3064,6885,7975
8104,8595,5840
3321,6716,7638,7031
4980,8476
7454,3111
5155,3594,2765,6837,8443,3135
8807,2664,8400,8853,3164
3910,5478,3146,6636,8334,7952,4922,6587,3165
8075,7468,3286,8879
3736,6116,1733,8278
8016,3192,6269,6880
7328,3718,7496,5097,7850,3958,5686
3484,8698,7292
2563,7108
8836,3270,7947,3375,3609
3812,4014,8022,7642,3611
3367,7881,5002,6002,7258
8929,802,3843,7757,543
7944,7759,4624,3216,3483
6606,7951,6165,5432,3225,5052
4070,4427,5804,3245,7091,2196,7893
8997,7016,4041,4369,4991
5062,5545,5321,4685,5909
3491,2897,8051,4376,7674
7525,8841,5457,7834,7391
8429,5748,6231,3259,8796
7140,3272,4042,8906,6642,8756
8804,7492,2290,8884,3519
7803,4037
4986,7341
4234,5915,5293
2402,3335,6970,6043,2300,6237,7870
8067,7591,5831,3370,6282,8527,4693,1403
8296,8753,8694
6200,6524,3374
8585,332,4182
3377,8755
6978,4700
7738,8115
6720,4386,5683,8052,7739,5407
8003,4428,5989,2023
5504,3398
7816,7710
4352,3425,8419,4233,8778,7960,6365
4834,6980,4112,3889,8762
4641,4808,3439,8086,4248
1540,3461,6154,8857,5119
8998,7257,3836,8222,7423
8103,2983,8041,7915,3468,7854
8515,5773,7183,400,6065,8382
3971,6526
6984,8606
6539,3518
7441,6574
8769,5524,7413,3495
4893,5460,7157,4079
3298,2727,8777,8564,5335
3530,6032,5297,4722,4763
6562,7295,6919,7517,5375
4117,8183,7097,3035,2303
3254,7510,8958
7379,5053,3535
8994,8516,3538,8340,6710,6270
6038,8910,8191
6232,7369,1789
8435,4030
7673,8153
5546,5406,6607
3568,7976,7021
1734,8432,1619,1172,4926
4849,3603,5100
4034,4710
6088,1898,2708
3955,3686
6600,6683,3696,8631
3704,7905,7536,4439
8424,2153,5868
818,3711,8735
6437,6215,1610,1516,4877,6426,1531
6346,4911,2128,3731,4181,1598
2258,8503
3755,8356
4512,7722,5099,3756,3308,8374,791
3117,8685,6130,6004,2359,8733
7490,7655,7371,8207,3765,8124
3808,8068,8085,4766
4145,5186,6371
8227,3814,4456,7756,6481,5873,8634
7026,6963,8180,4925,3647
3881,7633,7570,8502,4023
6627,8775,4303,7695,5114
4401,1122,8933
5964,325,3884
5616,7017,3886,5624
3913,6997,8238
6536,1455,4508,8603,6844,8926,3935
8129,5387,2510,5718,7992
8489,8746,3795,7958,3229
7116,5232,7377,7767,6169
3489,8452,5972,4952,3897
2276,6661,4999,8077,7092,8724,2517
7081,4525,5841,1972,3934
8551,3048,5582,4343,7452
3976,3682,8788
5209,5505,4437
1697,7770,8563
3144,5185,3979
5850,5788,2604
7269,8037,5452,3288,1882,3997,3487
8992,962,7366,169,7923,4346
4000,3865,6522,5115,1596
5792,6458,6464,5877
7314,7707,6286,8306
7482,4396,5710
8076,4902,3831
4016,7241,8288
5754,8347,6188
4459,6293,8215,8760,2425,4027
4129,6311,1167,7736,6811,3964,8127
8105,7887,5264,8629,7989
5223,4040,8106,3982,4814
5827,4298,6604,2256,8723,8820,4054,7868
8512,6432,7643
4085,4818,3589
993,8626,4101,9006
7819,6764,4108,8523,1266,4148,4506,1660,7806
6503,1928,5417,2445,2608,1905,2837,2008,1084
3145,1806,4466,9010,3065
1923,6122,4111,1843,2390
6976,6273,6324,7193,6206
6831,6994,7414,6621,5887
6854,7114,5994,7062,4348
1984,1925,1818,6459,5855
4360,8968,6283,7801,4114,5619,5881
5699,7749,7942,1422,7408,5497,4122,5660
7104,4676,6538,1194,7152
4290,6723,7207,7986,5082
7936,8101,4137,6259,4855
4800,8904,4729,8791,7545,4157
4198,8908,7084,6228,6709,6262
4195,4285,4965,8982
8314,8407,4311
4312,7731,2883,8439
2980,7597,6045,3239
5152,753,5477
7296,4329,1414
7487,4463,5046,7832,7322,3871
8001,4359,7055,4658,8054
6760,1307,3223
8956,4397
6633,8581
4292,4421,4752,6170,5667,6563,2543,5680,6911
8192,2924,6191,4464,7067
4705,4482,6406,8872,7733,6518,8311,3798
3385,8923,2932
6258,4607
5744,4921,8549
7616,8832,4630
0,4636,8164,4485
7126,8268,8277,5990
7745,4648,3694,8750,6992,6267
6211,5188,6534,7608,8668,6654
8048,7473,4682,5455
8891,7303
452,5404
5158,6982,4713,7407,5848
4704,6785,6236,6118
1368,2145,5960
4709,5879
5260,7852
5739,4747,2796,7075
8137,6190,942,4846,8190
5509,807,6295,8252,4062
5122,3592,6157,5817,1467
1696,7651,7064,3257,4956
5898,7758,5334,6520,7961
4868,7983,5849,8794,8894
8640,4961,7971,6508,3247,6074,382
2535,5287,4939,8015,2323,5561,2813
4970,668,6213
5571,5438
8801,6251,4976,5299,4758,8255
5508,8357,5486
434,5020,5070
8368,6323,8660
5637,1940,8829
8592,7641,8710
7239,5356,6129,5051,8830
4067,7662,7406,6128,4338,6111
1793,7720,5065,5292,6845
8462,6767
5091,572
6531,7817,5688,6075,7388
5128,8779,1490,8312,4989
4565,3632,8749,5135
4424,6057,7507,6851
5355,7668,7063,1080,6815
8116,5156,8166
5466,6724,3462
3872,5799,5191,6375,8495,6579,5654,6142,8351
3920,6340,8111
6936,6833,6873
5480,8849,6452,6712,8026
8809,5936,6739,8916,2364
6823,3890,2132,6805,6809
6913,8554,206,3824,6646
5226,6701,7761,6097,7829
8609,8043,8118
3277,3917,5229
5288,5869,4230
6597,8070,3018,8874,5907,8917,6713
8035,5385,5993,8751,8889,6011
1136,2096,5410,7090,1058,6044,8046,8287
3057,8460,8061,7111
2056,7259,5419,6808
3952,8865
8283,5502
4872,6369
2704,6356,8437,7164,6014
1857,5577,2367,479
5593,7553,484
6640,6225,6428,7769,6394,6012
7464,1961,5550,6835,3578,5628
3193,6179,4310
8550,1807
7565,5647
7404,6973
8251,7623
7790,5719
7400,5736,8973,6093,6328
8371,2580
637,6029
7425,7154,4410
5984,1554,6941
6248,5750,8230
8008,3403,7628,4653,5781,4118,7706,2587,2524
1635,4797
5819,7772
8081,4327
5473,8098,8291,8743,5959,5834,8824,5246,1791
3715,8772,3573,5839
5032,5530,8036
499,7646
3305,3339
99,5867
4896,5957,7815,6735,1076
3264,4915
6344,5344
8552,4844,7318
6018,5892,6855,4169,5707,8722,6682
2412,3091,5484,8780
6376,2125,7350,2279
7209,5906,6828,4678
7282,2803,7093,5911
6474,7363
5024,8163
8195,5668,6022,8234,4754,4861,1311
6544,6051
6403,8123
7841,7967,7903
3384,6497,8120
7544,6477,7831
8165,6729,7899,4219,7805,6062
7762,6715,6107,5047
4764,6589,8263
6817,5102,8887
408,4635,6653,6119
6168,4625,2514,6967
7057,1188,1796,6791
8993,5925,6602,8396,2094,6139,8511
7130,7826,5276,7375
7537,6363,6140
7488,6944,7781,998,7626,7531,7566
7297,8556,7600,2929,7218
6178,7205,7398,3477,3292
3140,3365,7338,6220,2745
8922,1387,5258
6250,7883,6629
6265,7298,5549,526,6457,4383
3248,5770,8012
7568,7138,5474
5715,6292,8679
6840,6466,108,2352
5377,7042,547,7652,6575,3832,7866,6490,6141
6568,5171,8205,6064
8496,8449,7518,7604,6638,8214,2806,8494
8871,6354,8787,7483,7614
576,8362,6765,8505,8541
2080,2610,3338,7437
5665,6850,8365,8486
7009,6818,4645,7095,6747
6947,5322,5267,923,7039
6372,8648,5968,4979,4664
1838,7472,8946,6965,670
5221,5638,8808,8701,8638
7776,7010,4954,6446
8555,7177,5627,5685
8713,7930,2877,4990
6664,6163,7285,7478
1514,1506
5078,7294
8880,8434
8896,5512,7497,2121,8924
6298,5809,6577,8307,5429,7541,7542,2074
1762,4392,8078,7793,5649,4505
