3616,4925
7344,8609
5436,2438
6882,6709
8039,8360,6599,8618,8683
2425,6507,5323
7201,8271
3077,1097,8780,7991,8312
7268,5128,7415,3229,447
3557,6254,7128,7865,3838
1536,2728,4427,2125,4703
7013,3974,3917,6325,8667
6053,3242,5612,8180,6079
8259,7749,5770,5139,729
4521,2539,2510,6228,6262
5893,4264,7598,4335,2002
8099,5188,4581,3277,6267
3493,4017,7255,8251,5244
3466,1490,1399,4989,5886
5369,2344,4654,7827,1625
5090,2724,4767,8565,2559
6018,7271,6031,3795,7958
5857,8226,1989,4806,1778
4453,2471,5554,3698,1495
4748,5580,8716,2477,7633
2885,7563,1358,7448,1724
6695,8973,3054,7409,8056
7618,8164,5931,4368,6933
251,8363,1991
5129,6549
2754,3127,4024,7194,1277
2436,2188,6958,5713,6554
7424,4395,4593,1718,6207
2053,5318,3647,5137,895
6401,5891,4425,3977,7126
7277,7696,8722,8532,6968
1346,7715,4717,3728,4218
2914,4643,4230,7578,7583
3713,4451,5363,694,3032
7682,7334,2537,6572,2654
0,3721,6898,4595,2644
5232,3987,1914,4379,8478
2602,5387,4050,2804,2421
4737,2067,1435,217,3227
7265,7649,5224,5548,5755
8520,8154,2687
6017,863
2996,477,6871
4204,2917
8397,7950,1713,5654,5275
1543,1767,1142,5878,2523
6501,2962,8979,1747,1438
4869,262,2221,4942,951
5519,1681,4103
2065,2793
4707,5892,4843,4945,3005
3719,3788,4974,2995,2973
3010,4394,6192,5626,4955
583,424,2603,6677,3898
3776,5191,6027,2932,4350
97,98,869,1852,94
2773,3413,3801,4026,1215
5347,2031,1973,5624,1882
8095,6997,5616,7623
4440,7259
5280,2789
6130,5566,2820,7790
6896,7190
3864,1455
8404,8252,8685,6887
8,1461,5719,6615
8818,5779
6842,8813
5419,1452,7404,4150
8402,8354,5301,8822
7432,6673,5843,1955
2683,5533,2957,3671
1811,5532
5168,2967
6548,2461
2457,5531
1952,4284,2316,4215
3621,998,1610,8214,344
1160,4352,6426,3097
7528,4713,8556,8236,6225
6944,8194,4877,8849,7604
8227,4329,7536,6715,8348
8579,7566,6833,8243,7220
7600,786,4181,6712,4958
5158,5480,8779,4529,7218
4327,8424,6901,2229,7743
3780,2288,2929,7314,6035
1348,7205,8149,5557,8280
3883,7407,2127,3573,6133
7398,5482,3890,7446,8895
6464,6823,4138,4112,7772
7867,6739,3477
2128,2934
3778,6346,1683,4437,1662
3365,7464,4618,7024,3358
7297,8174,7349,1558,7707
5152,5513,1970,4946,8189
5163,5009,6514,22,8825
6560,7074,3464,5975,8447
5505,3593,8239,1469,1439
1443,3688,5936,4817,2173
4911,8094,1977,8026,5918
7657,7690,7051,3312,4543
8004,7078,4457,1836,8912
7364,1353,8568,3644,3711
2927,7765,4726,5655,5013
5632,6146,8297,6226,7101
4892,2472,6638,6646,2364
7338,8302,2194,3285,7799
3976,1961,5209,8891,5630
7937,2561,5943,7450,4667
7587,4133,2024,6738,3224
6244,4522,8688,8464,8789
585,6220,6870
4680,6928
7333,3942,4871,7917,3666
8161,4561,3731,2039,1787
7712,7161,5324
5116,6468
7532,3501,1709,7928,7902
4000,6662,3303,5043,6717
8449,1740,2868,1980,2783
1516,6701,5071,4438,58
2745,6394,3292,3357,7838
5289,1741,1742,6097,6878
292,5096,5264,1781,2328,7546,1757
1186,1827,5095,1246,30
1248,2567,3420,1694,1823
1250,387,37,8902,1786,734
8032,4900,4078,2293,5366
1824,34,295,1017,1693
4898,8549,42,3642,2814
7616,3459,4630
5744,8832,7999
4234,3146,8334,7285,5915,5471
3433,1898,1199,2845,4927
2162,3955,6163,5970,1501
2786,8931,4324,7470,6039
6916,8138,8747,7919,1302
4482,3280,3448,5753,8383
6470,6152,8457,7575,7354
7691,5336,4249,2298,7966
3335,3734,5080,7353,63
426,51,2873,5212,7486
3654,912,1911,3545,7132
6657,6307,1701,4788,4469
7558,8720,5236,7956,7512
7685,619,2129,2769,8831
3844,3753,8204,5742,1944
8321,6050,7555,7299,7170
6915,7941,5256,4363,4125
3141,2766,5617,5618,4116
7841,6497,6051,6922,888,8123
8617,4889,8066,7363
3384,3225,6730,7848
5432,2860
5552,7544
1569,3503
68,7293
8053,5052,6606,7726
7047,8043,7469,5650,6070,7704,7932
5705,4492,8948,4565,6142
3138,6917,6216,74,6075
2689,5575,465,280,7513
8513,5990,8277,8088,3290
8268,6103,2647,4636,5854
5856,6049,2338,5516,7102
499,7918,6334,5619
1042,99,3510,2518
3305,3827,7677,8310
2137,123,3846
5392,6131,6238
2680,6699,7629
128,2882,4837,5166,5500
8096,3594,3888,7127,2495
4867,3526,8011,1331,7703
6215,2858,8075,8117,8792,1596
7846,8906,4815,8784,7549
8736,6340,140,8756,5877
5220,3498,3820,7796,7894
8441,3592,4841,2296,8345
5253,3272,7978,8050,7550
8933,7783,8905,8303,5913,2012
5265,7786,715
5195,3637
7172,8904,9000,2094,144
3950,6479,8763,1147,8958
8996,6374,4524,1909,6942
8544,8643,8712,8017,3480,4251
8324,2571,2891,689,8692
6176,1411,5263,7992,2525
8130,6658,5699,8038,4221
2278,4592,2710,150,1727
1664,8392,6858,6895,1365
5829,8526,4688,2512,6741
2377,5453,2226,6198,5339
1381,1831,1687,953,1374
2462,5064,495,1686,8126
2629,2630,5423,4853,954
8762,7758,2407
7064,1467,156
2286,8242,7251,5530,6141
5377,7652,6982,8370,5022
8033,8706,6020,868,902
5924,4616,6575,8915,4632
4163,5297,3639,6456,7866
6562,6919,5706,8719,3825
160,6665,5678,3832,1117
4192,7523,8141,6032,5111
8930,4386,5443,5989,8401,2714
4227,165,3761,6674,2715
8037,7269,5452,7662,6128,3487
962,169,1391,1361,4346
7232,8290,8901,6313,8203,4172,7666,7641,8829
6736,8592,5046,4091,8222
7752,5449,7055,7895,7032
7011,6381,3406
3329,3123
8367,3474,8341,3421,7709
5639,8167,8977,2454,3162
6308,2342,6570,2482,2612
8448,7688,175,2265,3450
2169,4483,4913,1173,7257
2016,6387,7508,2331,3004
864,7535,3378,4373,7839
3684,8653,6196,6137,635
5765,1774,4947,6771,8444
640,2467,8998,8842,5853
2240,4515,5420,6605,438
8258,2691,1667,5932,7315,181
8836,4645,5097,6639,6941
2953,6994,8022,184,2909
6661,3751,5328,5841,8724,2711
8551,7081,5582,5907,5459,7452
4071,3934,1682,8500,7993,190
3322,8803,3196,4267
7858,199,6498,8343
2309,8778,8325,206
3578,133
4354,2132
1542,2248,937,2219,2669,2670,6160,881,5653
6309,2735,948,218,2205
355,1671,392,938,1240
2087,2645,3607,828,510
3237,2920,241,2582,4318
2116,3023,372,2841,475
3106,1958,1959,852,3102
834,743,3608,3452,3455
4523,2069,4890,859,2751
1380,3207,2823,1679,212
3973,7750,1030,8714,8112
1936,7965,408,214
4216,3105,2738,3185
7745,8129,7591,8527,5238,1403
3694,8067,3370,3878
8283,709,5502,8783
565,6931,6181,2158
8596,8071
4461,222
4740,7069,1750,7215
2233,1850
5164,6134
4320,1586,6669,1566
6826,1934
4597,1717
1921,227,1933,2759
6405,5704,1801,4776,3179,1519
2758,231,1929,1524,7931
6874,858,8788
3700,3382,7447
929,2978,3022
2585,2666,2827
376,2237
2919,1576,1676,1548,366
5481,2218,848,2107,2109
871,235,3279,2225,853
1025,706,2371,740,2118
2083,1155,2372,360,2679
6436,1674,3565,5008,1564
2251,3760,370,3383,1052
3108,7592,593,3222,3933
612,1418,1038,8598,1692
6641,3834,6610,8591
3896,3115,1579,236
5424,3931,3126,2327
6184,553,3724,3302
1219,4623
7122,237
7784,2809,4516,8848
7777,2180,2478,4434,7474,7382,5174
7906,2089,2972,7001,8316
2437,4277,8057,2043,894
358,1863,5198,243,4187
1888,3748,3180,471,3705
5091,1830,4648,8462,7377,8061
6211,6531,4391,8169,6061,1917
6625,4578,6626,4973,244,1525
4809,1770,7736,8188,5117
7100,7675,2617,6811,3964
6465,4225,5217,1571,5308
2834,4691,2262
6084,4503
1655,6224,6551,7996,1629
7876,8965,3982,2864,8471
6689,2019,5767,6005,7006
2971,3369,981,8121,3131
2756,549,1588,247,2011
2469,3183,977,7539,3099
1584,4402,3861,2235,2238
5234,1587,3158,4891,2236
4545,1932,850,1108,6235
4449,5703,4906,5081,956
1504,4514,1614,1296,1853
2385,2354,1847,6391,445
3589,2373,5131,6416,7386,6780,254
5761,2946,7362,5921,3716,1657,6396
258,4873,4396,1136,6431
4935,1513,5074,2418,6876,5310,8127
265,1677,978,3283,5367
1377,1545,3182,1918,862
1829,5007,502,3928,2459
6726,1834,1235,2104,927
8000,3402,3186,2812,1565
2340,4210,2778,2842,1503
738,4356,3142,2923,379
5426,4060,1447
1616,4758
3395,8234,8305,8690,7609
7782,5640,6635,3673,6649
6533,8519,6251,7891,5497
7840,7428,5894,8153,3803
3269,6022,2474,4976,1821
8195,8909,6040,8477,6399
2922,2570,4124,1237,4572
5376,2210,5812,4087,2750
2084,3238,841,2921,466
4321,6890,846,2520,4188
1568,844,3187,3577,1373
2082,3791,1140,3454,3007
4393,267,3662,4531,4086
6786,1320,6026,685,5690
899,5996,3319,8765,5950
5573,1994,3132,8758,8156
7240,491,4539,4605,2782
273,3299,4006
4049,4229
490,271,5586,4339,4606
5089,4076,8941,8943,7380
4262,3785,4588,8047,284
872,300,303,6384,2041
4528,3284,5207,5208,2042
3072,873,3856,2553,5402
1691,4367
3253,4134
6777,7330,2140,1957
2659,6310,3539,4570,4827
1825,1581,2862,2642,2557
297,1262,2671,695,1022
736,1050,4326,3020,1466
5088,4998,3025,5239,1274
4322,2124,857,2106,2844
289,1278,1015
836,2742
3397,3355,2490,955,1919
2918,2255,469,473,7515
3783,2825,845,9015,3739
644,4077,3566,3090,1721
7108,3533,6221,1619,3348,7962
294,7982,1105,3282,3927,1784
4550,3531,7595,2828,4213,2905
3075,8366,305,441,443,3516
712,7577,4684
2672,1689
5603,4647,7946,6067,5141,7479,7801
6338,1968,308,4599,4059,7325
7975,5549,7246,5967,6904,8379,8767
5764,6885,6380,8701,5535
7554,8873,5677,6768,311
2992,5425,7111,3219,4709,6711,4135,314
320,935,3411,2675,8821,4694,8760
5810,325,1122,8847
7488,4656,4157,4070
3884,6733,7150,7249,4631
6161,2429,3095,3704,6909
7905,3011,5708,4304,4828
3876,7882,8715,2350,6390
8897,7939,8042,1078,7033
4331,7660,3441,6834,3702
8419,7689,3371,7663,2493
3140,3665,7634,7573,1535
4705,6406,8872,6542,7376
2693,7052,1356,3798,8381
363,6109,2062
472,2503
3456,2088,459,365,367,368,7417,2203,5087
8292,3909,4170,7599,4720,5270
1860,697,6389,5847,5273
646,1067,817,860,3199
3021,814,3184,5780,374
3204,2949,4978,5621,1436
8576,1061,3068,6194,380,8605,7423
2105,643,3461
1434,3523,3836
6446,1838,7472,2292,6774
5561,7477
5960,5382
4698,382
5120,7930
2940,3460,7853,6766
4579,395,6447,8339,6516,2997
838,8651,1885,397,6461
3586,1229,1266,4148,7933,4542
2856,8761,8607
6769,1623
3430,1384,8523,398,4436
7819,5965,5142,7806,6303
6692,5546,2578,1592,4506
7233,7842,6764,6929,7348
6121,1068,3629,3772,893
832,2916,4108,1840,1595
2313,5486,8368,400,3093
8899,6323,5070
8660,5020
2273,8674,4420,7626,3443,404,1598
965,5581,5735
6299,5542
5123,3051,6609,7859,7291
8291,5959,4552,5834,4183,1791
5473,8743,7253,4886,412
8197,7311,8497,4246,4477
5476,1134,6805,8824,6877
5578,3978,3727,6008,2366
6820,8357,2983,3913,7854
8103,8041,7023,434,4791
3715,452,7303,5032,4682,5404,7197
6629,5258,7883,6250,4271,8922
3171,3013,2956,8850,3286
807,5613,4062,7358,2943
6432,454,1387,4818,4085
5647,1807,4310,7319,8190,479
6179,8550,5577,7565,7164
1281,1093,5797,6021,6545,4851,7283,8024,8764
8134,4777,8851,4661,7519
8417,7280,2355,3415,3039
7396,6556,6757,6841,7644
7139,8745,3418,7098,1759
3360,5961,8970,3894,8409
8707,7236,721,6233,8479
5354,3960,1115,5724,6335
7169,3209,5034,5403,5980
2787,8559,3313,1722,6366
483,2384,4241,2999,6263
8963,7569,6675,6359,5864,489,1324,5361,509
1120,2716,5852,7019,4497,6588,2589
5730,4875,496,532,3708
7590,2639,1072,1144,5148
6341,1965,3663,6450,5658
512,507,788
4208,4996
737,2123,2108,503,2780
1242,6986,7422
7872,1264,6421
3552,1298,3317,4665,2491
3393,645,2318,504,1755
513,3427,3462,4360,2794,4223
8932,1606,3154,6452,790
3338,7292,6029,8615
6721,6273,515,3270
519,7756,2893,7668,5242
7910,6536,4508,6973,8926
6844,524,3886,8124,3935
6243,526,4383
8128,5955,6566,7030,4670
5920,909,7534,529,8319
3634,8754,1646,8855
8081,3850,2045,535
3792,14,1271
4585,2212,8030
8084,4613,2502,7495
4760,5664,5068,540
8288,8614,4139,1806,2000,1905,2580
5329,6122,7719
2120,7082,543
8640,7282,547,8564,4517,6424,5740
1696,3169,6116,1733,2386,7093,8278,4407,7454
6474,8139,7468,8950,6269
5474,4357,1191,569,1150
6827,3736,2550,3287,3192
8016,6954,6583
6880,3026
4739,589,4371,5971,4772,4317,88,2061
4653,4236,5973,2326
5016,1769,5507,8472
4121,2811,2324,6454
7530,829,3782,591
1688,842,4598,1935
7552,1608,3818,2606,595
5447,7403,1101,2190,7455
8768,5865,8974,599,5498,7803
5635,7272,7337,750,8249
8422,6120,1450,6443,3504
6114,5670,6728,624,1653,3356,604
5112,4803,8301,8886
1640,3401,4852,7231
3281,5522,5811,1474
4212,7924,630,8711,3223,7288,2623,8431
5024,3112,8396,5644,5434,3003,8511
8903,6602,8107,7089,632,6139,5214
4966,1288,6540,559,5938,4563,3669,5881
3874,6345,4306,4245,5791
6670,5468,8826,6651,6940
7489,3362,649,6797,5974
3681,5733,3561,4189,7581
2284,3069,1967
6457,1037,6511
7298,653,7540,6265,8062
4880,8240,670
8808,6965,8638
1705,5130,7419
5570,6821,8415
492,3567,8212,5941,6392,6398
675,5543,1357,5435,6620
6848,5185,4770,1697,8972,8846,1170,5047,7807
3628,8435,3989,5595,8254
3659,6607,8399,1233,7794
3857,8852,7509,2488,4030
6393,5406,8335
7393,1631
7976,5134,7187,8284,2397
7713,6287,1202,7700,3993
3081,4429,3479,6201,7034
1795,3901,4556,6550,5917
4258,6631,5807,5648,7320
1157,7622,4919,8442,4795
5673,7021,3437,2422,7673
8547,2314,3979,3568,8049
5601,8332,1459,6487,698
7521,2708,8655
7088,5202,3541
4909,5295,8501,2748,8158
8962,5479,1427,8474,701
7281,7050,5683,6407
8008,6249,5790,3759
6659,1028,8165,3122,732
6729,6062,4283,7805,7899
704,1019,3882,2587,1820
1152,6788,2052,745,5521,3346,2299
6080,8548,5445,7237,8525,3710
753,1506,7307,6205
5720,1514
5457,7323
8862,761,3175,6872,2761,2524,4652,6702
768,7044,6948,3686
7836,5332,4589,8311
1305,3315,4622,6167
2660,5772,7412,6088
7720,1937,5593,1053,6111
4741,5040,3120,8656,3925
7681,1126,6124,5017,6813
7493,3816,779,7217,5597
6148,5065,2699,1227,6930
6567,5292,7406,6003,6845
7553,5793,3521,8934,6326
6113,1797,8328,4282,5693
7699,6668,8727
5216,8267,782
8928,8833,8151
7425,5794,802,725,3958,2702
8776,1294,3641,5364,8342,6105,8668
4600,6065,810,3252
6946,812,3100
5698,7304,6028,8152,8735,6178,5866,818,7411
5005,4590,2575,5391,7383
2661,7143,1550,825,4382
2866,3038,7718
4504,2505,5722
4994,4520,830,3828,7198,6623
5313,4485,3626,7885,855
3944,874,4754,6612,2044
6803,7636,6015,8443,6367
6274,6275,7973,1231,916
7459,5745,2451,6685,3135
135,5103,7026,918,6815
6305,8647,5709,8856,8575
5768,7724,8983,8502,7351,4285
4965,8327,4558,4689,7955,920
8800,923,3375,2096,5750,7414,5147,4348
2950,6248,4617,7114,6648
5539,4756,4949,2485,4664
5606,8584,8146,7927,2431
1833,5257,2378,8700,4637
932,1832,3178,5101,7871
1323,4534,7887
2122,1317,1325
946,2147,3301,5607
1665,4995,1964,7053
5529,6836,3261
7766,274,958
6081,4302,8570,8148,3542,5562
2626,2499,2554,4826,2588,2269
7904,8068,4046,4114,4766
7296,3085,7504,8916,1526
6371,8388,5899,1685,5946
6980,8554,5325,6001,3028
5186,6663,1511,7755,2475
3808,5281,5226,7058,959
5312,5037,8175,8504,4959
4641,7908,4808,5193,8817
7813,8838,7305,3439,7925
8142,3889,8086,4248,5947
7480,8394,8678,3911
8496,8587,8355,1630
7346,3129,3858,2387
8619,5862,8854,7471
5093,6802,7420,8621
6864,2901
4601,8079
1408,970,7059,4381
6616,8330,7635,3342
7648,7589
2968,7821
8393,3771,3109,2615
1878,3810,2334
8386,5078,8454
6434,5643,5776,8434,8085,2655
6276,974,8880,7606,4733,7294
2404,3722,6385,4115,980
5249,2568,6731,3473,8569
7496,1843,622,8695
4650,4333,983
5991,6024,8975,4275,1110
4582,6637,9013,1660,8893
5448,2959,5011,6102,990
7266,1893,7878,7430,7087
4782,7343,7192,7897,5883
2113,8590,8911,7123,2302
2889,3755,1003,2667,2223,6614,1311
7216,8384
7260,8503
1376,5553,6972
6240,8198,4615,5671,6217,5458,1589,4185,3615
7243,1059,2508
3744,1329
7141,6284,1011,6966,3551
6920,5001,3630,4943,5401
8649,4431,5935,8245,6425
6089,6317,4819,1493,6776
4847,6515,4532,8827,6687
8458,3678,5431
8257,4805
8294,5450,5778,4341,8060
5986,3908,2058,5902,5049
3968,5442,8967,4205,8083
5731,7526,7500,8539,3419,6526
8865,6857,1040,5107,7767,6169
6655,6183,4591
4499,5060,1405
2208,7686,8914,5972,6742,6591
1058,5030,799
7336,8369,7949
8650,2156,5439
8993,3970,6760,6633,7229,2303
2433,4323,6117,5622,5629
6500,3273,8907,7443,7390
6180,3892,6135,8793,8573
5642,6926,7096,6619,7837
6048,8201,6098,1074,5398
6789,5830,2186,4397,5151
4896,1076,5957,7815,5867,7646,6735
5792,3682,8809,6640,6835,987
8487,3824,2771,1080,4058,6012
7620,5579,4044,6260,1561
1088,4074,2614,7095,7039
6720,4674,4780
1642,8364,3263
3600,6046
1089,7929
5255,2767,4716,4839
7328,8929,8007,1928,6503,7850
3201,4287,7154,8542,4127
3160,3609,3611
8466,4014
3367,5002,7947,7642,4639
6831,1554,8247,6621,5887
3597,7757,4111
7258,3843
2465,6466,6854,7241,7062
1984,5510,5994,1818,6459
1925,8230,7759,5785,1118
4610,8423,7889,7029,7771
3524,5066,4106,4364,5262
3233,3050,7611
8389,1143
3585,5925,4117,2363,5149,4510
4771,4196,3564,5136,1146
3266,7203,2732,8629,8663,6906
3553,4706,6578,6676,7159
2307,8106,4814,1167,7989
4129,6311,4040,8105,5223
4902,6698,8076,5710,1172,3831,7482,2619
1184,8012,4141,7632,5715
8143,2867,4084,6007,4191
7136,1188,8263,7499,5100,2027,2514
2528,1796,4710,1007,4926,8543
7849,5023
5381,5998
8376,1307
2694,4392,2121,1198,8601
4480,3400,7693,7054,2294
6795,8588,7988,3574,3511,2941,5342
7875,5380,4009,8752,1205,7607
8210,3475,4199
4473,1221,4175
8476,1429,6716,2071
8908,5825,5355,8116
1210,6286,8028,1414
7458,8726,7694,3111
4701,4903
6724,6222
3936,3331,2822,4011,2829,7439
3842,5415,1960,1212,3423
1154,8521,1716,8150,7065
1216,2757,1798,5712,1887
7915,1772,8405,6491,7326
4003,804,1223,7189,5050
7651,6157,7762,5817,6873,5334,3257
4868,5898,7983,7961,5849,5756
5696,1225,2573,2161,6520,8794
6800,1234,2242,6951,7211,2855,5518
7731,4122,1531,8439
2883,8499,5660,6045
5288,5490,2740,1254
5628,5444
5869,5229
7408,6892,8390,1518
2272,8318,1422,3239
4905,4428,7725,5583,7890
1284,5489,4052,5784,8639
3939,1285,3144,1738,4696,8563,8728
4144,3617,5788
5850,2604,8373
8704,7781,7079,4811,4627,6708,4439
1286,7083,5933,8470,4602,8159
2178,2090,8403,7286,1338,1339
7040,773,2023
4786,7579,1300
7467,8172,7619
8232,4384,7107
1314,8717,1567
4738,6725,2227,3860,2646
6594,5700,7431,7433,4338,7994
8440,1793,6091
5884,7179,1332
3947,8883,6068,8217,763
6085,3214,5775,5241,1341
5061,8553,8659,7901,2463
6280,7370,6379,5260,7864,1368
4961,7852,4054,6074,5627
4939,6604,7868,4669,4990
4488,7457,7410,5512
8881,1481,1463
8896,1473,7321,7497,4377,5978,8924
2875,3188,8309,8534
8705,1476,5412,6759
8289,2276,8070,4718,1873,6172,5055
4963,1484,5230,5880,6203,7071
8224,8834,1487,3153,6749
4983,4403,4932,8535,1498,7518,5215
5282,1326,8465,1334,8118,6423,3103
6624,4165,7728,1521,2034,5428,7451
2517,4343,6952,1529,8077,6713
7142,7818,7979,2347,8877,4878,4146,9011,5759
3234,7779,7529,6732,7378
7264,7748,3916,3953,7134
2722,8451,7855,8338,6585
1538,2546,6867,6680,7133
4992,8806,6174
4498,8772
6289,4198
8802,7113,2833,6322,7475
7331,5352,6291,2775,7903
8163,5766,2706,8120,4255
3212,7084,7020,3821,3998
5346,6403,2696,5911,7967
6471,6477,3923,8633,7357
7753,6634,3991,1562,5183
7147,5358,8213,5559,4984
6208,7301,6672,7384,7263
6756,4551,9005,8815,7665
3436,4500,2184,6894
6559,3041,4895
8627,3581,1575
8109,2747,8495,8087
1604,5837,6998
6528,5922,6790,8622,1946
7072,6433,3339,8483
2824,4039
7168,1612
8179,6772
1945,8453
1635,3472,4019,8986,4797
7140,6985,7561,5204,6486,8183,3035
1643,4173,7669,8634,8927
8323,7061,3254
8770,6149
5609,5286,5702
6706,5527
8352,2177,3619,5132,2320
1649,2102,3143,3226,5995,3692,3294
7360,8530,2723,1668,6859,7612,5181,7740
7341,7478
6043,2300
6970,4037
2402,3797,7733,3675,6237
1699,5284,7922,5437,7870
2258,5299,8356,6278,7289,1706
4704,6785,6118,1719,5848,4938,5804,8920
5633,1730,7596,2989,5594
4290,6723,5477,6259,5082
3218,8101,4855
7936,4137
1744,3340,5536,4823
8672,8561,7028,1084
6019,7916,8144,6643,2911,8637,2399
6534,4525,1776,7312,7221,7167
6893,940,1789
6232,3042,8191
7369,3538,2375
2850,8786,8181,6617,5754
3812,7881,8969,1805,8658
2007,4475,2965,1814,2359,3321,2731
1256,6961,5365
4416,1849,2878
2241,7046,5159,2799,8888
4448,6912,2688,7373,5716
4708,2692,8264,3190,4474
4860,1854
5368,7355
3193,2279
7276,678
1857,6782,6356,7862
5408,4097,6245,7572,6518
7812,1868,3037,7773,4414
6496,5031,6903,6584,5405
4257,3001,4399
3528,8697,1869
4824,3740,7223
8953,7869
4113,5484
7845,7014,6376,1874,8823,4732
1889,7802
8844,6862
8679,6292,7831,3865,6522
6913,1891,8494,6544,6162
1923,5417,8300,1900,6206,3550
3904,7239,7593,6129,1940
8830,5051,5356,8710
6472,6330,4020,2733
7462,5537,1941,8185
3706,8910
6752,942
6190,1950,8631
2532,5509,4846,7120,2705,8604,3325
3048,8035,1972,4999
6681,195
8580,1998
4657,8882
4295,5098,6187,5646,4495,2046
5121,4954,6316,7273
4560,5122,2051,4956
8741,2631,8460,5454,3247,8282,8092
2056,8843,4415
3217,8642,8045
6298,8051,3491
5809,2074,2339
2897,7674,6654
2048,6600,3696,7734,7643,2077,8574
5276,6140
6936,7130
7826,2078,7375
3920,7537,6363
2080,5725,6853,7659,6967,6168,6589,2014
3623,7181,4082,4982,5563
3554,4099,8645,6441,5805
4418,2894,3540,4857,2110
6440,7434,5487,4153,2111
7274,2449,8628,2744,3738
4802,8652,2135,6362,5819
2145,8557,795,2877
6355,4036,2149,4904,6905,5672,6347,6990
3264,8202,5707,5393,6682,8552,8426,4915,2167
7016,2924,7117,3245,2196,5115
4369,6490
4041,7042
8997,7893
7091,4685,5909
5545,5321,5062
5649,4505,1762
2274,6773,2206
2977,8019,6302
4445,8279,4219,668,317
4864,3651,5508,8749,3632
2816,8132,9004,2222,8407
4472,2247,8759
8947,4980,7031
5588,2252,2806
3176,2254
2848,5890,3139,2256,5879
7971,2323,2535,5287,6508,2813,8015
6467,5063,6793,8492,7151,9014,2906
3853,8602,2895,6328,2362,2591
3582,5736,7400,2762,2460,6558
8708,4332,657,7954,4081
6242,8009,4969,7340,5305
4968,4972,2381,7856,7125
7722,7835,6750,791
2409,5099,3756
8064,4259,5125,5470
3091,2412,5350
8810,81,5303,6073,3166
2500,3625,2444,2674,2583
1394,1370
2837,2351
2445,3718
6817,2530,6791,6119,5102,7057,8887,4635
5831,8137,6411,2541,8661,2870
4790,5815,5592,6236,8894
7073,6830,4596,5397,4604
2547,8485,6983,3352,5820,6077,556
3520,7481,8372,7948
6953,7602,2558
2563,7080,1163,8365,8270
484,4967,2600,6290,2164,8286
5665,6818,2610,6372,4979,4167,5322
8866,5478,5675,7195,7551
2624,4922,7043
8681,7427,3398
4537,8052,3174
5504,7816,7710
3656,7829,5495,7769,6428,7935
8987,2635,4724
7754,5372
2664,4569
8400,8807
5760,3298,4676,2727,8777,6153,6767,7638
5155,6837,6727,4921,3337,6283,2765
2976,3530,2803,7732,7517
7295,2830,4722,4763,5375
4365,8111,7951,8276,8885,6296,4478
8737,7171,8452,8781,4952
3814,6349,6481,7761,6107
4930,3172,4456,5330,4089
3897,5610,2831
7984,7418
4104,8746,5964,4401,4501
7653,430,7568,7350,8636
7209,6828,5906,2964,4957
2980,7942,8582,4312,4747,5739,7597
3016,8801,8411
8889,8751
3018,6011
5993,6597
8917,4463
5385,8874
3088,3952,3045,6761,3306,4861,8238
2434,4742,8104,4143,5840,8595,3064
3065,8438
6683,2595,8966,8839
4936,4316,3148
6704,5353,2199
8725,8790,8853,3449,5335,3164,8879
3650,5407,3165,3215
7952,6587,3910
3649,5221,3208,6808,7770,4092
3145,2608,4273,6002,2008,7193
7944,4624,3216,6324,3483
4292,7525,3689,8429,7541,5429
7391,4752,8307,7542,3259,6911
5680,8796,5748
6170,6231,7834
8994,8516,876,7923,4693,3288
5668,8981,4678,4783
3314,4866,8750
6852,6603,3374,7671,1816
6200,6524,4253,8694
2216,8585,3057,5685,2879
6060,3377,4182,8508,4700
6978,7177,8755,8115,7738
5897,7092,3385,8923,4831
6281,7395,1734
7548,4836,3388
7706,3403,7628,5781
417,3470,6899,4022,8956,6047
3425,8581,4233,7960,6365
1986,8515,2543,7183,5718
8677,3468,5773,8382
8898,6409,7116,6093,1176,8798,3489,8489,5245
4834,8606,3518
6984,7441,3971
8769,3495,6539,6574,5524
4079,5460,7413,7157,4893
3536,3570,762,2555,7002
5954,9010,2038,7580,5983
5541,6535,3509,8698,7485
7492,4553,4042,5873,2290,6642,6647,3519
8322,7379,7510,2283,748,5053,3535
5984,4034,7186,5395,5605,3603,637
3992,1601,4118
4609,5018,6126
8456,3667,3604
6462,7727
5386,3763
6979,7655,8733,8207
7490,7371,6004,3765
5072,3484,2390,5686
8262,4466,4388,8486
3768,8469,6166,5855
8098,6667,7822
5246,3775
5057,3984,4410,8220,5694
7300,7270,3793,4444,8380
8166,5466,3826,6165,6458
7138,5156,8306,7063,8223
3840,4658,5493,8054,7832,3871
8001,4359,8976,7833,7322
3881,1130,3379
8739,5859,4023
8971,6627,8775,4303
7570,6963,5114,7695
8992,7366,3695,3997,8959
4016,108,5506,8371,6840,8347,6188
6561,993,4459,8787,7511
6650,4027,6860,8215
7104,4067,7207,6538,1194,7152,6710,8603
4101,1865,9006,5455,8626,4279,7737
7747,4340,3117,6798
8048,4145,7473
6855,4169,5688,4177,7318,6295,7608
4193,2818,8003,8861,6636,7739,8989
4195,6057,6418,8982,7162
6851,4424,5135,7507,8702
4744,4243
2352,7226
6144,4293,1065,8593,6100
4298,8723,332
7175,7502,4307,3635,5587
8753,8314,8805,4311
4344,4673,6151,6279,7372,8913,8918,6744,8799
4376,6577,6563
8841,5667,4421
4224,8002,4406
8296,5441,7210,5802
7824,8771,4413,7494
4464,6992,8178,5026,7672,6191,7774,8446
4512,3308,5905,8374,6934
6014,4094,7037,7309
7913,8730,4548,2367
8512,6483,8260,4575
3872,6375,5799,7465,4607,6258,8182,8351
4625,5786
7664,7367
8432,4849,3507,6653
6809,7476,7545,7556,8791,4729,7531,5550
5584,4812,4764,4813
8945,6923,5075,7191
4800,8968,7483,7614
6344,4844,5344
5571,6213,6664,4970,5438
4986,5293,350
576,1540,6154,8857,5119
8871,8362,6765,8505,8541
5729,6568,8205,6064,5171
7009,5410,6947,6850,8648,7437,8046
5968,7090,5267,1752,6747,6044,8287
6976,7969,6691,5845,5269,8599,5271
8946,8748,5638
7776,8713,5827
8034,8555,5823
3248,8036
8773,5839
2153,5868,8244,6839
7397,7017,5901,7206
5928,2796
3657,8572
7075,7213
3202,7076,5956,3438,6352,6034,7987
6270,6955,6038
7667,4222
6252,8703
6354,6293
8709,6319
8537,7010,6437
5637,7487,8940,6445,8671
6579,8623
8192,8875,7892,6745,7067,8510,4991
6592,8413
4160,6796
8133,7717,8937,6351,6907
9008,7124,8820,7764,4663,7789,7247
7804,8385,7145,9002,5464,3548,7388
7793,572,8078,8774
3296,6369,4872,7817,8340
2704,7986,8437
8265,4299,117
7809,8155,7527
3059,8461
8255,8231
1251,8868,8938,6282,8468
8804,7097,8884
