5347,2031,3059,8404,6997,5301,4440
6615,3016,8,8818,5719
8813,1452,1461
8402,5419
1952,1955,6673,1811,5843
2957,5168,5779,3671,6842
7432,2316,4150,2683,5533
6548,4215,2457,4284,2461
3621,7528,7307,1970,4627,6205,2783
2472,3593,7338,1740,2868,22,4892
292,1317,5096,2328,1694
1186,1827,2567,1246,30
1248,5095,1781,3420,1823
34,387,3698,295,1821,734,398
3872,2438,6254,6579,6038,6142,4703
37,4678,5487,5713,1490,2293
1824,8032,4900,4078,1017,1693
7616,4898,8549,42,3642,2814
8832,3459,5744,4630,7999
6657,3846,3654,3335,51,2137,123
7170,6307,3141,4469,5405
619,4363,2766,2129,4116
6464,7140,6899,8152,7772,4797
5158,7566,6739,4437,2173
7297,8809,5936,6133,6901
8280,6035,1662
3780,2127
2128,3890,8149,5557,7446
3778,6823,7476,7765,8825
7074,7304,4138,2934,7867
7464,6365,206
6560,8004
8174,7349,1558,8189,8447
1348,3883,2288,4946,1977
4233,5163,8647
5152,8575
4871,5513,1709,6514,5918
7657,8239,8464,7101,1439
7712,7364,1353,3312,7161
5632,6244,6928,8688,6226
8789,5013,4543
5482,5655
3656,4817,6394
3942,2039
6178,6028,1836,6097,918
3688,8297,5116,3644,6878
3464,4618,3666,4667,3358
2561,5709,8912,7024,8568
965,7078,5735,7690,7051
2927,6738,4726,5975,7960
3224,7450,1980
2024,7937
1787,3501,4327
3731,5324
8161,7587,1516,4911,5943
4522,6146,3578
4133,6870
5123,5542,3051,7859,6299
585,6220,7799
5866,7411
3425,4420,6468,4457,7917
3365,5071,58,1469,7838
5899,6701,2771,7928,7902
6717,5630,7829
2745,5289
1961,7532,1741,8891,3292
7264,3225,4558,7568,4023,4889
68,4689,7955,8053,5432
6922,6606,7726,7544,7293
4299,8268,2477,2347,4783,5139,8277,2007
2914,4453,3977,94,2687
2603,4204,1548,4595,694
2917,6501,1142,1435,1438
477,5878,3719
97,1543
3010,4394,3788,4942,2995
4869,4843,6192,4945,3005
4581,6262,8922,4732,447
8259,6572,8722,729,1625
7682,1989,3493,4017,7958
7618,454,7277,6933,6554
2724,5931,4654,5369,5275
4593,7827,8056,6968,5886
8226,2559,6958,4218,4767
5090,4368,7409,8565,1914
4425,1778,6549
7271,6031
5857,4806,8397,7643,6207
6018,4521,7696,6677,1495
7563,4748,3728,5755,1724
6017,5892,2885,3127,8478
98,5129,8363,5548,1713
2436,2053,2602,2188,6871
5318,7583,5137,3669,895
4643,7950,2962,3032,7578
3713,4451,6898,5363,2654
4737,430,2644,217,863
3721,3227,3987,2421,4379
7649,1767,2221,4050,2067
2793,1747,2065
1681,262
4707,4103,5519,951,2973
4955,4974,583
1852,869
3776,424,6027,3413,3898
2773,3801,4026,4350,1215
8712,1865,4251,8126
689,1411,4221
8130,8038,5263,6741,2710
7809,7527,4592,150,1727
1664,2278,8392,6858,1365
5829,2377,5453,8526,2512
4688,2226,117,6198,5339
8544,1381,5064,495,1374
2629,2630,5423,4853,2462
8096,6131,2680,6238,6367
128,2882,4837,5166,7703
624,2889,4223
6305,133
6882,5103,8979,1878,2296,3132,6079
6599,519,3498,7023,7796
8856,5877,4815
8441,8345
8736,4841,3820,140,5242
5253,6953,7978,8050,7550
8904,4137,7786,5646,4980,3637,1147
5195,715,3950,6479,144
8996,7172,6374,9000,6942
2816,7758,7064,1467,156,4445
2976,2286,8913,8370,3223,6141
5924,7652,6575,8915,7251,3639
7523,5706,3825,7866,7517,7295
3832,5678,5111
160,1117,8141
169,876,7662,1391,8603
8901,7526,5356,6129,8830
7201,3716,8039,3916,7032
7717,7752,6381,3123,7895
3329,3406,4373,8341,7865
7749,5350,3466,8367,7318
7011,8167,1774,3474,7257
6308,2342,8977,3162,5051
8448,7688,2482,2612,3450
2016,4483,8710,175,4913
7535,6387,7508,2331,3004
6196,6137,6907,8444,7839
8576,8133,7423
2467,5420
640,643,438,3836,5853
3523,3461,6605,6194,1434
7548,2953,4836
2837,8542,4111
184,8836,4348,6941
2000,1394,2445,3718
8551,1682,8724,5493,7092,4343,7452
4071,3751,3934,5459,8500,7993,190
7840,4267,748
3196,7428
199,8343
7175,2248,7502,4307,3635,5587,7675
6309,937,2219,5653,218
355,1671,938,1240,2205
392,2645,3607
510,2087
3237,2920,241,2582,4318
2116,852,2841,475,3102
3106,1958,3023,372,3455
834,1959,743,3608,3452
4523,2069,4890,859,2751
1380,3207,2823,1679,212
8887,6967,6168,4764,6653
5102,4625,2038,408,4216
6817,2530,6119,8263,6791
3105,1936,3185,2738,214
1188,1796,7057,2514,4635
8067,3878,6282,7215,8783,565
1403,6931,4693,6181
8574,8596,222,1750
2233,2077,7069,8527
2158,6134
5164,1566
1921,2759,1933,1934,4758,227,6251,8305,1717
4744,4777,4812,4243,5269,4823
7750,1801,3438,4661,1084
7969,6691,1519,7098,7965
2758,231,1929,5579,1524
5323,8780,2891,6258,7351
4259,3077,1991,6325,3382
929,2666,2827,3022,2237
6401,1676,366,376,2585
2919,1576,5481,3760,2109
2218,3279,848,853,1052
871,2251,2225,370,3383
1155,2372,235
740,2679
2371,6436,2118,1674,1564
1025,3565,5008,593,3222
706,5891,3108,7592,3933
762,243,5174,4382
4187,2437,4277
5198,2043,4590,5983
7474,3180,358,1863
1888,3705,3748,471
1762,4391,4648,1521,244,1623,8761
6625,4578,6626,8169,4973,1525,1917
8137,7913,7991,6295,8351
7565,6190,942,251,4062
5509,8550,7319,7164,3325
8472,1769,7599,5016,1565,8127
7530,3982,6454,7736,3964
265,1513,978,247,5310
1377,1545,1677,3283,5367
5007,1918,502,3928,862
1834,1235,2104,2459,927
8000,6726,3402,3186,2812
2842,1829,4210
2778,1503
738,4356,3142,2923,379
8801,6278,1706,3828,5812,4504,7994,8255
3269,2570,2474,4976,5299
2922,1237,4087,4572,6399
5376,2210,267,4124,8477
2084,3238,841,4188,2750
4321,6890,846,466,3187
2520,2921,3791
2082,3007
1568,4393,844,3577,1373
3662,4531,1140,4086,3454
899,1320,1965,1326,8758,8765,7422
7240,1994,4049,4539,4605
4229,5573,4006,491,507
2123,4076,271,5586,788
737,4996,2108,503,2780
5089,490,273,4339,4606
736,81,7330,6777
2140,4367
8764,6757
297,7644,1022,1825
5125,4262,4588,4528,284,4542
872,3785,3856,6384,2041
3072,300,303,5208,2042
873,3284,5207,2553,5402
7203,3175,6674,4691,2834,1757,7006
3075,3099,305,6906,443,3516
712,441,4684,2672,1689,7577
6067,7724,5718,7326
6065,7946,308,8382
6176,4647,5773,3054,1968
7265,8677,8071,6695,7598
6338,5603,5141,4059,7325
2434,5764,6380,4143,8379,4092
7554,8873,5677,6768,311
5273,4482,8381
2693,6542,8591
363,6109,2062
472,1356,2503
4935,2203,5087,2088,365,367,368,881,7417
3936,1065,4170,5264,817,6389,697,6750
646,1067,3184,860,3199
814,5780,374
1436,3021
3204,3756,4720,6610,4978
8842,6507,8592,7388,7709,8605
7145,7817,7638,7641,2105
2240,7239,2454,380,3421
4182,3460,6766,332
2292,382
2940,7853
6592,8220,397
2089,4570
8963,838
395,1885
8674,7781,6759,7626,5581,7600,6426
2273,3011,7205,7249,7218,404,7291
4324,6470,7470,5970,1302,350
8457,426,8747,7575,7100
6050,7691,3280,2873,7966
1699,1701,5256,3675,5437
5284,3844,8655,4788,5212
8002,7299,7685,5742,5236
7558,3753,2769,7956,7512
6915,5617,7922,5618,8831
3266,2732,7996,2340
7876,8188
6465,2307
4545,2019,8965,6005,8471
549,5767,4814,981,8121
2756,4040,3183,7539,2011
1584,977,2236
1587,3158
6235,2235,4402,5234,4891
4906,1932,850,5081,956
4449,4514,5703,1296,1853
1614,2385,2354,1847,445
7745,7666,8668,8222
6992,465,3068,5188
8513,6267,8532,6654
4160,8672,6850,8707,7659,6260,1115,5724,6431
3209,5354,7280,3960,6335
7169,5034,7226,5403,6366
1274,8559,5361,1722,5980
3360,2787,845,469,3415
2659,3397,2918,3313,1278
483,2384,4241,2999,6263
2180,4167,2674,5303,3166
695,1324,1581,6836,8599
1050,3020,3025,3894,1466
2500,6310,8810,2124,2106
7328,5365,2490,955,1691
3783,473,1015,857,1919
489,5961,8300,1900,8851,5563,509,3550,3039
1144,8034,2589
5730,7019,5852
4875,5148,496,532,3708
504,6026,5690,8943
512,8941
4208,4665
836,5864,1256,7664,3507,2014
8148,3270,5159
1281,4851
6273,7396,8745,5100,1759
5088,515,3539,6073,4827
8354,2789,7623,7404,3117,8461,7674
2731,8685,2965,5531,8733
524,1814,2967,4475,5532
8128,5955,4670
5920,529
909,7030
7534,8319
3792,4338,540,4896
5664,7720,5957,4613
4760,5867,6735,7815
2080,8614,1928,5417,1007,2096,6044
5665,5410,1923,1843,543
4416,5539,5329,5267,4127
2012,7093,4407
6474,8163,2386
569,8139,8950,1191
1150,4357,2550,6583
6954,6827
3026,3287
88,4772
2061,589
4371,4317
5971,4739
842,4236,591,1935,1688,4121,4598,2811,829
1608,1793,5171,6064
6568,595,5068
7552,5447,7403,1101,2190,7455
4212,630,7288,9004,2623,8431
8993,8804,5925,535,632
8903,8107,7089,3003,5214
3904,7232,7593,6736,5649,3378
8530,6771,8829,2206
6313,3684,5765,5639
2169,635,2265,1173
4134,4776,3179,4434,5239
2862,5845,1262
5704,2671
4322,4998,2742,3355,2844
2825,2255,9015,7515,3739
644,4077,3566,3090,1721
5282,2318,8465,3379,5428,7451,3103
3552,645,3472,1298,3738,2491
7747,3299,6955,5650,4563,5791
8164,7014,5990,8103,7126
3874,6540,4340,5468,4636
3362,6345,6670,4306,6940
7489,4966,649,6797,8826
3681,5733,3561,4189,7581
4994,6024,2284,526,3069,4383
6457,6511,653,1967
6265,7298,7540,8062
6848,6607,7700,5047,8728
8972,4429,5134,1202,3993
1795,5807,6201,8442,7034
1157,8049,3479,7320,4795
8547,3081,6287,4919,3901
4258,2314,3659,8852,5595
5601,5673,8332,1459,698
2818,5479,6668,7699,8727,7579
5202,701,8158
8962,8474,8501
704,6659,6407,8008,7050,5683,1820
1028,4283,3759,3122,1019,732
1384,7771,1668,3430
2048,3772,6623
4520,5722,7198
2723,709,7806
5729,962,8037,6567,5452,3288,4346
6113,1797,779,8205,3120,5597
3427,8932,3462,4360,6895,8017,790
6452,1606
8265,3154
2794,8155
4579,2997,6447
5057,8339,5694
6252,6516,825,6461,799
7270,7143,8651,3984,4444
6491,8279
5050,1772
4003,804,7189,1223
320,8776,5364,4694,8342,3641
3411,3252,1294,935
810,6946,812,3100
4129,8105,1038,1108,8629,6811
1504,3182,1588,3861,828,2238
864,4515,1061,8203,2359
4192,3169,5760,902,7500,5107
4163,868,4616,6665,6456
2469,5478,3146,6636,3545,4922,7195
4705,7043,2409,912,5905,1911,8861
4036,2149,7629,6990,7669,6905,5500
4904,5672,6355,6347
6275,7127
7636,2495
3594,916,7973,3526
3888,8011,1331,4867
8609,4818,1833
6432,1387,3589
1832,3178,932,5101
6629,6250,4085,2943
4225,5217,1571,8663,7053,6160,6551
5223,1655,5607
946,4995
1665,1964
6689,948,1542,5847,459,2735
5640,5426,3917
8251,1686,8047
1831,1687,3480,953,954
2626,4222,3625,2554,7667,4826,2588,2269,958
5698,6761,5325,3057,8735
8916,1526
7296,6663
7904,7813,3085,1685,5946
3808,6371,8554,7504,3028
8838,7305,3439,6001,7925
5226,7755,5186
7058,1511
5312,5281,4959,8504,959
7908,5193,5037,8175,8817
8142,3889,8086,4248,5947
8875,8572,7213,7471
3129,7346,8619,5862
5093,8621,8079,6745,7420
6864,7635,2901,4601,4381
4354,7589,8330,7059,6616
1408,3109,970,3342,8510
7648,8393,8394,2615,2968
1506,8454,8880,8434,8085
5643,6276,7606,2655
4733,974
3810,7294
4650,5395,2027
6021,983
1058,6853,4333,3603,5786
4034,5605,7367,8007,7186
4582,5991,5066,8975,8853,1110
6637,2959,7343,5011,5883,8893
5448,675,990
2113,2302,8911
1893,5941,6102
7897,4782,8590
8947,8198,3615
7243,7454,8678
4185,5458,1493
3744,2508,6284,1329,6966
7141,3630,4943,1011,5401
6920,5001,4431,5935,6425
6240,6089,8649,4819,6776
4805,6317,4847,6515,6687
8257,8458,5431,8827,3678
8294,5450,5778,4341,8060
5049,2058,3908
5986,5902
3968,5442,8967,4205,8083
1059,4329,1646,8855,6522
8388,4532,8245,4245,2045
7360,8064,2856,492,1229,6929,8212,6462
3586,6121,6769,1592,6303
7233,7842,2916,1068,7348
3629,1840,2578,6392,1595
1120,8289,1072,7971,7590,2216,6749,4718
6117,9006,3535,4279,5629
7473,6619,6180,7737
8048,1074,4397,5455
2186,6789,5830,5151
8897,3876,8715,4304,4656,5873,4631,8927
7882,4331,1078,3702,7033
7689,7660,7663,3441,6834
8419,3371,3665,7573,2493
6720,1642,4674
8364,7725
1089,7619,7467,4716,7929
4780,6046,5255
2767,4839
7777,5954,5005,1550,7002
3536,2661,8270,2575
7906,2478,8698,7580,7485
8929,802,5994,5002,8658
8057,6535,3509,7382,7001
1984,5510,1805,6459,1118
7289,484,1076,5693
8656,7433
6813,1126
7681,7493,1227,7406,5017
5793,3816,2699,7217,8084
5292,6124,6290,6003,4282
7553,2502,8934,2164,6326
6148,8328,5065,6930,5884
2989,5246,5959
1791,6877,4183
5834,7253,4246,4886
8824,8497,8197,4477
5578,5476,6805,1134
6008,2366
3978,3727
4610,1314,7370,5262,7889
3524,8423,4106,4364,7029
3233,8389,3050,1143,7611
6760,3035,7229,4510,2303
3585,2433,3970,2283,5622
4323,6500,3273,6633,8907
8793,7390,4615
7443,8573
4196,6926,6135,7096,7837
6098,5642,1146
5136,3564
6048,4771,8201,5398,2363
4480,5258,1198,6351,8376
5477,5355,5580,8109,7633,7668,8476,6815
6286,1205,3574,1210,8028
1414,4903,7694,8726,4701
7458,6724,3111,6222,6716
1154,8521,4905,1716,7802
1216,2757,5712,8150,1887
4335,8752,7607,2941,5470
4009,5380,1221,4199
135,6157,8180,5817,5245
1696,6409,7762,6873,5756
7651,1225,2573,2161,3257
6274,5155,2765,2451,8443,6015
7459,1231,5745,6685,3135
1170,3989,7807
7976,1738,8846
7713,4770,3939,1250,2600
5648,2422,5366,2488,1786
5288,5739,2796,8439,5497,5660
5490,2740,6045,1254
4312,5444,5869,1518
2272,8318,1422,3239
2956,2034,6710,1334,8118,7386,1755
7872,8324,8683,6423,8539
5554,3700,4024,7194,1277
8003,4428,5407
7739,5989
5489,4386,165,2023
5784,3761,4052,1284
5185,6594,2212,7495,5546,2606,8563
1697,4144,3857,7187,5850,2397
3617,1285,8971,2604,8373,5917
8355,7079,2090,753,2071,7323
8704,2178,7083,7286,8470
1286,4602,8403,1338,1339
7836,6039
6088,6224
7044,3315,6948
768,4589,5332,7412,8311
2660,5772,4622,6167,1305
2122,1325
14,6128,1271,5820,6111
6845,3925,8440,5593,6077
3521,5700,7179,6091,1332
7266,8628,9013,7878,5543,7612,5965,1357
8384,7260,317,2223
1376,5553,7216,6972
5060,5637,6183,6857,6591
7686,4591,8914,8700,1405
2208,4499,5972,6742,6655
4227,195,1450,1998,8882,6681
5498,8422,8639
3504,8249,7272
7457,8068,5512,1481,4046,1463,7769
8896,1473,7321,8881,4377,5978
5670,4553,1643,6642,1653,604
8770,5522,8886,5112,3356
1474,4803,3401,2320,5811
1730,8309,3865,5594,5404,4958
8194,8779,5412
8705,1443,1476
8224,4963,2276,2631,1484,3247
5230,1873,5880,6203,7071
4932,8535
74,7518
1498,4403
3346,2299,7941
5521,5583,1199
8833,5099,8334,4786,5753,1501
4249,4125,8383
5336,2298,8204
2399,6952,7246,6904,2879
8834,6821,5328,6643,1529
5570,6019,1705,5582,5425
6923,3388,3533,2799
2614,8134
4466,6405
7236,2355,6675,6233,5887
3202,1093,6796,6029,1849
7595,7982,3927,3348,2583
8486,4074,8466,5686,8287
1088,4388,8469,6166,1561
6497,8066,5644,7479
7848,8617,2833,3503
5552,1562,5052,6730
8232,2667,3944
4384,2505,1567
4738,6725,8717,2227,3860,2646
3520,7363,7846,2696,6289,6322,8116
1569,3112,7084,2541,2775
7841,7113,3212,5043,5183
2184,3436,6894,4500,4895
3041,1575,8627,3581,6559
7376,5802
612,8598
3896,3115,3834,1579
5424,3931,236,3126
7465,8953,6421,4824,6105
4320,6376,5484,8271,2782
4740,6669,1586,3314,1850
7072,6433,5922,8483,4039,2824,8622
7168,1945,1612
8179,6772,8453
8352,3281,4852,8407,1640,8301,7231
3193,4165,4310
2373,1807
6624,5761,2946,5921,1657
4264,2002,5436,4637,7871
5257,4395,7255
8520,4600,1718
6187,5204,1733,5022
4632,7468,8278
7111,5967,7247,4831,8637,670,2911
4525,1776,7312,7221,7167,8415
1030,8714,6545,7569,5271
6961,5075,7191,6359,8543
5956,5584,8945,7283,7519
8417,8970,4813,3253,6556
4550,2444,6221,721,3282
3531,2828,4213,1784,2905
9010,3611,7437,622
1905,5391,7383
7496,6122,1806
8288,8112,6034,7987,2619
3973,4396,6352,1172,3261
1925,8230,4902,2580,1818
7076,6698,8076,3831,2557
8946,5221,3695
7472,1838,5638
1601,2692,8264,3992,3190,5368,7355,4860,1854
8593,3331,6100,7439
1889,2691,181
3842,5507,1860,3909,8844,1212,3423
4097,8866,3650,3215,5074
8771,6245,5031,6584,7773
6496,7812,1868,6903,3037
5671,6798,4399,5720,3518
3528,8697,4257,1869
5688,4113,6375
1399,5654,8823
1874,4607,5191
6340,6437,998,5610,8556,6225,6428
1891,3172,2309,4295,6346,7984,2132
5026,6341,8798,7818,4524,4846,5950
8905,8042,7150,8303,7634,1909,6390
400,6330,2733
6472,4020,7462
5537,1941,8185
4193,2786,3369
4986,5915,7285
1944,6237,4413
6179,4548,5647,2704,4177
8730,1950
6752,5577
2367,479
7037,6014
7120,8252
8604,2532
4474,6862
4708,4293
1960,8258
7315,5415
6144,2822
4930,8606,8276,6574,8236,4365,2046,7743
7478,5471
1152,4927
3600,3263
3433,7572
8931,7919,3448,6970,2845
7555,8548,6916,3710,7486
6080,2052,7237,5445,8525
3393,1097,2897,7731,254
2074,6986,6416,1242,6396
3357,6217,3511,7130,6140,7549,2078
6944,7375,7537,6833,3097,6363
7333,7398,7536,2929,5810,6715
7488,3682,8933,1683,5913,7774
7672,7031,2094,1535
8322,8763,3892,8958
5541,7482,5710,1619,7962
294,3623,6441,1105,4082
4099,8645,5805,2894,4982
4857,3554,3540
4418,2110
8898,6440,4492,7344,280,1176,2111
8385,2694,2294,3400,2121,7693,6270
4834,7274,3663,6486,8762
4802,4112,8081,2135,6362
4706,2147,1770,5932,7887
3301,7989,5117,3782
2352,8024,2156
7336,8438
5344,3264,6344,5707,4844,2525
8552,8202,5393,4915,2167,6682
8323,5702,4173,6706,8183,4861
5609,3619,5132,5527
1447,3803,3254,3519
2177,8884,7891,7492
4352,2194,8094,3285,8778,8026,8302
5633,2350,818,7924,8759
4680,4529,2229,4828,2429
6081,5797,4873,4044,2972
8409,258
2555,7766
5529,2241,8570,274
5562,2499,3542,8703
4448,6912,5716,7373
4505,2274,6302
1692,2324,2326
360,5768,5705,2539,4153
2689,2978,2083,7885,7513
2338,5516,6103,8088,3290
5856,6049,7102,2647,5854
8360,7480,8983
6963,6093
2344,6627
417,8581,1830,5009,6646,2364
7369,8426,940,6893,1789
3042,2375,3538,6232,8191
657,4332,3470
5305,6242,8708
8009,4969,7340,2381
4968,4972,7125,7856
8587,6319,3858,2387,3551
8709,7821,8854,3771,8348
3530,7441,7892,7894,987,5375
3140,2407,6733,4722,4763
6562,7939,6919,6032,6909
1323,2418,4534,4503,3131,5308
4410,8380,725
8800,3793,7949
6648,7114,4756
4617,3958,2431
7425,7947,2702
8584,8146,7927
8806,8652,2449,2744,5819
99,2762,7918,1042,5619,3510,7646
7211,3853,3827,2460,7677,3582
6068,5061
8217,2125
5241,3947,6085,5215
7901,8553,1341,2463
5984,7395,8371,637,4639
2465,1554,3597,7154
6169,7979,6228
8129,5387,8489
2471,5224,8041,7116,2996,3229
3489,4866,8099,4717,5232,2804
6980,4808,3477,4181,8986,4641,8737,2475,8885
3145,5097,7850
2608,3065,6503
7009,5794,7108,4645,3484
2563,8365,6639,3216,7090
6947,7944,8648,7292,7039
6976,3812,4014,6324,7193
8022,7642,6206
6994,8046
6372,3367,7881,4979,6747
3843,6831,3375,3609,7258
7241,7757,7062,7414,923
2950,7759,5750,4664,6621
6854,5606,6248,2485,5147
3305,499,8310,2518,6334,8959
8092,8495,8537,2523,572,3838
3456,2761,2617,2864,7159,761
4652,6702,6872,2524,8862
5859,7727,2992,3088,1234,8692,1973,5759
6526,5381,4878,3419,7358
8451,7779,7529,6732,4146
3234,7748,5386,8338,7134
7855,7378,9011,6867,7133
2722,1538,2546,6680,6585
8485,556,5040,1937,3321
7431,6983,4585,2547,3352
3911,7602,8372,1589,8792,2558
6385,4115,2404,3038
2568,8569
5249,3722
1635,7556,1160,5495,344
7754,2635,4724,8987,5372
6667,2639,4497,6588,2716
2528,3570
6721,8615
2642,8316,3418
7139,8413,4326
8366,6311
3553,2670
8106,2971,2669
3001,6566
5352,8123
2706,7903
4984,4255,3998,6471
4992,9005
6634,7301
7665,4551,6756,8815
8292,2949
2715,5621
3952,8777,2803,5335
5297,3298,2727
8803,7107,5668,5894,4623,8690,3322
4516,2980,7784,8848,7122,2809
7849,8075,7948,8784,8117,5464
7481,1346,3740
3974,3095
5220,7334,4938,2830,6161
7936,4552,6153,7596,4019,7418,4478
5708,4495,7761,5330,4089,6107
4104,5098,5964,2831,4401,4501
6528,6790,6793,3339,9014,2906,1946
6467,2855,8492,8877,6800,8602
5518,6558,6951
2362,2591,2895
2883,6053,2983,7915,5135
5592,920,8702
8633,2860
3548,6356,4141,7223
3370,7804,7591
1184,5998,1307,5149,4191
8143,7632,2867,4084,6007
4424,6236,8661,2870,888,4604
7073,6830,4596,4790,5815
8386,2339,7142,1514,3188,5078,8534,2875,2334
2977,1219,3302,6184,237,8019,6773
5827,4742,7975,3064,8767
6885,8104,5840,8595,8701
3308,791
6587,7835
7722,8374,6934
4512,3910,7952,7132,3165,63
2624,6788,599
5635,5675,3398
7427,3174,7816,5293,8974
5504,8681,8052,4537,7710
2051,2535,4560,7282,3736,795,2877
3192,5474,6269
8016,6116,6880
6808,2258,8356
3208,1361
4983,763,5775
8659,8883,3214
993,3218,8723,4855
4290,5082,6723
6852,1418,6641,7671,4253
745,8805,3294,2327
3226,3143
6200,3374
6577,5748,6298,6170,3259,8796,7391
3272,8906,3850,3634,8754,8756
3337,4921
6837,6727
4961,4700,5549,5382
5120,5130,4698
6978,8585,3377,8755,8115,7738
3592,3384,1053,6896
8894,6215
5696,6291
3628,3437,3568,8030,4696,7673,8254
6047,8626,3443,8111
6609,4877,4101
4148,7933
3449,1266
1660,3763,3164,8725
7715,3171,807,2571,8850,7380,8948
3306,8667,2932,3277
3953,3795,3468,4230
3242,8515,8973,7183
6539,8588,3475,7988,5342
7875,6795,4175,8210,4473
6841,1163
7080,8786
6617,2850
2120,8969,2351,4273,8181
7719,4624,6002,1752,3483
8769,3971,3495,6984,5524,4439
4079,5460,7413,7157,4893
8807,2664,3567,8400,4569,5435,6620
6786,4561,7314,4438,4517,685,6450,3573,8895
4011,2829,4118,7065,5018
4609,8456,6126,3667,3604
3686,1898,7341,6163,7733
4037,3955,3797,6518,6043
2595,6600,5353,6704,2199
8966,5131,3696,8631,6683
7935,8781,678,3303
8579,3711
8424,6662
5897,5658,8923,8503
3385,3755,7764,7789
9008,8820,7124,4663
5280,7269,3626,5616,1882,7259,3487
1455,6004,7190,8822,5566
7371,3765,7655
7490,8207
8695,7620,7300,5030,2008,3768,7931
2610,5855
6818,4949
8262,4287
8930,5443,6406,8401,5270,3798,2714
3706,7756
4472,2893
4456,6481,8227,3814
5346,5766,6699,3821,5776,5392
6672,3991,5434,6174,7263
6208,7753,7147,5358,7384
1040,3091,2510,7447
4058,6874,5612
5792,8739,7013,8487,3824,6012,8223
5128,2412,1358,7026,6709,3647
6855,2728,2537,8618,6075
8775,3881,4303,7695,2107
2754,7570,855,858,5244
6979,2820,7206,8231,6536,6130,8411
6844,6887
8124,3935
4508,3886
3689,8746
5825,8716
8908,7171,7220,6349
4952,3897,8452,7407
6936,7826,3920,5276
5893,7162,7357,4198
6411,6418,7507,5397
8213,3923,6477,5559
5505,6561,3976,559,4145,5209,4766
7104,8994,4676,7207,1194,6538,7986
7152,8516,7366
8992,8437,3997
5536,7136,1957,3340,7181,8888
4139,6188,894,8247,5754,2878
5506,1744,4016,1370,8347,8479
2688,289,7046,6281,8561,7028
4027,8821,2222
8787,4459,6293
6534,4427,3694,7854,8087,6490,5406
7042,4041,7117,3245,7608
5545,4685,4369,7091,5909
7010,4939,3217,2323,5685,6774
7776,5960,7477,5561,4669
8640,6604,6446,4054,2813
2145,6965,4070
5377,7893,8446
4436,5181,6398,7740
6692,8902,8582,8607
832,8523,7819,5142
6764,4506,4108,893
8968,8242,6283
5881,4114,7801
5699,7942,9002,7597,7408,2866,4122
2848,3139,4135,8748,6711,314
4195,6851,4965,6057,8982,4285
8753,8314,8694,4311
8098,8291,4091,7822,2196,7483,7614
7311,3775,6151
4344,4673,8918
3840,8940,4463,8976,8054,7322
8001,4359,4658,7833,6172
5313,5831,7434,8750,7054
7268,4392,7128,8312,8601
7521,7803,2300,6603
6152,4657,6443
8768,2402,6120,7337,4234,4414
8802,7331,2247,4498,5911
3045,8519,7916,1264,1233
7393,8399,6550,8284,4030
7622,7794,7509,8286,1631
4967,3979,4556,7021,6487
5473,3715,3826,6292,7831,412,7197
4000,6913,7303,4682,6162,4022,4599
4704,6785,513,6658,7992,6118,5848,5804
7424,7783,4713,3884,3704
7905,5265,8178,8920,8154
4800,8711,8719,8791,4729
7545,7531,5550,6809,4157
7075,5575,1288,5928,6216,4747,7047,5229,6070
2543,6231
5680,4292
4752,7834,8429
6612,6533,7718
874,830
3473,4754,980,2044
3616,6708,4989,7845
7704,7469,5799
7362,3138,5933
6802,4811,8159
7561,4042,5898,1037,6520,7097,8634
7961,5334
5849,7983
8794,4868
7040,773,5865,2708,4406
8138,750,7088,1300,7551
8172,4909,5295,1427,3541
8839,7883,4271,3153,3286,4316
3013,4936,3148,5613,8788
4947,4094
7276,8998
7309,8190,2279
1857,6782,7862
1368,6316,5879
5122,6508,8015
4709,6280,7273,6803,7864
5890,6379,5260,4956,4990
5121,7852,6074,7868,4954
5571,6213,4970,668,5438
8192,5321,6191,4464,7067
8997,5062,7016,2924,4991
5508,8357,5486,434,5020
8899,5070,8368,6323,8660
8036,2290,452,8773
5032,8772,5839
8238,7790,5624
3864,3913,8095
4067,7910,7055,5046,8926
6020,7767,6839,4117,1719
7510,7379,5053,6982
8909,5091,4597,8462
576,1540,6154,8857,5119
8871,8362,6765,8505,8541
5770,8012,7063,5466,5156,8166,8306,1080,7869
5216,5408,8580,3692,2162,5080
8928,782,8151
8267,2748,3734
6597,8070,3018,3818,7770,6011
3649,5385,8751,8917,8889
1734,7082,8650,5725,6589
8432,4302,4926,5439
5785,4849,5322,4710
4224,6524,7824
5441,7890,7494
5449,6826,6859,3871
7832,553,8290
6712,8182
5480,8623
8865,5731,2378,4461,5238,8283,5502
0,4485,7734,7448,5626
6985,6835,7061
6640,5628
6728,6114,6149,5286
4376,5457,6563,3491
8841,5667,7541,6911
6165,8325
5115,1596
786,5715,7951
1986,5063,7400,5736,7151,8405,6328
7281,2587,7628,4653
7706,3403,5781
6249,3882,5790
8713,4298,8555,2256,8144,5627,5823
6060,2153,5868,1940
8244,8981,8508
2313,7017,3093,4791
7397,5901,6820,4741
3248,6296,5837
7728,325
7653,7209,2964,7350,4957
1604,6828,5906,6998,2747
6661,3048,7081,8077,5841,5907,1972,3219,2711
7499,2390,7095
5072,8369,2909
5968,3201,3338
8849,5938,1598
1610,1531,5974
1742,8243,6651,8956,1630
8035,8808,2517,6713,5055
4999,5993,8874,1487,7419
4060,3317,1311
1616,1003,6614
8234,6731,7782
6498,6635,3724
8153,3395,7609
3673,6649,6022
6040,7858,8195
7932,8741
6051,7415
6403,7967
4864,3651,8132,6729,7899,8165,6062,4219,7805
1667,6084,1629
8872,6391
5024,8511,6602,8396,1429,6139,5023
3296,6369,8101,4872,8910,6767,6259,8340
6434,6917,8749,3632,4565
6744,8671,8799,6279
8743,7372,6445,7487
8033,8706,5740,3319,8156
547,5996,8564,6424,6458
6466,108,1136,6840,3160
1536,3557,3657,6570,8043,4172,8653,4925
1798,4809,7052,1167,6578,6676,2262,7546,6876
3144,1130,8435,6631
6393,5788,8335
8496,7954,2806
7604,8494,8214
4081,2705,2254,8449
3176,5588,2252,6638
6860,6354,2675,8215,8760,2425,6650,7511
8390,4169,6892,8499,4575
1122,7475,8847
8120,7020
7430,7087,8879,7123,4275,8790,6647,7192
6544,5114,7732,5530
7138,7707,8679
4880,7177,8638
7930,8557
1816,5995,2102
8296,1649,7210
6664,5973
7354,8989
8720,7353,8321,7870
6531,8774,6061,7377,7923
6211,2858,8078,7793,8061
4488,7497
7410,8924
2242,8307,8051,5429,6973
5809,4421,7525,7542
6243,5287,2056,5454,8240,5535
8642,8843,8460,8045,8282,4415
8937,6483
8636,8327
8512,6780
8260,8502
8643,8868,1251,8938,8468
