1540,4485,526,3470,4880,3093,5658,7067,5276,1053,2716,4896,4898,7206,556,2733,6319,5040,6577,6064,1589,1334,7479,7480,6973,4670,4800,2242,3139,4036,8778,332,7247,2258,4439,6369,1762,6243,8806,7142,3302,2284,2543,5873,8051,2675,3322,3069,7422
8064,7556,8968,6026,5646,5392,4115,1429,3865,6298,3872,5922,6187,940,2989,8879,7727,8623,7731,5171,5690,572,6334,1986,5959,5335,4569,3548,604,3038,6367,7646,993,1122,1251,484,8037,8807,6375,3689,2153,7017,6767,6128,624,6642,7924,1653,6270
6528,4360,7307,4758,4505,3738,8733,1311,5668,6437,1830,6184,3626,4267,7596,2347,8622,6826,6450,6579,8754,6070,5047,2359,3001,7734,3132,7612,5181,3904,6979,4553,1865,5455,5457,4694,4060,4575,8801,8803,7140,1130,6893,753,2290,5619,3059,4597,5624,6522
5125,6282,8075,7434,8588,2704,3473,4754,3088,1176,4251,4637,2983,553,1194,8234,4783,3248,5426,1973,8255,3264,6848,8643,6341,7623,6731,4299,8012,1616,6354,980,6997,6614,4696,8156,5344,5347,7397,1003,748,8943,5103,6385,7026,2031,5364,8182,888,4861
4992,6149,7561,6798,4627,6165,2071,4376,3225,8986,7323,6047,8993,417,6561,3621,5286,5925,5938,8884,3254,1719,4279,7097,4407,8123,3511,7229,3518,3520,5698,7492,2247,6984,6985,4042,4173,5839,7891,8790,8792,8152,3035,6114,5991,6760,1643,4980,8183,1660
5381,5768,7309,3091,7319,3480,8730,8095,5026,678,1447,7849,7724,942,7854,5759,5809,6014,8238,8117,5429,7351,2367,3519,3395,8137,2893,6093,8787,6356,4310,8411,7260,479,6498,1635,7913,6761,6251,7276,6635,5486,8941,5616,4472,8569,3706,7037,4094,7935
7428,7942,7047,8712,5640,5770,5387,6293,8982,3740,7326,7840,3616,5537,7075,8739,3491,7591,2474,3370,3117,8109,8495,689,5553,7992,4153,8129,5699,7747,3657,1358,8527,8017,2002,4563,5588,4440,3803,2525,7655,2796,4588,7023,6130,8690,8439,5497,7674,6782
6658,4872,6538,5263,8979,8340,8959,8983,920,7704,3487,1184,8994,8357,9002,7986,4915,7223,8376,7609,7104,8385,1730,2883,8516,4676,4292,8130,4558,6228,6232,3288,1882,4703,4067,2404,7269,7782,7910,8552,8426,4844,2412,876,3695,7152,3952,4346,1789,4607
8192,5633,8709,2196,3223,6296,5913,8855,795,8476,7197,8606,7454,8735,547,4517,2858,5549,4141,6191,4143,818,8242,7732,7988,7093,6839,7745,7370,7626,5204,8661,8920,5082,987,7774,8927,6497,3169,3427,8674,8933,7525,8804,7781,8431,7923,6141,6654,4223
4352,7936,8454,3462,6795,5776,4752,4498,7441,8085,8214,6936,6428,2334,5024,4257,2339,8868,6051,7846,4137,685,6574,2870,8386,2303,8772,325,4046,3920,8784,5078,1878,5720,7769,1506,8802,4198,8679,7783,1514,8938,5355,1646,4464,8048,8307,3188,7668,6911
6786,1411,8067,6533,2438,7817,5258,5131,7948,6411,2571,2313,2199,6683,6045,5280,7715,8489,8750,4271,7344,7216,8251,5436,8636,5950,6079,5313,8898,5831,6344,3148,4818,6483,7380,5718,7128,3673,4316,8798,5470,4195,7268,8038,8043,7915,6895,8305,8948,2806
4610,5894,6279,5897,8203,6667,7822,7568,5649,8981,6424,8857,5530,4510,3871,7593,3755,8748,1838,7472,6709,8502,7864,8505,7483,8765,7614,7869,576,8773,4172,5837,7251,7641,8923,8799,7776,8291,5731,7526,6765,3694,237,3057,8946,7666,5238,3319,630,5246
5512,5643,3214,6292,8217,4766,2463,7331,5671,5032,8880,7602,4403,6068,8883,7475,7607,2875,6205,6085,3911,7117,974,5715,8534,2775,8535,7511,7894,7549,5215,7391,2655,998,4713,4969,3947,2541,8306,8434,7029,3574,4983,5112,7541,6650,7542,6140,4733,2558
3077,1288,4747,4492,5650,8087,4122,1307,6176,2980,3878,8360,4264,8618,6699,7469,7213,6708,7481,4921,5188,4932,5705,1994,2891,8780,7500,3277,2510,4565,4824,7518,6238,6882,3299,2149,7653,4581,8039,3306,2539,5484,6254,4335,6258,6131,2932,7669,6905,7932
512,4732,5257,2449,1298,8465,2964,6421,6423,5660,4384,7201,5282,5799,1320,7465,5928,5288,6440,2425,1326,3379,4019,8628,6142,8760,4665,4797,3647,7107,6216,6986,2378,5580,6992,5713,4689,1242,8677,7014,2667,8047,3698,3317,8953,3193,763,8700,4221,254
3715,5380,135,3592,7946,6539,4365,6157,8215,4889,7834,3097,6815,7841,6566,8617,8236,9006,8111,7600,6833,8116,8885,1205,3384,5817,3257,8634,4027,5053,8128,5955,6215,8265,8906,1610,8908,8781,6349,1869,6225,6231,6873,5342,7651,5220,7528,8429,6640,8697
4480,6917,4230,5773,4989,6418,8342,7447,5654,4259,6053,935,7209,6065,8499,3641,8382,2111,320,1857,3138,6851,7871,5573,8775,8776,1097,2121,4427,74,7885,8520,8271,3411,3795,5592,6105,6874,6491,8668,8667,8312,7013,2279,3176,5487,8180,8821,4600,5245
6785,7171,4101,2309,5766,4877,8849,8468,404,6426,6170,8348,6944,8737,4009,3498,8626,6835,6452,5688,7611,8894,7488,5825,6340,4421,1606,452,1225,8905,4938,8791,4952,344,8028,7901,4958,8036,6118,6759,4329,8553,4459,8556,5868,3050,2929,7537,6899,7545
7552,3840,5637,7815,3208,7433,6154,8461,14,8976,1937,1940,2711,7455,8224,2976,8356,2212,1061,6568,1706,2606,7092,1076,5820,6077,4925,4673,962,1219,6597,3018,7372,6735,3792,1361,8913,8917,2007,8926,6111,2789,3818,7403,8940,4463,1391,4338,5493,7289
4605,3586,2694,8327,5128,8975,5906,8212,8853,5142,2167,3229,8607,5023,7845,2856,3881,4275,3763,4148,7862,4023,6963,8761,4539,7740,4542,447,7749,5191,8523,1229,5965,4303,3917,8400,1110,1254,8823,1384,2664,5350,491,492,6769,1266,5490,7415,7933,6398
7553,1793,4613,6278,7431,8972,8205,2190,8846,8852,3989,8728,3352,6813,1697,4770,8485,7720,169,3628,3252,8373,6715,5693,8254,5185,8519,6983,3144,7495,3659,5068,1101,1991,8656,7762,3925,5593,8030,3939,3045,1126,2537,6124,7662,1264,8435,8563,2547,1271
4478,8579,8068,8452,8198,8841,3850,6540,7566,5775,6286,786,7826,5404,2078,6563,5667,7205,8227,559,5680,4145,7473,3634,7220,7606,7737,1210,1341,1598,3524,8389,6217,6346,6860,7375,6481,8659,6745,1498,6363,8026,8796,7130,3810,7531,4340,5748,8956,7294
1285,3081,8971,5134,8335,7700,6550,3479,7320,3993,5788,5917,5406,4258,6393,7976,2600,5546,2604,4144,1202,6201,4795,3901,7034,4030,6594,7622,1608,1738,4556,4429,6607,7509,5850,5595,8284,2397,1631,7393,6631,4967,4585,7021,3437,7794,2422,7673,8442,7807
7168,6790,6793,3339,3853,7693,6287,1042,8602,1946,6558,2591,7072,6433,3617,8483,8492,5807,9014,3510,6328,6075,6467,5957,4039,5063,7240,1612,2895,7633,2897,8405,2518,2906,8286,99,5736,3305,7400,5867,5612,5101,7918,7151,3827,8179,499,8310,7801,7677
1536,387,4229,1157,6409,3466,3979,7183,5648,5393,7695,4113,6682,2074,1821,4003,2728,6057,6828,7597,2740,4919,2488,7865,2747,5444,8902,8390,5575,7116,2125,4049,1874,7507,7255,734,8032,1250,3557,3582,6376,3178,4078,7408,8049,5366,1399,1786,6267,8702
5509,8202,2314,8332,7565,5647,2705,5139,7955,6295,8604,2460,6179,4900,37,4006,8099,1965,6190,4017,6325,4285,8259,4548,1989,5577,2762,2254,8910,4177,6998,6487,1625,858,729,2782,6752,2532,8550,360,4846,5998,4208,8190,1017,8318,507,7164,3325,8446
0,3974,519,6153,7818,3218,7187,1170,6038,8603,3997,8605,8992,8101,7207,6955,6572,6649,7031,1346,6723,4290,7366,2375,6599,7369,5452,6736,3538,4693,7638,4183,5464,5594,7388,3296,7804,3042,5477,3430,7145,6507,5739,6259,8947,8437,4855,3321,8572,8191
7424,1921,4866,899,5893,8973,3857,7827,280,8601,8092,7971,8741,5287,6695,3242,4395,6316,7598,1717,1718,8758,8503,3385,5050,8642,1604,2631,2759,4424,8015,8399,3153,8537,8282,4957,2399,2273,227,2535,6508,8045,5869,3054,5232,5229,7282,7162,2941,3838
7296,7297,4868,8581,6276,1160,4106,5262,7694,7314,1683,8726,7961,8987,6305,5158,8875,5550,4529,6067,8243,2229,8759,6716,7743,8895,6338,3780,5061,2635,2127,7504,3154,6739,2132,7892,8916,4437,8280,4181,8424,8809,8303,2288,6901,6133,4729,1531,5628,2173
1538,8451,3971,5386,8716,4878,5518,6800,8338,5524,7958,8343,6680,4893,3489,2722,3234,6951,2855,3495,7979,7211,8877,7855,4146,9011,7858,8769,7748,3916,6732,1233,7378,6867,5460,1234,3419,7134,7264,7779,5859,7529,4717,3568,3953,8692,7413,7157,6262,6526
7682,4996,8842,3724,1422,8592,8848,7570,7189,6554,3100,929,34,7334,3239,1832,6313,8362,5673,2471,4392,1198,5886,8871,2996,3382,7232,8901,5449,5707,2252,295,7120,7122,8056,8541,7133,8290,5224,5356,6129,6771,8054,7032,5369,5114,4091,8829,8830,5119
2048,5249,8195,4740,6022,8071,3722,8717,1934,1933,6931,8596,6040,7069,2077,6303,2723,6181,7718,8232,7215,5299,565,6457,2233,7994,6972,6462,8384,199,2505,5066,8783,7889,6612,2646,8153,5722,7771,8283,222,3944,7784,4461,2158,4593,1403,3196,8574,6399
8194,8324,7303,5898,7951,4112,8081,3472,6544,529,6035,7063,7194,8223,3874,8487,2344,7983,5936,7218,2744,1080,8762,5819,4024,1596,6464,4682,8779,8652,8276,8149,5334,2135,6486,5466,8539,7772,4701,7138,6627,4834,8166,4327,3826,3700,3573,1526,6012,1662
3589,271,273,8850,1950,4767,6432,8609,1824,2083,932,6946,8226,807,2724,810,5164,1459,7350,698,7358,8512,8260,3013,454,7883,3022,6351,8788,3286,855,7386,8922,7643,2780,1630,4062,3682,5090,6629,8937,6250,1387,5613,1518,4085,6134,503,6780,2943
5760,5505,8705,8325,902,1414,3976,8587,5009,6162,5141,4117,6809,7325,5022,7458,8355,6178,4903,6823,1961,2727,5163,3883,8752,1970,8370,7346,8244,5557,3890,1467,3778,4163,1476,6724,1348,8647,8777,7754,5325,6222,7765,6744,3298,5482,5866,2286,8825,8575
5632,7304,8715,5265,8210,7446,4631,1558,5918,8094,6560,3233,7074,5152,3876,3365,4647,4138,1836,3884,2350,8239,4656,1977,7867,2429,4157,3011,8004,1221,7882,206,4175,2128,7249,8794,4828,6365,4199,7786,7150,4079,7024,8302,4724,6390,2934,6520,4473,6909
3716,645,2956,2318,1807,6416,6933,7451,8351,3103,5921,6434,804,8103,3112,1833,2477,7728,5554,5428,8118,6710,7991,3129,2491,7872,3393,7362,4802,7618,4165,2754,6345,7243,3068,3663,8532,4436,1750,4312,1368,6624,3552,8678,8683,2034,2546,504,1657,6396
2689,4742,2056,8843,8460,5135,1040,8088,6169,2848,7713,8865,6183,4648,5931,3247,9008,8240,4663,6712,6713,6591,2879,8513,4415,5827,5060,8515,8774,7111,6857,8909,7246,5454,2256,8144,465,8277,2647,7767,7513,5091,8547,5221,5996,4591,1521,5107,8820,5502
3329,1795,1668,8582,5639,7819,398,6929,2578,8977,3474,8341,2454,4373,7832,4506,7709,8222,7842,6692,7717,2342,8998,1068,3629,8367,3123,7348,1592,7360,7233,709,7752,6859,3406,8530,4947,7895,7257,2265,3162,3421,7011,8167,6121,6764,6381,6392,380,7806
6401,6018,4748,6028,3468,6031,4368,7696,8722,3219,788,6549,7318,1294,7448,6669,2978,3493,812,4654,6958,2992,3378,7608,6585,8637,3649,4806,6855,4169,2123,2559,1490,4831,5089,6244,4453,4218,7271,6892,7789,7277,1772,6643,2293,8565,2553,1914,5244,8447
5377,8706,6020,6919,4616,8711,2830,8719,4632,7064,4763,156,5375,5924,3111,5678,6446,6575,308,5685,3639,6456,5561,7866,6458,8508,8640,6982,3530,7756,7758,8915,7517,1117,4704,8033,7010,868,7652,2407,8423,5740,7407,3825,4722,8564,6774,3832,2813,7295
6403,2696,3212,6672,6289,2706,6291,8213,5397,3991,3998,4255,6174,1569,7073,7967,5920,7084,6830,4399,6322,8372,4790,5559,8120,5432,5434,5815,7357,6208,5696,68,7544,3528,7753,7113,6477,3923,6236,7903,5346,4965,5352,7147,7020,3821,5358,4596,4984,4604
8448,4483,6661,8070,4359,4999,5385,8710,7688,8723,8724,6805,1173,7833,7322,6172,2589,6308,7081,6570,8751,175,4913,4658,2482,1972,2612,8889,5051,6588,3004,3259,7487,8001,7239,4552,4298,8653,5841,5852,8034,8035,3048,5993,635,8555,2169,3450,6011,1791
5761,5892,2827,7563,3728,284,2462,1566,8478,4262,1586,1850,2885,5586,1495,5208,2523,2272,737,4320,2666,490,1778,4339,4606
3072,3856,5402,1693,300,303,4528,3127,1724,2237,2108,4678,3785,3284,5207,872,873,874,4076,6384,3314,376,2041,2042,251
4357,4364,909,2573,5911,7707,1696,1191,7464,7468,5297,7349,2046,6583,569,3644,1469,7363,1733,4041,6474,8139,5708,6733,7761,3026,6226,2386,8278,3287,6107,2012,8155,3164,6880,8163,6116,3814,5735,7274,7534,2803,2550,8950,3192,4089,7030,6269,1150,3711
5121,5122,513,2051,6662,4871,6280,5513,4233,5260,6928,8464,2194,5013,6299,1439,4000,5412,5542,5630,4522,7852,1709,4911,3377,4669,7101,7364,1353,4560,6870,5209,4954,4956,6878,5603,4709,7398,3303,7273,6379,8174,8189,3443,8309,5495,8568,5627,2045,4990
8701,2434,6531,5764,5382,8078,8462,2323,1405,670,5535,6049,7975,4135,6061,7477,6711,6074,314,2877,8638,8767,5570,6211,5960,5706,4939,6604,5967,7377,4182,1623,6103,4698,6749,5854,2145,6625,4961,6885,5480,8169,7916,7793,5879,6904,1529,7930,8061,6655
2177,7298,4994,8323,6024,5132,653,8590,1037,2320,5522,7061,4504,3356,7198,4383,8352,1314,3619,5670,4520,4393,1967,6706,5811,2866,8886,8893,830,7231,1474,8770,4803,5702,6728,3401,2889,3281,6623,2916,1640,5609,8301,6511,7540,4852,3828,6647,6265,8062
2946,2436,1797,8453,2053,8,2824,2820,5129,2188,8207,7055,5779,3864,1945,2585,4508,8354,8231,2602,8363,1455,1461,4150,3765,5046,6842,6844,8124,8252,5566,7102,7490,2373,3016,8404,6615,1755,94,7905,98,6887,8813,8685,6896,7536,8818,6004,6772,1277
4741,7432,6536,524,5901,400,6673,1811,1941,7190,2967,1814,2457,2965,5531,5020,5532,1952,1955,6820,7462,4521,2731,1452,3886,8368,434,6323,4020,5301,4791,6330,8899,6472,3913,5070,8402,5843,8660,5719,3671,7259,3935,8041,7404,7790,4475,8822,8185,2683
3585,2433,8322,3970,5241,4615,8201,5642,6926,7054,7443,535,5149,7837,5629,6180,6954,2094,2867,3892,7096,8763,2623,3400,3273,8907,7371,3535,8143,7379,7510,8793,6362,7390,4323,4196,6500,6117,6633,2283,3564,632,4084,4212,5622,6135,7288,2294,8573,8958
6146,133,1286,1146,6665,7690,7051,3593,5136,3477,8470,22,918,5655,4892,160,7078,7079,2472,2090,7083,7338,1968,4022,2364,2493,4543,7799,3656,8141,5581,4817,4946,8403,8789,5468,7523,8932,3688,7657,4457,3312,6514,7286,5111,6646,7161,4602,7291,5372
8704,8838,6663,7305,3085,7058,6803,4245,1685,7960,3615,3744,5281,3362,1059,4904,5672,2475,6827,5037,5810,7476,8504,5946,959,7616,5312,5186,6980,965,6347,7755,2508,6990,5458,4306,5975,5849,4185,4959,3808,7904,6371,8554,3439,2927,6001,8688,7411,7925
8832,128,6274,3459,4867,6275,3337,3594,6283,4114,2451,916,4630,7703,6685,5791,8096,5155,7459,7973,42,5166,3888,1331,6837,3642,2362,7999,2495,3135,2882,3526,6727,8011,7629,2765,1231,6355,7636,7127,8549,4837,5744,5745,2680,5881,8443,5500,2814,6015
6017,3713,8966,8839,1676,1548,7950,8847,5516,5137,2962,895,7578,5275,7583,2595,4643,1576,2603,5548,6704,1713,694,8631,6968,6207,5318,1223,6600,4936,4425,5323,8397,6871,3032,8154,5857,2914,3171,4451,7265,2919,5353,366,3696,7409,6898,2804,5755,2687
6913,7042,8319,5253,3464,4618,4369,5909,7831,3736,3358,7712,5792,5156,8997,5545,8746,5804,3245,4397,7091,5043,8891,8897,4930,4295,5321,4685,8016,5330,7893,5848,4058,6490,4059,5474,1891,3172,4070,7016,4456,2924,3824,2161,8178,4599,7672,5115,5756,4991
2178,8197,5765,3978,6008,4246,4886,2331,412,7839,4641,8098,4133,8497,4667,1980,1339,2366,3775,4808,4680,5578,5834,6220,8912,6097,3666,6738,7508,7253,8918,6609,6877,864,5473,2016,5476,7908,3942,8297,5226,1134,7535,8175,6387,4726,8824,3578,6907,4477
640,8576,5890,643,3461,8077,5907,1434,7452,6137,2206,6302,2977,4515,2467,4391,6952,8104,5420,6194,6196,438,2105,2240,3523,8133,6605,5582,5840,5328,8019,5459,2517,5853,2274,6626,3684,4578,8551,4973,1774,244,6773,1525,4343,3064,8444,3836,1917,7423
5120,7554,8834,3460,6019,5638,6534,7686,7177,5130,7312,3217,4499,8595,6808,2208,6821,1705,8873,5419,6060,5677,4525,5425,8755,7221,6965,311,7738,8379,7868,6978,8914,7124,7764,6742,5972,4054,7770,4700,2911,8415,8808,6380,8557,1776,6768,7419,4092,7167
1664,7809,4737,1686,1687,150,790,2710,3227,1831,430,5423,2226,6198,953,954,2107,2109,8126,1727,2629,2630,5829,8392,2377,5064,6858,5453,8526,2512,4688,2644,1365,6741,217,5339,1374,863,8544,1381,2278,7527,5481,2794,495,4592,5363,4595,4853,117
1408,4354,7813,4488,6284,6797,6670,8079,6802,3858,8854,7321,4377,5401,6940,4381,7457,8619,8621,5933,3630,8881,1329,6966,1463,8896,1473,8388,5062,7497,1481,4811,4943,6864,2387,3028,2901,3285,5978,8924,8159,3551,5093,5862,7141,7410,1011,4601,6651,7420
8066,7301,6789,6922,2186,5644,2833,5398,1562,5151,6048,4771,7848,8107,2860,9005,7726,3503,5552,7089,1074,8633,3003,5052,2363,5183,8511,5830,8903,4551,6471,6602,6730,8396,6606,7632,6098,7384,6619,5214,4191,7263,6756,6634,8815,7665,8053,6007,6139,7293
7681,6148,8328,7179,2699,779,2957,2316,6290,6930,8084,6548,4760,5017,540,5533,2461,5664,5793,6567,5292,5168,7217,3120,1332,6326,4282,4284,6845,3521,5700,7493,2502,5447,5065,6091,1227,595,5597,6113,5601,5729,8934,3816,7406,6003,2164,4215,8440,5884
8449,7937,5123,8708,2561,5899,657,7954,3731,7829,8086,3224,7450,7587,7333,7340,3501,8494,7856,8496,3889,7859,7604,2868,5305,1338,5947,8009,585,2381,5709,4304,4561,7125,4438,2783,8161,6242,1511,4968,2024,3051,4972,4332,6638,1516,7532,4081,8817,7928
7939,7172,144,6032,3475,7573,6942,7838,1787,6562,1443,8996,9000,5289,3371,4524,7471,6834,3637,1078,5943,7875,3140,8904,715,1740,5324,6479,7634,2771,1143,7902,8419,6374,8042,4331,7660,7917,3950,7663,3441,1909,3702,2039,3704,7033,6394,1147,5116,1535
7430,2058,4108,7821,3342,2959,5011,7059,8725,7192,2968,675,7589,5543,4782,7087,7343,1840,5941,9013,2615,1595,5435,3772,8510,832,2113,7878,5448,8393,970,1357,8911,7123,7635,6102,6616,7897,6620,990,7648,7266,1893,4582,6637,3567,3449,5883,893,2302
3968,8967,6920,649,8458,8330,5001,5902,5778,8083,6425,7581,6687,3109,6317,5935,4532,5431,5049,8257,5442,7489,3908,4805,6089,5450,8649,5193,8142,4431,4819,1493,5974,4189,3678,6240,3681,5986,5733,8294,4966,3561,4205,4847,6515,4341,6776,8826,8827,8060
4104,7689,140,2831,4495,6161,4501,3095,8856,8345,4248,3357,8736,6953,7978,6701,7984,4401,8756,3897,58,2745,3771,6717,6468,4420,3272,7418,5195,5964,1741,1742,4815,8394,3665,5071,3292,4192,3425,4841,5098,5610,3820,8050,7796,5877,2296,8441,5242,7550
5376,4738,2568,2570,267,4623,3860,5527,4124,8477,1567,1568,2082,2210,2084,4516,3238,2223,4531,5812,2227,2809,2750,3007,6725,3269,841,844,3662,3791,846,466,1237,2520,4188,1373,4572,1376,4321,2921,6890,2922,4976,3187,1140,4086,4087,3577,2044,3454
1025,1155,4869,1543,3721,1674,5008,2065,2067,3987,3222,1435,1564,1052,1438,4379,6436,2218,2221,3760,2225,3383,706,2371,2372,2118,2251,4942,3279,848,593,4050,1747,853,477,7649,740,6501,2917,1767,871,2793,235,4204,3565,370,2421,5878,2679,1142
5891,262,3719,4103,3977,6027,5519,1681,6677,4636,2973,2338,3108,424,7592,4394,6192,2995,8245,951,3898,4026,1852,3005,1215,3776,3010,583,8268,3788,4945,3413,7126,2773,3669,3801,3290,4955,3933,2654,5856,97,4707,8164,869,5990,4843,4974,5626,4350
6151,8713,8585,4875,7311,5880,4497,1682,3727,532,5148,7071,7590,8743,3751,2216,8874,6445,7853,1072,8115,8500,7993,6203,190,5823,5055,2940,1484,2639,1487,1873,3934,8671,1120,8289,5730,4963,4344,2276,4071,7019,4718,5230,496,6766,2292,1144,3708,382
2816,1154,1667,7044,773,6664,6668,4236,1038,6160,5521,3346,7572,2708,2326,8727,791,7835,4772,1317,8872,3369,5675,1323,1325,8366,2299,8753,8374,4534,2102,8127,4674,3266,5443,8521,3146,4170,2122,459,7502,5583,88,6750,4193,8292,6636,3308,881,7546,123,7551
5507,3331,2691,1798,7175,2184,8844,2829,7439,5264,8593,2324,3992,7065,5016,2203,8472,4129,2340,1065,5932,2732,2864,3635,181,8629,6454,1212,1601,8264,4809,7628,6862,5587,6100,4691,7802,4307,1757,7006,3936,4708,3175,1769,3436,8188,6894,7281,4474,7675,3964,5117
1152,768,7040,2818,6788,4224,1418,8591,4500,8598,1816,7836,4253,1692,8989,5408,8866,6948,4905,7210,3115,5802,3896,5571,6852,6088,6603,7376,6610,4311,8663,3834,350,5471,3423,7521,612,8805,3686,5478,8296,745,1642,5995,236,4970,1649,6641,7285,6518,7671,8314
4097,7043,3846,4234,3600,8720,6163,2714,6043,7195,3226,5915,5407,6559,8364,5293,3374,1199,7088,4657,7341,5683,8627,7478,6200,7739,2748,5438,3263,6720,195,6213,3143,5202,5973,3541,8151,5080,599,8158,3294,8928,3041,6245,5865,3692,8694,8311,4986,7803,6524,3581
8833,8321,7812,6916,6152,8334,3215,7952,5905,912,782,1300,8974,6934,6039,7579,2845,8861,4895,4512,7722,7467,7725,5295,4786,4406,6970,4922,4927,8768,2624,3650,7619,8267,5970,2137,1501,7773,2786,8931,2409,1898,5099,8172,4589,3433,7919,2162,3315,3955,3448,2300
3456,4225,2307,7427,2693,3982,6542,1167,2834,4371,7699,6676,4503,6551,2327,4121,3099,6811,1571,7203,2469,1960,3756,7470,6578,7736,2617,443,5308,7996,8381,1089,4293,3782,8138,7887,6224,5712,591,5074,2262,1629,5216,1889,5217,4706,3553,2147,4324,7530,1655,6906
6144,4227,8580,2949,6406,5767,2822,8965,1935,6674,5270,8471,1688,5273,6681,4386,165,1579,2219,5424,3761,8121,7100,6465,4545,8003,6084,7876,4935,2248,842,4428,1998,8401,8150,3798,3931,6876,8930,2019,5989,2023,1513,1770,2669,2670,2418,5621,4598,6391,6005,2811
4609,6659,2692,6407,8456,7050,7315,3604,5781,4118,5653,7706,5018,2587,1820,8862,6311,8105,3882,8106,4652,4653,6062,6702,3759,3122,7989,4283,7355,829,1854,8258,8008,2761,6729,3403,3667,6872,7899,2524,8165,3301,5223,6249,6126,3190,7159,5368,761,1019,4860,7805
1665,3842,4995,1028,646,1542,2061,5780,1689,2715,2971,6689,937,1067,1964,814,7599,2735,817,946,305,948,1716,697,441,3131,5310,6080,1860,3909,7237,5445,712,2757,4684,3021,8525,5971,981,5847,860,4317,1887,5607,367,3184,4720,4978,6389,374,3710,3199
5504,4482,2052,3335,7816,8457,5255,7691,4622,1911,1427,3734,7575,6167,1305,8474,1944,1302,6046,7710,1575,5031,426,8747,4780,6584,7354,63,8383,3654,6470,1868,2767,3280,5332,7929,5336,3545,7132,3037,6496,4705,2660,8548,8422,3174,4839,8681,8052,6903,5753,2298
4739,3204,2567,1671,265,392,1677,7053,3607,2328,7577,1436,2205,30,1694,1823,5790,1186,1827,292,549,6309,5415,4906,938,4011,1588,3126,3516,704,1216,2756,589,4814,978,3283,1240,472,218,2011,3420,247,1246,1248,355,5095,5096,3183,2672,7539,1781,5367
8962,5635,3844,7941,5256,5772,8204,4249,7966,6050,1699,5284,6307,1701,7337,1450,6443,4909,3504,8882,51,4788,7733,8501,8249,4537,6587,7353,5437,7870,4414,701,7486,8002,4037,4040,8655,3675,5212,3165,6237,2402,5479,7272,6120,4716,750,5742,5236,7412,2873,5498
3075,1545,3861,4891,2087,2088,4402,1587,1918,2236,828,2645,3158,5081,732,4318,862,5087,1377,2923,365,3182,368,5234,7417,510
4356,5007,2841,2842,2459,1565,927,1829,3237,1834,2104,8000,3142,6726,5703,3402,1235,3928,2778,738,2920,241,4210,3186,502,2812
4864,6657,7170,6915,5508,1284,7555,7299,7558,7685,4363,7824,4116,7956,5784,668,5405,4125,3753,9004,8749,2222,3632,317,4413,8639,5441,3651,8132,3141,3398,3910,7494,8771,2766,2129,7890,2769,4052,3797,8279,8407,7512,4445,619,5489,5617,5618,7922,4469,4219,8831
2823,3207,7052,1932,2062,1679,1296,2069,2582,3608,4890,3102,4514,3106,1958,1959,4523,1584,2354,1847,2235,956,1853,445,2751,2238,834,2116,2503,1356,1614,3023,2385,977,850,1108,212,852,859,6235,6109,475,1503,1504,4449,1380,743,363,372,379,3452,3455
2180,1030,3340,7181,6545,7569,5269,5529,7962,4382,5536,7330,4134,3623,8615,6441,6698,4776,4396,2352,2096,8112,6836,2997,5174,5303,6967,7482,2619,3388,3261,6592,5954,1734,4044,3533,5710,6352,81,4434,1619,8024,7002,3166,8672,7777,8810,3179,1900,8300,8561,4082,1394,3570,8438,3831,4982,6777,762,637,4222
1281,4099,6405,8076,7437,5005,4367,274,3348,7191,8599,5271,2972,7076,5541,1957,5159,2089,2478,6961,4277,2614,7226,5563,8764,4160,6081,6721,8645,5704,6221,1744,3536,3282,4823,8057,4187,2140,7906,5864,1256,108,3438,622,2674,243,6260,4857,2043,8316,894
3202,8963,3973,7046,6281,4873,1801,6923,8851,1172,4243,5786,6431,5797,294,4777,1324,7982,8888,5562,6589,4418,5956,6853,1093,7367,8134,7499,5072,2514,5075,2390,3927,6359,7766,2014,3550,2528,7136,3554,7395,4836,2027,7659,2799,7664,8945,4851,7931,7548,8703
6912,2688,6021,4744,1929,1163,2580,1691,7328,2080,2850,7969,4902,8614,7080,5417,5805,2608,2355,3253,4661,7098,1084,2878,2500,7620,8007,4812,4813,2894,1105,8786,3540,7383,6617,1370,7644,3039,8288,7519,7139,6757,6503,5097,7280,1905,1136,7283,7028,8181,5365
2563,8969,3338,1550,5391,3984,3216,2575,6675,8339,2702,7580,8220,3484,6556,5665,1058,5794,5030,6310,8745,7850,6447,8369,4273,5686,5694,2110,7496,5961,3539,5716,725,2008,6233,4570,4827,3418,8413,5984,8417,4579,2659,2661,7143,6639,4466,4213,3065,8698,509
1923,7944,8970,6029,1806,4624,1561,6044,4127,6818,6947,5410,4645,8486,7719,4388,7082,4650,8365,2351,7090,2610,8371,3509,3894,7095,9010,1849,8380,7485,4287,4416,1088,6850,7108,3270,4167,3145,8270,5968,2000,3415,3160,8409,6747,8542,5855,7009,7396,7154,7292
3201,8836,3718,1928,5002,2445,3597,4111,1554,8466,2837,8469,7193,3609,3611,4639,3367,4014,3375,6831,1843,6324,8247,6206,6976,2120,7241,7881,8648,7757,5329,8658,6994,8022,983,1752,7039,7258,7642,6621,8287,8800,6372,3812,4333,8046,4979,7414,8695,4348,5887
7425,1796,6791,8714,7947,6796,7057,4625,7186,6034,3603,5395,408,6168,4635,4764,7965,6817,802,6691,1188,7336,7987,3507,8887,4926,4034,7236,7750,8263,5322,8650,4302,5584,214,2909,5725,1759,8543,2530,5605,4710,6119,5100,5102,1007,8432,4849,2038,3958,6653
6273,5506,515,3843,5510,2950,8584,4617,1805,5267,4756,7062,5785,3483,8347,6941,923,5147,2465,5539,8230,6188,4016,2485,4664,184,3768,6459,6840,5439,1984,6466,8262,6854,7114,7759,8146,4949,8929,5606,6248,5994,4074,2156,6122,6002,5750,7927,6648,5754,2431
8707,1925,3209,2953,2828,1936,1784,2583,1050,5403,1818,8479,3105,1825,297,5034,7595,1581,2862,2738,695,6335,2241,2758,5579,3020,3531,7373,721,2642,3960,5845,2905,1115,5724,1118,5088,4448,736,4326,231,489,5354,1262,2671,1519,3185,1524,4216,2557,1022
7169,7300,4998,2825,395,2444,397,7949,6166,2844,799,3360,289,543,4139,2742,825,1466,2106,6841,6461,1722,4410,6073,5057,836,838,3783,4550,8651,2124,2255,3793,3025,857,7515,4444,1885,6366,5980,4322,2787,7270,6252,3566,4590,8559,6516,5239,1274,1919
258,644,2437,6535,4241,3090,3739,2588,3355,3748,3625,7474,2999,9015,1721,2490,955,958,2626,2499,3397,1863,845,5198,2384,8148,469,7382,471,3542,473,4826,7001,2269,5983,1888,483,358,2918,3180,4077,8570,3313,5361,7667,1015,6263,3705,2554,2555,1278
