2820,4742,2316,8461,2704,7190,3864,8603,8733,8095,5280,3487,5922,8231,3626,3117,8238,1973,2359,8252,572,5566,6979,7623,6472,2377,2375,5452,8910,6997,7638,2007,4440,4693,1882,8411,8926,3296,6369,5347,2789,7910,7655,7269,8677,8426,8037,7790,2031,5616,6767,6130,3059,5624,3321,7674,8061
7432,6536,8,524,2957,8207,6673,1811,6548,2965,1814,2967,5779,2457,5531,5532,2461,5533,4508,1952,8354,1955,2731,1452,5419,3886,1455,5168,5301,4150,1461,3765,6842,4284,8124,6844,7490,3016,8402,5843,8404,3671,6615,5719,3935,6887,7404,8813,8685,6896,8818,4475,6004,8822,4215,2683
7552,6528,1797,6278,6790,2824,7433,3208,3339,5901,14,1937,1941,1945,1946,1053,7455,4896,5537,7072,2212,8356,7462,7720,169,6568,1706,556,2733,2606,5040,6064,5171,4791,7994,3649,962,4039,1608,3913,1612,6735,3792,1361,2258,7259,8185,8030,6111,484,7397,3818,7403,8045,7662,1391,6128,4338,8179,6772,1271,7289,4346
7681,7553,1793,6148,4613,4741,8328,7179,2699,779,2190,8205,6290,6930,8084,4760,5017,540,6813,5664,5793,8485,6567,5292,3120,7217,1332,6326,4282,6845,5693,3521,6594,5700,7493,2502,5447,7495,5065,6091,1227,5068,1101,8656,595,3925,5593,5597,6113,5729,8934,1126,3816,4585,5867,6124,7406,6003,2164,2547,8440,5884
8708,8709,7556,6798,3470,2449,657,8855,6296,5913,8986,2071,5276,3865,8735,6047,417,6561,678,7340,6522,8111,7856,8626,818,5938,8754,1589,3511,2744,5305,4797,5698,4036,6727,8009,7626,2381,2893,5839,5455,5457,8791,7511,7769,8152,987,993,6242,8674,1635,7781,8933,3682,4968,3689,5355,4332,5619,7801,6650,7935
4352,6274,6275,4101,1160,6283,5262,8081,916,6292,8214,8215,6936,3097,7834,6426,6428,8868,7846,5032,7600,6708,4027,1596,5819,3135,6340,4421,1610,4046,1231,8784,6225,3920,6911,7125,6231,8792,344,7525,998,4713,4969,8938,4972,8429,3826,8307,7668,7029,7542,7549,6015
8194,7171,2309,7946,4877,3472,8849,8468,404,6170,8476,8348,6944,8355,7459,3498,2989,9006,4656,7473,6833,8116,8885,7988,8759,1080,7604,7611,5825,6723,4292,325,452,5959,8779,8908,6349,7889,8028,7772,1630,8678,3050,4459,8556,8303,6640,7537,5745,6899,4980,7031,4472
1414,4106,3850,7566,7951,4752,4112,6162,2451,7826,8345,8223,8737,8227,7205,5158,7079,6012,8875,5680,4529,7218,1970,7220,3634,6835,6712,6715,1598,6464,7488,8389,6346,2635,5715,4181,2135,8280,6745,5466,8026,4958,8166,8679,5480,4329,2288,2929,8306,7796,1531,8956,2173
8705,8449,8579,7297,8581,3593,8587,6286,6544,7314,786,6035,1683,7446,7063,5141,8094,6305,8487,3883,8494,8496,3890,6067,5557,2229,6716,8895,6338,6724,1348,3780,8652,8781,2127,6739,2132,7765,8149,7892,4701,7138,7398,4327,8424,8809,5866,3573,6901,6133,4729,5628,1662
5121,5505,7304,3976,4618,5009,3858,22,8726,8987,7325,3358,6178,5156,4903,6823,7464,2090,1961,5163,8239,5936,7346,7476,3129,1210,7867,4802,1476,4295,7754,4811,6222,7761,6481,2387,4952,6362,4059,5603,3172,3814,5862,4456,5482,6638,8302,7024,2934,4599,8825,4478,3711
7936,5633,5632,8452,6153,6028,7694,8723,8854,4631,8470,5918,6560,7458,8101,3365,3111,4647,4137,8746,4138,3884,7083,5933,2472,8243,308,1977,1469,1730,8004,6733,206,7249,5330,6226,5848,5594,5082,4828,6365,6244,5477,6118,7407,8688,6259,4724,7286,4855,4089,2429,8447
4354,4871,5513,4233,8079,6928,8464,6802,1558,7831,7960,6299,4892,7707,5152,3233,4000,5542,4522,7338,8619,1709,1836,4911,1968,7349,2364,3644,965,1353,6864,2901,6870,3285,5209,6878,8159,4704,5093,3303,5735,7274,8174,8189,7411,3443,8309,6646,8568,4602,7420,2045,5630
1408,6913,6146,133,6662,1286,3464,7690,7051,8715,4495,2194,7059,2039,3475,3477,5655,5013,4381,1439,7712,3876,5412,7078,2350,7984,5043,4022,1338,7161,8510,7101,8897,3011,7364,3656,7756,5581,4304,4946,8403,8789,5975,6616,3688,7657,2927,3312,6514,7799,4601,5372,5495
7937,2561,8325,5899,7821,3342,2831,4501,3224,6809,7450,2968,5792,7587,7589,4133,6394,3501,5550,4401,2615,5943,3897,1339,4157,4543,4680,585,8393,970,5964,6220,2128,8912,3666,6738,3578,4817,6097,4058,7648,1891,2024,4457,5098,7531,8297,5610,3824,4726,7545,7418,7291
7939,7172,5380,5123,6795,144,5265,8210,7573,6942,7074,1443,8996,9000,4009,3371,4524,7471,8752,6834,1205,3637,1078,7033,2493,3778,7875,1221,8904,7882,715,5324,4175,6479,1143,8419,5220,6374,4199,8042,4331,7660,7786,3950,7663,3051,1909,3574,3702,6390,4473,1147,5116
2178,3715,7303,4104,7689,3731,7829,5404,3357,7197,7838,7333,3109,5289,6701,7859,2868,2745,58,8891,3771,6717,1980,4420,6468,3140,4682,8394,5708,1741,1742,1740,5071,3665,4561,2771,6609,4437,4438,7634,3292,7902,2783,3425,8161,8036,3942,7532,7917,1516,7928,1787,1535
1154,1667,2691,2949,1798,6406,7175,1418,4236,1038,8591,5264,8593,6160,8598,5270,5273,2714,2340,1317,4772,8872,1065,3369,5802,2732,1325,4653,5932,2864,8366,1323,4534,8127,3266,5443,8521,2122,4170,459,7502,6862,7376,8401,6610,4307,8150,7802,88,3834,6750,3936,8292,612,3175,1769,6641,7281,881,7546,5117
3075,2307,2693,6542,1167,7699,6676,2324,2327,5016,8472,6811,2203,2715,8862,4129,1571,7203,2469,6311,8105,3115,3756,6702,7599,6578,3635,8629,3126,7736,2617,3896,7100,8381,6465,6084,2761,4809,7887,5712,5074,4691,5587,2262,8663,7006,3553,2147,1770,8188,236,4720,7159,6906,7675,3964
3456,4225,4995,8965,5767,2062,3982,2834,4371,2326,4503,2328,6551,6391,3099,1692,30,1823,292,8106,1579,1964,4652,2219,5424,817,7989,443,7996,5308,5310,7876,2757,4935,2248,6224,6876,1757,1629,1887,5087,5217,4706,2019,3301,5607,5096,1513,2669,367,368,2418,6005,1655,7417,2811
6144,1665,3842,5507,3331,2822,1542,8844,7052,2829,7439,2061,5653,8471,1689,7065,2971,6689,1186,1960,937,4011,2735,305,946,948,1716,8121,441,3131,1212,704,4545,1860,4293,3909,2503,712,4684,1356,4814,5971,6100,981,6872,3931,3420,4317,6109,1248,1889,5223,5095,363,365,2670
6659,1028,3204,4739,1671,392,1545,7050,2567,265,1677,7053,7577,2587,1820,2205,5790,1694,1827,549,6309,5415,2088,3882,938,3759,3122,1588,4283,828,3516,1216,2756,4040,8008,589,978,3283,1240,472,218,2011,732,247,1246,1377,355,6249,3183,2672,7539,1781,502,5367,1019,1918
1932,1935,5007,3861,2582,3607,3608,1688,4121,2459,2841,1565,3102,927,4891,4514,3106,1829,1958,1959,3237,2087,1834,4906,1584,4402,1587,6454,2104,2235,2236,829,2238,834,3782,6726,842,591,3023,977,1235,2645,3158,5081,6235,4318,862,2920,7530,3182,241,5234,372,4598,510,3455
4356,646,2823,3207,1679,1296,5780,2069,2842,4890,1436,1067,4523,814,2354,1847,697,956,1853,445,2751,8000,2116,2812,3142,5703,3402,3021,1614,2385,850,852,1108,212,5847,3928,2778,859,860,475,1503,1504,4449,738,1380,743,2923,3184,4978,4210,3186,6389,374,379,3452,3199
5125,7942,7047,5768,4485,6282,5258,7434,7309,1807,7954,6293,8982,8342,1176,3738,6683,4637,2334,3103,2983,7724,8109,8623,6579,6070,7734,7480,8760,1334,6270,7104,7747,3657,2378,6986,1865,6351,6354,8788,1878,3548,5470,4575,5731,1251,6375,7276,2796,5103,2034,7026,5364,3193,8572,4094
387,5381,2313,7818,3088,1298,3091,6298,7451,3740,7326,8609,5026,3491,8357,8741,8489,7849,7854,7727,3248,4783,5428,5429,8117,7351,5688,3641,8118,8898,8773,4165,5831,6732,8012,6093,6992,8787,6356,1242,8539,8668,3552,6761,8047,2806,8953,8700,6782,5759
4872,6411,4878,5650,284,3872,3616,8739,4262,1194,9002,7979,7213,942,8495,7728,7344,4019,4153,7481,8251,5436,6079,7872,5313,4548,8260,5577,5323,7164,7500,4177,4563,5588,6228,3419,7518,4195,5859,7526,8937,4588,876,3695,3952,7023,4081,254,7932,6526
2438,5770,5387,7568,6416,8979,6421,8983,8087,6169,920,1307,7704,6423,1184,7715,8750,4528,4146,9011,6709,8502,8376,7869,6600,3785,8776,8780,5837,4558,1358,7378,2002,5718,7128,6105,8537,8798,4703,7779,7268,7529,8043,2539,7915,4335,3696,3698,8948,6654
3716,645,3077,1288,5257,5386,4492,7447,8351,7201,8865,3234,5928,6440,8360,4264,7469,6065,5554,6396,4925,3647,7748,5060,6599,5705,5580,3277,2510,3916,4689,4565,4824,7134,7264,6882,7653,8039,3176,3306,6507,8683,5484,6254,2412,2932,4600,2425,4732,6142
4480,6917,4230,519,5128,5773,4989,6418,8338,2964,5654,2722,4259,6434,7845,6053,8103,37,7209,5799,7855,7215,6963,7991,8382,2111,7871,1857,3138,7362,6851,5191,8775,1097,8520,6216,7885,8271,5713,6491,734,7013,7014,8041,5487,3953,8180,8823,8312,5245
1538,2694,7817,6538,5906,8340,6038,3229,5023,8994,4900,7207,3881,3242,6955,940,7986,9014,7223,6710,4023,447,1346,8643,8516,4676,5188,7749,4299,4427,3917,4303,8017,6867,8532,5464,3288,7388,8032,4067,5350,6893,4078,7152,5232,7923,8437,7415,7804,4221
1536,8327,6409,8716,7693,7183,7695,4113,280,6680,7194,2074,5921,3489,6695,2728,6057,6828,3252,7865,5050,2747,6075,3393,1604,5575,4424,7116,2897,1874,7507,7633,858,4957,6624,6625,3557,6376,360,3178,5612,4717,3054,5101,6384,2546,1399,7162,6267,3838
1664,7809,1411,8324,3466,2571,5263,8722,150,2710,3480,4251,6176,4003,8618,2226,7992,7608,8130,5829,6855,8392,5064,6858,7369,2891,8526,4688,2512,3538,1490,1365,7255,8667,8544,3042,4581,8038,7527,872,2537,7145,2279,6895,4592,8692,6262,1789,8702,8191
7682,2318,7696,5139,7955,6549,7189,7958,6554,8099,804,3493,7334,2471,2344,4521,6820,6572,2477,4654,1198,4017,434,2996,6325,7350,3382,4024,6585,6198,2491,8126,7618,2754,8259,1989,2254,465,6742,6998,1625,729,4965,1381,7277,3700,5369,5244,1017,5886
2689,5114,4747,1422,3856,7570,6933,1687,5660,6045,3100,1824,929,34,7075,2083,932,6946,3239,5288,295,810,1831,300,7597,1832,303,8499,2740,1727,2883,5444,8390,3022,3284,855,4312,7133,1374,5090,6627,1254,5739,6892,5869,5229,5490,8439,2042,8318
7424,4866,6531,5893,2827,8078,8462,7054,7827,8601,5275,4767,8226,2724,4391,4648,4392,1833,4395,812,6061,7598,6958,1718,953,954,6211,8515,3400,2941,8154,5339,7265,6626,4578,5091,8164,5224,8169,2666,1518,7793,7409,1521,4593,1525,8056,1657,4218,1917
3072,6401,6018,5892,7563,4748,3468,1294,3728,4368,8850,7318,7448,5402,8604,1693,1950,2978,6190,5423,8631,1724,6207,3013,4806,2629,4425,8397,7120,7126,1495,5208,5207,7643,2272,2532,4453,7271,1772,5613,5998,495,4973,1778,244,8565,2294,2553,1914,2559
6017,5761,5891,7686,5129,5516,5135,1040,6031,4499,8088,2585,2462,8478,6049,6183,8363,5548,5931,3127,2237,6591,8513,2373,2630,4678,2885,8914,5972,8277,6741,6103,2647,7767,2523,94,5854,5857,98,2278,5990,873,4591,3314,2293,4853,376,251,1405,6655
4737,3713,2946,2436,2053,3721,1676,1548,7950,2188,5137,2962,3987,7578,3227,4379,7583,2208,4643,1576,430,3760,1713,694,6968,2107,2109,7102,5318,1223,2687,2644,853,6871,3032,217,1755,863,2914,4451,2919,5481,366,6898,4595,5363,2421,2804,1277,895
1025,1155,4869,262,1543,1674,7948,5008,2065,2067,3222,1435,1564,1052,1438,6436,2218,2221,2225,3383,7358,706,2371,2372,454,1991,2118,4169,2251,4942,3279,848,593,4050,1747,477,4062,7649,740,6501,2917,1767,871,235,4204,3565,370,5878,2679,1142
3719,4103,3977,6027,5519,2705,1681,6677,4636,2973,2338,3108,424,7592,4394,6192,2995,951,3898,4026,1852,3005,1215,3776,3010,4932,583,74,8268,2125,3788,4945,3413,2773,3669,3801,7513,4955,3290,3933,2654,5856,97,4707,869,2793,4843,4974,5626,4350
7040,4097,4224,773,6668,3346,7572,2708,8727,6043,7836,4253,5915,5408,6948,4905,8364,5293,7341,7088,8753,7478,8374,6200,2102,4674,5571,6852,6213,6088,3146,6603,4428,5583,4311,350,5471,7521,8805,3686,5865,1642,5995,4970,3308,6894,123,1649,7285,6518,7671,8314,7803,6524,4986,7551
768,7812,6788,3846,6407,6152,4234,8334,3215,912,5905,3600,8720,1300,5784,3226,7579,7835,6559,8866,7722,7467,7210,4909,3374,1199,5295,4786,8627,6970,2748,4414,8639,4927,5438,7619,3143,4052,3541,7773,3294,8158,3041,2402,6245,3433,6636,3692,8694,3448,761
1152,8833,8321,5635,1284,6916,8962,8974,782,5521,6163,6934,6039,2845,4895,4512,5675,7725,4406,4413,6080,8768,8771,7237,5445,7494,8267,8525,5970,8151,5080,2137,599,1501,8928,2786,8931,745,2409,5099,8172,4589,1898,7919,2162,3315,3955,8311,2299,2300,3710
2818,7044,6664,7952,1816,8861,7470,7733,3263,1089,5441,3650,4037,8138,5973,3675,6237,5216,4193,4324,5478,6120,8681,8296,5489,7929
7427,7043,7816,1427,1302,1944,8474,7195,8989,4780,8249,4922,5437,7870,8383,2624,701,3398,6470,5202,3037,8548,5753,5498,3581
5504,4482,2052,3335,5255,8457,7691,8204,4622,1911,3734,6167,7575,4249,1305,6046,7710,6050,1699,1575,5031,7337,426,6443,8747,3504,8501,2873,7354,4537,7486,63,3654,1868,2767,3280,7890,5332,5336,3545,7132,6496,4705,3174,4839,7272,5479,750,5618,8052,6903
6657,7170,6915,7555,7299,7558,7685,5256,7941,3844,4363,5772,7824,4116,7956,4125,5405,7966,6307,5284,1701,3753,1450,51,4788,6584,7353,6587,8002,3141,3910,2766,8655,2129,2769,3797,7512,5212,3165,2660,8422,619,4716,5742,5617,7922,5236,4469,7412,2298,8831
4992,8451,3460,5382,3592,7307,5644,5392,7319,2199,3225,2589,8606,6815,5287,6699,4271,7477,7479,4407,3001,5561,8123,6839,3518,5823,4670,7745,2247,4552,5960,7370,5070,8015,7762,5335,1368,5852,2525,6238,8799,5344,6497,8034,3427,4834,4709,1122,7410,7282,7924,5879,888,7930,5246
5890,3971,6922,5776,2833,7441,6289,4498,8085,3218,4377,4889,412,5024,4257,7841,6051,7457,6566,3495,3112,8617,2858,5164,7852,6574,8883,6068,1463,7864,3257,5817,2875,1467,8511,8128,8772,6085,7113,1481,8906,5078,4956,5342,8802,7651,4198,8697,1646,3188,4983,7544,5241,2558
8066,3462,3212,2959,7311,2706,5011,6291,4255,2463,1569,7331,7848,8107,2860,7343,4399,8497,5552,7089,8372,8120,5432,3384,8893,3520,8769,8903,5448,6730,1869,6606,4815,7758,1110,8790,5978,5214,990,5215,7903,8932,4582,5991,8807,5352,3947,632,6637,8053,8824,5883,1660,4477
6785,6403,7430,5766,5512,2696,5898,5643,3214,5775,3998,8096,8098,5543,7084,4782,7087,8880,7602,5941,7606,9013,3259,7868,5435,68,7878,3911,7497,1357,974,7123,8659,6102,8535,2775,7897,1498,8918,6620,8924,7901,8534,4961,3810,7266,5868,3821,7020,3567,7413,3704,4733,7294
8590,6672,5397,3095,7192,7961,1562,7321,3991,6174,7967,7073,7726,3503,7983,3377,8881,7475,4020,2870,1719,5815,7607,5434,3003,5052,7357,8894,5183,6074,8633,1341,5061,1606,6983,6984,8905,4938,4939,3528,6477,6471,3923,7253,7894,8661,8920,5334,6236,5346,1893,6634,2541,7157
2573,529,5524,8213,5911,7454,1696,5920,1191,6953,7978,7468,9005,6830,8756,7093,4790,5559,569,7743,5696,1473,7363,5955,1733,3272,1225,6474,8139,7753,3154,5460,8155,2012,6877,6880,7905,5474,8163,6116,7550,6756,3820,7534,8050,4596,5877,8950,4984,8441,5242,4604,7293,1150
4868,7813,5253,7301,3978,4364,909,6931,8083,6805,790,6008,3736,5401,5791,3362,6520,6954,6827,8621,565,6966,4667,4285,6208,4930,4551,5450,5195,8783,8016,3026,7635,1493,3287,7384,5849,8794,7263,2794,7147,2158,3694,8815,7665,4079,1011,5358,5238,2550,3192,7030,5756,8319
3340,7181,4367,6545,7569,5269,5786,4382,5536,7076,8615,4776,2089,4396,6447,2352,8112,2096,6836,2997,5174,5303,7482,2619,3388,3261,4160,6592,5954,1734,7499,4044,3533,5710,6352,81,4434,3282,1619,5072,8024,7002,3166,8672,7136,5864,1256,8810,3179,1900,8300,2027,7664,8561,3570,1394,8438,3831,6777,8316,4222
1281,8963,3973,4873,6923,1163,5005,8076,2575,274,4243,7191,8599,5529,7962,6431,2850,7330,5797,5030,5159,1957,4134,6698,1324,6961,7226,8764,2878,6081,5704,3145,4812,6221,8786,5075,7766,6359,4823,1370,2140,3550,7395,4836,108,622,8945,2674,762,7548,637
6405,8969,3338,7437,1550,8851,2580,7580,6044,7328,1058,4645,8614,7080,5417,7850,4777,8365,2478,2608,4273,2610,8371,2614,6721,6850,7620,8134,4167,7496,8007,3536,2390,3415,2008,6617,8413,5984,8417,8288,6503,5097,6639,1136,1905,2799,7283,6260,8181,4851,3065
3202,7300,1030,4744,397,2702,5391,3984,8339,5271,1691,8220,8479,7969,5794,4902,6310,8745,1581,8369,2355,3253,4661,7098,1084,6461,5694,2110,5057,2500,5961,8651,4813,721,725,4570,4827,3418,7644,3039,4579,7139,7396,7270,7143,6757,2661,7280,6516,3958,509
1923,8836,2563,7944,8970,7947,7949,1806,4111,4624,3216,8466,3609,4127,799,5665,6818,6947,5410,7719,4650,3375,2351,7090,9010,3894,4410,8380,4287,6976,7108,3270,8648,8270,2000,3793,3160,8409,6747,4444,8542,8287,8800,7009,3812,6122,7154,7414,8698,7292,7039
3201,6273,3843,5002,3597,1554,5267,6166,1561,7193,3611,3484,543,4639,2465,4388,8486,8230,3367,4014,6831,6324,5686,7095,8247,6840,6206,6466,6854,2120,7241,7881,7757,5968,5329,8658,6994,8022,1752,7258,7642,6621,5855,6372,4074,8046,4466,6002,4979,5750,5887
8707,6021,1929,1801,395,6029,5395,6675,8469,1172,2080,1825,1188,7336,7082,2862,6967,695,5562,6589,1088,5956,6853,2758,7367,838,8262,8650,5579,1093,2642,3539,6233,1115,5724,5725,2014,7519,2528,1885,2659,489,5354,7659,3438,1519,8432,1524,7931,2557,1022
6912,2688,4099,7046,6281,3209,2828,3348,2583,1050,294,3623,6441,5034,7595,297,5805,7982,8888,1849,1466,5563,6335,4416,2241,4418,8645,3531,3020,7373,2894,1744,1105,3540,5716,5845,3927,2905,736,3554,4326,231,1262,2671,4082,7028,4213,4982,5365,1784,4857
7425,1796,6791,8714,6796,1936,7057,4625,7186,6034,3603,408,6168,4635,4764,7965,6817,3105,802,6691,2738,7987,3507,8887,6841,4926,5439,4034,7236,7750,8263,5322,5584,2514,214,2909,1759,8543,4448,2530,5605,4710,6119,5100,5102,1007,3185,4849,2038,4216,6653
5506,515,1925,2950,3718,8584,4617,2953,5510,1928,1805,2445,4756,2837,7062,5785,1818,5147,8347,6941,923,3483,5539,4139,6188,4016,1843,2485,4664,184,3768,6459,1984,7114,7927,7759,8146,4949,983,1118,8929,5606,6248,5994,2156,4333,8695,6648,5754,4348,2431
7169,258,2180,2437,6535,5403,2588,2972,6556,3748,5541,2043,3625,7474,4277,3509,825,7485,2626,2499,1863,5198,4302,2384,8148,7382,471,3542,7001,4826,4187,8057,2269,7383,5983,1888,7777,7906,358,3180,6252,8570,4590,7667,243,3960,3705,2554,2555,894,8703
644,4998,2825,2444,4241,3090,6263,3355,3739,2844,3360,289,2742,2999,9015,1721,2490,955,2106,1722,6073,958,836,3397,4550,3783,2124,845,2255,3025,469,473,857,7515,5239,5980,6366,5088,4322,483,2787,2918,4077,3566,8559,3313,5361,1015,1274,1278,1919
128,8832,8198,4615,6540,4245,4630,7703,1429,3093,8730,5020,7069,3874,1059,5671,935,4915,8244,2233,2367,7616,2882,8386,3524,6345,6217,7243,6860,6347,4298,7375,8400,2256,6355,4694,4310,4185,5468,8796,7391,4320,6752,479,4837,7017,4844,4205,4846,5744,2675,4340,5748,7541,2680,5881,6140,7037
3968,8967,6920,649,2058,5001,8330,6797,5902,6284,6670,5778,6425,6940,7581,6687,3615,3744,6317,3630,5935,1329,4532,8245,5431,6651,5049,8257,5442,7489,3908,4805,6089,8649,2508,4431,4943,4306,4819,5974,4189,3678,3551,6240,3681,5986,5733,8294,4966,7141,3561,4847,6515,6776,8826,8827,8060
5760,5377,4610,902,6665,8719,4497,2323,4117,3223,6424,5530,2716,5022,2976,547,2727,8240,8370,8242,7732,8762,6203,4163,6982,8777,6857,7251,4182,8283,3169,3298,8289,7652,2145,6243,2535,5740,2286,5107,6141,5375
8706,6020,6919,4616,6151,8711,6032,7064,4632,4763,160,8736,6562,5924,5678,6575,5297,3639,6456,7866,6458,7288,5706,3530,8141,8915,1117,7517,4192,8033,7523,868,2407,8423,3825,4722,2803,4212,8564,5111,3832,7295
8067,1540,6661,5637,5385,4875,6667,7565,5647,1403,532,8724,4505,5148,8605,3871,1061,7590,3878,7591,7081,3370,6826,1830,8751,6014,7483,7487,576,3904,3264,4800,6344,8137,1484,5841,3411,8660,8917,1120,5730,8035,7913,7019,8940,5230,4718,496,4463,5493,8182,8821,1144,6011,3708,8190
3840,5509,3974,8071,6154,8203,7822,8976,5649,5907,1940,1686,7833,6172,7452,1566,8871,3751,7593,8743,6952,3378,1586,8500,7862,7993,1850,8505,190,3775,7614,5707,4172,5453,6736,8913,5459,3795,5592,7641,3325,4343,8541,3934,8671,5473,8551,3048,6765,7666,6134,8054,5755,8829,1791
3329,4359,8842,3727,7055,8977,3474,8592,1682,4373,7322,7709,6302,8222,2206,2977,7717,8998,8362,8367,4658,3123,5046,7232,8001,8901,7752,5449,5578,5834,2252,3068,3406,8019,4947,7895,7257,2265,5853,3421,2274,7011,5476,8290,5356,6381,6129,6771,6773,7032,2041,4091,380,8830,5119
640,8576,8448,643,4483,3461,5765,8710,7688,5639,1173,2454,8341,1434,2331,7839,2169,4515,2467,6308,2342,6570,5420,175,4913,6194,2482,6196,2612,438,2105,5051,3004,2240,3523,8133,7239,6605,8653,7508,3162,864,2016,3836,3684,8167,635,1774,7535,6387,6137,3450,6907,8444,7423
4609,4227,2692,8580,2184,8456,6674,7315,3604,4500,4118,5781,3992,6681,7706,5018,791,5407,4386,165,6062,4657,8882,5683,3761,181,7355,7739,1854,6720,1601,8258,195,8003,8264,6729,3403,7628,1998,3667,3798,7899,2524,3423,8930,4708,8165,5989,2023,3436,6126,5621,3190,5368,4474,4860,7805
7428,6533,5894,3724,8717,8848,3473,4754,4758,8343,4504,1821,1311,7840,1314,5668,1447,6184,8234,3755,4267,5553,7858,5299,5426,689,8503,7609,6972,3519,8255,8384,3395,1219,7107,8519,199,6731,8909,1616,7122,7891,980,6614,3673,8153,3803,7260,4060,8801,6498,8803,2404,7782,3302,3944,6251,6635,237,748,1003,2667,8305,8690,6385,4597,4086,3317,8569,3322,4861
5376,5249,4738,1921,6022,2568,5497,2570,267,3722,1933,1934,4623,5640,3860,6040,4124,8477,1567,1568,2082,2210,2084,4516,3238,2980,4393,2474,6649,2223,7216,4531,5812,2227,2809,1717,2750,3007,830,6725,3269,2759,841,844,3662,3791,846,3196,466,1237,2646,2520,4188,1373,4572,1376,4321,227,7784,2921,6890,2922,874,4976,3187,1140,4087,3577,2044,3454,6399
512,4605,6786,899,4996,4229,6026,271,273,788,5658,4517,4006,1320,685,1326,1965,6450,7731,8758,4665,5690,4539,2108,8765,5950,3132,6341,5573,7240,1994,2123,3663,4049,5586,7380,8156,2780,2782,7422,737,5089,3299,503,490,491,4076,8941,5996,8943,4208,4339,3319,504,507,6909,4606
2434,8070,4999,2056,5897,8843,8077,4880,8981,8092,8224,2848,7975,8874,6316,5549,1838,3247,1072,7472,4143,5685,6713,8889,2877,8637,5055,8640,4415,8767,3139,6597,7111,2631,3018,5454,2639,5967,3153,7246,7247,2517,8923,7010,2276,5993,8555,3057,8946,8820,6774,6904,2813
6019,5764,6280,8585,5260,8460,8595,3219,6803,2711,670,5535,4135,8104,1705,8748,2992,9008,7092,1972,6711,4663,3385,314,4669,8638,2879,8642,6604,5582,5840,8144,5328,4698,4954,6749,4831,2399,6885,5221,4071,7273,6379,7916,7789,6643,3064,1529,5627,8701,4990
5120,7554,8834,5638,6534,8713,5130,7177,7312,3217,6808,7071,6821,8873,6060,5677,7853,4525,5425,8115,8755,7221,6965,311,7738,8379,5570,6978,1487,1873,7124,7764,4054,7770,4700,2911,8415,4963,8808,6380,4092,6766,8557,1776,6768,2292,5880,7419,2940,382,7167
8064,3586,4994,1668,8465,8212,7832,8857,7198,5282,7718,2866,3763,4148,8761,7612,5181,4542,7360,8385,8902,6859,1229,4436,6612,1623,4569,5722,7771,3038,6623,1762,3430,1384,492,1266,3828,7933,6398
2048,8582,7819,4108,398,6929,2578,5142,4506,6303,8607,7842,2723,6692,2856,5546,1068,3629,1840,7348,1592,1595,3772,7740,6462,832,7233,709,8523,5965,8530,2916,6121,6764,6769,6392,893,7806
6149,5132,1037,526,8975,2320,4115,3356,4383,4384,3619,5670,553,6187,6706,6457,7231,8770,7492,5702,6728,2889,3401,6985,4173,5204,6486,604,1640,1643,8301,6511,624,7540,1653,6265,8062,2177,7298,8323,6279,6024,7561,653,5522,7061,5527,8352,5286,4520,7596,1967,8879,5811,8884,8628,8886,3254,7097,8634,1474,4803,4553,4042,2505,7372,5066,3281,8183,3035,8927,6114,1506,7140,5609,2284,5873,6642,2290,4852,7669,6647,5112,3069,2302
513,3970,4488,8968,6539,2830,8847,400,8853,8725,535,795,4510,8993,4898,5925,4279,5053,7229,2623,8896,4673,320,1986,7371,8396,2765,4560,2386,7379,7510,6744,3164,7646,2655,6367,8804,8806,7142,6760,6633,2664,2283,6508,8431,4084,630,763,8958,2303
3585,2433,8322,4357,1146,4365,6926,6007,5136,7443,6685,5149,4893,675,6180,5155,6139,2094,2867,3892,6837,6452,7096,8763,2495,2121,2762,3273,6602,7629,3535,7632,8911,8143,8793,6873,6619,7390,4191,4323,6500,6117,8553,3564,5622,6135,6905,8573,8443,5629
7168,3459,4740,6789,4360,6793,8458,3337,2186,3853,5518,8973,8588,5642,8201,5398,7837,2591,5151,6048,4771,5672,4904,7211,4397,1074,6583,4921,3642,2363,7999,5830,5063,8907,2814,2895,6990,1234,6098,2906,4196,5736,3305,7400,7918,7151,3827,2296,7677,3582
7296,0,2051,8068,8454,8841,8202,6157,4114,4376,8217,2077,2078,4766,6563,5667,7973,7971,2216,42,8236,4141,6445,559,6446,4145,7737,8508,6588,2366,2113,5827,6215,8265,332,7504,8916,8276,8278,4183,7130,6363,7776,8291,4841,2153,7150,8048,8434,8947,1526,4344,2046
8704,4867,8838,6663,7305,3594,3085,7058,1685,8086,4248,4641,5281,2475,5037,5166,3888,3889,5810,1331,8504,5946,5947,959,5312,5186,6980,8388,3526,4808,5193,8011,7755,5325,8142,3028,7127,4959,3808,7904,6371,7908,1511,5226,8554,8175,3439,8817,3441,6001,4341,7925,5500
6658,7431,7815,8712,8075,8972,8846,1170,1042,8852,3989,8959,8728,3352,6682,5788,8992,1697,4770,7206,5673,2602,7465,3628,3379,1076,8373,3510,5047,2488,5820,6077,8254,6334,6848,5185,8129,5699,5957,7366,8774,3144,1738,3659,8399,6607,1233,7377,7509,2518,1750,4696,6874,5595,3939,99,3045,8550,1130,1264,7408,7794,8435,8563,499,8310,7807
1795,1157,1285,3081,2314,3979,8332,8971,5134,6287,5648,8335,3857,7187,7700,6550,3479,7320,3993,1786,5917,3997,5406,3617,4258,7713,6393,7976,2600,2603,2604,5807,4144,1202,1459,4919,6201,698,4795,3901,7034,4030,7622,4556,4429,6487,5850,6107,8284,2397,8286,1631,5601,1250,8547,7393,6631,4967,3437,7021,3568,8049,2422,5366,7673,8442
6276,8453,135,140,6800,4627,6165,4246,6295,8602,7323,156,2460,6558,6433,2339,8483,3621,6951,2855,2347,8492,8877,8622,6577,6322,4403,6323,4275,5809,6328,6330,2362,6205,6973,2242,6467,5458,7636,8405,5720,8549,7528,2543,753,6258,6131,8051,117,2167,4223
8195,3589,8966,5131,6669,6161,4122,6432,6179,2595,6181,807,8232,6704,8512,4936,3148,5709,8527,6483,6232,8282,3171,2149,7783,8552,6250,1387,4461,6780,8574,8575,2943,5502,8839,2956,8596,918,8856,8636,8647,7883,4818,3286,8922,7386,4316,222,6629,5353,4085,4607
8192,5122,8197,5646,4369,5393,5909,4886,8997,6437,6191,8778,4685,4439,6490,7774,6759,7016,2924,1134,5486,4464,2161,7536,3449,3706,6269,4991,7042,2196,7067,5545,6313,5804,3245,6319,8368,7091,4290,8899,5062,5321,4041,7117,7893,2273,4070,1514,8178,7672,5115,8446
