0,1025,2053,3077,4103,5128,5129,5135,7183,2065,2067,5139,7189,7194,1052,7201,8226,3108,6192,3127,2107,2109,6207,3138,8259,5188,2118,5191,6216,4169,74,1097,8268,2125,8271,6228,8277,7255,94,97,98,7271,4204,7277,6254,6262,1142,8312,4218,6267,5244,5245,5114,1155,4230,2188,3222,7318,3227,3229,8351,4259,7334,8360,2218,8363,3242,2221,2225,6325,2237,8382,1215,5318,1223,2251,8397,3277,3279,217,3290,5350,235,4335,7409,5363,7415,5369,251,1277,4350,7424,6401,262,1288,6409,6411,5387,4368,6418,6421,7447,280,7448,4379,8478,2338,6436,4394,4395,7469,3382,3383,5436,8513,1346,8515,2371,2372,4424,4425,4427,1358,7507,3413,7513,4451,6501,4453,5481,6507,2412,366,5487,370,8565,2421,1399,376,2425,2436,2438,3466,7563,4492,5516,3468,5519,6549,6554,7578,1435,1438,7583,8609,3489,3493,2471,424,4521,8618,7592,6572,2477,430,5548,7598,5554,7608,447,7618,454,5575,5580,4558,2510,465,7633,1490,4565,1495,8667,2523,477,7649,4581,8677,3557,2537,8683,5612,5613,3565,4593,4595,5626,8702,2559,1536,519,1543,8716,1548,7696,8722,6677,5654,7704,2585,4636,1564,4643,6695,1576,2602,2603,6709,5688,3647,7749,583,8780,593,5713,2644,3669,5718,2647,1625,8798,4703,2654,4707,2666,3698,3700,2679,5755,2687,4737,2689,3713,3719,3721,1674,4748,1676,5773,3728,1681,7827,4767,2724,5799,2728,3760,1713,694,7865,1724,3776,706,2754,6851,4806,6855,3788,1747,3795,2773,6871,729,3801,5856,5857,6882,740,1767,2793,4843,1772,6898,1778,8948,2804,2806,5878,7932,5886,3838,5891,5892,4869,5893,2827,8973,7950,8979,6933,7958,8983,804,5931,6958,7991,6968,3898,1852,4925,2885,3917,4942,848,4945,853,4955,3933,863,2914,4965,869,2919,871,2917,5990,8039,8043,4974,2932,8056,1914,4989,895,6018,3977,6027,6031,5008,2962,3987,8087,8088,2973,929,5026,6049,8099,4003,6053,6057,4017,2995,2996,951,4024,5050,4026,6075,3005,7102,3010,1989,1991,7116,6093,3022,2002,4050,7126,6103,3032,7128,8154,5090,8164,3054,8180,7162,6142
2820,8,7432,6536,2316,8461,6673,5779,6548,7190,3864,2457,2461,8095,5280,1952,1955,8231,1452,1455,5301,4150,1973,1461,6842,6844,4284,5566,3016,8402,5843,8404,6997,5719,4440,6615,8926,3935,5347,7269,2789,6887,7910,8685,7790,8813,5616,6896,8822,4215,2683
6657,7170,6915,3844,7685,7941,3846,6152,3335,6916,7691,8204,8457,4363,8974,8720,7952,6163,4116,7956,1302,6934,5915,4125,5405,2845,7966,8747,6443,7470,51,4406,2873,6970,5437,7486,4927,8768,8002,3141,3654,6470,3910,2129,5970,7512,2137,3675,5212,3165,5471,3433,1898,619,5742,3955,5236,4469,1911,3448,5753,8321,7299,7555,7558,5256,8334,912,7575,6039,4249,6043,6050,6307,1699,1701,5284,3753,426,1199,4788,7353,7354,6587,8383,4037,2766,8655,3280,2769,3797,5336,3545,7132,1501,8931,4324,7919,5617,7922,5618,761,2298,2300
5632,8705,8194,6146,2561,4618,7690,4112,1558,5655,8214,5152,7712,6178,7205,4133,5158,4138,5163,6701,8239,2045,7218,8243,7220,6712,58,4667,3644,6715,6717,3656,4680,1610,8779,6220,2127,2128,6225,6226,3666,2132,8789,4181,6738,6739,8280,5209,7772,4704,6244,3688,8809,8297,8309,4726,7799,8825,2173,3711,7297,133,7304,4233,1160,8849,3731,7829,3224,8348,7838,6305,7333,6823,5289,1709,6833,7349,2229,2745,7867,8891,8895,3778,3780,7364,6346,5324,1741,206,1742,8912,4817,2771,6870,3292,6365,7902,6878,7398,4327,8424,4329,7917,7407,3312,7411,6899,6901,7928,6394,1787,8956,8447,7937,8449,4871,5899,4877,6928,8464,7446,7960,7450,5404,3357,5918,3358,6944,5412,3365,7464,3883,1836,9006,4911,5936,3890,7476,5943,6468,8004,1348,1353,4946,4437,5975,4958,3425,3942,5480,7528,4457,8556,7532,2927,7024,2929,6514,7536,2934,8568,5505,8581,3976,5513,3464,7051,7566,5009,6035,5013,3477,1439,6560,7074,7587,7078,1961,4522,3501,4529,7604,5557,1977,1980,7101,1469,4543,452,1476,4046,5071,6097,8149,8161,998,6118,2024,7657,1516,8174,8688,6133,2039,7161,3578,5116,8189,5630
1664,7809,6658,1411,8324,2571,150,2710,3480,4251,2462,6176,5423,2226,6198,7992,8126,1727,8130,5829,2630,5064,2377,6858,2891,8392,8526,2512,8017,1365,6741,5339,2525,1374,8544,1381,8038,2278,7527,4592,8692,117,4853
8448,3329,8710,4359,7688,8203,4373,2331,7709,7717,8998,2342,5420,4913,4658,3123,6194,6196,3378,2105,7232,8001,7239,7752,5449,4172,3406,6736,4947,7508,7257,3162,864,7011,3836,4091,7535,6771,8054,7032,2169,3450,380,8829,8830,640,8576,643,4483,5765,3461,8842,7055,8592,3474,8341,2454,7322,1434,7839,4515,6308,2467,6313,7593,6570,175,8367,2482,5046,5051,3004,2240,3523,8133,2252,8653,6605,7895,2265,7641,5853,2016,8167,5356,6381,1774,6129,6137,6907,8444,7423
3843,515,8836,1923,2953,5002,1805,3597,4111,2702,1554,8466,7062,3609,7193,4639,4127,2465,802,3367,4139,4014,2351,6831,8247,184,6459,6206,1984,6976,6466,6854,3270,7496,7241,7881,7757,7759,6994,8658,8022,3160,7258,7642,6621,8542,1118,8929,7009,3812,5994,2156,7154,5754,7292,5887
1542,1671,2823,392,3207,1679,2069,5653,3607,3608,2582,4890,2841,2205,3102,3106,6309,3237,2087,1958,937,1959,4523,2735,948,828,2751,834,2116,2248,3023,212,2645,852,1240,218,859,475,4318,355,1380,743,2920,2669,2670,241,372,3452,510,3455
2307,8965,1296,2834,3861,8471,3099,4891,6689,7203,1571,549,4906,4652,6702,1584,2354,1587,1588,4402,7989,1847,7736,2617,3131,7996,1853,6465,5703,1614,2385,850,1108,3158,6235,1629,7006,5217,4706,4449,3175,5223,3183,5234,7539,6005,1655,3964,4225,5767,1932,1167,6551,4503,6811,2971,4514,2469,6311,8106,7159,8121,2235,2236,5308,2238,7100,445,956,4545,2756,7876,6084,4040,4809,4814,977,981,2262,8663,5081,247,2011,1504,3553,2019,1770,6391,6906,7675,8188
644,4998,2825,2444,3090,2583,1050,1691,3739,3355,2844,1278,1825,289,6310,297,2862,3253,2742,9015,695,6073,2106,955,2490,1721,1466,836,3397,3783,2124,3020,845,2255,3025,3539,5845,469,473,4570,4827,7515,857,3550,5239,736,5088,4322,2659,2918,4077,1262,2671,3566,1015,1274,1022,1919
2992,5425,6711,4135,314
7689,8715,8847,6161,7573,3095,4631,3876,3371,3884,2350,4656,5810,6834,1078,4157,2493,2429,8897,325,7882,5708,6733,4304,3665,7634,4828,7905,4070,8042,4331,7660,7150,7663,3441,3702,6390,3704,7033,6909
2048,3586,398,6929,2578,5142,4506,8607,6303,7842,2856,1068,3629,1840,4148,7348,1592,8761,1595,3772,4542,832,7233,709,8902,8523,1229,1623,7771,2916,1384,6121,492,6769,6392,893
7169,8707,6021,4744,3209,8970,4241,8851,5403,6556,8479,3360,7969,5797,4777,5034,2355,3894,2999,6841,7098,1722,6335,7236,7620,8134,4167,2500,5961,4812,4813,2384,721,3415,6233,3418,8409,5980,7644,5724,1115,8543,3039,8417,6366,2787,7396,6757,7519,1759,483,5354,8559,7280,8945,2799,7283,4851,5361,3313,6263,3960
5730,5852,4875,7019,5148,496,532,1144,3708,2589
3585,8322,2433,3970,4615,8201,5642,6926,5136,7443,5398,535,5149,7837,4510,4771,2094,3892,7096,2363,8763,7229,3273,8907,8143,6098,8793,7390,4191,4323,6500,4196,6760,6633,4084,5622,6135,1146,8573,8958
5329,7719,2120,8969,543,1752
1795,1285,3081,2314,8972,5134,5648,3857,7700,5406,7713,7976,5673,2600,2604,3628,4144,4919,6201,3901,8254,3659,4429,7509,6487,8284,2397,8286,1631,8547,3939,4967,7021,3437,8049,7794,8563,2422,7034,7807,1157,3979,8332,8846,8335,6287,1170,8852,3989,6550,3479,7320,3993,4770,4258,5807,1202,1459,8373,2488,698,4795,4030,6848,7622,4556,8399,1233,5601,7393,6631,8435,6393,8442
704,6659,1028,6407,8008,1019,7050,2587,1820,732,5790,6249,3882,3759,7281,3122,4283
4992,7301,5766,2696,3212,909,6672,6289,2706,4498,2833,8213,3991,5911,1562,3998,4255,5920,7967,6174,7084,9005,6322,7475,8372,5559,8120,8633,5434,4285,5183,6208,5955,4551,6471,7113,7384,7263,7903,5346,8163,6756,8802,4198,5352,6634,7147,7020,3821,8815,7665,4984,8319
918,8647,8856,5709,8575
6081,2626,2499,4302,5562,8148,7766,4826,2269,3625,6252,7667,2554,3261,958,8703
3968,8198,8967,6920,5001,8458,2058,6284,5902,5778,8083,5401,6425,6687,3744,3615,1059,5671,6317,3630,5935,1329,4532,8245,6966,5431,5049,8257,5442,3908,4805,6217,5450,7243,6089,2508,8649,4431,4943,5458,4819,1493,4185,3678,3551,6240,5986,7141,8294,4205,4847,1011,6515,4341,6776,8827
3842,1860,3909,1065,7802
8656,7217,6930,1126,5017
8853,7430,5991,8725,3449,1660,3164
7845,7014,6376,5484,4113,1874,8823,4824,8953,4732
4416,2241,4448,2688,5365,8888,5563
4512,5905,2409,7722,5099,7835
8451,7748,7818,3916,6732,4878,8338,6867,6680,3419,7133,7134,7264,2722,3234,7779,7529,7979,7855,3953,4146,2546,6585,7358
2642,7139,4326,6796,8413
3923,2775,7753,7357,6477
5202,4253,7195,4909,7551
