3413,424,3801,4026,1215
2384,4241,2999,483,9015
3454,1140,4086,4393,3662
3776,869,3898,6027,4350
593,3010,4945,3005,4942
2995,4103,3719,5626,3788
1380,2823,4890,859,1679
1504,2354,2116,956,1853
1958,2582,3608,2841,2812
3187,3577,844,1373,3791
5376,2084,2921,6890,841,466,4531,5812,4188,3007
3397,469,1721,1278,2255
3106,372,6235,2235,1932
2751,1108,743,4523,3023
5008,370,3383,2251,1052
5423,2630,4853,2462,495
1681,2065,951,2118,1767
3186,3142,2104,1834,2923
4077,3313,3783,473,845
5089,5586,490,4076,271
706,4707,3108,6501,5519
8000,1829,3237,2920,510
4402,5703,2238,1847,1614
3760,871,5481,2107,2109
1296,4449,1587,3158,2236
289,836,955,3566,1919
848,1747,5878,1543,2221
2645,6726,3928,1565,3182
3284,5207,5208,873,2553
1155,6436,2372,1674,3279
1584,977,5081,828,4318
5088,4322,2825,2490,3025,3355,5239,1722,7515,3739
1248,1781,2567,3420,1694
2917,1142,217,1676,1548
273,4996,788,503,1965
4050,4595,853,2679,4204
738,4356,4210,1235,2459,2069,2842,379,3102,927
6194,3523,643,3461,1434
1381,1831,953,954,1374
97,2371,4869,2919,583,2793,2218,4394,3933,3565,6192,4955,1564,477,1438
1377,4514,2087,4906,3183,2385,5234,212,852,502,3607,475,4891,3452,3455
1186,1827,2756,292,5095,4040,1545,1677,3283,7539,30,5367,2328,1246,5790
2067,2644,2421,3227,863
640,2240,5420,6605,7423
305,712,7577,441,3516
5778,8083,8967,2058,4205
7856,7125,4968,4969,4972
4451,5363,694,1576,2654
5856,2338,2687,430,7950
4320,1850,5164,6669,1566
1376,2629,2377,5453,4688,117,6198,1687,5339,8126
6548,2457,2683,2316,2461
5986,4532,5049,5450,5902
5168,2967,2731,2957,5533
8257,4805,8294,5431,3678
3204,646,1436,3021,814
1952,1955,1811,2965,1814
4737,3713,1025,2053,4229,3721,2962,3987,6677,3222,1435,4379,2973,4006,7592,2602,2603,2225,4539,1852,2108,2373,5573,7240,2123,4049,2773,6871,3032,2780,94,2782,737,2914,740,491,235,4843,4974,366,6898,4339,507,4605,4606
1074,6789,5830,2186,4397
8708,4104,7689,3731,7829,3357,7838,3109,5289,7340,6701,8494,8496,7859,2868,7604,5305,2745,58,6717,3140,6468,4420,5193,8009,8394,2381,1741,1742,4304,4561,3665,2771,3292,7902,6242,4332,7532,6638,4081
4847,649,8458,6687,3551
3072,2946,3785,3856,7578,5402,1755,7583,98,872,874,300,303,6384,2804,3127,376,2042,2044,1277
8576,864,3684,6196,8444
4641,3889,7908,8086,4808
4819,8245,1493,6776,6089
6048,6098,6180,6619,3535
7665,7301,1562,5183,8815
2129,5618,7555,3753,2766
3269,2568,2570,3860,1237,4124,4572,1567,1568,4321,2082,2210,4516,3238,2223,4976,2227,4087,2809,2750
7169,644,4998,1274,395,2444,2828,1936,3090,2583,6263,1050,2844,3360,3105,297,2738,2742,6073,2106,1466,958,2241,2626,2758,838,2124,5845,471,857,4826,5980,4216,6366,736,2787,4326,2918,231,1262,2671,8559,3185,5361,1519,1524,1015,1784,2554,1022
7634,7925,7243,8510,5935
6802,5862,6425,5933,8079
3441,8419,8649,1535,7663
8403,1286,7286,1338,7083
5137,5318,1223,7563,895
1011,7141,6920,8826,4431
7648,1408,7589,2968,8393
1888,7474,3748,358,3705
6606,8053,5052,7293,7726
1778,1724,2436,2188,7102
3184,5847,1067,860,3199
4892,5111,7338,1980,2783
978,392,218,2205,1240
3874,3362,4245,6651,5468
5843,6536,5301,7432,3886
8710,7239,3162,3004,7535
7059,7635,4381,8330,8621
2208,5972,7686,5419,1405
704,834,3207,4684,5007,472,1689,2011,355,6309,1959,2088,938,2672,241,4978,1588,3131,445,1918
5116,7172,8996,6374,4524
3504,7922,8422,7337,1450
3744,6284,8198,8504,2508
8088,3977,3290,8268,4636
2467,6308,8133,5765,6387,1173,438,2169,2331,2105
7089,8107,8903,6139,3003
8596,6181,1750,7069,222
6609,5123,3051,6299,5581
3425,5043,6662,4438,3464
4401,7418,5610,5964,4495
1078,1511,2024,1787,6220
1525,2666,2827,812,1518
7937,585,7450,5324,7917
1665,2147,1028,3301,4995,5607,1964,2669,2062,7887,367,2061,946,7053,1688
7170,3910,5256,6587,3165
6844,4150,6842,8124,3935
1968,6646,8470,2472,4811
5186,7058,5226,8554,959
6390,7033,8042,3371,4331
3858,1059,8388,7411,7960
6103,2885,4806,1495,8478
8832,5744,3459,4630,6727
7030,7384,909,7534,8319
3521,6930,6567,4760,4282
8354,5779,8822,1452,8813
1216,4739,5415,1579,589,5617,4371,3896,3931,4317
1569,3212,2860,6471,7020
5642,4196,5398,6602,2623
4913,2482,3474,8653,175
6864,4354,5458,5706,7755
2194,5412,3285,2039,5899
6657,7956,7558,5742,8831
6097,7587,4133,918,5709
2387,5209,8619,7420,7471
3808,6001,3666,1685,8838
3782,842,829,591,1935
3233,4738,4740,3878,8071,7215,6931,565,6134,8574
8448,2454,5639,3450,3421
2822,1542,5767,265,1019,4116,3861,5653,5780,2587,2971,1823,6689,549,937,2219,4652,2735,5424,948,1716,8121,5310,4545,3141,2757,2248,3402,1356,4814,850,981,2778,6109,862,1887,1503,619,363,365,2670,4598,247,374,2811
3281,1474,5522,5811,3401
8573,6135,8201,1146,7837
6004,6615,3016,4508,8207
3667,5368,5018,4860,6126
5792,6913,1891,5156,7831
8002,3844,7685,5236,7512
7073,4596,4790,4604,6830
6208,8213,7753,7147,5358
3122,6729,7899,7805,6062
5601,8547,6487,5673,3437
7265,8154,8397,7054,6207
3312,965,8997,5735,7051
6946,3252,4600,3100,1294
2705,1950,6295,8604,6190
6401,8164,7271,4654,6031
5543,2302,4782,8590,7087
6290,5700,1332,8440,5292
8707,3960,1929,5579,7931
4448,4418,2110,4857,2894
2660,5332,7412,6167,1305
2978,4453,2647,1833,3468
8912,8568,4457,3578,1709
6117,4615,3400,7371,8907,2867,3892,8793,4191,5151
1699,5284,51,4249,5437
4592,6741,2278,5064,8392
2342,2265,6570,7709,1774
3888,4867,7973,7703,3594
4058,6514,7303,4682,6458
6928,6244,8309,6870,6028
4192,160,3825,1117,8141
4071,5459,8500,3751,7452
5793,7217,6148,2502,5447
6018,7318,6855,7608,4169
496,532,1144,4875,5148
5330,3011,4022,7446,4233
6625,4391,8169,1917,8078
8049,1795,1157,3979,8332
4357,6583,3736,6954,6827
6627,4965,8565,5114,2559
1089,7467,4780,6046,2767
8752,8210,7875,1221,4175
6338,5603,6067,4059,7325
4949,5606,2485,8584,2431
7427,8052,3174,8681,4537
6240,3681,3908,5733,5001,6345,3561,6317,6670,6797,4341,8827,8060,4189,5791
133,3656,7161,5372,4543
4946,7364,5013,7657,7101
2296,5877,3272,6953,7978
1072,8289,5730,3708,2639
8372,8441,4841,6922,2558
5552,8066,4889,7544,8617
817,3842,1860,3909,697
2113,675,7430,5448,8911
6120,8249,5498,750,8639
6978,8755,8115,7738,6766
4868,6520,5849,8794,5756
6659,732,7050,1820,3759
8464,4871,5513,1836,1439
7667,3625,5403,2588,8703
5745,7459,2451,916,6685
3456,368,5016,7417,5087
6050,1575,7353,7486,8655
6274,6015,8011,3135,1231
6544,8306,8325,5466,6286
6672,3991,3528,7357,6174
7682,1346,519,6858,6572
5476,6008,5578,1134,3727
5505,6835,3976,1961,5918
7458,3111,8726,4903,4701
832,929,34,855,893
5474,7363,68,5911,3384
3329,7011,7717,7257,8367
5539,1925,7927,1818,6941
7809,1411,8038,7527,150
7618,804,6933,5990,7513
4369,8178,5321,5545,4991
8934,3816,2699,6845,7406
6226,4724,7765,8189,8174
4097,8771,5031,6903,7773
5034,2642,3209,5354,2862
2132,8647,5325,206,8239
5924,308,5141,4647,1869
2177,4852,8886,5527,1640
8581,4631,7274,8956,6365
1604,2964,7350,6998,2747
5265,3778,7074,3637,6479
5297,569,8139,2012,1150
5788,8373,5850,8971,2604
5249,3395,2996,6022,1934
7072,8179,2824,1945,1612
6116,1733,7468,8278,4364
1873,5880,6203,5230,7071
7841,2929,7171,7761,7903
6035,7476,1558,1977,8575
4900,504,7194,2318,3663
6481,3814,4456,5242,7756
1776,4593,5369,1198,5135
868,6919,3530,4763,7517
3280,5489,1911,7691,8383
5152,7349,5720,4329,6205
3568,7713,5648,6631,7673
2422,4967,2600,8442,8286
8004,4618,3644,3358,3711
4704,3477,2046,8746,4478
5155,3642,6837,42,2814
8915,2229,4828,2429,2350
6403,3923,2696,6477,3998
5037,3630,4943,7821,1329,6966,2615,4601,5947,3771
5444,5229,8390,5869,1422
6563,5748,7834,6170,8429
4023,7955,6053,8775,7695
1348,3876,7413,8875,4079
8659,5061,8535,1341,5775
6785,6723,3095,4938,6236
8096,2882,7636,7127,8443
7504,8916,4138,7867,7150
2557,4902,3831,8076,7373
595,8084,7493,2164,6326
7824,5441,1284,4413,7725
825,8651,4444,397,1885
5312,8161,2178,7523,7079,5098,2090,8789,22,5943,3224,3897,4602,1339,2045
5393,2167,8280,6682,5707
7346,4952,1210,5708,6733
7868,4054,6074,6604,7853
6873,7961,1225,5898,8894
7696,4017,1989,6267,7277
4705,4482,3734,8311,1302
1427,8501,5479,8474,8172
4512,7952,6934,7722,5099
8032,1250,1017,1786,4078
3154,5011,3462,1606,8265
6535,1863,8570,2972,5983
8513,465,6534,4427,5406
8322,8763,5053,2094,8958
6161,5220,7894,8856,8345
4803,5670,5112,5609,8301
8497,4246,8824,5834,7311
3585,3715,452,8036,5404
4323,6500,5622,3273,6633
7424,6695,4392,4395,5101
5346,6756,4551,6634,9005,3503,5559,8633,7263,7967
8548,6788,7237,8525,3710
8928,8962,8151,8267,782
2546,8338,6680,7133,7855
1825,7595,294,2905,3531
7575,3335,7354,8747,7870
1921,8195,6725,2759,3722,1933,3473,980,2585,2523,8477,1821,8352,3619,227,3838,1717,5497,3196,830
2019,6084,6391,6811,7470
4947,7895,7752,6313,3068
7827,8056,5592,7162,5487
2689,4904,6905,5672,6990
5009,3890,8825,6901,8809
3810,3188,7606,8534,2875
3920,7130,6140,2078,7375
7633,5245,5580,8716,2477
5664,7553,4613,5017,779
923,6648,7114,5147,7759
1889,7315,4293,1960,1212
8564,3639,7064,7866,8719
6005,4935,5223,8106,1513
9013,8725,3449,5435,990
2706,7331,5766,2775,5352
7552,2547,7403,1101,5134
5667,7542,8841,2074,7391
6454,8472,1769,7530,4121
7889,8389,7029,1143,7611
6307,7272,6443,4716,2769,4788,3797,4469,5405,4125
7536,7905,3352,8485,3704
7249,1683,7205,6745,3850
5921,2754,8515,4113,1625
5890,4956,4939,5260,4990
5907,8551,3048,7081,4343
4610,3524,3050,8283,5262
6912,2688,7028,5563,5724
5857,5090,4678,4425,5931,5516,3728,3669,5755,1693
2977,8019,6773,2206,6302
8128,4257,3225,8697,8893
5776,4498,7475,6566,2870
5490,2883,8499,5288,4122
1984,3539,6310,4827,509
2786,7285,1944,4234,8158
6768,8595,3064,8379,8701
7088,3541,3545,4909,5295
2693,5932,3798,7052,8591
5893,4230,6325,729,7598
3378,6771,8901,8998,7032
3460,7177,2877,8557,5823
8323,6149,5702,6728,2889
8768,5753,3654,2409,1501
4037,6152,2137,3675,2300
7777,7906,3180,4590,5198,3509,7382,2043,7580,894
6896,5046,1455,7404,7055
6820,8660,7462,1941,8185
6624,6416,4866,8259,8973
3574,7607,6795,2941,5342
8081,3634,8756,4729,8906
1202,7976,3081,3993,6201
2692,4708,4500,7355,1854
4424,8905,5050,6491,6328
2252,5668,5640,8234,3176
8116,7668,1414,8028,4477
1970,5557,8424,6012,2127
8099,7507,6409,7116,4717
7297,6739,4437,5158,8895
8579,3573,6759,8026,4877
6531,5480,4648,6712,8909
5350,8823,1097,3178,3466
1840,6929,3772,6764,1068
3042,6658,6232,7369,6895
8197,7253,8743,4886,1791
7677,2460,3853,3582,2591
7616,128,6275,3526,3337,7629,5166,6355,2493,7999
7936,6259,4855,4137,5594
2412,7609,3242,6540,5470
768,7619,1300,2023,2748
4016,5754,5002,8347,4639
8355,8215,4459,6860,1630
8677,7979,5773,6526,7183
5510,5750,5785,3483,543
6640,5715,1080,7321,1598
721,7236,8479,6233,2799
4896,4039,5957,7815,5867
7232,8592,8290,6129,4091
1874,7014,6376,4732,7869
7393,1233,3857,8852,4429
5712,5074,7996,8105,3756
3953,7858,199,7529,8927
7042,8227,404,4181,4958
7362,5575,6216,6075,6396
8130,5699,5829,2375,2891,5263,2512,2226,1365,7992
1696,8737,7651,6262,3917
7216,5553,8503,3755,6972
2624,5202,7043,7195,3581
3411,6038,6105,8668,8556
4464,6497,7091,4070,5115
1660,4148,8853,8523,3164
6560,8897,6146,1443,5281,6663,1353,7690,5163,5975,8817,3702,5655,8854,5495
6786,1490,5188,3557,2279
1793,5693,3925,1126,8205
3299,8758,3319,5996,8765
3126,6551,3226,2327,3294
5328,8834,5055,6749,8415
8656,2212,7495,1271,7662
7441,3971,3495,6539,4893
5022,6982,8777,2286,5375
4403,4932,2463,2125,5215
2820,8231,8252,8461,5566
6224,5905,4706,6750,1199
2659,8413,8409,8970,4813
2524,5781,7706,3403,7628
7187,8519,7916,1631,8399
4182,6808,5130,4092,2911
6800,2855,7211,6951,5518
8694,6200,3692,3374,6524
8242,4114,902,7801,3518
2992,5425,6711,4135,314
5329,2120,7082,4139,1752
6899,8772,8661,888,2541
7457,8243,7220,5978,7531
8720,8321,8931,3955,7919
2563,184,4570,8270,6639
2034,7991,6121,5612,3103
8356,4504,7289,1706,8153
8627,6100,4895,6894,6559
8883,6085,2135,5241,7566
8022,7062,7336,2156,3768
7891,7428,1447,3803,3519
1692,6249,3115,236,1757
6163,761,1898,8334,4927
7568,1857,7871,8502,4591
8469,8486,8262,6166,5855
6019,6643,8104,4525,7167
8882,8003,4227,5989,5683
7264,6851,6411,4558,5023
8417,3894,7241,7098,3039
5464,7207,5128,8779,8312
6179,7319,7164,7565,5647
2007,7806,4791,7674,8926
6356,8437,7862,7309,479
7939,6665,7882,5678,3950,8688,6032,3832,7707,7295
5024,4488,630,5512,2655
2016,4483,4359,7688,3978,3406,3123,4373,7322,5051
8384,1314,4520,8232,6635
5960,6588,5852,2589,2216
7490,5891,5892,1797,8,7179,524,6673,8402,7190,7126,3671,5854,4643,2789,6887,8685,1713,8818,6003,1461,3765,4215,4475,4284
6292,8679,6715,8348,8781
1266,4436,8582,1592,7819
2528,3843,5961,2909,4127
5410,6947,8648,6044,8287
3795,6421,8539,3916,2111
7762,3257,135,3592,5817
8800,2465,7414,5994,4348
6833,5938,1288,7323,559
7509,8728,3659,4030,6607
3234,7779,7748,7378,5386
4609,8165,8456,8008,3882,7281,4118,3992,4283,3423
4170,7802,1065,5802,2715
4754,6612,6533,284,6623
7360,8530,1668,7832,6859
1040,8865,5107,6183,6169
2048,6769,492,398,6303
6021,408,6841,6796,1759
1937,6594,962,7910,3628
6258,2932,5654,4607,8351
7620,2500,1691,6556,6621
8739,9011,7013,8360,6874
576,6154,8541,6765,5119
5217,5308,1571,2761,7100
7397,7783,3913,7915,5901
8849,8068,2309,6936,8236
8993,4146,5381,3419,7358
6385,2539,8569,6731,4153
7872,8324,6423,3738,7451
8129,8948,7767,6599,3277
8369,7300,8380,7949,799
8400,2664,6265,8062,8975
4915,6614,8552,2525,6344
4193,2818,8989,8861,3263
1234,8310,7400,2347,8492
7044,6948,3686,6088,7836
8866,6245,7478,5865,5438
8947,4980,8759,4183,7454
7280,7139,6757,3253,7644
6880,4930,3365,4199,1191,6474,2283,8302,8016,3026,2386,2934,4599,8950,3287
4770,8520,6142,6440,8846
5280,5616,7655,7259,8061
7298,3828,6457,5722,653
1824,37,295,1772,244,5366,2488,698,1595,734
802,6691,8714,7947,7965
7600,8885,4365,1610,3245
7201,5705,4492,7469,8271
7842,7266,2916,8587,4108,3629,2128,7123,4275,5941,6102,7192,7897,5883,6620
5761,262,5129,4748,4368,7570,4499,6549,1686,7189,7448,4248,5275,1914,6049,8226,4515,932,2724,7334,2344,1832,810,8363,5548,6958,1586,1459,6968,2237,1740,7120,5853,2272,7649,5224,7409,3314,2293,2294,1657,4218,251,3836,5886
689,7124,3306,1789,1311
8305,1219,6184,3724,237
1320,8156,3132,8941,8943
181,6872,7065,8844,2829
8976,1940,8054,4172,8829
6225,8674,325,4101,3097
1170,8563,7366,3144,5595
5968,6850,5267,7258,7039
8434,8085,8454,5643,974
5040,5171,1719,2606,6111
3172,4041,3564,2573,6926,5136,7510,5848,4089,6107
8868,998,1160,8938,7549
4709,5382,7477,6280,6446
8067,4693,5238,3694,8527
8884,3254,7097,3035,4173
1105,3554,4099,8645,5805
4416,1058,6840,7881,5887
2425,3077,7447,5257,3647
8787,7614,3511,7511,6047
2196,4552,6744,5246,8799
7923,9014,7638,6955,7388
3552,1264,7728,7107,1242
7075,4565,8376,8572,7213
5082,8723,4292,5959,4298
6578,5587,8663,2469,6311
7093,4407,5355,6428,4046
1554,6994,3367,7642,6831
1744,5365,7046,8888,2878
400,8357,8087,8618,7854
7969,2355,3348,1093,2614
4992,8802,7113,6730,7084,4399,2833,7602,4285,4255
5841,7092,8808,7419,4831
8339,6516,6252,6461,6447
8836,983,6206,6122,1806
9008,513,7764,8820,5897
8386,7846,8792,7481,2858
7719,7944,8969,7292,4014
5216,6496,1868,7890,3315,5336,2873,7132,7966,63
8483,8549,8405,3510,7151
7128,5323,4588,6683,8847
2848,2145,6885,7975,5967
6976,5665,6818,8695,3415
8741,8774,2399,8537,8495
7769,7988,6296,7561,8111
5142,2856,8780,5181,6398
7299,7812,6916,6470,1701,7816,426,2845,8974,3761,6237,4052,4406,6039,701
5650,6709,7500,4925,4703
8001,5570,8070,4999,8713,5385,1487,5840,1682,8724,7993,7833,7770,6137,3934,7839,8035,6011,1705,8874,5993,7019,8751,4658,8889,1972,7221,1529,635,190
2837,3718,1928,4650,2445
2290,7140,7669,4553,1643
5478,599,3146,4922,7551
6238,7479,5913,6699,6798
4691,1798,3964,4809,8188
7840,1616,5894,4267,748
3792,4020,7623,8251,5486
8017,8643,7704,4251,4223
6760,7774,4766,4510,8735
1973,7818,6732,4878,5759
1816,3650,8296,745,7210
7715,7223,8953,5770,3740
5120,4961,7852,6575,2292,4698,5627,8508,2813,4700
7488,8705,6724,7398,4009,5482,3884,8303,8050,3475,1205,7672,4473,6490,4157
4082,4836,3927,6281,3388
8979,1589,8678,5078,7370
7057,2514,1188,8263,6791
8704,3968,7489,3085,3342,2831,8142,4817,6738,5974,5401,4185,7581,3615,7904,3942,8297,6394,2475,7660,3501,3439,6515,4726,5946
5597,4741,1285,6813,6091,7021,2190,3120,5593,3901
6752,2002,8631,8137,4335
6721,7283,3270,5100,7519
6803,2535,1368,7273,795
3936,1601,8264,4474,4653
2976,7526,3286,6141,7807
2433,3970,7291,7632,7443,7379,535,5149,5214,7390,4000,6878,4771,7078,2927,4084,6007,632,2363,2303
7040,5571,773,7803,4253
7154,3160,3609,6747,8542
8385,3430,8761,9002,8607
8212,8790,5991,1623,1229
6610,8374,8872,7835,3308
3904,6736,3288,7593,8605
6641,612,8598,4311,3834
3217,4415,8282,8843,3247
3169,3621,6486,6279,7487
6432,4818,8260,8937,6780
2434,2517,2879,670,8767
2339,7525,3689,4752,5457,5680,6231,4376,3259,6911
5347,6997,6984,8411,3117
417,657,8709,2806,8855
4115,1653,6187,7596,604
5984,7425,5395,5605,6029
2608,9010,4466,4661,3065
267,5132,8717,4623,2320,8848,5139,7061,8343,6040,3356,7198,2980,5286,4521,5426,5299,3382,6585,2491,7231,8770,454,2254,846,2646,6742,2520,3673,7260,4578,6498,7782,7784,2922,6251,8690,3317,6649,6399
753,4627,6131,6165,1514
5313,5831,3626,7643,7276
8489,6892,2796,5613,6045,7408,5809,2740,8700,5660
7330,1957,4777,2140,4367
5271,1030,2038,3958,2702
4273,1923,8371,5797,7496
6305,3780,3593,6162,5524,5334,1526,2364,8094,7743
2402,6213,7494,3433,1998,3600,5521,6389,5080,3448
4258,7622,2314,5917,4556,5807,4144,8335,7794,3827,3989,6550,7320,3997,8254
5072,3201,4388,2390,5562
3649,6568,3818,14,6735
8640,7282,2323,5287,6316
6276,5253,7016,4106,5195,3820,2635,3498,140,2288,8784,3218,6133,4377,7550
6081,6836,3542,5529,3261
3616,7747,3171,4195,5731
3635,1317,4534,1323,1325
4067,2404,3487,1882,8255
3216,6260,7659,8365,6431
2864,2340,3175,1770,5117
5344,8981,6761,4844,4783
6273,5506,8929,3812,6248,4617,6188,1805,4624,4979,3611,7193,6459,1118,4287
7191,4823,7226,4812,3438
4802,5062,8904,7754,4685,3214,6222,144,7892,8149,8217,1498,8155,7901,6823,8553,5866,3883,3129,8891
8166,4295,8487,6346,5550,6363,4112,7537,7826,7157,7063,5881,8987,6909,7294
6450,8850,6341,5688,5658
8192,5825,5804,7117,6191,3472,8532,8468,156,8446
1635,678,8588,2893,7935
7396,1801,489,4302,4851,8148,3418,1115,2269,3550
5685,6774,7111,3208,8555
3682,8966,8922,7883,2956
6961,5075,3507,5159,1256
5392,5698,4036,2149,6157
8672,1172,4982,7482,6221
8033,8706,6020,7652,4616,7758,8914,8370,8918,1467
6528,5619,7646,6793,6334
258,7766,7383,4873,2555
6852,8805,1418,2732,5471
4165,6710,8118,3193,1807
7521,4386,7572,2299,5583
5026,7351,5768,7724,6093
4548,4310,8730,7037,6014
3840,7666,3871,8857,4463
6211,5060,5091,8873,6857,6380,5677,8462,7377,1521
1905,5954,7143,7002,4382
2242,8051,5429,6973,6351
8930,195,2714,6862,5407
5504,6144,5635,2052,8965,2307,5255,1655,4363,8204,5772,6542,1167,6676,4503,8471,7710,7989,7733,443,8381,7876,8138,5971,6876,5212,3037,3553,4324,5096,2418,7159,7929,6906,7675
7924,6597,8917,3018,6667
4480,4003,3974,2471,6828,5837,5906,7255,280,5244
7076,3973,8614,2580,4396
7718,8807,4569,2284,526
6352,3202,6034,6168,6589
2997,7548,8220,622,2575
6579,8340,8182,6375,8982
6848,6128,484,5624,1130
6354,6293,1878,7047,2334
4645,6503,5097,7850,8007
6160,3266,5273,459,8366
1536,3138,6434,7845,7528,8880,8722,1399,6650,8382
3059,7206,4936,7017,8733
1506,4834,8628,4983,763
1664,6626,2722,2728,2537,4461,434,8692,2710,7958,3480,1718,4221,8702,1727
4160,8438,5864,6777,8764
6882,8327,360,3881,2121,5387,1991,4303,8117,3229
5432,5644,529,6418,6289,5397,6942,5920,6051,8163,4198,3112,7848,7786,3821,4911,7024,6834,6322,4984,8120,7545,8123,5630,8447
3657,7026,4279,1865,5258
3153,7556,6629,6250,3148
4800,1540,6282,4505,6826
7136,8887,4635,6653,5102
1136,7395,6853,7750,1163
645,5928,7145,6507,2449,1298,8180,2744,5819,4797
4581,5449,8798,5484,4528,7134,8983,4824,8602,6558
7104,3088,8754,8516,4670
4872,8092,6538,8426,876
5632,2561,7296,7813,7304,7305,6805,7573,5909,790,4501,6940,7712,6178,7333,5542,9000,7464,4522,7984,4667,1469,5442,1476,6980,4680,970,5071,7928,4306,3028,2901,6616,6362,8159,4959,6371,5093,4966,3303,3688,2794,1516,8175,3824,2161,3443,1909,7799,3192
8453,6983,3339,2897,1042,7700,1946,8095,6433,5799,169,3305,8877,7918,5232,1076,6772,3321,2362,6077
1088,7009,6466,8230,4074,8046,4111,2000,3793,8466,7090,4756,6324,7095,5439
2816,8132,668,8749,2222
6424,8933,8431,8913,818,7251,7732,4117,8791,3223
1176,7480,8778,8109,1326
1281,8963,2499,6405,5956,4167,5322,3984,5584,6675,4243,5716,3540,6359,7001,5541,1581,7982,695,6335
5827,6026,332,2989,8748
7168,7681,5509,6278,8328,8202,3479,3864,6554,5532,540,7455,5537,3493,7720,5546,8238,4024,5185,3393,1608,5065,1227,8404,7508,4440,858,8284,8030,6113,5729,3045,6124,7790,1391,3054,8435,7034,6907,5884
4864,3651,5508,8279,4219
6151,3911,7372,6349,7822,1531,6426,412,7772,8222,6877,8098,2723,8101,6118,8362,5356,6445,7483,2366
6070,1334,7434,7612,6986
3331,2691,4011,6668,3436,7502,7439,8593,6674,4307,1649,5973,8150,4786,7006
4898,1251,5364,7142,7727
6064,3706,5452,1053,4575
387,6692,4262,8902,2438,5965,1358,6323,4062,2943
7664,5725,5786,7499,5005
8615,8810,2619,4044,3166
7492,6024,2505,1037,1967,6642,5204,7540,6647,7994
8064,4384,3586,3939,899,709,7591,3944,6600,3370,1003,8047,8465,3219,7771
881,2102,791,7546,4236
4352,8769,5122,7951,4815,8276,8214,8034,4713,6379,2924,685,7789,3377,4340,5879,7737,2940,4669,382
512,2694,4264,7209,8041,2510,7793,5554,6065,6867,5718,4665,1403,4989,6591
1838,4485,2153,3322,3470
6464,8194,8452,4421,8711,6217,715,7694,7314,6562,8932,5032,7983,7407,4529,5810,7218,6452,6708,1596
5377,8585,2830,2959,5530,8606,547,2727,6574,7343,5936,4145,7473,2173,6456,4673,4290,1481,8652,7893,8920,987,3298,3427,4327,2407,8423,5868,3826,2803,4722,7288,5628,6269,1662
8112,7569,3570,7181,5710
4710,1734,7367,2096,4849,1394,274,725,7962,4764
5633,4676,3013,5671,7817,8910,7986,7641,8924,8190
6367,4837,6437,4517,7307,2765,1646,5839,8048,1429,2680,6522,5500,7197,6815
8580,5445,3143,6664,6407,4970,1642,8364,4589,5675,4657,2162,6518,4986,5915
6917,8842,8203,5649,8977,8341,5020,3489,4259,8871,6057,8368,6963,2612,7865,8505,447,7749,5191,74,7885,8783,4312,8667,8544,2274,1254,8167,6381,4846,6392,2041,380,3325,8830
1762,3302,6270,572,3038
2595,6483,3548,7422,6319
7233,7268,935,8776,807,7023,7344,2578,2675,7348,4694,3641,4506,5436,5950
8224,7776,8642,7971,8045,5454,3057,8946,6965,3385
3264,5637,7849,1738,4299,7913,2378,3248,7954,8788
2704,993,8037,3865,5646
7671,2949,3369,2122,123,1038,7376,2326,8727,7739
4224,8833,6915,5507,7941,6406,3846,2184,8457,3075,4622,3215,912,5264,3346,3982,3604,5784,6043,7579,8862,165,7599,2617,6970,6080,6465,8258,3398,8521,6603,8401,350,8314,5995,6636,4720,5621,3190,2298
1152,4225,1154,1667,2950,1671,7175,2953,2834,3603,2708,7699,5270,2324,1561,6681,3099,2203,5408,4129,7203,4772,4905,5293,6702,2351,7341,8753,8629,6584,1849,7736,4414,8127,6720,4674,5443,6854,2503,8650,4428,8146,5970,8658,2262,88,1629,3041,8292,4839
4034,7108,3145,3597,5391,3536,7186,2008,6617,3484,2080,7328,8288,6372,2661,6119,2089,4333,1843,8698
6817,4134,3623,6441,2027,3533,4625,8561,1619,7987
0,6017,1538,8449,3716,8451,8715,7693,7312,920,8601,2077,4767,6944,3617,6176,2083,3239,7597,6061,4656,7096,2233,4795,6716,6347,8526,2895,5713,4689,3538,5460,8277,2397,4957,2273,7653,8039,8043,4973,6254,2158,3696,4208,3698,3700,7415,8318,5629,5502
6790,2313,4747,7948,8972,8460,2571,3091,5531,8603,1697,8609,3491,9006,5428,6068,2359,6330,7740,4542,1473,6467,6340,6979,6215,6472,5070,8143,4177,1361,4563,6228,7380,5588,5719,254,5859,7269,4582,1384,5739,6637,2031,6130,8439,4346,7804,7933,6782,8191
3296,3139,6243,4742,7246,6767,4880,5335,2716,8637
5760,5121,2051,6283,6291,4632,8986,8476,8736,6561,4141,1331,8244,1463,5434,8634,8896,5696,4163,6985,8908,1357,1110,344,8796,8671,6114,7138,8804,1893,5740,3567,7410,8307,7796,4212,2550,7031,7541,1147
1796,2437,4744,6923,6545,8851,2850,5417,8745,6698,1324,3375,2352,2610,4277,8247,5303,4664,4410,1084,5694,4926,5057,8134,4550,3020,81,4434,3282,214,8024,1370,2014,1900,8945,243,8181,4213,8057,762
8806,3695,5873,4019,4316,5493,4758,7067,8636,4637
4994,5125,6287,8342,2071,6298,7326,1184,8994,6821,2983,6952,8103,1194,942,2866,3763,4919,311,7229,6462,6079,2367,8899,8773,5577,2762,1994,8012,8144,7122,8152,2906,4060,8803,2532,8550,5736,1387,5998,7152,4085,4597,4733,4094
7745,1730,5764,2631,5455,7247,8015,4696,8923,5535,4663,5221,4718,8623,4143,7734,5047,6904,8762,4861
515,2180,5638,7431,3338,3340,7437,1550,5269,8599,1307,6172,5536,5794,5030,4776,7080,2474,6060,8750,2478,5174,5686,6967,7485,6592,5704,5068,7757,5582,4560,8786,4187,8543,2530,4963,4579,7270,4585,3179,8300,108,1007,8432,2674,6002,6393,8316,637,4222
8512,7386,5131,556,6893,2733,6511,2543,6704,7731,3379,4439,5690,5276,8959
2247,8968,6153,7626,8077,4497,2258,3093,8407,4954,4445,8801,1122,2276,1830,553,5353,9004,3632,6577,3952,6839,6713,3001,317
7554,5380,3589,7942,8839,6661,8712,7946,2056,786,2711,6809,8223,3872,5282,7590,7465,8622,7472,8240,8626,5815,8760,4921,5820,8638,8511,3520,3775,1986,5955,7497,4042,8396,1484,3022,2256,2518,7518,1120,7781,8683,6508,3947,8940,4338,4344,7932,6654,6655
