5125,5646,3088,3093,8733,4637,1053,8224,7206,3626,8748,7727,1589,3132,5181,3139,8778,7247,4696,604,8801,1122,6243,8806,1130,6767,624,4758,3738,6298,5276,2716,5282,2733,6319,6334,2242,2258,6367,1762,1251,3302,6375,2796,5873,8946,3322,763,4861,7422,7434,5392,8465,4880,3865,4384,4898,5922,5925,1326,6450,3379,1334,2359,7480,6973,6979,8012,332,6483,4439,8037,7017,8051,8064,4485,6026,1429,7067,2983,5549,8109,8623,2989,6577,6064,8628,6070,7612,8637,4036,7646,4575,993,1506,7142,2543,3059
4992,7556,8709,8454,4488,8075,5644,6157,6667,4627,8085,6165,8217,8986,7323,4510,8993,417,6437,556,8879,5938,8754,4148,4279,4407,7479,3001,8123,4797,7229,4670,5698,3657,7626,2378,5839,5455,5335,8152,5344,4834,6760,2153,1514,8048,7410,6131,7924,6522
8192,5633,4872,7817,6538,5643,4115,1176,3872,5024,8994,1061,1194,7596,7724,4019,6068,4403,7731,3763,7734,6579,5690,6270,572,7104,8385,1730,3520,4676,8137,1738,5452,2893,5078,3548,3038,2655,3296,6369,2404,876,6893,3695,3952,3188,4472,3193,6014,8959
3840,1540,5637,7047,8968,5768,6154,8203,6282,3470,2196,6293,8982,2711,8855,8857,4505,8340,8605,2334,6047,3871,6561,6184,6826,3248,3511,7223,7483,7614,576,4800,3904,7747,3264,1473,8896,5959,6859,1878,7641,4569,5470,6497,5731,7666,7026,8434,2034,8572
5760,6539,8847,7441,6803,8723,6296,5530,795,7197,8606,4766,2976,7841,7457,547,2727,8617,6191,818,7732,5685,7988,7093,7864,5817,8762,2744,2875,7745,4163,6085,7370,974,3153,1368,4954,987,5082,7776,3169,7010,8674,8804,4709,7273,8431,7282,888,6141
8067,6289,1298,3091,4498,8981,3740,7326,3103,3616,5026,6051,935,7849,7465,940,6574,8495,4783,8883,5428,8118,7351,5688,1463,7872,8898,8773,4165,6093,8527,6992,6354,4563,8787,8791,7769,1242,8539,3552,8802,2149,4198,6761,4844,8182,4983,8700,254,5759
5381,902,5770,5387,7307,4607,3214,6798,5913,4257,8739,3621,6566,7591,5671,8750,8111,8117,6839,5047,7481,3518,8129,5313,8643,6600,1481,6344,4299,5323,1865,1358,8017,2002,6228,5720,3427,5859,7526,8426,492,3694,8047,5103,6258,5493,8953,2806,8697,4223
3971,8068,1160,5775,5776,8081,2449,6292,8214,2071,535,6936,6428,2463,8735,6815,7331,8868,5032,3112,8626,7091,2870,7737,6205,5053,8511,6464,8769,8772,325,8908,4046,3920,6490,7130,6238,998,8679,4969,8938,5355,2924,753,3826,4084,7029,5241,5115,2303
3715,5380,2309,5766,8841,5262,4752,8849,4376,3097,8223,5667,6563,2339,3491,8236,9006,559,8880,5809,6833,8244,5429,5819,4027,4292,1610,6860,5457,6225,8659,8534,8535,7511,344,5978,6363,8796,7901,7772,7391,5215,7138,3689,3947,6650,6140,4733,7294,6911
3970,8839,5512,5131,6411,6540,6416,5650,6423,7704,8215,6683,2595,7715,7207,8489,7213,4271,7344,7728,7606,4153,8636,5436,6079,4932,3524,5831,6217,6986,7117,7375,4818,5588,2775,1498,4316,8798,7518,3810,4195,2539,5868,8429,3696,7537,5748,4340,6905,7932
4352,4101,4877,4112,7826,8468,404,7063,6426,7834,8348,6170,6944,8227,6012,553,4009,6187,7084,7473,4145,8884,1080,7097,7611,4421,4553,4042,8652,8400,5204,8790,2135,6486,4958,8036,8166,5991,8807,4329,8553,4459,2284,2929,2290,6899,1653,8183,1660,3069
7171,8198,3850,140,4365,7951,529,4377,8737,7846,6953,7978,3498,2858,5804,3245,5680,7602,8756,8116,8885,1210,1596,1341,8128,5825,8386,5955,6340,452,6215,3272,3911,8906,8781,6349,8784,8276,8792,8028,7525,3820,1646,8307,7668,7541,7542,5242,7549,2558
8579,7942,2438,1288,7566,6286,7568,6544,8979,8983,920,5404,7205,8487,8360,4264,8618,5554,4915,3634,6709,8502,7869,6346,5837,4558,6481,4565,5718,4824,7128,6745,5466,4703,6882,7550,7268,4581,8039,8552,3306,8043,2412,6254,4335,3698,2932,8948,1403,6654
7042,6276,4106,786,8726,8856,7321,8345,8987,5158,8875,5550,4656,8881,5810,7600,7218,1205,4529,6716,4157,7488,4295,4938,2635,7889,6739,4181,7894,4437,7893,8280,6236,7774,4070,4327,7016,4713,6633,7531,3050,2541,4464,2288,7796,5877,3574,7031,7545,8958
6528,0,4360,6793,5257,8588,4492,5518,6800,1946,3487,8483,3878,6951,2855,2425,7211,8492,8877,8622,2347,7469,8242,4921,4925,3647,1986,6467,5188,5063,6984,5705,6599,3277,2510,2895,4689,1234,8405,8920,2906,7653,5736,7400,8683,7151,5624,7801,4732,6142
2048,3586,8582,6024,4747,653,1037,526,8212,5142,7832,4122,5660,6045,4383,8607,7075,6692,7718,5288,2856,9002,1967,6835,8761,7740,6462,4542,7360,6398,2883,8902,2505,8523,1229,5965,6612,4436,8439,7771,3944,1384,2667,5739,6511,6640,1266,6647,1531,8062
6658,1411,4610,8324,3462,2051,8712,5897,6280,2571,5263,2710,3223,3480,5658,1307,4251,6176,1184,3370,4141,1838,7472,689,7992,8376,8130,5699,1606,8265,2121,2891,7500,8143,7632,8923,8283,2525,4323,6500,8038,6379,6895,6769,3057,8692,630,5238,5622,4221
4480,387,3716,6917,3974,8071,2964,8342,7447,7201,37,1830,5799,6065,8499,7991,8760,3641,8382,7871,320,7362,3138,6851,8776,6216,74,4427,5580,6990,8271,5713,3411,4694,5592,6105,6874,8668,734,8677,7527,3176,8556,5487,4592,2675,5364,8821,4600,6396
8705,8194,1414,7303,4369,6162,6035,7314,7446,2078,6305,8355,7079,3883,5936,1970,3890,6708,5557,2229,6452,8895,7743,6724,8389,1348,8647,3780,5061,4682,4685,2127,2132,8149,6231,4701,8932,5220,7398,6759,8424,8809,5866,7781,6133,3573,6901,4729,5628,4991
7296,3077,7309,1807,2704,6421,7319,8087,8730,6434,6179,678,6440,5928,942,7986,8631,1598,2367,4548,5577,6782,7497,8780,5325,7504,4177,5715,6356,8916,4310,8924,479,6752,1635,8550,2279,7014,7913,4841,7276,8446,5484,8190,1526,3706,7164,7037,4094,7935
512,6786,899,4230,519,5773,4989,6418,5654,2167,6424,150,4259,4517,7845,6053,1320,7209,685,7215,565,8758,8765,5950,2111,1857,5573,6341,5191,8520,1097,1994,4169,8775,7885,3663,8783,3795,7380,6491,8156,8667,3299,7013,8941,8943,5490,8180,3319,4605
3585,6279,7304,3976,3085,7694,7822,5009,4117,1685,6809,5022,3358,6178,5156,8997,3111,4903,6823,1961,5163,8239,8243,7220,7476,5946,3259,7867,8891,1476,6982,5321,7754,6222,8913,7251,7765,4058,8799,4704,8291,6118,5482,8940,2286,7407,8825,2934,8441,5246
5632,5505,8322,8581,7813,6153,7818,6795,4618,5265,1683,4631,8476,7454,6560,7074,7464,2094,8752,7475,8759,7607,8763,3778,4802,2247,8905,6909,7249,8661,4183,4952,6365,8933,8678,4199,7786,6507,7150,8303,7024,8178,8947,4980,1143,7672,4473,8956,2173,1662
7552,7809,6790,7815,7433,3339,14,1937,7455,4896,2212,3365,6568,2606,8238,5040,5171,1076,1973,7862,1719,6963,5820,6077,1469,447,6848,962,8004,4039,1608,3144,3917,6735,1361,6997,3288,1882,8411,6111,3939,484,4067,5347,7403,6128,8688,4338,8823,4346
7298,6278,7561,6028,3229,1311,5152,3233,1314,5023,5668,1447,3881,3755,4267,5426,2740,3254,4023,4539,1346,7107,7492,7749,6985,6731,4173,206,4303,1616,1490,8532,6614,5722,4060,8032,6114,6371,7140,6244,8554,1003,748,491,4078,4724,7669,7415,5112,507
1536,4866,4229,8327,8716,8973,7693,7183,7695,6931,6682,4900,6695,5672,3242,7608,7865,5050,8251,2747,2233,1604,1991,6472,4424,7240,7633,1874,6624,3557,5350,7528,6376,3178,2537,5612,4717,3054,5869,1264,4461,5232,5101,5229,6262,1399,7162,6267,2941,8702
7424,1668,5893,3466,8592,5393,8722,8596,1940,7958,8222,8099,4003,6181,4006,8871,2728,6313,8362,6572,3378,6325,8505,7232,8259,5444,8901,8390,6855,4172,2125,4049,8530,7507,7255,858,8541,222,2782,360,6892,6765,2158,4208,7408,6771,5244,8829,8574,5119
6785,4478,4868,8452,135,3592,6409,5898,5513,4233,2573,1558,3736,7707,7458,3495,5545,4138,3884,7983,7349,3257,1467,3644,8894,1225,4041,1353,7116,6733,4815,7761,7762,6226,3028,3285,5334,6873,5849,8794,8155,5342,7651,3814,8174,8050,8568,4089,5245,2046
2433,8323,6149,5894,3724,8717,8848,5522,4754,5906,7061,1821,7840,5670,5286,8232,8234,5553,6706,5811,8886,8503,7609,8634,6972,3519,8384,8770,3395,4803,1219,5702,199,6728,2889,7122,8537,3803,7260,1640,6635,1643,8301,6251,8305,8690,6385,4852,4597,8569
7297,2694,2313,5901,400,1941,280,2074,5020,8095,7072,6433,8357,8103,6057,6828,3117,7597,7854,8368,6323,4020,3252,6330,8899,7623,5575,1612,5070,3792,2897,8660,4440,4312,7259,4957,7397,7910,7783,7655,8041,1254,7915,5486,7023,5616,6130,8185,7674,7933
2177,4738,8195,5249,6533,6022,7428,2568,5640,3722,5132,1933,1934,2320,3860,5527,8343,6040,3356,8477,1567,8352,3619,2980,2474,6649,7216,7858,1717,7231,1474,1921,6725,3269,2759,3401,3281,7891,2646,3673,8927,6498,8803,227,7784,5609,6642,3317,5497,6399
7430,8838,8587,7819,2959,8975,3858,5011,8725,8853,8854,7192,7960,4782,7087,7343,7471,7346,4275,9013,3129,5435,8893,7878,5062,5448,5066,1357,2128,3154,2387,7892,6102,1110,6870,7897,4185,3164,990,7266,1893,4582,2664,7274,6637,3567,3443,3449,5883,8189
4354,7939,7172,4871,3464,8715,6161,8210,3475,3095,6299,6942,8996,3876,5542,9000,8619,4524,1709,2350,3637,2429,3011,7875,1221,965,8904,7882,5195,5708,715,6479,4175,6362,4828,8042,3950,3711,6001,7411,1909,6390,5495,6520,7033,1147,7420,2045,5630,8447
5377,8706,133,8711,4616,7051,2830,8719,144,6928,8464,3477,7064,7961,4763,156,1439,8736,7078,4522,3371,8621,6575,1078,6456,6458,2493,7101,7364,3530,7755,7756,5581,7758,4946,8915,7904,8033,868,7652,8423,7657,5740,4722,2803,4212,8564,6514,7288,5375
3589,8966,5258,2956,7948,8850,5139,2199,7194,6432,8609,6820,2471,1836,1965,7598,6704,434,1718,8512,8260,3013,4936,7883,3148,6351,8788,3286,1750,6998,5209,7386,8922,7643,729,1630,6878,3682,3171,6629,5735,8937,6250,1387,5353,5613,2031,4085,6780,2943
1408,6663,3337,5001,6283,6284,6797,6670,4114,4245,4630,5401,6940,5791,3744,3615,3362,5155,1059,7973,3874,2591,42,6699,3630,1329,6837,6966,3642,7999,6727,6345,7243,2508,7629,2765,4943,6864,4306,5458,3551,8549,7141,3439,1011,7925,2680,5881,6651,2814
7682,8202,8972,5134,8335,1422,7696,1170,7827,3989,7189,8728,6554,5788,7069,6303,1697,4770,3493,3239,4521,5546,4395,4144,4017,2488,6715,4285,8254,4030,5185,7618,1989,3659,6607,2386,7509,2518,5595,8284,7133,3045,4967,8435,8563,8056,1017,1786,8318,7807
2434,4742,8462,1040,4113,6169,670,6302,2848,8865,5921,7975,8104,4648,4143,2992,3639,3385,7866,6591,8767,2754,6211,5827,8774,6857,8909,7246,5967,2256,7377,8144,4560,1623,1625,1117,4831,2145,5221,2407,5996,7789,1521,5107,8820,6774,5879,6904,8061,5502
5114,4740,4996,6669,2318,271,273,7570,3473,6549,6933,5275,284,2077,1950,4767,6946,8226,804,4262,1832,2344,2477,6958,4654,4528,2996,7350,3382,6968,454,3785,5707,2254,980,8154,5090,6627,8164,872,874,4588,7277,6384,7409,4593,3700,5369,4218,5886
6146,8197,3593,7690,7059,7573,4886,4246,5655,412,4381,8098,1443,4133,6394,1968,8497,6834,4022,3775,4552,5834,970,6220,4817,6097,7634,7635,7253,8789,5975,5468,5473,6374,3688,8297,4457,4331,7660,5226,2927,3312,4726,7799,8824,7161,3578,7291,5372,4477
3329,6531,8842,8077,8078,8977,5649,3474,4373,8341,7318,2206,2977,7717,8998,4391,8367,3123,2809,6712,7752,5449,3068,2252,3406,8019,4947,7895,7257,3421,6625,2274,6626,4578,8290,7011,5476,5480,8169,5356,237,6381,7793,6129,6773,7032,2041,4091,380,8830
4357,5253,4364,5116,3342,5909,1696,2296,7712,1191,6954,6827,7468,8746,5297,1074,6583,5943,569,4667,4543,8897,4930,1733,3656,6474,8139,8016,3026,5330,3666,8278,3287,5848,2012,6880,5474,8163,6116,3172,3942,4456,2161,2550,8950,3192,5756,6269,1150,1535
128,8832,6274,4867,6275,3459,3594,2058,7058,2451,916,7703,6685,8096,4641,5281,7459,4904,5037,5166,3888,1331,8504,3135,2495,7616,2882,5312,6980,8388,3526,959,4808,8011,6347,1231,6738,6355,7636,7127,4959,7908,4837,8175,5744,5745,3441,8443,5500,6015
8704,2178,1286,7305,7946,8079,6802,5141,8470,918,5013,4892,7325,5924,4647,2472,7338,2475,7083,5933,2090,4399,6067,308,1338,1339,1980,2364,8510,6338,4680,4811,1869,8912,6609,8403,2901,6616,4059,8159,5603,5093,5862,7663,6646,4599,7286,4601,4602,3702
6789,4615,8201,2186,5642,6926,6007,5136,4495,7443,5398,7837,5149,5151,6048,4771,6180,4397,7984,4401,2867,3892,7096,2363,2623,5830,3273,6602,7371,8396,5964,8907,3535,6098,7379,7510,8793,6619,7390,4191,8573,4196,6117,5098,5610,3564,2283,6135,1146,5629
6019,5764,7686,2056,8843,8460,2323,3219,8595,7451,8092,1405,5535,2724,8741,5287,4135,6316,3247,8240,9008,8370,8638,4415,8640,2879,8642,5060,2631,7111,5454,8015,8914,5972,7767,8282,2399,2273,5091,6885,2535,6508,8045,7916,4591,6643,3064,8701,3838,6655
8576,8448,4483,5765,8710,5639,7688,8724,1173,2454,7833,2331,6137,2169,4515,2467,6308,2342,6952,6570,175,4913,4658,2482,6196,2612,7092,5051,3004,8133,7239,8653,5328,5840,7508,2265,3162,2016,864,3684,8167,635,1774,7535,6387,8054,1529,3450,6907,8444
6403,6662,2696,3212,909,6672,2706,6291,8213,5397,3991,5911,3998,4255,6174,7073,7967,5920,6830,5043,8372,4790,5559,8120,5815,5434,7357,5696,8903,3528,7753,7113,6477,3923,5214,7903,5346,4965,3303,5352,7147,3821,7534,4596,8053,7030,4984,6139,4604,8319
7936,2689,5128,5516,5135,3218,6038,8088,8603,7839,8351,4137,7593,5931,9014,6710,6075,8513,4290,6723,8516,8515,7366,2375,8777,8779,8910,6736,465,8277,4693,5464,7513,5594,7388,3298,5477,3430,5990,7782,7269,7152,6259,7923,8437,8565,4855,8312,7804,2559
7168,2820,8453,8,8461,8207,7055,5779,7190,3864,5280,5537,8354,7462,8231,1455,1461,3765,5046,4791,6842,6844,5566,2240,7490,3016,3913,8404,5719,6615,2007,2647,3290,8926,3935,7905,2789,6887,7404,8813,8685,7790,6896,7536,8818,8179,6004,6772,3704,3321
640,643,5509,3461,2827,7565,5647,3856,2705,6295,1434,8604,3100,1824,929,34,2083,932,807,295,1833,810,300,1917,6190,303,5164,1586,2105,1850,8252,3022,7120,3284,855,2780,4062,4320,737,2532,2666,4846,5998,1525,6134,503,2042,3836,3325,7423
7553,1793,4741,7431,7432,6536,4623,6673,2965,1814,4504,3352,4124,4508,2210,8356,8485,4516,7720,169,1706,1452,2223,2227,5301,4150,8124,8255,6594,8519,6983,7495,1101,8656,8402,3925,8153,5593,3035,8030,1376,1126,1271,7662,1391,8822,4087,7289,4475,2044
5376,4994,2570,267,1811,2967,7198,1568,6265,2082,1955,2084,3238,4520,4393,2866,4531,5299,5812,6457,7994,2750,3007,832,841,844,3662,3791,846,466,5843,1237,2520,4188,1373,4572,6623,4321,3454,2921,6890,2922,4976,3187,3828,1140,4086,7540,3577,7806
7681,6148,4613,7179,2699,779,2957,524,2190,8205,6930,6548,5017,2457,5531,540,5533,6813,5532,5664,1952,2731,5292,3886,5168,7217,3120,1332,6326,4282,5693,7493,5447,5065,6091,1227,595,3671,5729,8934,3816,6124,7406,6003,2164,2547,4215,8440,2683,5884
8449,7937,5123,8708,2561,7821,2831,657,7954,4501,8086,3224,2968,7450,7587,7589,7333,7340,3501,8494,7856,8496,3889,7604,2615,5305,5947,8009,8393,585,5324,2381,4304,7125,7648,6242,8419,1511,4968,2024,3051,4972,4332,6638,1516,7917,4081,8817,7418,1787
6401,6018,3977,4748,2316,3468,6031,4368,1294,788,5402,4636,2461,1566,2978,5420,812,6194,438,2108,3523,4806,4678,4425,2123,8268,6605,8397,5586,7126,6103,1495,5208,5207,5853,2272,5089,5857,4453,7271,490,1772,4973,1778,3314,4339,2293,244,2553,4606
6661,6151,4359,3978,4875,7311,3727,4497,8976,6008,6805,7322,2589,7709,7971,8743,2216,7081,6445,1972,4663,2366,7487,4673,8001,5578,4298,7372,5582,2639,5841,2517,8918,6744,5852,6749,6877,8671,1120,5730,8034,3048,5993,8555,4718,1134,4344,7419,3708,1791
3081,8971,8846,6287,3857,6290,7187,8852,7700,6550,3479,4760,8084,5917,5406,8992,5793,4258,3489,7713,6567,2600,7976,3628,1202,8373,6201,3901,6845,3521,5700,2502,5068,4429,7673,8399,5850,6107,2397,5597,7393,1250,6113,5224,7021,7794,2422,5366,6393,7034
3072,1538,8451,5386,4878,8338,5524,6680,4893,1693,2722,3234,7334,7979,6061,7855,5425,4146,9011,6711,6585,314,4284,2237,7358,7748,3916,6732,1233,7378,6867,5460,3419,7134,7264,7265,7779,7529,873,1518,4079,3953,2546,7413,7157,2294,376,1914,3196,6526
5121,5890,513,6020,5122,5382,6919,7177,8585,6665,5260,6032,4632,160,6562,1705,7852,5678,6446,3377,7477,5561,6074,3897,7868,2877,4669,8508,5960,5706,4939,6604,8141,4054,4182,4698,4956,7517,4192,4961,7523,8557,3825,5111,3832,7930,5627,2813,4990,7295
4737,6017,5891,2436,2053,5892,5129,7563,1548,2188,7950,3728,5137,2962,7448,2585,7578,5755,8478,7583,6049,4643,2602,2603,8363,5548,1713,3127,1724,7102,6207,2885,5318,1223,2687,6871,3032,2523,2654,94,5856,5854,98,4451,4076,6898,5363,2804,251,895
6913,8066,7301,8325,6922,2833,7955,7831,4889,1562,3225,4000,1569,5792,7848,8107,2860,9005,7726,3503,5552,7089,6322,5432,3384,8633,3003,5052,5183,6208,7363,68,4551,6471,6730,6606,7384,7263,1891,6756,6634,632,7020,5358,8815,3824,7665,8306,7544,7293
1795,1797,8070,4999,3208,5385,8328,1682,5907,532,6808,7452,5148,6172,7590,3751,8874,5419,8751,1072,8500,8889,7993,6713,6588,190,5055,3649,6597,3018,1484,1873,5459,8917,3934,8289,4963,8035,2276,4071,8551,4585,3818,7019,5230,4463,496,4343,1144,6011
1664,3713,1686,1687,790,3997,2462,8101,1831,6955,5423,2226,6198,953,954,8126,1727,2629,2630,5829,8392,7369,2377,5064,6858,5453,8526,4688,2512,3538,1365,3669,7638,6232,6741,5339,1374,863,8544,3042,2914,1381,2278,7145,2794,495,4853,117,1789,8191
4104,7689,5899,2194,3731,7829,22,3357,8094,5918,7838,5412,3109,5289,6701,4911,7859,2868,2745,1977,58,3771,6717,5186,4420,6468,3140,5193,1740,1741,1742,5709,5071,3665,4561,2771,4438,8026,3292,7902,2783,3808,3425,8161,7532,8302,8309,2039,7928,8575
3721,4108,1676,398,8590,6929,2578,3987,4506,4379,3227,7842,2723,675,2338,5543,1576,1068,3629,430,1840,3760,7348,5941,694,1592,2107,1595,2109,3772,830,7233,2113,709,8911,7123,2644,853,217,6620,2916,2919,6121,5481,6764,366,4595,6392,893,2302
1157,1285,2824,2314,3979,8332,3853,5648,1042,7320,3993,8602,1945,2460,6558,3617,5673,2604,5807,1459,3510,4919,6328,698,2362,4795,5957,7622,2762,4556,6487,8286,1631,5601,99,8547,6631,3305,5867,3437,7918,3568,8049,3827,499,5619,8310,8442,7677,3582
5120,7554,8834,3460,5638,6534,8713,5130,7312,3217,4499,7071,2208,6821,6183,8873,6060,5677,7853,4525,8115,8755,7221,6965,311,7738,8379,6203,5823,5570,6978,1487,7124,7764,6742,7770,4700,2911,8415,8808,6380,4092,6766,1776,6768,2292,5880,2940,382,7167
1025,1155,1543,1674,7054,5008,1681,2067,3222,8601,1435,1564,1052,1438,3108,6436,4392,7592,2218,2221,1198,2225,3383,706,2371,2372,2118,3400,2251,4942,3279,848,593,4050,1747,477,7649,740,6501,2917,1767,871,235,4204,3565,370,2421,5878,2679,1142
3968,8967,6920,649,8458,8330,5902,5778,8083,4248,6425,7581,6687,6317,5935,4532,8245,5431,5049,8257,5442,7489,3908,4805,6089,5450,8394,8649,8142,4431,4819,1493,5974,4189,3678,6240,3681,5986,5733,8294,4966,3561,4205,4847,6515,4341,6776,8826,8827,8060
5761,2946,645,4869,3719,4103,262,6027,5519,3472,2065,6677,2973,424,4394,6192,2995,951,4024,4665,4026,2491,3898,1852,3005,1215,3776,3393,3010,2373,583,3788,4945,3413,2773,3801,1755,4955,3933,97,4707,869,2793,4843,4974,504,1657,5626,1277,4350
4224,2816,1154,773,2184,6668,6160,5521,3346,2708,5270,8727,791,5273,4253,5407,4386,4772,165,5802,1323,1325,2299,8753,5683,8374,2102,6720,4674,195,6852,3266,5443,8264,3146,6603,4428,459,6862,5583,7546,4311,612,8805,8292,745,3308,881,7671,7802,123,7551
4227,1667,2949,6788,7175,8580,6664,1418,2691,8591,7572,5781,8598,6681,7706,7836,1692,8866,6948,3369,5675,5932,7341,8366,4657,4534,6200,4922,8127,5571,4170,3403,7628,1998,7502,7376,8401,6610,599,350,5471,7521,8930,8314,5478,5995,6894,7281,6518,4986,7803,6524
1152,7044,3846,6407,6406,4236,1038,8720,2326,1816,3226,7835,2714,8861,8989,6043,7195,5408,1317,8872,7210,2732,4653,3374,5293,2864,7478,7739,5438,2624,3650,8003,7619,6213,8521,5973,8150,6750,4193,6245,3686,3175,8296,5989,4970,6636,3692,6641,1649,5621,8694,3834
8321,7043,1798,8974,5264,6674,6163,2324,5016,8472,2203,6811,2715,8862,7203,2340,6702,7599,3761,8882,3635,8629,6454,4406,6970,4414,4927,8768,7237,3143,4809,5970,4691,3798,8663,5080,2137,3294,2402,3433,1898,1770,8188,7919,4720,2162,8311,3448,761,2300,5117,3710
7040,768,8962,2818,7812,7427,6916,5635,6152,782,8334,3600,5905,912,1427,1300,6934,7467,8364,4909,7470,5295,7088,1199,4786,7733,2748,701,7870,3263,6080,5445,4037,6088,8138,8267,5202,3541,8151,3675,1501,8928,8931,4324,5479,2023,2409,1642,5099,5865,6120,3955
3456,2307,2052,3982,1167,4622,6542,5498,7699,6676,1302,7575,1305,8474,4121,1699,5031,6311,8747,817,6578,8501,7736,2617,7354,443,5308,829,7100,4537,5437,8249,8381,3782,3654,2761,591,2767,7887,5332,3545,6496,4705,5216,2147,8548,8681,236,750,6389,7159,6906
5504,8833,4482,4225,2693,5255,7816,3335,4234,7691,3215,1911,3734,6167,1944,4249,7579,3099,5915,4512,4129,2469,4905,7722,3756,4780,8383,1089,6084,6470,1868,8525,5712,3280,5074,7929,2262,7773,6237,8158,3037,5217,2786,2660,4839,1769,4589,3315,8052,7285,6903,5753
5507,3075,8844,2829,7052,7439,1935,8593,2834,6551,4503,7065,6391,6046,6559,4895,7710,1065,8105,4011,1067,2219,8627,181,697,7996,63,4935,2248,6224,6100,5847,6876,1629,7132,5087,3936,3041,4706,3301,3174,5223,1513,7530,2669,368,2418,1655,7417,2298,3581,3199
4739,3204,8965,646,5767,265,7053,4371,5780,8471,1688,7577,1436,2845,6689,1571,549,8106,4652,814,1716,7989,8121,5310,2811,1216,4545,6465,7876,2503,2122,842,3021,4814,5587,4307,981,88,860,6109,7006,3553,2019,5095,5607,2670,367,3184,6005,374,4598,7675
6144,4609,3842,6659,2692,3331,2822,8456,7050,7315,3604,4500,4118,3992,5018,2587,1820,5415,1960,3882,6062,3759,3122,7355,4283,1212,1854,1601,8258,1860,3909,4293,8008,6729,3667,6872,7899,732,2524,3423,1889,4708,8165,3964,6249,3436,6126,3190,5368,4474,4860,7805
1665,4995,1028,1542,392,1677,2061,2062,5653,2328,1689,2971,2205,5790,30,1694,1823,1186,1827,292,6309,2088,937,1964,2735,305,946,948,441,3131,2757,712,4684,589,1356,978,5971,1240,218,3420,4317,1246,1757,1248,1887,5096,363,365,4978,1781,247,1019
1671,2567,1545,1679,5007,3607,3608,2841,2459,1565,3102,927,1829,1958,1959,3237,2087,1834,4523,938,1918,1588,2104,828,3516,2751,704,834,2756,6726,4040,1235,212,2645,3283,472,2011,4318,862,1377,355,743,2920,3182,3183,2672,241,3186,7539,502,5367,510
4356,2823,3207,1932,7952,3861,2582,2327,2069,2842,4891,4890,3106,4906,1579,3115,5424,1584,4402,1587,3126,3896,2235,956,2236,2238,8000,2116,2812,3142,3402,3023,977,850,1108,852,3158,3928,5081,2778,6235,3931,859,475,738,1380,2923,5234,4210,372,3452,3455
4864,4097,5508,1284,8457,8204,1296,6039,5784,668,6050,4514,7337,426,6443,9004,8749,2222,7725,3632,3504,1847,7353,2873,317,4413,8639,445,5441,1853,3651,8132,8771,3398,7494,5703,1614,7890,4052,8279,8407,5336,4445,1503,1504,4449,7272,8172,5489,5617,379,4219
6657,7170,6915,7299,7555,7558,7685,5256,7941,3844,4363,5772,7824,4116,7956,4125,5405,7966,6307,5284,1701,1575,3753,1450,2354,51,4788,6584,6587,7486,8002,3141,3910,2766,8655,2129,2769,2385,3797,7512,5212,3165,8422,619,4716,5742,5618,7922,5236,4469,7412,8831
1928,1163,5005,7437,7181,7569,2580,5269,7328,5794,1188,4645,8614,8615,4776,5417,4396,8365,2608,2352,2096,8112,2997,5174,5303,2619,6589,6592,6850,6853,1734,8007,3145,7499,4044,3536,5072,81,6352,2390,8024,6617,2014,3166,8288,7395,6503,5097,8810,3179,108,4333,622,1900,1136,8300,1394,3570,6777,637,4222
3201,3202,258,1030,4873,3338,6923,1806,4367,2702,6545,274,7191,5271,8599,6044,3484,6431,2850,7330,7076,4134,8486,6698,7850,6836,5686,7226,8764,3261,4160,6721,5704,5968,8786,5075,7766,2140,5984,2528,5864,1256,7659,2674,4466,6260,8181,3958,8695,8438,3065
1281,8963,6405,4744,1801,8851,3348,4243,7962,4382,5797,294,5159,4777,1324,7982,6961,4661,2614,5562,6081,7620,2500,8134,5956,4167,1093,4812,6221,3533,5710,3282,1619,8148,3542,3927,6359,8413,3550,7519,2027,6639,2799,8945,4851,7028,4213,4982,7283,7931,8703
1923,2563,7944,7947,6029,1550,5391,2575,4111,4624,3216,3609,1561,4127,5665,6818,6947,5410,4388,5030,7719,1058,7082,4650,3375,8369,2610,8371,4273,7090,1843,7095,4287,6976,1088,7108,3270,8648,7496,8270,725,983,3160,2008,6747,8542,5855,7009,7154,7292,7039
4099,7046,3718,6281,8969,8076,3340,2445,1172,2837,5536,7969,1957,4902,3623,6441,5805,2351,2355,8888,1849,7482,5563,1084,3388,2878,4416,4418,8645,2894,1744,2000,1105,3540,4823,3415,1370,7644,3039,8672,8417,3554,4836,7280,8561,4082,7667,5365,3831,4857,7548
6912,2688,2180,2437,6535,6675,5529,2972,7580,6556,5541,2089,8745,2478,9010,4277,3509,2555,3894,3253,7098,7485,5954,2499,5961,4813,5198,4434,7382,7383,7001,8409,4187,3418,2269,7002,7777,7906,762,7139,6757,7396,2661,8570,1905,243,8057,8698,2043,8316,894
509,7300,1929,8970,397,7949,3984,8339,6166,1691,2588,8220,799,8479,1825,3748,6310,3625,1581,6447,825,4410,8380,6461,5694,2110,5057,8651,5579,3531,3793,721,3539,5716,2905,4570,4827,4444,1885,6233,4579,2659,7270,358,7143,6252,3180,4590,6516,3705,2557
6273,3843,8836,6021,3973,5002,3597,1554,5267,8466,8469,7193,5786,3611,4639,2080,2465,3367,7080,4014,6831,6324,8247,6967,6840,6206,8262,7367,2120,7881,8650,5329,8658,6994,4949,8022,1752,7258,7642,6621,5983,7136,8287,6372,3812,8046,7664,8432,6002,4979,5887
7425,1796,6791,8714,6796,7057,4625,7186,6034,3603,5395,408,6168,4635,4764,7965,6817,802,6691,7336,7987,3507,8887,6841,4926,5439,4034,7236,7750,8263,1863,5322,7373,4302,5584,2514,214,2909,5725,1759,8543,2530,5605,4710,6119,5100,5102,1007,4849,2038,6653
5506,515,1925,2950,5510,8584,4617,1805,4756,7062,5785,1818,5147,923,6941,8347,543,3483,5539,8230,4139,6188,4016,2485,4664,184,3768,6459,1984,6466,6854,7241,7114,7757,7759,8146,8800,8929,5606,6248,5994,4074,2156,6122,5750,7927,6648,7414,5754,4348,2431
7169,8707,3209,2953,395,2828,1936,1784,2583,1050,3105,297,5034,7595,2862,2738,7474,695,6073,1466,958,6335,2241,2626,2758,838,3020,2642,3960,5845,471,4826,1115,5724,1118,5088,4448,736,1888,4326,231,489,5354,1262,2671,1519,3185,1524,4216,2554,1022
644,4998,2825,2444,4241,3090,6263,3355,3739,5403,2844,3360,289,2742,2999,9015,1721,2490,955,2106,1722,836,3397,4550,3783,2124,845,2255,2384,3025,469,473,857,7515,5239,5980,6366,4322,483,2787,2918,4077,3566,3438,8559,3313,5361,1015,1274,1278,1919
