2820,8453,4742,2316,8461,2704,7190,8603,8733,8095,5280,3487,5922,8483,8231,3626,3117,8238,1973,2359,6330,8252,572,5566,8767,6979,7623,6472,2375,5452,6997,7638,2007,4440,1882,8411,8926,3296,6369,5347,8677,2789,7655,7910,7269,8037,8426,7790,2031,5616,6767,6130,3059,6643,5624,3321,7674,8061
7432,6536,8,524,2957,8207,6673,1811,6548,2965,1814,2967,5779,2457,3864,5531,5532,2461,5533,4508,1952,8354,1955,2731,1452,5419,3886,1455,5168,5301,4150,1461,3765,6842,4284,8124,6844,7490,3016,8402,5843,8404,3671,6615,5719,3935,6887,7404,8813,8685,6896,8818,4475,6004,8822,4215,2683
7552,6528,6278,7431,3208,7433,5901,14,1937,1941,3352,6808,1053,7455,4896,5537,8356,7462,7720,169,1706,556,2733,2606,8622,5040,6064,1076,4791,7994,5820,3649,6594,962,8642,6597,7495,1608,3913,6735,3792,1361,2258,5593,7259,8185,8030,6111,5729,484,7397,7017,3818,5867,7403,8045,7662,1391,4463,6128,4338,1271,7289,4346
7681,7553,1793,6148,1797,4613,7815,8328,4741,7179,2699,8205,779,2190,6930,6290,8084,4760,5017,540,6813,5664,5793,2212,8485,6567,6568,5292,3120,7217,5171,1332,6326,4282,5693,6845,3521,5700,7493,2502,5447,5957,5065,1227,6091,5068,1101,8656,595,3925,5597,6113,8934,1126,3816,4585,6124,7406,6003,2164,2547,8440,5884
5633,7556,8709,6153,6798,3470,5646,8723,8855,2071,5913,8986,3865,5276,7197,6047,417,6561,678,2989,5938,8754,7988,1589,3511,7483,4797,7614,5698,1730,4036,6727,5959,7626,4298,2893,5839,5455,3706,8152,5082,993,3682,1635,8678,5619,4980,4472,7801,6522,7935
4352,5121,6274,1160,7951,4752,8081,2449,6936,6296,6428,8476,8735,8868,5032,8111,8626,818,6708,8885,2744,3135,6464,4292,4421,8908,6349,4046,3920,5457,5715,6911,8791,344,7769,5594,7511,987,8674,5477,998,7781,3689,4969,8938,5355,8306,3826,6650,6015
7936,8194,7171,3715,2309,6275,4101,6283,4877,3472,8849,8468,404,916,3097,6170,6426,8223,6944,8737,7459,8101,4137,9006,7600,8116,1210,7611,4027,5819,5825,6723,452,325,1610,8779,8781,1231,6225,7772,7138,8036,8679,4459,8556,6640,5745,6259,7029,4855
8579,8452,1414,3850,7566,6286,6544,4112,3218,786,2451,7063,5404,8348,8227,7846,8487,6012,3498,5680,6833,7473,6835,7220,1080,6715,1596,1598,6340,4295,8652,8784,6481,2135,8792,8026,5466,4958,7525,8166,4329,3050,7531,2929,8307,7668,7542,1531,8956,7549
7297,7303,4106,7826,6035,7314,8726,8215,8345,7834,8987,8355,7205,5550,3634,1970,8243,5557,2229,6716,8895,3780,8389,4682,6346,2635,2127,7761,6739,7892,8149,2132,6231,4437,6745,8280,4181,8028,1630,3814,4327,8424,8809,5480,8429,7537,4729,6899,7796,4089
8715,7694,5265,1683,7446,4631,8094,5158,3111,1662,8746,3884,7031,4656,5936,3890,7346,7218,2173,3129,8891,6724,8904,6733,2128,7249,7889,7765,5848,4952,4828,4701,1891,3172,8933,6118,7398,4456,4713,8303,7407,8825,3573,6133,1143,7545,1147,5628,2429,4478
8705,8581,8325,7304,4618,5262,5009,3858,3477,6809,3358,6305,6178,7074,5156,7458,4903,7464,6823,4138,3883,5163,8875,1961,8239,1968,4529,7476,8759,6712,1977,7867,4157,4802,3778,1476,1348,7754,7756,6222,2387,6362,4058,4704,5866,5482,2288,6901,2934,3711
5632,8449,8708,133,6028,657,8214,1558,8854,7707,5918,5792,4000,3365,8619,7340,1836,8494,7471,7856,8496,7604,7349,5305,3644,1469,8004,8009,2381,206,4946,6226,5330,7125,3285,6365,6242,6244,5735,4968,7274,4972,4332,8174,8688,7024,4724,8309,8189,8447
3593,7946,5513,6802,6162,5141,8470,22,6299,7325,6560,3233,5152,4647,2472,7079,7338,7083,2090,5933,1709,4911,6067,308,2364,6338,965,3656,1353,4811,6870,4059,8159,5603,8568,5093,5862,3303,6638,3824,6514,7411,3443,6646,4599,7286,4602,7420,2045,5630
1408,6913,6146,4354,1286,6662,3464,4871,7690,7051,4495,144,6928,2194,8464,8079,5013,7831,4892,4381,1439,7712,1443,5412,5542,7078,4522,5043,3637,1338,7101,8510,7364,715,5708,5581,4304,6864,8789,2901,5975,6878,3688,7657,8302,2927,3312,2039,4601,5495
2561,2178,7172,8587,7821,3342,2831,7059,6292,4501,5372,5655,3876,7589,7333,4133,6394,2350,7984,4401,5943,3897,1339,1980,4543,8897,4680,970,5964,6220,6479,8912,4817,3666,6738,6097,6609,8403,6616,7648,3942,8297,5098,4457,5610,7799,7161,3578,7291,5116
5505,7937,5123,3976,5899,3731,7829,3224,2968,7450,7587,8996,3109,9000,6701,3501,7859,2868,1078,2615,58,3771,7488,4420,1221,6468,585,7882,8393,5324,5071,4561,2771,4438,5209,2783,8161,2024,7786,3051,7532,1516,7917,1909,6390,4726,7928,3574,7418,1787
7939,5380,4104,7689,4233,6795,8210,3475,7573,7960,3357,6942,7838,4009,5289,3371,4524,8752,6834,1205,4022,2745,2493,6717,7875,3140,3011,8394,1740,1741,1742,4175,3665,7634,3292,7902,3425,8419,5220,6374,4199,4473,8042,4331,7660,3950,7663,3702,7033,1535
1154,1667,2691,2949,1798,6406,7175,4236,1038,5264,6160,2326,5270,8472,5273,2714,6681,2340,1317,4772,8872,3369,5802,1323,2732,5932,8366,1325,4534,8127,3266,5443,4809,2122,8521,4170,459,7502,6862,8401,4307,8150,7802,88,6750,8930,8292,3175,881,5621,7546,5117
7050,6542,1167,6674,6676,2324,5016,6811,2203,2715,5790,8862,4129,7203,292,2469,6311,4653,6702,7599,2864,6578,3635,8629,6454,7736,2617,7100,8381,8008,7887,5074,4691,5587,2262,8663,3798,1757,7006,2147,6249,1770,1769,8188,4720,7281,6389,7159,7675,3964
3456,4225,3842,5507,3331,6659,3075,2307,2693,8844,2829,3982,7439,8593,2834,7699,7065,3099,1571,1065,8105,4011,3756,3759,817,697,443,7996,1212,5308,6465,1860,4293,3909,6084,2761,6224,5712,6100,5847,6872,732,1629,3936,5217,4706,3553,5096,6391,6906
6144,8965,646,1418,7052,8591,4371,8598,8471,2328,4503,6551,1692,1820,30,1960,8106,2219,1067,3882,3122,7989,3896,4283,5310,7876,2503,4935,7376,6610,860,6876,5087,1889,2019,612,3301,5607,5223,1513,2670,367,368,6641,2418,6005,1655,7417,3834,3199
1665,4739,1028,4995,1542,3204,2822,5767,2061,2062,5780,5653,1689,7577,2587,1823,6689,1186,1827,549,937,1964,4652,814,2735,305,946,948,1716,441,8121,4545,2757,2248,1356,3021,978,218,3420,6109,1246,1887,363,2669,365,3184,374,247,4598,1019
1671,2567,1545,392,265,7053,1677,3607,2971,1436,2205,1694,6309,2087,2088,5415,938,1584,1588,3131,828,3516,704,1216,2756,4040,712,4684,589,4814,977,3283,5971,981,472,1240,2011,4317,862,1248,1377,355,5095,3183,2672,4978,7539,1781,5367,1918
1932,5007,1296,3861,2582,2327,2841,2842,4891,1565,3102,3106,1829,1958,1959,1834,1579,3115,4906,5424,4402,1587,3126,1847,2235,2236,445,3142,6726,1614,3023,1235,3158,3928,5081,2778,3931,6235,4318,4449,236,3182,241,4210,3186,5234,372,502,510,3455
4356,2823,3207,1935,1679,2069,1688,4121,4890,3608,2459,927,4514,3237,4523,2354,2104,956,1853,829,2811,8000,2751,2238,834,2116,3782,5703,842,3402,591,2385,850,852,212,1108,2645,3452,859,475,1503,1504,738,1380,743,2920,7530,2923,379,2812
5381,5125,4485,4872,7817,6282,5258,6538,7434,7954,8342,6683,8994,8741,7206,2983,7849,9002,1194,7724,8109,7854,7727,3248,940,4019,8117,6070,7734,7480,1334,6270,8637,7104,8643,8516,4676,3657,2378,4299,8012,6986,1865,6351,4177,6356,1878,5464,3548,479,4575,4067,1251,2796,876,6893,5103,3695,5364,3193,4094,5759
7942,7047,5768,2313,7818,5770,7948,7309,3091,6293,8982,1176,3740,2334,3872,8609,5026,8357,8623,7986,6579,5428,7223,7351,3641,8251,7747,4548,8773,5831,6732,6093,8017,8788,3288,1242,7643,8668,5470,5731,7526,6375,7152,7026,8700,2806,8439,8953,8572,6782
4747,5387,8462,4878,5650,8979,6421,920,6169,6298,6045,3616,3491,8739,4262,7979,7213,8495,4146,5429,4153,7481,7358,2883,3013,8776,5577,7500,4558,1358,4563,6228,5718,8537,3419,4062,6752,5859,7932,8937,5739,2412,4588,7023,4081,3698,254,6905,7164,6526
5257,6411,1040,7568,8850,7447,8983,7326,8865,3234,8360,4648,8618,8489,6061,942,7344,6065,9011,6709,8502,5436,7869,4925,3647,6079,5313,7748,5188,6599,5323,8780,2510,4689,7378,7767,4824,6105,7134,7264,6882,7779,7268,4581,5091,4195,7915,7276,5484,4732
6531,6917,519,1288,5128,4989,6418,8338,2964,5654,8087,7704,8604,7201,4259,7075,6053,8103,5928,7209,7469,6963,2740,8499,8760,8382,6591,7871,1857,3138,6851,8260,8775,1097,74,4169,4427,5580,8271,6354,8787,7518,2532,2279,8041,6507,8180,2425,5245,6654
2438,8327,6409,5386,8716,3088,6680,7845,1254,4391,6057,8750,4783,3252,7865,6075,447,1346,6211,7749,1991,3916,2125,2897,7633,6867,1490,4565,7128,4703,7653,3557,8039,360,6761,2537,7529,5612,8823,6254,4591,3952,5490,2932,8948,7415,6267,1405,3838,6655
3716,3077,645,6022,4492,1807,6416,1298,6423,3738,7451,5660,3229,284,8351,3103,7715,5799,5288,6440,6183,7855,7728,5554,8118,7991,6710,4023,7872,7362,4165,6216,5705,3277,6992,5713,8532,8539,8798,6624,3552,7014,3306,8683,5613,8047,1521,2034,6396,6142
4480,1536,1538,2694,7686,3466,7693,8078,7183,7695,4113,5906,7958,7194,1307,2074,5023,1184,5921,2722,8099,4003,2728,6572,7597,6828,6325,8376,3393,2754,5444,8390,5575,7116,1874,7507,7255,4312,1625,858,6376,8169,3178,5998,7793,2546,6262,1399,5244,8702
7424,4866,4230,5773,280,8601,4637,3489,6695,4264,3881,3242,7598,7215,6190,5050,2747,2111,8898,8515,1604,5060,5191,4424,5837,3917,7885,2002,8914,6491,8312,4957,8667,6625,7013,5350,8043,2539,5101,3054,4335,4717,5869,5229,5232,3953,5487,4600,7162,2941
7682,1411,8324,5893,2571,1422,7827,7955,7189,5139,3480,4251,6176,6820,3493,3239,4392,4521,2471,4395,2477,689,4017,434,3382,1718,7992,6585,4024,2491,8513,8130,7618,8259,1989,454,2891,5972,6742,6998,7513,729,6626,8038,7277,8692,3700,8056,8318,5886
2689,387,5369,5516,2318,7054,5135,7570,6933,6549,8088,6554,5275,3100,929,34,6946,4900,37,7334,295,1832,2344,804,5931,4654,1198,2996,7350,6968,2254,7120,465,8277,855,8154,7133,734,8032,7265,5090,6627,4578,4965,5990,4078,7409,4593,1017,5114
6401,6018,3468,6031,7696,4368,8722,4499,8340,7318,6038,4636,4767,8226,2724,7207,6955,6958,8631,5688,7608,6855,6600,8520,7369,4425,2559,3400,8910,4693,3290,7388,3042,8164,4218,7271,7145,1772,6892,3696,7923,8437,2294,2293,8565,1657,1914,7804,1789,8191
5761,5891,5892,2827,7563,4748,1294,3728,2705,7448,1693,1950,8478,1824,6049,2978,2083,932,1833,810,8363,5548,812,6207,2885,4806,8268,8397,3022,4303,5588,7126,1495,2647,6103,2523,5854,2272,5857,4453,3176,2666,4973,1518,495,1778,244,1525,2553,1917
3072,2946,2436,2053,5129,3977,2188,3856,5137,895,2585,5402,7578,7583,2208,2338,4643,300,303,4528,1713,3127,1724,2237,7102,2373,5318,1223,4678,3785,3284,3669,6871,5207,5208,3032,1755,94,2914,98,872,873,6384,3314,2804,376,2042,251,1277,2687
1664,7809,3713,1676,1548,5263,2962,150,1687,2710,2462,1831,1576,5423,2226,6198,694,953,954,8126,1727,2629,2630,5829,8392,5064,6858,8526,4688,2512,3538,1365,6741,5339,1374,863,8544,2654,4451,1381,2278,7527,2919,366,6895,4592,6898,5363,4853,4221
4737,4869,1543,3721,5008,2067,3987,1435,1052,1564,1438,4379,3227,3108,7592,2218,2221,430,3760,2225,3383,2107,2109,2372,2251,4942,3279,848,4050,1747,2644,853,217,477,5856,7649,740,6501,2917,871,2793,5481,235,4204,3565,370,4595,2421,5878,1142
6017,1025,1155,262,3719,4103,1674,6027,7950,5519,1681,2065,6677,3222,2973,6436,424,4394,6192,2995,951,4026,3898,1852,3005,1215,3776,706,3010,2371,2118,583,3788,593,4945,3413,2773,3801,4955,3933,97,4707,869,1767,5224,4843,4974,2679,5626,4350
7040,4224,6788,773,6664,6668,5521,3346,7572,2708,8727,1816,791,7835,4253,5407,8866,4386,7210,5675,8364,7341,2299,8753,8374,2102,7739,6720,4674,195,6852,3146,6603,4428,5583,4311,599,350,5471,7521,4193,8805,8296,745,4970,5995,5865,6636,6894,123,3308,6518,7671,8314,7803,6524,4986,7551
768,1152,2818,4097,7044,3846,6407,4234,3600,8720,6163,3226,6043,7836,5915,7195,6559,5408,8989,6948,4905,4909,3374,5293,7088,8627,7478,6200,2748,5438,3263,8771,5571,6213,7494,3143,6088,5202,5973,8151,5080,3294,8158,3041,2402,6245,3686,5478,1642,3692,1649,7285,8694,8311
8833,7043,1284,7812,6152,8334,3215,7952,5905,912,782,1300,6934,5784,7579,2845,8861,4895,4512,7722,7467,7725,5295,1199,4786,6970,4922,4927,6080,8768,2624,7619,3650,5445,3398,7237,8267,8525,4052,3541,2137,7773,8928,2409,1898,5099,3433,4589,7919,2162,3448,761,3581,3710
5504,8321,4482,7427,2052,6916,5255,7816,7691,7824,1427,1302,6039,1944,1305,8474,7710,5031,8747,4780,8501,4413,8383,5441,1089,3654,6470,8138,1868,2767,3280,7890,5970,5332,7929,3545,3037,1501,6496,4705,5216,2786,2660,8548,4324,8931,8681,8172,5489,3315,8052,3955,1911,5753
8962,3844,7941,3335,5256,8457,5772,8204,8974,4622,3734,7575,6167,4249,5405,7966,6046,6050,1701,165,1575,426,7470,8882,5683,7733,6584,4537,2873,6587,7353,701,5437,7870,7486,63,7354,4037,8655,5336,3675,7132,3165,6237,3174,5479,4839,619,4716,5742,7412,6903,2298,2300
6657,7170,4227,6915,5635,7299,7555,8580,7558,7685,4363,4116,7956,4125,6307,5284,1699,7337,1450,3753,6443,3504,3761,4657,51,4788,4406,8249,4414,8639,8002,8003,3141,3910,1998,2766,2769,2129,3797,7512,5212,5989,8422,2023,7272,6120,750,5617,5618,7922,5236,4469,5498,8831
8574,8451,2434,4360,5644,5392,400,8595,8596,4377,5024,4257,6434,6051,2339,6566,6699,4271,8368,5809,6014,6323,6577,7479,4407,3001,2233,8123,6973,4670,8511,3520,320,8386,7363,8772,2367,2247,2377,6347,8527,6355,8661,6238,222,4320,8550,8552,2541,2158,4461,8051,8697,8443,7037,2302
4992,8066,6403,7301,5766,2696,6922,2833,529,6291,6289,5397,4498,5911,3991,3225,4889,7967,5920,7841,7331,3112,6953,8617,7084,4399,7602,2870,5815,3384,5434,7357,8894,4285,8128,5955,68,8903,3528,7113,6477,1869,3923,2775,6236,7903,6497,5346,8163,8802,4198,3821,7544,2558
909,6672,8213,6174,4255,7073,8107,6830,5552,7089,8372,4790,5559,5432,8120,4551,7753,6730,6606,7147,7534,4596,4984,7030,632,4604,7293
3212,2706,1562,3998,1569,7848,2860,9005,7726,3503,8633,3003,5052,5183,6208,6471,7384,5214,7263,6756,6634,7020,5358,8815,7665,8053,8319
4099,6923,3340,5005,7437,4367,7181,6545,7569,5269,7962,6431,5536,2850,7330,5030,3623,4134,6441,6698,8615,4396,4776,2352,2096,8112,6836,2997,5174,5303,7482,2619,3388,3261,4160,6592,1734,4044,5710,81,1619,725,7766,8024,3166,8672,1256,8810,3179,108,1900,8300,7664,8561,4082,1394,3570,4982,3831,6777,4222
1281,8963,3973,6405,6281,1163,8076,4243,2580,3348,7191,8599,1957,8614,5159,5417,5805,7982,6961,2614,7226,5563,8764,6081,6850,6721,4167,5704,3145,4812,6221,8786,5075,3282,2390,4823,3542,6359,1370,2140,4836,6503,5864,5097,1136,8945,2674,6260,8438,7548,637
2180,2437,6535,4744,5391,2575,8851,5529,2972,8220,4382,5541,294,5797,2089,4777,1324,2478,4277,2555,6461,5694,5057,5954,7620,2500,8134,3536,1105,4434,8148,7382,3927,7001,7002,4187,3550,3039,7777,7906,4579,762,7143,6252,622,2799,7283,8057,8570,2043,8316
2563,1923,8969,3338,1806,5786,7580,6044,3484,7328,5665,5410,4388,4645,8486,7080,4650,7850,8365,2351,2608,4273,7090,2610,8371,9010,5686,4661,7485,7108,7496,3533,2000,3793,5968,7383,2008,6617,8413,7519,8288,7009,7395,2027,6639,1905,4213,8181,3065,8698,7292
7425,1030,8714,2702,274,8339,5271,4764,7965,6817,1058,6691,5794,7076,7969,4902,3625,6447,2355,3253,8887,5562,7098,1084,6589,2878,1088,7750,1863,8007,4813,5198,5584,5072,3415,7644,2269,5983,7136,5984,2530,7139,7396,6757,8417,5102,7667,4851,2038,3958,8703
3202,1796,6021,6791,1801,6796,4625,7186,6034,7057,5395,1172,6168,408,4635,2080,1188,8745,7987,3507,6967,6841,4926,4034,5956,6853,1093,8263,7367,5322,7499,4302,6352,2514,5725,2014,8543,1759,2528,5605,4710,6119,7659,5100,3438,1007,8432,4849,243,7931,6653
6273,3201,8836,3718,1928,5002,7947,2445,6029,4111,3603,2837,7193,3609,923,3611,6818,7719,7336,7082,4014,3375,1843,7095,6840,6206,4287,6976,7114,8650,6994,8022,983,1752,3160,7642,6747,2909,8542,8287,8800,5855,3812,6122,4333,8046,7154,4466,7414,8695,4348
8707,1929,8970,6675,1691,2588,8479,6310,7595,7474,3894,2499,7236,5961,3531,721,3539,214,6233,2905,1115,4827,4570,8409,3418,509
3209,2828,1825,3748,1581,2862,695,5579,2642,3960,471,5724,1888,4448,358,231,489,5354,3180,3185,1524,1784,3705,2557,1022
3843,7300,7949,1550,397,3597,3984,8466,5267,1554,6166,1561,4127,4639,6947,3367,6831,8369,5887,3509,8247,4664,825,4410,8380,5439,6466,838,6854,8648,7241,3270,7881,8651,7757,8270,7258,4444,1885,6621,6372,2661,7270,4074,4590,6002,4979,6516,5750,6648,7039
5506,515,1925,5510,2950,7944,2953,8584,4617,1805,4624,3216,4756,8469,7062,5785,1818,8347,3483,6941,5147,799,543,2465,802,5539,8230,4139,6188,4016,6324,2485,184,3768,6459,1984,8262,2120,7759,5329,8658,8146,4949,8929,5606,6248,5994,2156,7927,5754,2431
2688,6912,7046,395,2444,1936,2583,1050,2844,3105,297,5034,2738,8888,6073,1466,1849,2110,958,4416,2241,4418,2626,8645,4550,2758,3020,7373,2894,1744,3025,5716,3540,5845,4826,5980,1118,6366,5088,736,3554,4326,1262,2671,1519,7028,5365,4216,4857,2554,894
7169,258,644,4998,2825,4873,4241,3090,6263,3355,3739,6556,5403,3360,289,2742,9015,2999,1721,2490,955,2106,1722,6335,836,3397,3783,2124,845,2255,2384,469,473,857,7515,5239,4322,2659,483,2787,2918,4077,3566,8559,7280,3313,5361,1015,1274,1278,1919
5241,3971,7307,4875,8847,5776,7441,5011,8085,1429,7454,7457,1314,6437,6319,8881,8883,6068,7093,4020,1463,5817,8893,3518,6077,7616,1473,8896,8899,4800,6085,5066,7370,8778,2256,7762,5078,8790,8920,1368,4439,1506,3427,1122,5991,2664,5353,1514,8807,7410,6258,3188,5879,3449,5883,1660,3069,763
8832,128,7430,135,5512,3462,5643,6540,5775,4630,8096,5671,3495,4782,7343,8880,7475,8244,7606,5435,2875,8769,2882,3524,7878,5448,6217,7497,6860,7629,1357,7375,6102,7897,1498,5978,8796,990,7391,5215,3810,7266,8932,4837,6759,5352,3947,3567,5744,8050,4340,2680,5881,6140
8198,4615,3592,5898,2959,6008,3095,7192,7961,1150,7703,4893,1696,1191,5543,7978,8756,5941,1719,7607,3257,7868,1341,5696,1606,3911,3272,1225,1481,4939,8139,7894,5334,1110,2012,7901,5342,5474,7651,6116,1893,4709,3820,5868,1646,7536,5748,5877,7157,7541,3704,7413,5242,7550
3978,6284,6797,7822,3727,7311,6670,5524,4245,4886,3736,7321,6940,5791,3744,3615,8098,3362,1059,3874,7983,1329,3775,7743,5061,6345,5578,5834,2508,7243,5195,4306,3154,5460,7253,3287,5849,4185,8155,5468,3551,5473,7905,5476,7141,4966,1134,4079,3192,8826,6651,5756,5246,1791
3968,7813,5253,8967,6920,649,8330,2058,5001,5902,5778,8083,6425,5401,7581,6687,6317,3630,5935,4532,8245,5431,5049,8257,5442,7489,3908,4805,6089,5450,8649,4431,8016,4943,7635,4819,1493,5974,4189,3678,6240,2273,5986,3681,5733,8294,3561,4205,4847,6515,1011,6776,8827,8060
5760,5377,4610,902,6665,8719,4497,2323,4117,3223,6424,5530,2716,5022,2976,547,2727,8240,8370,8242,7732,8762,6203,4163,6982,2631,8777,6857,7251,4182,8283,3169,3298,8289,2145,6243,2535,5740,6508,2286,5107,6141,5375
8706,6020,6919,4616,6151,8711,6032,7064,4632,4763,160,8736,6562,5924,5678,6575,5297,3639,6456,7866,6458,7288,5706,3530,8141,8915,1117,7517,4192,8033,7523,868,7652,2407,8423,3825,4722,2803,4212,8564,5111,3832,7295
3840,1540,5637,6154,8203,8843,5649,1940,4505,8605,8222,6302,3871,2977,1061,3751,8871,6313,8362,7593,6826,2347,3378,4663,8505,6713,7232,576,3904,8901,3018,4172,7246,6736,8660,2517,8917,7641,5852,8541,2274,8290,8808,8940,6765,6129,6771,5493,7419,8830,5119
8834,6661,8070,4999,5385,5880,8976,1682,5907,8724,7833,5148,7452,6172,7071,6952,7081,8874,8751,8500,1972,7993,8889,190,5055,1484,1487,5840,1873,5841,5459,7770,6749,3934,5730,4963,8035,4071,8551,3048,5993,7019,5230,8054,4343,1144,6011,3708
3329,5639,7688,8842,7055,8592,8977,3474,8341,2454,4373,7322,7709,2206,2342,8998,6570,8367,2482,3123,2612,4658,5046,5051,7239,7752,6344,5449,3068,2252,3406,4947,8019,7895,7257,3162,3421,7011,5356,6381,1774,7666,6773,7032,2041,4091,380,8829
640,8576,8448,643,4483,5765,3461,4359,8710,1173,1434,2331,6137,7839,4515,6308,2467,7717,5420,175,4913,6194,6196,438,2105,3004,6907,2240,8001,3523,8133,6605,8653,7508,2265,5853,2016,864,3684,8167,7535,6387,8444,2169,3450,635,3836,7423
4864,4609,2692,2184,8456,7315,3604,4500,4118,5781,3992,7706,5018,6062,3632,181,7355,1854,1601,8258,8264,6729,3403,7628,3667,7899,2524,3423,4708,8165,3436,6126,3190,5368,4474,4219,4860,7805
1921,7428,6533,5894,5497,3722,3724,8848,3473,4754,8343,6040,4504,1821,7840,4384,2980,5668,6184,8234,4267,7858,5299,5426,1717,7609,317,3519,8255,3395,7107,1219,8519,199,6731,1616,7122,7891,980,3673,8153,3803,4060,1376,8801,6498,8803,2404,7782,3302,7784,8569,6635,6251,237,748,2667,8305,8690,6385,3317,4597,6649,3322,4861
5376,5249,2568,5640,2570,267,1933,1934,4623,4124,8477,1311,1568,2082,2210,2084,4516,3238,4393,2474,2223,7216,5553,4531,5812,2227,2809,8503,6972,2750,3007,8384,830,3269,2759,841,844,3662,3791,846,3196,466,1237,6614,2520,4188,1373,7260,4572,4321,227,2921,6890,1003,2922,874,4976,3187,1140,4086,4087,3577,2044,3454,6399
512,4605,6786,899,4996,4229,6026,271,273,788,5658,4517,4006,1320,685,1326,1965,6450,8758,4665,5690,4539,2108,8765,5950,3132,6341,5573,7240,1994,2123,3663,4049,5586,7380,8156,2780,2782,7422,737,5089,3299,503,490,491,4076,8941,5996,8943,4208,4339,3319,504,507,6909,4606
5120,5638,2056,7177,5130,8224,4135,8748,4143,8755,7221,6711,7738,4669,3139,2639,7247,3153,4700,7776,5221,7273,4718,8820,5764,6280,5260,7312,3217,6803,3219,2711,6821,1705,6316,8379,5827,5328,8923,4831,8415,2276,6379,7916,6380,1776,8946,2292,6904,5897,8460,4880,4383,6446,5425,6965,311,3385,314,8508,2879,4415,6978,332,5967,4954,2399,2911,4990,6019,6534,8585,8077,8092,5535,6060,4525,2992,8115,7092,6588,5570,7111,6604,5582,8144,4054,1529,5627,4092,8701,7167
2048,8064,4994,8465,8857,7198,8607,5282,4520,5549,2866,3763,4148,8628,8761,7740,5181,4542,7612,8385,8902,2505,1229,5965,4436,6612,1623,4569,5722,7771,3038,6623,1762,3430,1384,3944,492,1266,3828,7933,6398
3586,1668,8582,7819,4108,398,6929,2578,8212,5142,7832,4506,6303,7842,2723,6692,7718,2856,5546,1068,3629,1840,7348,1592,1595,3772,6462,832,7360,7233,709,8523,6859,8530,2916,6121,6764,6769,6392,893,7806
6149,5132,1037,526,2320,4115,3356,3619,5670,553,6187,6706,6457,7231,8770,7492,5702,6728,2889,3401,6985,4173,5204,6486,604,1640,1643,8301,6511,624,7540,1653,6265,8062,2177,7298,8323,6279,6024,7561,653,5522,7061,5527,8352,5286,7596,1967,5811,8884,4275,8886,3254,7097,8634,1474,4803,4553,4042,7372,8400,3281,8183,8407,3035,8927,6114,7140,5609,2284,5873,6642,2290,4852,7669,6647,5112
3585,8322,3970,8968,6926,6007,7443,8959,8853,535,5149,4510,5629,8993,5155,6180,5925,4898,2094,6322,2867,3892,4279,7096,8763,5053,7229,2623,2495,1986,2242,3273,6602,7371,8396,2121,2762,3535,7632,8143,2765,7379,7510,8793,6619,3164,7390,4191,7646,4323,6500,6117,8804,7142,6760,6633,2283,3564,8431,2543,4084,5622,6135,630,1146,6139,8573,8958,2303
7168,3459,6789,6790,2824,6793,3337,3339,2186,3853,5518,8201,6800,5642,1042,5136,5398,1945,8602,1946,2460,7837,6558,2591,7072,5151,6048,4771,6951,2855,7211,8492,8877,4397,1074,6837,9014,6328,4921,2362,3642,2363,7999,6467,5830,4039,5063,8907,1612,2814,2895,1234,6098,8405,2906,4196,8549,5736,3305,7400,7918,7151,3827,6772,8179,499,7677,3582
0,8454,6667,6157,8975,4376,8217,795,4766,8606,6815,7971,5287,7975,4904,42,8236,6445,5166,4141,8879,1838,9013,1467,3259,4673,7745,4932,6215,6983,6984,8906,974,4815,8015,8913,8276,7127,6744,6873,4183,5335,8924,2655,8799,5344,6367,8291,4834,8806,2153,8048,7282,8434,7924,4983,888,5500
7296,6785,4867,4868,8068,8841,3594,3085,3214,4114,1685,790,6805,2078,6563,5667,7973,675,6827,559,3888,4145,5810,1331,7087,6966,2046,7737,5946,2366,2113,3526,8905,4938,8011,8265,5325,8911,7504,7123,8916,8535,7130,6363,6877,7904,6880,4841,2794,7150,8947,1526,8950,8824,4733,7294
8704,8838,6663,7305,8202,8458,2830,7058,8086,4641,5281,2858,2475,6954,5037,3889,8504,7864,4667,5947,959,5312,5186,4930,6980,1733,8388,4808,5193,7755,8142,7758,3026,3028,8918,8278,8794,4959,3808,1120,7010,6371,7908,8671,8034,1511,5226,8554,8175,3439,8817,3441,6001,4341,7925,6774
7554,5890,3460,5122,5382,2051,8713,8981,4248,156,2077,670,5502,7590,2216,8873,7852,5677,7853,3247,9008,1072,3377,7472,7468,5685,7477,6839,5561,6074,2877,8638,5823,7487,8640,5960,5454,7377,7124,7764,4698,4956,4961,6885,8555,8557,6766,3694,6768,3057,5238,4344,7930,2940,2813,382
8972,8846,8335,3857,1170,8852,3989,8728,6682,5788,3997,5406,8992,1697,4770,6433,8104,7465,3628,4144,3379,7731,8373,3510,5047,2488,4030,8254,6848,5185,6334,7366,3144,1738,3659,8399,6607,1233,7509,2518,1750,4696,4310,6874,5595,1631,5601,3939,99,3045,1130,1264,7794,8435,8563,2675,8310,6780,7807
1795,1157,1285,3081,2314,3979,8332,8971,5134,6287,5648,7187,7700,6550,3479,7320,3993,1786,5917,3617,4258,7713,6393,7976,5673,2600,2603,2604,5807,1202,1459,4919,6201,698,4795,3901,7034,7622,4556,4429,6487,5850,6107,8284,2397,8286,7393,1250,8547,6631,4967,3437,7021,3568,8049,2422,5366,7673,8442
8132,3621,4627,4403,6131,5720
753,7636,6165,7323,6205
2816,3651,5508,7528,9004,8749,2222,5458,8279,668,4445
8512,8195,8966,8647,4607,2956,5709,6669,8717,6161,4818,6483,3093,918,2943,8856,6232,4122,8282,4316,8730,8922,6432,6179,2595,6181,2149,7783,8232,6629,6250,807,4844,8636,8575
4738,6658,8067,3589,8839,8712,4488,8075,8588,7565,5131,5647,4758,7319,2199,7067,2589,1567,2848,1830,7591,1447,935,3370,3755,6704,4915,3264,8129,5699,8774,4936,8137,7883,3148,8909,5070,3411,8659,2646,3286,4694,7386,2525,3171,7913,1387,7789,5486,8821,8182,4085,3064,1403,8190
8192,513,4740,5509,3974,8071,6539,8973,5393,6931,532,8725,4246,6295,2196,3860,412,7069,5020,3878,8743,5672,3245,6574,6191,7091,565,7862,4290,6725,4552,5707,5453,6990,8783,4560,2386,3795,8534,5592,7774,4582,2924,6637,4846,4464,7408,496,117,2167,3325,8446,4223
2433,7042,6276,4357,8197,5115,140,2573,8590,4365,4364,4369,5909,1686,6685,1566,2463,6520,8997,5545,2602,5804,8621,5164,8497,1586,6452,6583,569,1850,5062,7672,5321,4041,6474,4685,7117,7893,6490,6620,4070,7016,8553,2161,8178,2550,4477,2296,8441,6134,5755,6269,4991
