5280,6979,7910,3626,3117,2031
2820,2789,8461,2007,3864
6887,6896,8818,8404,1461
5347,3016,8,8813,6615
5779,4150,4440,6842,8124
1955,1452,6673,5301,8822
1952,7432,5168,1811,5843
2316,2957,3671,2683,5533
6548,4215,2457,4284,2461
3593,3689,1740,1970,8754
7305,2868,22,4892,2783
5096,2328,1692,1757,1694
1248,1186,2567,30,1823
1827,3420,1781
1246,5095
387,37,4078,1821,734
1824,1017,4900,8032
2293,34,1693,295
3459,4036,6727,3337,4898,42,3642,2814,7999
7521,7470,8974,3280,8720,4406,8989
8321,7691,5618,5973,7354,7966
8002,6307,3753,5617,51,5236
5355,8116,6815
7668,3462
6035,6133,6901,8149,4958
3778,6724,3883,5557,8825
5632,4618,8239,2127,8895
6560,7867,7446
7024,2934
7074,1558,3644,1469,5918
1353,5163,8174,7349,8189
5513,4522,7051,1977,5630
1348,6244,6928,6226,6870
7364,3464,7657,1709,8568
1836,8464,5009,1685,8447
8688,7476,5013,5975,7101
6146,1511,2475,3312,4946
7304,7690,7411,8789,2039
5655,3688,4726,7799,7161
4133,4680,8297,4817,5116
4457,8912,6738,5943,4543
7712,7333,5899,4667,1980
5324,7917,3224,7450,1787
8161,6468,4561,4438,7838
2561,7587,8004,7532,3501
5289,2771,7928,6717,7902
3942,2024,5071,58,3357
7078,4871,1741,1742,3666
8580,782,6160,3734,6551,5080,5408,2162,63
5776,7726,2247
1569,68,4889
7293,6922,8053
5350,7047,8360,6070,1625
8948,5893
5139,2477
5931,1778,1495,1724,4767
98,5129,3977,6871,3127
2053,2602,2962,5363,94
4451,6898,694,2654,863
4737,3721,2644,217,3227
1767,2067,3987,2421,4379
2917,2793,2221,1747,1435
262,1681,2065,1142,951
1543,4974,5878,1852,477
4869,4843,4942,4945,3005
869,4394,6192,4026,4955
929,4453,8937,6483,3382
2603,2687
2338,853
4204,4575
2914,8327
235,6501,1438,871
1155,740,2372,2679
97,1564
2995,3719
3565,3279
5008,3788
7592,3010,706,3108
1674,4595,6436,3933
128,2882,7703,6238,6367,8096,4837,6131,2680
7864,7737,5810,2078
6860,5733
3656,6217
6305,6089,133,135
7783,7889,7672,5913,7774,8446
3140,7786,5195,5265,8178
7488,7939,8996,9000,144
8712,2891,4299,8017,3480,8765
8130,6658,5263,6895,2710
6176,3042,2375,6741,150
8544,2278,5064,6858,1727
7809,8038,7527,2377,1365
5829,5453,2512,2226,5339
1664,8392,8526,4688,4592
1374,1381,4853,6198,8126
2629,2630,495,5423,2462
6486,5204,5678,6279
7372,5022,8719
8706,5924,4616,3639,6456,1117
160,7523,6665,5706,8141,5111
8290,7011,7666,4947,5493,7032,7833,3068
7717,8901,7752,6313,7895
3329,5449,6381,3406,4373
1774,8367,3474,2265,3162
8448,2342,8167,6570,2482
7688,3450,175
4483,6308
8653,4913,2169,2331,3004
7535,3123,7508,6907,7839
864,5765,6196,8341,6137
640,2016,8576,2467,8133
4515,5420,438,8444,5853
3523,643,6605,6194,1434
5030,2156,1550,2575,5391
2661,8270,8369,184,799
7300,2953,7949,3793,6166
8224,3751,3153,5459,6749
4071,1682,8500,7993,190
2122,1323,1325,4534,2205
5308,2087
2248,2219
355,392,2645,218,4318
852,510,743
475,2116
3207,1679,212,2069,3452
1958,1959,2841,859,3102
834,3237,2920,241,3608
1380,2823,4523,4890,2751
7750,8112,8339,5269,5271
1030,4590,2738,4827,7965
3105,1936,3185,214,4216
709,3878,8071,5238,2711,1403
7215,8783,6931,565,2233
4461,2158,8596,1750,222
4740,6181,5164,1850,7069
4320,6669,1586,6134,1566
7840,5894,4267,748,7609
3395,7428,1934,3673,3803
1921,227,2759,1933,1717
6405,3438,6961,6545,7569,2614,7191,8438,7226
2355,8413,2799
8417,3415
7139,1929,7280,8409,7098
2642,3253,1519
1524,2758
3360,2787,3397,4326,231
612,1418,7376,8598,3834
3115,1579,6641,6610,3896
236,5424,3126,2327,3931
7143,3536,4434,3570,7002,2555
7777,5954,1863,5529,762
2180,2972,2478,7382,7580
7906,5541,7001,8316,7485
6535,2089,3509,8057,894
2437,2043,243,4277,4187
358,5198,7474,2038,5983
1888,3748,3180,471,3705
4391,8169,6061,8623,8182,1917
6625,4578,6626,4973,244,1525
7203,7281,247,5117,8127
4706,2307,4906,948,4503
7268,855,3695,7638,7447
5313,3493,7991,858,251
1667,7996,8663
5217,1571,7599
1513,1655,5310,4935
978,3283
265,1677
3928,1545,1918,1377
502,1565,3182,5007
8000,1834,1235,6726
2778,2842,1829,3186
2459,1503
4210,3402
2104,2812,862,927
2923,738,379,4356
3269,2474,6731,2570,8909,8305,7858,8690,4597
5376,2210,4124,4087,4572
2084,2921,2922,267,1237
4321,6890,846,2750,3007
2082,844,3791,3577,4188
3238,841,4393,466,1373
3662,4531,1140,4086,3454
6026,8941,8943,5690,4606
1994,4605,8758
7240,4539,4229
4049,491,271
273,5586,4076
5089,490,4339
2918,4134,5704,4776,3179
695,2862,2671
1050,1262
4998,1274,3020,5845,1466
5088,2124,3025,5239,2844
4322,1015,857,2106,1919
289,473,2490,3355,3739
836,3783,845,2742,955
2825,2255,469,9015,7515
644,4077,3566,3090,1721
5005,3533,3282,3388,4382
7962,3348,3623,3927
1784,2905,4213,294
7595,2828
3531,4550
6721,5584,4243,8024,3418
2528,5961,8615,297
736,6310
1825,1022
5125,3785,4588,4528,2041,4542
872,300,6384,3284,284
3072,4262,5207,2553,5402
873,303,3856,5208,2042
3516,292,1317,3175
305,3075,443
712,441,4684,2672,1689,7577
6338,5603,8242,5141,6839,8799
1968,308,4599,4059,7325
7554,2434,6380,5677,4143,6768,311,8379,4092
2848,3139,4135,5967,5425,4831,314,8637,8415
320,1830,935,3411,2675,8821,4694
5482,1040,8913,3826,7765,344,6426
2978,2083,360,5768,2539,3473,8212,8117,8569
5932,6542,8591,7159,3798,8381,6109
2693,2503,363,1356,7052,2062,472
2088,881
3456,7417
368,5087
365,367
7465,8047,5713,2002,8823
4824,1991,7415,8271
1989,2827,3022,1874,1399
2666,1548,376,2585,2237
2919,1676,366,2107,2109
1576,5481,2218,3760,2225
1025,2371,2118,848,593
2251,370,3222,3383,1052
6084,4809,6750,6578,7699,6676,7006
4225,1629,5653,2469
1671,3183
828,3607
1584,3106,2582,3023
2235,6391
372,3455
977,6235
4514,1932
3184,4978,5780,8292,374,2715,860
7360,3840,7593,4172,6771
7232,7311,3378,2105,4091
2240,8842,2454,380,7709
4579,6447,2997,8220,5694
6516,5057,8651,6252
3984,7270,6461,838
825,395,1885,397
8385,3430,398,3763,1592,7933
7233,7842,6121,7348,1595
1840,3772,893
832,2916
8152,5698,7291,4703
2273,404,5581
8259,4259,6761,3306,4783
3466,8099,5244
729,7255
4521,7277,7696,4017,5886
7682,7598,4593,7827,8056
8226,5090,4654,6549,5369
2724,6958,4368,8565,1914
6401,7271,6031,6933,2559
4425,4395,7409,6968,8154
3314,4806,6207
4748,8397
5891,7563,3728,7448,5755
5857,2885,8363,5548,6554
2436,5318,2188,1713,895
4643,5137,3669,7578,7583
3713,430,7950,3032,4218
7649,5519,4050,2804,8478
4707,4103,583,5626,2973
3776,424,6677,3898,4350
6027,2773,3413,3801,1215
350,6916,5970,7100,7486
4324,6470,3654,8747,1302
8457,426,7575,2298,7132
2873,6050,5212
4788,1701
6657,619,5742,8655,5405
7685,7558,2769,4469,7512
7170,7299,2766,7956,8831
6915,3141,4363,2129,4116
6465,3553,2147,2340,2732,6224,3158,2203,8188
2019,7876,8965,6005,8471
4545,6309,5767,981,8121
2756,549,7539,3861,2011
4402,1587,1108,5081,2238
5703,850,5234,4891,2236
4449,1296,2385,956,1853
1504,1614,2354,1847,445
2595,2943,8966,8839
5131,3148,4271
454,4936,5353,6704,2199,4316
7715,8260,5575,4113,8636,6780
8513,2689,5516,465,8088,7102
5856,3290
2647,6103
6049,5854
7330,4367,81,6777,2140,8764
6757,1957,5361,7644,5724
3209,5354,3960,5403,6335
7169,5034,8559,6263,6366
483,2384,4241,3313,2999
489,6675,509,4222
8034,6280,7019,1144,5852,2589,5823
5730,4875,5148,496,532,3708
4517,5740,685,3132,3319,8156
5996,6786,7380
4996,5950
5573,4006,1965,507,2108
737,2123,788,503,2780
899,6341,1320,6450,5658,2782
512,3663,4208,504,4665
8354,8231,2731,8411,8402,1176,5531
524,2965,1814,2967,4475,5532
8128,5955,909,4670
529,7030,7534,8319
5664,7206,5040,1937,3321
4613,4585,8656,4760,540
569,8950,4407
8139,2012,1191
1150,2550
4357,6583
3026,6827,6954,3287
5633,6028,5646,4529,8759
2288,585,5866,1535
88,4772
2061,589
4371,4317
5971,4739
4236,591,4598,4121,829
3782,842,1935,1688,2811
6594,6278,2502,3818,2606,3792,7994,5820
1608,7552,3925
7433,1126
3521,7495,1391,595,1271
5447,7403,1101,2190,7455
2976,2727,7251,5972,7732
2803,4212,1733,8431
7288,3223,630,2623
1184,5644,8903
7089,3003,5023
632,8107,5214
3904,8203
6736,1061
635,3421
3684,5639,8977,6387,2612,1173
1298,6986,4019
5554,1242
7872,6421,8953,3738,2491
3552,3393,645,2318,3472
3266,5802,4170,4720,6389,5273
1065,814,5847,697,3199
1067,3021,646
1436,3204
7747,6955,8109,4563,7932
5650,3299,5468,8087
7904,7813,7014,6540,4340
3874,8838,6345,4306,4245
3362,6670,6651,6940,5791
4966,6797,5974,8826,4189
7489,3681,3561,649,7581
5991,5543,8975,4275,8725,1110,8790
2959,3449,8911
675,5941,7430
5479,7088,7195,4253,8158,7551
8962,4909,5202,8501,8474,701
4708,6249,7050,6674,5790
6659,1028,3759,3122,732
704,3882,4283,1019,1820
7150,7924,7190,8920,8763
8715,8303
6733,6909
4304,715,3876
7172,3637
8897,8042,7882,4524,6390
6834,1078,3702,7033,6942
6374,7689,7660,7663,3441
3371,3665,7634,7573,2493
5635,5675,6788,599
4414,8768,750,8639
3504,7337,7272,8249
6120,1450,6443,8422
3369,6702,2735,2864,6872,761,8862
2617,2834,4652
2761,2418,6689
8579,2893,7935
8325,678,6662
786,5043,3303
8265,1660,4223
1606,8932,790
2794,8155,3154
4581,7145,8144,2806,5688,7388
1536,6531,1772,1490,7608
4003,804,1223,7189,5050
8776,812,5364,8342,3641
810,1294,3252,4600,3100
1240,7546,2262,1798
817,3099,6876
3142,1542,937,4691,1588,3131
6024,2284,3828,4504,3069,8062
1037,653,1967,7540,830
868,5382,8915,8244,7477,8918,6774
2149,7629,5166,7669,2495
5500,7636,3526,7127
6905,6275,6015
6274,1231
7459,7973,5745,916,6685
5672,4904,6347,6990,6355
4867,8011,3888,1331,2451
7626,6899
7600,8674
7249,6452
7218,3011,7205,918
8856,8575,5709,8647
7201,7955,2996,7351,7326
7013,6053,5592
6409,6874
2344,4558,4689,920,8702
932,5257,2378,8700,4637
1832,1833,3178,5101,7871
1665,946,4995,3301,5607,459,1964,7053
4251,6893,8643,1687
689,2571,117,4221
953,1831
954,1686
2850,3202,4044,7982,7987,6431
5562,258,7766
6081,3542
3625,4302,274,7667,8703
5956,6021,7620,6923,6359
2499,4873,8570,2588,2269
2626,7236,5797,2554,4826
2659,8945,7931,6556,958
5325,559,7504,5938,1526,2071,987
8388,4847,6001,3028,5946
7058,7755,7925
6663,959
5312,5281,8142,8504,4959
7908,5193,5037,8175,5947
8709,5735,6319,6299,8348
3443,7859,965,5542
6609,5123,4420,3051
5928,3657,8619,7213,7471,7346,6745,8572,3129
4354,8587,8621,2387,7420
1408,6864,3858,4381,8510
970,8330,3342,7635,7059
3109,7589,8393,7821,8854
7648,8394,2615,2968,3771
2339,7142,8454,5643,2334
8386,6917,8534,7606,2875
3810,6434,6276,974,4733
7076,5864,7659,5075,5563,2014
8963,4650,4851,3507,983
8134,4777,4812,1105,8148
1281,4744,1801,721,8479
7396,8970,5579,1581,4813
7969,8707,1722,5980,1278
8064,5965,7343,8628,9013
5448,4582,6637,990
7192,2113,5883,8590
7897,4782,1893,2302
8947,7141,8678
4185,5458
1059,7243,1011,2508
3744,6920,5001,3630,4943
8649,4431,5935,8245,6425
6776,4819,6284
6240,1493
6317,6515,4532,8827,6687
8294,5450,5431,8060,3678
5442,3908,4805,5778,5049
8257,5986,8198,4205,5902
3968,8967,2058,8083,4341
8289,2216,4497,6588,2716
1120,7590,4718,2639,1072
6117,1865,2283,1074,4279,5629
6180,6789,5830,2186,6619,5151
5786,7499
5072,7664
6034,6853
2530,7367,5395,2909,8543
5605,8007,4074,1007,7186
1088,4388,8262,8469,1561
7040,4674,5255,7725,7671
1089,7619,4839,7467,4780
1256,6698,6352,8851,6260,3261
1093,5159,6796,6221,1759
1805,4570,1115,2557,4127
4416,5510,8658,3768,1118
4673,4552,7253,4246,4886,4569,412
5476,8197,8497,6008,4477
5578,1134,3727,4344,6877
4610,1314,5066,7370,4364
3524,8423,4106,5262,7029
3233,3050,7611
8389,1143
7096,7229
4510,2655
2433,6068,7822,3775
3585,8322,4323,5622
3273,7443,6500,8907
3892,5149,7390,4615
8793,8573,6926,6135
8201,5642,4196,7837
6048,6098,2363,5398
5136,1146,4771,3564
3427,8847,4656,1909,4631
4647,8905,3950,1147,6878
3939,3628,3045,8519
5595,7916,1631,8335
3993,7187,8284,5134
1202,7034,7700,4429
6201,3081,6550,3479
3857,4556,3901,7713
7320,5807,1795,6631
8442,4795,3437,8286
8049,7393,1157,4919
2314,8547,2397,6487
5601,4258,8332,5673
6019,8774,6351,7223,3548,7804
2694,5998,1198,8376,8601
4480,3400,7693,7054,2294
8588,3475,7988,3574,3511,2941,5342
4473,6795,1205
8210,7875,4175
5825,7458,8739,5580,8716,7037,5245
4903,7694,6222,8726,1210,8028,4701
5712,8521,7802,1154
4905,1716,8150
1216,2757,1887
7618,5380,1221,4335,5470
8752,4199,4009,7607
3592,1225,2573,2161,156,5756,1053,8894
7397,1706,1076,7289,5566
5729,4741,6813,5017,5693
7681,3816,2699,8084,5597
7493,1227,6124,7217,6003
6113,5793,779,6290,5884
6148,6567,6930,2164,6326
1797,8934,8328,3120,4282
6528,6467,6790,6793,6800,2906,1946
6951,8877,5518,2895,1234,6558,2591
2488,7807
4770,1738
1250,8846,1170
5648,1786,5366
9002,1518
2866,7942
5490,8499,8582
2272,5444,8390,1254,6892,2740,8318
5282,8324,3379,8539,1755
4024,7194,3700,1277
7824,4097,5784,4224
5489,7890,4052,1284
6848,3659,8972,8852,8373,8728,698
3617,1285,7622,8971,4144,5917
7528,4627
2090,3621
8704,6759,7079
2178,7083,4811,5933,7286,8470
1286,4602,8403,1338,1339,8159
773,5865,6668,4786,3541,8151
8928,8267,1427,1300,7579
5216,8833,8138,8172,5295
5905,2748,6948,7044
6152,7835,4589
768,2660,2409,938,5332,5367
5772,4622,3315,7412,6167,1305
6561,417,7171,3470,8817,6966,6047
8458,3085,3615
1329,5401,3551
3649,5700,3208,6091,7179,14,1361,1332,8440
6085,3214,8883,8217,763,1341
5061,8553,5775,8659,7901
7718,2856,1229,5011,8761,6398,7198
1384,4436,6102,5142,5435
6692,7878,1068,7123,6392
7266,1357,3567,7087,6620
8039,1358,3698,7704,7865
3716,7749,3557,3242,7513
3201,1900,4823
1370,3550
8300,3039
2889,1003,1311
624,8384,2223
1376,7260,7216,5553,6972
5731,8773,6183,7500,8981
6857,1405,6655
4499,4591
2208,7686,8914,6742,6591
7424,5026,7724,1683,5436,8798
1443,6695
4866,6479
8520,3054
6287,1264,7794,1459,7509,8254
1473,4488,7410,4377,5978
7457,1481,8881,1463,7321
5640,6635,1616,5426,6649,3322,4060,8927
874,6040,5112,8477,6399
8770,4803,5286,3187,5811
1474,3401,2320,5522,8343
1568,2568,5812,2520,2044
8705,8194,1476,6187,5242
5412,8050,8885,8309,1719
8940,6445,7419,8976,6203,6172,8671
4963,1484,5230,1873,5880,5055,7071
5130,8843,7247,9008,6904
1705,8834,4663
5570,6821,1487
4932,74,4983,7518,8535
3947,4403,1498,5215,2463
5441,3433,7919,1199,912,6039,4413
7941,1501,5471
5753,8383
5256,8204,5336,4249,4125
6624,1521,4165,1326
1529,7764
5897,7789
6952,7124,5764,5328
1538,8803,6498,199,7727,7378,3196
5920,3520,3112,3923,8893
3384,8617,3503,2833,7544
8066,7848,6730,5552,1562
7107,3317,1567
8232,4384,8717
4738,6725,2227,3860,2646
6407,2184,3436,6894,4895
3041,1575,8627,4500,3581
8898,7434,5323,7344,7128,2747
1604,8677,4264,5837,4957,6079
6433,5922,8483,4039,8622
7168,1612,8453,7072
2824,1945,8179,6772
5249,4115,2404
3281,6385,980
5670,1640,8301,4852,8886,7231
2373,1097,6416,7480,7451,254,3103
7362,2946,6396
5761,5921,1657
5612,3917,2510,6162,6262
8737,1516,8223,1662,1439
2048,3586,3944,492,8530,1623,7771
2723,1668,8607,6769,6462,6303
2137,123,3846
3675,5437,3797
7922,1699,5284
4153,7265,7734
6216,5705,6491
6017,5224,4717,1718,5275
5794,6691,3973,8745,2702,7283
2120,8714,3539,3894,7519
4139,4273,1752,6233,3160
8092,6316,7167
7312,4415
7221,2911
2631,8045,5454,8240,5535
8642,1776,3217,8282,2399
4333,622,8695,5785,2619
7336,8650,7082,1849,5439
8264,1601,1854
3992,2692
4609,3667,3190,7355,4860
8456,6126,3604,5368,5018
3936,2691,2829,8593,7065
3331,4011,7439,181,6559
1889,5507,1860,6100,1212
3842,8258,3909,8844,7315
8866,8771,6245,1868,5074,5498,7773
7494,5031
6584,7812
6496,3037,6903
4257,5671,3528,7946,1869,6798,4399,6067,8697
3780,5610,8111,3890,8468,8026,3358
8868,2309,8938,7829,3097
1891,3172,4295,7984,3824
5683,8003,1911
5989,5293,4927
3448,3545,8931
8899,6472,5901,2733,4791,6330
5537,7462,4020,1941,8185
7913,8730,4094,1950
6752,4548,7319
2532,7120,2705,4177,8604,3325
4474,6862,3423,5415
6144,4293
1960,2822
3761,8882,4227,4657,165,195,6681,1998
3850,3634,4472,3706,2045
4930,6437,8236,6349
8276,4365,2046,7743
7273,6803,6643
513,3219
795,2051,6379
4560,5121,4669
745,3346,2299
5521,5583
6080,8548,1152,3710
7237,8525,2052,5445
2438,1288,7026,8983,6105
2077,3647
4732,8180
2728,7633,6998,447
4678,6946,8574,2471
7136,6281,3340,7181
5536,4082,2878,4982
8672,4099,8645,6441,8561
4418,3554,1744,8888,4857
7373,2894,5805,3540,7028
6912,2688,7046,5716,2110
3171,3013,5613,7422,2111
6440,4492,5487,8850,280
7274,2956,7728,2034,5428,1334,7386
4802,8683,8652,8532,2135,6362,6423
8426,2525
5393,6614
8280,8202,1411,2167
876,2173
8618,940
4138,8667,8487
7561,7596,604
4553,1653,4173
1643,8323,3356,7061
5702,5527
5609,6706
8352,2177,3619,5132
7556,8370,2132
1160,3285
2194,8094,6340,8302
2212,5068,1042,2386,3989
6566,2350,4498,8123,7903
7841,8802,7331
4828,2429,2229
4167,5303,1691,5725,3166
8810,2674,6836,4661,8599
4448,2241,2500,1324,5365
5668,3176,2252,2254,5588
5890,8873,8557,6766,4880,4698
5120,3460,7853,2292,2940
3296,8441,4815,8979,7796,5464,8345
8736,7978,140,3820,7550
1346,5253,519,4841,2296
3650,2324
5016,8472
6454,1769,7530,2326
1986,5063,2362,7151,8405,8602
6153,3978,2989,4183,8605,2366
6242,7340,657,4081,7954
8009,5305,4332
4969,8708
4968,4972,2381,7856,7125
3169,5107,902
6424,6744
5760,4163
6982,8711,6151,4632,2286,3832
4192,8033,6020,2407,3825,7866
4967,2600,8399,2422,4696,6393,8030
8584,1394,725,4444,8380
6648,4617,8800
5147,2485
5606,8146,4949,7927,2431
6592,5174,2583
4160,6073,2444
2744,2449,8806
2460,2242,8492,9014
2762,3853,3582
5506,7395,4836,8614,2027,7548
2000,2465,6639
3597,4287
1730,8355,5477,3218,5594
1414,5862,2472,8875,2901
4601,6802,5093
6616,8079
2505,3038
2667,6511
6647,6612,6623
4520,4994,5722
6334,3510,2518,8959
3827,7677,8310,7918
8741,6826,8537,2523,3838
5392,2696
6699,2541
2855,2347,7211,7855,8692,6325,5759
7264,8451,5386,2546,6867,6585
2547,556,6077,8095
3352,7431,8485,6983
8784,7602,8792,1589
6953,5220,2558
6859,7612,5181
6929,2578,7740
8465,3629,8902
2624,7427,7043,3844,8727,2786,3174,8681,4537
7754,2635,535,8987,3498,1646,4724,5495,5372
7175,2669,2670,7502,5587
3635,4307,2971,7675
5352,7113,6411,6289,2706,6291,6322
6471,3212,7665,6418,7162,3998
6634,8815
9005,5183
7301,4551
5381,7818,6732,2992,3088,1973
5859,7979,4878,6711,3419
7779,1233,4146,9011,7358
3234,7529,3916,6680,7134
2722,7748,3953,8338,7133
1770,3263
8364,6046
3600,7929,4716,2767
7117,3188,6708,3991,6650
5766,6514,2775,2364,1630
5696,5346,3821,6672,5434
7753,5559,4984,6174,7263
6208,7147,5358,8213,7384
6184,553,1219,3302
7122,3724,237,4623
7784,2809,4516,8848
2102,2818,1038
1816,4193,8861
7849,7948,2830,5103,7023,1878,3740
7481,6572,3095
6161,4938
6882,5060,3974,7334,6599
5330,8986,8781
4104,4089,4478
5098,4495,2831,4501,7418
3001,7020
4992,8633
6756,8372,2860,4255
5241,1429,4191
3970,4141
8143,7632,2867,4084,6007
7475,888,8661,4790,5815,8120
7073,6830,4596,5397,2870,4604
6243,6060,8748,8508,2879
7937,4331,6667,2927,8243,8855,6296
8401,5443,5621,5270
2714,8930,2949
7080,1163,2351,8786,8466,6841,8542
2950,7719,8969,8181,7383,6617
515,5539,5329,4756,8247,4639
1130,2964,7653,7869
4742,7246,8767
3064,6885,7975
8104,8595,5840
6716,7031
8476,3111
4980,7454
5155,3594,2765,6837,8443,3135
8807,2664,8400,8853,3164
3910,5478,3146,6636,8334,7952,4922,6587,3165
6116,8075,8879,3286,8278,3736
6880,7468,8016,3192,6269
7328,8836,3718,5097,7850,3958,3484
2563,7496,3216,5686,8698
7108,3270,7944,7947,7292
3812,3375,4624,3609,3611
802,3367,4014,8022,7642
8929,7881,5002,6002,543
3843,7757,7759,7258,3483
3865,6606
6464,6522
5432,3225,6458,5052
7016,4427,5804,3245,7091,2196
8997,4041,4369,7893,4991
5062,5545,5321,4685,5909
3491,7525,5457,8051,7674
8841,2897,4376,7834,7391
8429,5748,6231,3259,8796
7140,3272,6642,2290,8884
8804,7492,4042,8906,8756
6043,7803
4234,7341
4986,5915,4037
2402,3335,1944,6970,2300,6237,7870
8067,5831,7591,3370,6282,8527,4693
6852,8805,7210,5995,6603
8296,1649,1642,7836
3692,3226,6524,3374
6200,3294,8694,3143
3377,332,4182
8585,8755
6978,4700
7738,8115
7739,4428,5407
7816,4386,3398
6720,5504,2023,8052,7710
4352,3425,8419,4233,8778,7960,6365
4834,4808,3439,4112,8762
4641,6980,3889,8086,4248
1540,6154,8857,5119,7423
3461,8998,7257,3836,8222
8103,2983,3913,8041,7915,3468,7854
8515,5773,7183,400,6065,8382
6539,6526
6984,6574
7441,3495
8769,3971
7157,8606
7413,4893
5460,5524,3518,4079
3298,8777,3530,6032,5297,8564,5335
6562,7295,6919,4722,4763,7517,5375
3254,8183,7097,3035,2303
4117,7510,8958
7379,5053,3535
8994,8516,7369,8340,6710,6270
3538,8910
6232,6038
1789,8191
8153,5546,8435,4030
7673,5406,6607
3568,7976,7021
1734,8432,1619,1172,4926
4034,5100,4710
4849,3603
6088,1898,2708
3955,3686
6600,6683,3696,8631
3704,7905,7536,4439
2153,3711,8735
8424,818,5868
6215,6346,1610,4877,7769,1531,6428
7566,2128,6225,4181,1598
7464,4911,3578,3731,6394
2258,8503
3755,8356
4512,7722,5099,3756,3308,8374,791
8685,6130,6004,2359,8733
7490,7655,7371,8207,3765
3808,8068,8085,4766
4145,5186,6371
8227,3814,4456,7756,6481,5873,8634
7276,7309,6963,4925,6782
3881,4023,7570,7862,8502
6627,8775,4303,7695,5114
4401,1122,8933
5964,325,3884
8238,3886,5616,3059,6997,5624,8603
6536,1455,4508,6844,8926,3935
8129,7526,8489,7377,7767,7992
5232,5387
3795,5718
3897,3229
3489,8452,8746,7116,7958,4952
6661,4999,7092,2517,8724,3934
2276,7081,4525,5841,1972
8551,3048,5582,4343,7452
5209,3682,8788
3976,5505,4437
1697,7770,3979
3144,5185,8563
5850,5788,2604
7269,8037,5452,3288,1882,3997,3487
8992,962,7366,169,7923,4346
5792,5115,6985,5877,7707,1596
4000,6286,6544,7314,8306
5710,7482,4902
8288,7241,8347
4016,5754,6188
8076,4396,3831
4459,6293,8215,8760,2425,4027
3982,1167,7887,7736,6811,3964
4129,6311,4040,5264,8629
5223,8105,8106,4814,7989
5827,4298,6604,2256,8723,8820,4054,7868
8512,6432,7643
4085,4818,3589
993,8626,4101,9006
1762,7819,6764,4108,8523,1266,4148,4506,7806
3145,5417,2445,1905,2390
1928,1084,2837,6503
1806,2608,4466,9010,3065
1923,4111,1843,2008,5855
6976,6122,6324,7414,4348
6273,6994,7193,6621,6206
1925,6854,5994,6831,5887
1984,7114,7062,1818,6459
4360,8968,6283,7801,4114,5619,5881
2980,3239,7731,5497,5660
5699,2883,1422,7408,4122
4290,4676,6538,7152,7986,5082
1194,6259
7104,6723
7936,4137,8101,4855
4800,8904,4729,8791,7545,4157
8908,6228,6709
7084,4198
4195,4285,4965,8982
8753,8314,4311
2796,7597,8439,4312,6045
5152,1514,7307,753,6165
7296,4329,5720,7323,6205
7487,4463,5046,7832,7322,3871
8001,4359,7055,4658,8054
6760,1307,8956
6633,7398
4397,8581
4292,4421,4752,6170,5667,6563,2543,5680,6911
8192,2924,6191,4464,7067
4705,4482,6406,8872,7733,6518,8311
3385,8923,2932
6258,4607
5744,4921,8549
7616,8832,4630
0,8268,8164,4485
7126,4636,8277,5990
6534,4648,3694,6992,8668,6654
7745,6211,5188,8750,6267
5473,4070,7303,6805,8891,6012,7197
6913,3715,452,4682,5708,7831,5404
3920,4713,7531,7781
5848,7761,6936,5158
4704,6785,6236,6118
2145,7852,5879
1368,5260
5960,4709
3616,3138,7075,7469
2754,4747,5739,7845
8137,6190,942,4846,8190
5509,807,6295,8252,4062
1696,5122,6157,7064,5817,1467
7651,5898,7758,6520,3257,4956
4868,7983,5334,7961,5849,8794
8640,4961,7971,6508,3247,6074,382
2535,5287,4939,8015,2323,5561,2813
6664,6906,5438
4970,5571,6213
8801,6251,4976,5299,4758,8255
8357,2313,7017,5486,3093,5020
434,6323,6820
8368,8660,5070
7641,5637,8710
8592,1940,8829
7239,5356,6129,5051,8830
4067,7406,7662,6128,4338,6111
1793,7720,5065,5292,6845
8462,6767
5091,572
7207,5128,2537,7817,8779,6507,8312,6075,4989
6851,1251,4424,6057,6254,5135,7507,4565,6142
8048,7473,5466,5455
1080,5156,8166,7063
3872,8495,6375
6169,6579,5191
8351,5654,5799
6149,5480,6728,5226,8849
5936,8809,206
6097,8554,8916
8609,8043,8118
3277,5229,4230
5288,7885,5869
6597,8070,5385,3018,5993,5907,6713
8035,8917
8889,8874
6011,8751
1136,2096,5410,7090,1058,6044,8046,8287
3057,8460,8061,7111
2056,7259,5419,6808
3952,6369
4872,5502
8865,8283
2704,6356,8437,7164,6014
1857,5577,2367,479
5593,7553,484
6114,1961,5550,6640,6835,5628
3193,6179,4310
7565,5647
8550,1807
6973,7790
8251,7623
7404,5719
7400,5736,8973,6093,6328
7425,2580
4410,637
5984,7154,6029
1554,8371,6941
6248,5750,8230
8008,3403,7628,4653,5781,4118,7706,2587,2524
8081,4797
1635,7772
5819,4327
8098,8291,8743,5959,5834,8824,5246,1791
5530,8036,3573
5032,8772,5839
499,5957,7646
99,3339
4896,7815,3305,5867,6735
3264,5344,6855,4169,5707,4844,8722
6344,6682,7318,6018
8552,4915,5892
2412,3091,8780,2279
5484,3077,6828,2125
6376,7209,5906,7350
5024,7282,6474
8163,7093
7363,5911
6022,8234,4754,7891,4861,3519
8195,6533,7782,1447,3722
6497,6403,6051,6477,7479,7357,7967
8165,6729,7899,8366,7805,6062
7762,6715,6107,5047
8887,4625,6967,4764,6653,6589
6168,4635,408,6119
6817,2514,5102,8263
7057,1188,1796,6791
8993,5925,6602,8396,2094,6139,8511
7130,7826,5276,7375
7537,6363,6140
6944,998,7846,8556,7220,6712,6873
6178,2858,7407,6739,6809
6823,3911,6701,7894,7549
7338,6220,3477,6646,2745
8922,1387,5258
6250,7883,6629
6265,7298,5549,526,6457,4383
3248,5770,8012
7568,7138,5474
5715,6292,8679
6840,6466,108,2352
5377,7042,547,7652,6575,6490,6141
6568,5171,8205,6064
7297,4046,7951,2929,6833,7892,7511
8494,8496,7604,4022,8214
8449,3365,6638,4058,3292
8362,6354,8787,7483,7614
576,8871,6765,8505,8541
2080,7009,8486,3338,5322,7437,5267,6747
5665,4645,8365,2610,7039
6818,6850,6947,7095,923
6372,8648,5968,4979,4664
5221,5638,1838,7472,670
8808,8946,6965,8701,8638
7776,7010,5685,6446
8555,7177,4954,5627
8713,7930,2877,4990
6163,2845,3215
7353,7285
7572,7478
7555,6934
8880,8434,1506
5078,7294
8896,5512,7497,2121,8924
6298,5809,6577,8307,5429,7541,7542,2074
4392,8077,8078,7793,4505,6302
2977,2274,5649,8019,6773,2206
