5646,3093,8730,7718,7727,4143,7731,7734,8760,5690,3132,5181,572,8801,8803,6243,2153,2667,3695,6767,2675,3193,3706,6270,2704,4758,2716,5282,6319,2242,2258,4310,5335,3296,6369,1762,3302,6375,2284,5364,3322,4861,7422,4872,1807,4880,8465,3865,4384,3872,4898,5922,1830,2347,1326,6450,1334,7480,6973,2367,1865,6986,5452,332,6483,4439,8037,3944,876,3952,8051,7037,6014,8064,4485,6026,8622,8623,6064,6577,4019,8628,6070,7612,8636,7104,1986,2505,6612,3548,3038,4575,993,7142,2543,4597,3069,4094
1540,4742,6279,6024,7434,6667,526,3470,1429,4505,5658,5276,4637,2848,5668,1061,6184,6826,8748,5549,1838,8879,7472,2989,8109,4148,8637,4670,4800,7745,5827,3139,8778,6859,7246,7247,4694,5722,8923,6367,7776,1506,8806,7913,624,3057,8946,5873,7924,6904
4994,5637,7047,5768,5897,6282,8075,6793,7309,8212,3738,7198,1311,1447,4520,8234,7724,5426,3379,6579,6334,8384,7107,8643,6341,2378,6731,8012,5965,1616,8405,6614,2906,8156,4060,7646,5344,1003,7276,6251,748,237,492,6385,7026,2034,7666,8821,3319,8959
8968,8588,6157,6798,5392,4115,2196,6165,795,7067,2334,6437,5925,7596,8754,8242,1589,6839,3511,3001,8762,7483,4279,7229,7479,5698,4036,2247,5959,3657,7626,7370,2893,5455,2256,5204,6486,8152,4569,604,8799,4834,1122,5991,8807,6642,4472,6522,763,7935
8192,8709,8454,3592,4488,7307,8847,4627,8855,2071,4376,4377,7323,5913,6298,4510,8735,6815,417,8986,6561,6047,4517,3621,678,6191,5938,4407,2875,4797,7614,8896,1473,8386,5457,5078,8792,7774,3427,8678,6760,3689,1514,1646,753,7410,3188,4980,7542,4223
5894,5643,8085,8982,6293,1176,6296,4251,8476,4766,3103,7840,7457,5671,2858,4267,4783,3248,8881,818,1463,8761,5817,7747,8902,4299,1229,974,8909,8017,6354,4436,1878,5720,3803,8924,987,7771,7391,2655,8674,5731,7525,1384,8943,5103,1266,8434,7541,6398
2048,135,8958,8981,3480,5026,935,1320,7849,7465,3245,8111,5809,2866,8626,5429,8117,7351,3641,7609,6972,8765,320,7872,3264,4165,7497,8908,6093,6356,8534,7511,7769,1242,8539,8668,7260,2149,6761,5355,2796,8941,4464,8305,8690,8569,6650,8700,4733,254
6786,8067,387,6533,8324,5770,5387,1298,3091,6421,7451,5660,1821,7326,8739,3491,7591,8232,8489,3370,8750,8758,5688,4665,7481,5950,5313,8898,8129,3395,8773,5831,8776,6344,7500,8527,6228,5470,3552,4844,3694,8047,3698,6258,8182,8439,5238,2806,6782,4607
4992,4352,8068,8841,5644,5776,6289,4498,4752,8081,535,6936,6428,5024,7841,4257,8868,6566,7846,3112,685,6322,8511,3520,2303,8772,4421,7113,1481,4046,3920,8784,8661,7130,6497,8802,4198,4713,4969,8938,2541,8947,7668,8307,7031,888,8697,7549,2558,6911
6528,512,7428,7815,7568,8979,920,1946,1307,8733,1053,6045,1184,3616,2339,6568,1706,556,2606,5040,7728,5171,1076,4915,8502,2359,7994,5820,6979,2883,1358,6735,3663,2002,3411,5588,4563,5718,4696,484,3176,8552,3818,1130,2412,4335,6128,3059,5619,4346
5377,4610,4101,902,3462,1160,5262,8719,4117,3223,6424,3097,5530,6426,5022,8606,2078,7331,547,6563,5667,7475,8244,7732,8759,7737,1467,4027,6205,4163,6340,8903,1610,1869,8913,7251,6744,344,5978,7903,3169,998,5352,5740,2286,8431,7029,630,6141,5375
3586,899,5125,7942,6411,4747,3473,4754,8983,4122,7715,4264,8360,4648,7213,7344,5428,6709,2870,8118,4153,5436,4542,6079,6211,325,3785,5323,8780,5837,6992,980,7380,7128,8283,8798,4703,6882,4195,7268,4581,8039,3306,2539,4588,5739,6254,2932,8572,7932
8323,6149,5640,7561,8717,4365,6291,7061,3356,1314,2980,5286,553,6187,6649,7216,6706,8884,8116,3254,8886,7097,8634,3519,1474,8770,4803,7492,5702,5955,6728,2889,4042,6985,4553,4173,7891,3673,6114,7140,1643,6635,8301,2290,7669,1653,8183,5112,5497,3317
8066,7171,8194,2309,5766,4877,7951,3472,2833,2449,529,8849,4889,6170,7197,6051,5032,8617,8236,4141,9006,4399,7600,7473,4145,7091,559,2744,3384,3257,8123,1596,8128,6215,8779,4558,6225,8276,6873,6874,6363,7772,7651,6759,3050,4459,8556,3826,5115,7294
2313,5901,400,1941,8095,4896,8483,8357,7206,2983,3626,8618,2733,7854,8238,3117,5554,6323,4020,1719,6330,8251,7740,8255,8899,7623,5070,3792,8660,6997,8920,8411,5347,7397,7910,7783,7528,7017,7781,7915,5486,7023,5616,8048,6130,2031,3828,5624,8185,7933
3077,2438,1288,7817,6538,5257,5647,5650,8340,8087,7704,8605,3487,8994,7075,4262,5928,1194,9002,942,4528,6710,8376,8385,4548,4676,8516,6654,4292,8137,1994,5188,4177,4565,5464,3288,1882,6752,1635,3299,7269,7526,2404,8043,5996,5998,7152,7923,8948,8446
7552,1793,6278,7433,8846,14,1937,1170,1042,3352,7455,2976,1697,4770,2212,169,3628,6065,5047,6077,5185,6594,962,8519,3144,7495,1608,1738,5705,6599,3277,7762,5593,8153,3035,8030,5729,3939,3045,7653,7403,7662,1391,1264,7793,8563,499,1271,7289,7807
0,1921,6917,8462,2964,8342,5654,7447,8351,7201,6434,4259,6053,37,8103,7469,8495,8368,2740,1717,7991,8382,7871,3647,3138,6851,5573,8774,8775,6216,1097,4169,4427,5580,2121,2510,8271,5713,4689,8787,8537,734,5091,227,8041,6507,8683,8312,2425,507
1668,8829,6154,8203,3724,7822,8848,5649,8723,4246,4886,7832,8857,412,8222,3871,2206,6302,8098,8871,6313,8362,7593,8497,3378,8505,3259,3775,7232,576,7360,4552,5834,4172,7122,4183,1368,8541,5473,2274,8290,8291,7784,6765,6771,5493,8824,4477,5246,5119
3971,5381,8197,2694,5128,519,7818,6539,4878,3088,7441,6418,5245,8343,2167,5020,3229,5023,8993,3495,7209,7979,3755,6574,4146,7858,6963,1973,3763,8503,4023,7864,3518,447,1346,199,6984,5191,6732,8532,8927,6498,5859,4709,5490,8692,8180,7415,4989,5759
6403,7556,5512,2696,3850,4112,7826,8468,404,8215,2199,6683,8348,5920,6944,8737,2595,8227,5670,7084,5680,8880,7602,6835,6708,1080,7611,5696,8769,5825,3911,7883,7117,6477,6231,2135,1498,7386,4958,3682,5346,1254,4329,7531,3821,6899,4852,7157,1531,6012
7042,6276,1414,7946,8715,7566,5141,8726,4631,3991,7321,5404,7967,7205,5158,7079,5550,4529,7218,1970,5815,6712,5434,6716,4157,8894,1598,7488,7875,452,3528,6346,7249,7889,6739,4437,7894,5334,8280,7893,8026,8028,8933,4070,4327,7016,2288,6133,7545,8956
1285,3081,8971,8972,5134,8335,6287,7187,7700,8852,6550,3989,8728,3993,1786,5788,5917,5406,4258,7976,2604,5807,4144,8499,8373,2488,6715,4030,8254,6848,3659,4556,4429,6607,8399,1233,7509,5850,5595,8284,2397,1631,7393,1250,4967,7794,8435,5366,6393,7034
7297,3715,8579,8581,4868,7303,3593,6922,5898,6286,6544,7314,6162,786,7063,7961,3225,8094,8223,6305,8487,7983,4656,5936,5819,7743,6464,68,3780,4682,8652,4685,8781,5839,5715,5466,7138,8036,8166,8679,8424,8809,2924,6640,2929,8306,3573,6901,7544,5628
3840,6661,4875,8077,7311,8976,8592,4497,8724,1940,2711,7833,2589,8224,8743,7081,6445,4658,1972,7092,6588,4925,7487,4673,3649,1219,5449,4298,7372,2639,5841,8019,5852,8671,1120,5730,8034,5476,7019,8940,5356,4718,1134,6129,8054,7032,4091,3708,8830,1791
8705,8975,4369,8725,8853,7446,6809,7834,7325,6178,8997,5163,3883,3890,4275,9013,5557,2229,6457,5435,8891,8893,2364,1476,6724,1348,8647,5448,5066,2127,8400,2132,8149,1110,8790,4701,990,4582,7398,2664,5866,5868,6637,8429,8825,7537,4729,3449,1660,4991
7296,8198,6540,3085,3214,5775,8217,2463,8355,3634,4403,6068,8883,7606,5811,5810,1341,7357,6338,4932,5061,6085,3524,6217,74,6860,5325,7375,7504,8659,8916,3923,4181,8535,5849,6745,8796,7901,7518,5215,3810,8553,3947,7150,4340,5748,1526,4983,5241,6140
1536,1157,8702,8327,6409,8716,7693,7695,5648,4113,5906,2074,6682,3617,4900,6057,3881,6828,7597,3252,4919,7608,7865,2747,4795,6075,7749,7622,5575,1991,7116,2125,4303,2897,7633,1490,8286,8032,3557,2537,5612,3437,4078,3568,6262,1399,7673,8442,6267,3838
4357,7301,8325,7304,3976,4618,4364,5009,3477,22,5911,1685,7454,1696,5156,1191,4903,6823,2090,6827,1961,8239,7476,7093,569,5946,7867,7363,4295,1225,6474,8139,5321,6222,2386,3287,4058,3164,7904,5474,8163,6116,4599,8302,2803,2934,6646,6269,1150,8575
8704,5632,8452,7813,2573,7694,1558,8470,3358,6560,5152,7458,3365,2472,5545,4138,7464,3884,6954,1968,8243,308,8885,7220,6583,1977,1210,1469,4802,8004,4041,6349,7761,6481,4952,8794,6107,6365,6880,6371,5603,3814,8554,8688,7024,7286,3192,4089,4478,3711
4360,3337,5001,6284,6797,6670,6803,4245,4630,6940,5791,3744,3362,5155,1059,7973,3874,5672,42,6699,8875,5933,7346,6067,6837,4921,3642,6345,4811,2508,7629,2765,4943,6990,2128,4306,5458,7892,5974,4185,5468,6238,5862,1011,6131,2680,6905,8826,6651,2814
5380,6795,6028,5265,8210,3475,6292,5397,1683,7073,7074,4647,4009,8619,7083,6830,7471,8752,7988,1205,3637,7607,2429,3778,1221,8904,7672,6909,715,6733,206,4175,7253,6490,2012,4828,5342,6244,4199,7786,8303,8178,3574,1143,2550,4473,4604,2173,1662,8447
3589,5258,3466,2956,7948,3979,7183,5244,5393,8722,7958,7194,3100,6432,8609,8099,6820,4003,295,2728,6572,6325,8512,2754,8260,3013,8390,6855,4936,5444,2254,6351,4818,7507,8788,7255,1625,8922,858,6629,360,8937,6250,1387,6892,3178,872,7408,4085,6780
6662,4871,8838,7305,5513,4233,6928,6672,7831,7960,8987,4892,6299,6174,5918,4000,5792,7707,7338,1836,1709,4911,7349,3644,965,1353,7754,2635,6226,3026,3028,7765,6870,3285,6878,3808,3303,7274,8174,3824,6001,8189,7411,4724,3443,8309,8568,4602,2045,5630
6913,8706,2051,6151,6280,6035,4632,7064,8092,7971,8741,5542,5287,2216,7078,6316,3247,8370,5685,6456,6458,8640,8642,2631,3656,3530,8015,4560,4946,8915,8918,6362,4954,2273,8033,7010,868,7652,2535,5735,8423,5482,6379,6508,8045,8555,7282,8564,6774,4344
4480,4866,4230,3974,8202,4492,5773,7696,7955,5139,7189,3479,280,6554,3489,2471,4521,3242,2477,4017,3382,4024,4285,2111,7618,8259,1604,1989,3917,7885,3795,6998,5592,729,6491,8667,4957,7133,1251,7013,5350,4717,5869,5229,7021,5232,3700,1017,8318,6142
8449,6146,8708,133,1286,6663,3464,7051,8464,657,7954,2194,5013,8214,918,1439,5412,4522,7340,8494,7856,8496,5043,7604,5305,1338,7101,7364,8009,7755,2381,5581,7125,8789,2775,5975,5209,6242,4968,7657,5226,4972,4332,6638,2927,3312,4081,3439,2039,5495
2820,8,8461,8207,5779,2965,1814,7190,3864,4508,5280,5537,8354,7462,8231,1455,5299,5301,4150,1461,3765,5046,4791,8252,5566,7490,6472,3913,5719,2007,4440,7259,8926,7905,2789,6887,7655,7404,8813,8685,7790,6896,7536,8818,6004,8822,3704,3321,7674,4475
7424,7554,6019,5122,2056,8843,8460,5260,1040,3857,3219,6169,7713,8865,6183,6446,8240,9008,2992,4663,6711,3385,314,8508,8638,6591,2879,4415,8901,7111,6857,2813,5454,8144,5328,7767,8282,4956,4831,2399,5221,7273,7789,4591,6643,5107,5627,1405,6526,6655
5760,6785,7939,6153,144,7573,5655,3876,2727,3111,4137,3371,5804,2350,1078,5943,4022,4667,1339,7161,4543,1730,3011,7799,4680,8777,7882,7756,5708,4304,4817,3666,3578,6609,8403,5082,6236,4704,3298,6118,3942,4457,7407,8950,4726,6520,7033,6394,7291,5372
5505,7682,7172,5893,8973,7827,8601,284,6942,1443,8996,6695,4392,9000,5799,4395,5288,2600,7598,434,6834,6201,5050,2493,3901,8895,5060,3016,4424,8905,8520,6479,7634,8677,6374,4600,8042,7660,5101,3054,3950,5487,7663,1909,2422,6390,8056,7162,1147,2941
128,8832,6274,4867,6275,3459,3594,7058,2451,916,7703,6685,8096,4641,5281,7459,4904,2475,5037,5166,3888,1331,8504,3135,2495,7616,2882,5186,6980,8388,3526,5312,4808,8011,6347,1231,6355,7636,7127,959,4959,7908,4837,8175,5744,5745,3441,8443,5500,6015
2434,6531,5764,5638,6534,7686,5130,8078,3217,2323,670,5535,2977,6821,7975,8104,8873,6952,4391,6060,5677,4135,5425,7221,6965,311,8379,8767,5967,7377,8914,7124,7764,2517,1623,2145,6626,6625,6885,8808,8169,5480,6380,8061,6768,5879,3064,1529,8701,7167
7168,5369,6790,6283,3339,5518,1422,6800,4114,6549,6933,7072,6433,804,7334,6951,2855,3239,7211,8492,8877,4654,9014,3510,7999,6467,4039,5063,6727,5707,1612,2895,7801,1234,2518,99,8549,4965,5736,3305,7400,5867,7918,7151,4593,3827,8179,8310,5881,5886
7553,4741,7431,3208,6536,7432,2314,8332,8205,2190,7312,6673,8595,7320,8356,8485,7720,8874,2731,1452,4525,3120,1202,6842,4282,6844,5693,5957,6983,5068,1101,5840,1361,8656,5843,8402,3925,3671,6615,6487,3935,2911,6111,1126,6631,4585,7916,4338,2547,7419
5114,3716,645,2318,3856,6416,7570,4499,1811,6423,4767,1824,5921,6946,2083,932,2724,8226,1955,1952,1833,810,34,1832,5673,6958,303,2344,2996,7350,3129,698,2491,832,3393,7362,929,3022,3284,855,6624,4578,6384,1521,1525,504,1657,4218,6396,1917
2689,524,2957,3468,5135,1294,2967,5402,5531,3740,5532,5533,2591,7845,2553,3886,5168,6833,1850,8124,7869,8513,8515,4806,465,1874,8404,6742,1495,4824,6105,8791,5208,5207,2272,5089,6627,8547,4453,7014,6376,5484,4973,8049,1778,244,8565,8823,8953,4732
3072,5633,6658,1411,7936,8712,2571,7563,4748,5263,3728,3218,2710,7448,1693,8478,6176,1789,6955,940,689,5553,6452,7992,8130,5699,4290,1606,8265,2891,8910,3154,4693,6232,5594,8155,2525,4067,8932,5477,8038,7782,873,8426,1772,6893,6895,8820,4221,8191
5761,8582,7430,7819,4108,2827,398,2959,6929,2578,5011,5142,4506,2462,6303,8607,7842,2723,6692,2978,2856,5546,1068,3629,812,300,1840,7348,3127,1592,3772,2237,6462,7233,2885,7878,4678,8523,8530,2916,6121,2666,6764,1518,6769,3314,6392,2042,893,7806
3585,8322,2433,5123,7937,3970,2561,5899,8086,3736,7450,1787,3501,1198,2094,2867,8763,5947,5053,1980,3400,7371,8396,5324,8143,7632,8912,7510,4059,8161,8419,3172,6117,1891,8804,4456,6633,2283,1516,3051,2161,6514,4084,4212,5622,2294,2296,6139,5756,5629
5376,5249,8195,6022,2568,2570,267,3722,1933,1934,6040,4124,8477,1568,2082,2210,2084,3238,2474,2223,5812,2750,3007,3269,2759,841,844,846,3791,3196,466,1237,2520,4188,1373,4572,1376,4321,2921,6890,2922,874,4976,3187,1140,4087,3577,2044,3454,6399
1408,4354,8330,7690,8587,7821,3342,8079,5116,3858,7059,6802,8854,3224,2968,4381,3615,7587,7589,4133,8621,3630,1329,5062,8393,970,585,6220,5709,6864,6097,6738,7635,2387,2901,6616,3551,7648,8159,2783,5093,7141,1511,2024,8297,3688,8817,4601,7420,1535
8448,3329,1795,5639,7688,4359,3978,8842,3727,4623,8977,3474,7055,8341,2454,4373,6805,7322,7709,4516,7717,2342,8998,8367,3123,2612,2809,5051,2366,8001,7239,7752,5578,3068,2252,3406,4947,7895,2265,3162,3421,6877,7011,8167,6381,1774,6773,6008,2041,380
2178,5253,140,6161,3731,5909,7829,3095,8856,8345,7333,3109,6953,7978,5289,3498,6701,3889,7859,8756,2868,58,3771,8897,4930,6468,4420,3140,3272,5193,4938,5195,8906,4815,8016,5330,2771,7902,3425,5220,4841,3820,7917,7532,8050,7796,5877,8441,5242,7550
6017,6018,5892,2436,8966,8839,5131,2188,7054,6031,4368,8850,7318,895,5275,3493,807,8363,4524,4271,6704,1713,1459,1718,8631,6968,6207,454,1223,6600,3148,3153,3286,8154,7643,4316,2523,4062,1630,5857,3171,5224,5353,7277,5613,3696,7409,3702,5755,2943
6020,6919,4104,8711,4616,2830,2831,6032,4495,4501,4763,156,3357,7838,8736,7712,6562,2208,5924,8746,7468,6575,7984,5297,3639,3897,7866,2745,1733,6982,5706,1740,7758,5071,3665,5972,8278,5848,7517,1117,2407,5098,5610,4331,3825,4722,2292,7418,2046,7295
6401,5891,5516,8083,6038,8088,8603,4636,3997,8992,6049,8101,7207,6440,5931,5548,7223,7102,8510,6723,7366,2375,7369,4425,7243,8268,3538,8277,7126,6103,2647,7513,3290,4312,7388,7638,5854,3042,5090,8164,5990,7271,3430,6259,8437,2293,4855,7925,7804,2559
4738,2946,4740,8071,5129,4106,3977,6669,5137,6931,8596,3860,2585,7069,2077,1566,1567,3233,5502,6181,3878,2602,5164,7215,1586,2227,565,2233,1724,6725,709,2373,8389,8783,1750,2646,6871,222,94,4320,98,4461,2158,251,6134,376,1403,1277,8574,2687
2177,7298,5132,653,8590,1037,2320,5522,5527,7192,4504,4383,8352,675,3619,5543,4393,4782,1967,7343,7087,4531,5941,1595,830,7231,2113,3401,1357,3662,8911,3281,7123,6102,7897,6620,6623,7266,1893,1640,5609,6511,3567,8062,7540,4086,6647,6265,5883,2302
1538,8451,2053,5386,1676,1548,7950,8338,2962,5524,6680,7578,4893,7583,2722,3234,2338,4643,1576,2603,6061,7855,9011,694,6585,7358,7748,5318,3916,7378,6867,5460,3669,3032,3419,1755,7134,7264,7265,2914,7779,2919,7529,366,4079,3953,2546,2804,7413,1914
909,8213,4255,8107,2860,5552,7089,8372,4790,5559,5432,8120,4551,7753,6730,6606,4561,4438,7147,7534,4596,4984,7030,632,7293
3212,2706,1562,3998,1569,7848,9005,7726,3503,8633,5052,5183,6208,6471,7384,5214,7263,6756,6634,7020,5358,8815,7665,8053,8319
8834,8070,4999,5385,1682,5907,532,6808,7452,6172,5148,7071,3751,5419,8751,1072,8500,7993,8889,6203,6713,190,5055,6597,3018,1484,5582,1487,1873,5459,8917,7770,6749,3934,8289,4963,8035,2276,4071,8551,5993,3048,5230,4463,496,1144,4343,5880,6011,4092
4737,3713,5509,3721,7565,2705,2067,3987,7319,6295,1435,8604,4379,1950,3227,6179,2218,430,6190,3760,7986,7862,2107,2109,1857,5577,8397,7120,2644,853,217,2654,479,5856,863,4451,2532,2917,8550,2279,5481,235,4846,370,4595,6898,2421,7164,3325,8190
1664,7809,1681,1686,1687,150,790,1831,2221,5423,2226,6198,951,3383,953,954,8126,1727,2629,2630,5829,8392,2377,5064,6858,5453,8526,2512,4688,4050,1747,848,1365,6741,5339,1374,8544,7649,1381,2278,1767,7527,2793,2794,871,495,4592,5363,4853,117
5120,5121,5890,513,3460,5382,8713,7177,8585,6665,4990,160,7590,1705,7852,7853,5678,3377,8115,8755,7477,5561,7738,6074,7868,2877,4669,5823,6978,5570,5960,4939,6604,8141,4054,4182,4698,4700,8415,4192,4961,7523,8557,6766,1776,5111,3832,7930,2940,382
3968,8967,6920,649,2058,8458,5902,5778,4248,5401,6425,7581,6687,6317,5935,4532,8245,6966,5431,2615,5049,8257,5442,7489,3908,4805,6089,5450,8394,8649,8142,4431,4819,1493,4189,3678,6240,3681,5986,5733,8294,4966,3561,4205,4847,6515,4341,6776,8827,8060
1025,1155,4869,8453,1543,2824,262,1674,3853,5519,5008,2065,3222,1945,8602,2460,1564,6558,1438,1052,3108,6436,7592,2225,6328,2362,3005,706,2371,2372,2118,2762,2251,4942,3279,4945,593,477,4707,740,6501,4843,4204,3565,6772,5878,2679,1142,7677,3582
4996,4229,3719,6027,271,273,788,6677,2973,4006,424,4394,1965,6192,2995,4026,3898,2108,1852,4539,1215,3776,3010,583,7240,2123,3788,4049,5586,3413,2773,3801,4955,2780,3933,2782,737,97,869,490,491,4076,4974,4208,4339,503,5626,4350,4605,4606
7681,6148,1797,4613,8328,7179,2699,2316,779,6930,6290,8084,6548,4760,5017,2457,540,2461,6813,5664,5793,6567,5292,7217,1332,6326,4284,6845,3521,5700,7493,2502,5447,5065,1227,6091,595,5597,6113,5601,8934,3816,6124,7406,6003,2164,4215,8440,2683,5884
640,8576,643,4483,3461,5765,4103,8710,1173,1434,2331,7839,2169,4515,2467,6308,6570,5420,175,4913,6194,2482,6196,438,2105,3004,2240,3904,3523,8133,8653,6605,6736,7508,7257,7641,5853,864,2016,3684,635,7145,7535,6387,8444,6137,3450,6907,3836,7423
6789,4615,8201,5642,2186,7689,6926,6007,5136,7443,5398,7837,5149,5151,6048,4771,6180,4397,4401,1074,3892,7096,2363,3003,6717,2623,5830,3273,6602,8907,5964,1741,1742,3535,7928,6098,7379,8793,6619,3292,7390,4191,4323,4196,6500,3564,6135,7288,1146,8573
4224,2816,1154,8580,773,6664,6668,6160,5521,3346,7572,2708,8727,791,6681,5407,8866,4386,6948,165,4772,4905,5675,1323,7341,8366,1325,2299,4657,8753,8374,2102,8127,6720,4674,3266,5443,195,2122,3146,459,88,350,7521,8292,5478,3308,881,6518,7546,123,7551
1667,4227,3846,7175,1418,782,3215,8720,6163,1300,8598,3226,5915,7579,4253,5408,1317,8872,3369,5802,7210,2864,4786,4534,4922,2748,5438,2624,5571,6852,6213,6603,7502,4307,4311,8151,3294,6750,5471,612,8805,6245,3175,2023,4970,5995,3692,1649,7285,7671,8314,6524
2691,7043,6407,2184,4234,8334,912,5905,4500,3992,6043,1692,7195,5932,4909,5293,3374,7088,2732,5295,5683,1199,181,7478,6200,1601,3143,8264,8267,7628,6862,1998,5202,3541,599,5080,8158,3936,8928,2402,4708,5865,1770,3436,6894,7281,6641,8694,4474,7803,5117,4986
8321,1798,6152,7050,4236,1038,8974,6676,2326,6934,6811,2203,2845,4129,7203,292,2340,6311,3115,6578,3635,2300,8629,3126,4406,6970,4414,3263,4927,8008,4691,5587,2262,8663,2137,1757,7006,7773,2786,2147,3964,6249,1898,3433,236,7919,2162,3955,3448,761,7675,8188
7040,2818,7427,7044,6916,5635,8962,3600,1427,2324,1302,1816,4121,8474,7835,5016,8861,8989,8472,5031,7467,8364,7470,8501,6454,8249,7739,5437,701,3650,8003,7619,4037,6470,8138,5970,5973,3675,6237,5216,4193,8931,4324,5479,8296,6120,1642,1769,6636,750,7929,5498
1152,4225,3456,3075,2052,6788,2307,1935,6551,2328,4503,5273,3099,1820,30,1571,2219,7599,7736,2617,6906,443,7996,5308,829,7100,6080,5445,7237,4935,3782,3654,591,6224,6610,5087,5217,4706,3553,8548,3301,5096,1513,7530,745,2669,368,2418,7159,7417,3834,3710
1665,4995,8965,1542,5767,6542,1167,3982,5264,8591,4371,7699,8471,1688,1823,937,7722,8106,3756,1579,8105,5424,1716,7989,3896,5310,8768,4545,6084,2757,7876,2248,4809,842,7887,5074,3798,6876,1629,1887,4705,2019,5223,5607,2409,5099,367,4720,6005,4598,6391,2811
6144,5507,2692,4739,2822,3331,8844,2829,7439,8593,7315,7577,1689,2971,7065,4895,6559,6689,1186,549,1960,4011,1964,2735,8627,948,8121,3131,1212,3516,1854,7355,8258,1860,4293,4684,5971,6100,981,3931,4317,3423,1248,1889,3041,365,2670,3190,247,5368,4860,3581
1671,392,1545,265,2567,1677,2061,5007,7053,3607,2327,1944,2205,1694,1827,1829,3237,2087,2088,6309,5415,2469,305,1918,946,1588,4537,441,828,1216,2756,712,589,5712,978,3283,1240,218,2011,3420,1246,1377,5095,2920,8681,3183,2672,241,7539,1781,502,510
3842,3204,2949,646,1655,2834,5780,5270,3608,2841,2714,2459,1436,1565,3102,927,1958,1959,1065,1834,1067,814,817,2104,697,834,3909,6726,8521,4170,4428,3021,5583,8401,1235,2645,8150,5847,860,862,4318,8930,743,3182,3184,4978,3186,5621,374,6389,7802,3199
5504,768,4482,8833,7812,5255,7816,3335,7691,4622,1911,7952,3734,6167,7575,1305,4249,7836,7710,6046,4512,1699,938,8747,4780,7354,63,8383,1089,6088,1868,8525,2767,3280,5332,8311,3545,7132,3037,1501,6496,2660,3686,4839,3174,4589,3315,8052,6903,5753,2298,5367
2693,6406,2823,3207,7052,2062,1679,6674,3861,2582,2069,2842,4891,2715,4890,3106,4523,1584,3761,8882,4402,1587,7733,2236,8381,2238,2751,6465,2116,2503,3402,1356,4814,3023,7376,977,852,212,3158,472,3928,2778,859,475,6109,1380,5989,363,4210,372,2812,3455
4609,6659,1028,4356,8456,1932,3604,5781,4118,5653,7706,5018,2587,5790,8862,3882,4906,4652,4653,6062,6702,3759,3122,4283,956,2235,7870,704,8000,3142,4040,2761,6729,3403,850,3667,1108,6872,5081,7899,2524,732,6235,738,355,8165,2923,6126,5234,1019,3452,7805
4864,4097,5508,1284,8457,8204,1296,6039,5784,668,6050,4514,7337,426,6443,9004,8749,2222,7725,3632,3504,1847,7353,2873,317,4413,8639,445,5441,1853,3651,8132,8771,3398,7494,5703,1614,7890,4052,8279,8407,5336,4445,1503,1504,4449,7272,8172,5489,5617,379,4219
6657,7170,6915,7299,7555,7558,7685,5256,7941,3844,4363,5772,7824,4116,7956,4125,5405,7966,6307,5284,1701,1575,3753,1450,2354,51,4788,6584,6587,7486,8002,3141,3910,2766,8655,2129,2769,2385,3797,7512,5212,3165,8422,619,4716,5742,5618,7922,5236,4469,7412,8831
3973,1163,3340,2445,7437,7569,2837,5269,4635,8220,6817,7330,4134,8615,5030,4776,6698,2352,8369,8112,2096,2997,5174,5303,8887,2619,6589,5694,6592,5954,7750,1734,3145,4044,3536,81,4434,6352,725,7766,2390,8024,7002,5725,2014,3166,2528,5097,8810,3179,1900,8300,622,108,5102,3570,1394,6777,762,637,4222
3202,4099,4873,8076,7181,5005,4367,6545,274,1172,7191,8599,7962,5536,7076,1957,3623,6441,5805,6836,7482,5563,3388,8764,2878,7226,4160,6721,3261,8263,5704,7499,6221,3533,5710,3282,1619,4823,2140,8672,7395,5864,1256,2027,8561,4082,6260,4982,3831,8438,7548
3201,1923,2563,3718,7944,8969,3338,1928,1806,3216,2580,6044,3484,7328,5665,5410,2850,4388,4645,8486,8614,5417,7850,8365,2351,2608,4273,7090,8371,1843,9010,5686,6850,7108,2000,5968,8786,7383,2008,6617,8288,7009,4836,6503,4333,6639,1905,4466,8695,3065,7292
1281,6405,7046,4111,4624,8466,4243,3609,1561,4127,6947,5159,7719,4650,1324,3375,6961,2614,7095,6976,6081,4418,4416,1093,3270,4167,8648,8645,4812,8270,1744,3540,983,1370,6747,3550,8287,5855,8542,8800,3812,6122,4590,3438,2674,7283,5365,7414,4857,4348,7039
2688,258,8963,4744,6281,6923,6796,8851,3348,3611,6431,7969,5797,4902,294,4777,4396,7982,2355,4661,8888,5562,1084,7620,2500,8134,7496,2894,4302,1105,5075,8148,3542,6359,3415,7644,8413,3039,7519,8417,3554,2799,7280,8945,1136,7667,7028,4213,8181,4851,8703
6273,7425,6021,6791,6029,4625,6034,5395,5267,8469,7057,6168,7193,923,1058,6818,1188,7336,7082,4014,2610,7987,6324,6840,1849,4926,4287,1088,5956,6853,7367,8007,2120,8650,5072,5329,2514,6994,8022,3927,3160,1752,7642,5984,2530,4710,6119,8046,4849,7154,6653
6912,1796,1030,8714,7947,8970,2702,6675,8339,5271,408,1691,4764,7965,6556,8479,802,6691,5794,6310,3625,8745,7595,6447,3253,3894,6841,7098,2110,2499,7236,5961,7373,4813,5584,721,5716,214,2905,4570,6233,8409,3418,2269,1759,2659,7139,7396,6757,3958,2038
7300,2437,2180,6535,397,1550,5391,2575,3984,7949,6166,5529,2972,7580,4382,799,5541,2089,2478,4277,3509,2555,825,4410,8380,6461,7485,5057,1863,8651,5198,3793,7382,7001,4187,4444,7777,7906,4579,2661,7270,7143,231,6252,8698,6516,8057,8570,2043,8316,894
509,8707,1929,1801,395,2828,3209,1936,5403,2588,1825,3748,297,5034,1581,2862,2738,7474,695,6335,2626,2758,838,5579,3020,3531,2642,3539,3960,471,4827,4216,1885,5724,1115,736,1888,358,489,5354,7659,3180,1519,3185,243,1524,1784,3705,7931,2557,1022
8836,5002,3597,7186,3603,1554,7062,5786,1818,5147,4639,2080,2465,3367,7080,4139,6831,3507,6967,3768,184,8247,6206,4034,6854,8262,7241,5322,7881,7757,8658,7258,2909,6621,5983,7136,8929,8543,6372,5605,5994,4074,2156,5100,1007,7664,8432,6002,4979,5754,5887
7169,4998,2825,2444,2583,1050,3355,3739,2844,3360,289,3105,2554,2742,6073,2490,955,2106,1722,958,1466,2241,836,4550,3783,2124,845,2255,3025,469,5845,857,473,7515,5239,5980,6366,4826,5088,4448,4322,2787,2918,4326,1262,8559,2671,5361,1015,1274,1919
5506,515,644,1925,5510,3843,8584,2953,2950,4617,1805,4241,3090,4756,6263,5785,3483,8347,6941,543,5539,8230,6188,4016,2485,9015,2999,4664,1721,6459,5439,1984,6466,3397,7114,7759,2384,8146,4949,1118,483,5606,6248,4077,3566,3313,5750,7927,6648,1278,2431
