3077,2438,1288,5387,6411,8979,6421,7447,8983,8087,7704,8609,5026,6053,8360,8618,7469,5554,6709,7991,5688,5436,4925,8382,3138,5188,74,4427,5580,8780,2510,8271,1358,5713,2002,6093,6228,4565,5718,8798,4703,6882,4581,8039,6507,8683,5613,4335,3698,2806,8312,2425,7932,4989,6142
7424,0,1536,4230,519,5128,3466,4492,8973,5773,7183,280,3229,7201,4259,4003,6695,2728,3242,6325,7865,5050,6075,7415,3647,447,1346,7749,5575,6216,1097,1991,3917,3277,2125,3795,7255,7128,1625,8667,8677,5350,3557,8043,2412,5612,3054,5487,6254,8948,8180,6262,1399,3838
5893,7696,8722,7827,5139,6549,5654,6933,7189,7958,6554,8351,929,8099,2724,804,7334,5799,3493,4521,2471,4395,6572,2477,7598,4017,2996,3382,7608,6968,7618,8259,1989,454,5191,6855,4169,3022,1490,729,8154,5090,2537,2666,7277,7409,4593,2932,8056,5369,5114,6267,5244,5886
2689,6401,6018,7563,5516,4748,3468,5135,3728,6031,6418,4368,2827,7318,8088,7448,4636,1914,4767,6049,6057,5931,6958,6207,8513,2754,6851,8515,4806,4424,4425,8268,8397,4558,465,7507,8277,7126,2647,6103,7513,3290,5857,8164,4965,5990,4453,7271,4218,1772,8565,7162,8702,2559
3713,5891,2436,2053,5892,5129,3977,1676,1548,7950,2188,2962,2585,7194,7578,5755,7583,2338,4643,1576,2602,2603,8363,5548,430,1713,694,3127,4024,1724,2237,7102,2885,5318,1223,2687,3669,6871,3032,1495,2523,94,5856,2914,98,2919,366,1778,4595,3700,376,251,1277,895
1025,4737,1155,1543,3721,1674,5008,2067,3987,3222,1435,1052,1564,1438,4379,3227,6436,2679,2218,3760,2225,3383,2107,2109,2371,2372,2118,2251,3279,848,593,4050,2644,853,217,477,2654,863,7649,4451,740,2917,1767,871,5481,235,4204,3565,370,6898,5363,2421,5878,1142
4869,262,3719,4103,6409,6027,8716,5519,1681,2065,6677,2973,8478,3489,8226,3108,424,7592,4394,2221,6192,2995,951,4026,3898,1852,3005,1215,3776,3010,706,583,7116,3788,4942,7633,4945,1747,3413,2773,3801,4955,3933,97,4707,869,6501,2793,4843,4974,2804,5626,5245,4350
2820,8,7432,6536,2316,8461,6673,5779,6548,7190,3864,2457,2461,8095,5280,1952,1955,8231,1452,1455,5301,4150,1973,1461,6842,6844,4284,5566,3016,8402,5843,8404,6997,5719,4440,6615,8926,3935,5347,7269,2789,6887,7910,8685,7790,8813,5616,6896,8822,4215,2683
8321,6916,3846,6152,8457,7691,8974,8334,912,8720,6163,1302,7575,6039,4249,5915,6043,2845,7966,6050,1699,426,8747,7470,1199,4406,7354,6970,5437,4927,8768,4037,3280,5970,5336,3545,2137,3675,1501,5471,8931,4324,3433,1898,7919,3955,761,1911,3448,5753,2298,2300
6657,7170,6915,7555,7299,7558,3335,5256,7685,7941,4363,3844,8204,7952,4116,7956,6934,4125,5405,6307,5284,1701,3753,6443,51,4788,7353,2873,6587,7486,8383,8002,3141,3910,6470,3654,2766,8655,2129,2769,3797,7512,7132,3165,5212,619,5742,5617,5618,7922,5236,4469
7297,8194,1160,4877,7566,4112,8849,8214,5404,8348,6944,7205,5158,9006,5936,4529,7218,8243,7220,2229,7604,6833,6712,6715,8895,3780,452,6346,8779,1610,4046,6225,6739,4437,4181,8280,7772,4958,6118,4327,8424,5480,4329,998,8556,7528,7407,7536,2929,6899,6901,6133,8956,2173
5632,5505,8705,8449,8581,3976,7304,4618,5009,6035,3477,1558,7446,5918,3358,6560,6305,7074,6178,3365,6823,7464,1961,4138,5163,3883,8239,3890,7476,5557,1977,7867,8891,1469,3778,8004,1476,1348,206,2127,2128,6226,2132,8149,6365,6244,7398,8688,7024,2934,8825,8447
133,4871,3464,5513,7690,7051,4233,8464,6928,2039,5013,7960,1439,7712,5152,5412,4133,7078,4522,1836,1709,4911,7349,7101,4543,7364,3656,4680,1353,6220,4817,6738,6097,8789,6870,5975,5209,6878,4704,3688,7657,8174,2927,3312,8189,6514,7411,8309,7799,8568,2045,5630
7937,6146,2561,5899,3731,7829,5655,3224,7450,3357,7838,7587,7333,5289,6701,3501,5943,2745,58,4667,3644,6717,1980,6468,5324,1741,1742,5071,8912,4946,2771,3666,3578,3292,7902,3425,8161,3942,2024,8809,4457,8297,7532,1516,7917,4726,7928,7161,6394,1787,5116,3711
1664,7809,6658,1411,8324,2571,150,2710,3480,4251,2462,6176,5423,2226,6198,7992,8126,1727,8130,5829,2630,5064,2377,6858,2891,8392,8526,2512,8017,1365,6741,5339,2525,1374,8544,1381,8038,2278,7527,4592,8692,117,4853
3329,4359,8842,8203,7055,8592,3474,4373,2454,8341,7322,7709,7717,8998,6313,7593,8367,4658,3123,3378,5046,7232,8001,7752,5449,2252,4172,3406,6736,4947,7895,7257,2265,3162,7641,7011,5356,6381,6129,6771,8054,7032,4091,380,8829,8830
640,8576,8448,643,4483,3461,5765,8710,7688,1434,2331,7839,2169,4515,2467,6308,2342,6570,5420,175,4913,6194,2482,6196,2105,5051,3004,2240,3523,8133,7239,6605,8653,7508,5853,864,2016,3836,8167,1774,7535,6137,3450,6907,8444,7423
3843,515,8836,1923,2953,5002,1805,3597,4111,2702,1554,8466,7062,3609,7193,4639,4127,2465,802,3367,4139,4014,2351,6831,8247,184,6459,6206,1984,6976,6466,6854,3270,7496,7241,7881,7757,7759,6994,8658,8022,3160,7258,7642,6621,8542,1118,8929,7009,3812,5994,2156,7154,5754,7292,5887
1542,1671,2823,392,3207,1679,2069,5653,3607,3608,2582,4890,2841,2205,3102,3106,6309,3237,2087,1958,937,1959,4523,2735,948,828,2751,834,2116,2248,3023,212,2645,852,1240,218,859,475,4318,355,1380,743,2920,2669,2670,241,372,3452,510,3455
2307,8965,1296,2834,3861,8471,3099,4891,6689,7203,1571,549,4906,4652,6702,1584,2354,1587,1588,4402,7989,1847,7736,2617,3131,7996,1853,6465,5703,1614,2385,850,1108,3158,6235,1629,7006,5217,4706,4449,3175,5223,3183,5234,7539,6005,1655,3964,4225,5767,1932,1167,6551,4503,6811,2971,4514,2469,6311,8106,7159,8121,2235,2236,5308,2238,7100,445,956,4545,2756,7876,6084,4040,4809,4814,977,981,2262,8663,5081,247,2011,1504,3553,2019,1770,6391,6906,7675,8188
644,4998,2825,2444,3090,2583,1050,1691,3739,3355,2844,1278,1825,289,6310,297,2862,3253,2742,9015,695,6073,2106,955,2490,1721,1466,836,3397,3783,2124,3020,845,2255,3025,3539,5845,469,473,4570,4827,7515,857,3550,5239,736,5088,4322,2659,2918,4077,1262,2671,3566,1015,1274,1022,1919
2992,5425,6711,4135,314
7689,8715,8847,6161,7573,3095,4631,3876,3371,3884,2350,4656,5810,6834,1078,4157,2493,2429,8897,325,7882,5708,6733,4304,3665,7634,4828,7905,4070,8042,4331,7660,7150,7663,3441,3702,6390,3704,7033,6909
2048,3586,398,6929,2578,5142,4506,8607,6303,7842,2856,1068,3629,1840,4148,7348,1592,8761,1595,3772,4542,832,7233,709,8902,8523,1229,1623,7771,2916,1384,6121,492,6769,6392,893
7169,8707,6021,4744,3209,8970,4241,8851,5403,6556,8479,3360,7969,5797,4777,5034,2355,3894,2999,6841,7098,1722,6335,7236,7620,8134,4167,2500,5961,4812,4813,2384,721,3415,6233,3418,8409,5980,7644,5724,1115,8543,3039,8417,6366,2787,7396,6757,7519,1759,483,5354,8559,7280,8945,2799,7283,4851,5361,3313,6263,3960
5730,5852,4875,7019,5148,496,532,1144,3708,2589
3585,8322,2433,3970,4615,8201,5642,6926,5136,7443,5398,535,5149,7837,4510,4771,2094,3892,7096,2363,8763,7229,3273,8907,8143,6098,8793,7390,4191,4323,6500,4196,6760,6633,4084,5622,6135,1146,8573,8958
5329,7719,2120,8969,543,1752
1795,1285,3081,2314,8972,5134,5648,3857,7700,5406,7713,7976,5673,2600,2604,3628,4144,4919,6201,3901,8254,3659,4429,7509,6487,8284,2397,8286,1631,8547,3939,4967,7021,3437,8049,7794,8563,2422,7034,7807,1157,3979,8332,8846,8335,6287,1170,8852,3989,6550,3479,7320,3993,4770,4258,5807,1202,1459,8373,2488,698,4795,4030,6848,7622,4556,8399,1233,5601,7393,6631,8435,6393,8442
704,6659,1028,6407,8008,1019,7050,2587,1820,732,5790,6249,3882,3759,7281,3122,4283
4992,7301,5766,2696,3212,909,6672,6289,2706,4498,2833,8213,3991,5911,1562,3998,4255,5920,7967,6174,7084,9005,6322,7475,8372,5559,8120,8633,5434,4285,5183,6208,5955,4551,6471,7113,7384,7263,7903,5346,8163,6756,8802,4198,5352,6634,7147,7020,3821,8815,7665,4984,8319
918,8647,8856,5709,8575
6081,2626,2499,4302,5562,8148,7766,4826,2269,3625,6252,7667,2554,3261,958,8703
3968,8198,8967,6920,5001,8458,2058,6284,5902,5778,8083,5401,6425,6687,3744,3615,1059,5671,6317,3630,5935,1329,4532,8245,6966,5431,5049,8257,5442,3908,4805,6217,5450,7243,6089,2508,8649,4431,4943,5458,4819,1493,4185,3678,3551,6240,5986,7141,8294,4205,4847,1011,6515,4341,6776,8827
3842,1860,3909,1065,7802
8656,7217,6930,1126,5017
8853,7430,5991,8725,3449,1660,3164
7845,7014,6376,5484,4113,1874,8823,4824,8953,4732
4416,2241,4448,2688,5365,8888,5563
4512,5905,2409,7722,5099,7835
8451,7748,7818,3916,6732,4878,8338,6867,6680,3419,7133,7134,7264,2722,3234,7779,7529,7979,7855,3953,4146,2546,6585,7358
2642,7139,4326,6796,8413
3923,2775,7753,7357,6477
5202,4253,7195,4909,7551
