0,899,3077,2438,1288,5387,8462,1040,1682,8979,8981,8342,8983,7704,3093,7715,2339,8741,1830,8360,8618,2347,7469,7344,5809,8240,6709,311,6973,8638,3647,1986,2242,5188,7623,6600,5705,1738,3277,2002,8787,6228,4565,1878,1623,7128,8798,6882,4581,8039,7017,8683,4335,8047,2543,8051,2425,8700,6142
1536,1538,4230,519,8716,8973,7183,5654,280,2074,3229,3489,7201,4003,6695,1965,7991,7865,5050,6075,2362,7415,447,1857,1346,3138,1604,7749,5575,1991,5191,1097,6216,7116,3917,1358,8271,5580,2897,1874,1490,8532,3795,5713,8667,4703,3557,2537,6507,3054,1399,8312,6267,4989
7424,5893,7686,6409,1422,7696,8722,7827,5139,7189,7958,6169,1824,8865,8099,804,6053,7334,3493,2344,1832,4521,4395,6572,2477,7598,2728,4017,2996,6325,8758,1718,6968,6591,2111,7618,8259,8773,1989,8914,7255,729,5090,7013,5612,7277,4591,4593,8180,8948,8056,5369,5244,1405
6401,6018,5892,3977,7563,5516,4748,3468,6031,3728,4368,7448,2460,1693,1566,2591,1914,6049,4767,2083,8226,2855,1833,5931,6958,1586,1850,1595,1724,2108,6207,8513,2754,5063,4425,2762,8397,2895,1495,1625,2906,8154,5854,4218,7271,1772,1518,7409,1778,8565,376,2042,1917,2559
4737,3713,5891,2436,2053,3721,3466,5129,1548,2188,7950,5137,2962,6549,7578,3227,5755,8478,7583,2208,2724,1576,2602,5548,430,1713,694,3127,7102,2885,4806,1223,5318,2644,3669,6103,3032,217,6871,1755,2654,863,5856,5857,98,4451,94,5481,6898,5363,2804,251,5886,895
1025,4869,262,4103,1543,6027,5519,1681,2065,2067,3987,6677,1435,1052,4379,4643,424,4394,8363,2218,2221,6192,951,4026,3898,1852,3005,1215,3776,2371,2118,4942,848,4945,4050,1747,2773,3413,3801,4955,477,7649,4707,869,2917,1767,2793,4843,4974,2421,5878,1142,5626,4350
6528,4741,7433,8075,2316,5901,8460,1941,1946,8603,8733,1053,7455,5280,8095,4896,8483,6045,7720,169,3117,8238,8622,5040,2733,5171,1973,8117,4791,6845,3649,6594,6979,7495,6091,1612,3792,2258,6997,2007,4440,8920,8411,5597,8926,6111,8801,5347,7910,7655,5867,8045,7406,2031,5616,7023,4338,6130,6011,8318
2820,8453,7432,6536,8,8328,524,7179,8461,8207,6673,6290,1811,6548,5779,1814,2967,3864,2457,1945,5531,2461,1952,8354,1955,6567,8231,5419,1452,1455,5301,4150,1461,3765,6842,4284,6844,8252,5566,7490,5700,3016,8402,5843,8404,6615,3935,6113,2789,6887,8813,8685,6896,8818,6004,8822,4215,8440,2683
5760,8832,5122,6280,8968,3337,6539,3214,3470,4627,6165,4886,4630,2968,8602,5246,7067,2334,4766,6047,5155,3621,42,8492,8877,6319,8242,4020,6837,4407,3511,3642,5820,3518,7999,7616,2882,4421,6727,2814,3920,5457,1234,8405,4183,5720,6744,4439,2655,6242,1506,3427,7781,4709,8549,4834,3689,1514,5744,753,3188,7924,2680,7930,4990
1408,4354,3459,3971,6151,4106,4364,3342,3727,6928,6672,6162,3472,5524,5141,4377,4381,3233,3362,8098,3109,3495,3112,5933,8880,3634,1205,3129,4027,2875,6205,3259,8904,3401,8905,4811,715,5325,8141,7371,974,3154,3923,3028,2901,5460,6231,2775,4054,1498,3290,5468,8924,7904,6244,5093,5862,5220,6759,3947,4079,7536,7925,5629
8321,4482,5635,7812,6916,8580,6152,8334,8720,6160,6163,1302,6039,6934,3226,5915,7836,2845,4253,5408,5675,8364,7470,1199,3374,8753,6200,4927,8768,7671,6852,195,6470,3143,6603,5970,4311,1501,3294,8931,4324,3433,1898,1642,3692,4589,750,7919,5995,5617,2162,1649,8311,5753,123,6524
6657,7170,6915,7555,7685,7558,7941,5256,3844,8457,4363,8204,7691,3335,4116,7956,7575,4249,4125,5405,7966,6050,6307,1701,3753,1450,6443,426,8747,51,4788,2873,7353,7354,7486,8383,8002,3141,3654,2766,8655,3280,2129,2769,7512,5336,5212,7132,619,5742,5618,5236,4469,2298,8831
4352,8708,8709,4485,5768,7818,8719,3091,8982,8214,1176,8217,3738,412,8606,8735,3616,5026,547,5922,935,2856,8743,2983,3626,4783,3248,8626,5429,1334,4153,6330,3264,8898,6341,5831,3657,4177,4563,5588,8661,8535,8791,5470,8671,8674,7397,998,8679,2796,8941,8943,5103,8564,8821,5624,8185,7933,5759
8194,8706,8711,1160,4747,4877,4878,8849,529,5142,6426,8348,3740,8223,1184,6944,8737,8736,8236,8750,7600,6833,4146,6835,7604,5313,8899,452,1610,8779,4046,6225,344,5859,4195,7528,4329,8553,7531,8556,8937,4844,5739,6640,2929,4081,6899,2806,1531,7932,7677,4607
8579,6790,6793,5518,7566,6800,8726,920,4122,1307,6558,7072,7205,5158,6951,7211,5550,4529,8243,9011,4915,9014,7220,4921,6715,8895,7743,6467,4039,6346,5837,4558,6739,4437,4181,5718,8280,8026,7646,5091,5736,7400,8809,7918,7151,2288,6901,6133,3573,4729,8956,2173
8705,7297,8449,8581,5257,5386,3853,1807,4112,1298,1683,404,6035,7446,7314,5660,8094,3103,6305,3234,3878,1320,4904,5288,3883,4264,1326,5554,3890,3193,3780,4165,8647,3916,8652,3663,2127,4689,4436,8149,2132,4824,1242,7772,3552,7398,4327,8424,2034,3698,2932,8953
5632,5505,4480,3716,3974,8587,4492,5773,8590,5009,2964,22,6809,5020,6560,2722,6178,5799,7464,6823,1961,5163,8239,6328,1977,7867,3778,1476,8775,74,1994,8783,2128,7765,5592,3325,6365,4575,3299,5482,5866,8302,5487,8688,7024,5490,3953,2934,8825,4732,5245,8575
4866,8447,5509,4229,5125,3976,6028,5393,5906,2705,4900,3365,4006,5672,3881,3242,4023,2747,4539,4285,1469,3393,5444,8004,4424,3785,4427,4303,4049,1750,2782,734,4578,2916,5350,872,3178,4588,4717,5869,4461,4208,4078,3838,5232,3700,5229,5101,4846,2941,3582,3711
6146,133,6662,4871,5513,4233,7051,8464,2194,5013,918,3477,7960,1558,7707,5918,1439,5152,4000,7074,5412,7078,4522,1836,1709,4911,5043,7349,3644,7101,7364,3656,1353,206,4946,6226,8789,6870,3285,5209,6878,3303,7657,8174,2927,3312,6514,7411,8309,8568,8189,5630
7937,2561,3464,4618,7690,2039,5655,3224,7450,3358,7712,1443,7333,4133,8617,4138,8746,6394,3501,5936,5557,4022,5943,8633,8891,4667,1980,7161,4543,4680,585,5324,5709,6220,8912,4817,3666,6738,6097,3942,2024,4457,8297,3688,1516,7917,4726,7799,8697,3578,1787,5116
8704,4740,4996,2318,5135,4113,5650,3731,7829,5275,3357,7838,5023,5921,932,3239,4392,5289,5164,6701,4654,1198,5168,4024,2745,58,2491,6717,8510,4932,6468,5707,8780,1742,5071,4561,2771,4438,5975,4312,855,3292,4957,7902,3425,8161,4965,1254,5224,7532,8817,7928
7168,3072,2946,1294,3856,788,7190,5402,5532,2973,5533,4636,5537,2978,6433,7462,810,812,3886,8124,706,2373,4678,583,3400,3913,6472,1741,5586,3284,5719,3671,5208,5207,2780,4320,5089,737,873,7404,4076,7790,4973,3314,8179,6772,4339,1657,7674,4475,1277,4606
8451,645,7942,7047,2313,6282,6411,6929,8465,5907,6421,6293,7447,8857,6298,5282,7979,6061,7213,8109,7727,6065,6450,6323,5428,6577,8760,4665,3641,4925,5950,7747,7748,6344,2121,2378,6347,5323,6732,6351,8017,6354,3411,4694,6105,7134,7518,7264,7779,2149,7142,6375,3176,7529,2539,2412,6254,6258,2675,5364,4600
2048,6531,8582,5128,8202,398,6416,2578,8212,6933,8087,6680,6295,6554,6423,3100,8607,929,6434,6181,4262,8103,6440,6057,2471,5928,6190,7855,4528,3252,3382,6585,2233,5181,2125,2254,2510,5070,7633,6867,6355,7513,858,6491,7133,7653,2279,6376,6121,492,5484,2158,5996,6384,2546,6262,2167,6392,6396,6654
6017,5761,1155,3719,1674,2827,1676,5008,3222,8088,2585,1564,1438,2338,3108,6436,7592,2603,3760,2225,2995,3383,2107,2109,2237,3010,2372,2251,3788,2123,3022,3279,593,853,6742,2647,2523,3933,2272,97,2914,740,6501,4453,871,2919,5990,2666,235,4204,3565,366,370,4595,2293,2294,2679,6134,2553,2687
8712,4499,3480,7451,4251,8092,2462,1311,5502,3491,6183,7849,940,1838,9008,689,7734,3385,8765,6079,7745,8643,5060,6857,7369,6655,7500,4299,1865,7377,5972,7767,6232,7259,8156,2525,8923,6369,3042,5731,7526,8426,1003,6893,3694,3695,6767,5107,6643,8820,5238,5493,8191,1789,6526,7807
1664,7809,6658,1411,8324,2571,5263,1686,1687,150,790,2710,6176,1831,5423,2226,6198,953,954,8126,1727,8130,5699,2629,2630,5829,8392,2377,5064,6858,1606,5453,8526,2375,2512,4688,3538,2891,1365,6741,5339,1374,8544,1376,8932,1381,2278,7527,8038,495,4592,6895,8692,4853,117,4221
3840,8834,1668,5637,1540,6279,6154,8203,3724,8077,6667,8848,5649,7832,7833,8605,3871,1061,8871,6952,7593,6184,6826,1072,8497,3378,8505,190,7487,7360,576,3904,6859,4172,7372,1484,2639,8530,7641,2265,8541,1120,8290,8291,2276,3302,8551,8940,6765,7666,8054,8824,8829
3329,5639,4359,8842,7055,4623,8977,3474,8592,8341,2454,4373,7322,6172,2206,8222,6302,2723,4516,7717,8998,6313,8362,8367,4658,3123,5046,7232,8001,7752,5449,2252,3068,3406,4947,8019,7895,7257,3421,5853,2274,7011,5356,6381,6771,6773,7032,2041,4091,380,8830,5119
640,8576,8448,643,4483,3461,5765,8710,7688,1173,1434,2331,7839,2169,4515,2467,6308,2342,6570,5420,175,4913,6194,2482,6196,2612,438,2105,5051,3004,2240,3523,8133,7239,6605,8653,7508,3162,864,2016,3836,3684,8167,635,1774,7535,6387,6137,3450,6907,8444,7423
1152,1154,2949,1542,2823,646,1798,6406,2061,6674,5270,4121,2714,2715,6681,30,8862,1317,937,4905,2219,1067,5802,814,2735,817,948,697,829,8258,5443,2757,712,2248,842,6862,591,7376,978,3798,8150,88,860,1887,612,365,2670,2669,368,7281,5621,7417
3207,392,1671,1677,1679,2069,2582,3607,3608,2841,4890,2459,2205,3102,927,3106,3237,1958,1959,2087,1829,938,4523,6309,946,2104,828,2751,834,2116,2812,3402,3023,212,852,2645,1240,472,218,859,475,4318,862,1380,743,2920,241,372,3452,510,3455
7439,5264,8591,5781,2326,8598,8472,7065,5018,2203,6811,7706,5273,4129,7203,292,2340,8872,2732,5932,6702,7599,2864,8366,8629,4534,7355,8127,3266,3146,459,7628,4428,7502,5074,5587,6100,8663,6872,7006,6750,3175,3964,1770,236,8188,6126,4720,881,5368,3834,7675,4860,5117
4225,3075,2307,6542,1167,2834,4371,7315,7699,6676,4503,6551,2328,2327,6391,3099,1571,2469,6311,8105,6578,7159,7989,3126,7736,2617,443,7996,5308,7100,8381,6465,7876,6084,4935,2761,7887,6224,5712,2262,5847,6876,1629,5087,5217,4706,3553,5223,5096,2418,6389,1655,6906,3199
6144,4739,3204,4995,8965,2567,5767,265,7053,5780,5653,8471,7577,2971,1823,6689,549,5415,2088,8106,305,2354,1588,1716,441,8121,3131,5310,1216,4545,2503,589,4814,3021,3283,5971,981,2011,247,4317,3420,6109,355,2019,5095,5607,363,367,2672,3184,4978,6005,374,5367
4356,1545,1932,5007,1296,3861,2842,4891,1565,4514,4906,1834,1584,4402,1587,1847,2235,956,1853,445,2238,8000,2236,2756,3142,5703,6726,4040,1614,2385,850,977,1108,1235,3158,3928,5081,2778,6235,1503,1504,4449,738,1377,2923,3182,3183,5234,4210,3186,7539,502,379,1918
7298,6024,7561,653,1037,526,4758,4384,1314,5668,7718,4520,553,4267,6187,7596,1967,5426,2866,8884,7097,7994,6398,8255,7492,6985,2505,3069,8183,6612,6486,5722,4060,604,3038,8803,7140,3944,2667,2284,6511,624,5873,6642,2290,7540,1653,6647,7289,3322,4861,8062
4994,8323,6149,5894,8717,3473,4754,7061,4504,3356,7198,7840,5670,5286,1447,8234,8886,6457,8634,3519,8384,1474,8770,1219,7107,6728,2889,6731,8909,1616,7122,7891,980,6614,3803,7260,6623,8927,6498,6114,7782,1643,6251,237,748,8305,6385,3828,4597,5112,6265
5249,1921,8195,7428,6533,6022,5640,3722,5132,1934,2320,5522,8343,6040,1821,8352,3619,2980,8232,4393,2474,6649,7216,5553,7858,5299,6706,1717,5811,7609,6972,830,7231,3395,2759,8519,199,3281,3673,8153,227,7784,1640,5609,6635,8569,8690,3317,5497,3196,6399
5376,2177,4738,2568,2570,267,1933,3860,5527,4124,8477,1567,1568,2082,2210,2084,3238,2223,4531,5812,2227,2809,2750,3007,6725,3269,841,844,3662,3791,846,466,1237,2646,2520,4188,1373,4572,4321,2921,6890,2922,874,4976,3187,1140,4086,4087,3577,2044,3454
3202,1923,644,2437,1796,2180,1929,1801,4873,2575,3984,7569,6675,3348,5529,1691,2972,8220,2850,1957,4134,8615,2089,2478,6447,2352,2608,3507,3253,2614,2555,2997,2619,8764,4160,2500,5956,1863,4167,4044,3533,8270,7382,3927,6359,2008,1370,4187,2140,2269,3550,2014,2528,7777,3166,2659,5864,3179,1900,8300,2674,3570,6516,4213,2043,4222
2825,2444,1936,3090,2583,1050,3355,3739,2844,289,3105,1825,3748,6310,297,1581,2862,2738,2742,9015,695,1721,2106,955,2490,1722,6073,836,3397,2758,3783,3531,2124,3020,2255,3025,3539,469,5845,473,857,7515,5239,1885,4827,4570,5088,736,4322,2787,1888,2918,3180,4077,3566,2671,1262,3185,1015,4216,3705,1274,2557,1022,1919
5890,2434,6661,8070,4999,2056,5385,5897,5879,8843,4742,4880,8724,2711,5658,7452,2848,8356,7975,2216,7081,3755,8748,6446,8751,3247,7472,4143,7092,1972,8503,8889,6713,6588,8637,4415,8767,5570,8642,3139,6597,7111,2631,3018,5454,5967,8144,5328,5841,5459,7246,2517,8917,7247,8282,3934,2399,7776,7010,8035,2535,3048,5993,3057,8946,6774,4343,6904,1529,5627,8061
7554,6019,5764,5638,6534,7177,5130,7312,3217,5880,8595,3219,6808,670,7071,5535,6821,7590,4135,3751,1705,8873,8104,6060,5677,7853,4525,2992,5425,8874,8115,7221,6965,6711,7477,4663,7738,6203,314,7993,2879,5055,6978,5582,1487,5840,1873,7124,7764,7770,6749,2911,4831,4963,6885,5221,4071,8808,6380,7916,6766,5230,1776,6768,7789,3064,7419,4092,8701,7167
5120,4610,2051,3460,902,5382,400,657,4497,2323,4117,8855,3223,5530,8986,4383,2976,8993,4257,7971,678,5287,6316,5549,8879,1840,8368,4403,5685,1719,5561,8762,1467,2877,5823,1473,4673,4163,5827,5960,8776,7626,2813,8660,5204,4182,4698,4954,4956,3419,8799,3169,3298,2145,6243,2153,1646,4718,2940,6141
5377,5121,6020,1414,7689,8841,2830,8847,786,4245,8856,2077,5022,1696,3874,5924,8868,1191,2727,8875,685,5297,1970,8885,3639,1210,6074,1596,2623,2113,325,1733,1225,5706,3530,1481,1357,8908,8906,4306,2012,1117,4700,4344,3810,1891,1893,3567,3825,2803,4212,4340,1526,8950,3832,2292,1150,5375
7939,8838,649,8715,4495,6032,7573,8854,4631,4248,3876,3371,3884,1968,3889,6834,1074,4656,5810,1078,2493,7488,8897,3011,3140,6909,7882,5708,6733,4304,3665,7634,7249,1143,4189,3808,3681,4192,8419,4070,2407,3561,8042,4331,7660,7150,7663,3439,3441,8303,5111,3702,6390,7033,8826,2045,2046,1535
1281,8963,6405,4744,6923,3340,7181,4367,6545,4243,5269,7191,5271,8599,4764,7965,4382,6431,7330,6691,7076,5159,4776,4777,6698,1324,4396,8112,6961,4661,4277,5303,5174,7226,6592,6721,5954,1093,8134,7750,5704,4812,5710,5584,81,6352,5075,4434,8024,7001,7002,7519,7906,7270,1256,8810,7659,2027,3438,2799,4851,7283,243,6260,6777,762,8316
2688,6912,4099,6021,7046,6535,6281,8076,8851,7962,7969,1058,5541,8230,3623,5797,6441,5805,7982,2355,8247,8888,1849,6841,5563,3388,2878,4416,4418,7620,5961,5322,6221,2894,4813,1744,1105,3282,1619,3540,2514,3415,8057,7644,2909,8543,7136,8288,3554,2530,7396,6757,5983,1007,8432,8945,7664,7280,7028,5365,4982,3831,4857,7931,894
7169,8707,515,4998,3209,8970,2828,4241,5403,6556,8479,3360,4902,8745,5034,7595,3418,7474,3894,2999,825,1466,7098,1084,6461,5694,6335,2110,5057,2241,7236,838,4550,5579,845,7373,5198,2384,721,3960,5716,214,6233,8409,1115,5980,5724,6366,1759,4448,2905,8417,483,4579,3039,231,7143,5354,4590,8559,3313,5361,6263,1784,1278
8224,8289,5730,5852,2716,4875,7019,5148,332,496,532,8500,1144,3708,2589
1793,5381,6278,7431,2824,7815,3208,3339,2694,5770,14,1937,1042,2965,3352,7206,4391,6568,1706,3370,556,6064,3379,1076,5047,7740,6077,6334,6848,962,2883,5957,6983,3144,1101,2893,6735,1361,4696,3035,8030,99,484,1130,7403,7662,4463,1264,6128,499,3059,3321,8959
8972,5134,8335,8846,1170,7187,8852,3989,8728,5788,3997,5406,6303,8992,1697,4770,5546,3628,4144,8373,3510,2488,4030,8254,5185,3659,6607,1233,2386,3925,2518,7509,5593,5595,8284,1631,7393,5729,3939,3045,4967,4585,3305,1391,7794,3827,8435,8563,8310,6393,5114
7552,7681,7553,6148,1797,4613,2699,779,2957,2190,8205,3857,6930,8084,4760,5017,540,6813,5664,5793,2212,8485,5673,2731,2606,3120,7217,1332,6326,4282,5693,3521,7493,2502,5447,1608,1227,5068,8399,8656,595,8934,1126,3816,3818,6124,6003,2164,2547,1271,5884
1795,1157,1285,3081,2314,3979,8332,8971,6287,5648,7700,6550,3479,7320,3993,1786,5917,3617,4258,7713,7976,2600,2604,5292,5807,1202,1459,4919,6201,698,4795,3901,7034,5065,4556,4429,6487,5850,2397,8286,5601,1250,8547,6631,3437,7021,3568,8049,2422,5366,8442
4224,4097,3331,1028,2693,3846,7175,1667,2691,4234,2184,8844,2829,3600,8593,4118,3992,4772,3369,4011,1325,3635,8627,181,3896,4537,1212,4414,1601,4674,4293,3398,8264,4170,2122,7546,2767,4691,4052,4307,2137,3545,3037,1757,3423,3936,4705,3041,2147,4708,3686,3436,3955,3448,4474,3581,3710
3456,1665,4609,6659,2692,2822,6407,8456,7050,2062,3982,3604,4500,1689,2587,1820,1436,5790,1694,1186,1827,1575,1960,3882,1964,4652,6062,3759,4653,3122,4283,3516,1854,704,8008,6729,3403,1356,4684,3667,7899,732,2524,1246,1248,1889,2660,8165,3301,6249,1513,4716,1781,3190,1019,7805
128,513,6274,6275,5633,7936,8585,8713,6153,5646,3218,6803,2451,916,8723,4115,3865,795,8987,6685,3872,7459,7973,8997,4137,2989,9006,818,8755,8883,8508,959,8640,8896,1730,4290,4292,965,8777,4298,1231,2256,8913,8915,7636,8916,8918,5335,5082,987,5594,993,8034,868,5477,8938,8555,8557,5745,630,4855,3706,8443,382,6015
258,3718,6791,1928,1163,2445,1550,5391,7437,5005,7186,5786,2080,4645,5030,8614,7080,3625,8365,2096,8369,6836,5562,3261,6081,6850,6853,8007,7367,3145,8651,4302,3536,8786,8148,725,2390,7383,3542,6617,4823,7766,7395,4836,2661,5605,6503,6119,5097,6252,4333,622,108,1136,1394,7667,8181,2038,8570,7548,637,8703
3201,2563,7300,7944,8969,3338,7947,6029,1806,7949,3216,3603,2580,2837,6166,6044,7580,2588,4127,799,5665,6818,5410,4388,3484,8486,7328,5417,7850,2351,4273,9010,1843,7090,2610,8371,5686,4410,8380,7485,1088,2626,2499,7108,7496,2000,3793,5968,8542,8800,7009,5984,6639,1905,7154,4466,8695,3065,8698,7292
7425,6273,8836,3973,2953,5002,2702,4111,4624,8466,5267,8469,7193,3609,923,3611,1561,4639,5794,802,6947,3367,7719,7082,4650,4014,3375,6324,3509,7095,6840,6206,958,6976,4287,3270,2120,8648,7114,8650,5329,8658,6994,983,1752,3160,7642,6747,4444,4826,8287,5855,3812,6122,8046,3958,7414,2554,4348,7039
5506,3843,1925,5510,2950,8584,4617,1805,3597,1554,4756,7062,5785,1818,8347,3483,6941,5147,543,2465,5539,7336,4139,6188,6831,4016,5887,2485,184,3768,4664,6459,5439,1984,6466,6854,7241,7881,7757,7759,8146,4949,8022,7258,6621,1118,8929,6372,5606,6248,5994,4074,2156,6002,4979,5750,7927,6648,5754,2431
6786,8067,8454,8071,4872,7434,8078,3088,6418,7954,7326,7591,7209,7465,7724,7854,7351,7992,7481,3001,7480,3132,5690,7871,8129,5573,6599,5959,6986,8778,8012,7885,6093,7380,8032,5344,7268,7014,6761,3306,7276,8429,3952,7793,7026,8182,3319,4605,6782
8192,8198,3592,6284,3095,6424,3097,3744,1059,8355,3111,3498,8619,2860,2858,5678,559,1329,8756,8244,569,3520,8769,8772,3911,3272,6217,7243,2508,8396,5458,3026,8659,8534,4185,3551,8678,8554,2794,3820,3050,1134,8301,5740,2286,8307,8446
7682,6669,7054,7695,2831,7693,7570,7955,8083,6931,7568,7194,6682,4508,7069,6946,6820,6963,2868,7350,7869,7622,7240,8393,7120,7378,7507,8277,7126,6998,6874,2783,6624,7265,6626,6627,8164,8041,8169,7915,2924,3051,5486,6892,7408,7673,7162
3968,8967,6920,5001,2058,8458,8330,5902,5778,5401,6425,6687,3615,6317,3630,5935,8621,4532,8245,6966,5431,5049,8257,5442,3908,4805,6089,5450,8394,8649,4431,4943,4819,1493,3678,6240,5986,7141,8294,4205,4847,6515,1011,4341,6776,8827,8060
3842,1860,3909,5583,8930,8292,1065,1323,7802
4488,8588,5392,4498,2196,2071,4376,7323,4510,6815,8096,4898,4517,6699,5166,8754,1589,3254,1463,8376,4279,4797,4670,2495,3775,4800,4803,4036,3526,2247,4042,4173,2381,7629,4560,6990,2765,7127,8792,1368,6238,6367,1122,8804,4472,4198,8806,6760,4332,8431,6131,5619,7669,888,763,5500,4223
3970,3715,4867,2309,4101,3462,4616,4733,3594,4365,4752,7703,4632,8601,535,4763,2463,1569,3245,4399,3377,8881,2867,8116,2870,8759,4669,8894,3135,2303,3524,2558,8903,4552,5702,8011,8781,1869,4815,8784,8796,8933,6633,4713,2283,5355,2541,4464,8947,7668,4852,3574,6650,4477,8958,1791
3585,2433,8322,4615,2696,3850,6286,2449,7443,4246,3991,4889,3225,5149,4893,4647,4009,4141,2094,3503,5552,3888,4145,1331,3892,3384,2744,1080,3003,3257,1341,1598,4157,8763,5825,3273,8907,3535,2135,8793,8028,4191,2273,8802,4323,6500,4459,3821,3826,4722,4084,5622,632,4473,2429,4478
4868,4357,8201,3978,5642,6283,3085,2573,7694,909,4369,6926,3475,6135,1685,7837,2078,9000,4397,2350,8752,2229,3637,4790,7096,3192,6716,2366,6724,1348,1221,4295,3528,4041,4682,2635,4685,4175,2387,4059,4828,4701,7390,4196,3172,4841,2161,4596,2550,4599,3704,4089,1147,4604,8573,1662
2178,1286,1146,4104,3593,4360,2186,5136,4114,3858,5881,4501,5398,3736,4892,6048,4641,7458,4771,8996,4903,2472,2090,2475,4524,4401,2615,3897,1338,2363,1339,3771,2364,4802,4420,4808,970,1740,6222,7801,6098,3287,8794,4058,4704,1511,4199,3564,3950,3824,3443,4724,1909,2296,4601,4602
512,8452,5647,2833,8468,8213,8470,1562,8730,8476,6179,8487,9005,8494,8496,7986,308,2359,8504,5183,8511,320,2367,68,6471,8265,8276,8278,1882,6752,1635,6756,7020,5998,8815,8306,4094,8823,7037,6014,8319,4992,2689,7301,8325,135,3212,140,7309,7565,144,6289,2706,2704,7319,8345,156,3998,4255,160,417,1950,1194,942,6322,8370,8372,434,7862,8631,8386,8388,8389,4548,4551,7113,5577,8910,465,8403,6356,4310,8668,7903,479,2532,8423,5352,7913,6634,7665,8434,8190,504,8441,7164,1017,8702
7556,6917,7307,6157,7822,6798,7441,8628,1429,5276,7197,5024,6561,4259,7075,6437,5925,7215,6191,7728,5938,6579,6068,7988,7732,7479,7864,6839,8118,8123,7483,7229,7614,6070,7872,8385,5698,6851,6984,4553,7370,5455,6992,8015,7251,5078,8152,4569,8807,7273,6379,8043,6508,7410,7282,4980,4983,6905,6522,7935
8068,6795,5643,5260,5776,8081,8085,6936,7064,6296,5913,6428,7454,7457,7846,5671,6566,7852,7340,6574,8111,7856,6445,7475,6708,7093,5305,5053,6085,6982,7497,8009,7889,7762,7379,7125,7510,7511,7769,5342,5215,7774,4961,7652,4837,7783,4968,4969,4972,8048,7031,5241,7549
8066,5644,5262,7951,7311,6291,7841,6051,7331,8101,7848,5032,8107,7468,7089,7091,7607,5432,8120,5817,5819,6464,8128,7363,5955,6340,6723,6215,7672,6730,4939,6602,6349,7758,5839,5834,7253,7894,6873,5978,6363,6490,8033,6497,7651,5473,8163,6116,6259,5877,7029,7544,5115
6785,7042,6403,7171,5380,5766,5898,7946,5775,5911,7063,6170,5920,5667,6563,6953,7978,7084,5804,6575,7473,5815,6456,7611,7288,5696,4938,8139,6604,6474,8143,7893,7130,6236,7901,4958,7391,5214,8036,7525,5476,8178,5748,7541,7542,7157,7413,5242,6139,6012,6269,7294,6911
6276,5512,6540,6161,5265,5397,7321,5628,5404,6174,7967,1660,7073,6180,7079,5545,6830,7983,7218,7602,6452,7606,6712,5434,7875,5061,6860,7117,6477,7375,7504,8790,4952,8155,6107,6877,7517,6880,7905,5346,6118,5991,5480,7016,7786,7534,8050,7796,4984,7545,6140,893,7295
3586,7430,4108,2959,8975,5011,8725,8853,7192,4506,675,7845,5543,1068,3629,7597,7343,7087,6828,4275,3763,9013,4148,2740,1592,5435,3772,8893,4542,832,7362,709,8902,7878,5448,5066,8523,1229,8911,8400,6102,1110,6620,3164,990,7266,4582,1384,2664,6637,1266,3449,5883
7296,7172,6919,6797,6670,7826,6008,6805,7834,6940,7325,5791,6562,6827,4782,5680,7346,6067,7476,5941,5559,7737,5946,7866,7868,7357,6208,6338,5062,6345,7753,5321,7754,5195,5578,6479,7123,7892,6745,5849,7897,7523,6117,7147,5868,5358,7407,7537,6646,6520,6651,2302,4991
7813,7303,7304,6665,6922,6544,6802,6292,7961,6299,7581,6942,5792,5156,5542,7338,7083,6954,7726,7471,6583,6458,5052,7489,6980,6606,7632,5715,5334,5974,7384,5466,6362,8159,7263,5474,7138,6371,5733,8166,5735,5603,4966,7274,6638,6001,8053,7286,6007,7418,7420,7293,7550
6913,5123,5253,6789,6663,7305,5899,7821,8079,7058,7059,5372,5909,8086,7831,5151,5281,7587,7589,5037,7984,7859,5947,5312,4930,5186,5830,5193,7755,5964,5581,8142,8016,6609,5330,7635,7761,6864,5848,6616,6619,4959,7648,7908,6374,5610,5098,5226,8175,7030,5495,7291,5756
2818,1284,2052,8974,1038,1300,2324,1816,8989,7210,1579,3115,4909,7467,5424,7733,4406,2102,6454,8249,6970,5437,63,1089,8771,8521,8267,1868,5202,5973,3675,3931,350,4193,2402,7272,8296,7530,6518,1911,8314,7551,8833,5507,7044,1418,4236,7052,1935,912,1427,2708,1688,5016,6043,1692,7579,1699,5284,165,7337,5295,3504,7088,4786,2748,7870,8639,3263,7619,4037,3782,6088,8401,3797,3541,8158,8422,6120,1769,5865,6636,8172,6641,7922,4598,2811,2300
8976,7709,4637,6692,4648,8761,5436,6462,7233,8515,6211,8774,8520,5965,8527,8537,8283,8539,7771,8550,360,8552,6764,6769,1403,8572,8574,7806,8064,387,7819,1940,8596,4505,8604,2977,7842,8623,7348,8379,7612,8901,8137,8415,6625,1762,6129,1521,1525
768,7040,7299,6788,4227,773,6664,6668,782,3215,5521,3346,7572,8727,791,7195,7835,8861,6559,5407,4386,8866,6948,7722,3756,7725,5293,7341,2299,4657,8882,5683,7478,8374,4922,7739,5438,2624,6720,3650,5571,8003,6213,4809,1998,6610,8151,599,5471,7521,6245,5989,2023,5478,745,4970,8805,3308,6894,7285,8694,4986,7803
5504,8962,7427,7043,5255,7816,5772,4622,7824,7952,5905,3734,6167,1944,1305,8474,5784,6046,7710,4512,4895,5031,4780,3761,8501,6584,6587,701,4413,6080,5441,7237,3910,7494,5445,8138,8525,7890,5332,5080,3165,6237,7773,6496,5216,2786,8928,8548,3174,4839,5479,8681,2409,5099,5489,3315,7412,8052,761,6903,7929,5498
1030,8714,4625,274,5395,6168,4635,294,7987,6967,7482,4926,8262,8263,7499,2642,5725,358,4710,8561,395,6796,397,7057,6034,8339,1172,408,5536,6817,1188,8887,6589,6653,4034,8645,1734,5072,471,8413,8672,7139,4326,489,5100,5102,1519,4849,4082,1524,8438,509
8197,8966,3589,5131,7948,271,273,8210,8215,6683,284,6432,34,8227,2595,37,295,807,8489,300,303,6704,8499,8502,8251,8512,8260,4936,7756,8268,3148,6481,3153,6483,8788,1630,3682,3171,4456,6250,1387,876,3696,6780,2943,8327,8839,5258,2956,8850,2199,8351,8609,8357,4271,8636,8382,7358,3013,8390,454,7883,4818,3286,8922,7386,4316,7643,222,4062,7422,6629,3814,5353,5613,244,8437,4085,8439,254
8994,8739,7207,9002,6955,8495,7731,565,6710,7223,5688,572,8516,4676,4169,5452,6736,4693,5464,2404,7269,3430,8037,7804,6270,7817,6026,6538,8338,8340,7318,6038,3487,4019,7608,7104,7366,6855,7638,3288,3548,7388,3296,1251,4067,8677,7145,490,491,7152,7923,503,4346,507
