3077,2438,4872,8979,6421,7704,8092,8605,3872,8609,5922,8360,8618,9002,8750,5554,4915,4019,6709,5688,7481,5690,8251,572,4925,3904,2759,5580,5452,2510,1358,5713,6228,4565,3548,3038,4703,6369,6882,2404,4581,8037,8039,8552,8426,6507,8683,6893,4335,3952,6767,3698,2806,2425
8327,5128,519,4492,5773,4989,5654,3229,3489,7715,6053,6695,4264,3242,7991,7865,7415,447,1346,7749,5191,6599,5705,1991,4427,3917,3277,2125,4303,7633,8271,3795,5718,7128,8667,8283,8798,7268,8677,2537,7145,8043,2539,5612,6254,5232,8180,8948,2167,8312,5245,6142
0,1536,7817,6409,8716,7183,5393,8340,7194,6682,3997,8992,7201,8994,4003,2728,7593,6955,7223,7608,5050,7102,3647,8516,4676,7366,5188,7369,4169,1097,7116,3538,1490,4693,7638,6232,3288,5464,7388,7269,3430,3557,4717,3054,7923,8437,6262,1399,6267,1789,3838,8191
7424,7682,5893,8202,3466,7696,8722,7827,5139,6549,6933,7189,280,7958,6554,8099,804,3493,7334,2471,4521,4395,6572,2477,4017,2996,6325,1718,4024,6075,8382,7618,3138,8259,1989,454,6855,6216,74,5707,855,7255,729,6491,5224,7277,4593,8056,5369,5114,5244,5886
6017,2689,5891,5892,6401,6018,7563,4748,3468,6031,3728,4368,7318,7448,8478,4767,8226,2724,5931,5548,6958,4654,3127,6968,1724,6207,8513,2754,8515,2885,4806,4678,5575,4425,465,1495,1625,8154,5857,5090,7265,4453,4218,7271,1772,7409,1778,3314,8565,1914,5755,2559
4737,3713,2436,2053,3721,3977,5129,5516,2188,7950,5137,2962,3227,7583,4643,2602,2603,8363,430,1713,694,4026,5318,1223,2687,4050,2644,3669,8277,6103,2647,217,3032,6871,2523,2654,5854,5856,7649,863,4451,2914,98,94,4204,6898,4595,5363,2804,251,1277,895
4869,262,3719,1543,4103,6027,5519,1681,2065,2067,3987,6677,1435,4379,2973,1438,424,4394,2221,6192,2995,951,3898,1852,3005,1215,3776,3010,583,3788,4942,4945,1747,3413,2773,3801,4955,477,97,4707,869,2917,1767,6501,2793,4843,4974,2421,5878,1142,5626,4350
6528,6790,8075,8460,8461,5901,1941,8603,8733,8095,5280,5537,7072,8483,1061,7462,7206,7849,3117,8238,2606,8622,2733,1973,8117,4791,2359,6330,4284,7740,6973,962,6979,7623,6472,3913,1608,1361,6997,2007,4440,1882,7259,8411,8185,8926,5347,4067,2789,7910,7655,7397,7017,7933,8045,1391,5616,2031,6130,8179,3059,5624,3321,7674,6011,8061,7806
2820,8453,7432,6536,8,2316,2957,524,8207,6673,1811,6548,2965,1814,2967,5779,2457,3864,5531,5532,2461,5533,4508,1952,2208,8354,1955,8231,2731,1452,5419,3886,1455,5168,5301,4150,3765,1461,6842,8124,6844,8252,5566,7490,3016,7190,8402,5843,8404,3671,6615,5719,3935,6887,7404,8813,8685,7790,6896,8818,4475,6004,6772,8822,4215,2683
7552,1797,6278,7431,7815,7433,3208,5385,14,1937,7187,3352,6808,4504,1053,7455,7713,2212,8356,7720,169,6568,1706,5546,5040,6064,5171,1076,5299,7994,5820,6077,6848,3649,6594,7289,8642,6597,6607,3792,6735,2258,4182,7770,5595,8030,6111,8801,484,5993,3818,5867,7403,7021,7662,7916,4463,6128,4338,3828,1271,7673,4346
7681,7553,1793,6148,4613,4741,8328,7179,2699,779,2190,8205,6290,6930,8084,4760,5017,540,6813,5664,5793,8485,6567,5292,3120,7217,1332,6326,4282,6845,5693,3521,5700,7493,2502,5447,6983,5065,5957,6091,1227,5068,1101,7495,8656,595,3925,5593,5597,6113,5729,8934,1126,3816,4585,6124,7406,8049,6003,2164,8440,5884
8071,1160,6024,4488,6539,526,2959,5392,4752,7441,5011,7323,8476,5276,7326,5024,8096,3621,2858,7596,6574,7087,6191,1967,6650,1589,2870,7738,1596,5053,6085,6984,7497,5066,4042,7117,7629,7889,5204,7510,7511,8791,5078,4569,3164,6238,7391,1635,998,7783,2535,4713,3567,8434,6642,7541,7542,3449,7162,3069
8194,7042,5512,7946,6283,4877,7566,4112,8849,6162,8468,6426,5404,8348,6944,5550,9006,7600,4529,6833,8243,7220,6835,7607,1080,6715,7611,452,6215,1610,4938,8779,6225,4181,7894,2135,344,6873,6490,6236,7772,4958,5346,6118,7528,4329,8553,7531,8556,7536,2929,6640,1531,6012
8705,8449,7297,3593,7314,6035,7703,8856,6809,7834,6305,8355,7205,5158,5163,3883,3890,7218,1970,5557,2229,7606,6712,8891,2364,8895,1476,1348,3780,8647,8389,4682,6346,2635,7375,3281,6739,2132,7765,8149,4437,8280,6745,8028,7398,4327,8424,8809,5480,7537,4729,6899,6901,8825
8585,8713,2830,5265,8723,532,5397,1683,7446,795,4383,7073,6520,4647,1961,4138,6830,1072,8755,8115,308,4790,5815,7476,6074,7868,8640,6978,4939,5195,2127,7249,7251,7253,1368,4952,7517,7295,4961,7273,8555,8557,496,4464,8178,6643,4596,8050,6133,1144,7545,4604,382,7167
5632,5505,8447,133,8575,7304,4618,5009,3477,1558,8470,22,8987,5918,3358,6560,5152,7074,3365,6823,2472,7464,1836,8239,5936,7349,2173,1977,7867,3644,1469,4802,3778,7754,206,4946,6226,6362,4058,6365,4704,6244,7274,5482,8174,8302,8688,7024,4724,8309,2934,6646,8189,3711
4354,7939,4871,5513,4233,5132,8079,2320,6802,3858,8854,7960,3356,4892,5792,1314,3619,7078,8619,8875,1709,4911,7346,6067,3254,3129,4803,8004,5062,3401,2889,4553,1353,4173,2128,2387,7892,6870,5975,3035,6878,8159,8568,5093,5862,1640,1643,3824,6514,7411,4852,5112,7420,5630
1408,6913,6146,3464,8330,5116,3342,8464,6928,7059,5013,918,5655,7831,4381,1439,7712,1443,5412,4133,6394,4522,7471,5943,4667,7101,8510,4543,7364,4680,970,1742,8912,4817,6738,3666,7635,8403,6097,8789,6616,5209,2901,6864,3688,4457,8297,2927,4726,7799,7161,3578,5372,5495
7937,2561,7690,5899,7051,7821,2831,3731,7829,3224,2968,7450,3357,7838,7587,7333,3109,7589,5289,6701,3501,2868,2615,2745,58,3771,1980,6717,6468,3656,8393,8394,1740,1741,5324,5071,5709,2771,3292,7902,2783,7648,3425,8161,3942,2024,7657,1516,7917,7532,3312,2039,7928,1787
8321,6916,8580,6152,8334,8974,912,5905,782,6163,8720,6934,6039,8727,1816,3226,6043,5915,2845,7836,4253,165,7210,8364,7470,1199,3374,8753,4406,8374,6200,6524,6970,2102,2748,4927,8768,8639,7671,6852,4037,195,3143,6603,8525,5970,4311,1501,3294,5471,8931,4324,8296,745,1898,5099,2409,3692,1642,7919,5995,5617,1649,3955,8694,8311,3448,8314,123,2300
7170,6915,7299,7555,7558,7685,5256,7941,3844,4363,8204,7691,8457,3335,4116,7956,1302,7575,4482,4249,8474,4125,5405,7966,6050,6307,5284,1701,1699,1575,6443,8747,51,4788,8501,2873,7353,8249,7354,5437,7486,63,8383,8002,3141,3654,6470,2766,8655,3280,2129,2769,3797,7512,5336,3545,5212,7132,8548,8422,8681,619,5618,7922,5236,4469,1911,5753,2298,8831
1540,6922,7955,4889,8223,1569,8741,8487,7726,8494,565,8502,8758,3384,5432,8765,576,68,6730,8787,8276,6497,8306,8563,8053,8821,7544,7293,8319,8066,8325,3225,1434,2206,7841,6051,8871,7848,8617,2222,3503,5552,8123,5052,7363,8396,6606,8702
3586,7047,5768,5897,5770,6282,6293,8342,4505,5658,6298,3740,5660,4637,3487,5026,3626,940,8109,8623,7727,6577,6450,6579,5429,6070,8761,8505,5181,5950,6341,5831,7111,6093,8527,6351,6354,6356,4694,4696,8541,5470,4575,5344,8550,6375,4844,3695,5364,8569,4861,6398
6019,6917,6534,7942,5257,3722,6411,6929,8087,4506,5788,6045,6303,6434,7075,4904,5288,4648,7469,7213,6190,4528,6065,8495,5436,7747,5060,6654,6344,6347,5323,5837,4558,4689,6105,8537,7518,5091,7653,6121,3694,3696,6258,5107,5238,8439,6393,7932,5502,4607
8574,6531,5381,5386,7818,5387,4878,5648,5906,6418,6295,6680,6169,5917,5023,4900,6183,5672,6057,7979,6828,6061,7597,7855,8499,6711,4539,6462,7748,5444,5573,3916,6732,4556,7378,6867,8532,6355,5850,7134,7264,7779,7529,4591,5490,5366,6392,4605,6526,5759
4866,8324,4740,4996,5509,271,4499,8596,3480,8088,5402,4251,5275,2462,6181,4392,6440,5164,689,3385,6585,2747,6079,6211,4424,8017,5586,5972,5207,5208,6487,7513,5592,2525,7133,222,3042,4578,8164,4965,5350,4973,5869,5101,4846,5487,8692,6134,4600,4606
1664,7809,1411,2571,5263,1686,1687,150,2710,6176,6049,1831,5423,2226,6198,953,954,8126,1727,8130,5699,2629,2630,5829,8392,2377,5064,6858,2375,5453,8526,8265,2512,4688,1365,6741,7126,5339,1374,8544,5089,1381,2278,7527,495,4592,6895,4853,117,4221
4616,6665,8719,4117,4632,5678,8242,7732,8244,3639,6456,8508,4163,6982,5706,332,1117,4192,8033,8289,7523,6020,902,4497,156,2716,5022,160,6575,5297,8370,6588,8141,8915,7652,8423,2286,8431,3825,5111,3832,6141
3840,1668,5637,6154,8203,3724,8077,8592,8848,3474,5649,1940,2711,8857,2589,6302,8222,7071,2977,3871,8224,7975,6184,6313,6826,8104,3378,6713,7487,7232,1219,5449,2252,4172,7246,6736,8913,8917,8918,7641,2274,8290,6885,3302,8169,5356,6765,8940,6380,6768,6129,6771,6773,8054,5493,6904,4091,3068,8829,8830,5119
8448,3329,4483,5765,8710,5639,7688,8842,4623,7055,8977,1173,2454,4373,2331,6137,2041,7839,6308,7717,2342,4516,8998,6570,175,8367,4913,2482,3123,6196,2612,2809,5046,5051,3004,6907,8133,7239,7752,8653,3406,8019,4947,7895,2265,3162,3421,864,2016,7011,3684,8167,6381,1774,6387,7032,2169,3450,635,8444
640,8576,8834,643,7554,6661,8070,4359,3461,8843,8976,1682,5907,8724,8341,7322,7452,6172,7709,4515,2467,6952,7081,8874,5420,8751,4658,6194,8500,1972,438,7993,8889,2105,190,2240,8001,3523,8901,3018,1484,6605,5582,2639,1873,5841,7508,2517,6749,5853,1120,8035,2276,8551,3048,7535,4343,1529,3836,7423
1152,3456,8962,8833,1284,768,773,2823,1418,1038,4371,1300,5653,1305,1436,8861,8862,8989,1186,8866,4772,1317,1067,4652,2219,814,1325,1323,817,3635,4534,443,829,701,1216,1089,1601,8771,712,2248,842,2122,4684,591,599,88,860,1246,8928,2147,612,3301,8805,3175,1769,236,2669,2670,367,368,750,374,761,7546,1019
1665,1028,1542,3207,392,1545,1671,1679,2069,2582,3607,3608,2841,4890,2205,3102,927,3106,3237,1958,1959,2087,6309,938,4523,1964,937,2735,946,948,441,828,2751,834,2116,1356,589,3023,978,1235,212,852,2645,1240,472,218,475,859,4317,4318,862,1248,355,1380,743,2920,363,365,241,372,502,379,3452,510,3455
387,8712,7565,398,5647,400,273,8717,7309,2704,3222,7447,7319,8730,929,6179,295,1194,942,434,7986,6014,3382,7862,7351,8631,2367,320,7104,4548,3657,5577,8137,7164,8910,8660,4310,858,6752,2532,360,7913,491,7276,5998,3700,8700,8190,8572,507,380,7037,6782
1025,1155,1674,2827,1676,1548,5008,2585,1564,1052,1950,2338,2083,6436,3108,2978,7592,1576,2218,300,303,3760,2225,3383,2107,2109,2237,706,2371,2372,2118,2251,3022,3279,848,593,853,3933,503,740,2919,871,5481,2666,235,490,3565,366,370,244,2679,376
4225,1154,4227,2307,2949,6406,1167,6674,5270,6681,2714,2715,3099,5407,4386,1571,2469,1065,5802,3756,2864,3761,8882,4657,5683,7736,2617,6906,7739,5308,7100,6720,6465,8003,6084,5443,8521,4428,1998,5583,7376,8401,2385,6862,8150,3798,2262,8663,7006,5217,8930,4706,8292,5989,3553,2023,8188,5621,7159,7802,7675,3964
8965,5767,1655,1932,1296,2834,3861,8471,4503,6551,4891,2971,6391,30,6689,4514,549,4906,8106,1584,2354,4402,1587,1588,7989,1847,8121,2235,956,1853,445,2238,2236,3131,4545,7996,2756,7876,5703,4040,1614,4814,6224,977,850,1108,981,3158,5081,6235,2011,1629,1504,4449,2019,5223,3183,5234,7539,6005,247
5376,8195,7428,5894,5640,2570,267,8477,1821,1568,2084,8232,4393,8234,5426,8503,317,8255,3395,8519,841,844,3577,3662,846,3673,4188,1373,7782,2921,874,6251,2922,8301,4976,8305,3187,1140,3454,8323,6533,6022,8343,6040,7840,8352,2210,3238,1447,2474,4531,5812,7609,2750,3007,3519,8384,3269,199,8909,3791,466,7891,1237,2520,8153,3803,4572,4321,227,6890,6635,748,237,8690,4086,4087,6649,2044,6399
1921,899,8452,2313,1933,8847,916,8981,3093,3095,5913,7197,1311,1184,1830,935,1320,8489,3884,7854,4783,4656,5810,818,1717,1130,7488,8898,325,8776,8905,1738,2891,4299,2378,2505,1865,1616,2002,1878,987,2012,8932,8933,4070,8679,2149,7786,7915,492,8941,7150,8303,7023,5486,8943,7666,1003,2543,8051
2048,1538,7172,1285,8971,1147,8973,1934,8715,1040,144,6161,790,8983,1307,6942,1567,8865,3876,3371,4524,2350,2223,2227,3637,1078,2488,2233,2493,2429,2111,1857,8897,2121,7882,715,5708,6909,6733,6479,4304,4828,734,1376,7905,1250,2279,8041,8042,2412,3950,1909,6390,3704,7033,1786,1403,1405
2694,7689,1294,1422,788,7573,920,5020,1693,1566,2077,1824,2722,2082,932,6820,8103,1832,1833,810,812,1965,1198,5809,1586,6323,6834,1850,2108,8899,3140,1604,2123,5070,2254,3665,7634,8914,737,8419,6374,872,873,4331,7660,1518,7663,1776,3441,2546,2158,1525,2294,3702,1017,2042,1917,1535
2816,6657,4864,3651,5508,8132,8267,8407,8279,3675,668,4445,3753,426,9004,8749,5742,3632,4219
6923,3340,5005,7181,4625,6034,7057,7569,5269,5786,4635,6817,8615,4776,6698,2352,2096,8112,6836,2997,5174,5303,6967,8887,7482,2619,6589,4160,6653,6592,7750,8263,1734,7499,4044,3533,5710,5072,2514,1619,725,8024,5725,3166,2528,2530,1256,8810,2027,1900,8300,3179,5102,7664,8432,1394,3570,8438,6777,637,4222
7425,3973,1030,6791,1928,3338,1163,7437,2702,6545,5395,2580,5271,7962,3484,6044,6431,7328,5794,4645,5030,7080,5417,7850,8365,2608,5686,6850,8007,7496,3145,7367,5968,3536,8786,2390,6617,5984,7395,5605,6119,6503,5097,108,4333,622,1007,1136,8181,3958,3065
3201,3202,1923,1796,6405,2563,4873,8714,7947,6029,1806,3348,7191,8599,1561,4764,4127,5665,6818,5410,4388,1957,1058,2850,8486,6961,7090,3507,2610,1843,8371,8764,1088,6721,7108,5704,8270,3282,5075,6359,2008,6747,8542,7009,5864,6639,7154,4466,6260,8695,7292
1281,8963,8836,6021,3718,7944,1801,2445,4367,4624,3216,2837,3609,5536,7330,6947,4134,5159,7719,4650,1324,7982,2351,3375,4273,2614,7095,3388,4287,6081,5956,1093,3270,4167,5322,4812,6221,2000,81,5584,4823,3160,983,1370,2140,4836,3438,8945,2674,7548,7039
4099,7046,4744,8969,6281,8851,408,7965,7969,6691,5797,294,3623,6441,4777,5805,2355,4661,1849,1084,2878,4418,7620,8645,8134,2500,2894,1744,1105,3540,3415,7644,8413,3550,3039,8672,8417,3554,7136,7396,7519,5100,2799,8561,4082,4851,7028,5365,4982,4213,4857
6912,7300,397,1550,5391,2575,3984,7949,8339,6166,1691,7580,8220,4382,799,6310,2089,2478,6447,8369,9010,3253,3894,4410,7098,8380,6461,5694,5057,5954,8651,3793,4434,214,3418,4827,7002,1759,4579,7139,2661,7270,6757,6252,8570,1905,6516,2038,8698,8316,509
2688,8707,395,8076,6796,2828,4243,1172,5403,6556,8479,1825,7076,4902,8614,7595,4396,1581,2862,695,8888,7226,5563,3261,2110,6335,838,5961,3531,4813,7373,6352,721,2642,3539,5716,3927,8409,2905,1115,5724,1885,4570,8288,489,5354,3185,3831,1784,2557,1022
6273,3843,5002,3597,4111,1554,5267,8466,8469,7193,3611,4639,2465,802,3367,7336,7082,4014,6831,6324,8247,6840,6206,5439,6976,4416,8262,2120,7881,8650,8648,7757,5329,8658,6994,4949,8022,1752,7258,7642,4444,6621,2909,8287,5855,6372,3812,8046,6002,4979,5887
258,2180,2437,6535,8970,274,5529,2972,2588,3748,5541,2043,3625,8745,7474,4277,3509,825,5562,7485,2499,1863,5198,4302,8148,7382,471,3542,7001,8057,4187,7766,2269,7383,5983,1888,7777,7906,2659,358,7143,3180,4590,7667,243,3960,3705,762,2555,894,8703
5506,515,1925,2950,5510,8584,4617,2953,1805,4756,7062,5785,1818,923,5147,6941,8347,543,3483,5539,8230,4139,6188,4016,2485,4664,184,3768,6459,1984,6466,6854,7241,7114,7759,8146,8800,8929,5606,6248,5994,4074,2156,6122,5750,7927,6648,7414,5754,4348,2431
7169,4998,3209,2444,1936,6675,2583,1050,2844,3360,289,3105,297,5034,2554,2738,2742,6073,1722,2106,6841,1466,958,2241,2626,4550,2124,3020,3025,5845,6233,857,4826,5980,6366,1118,5088,4448,4322,736,4326,1262,8559,7280,5361,2671,7283,5239,4216,1274,1919
644,1929,2825,4241,7186,3090,3603,6168,3355,3739,2080,1188,7987,2999,9015,1721,2490,955,4926,4034,7236,6853,2758,3397,3783,836,5579,845,2255,2384,469,473,7515,2014,8543,483,2787,4710,231,2918,7659,4077,3566,1519,4849,3313,1015,1524,6263,7931,1278
512,5761,2946,6658,645,8118,7693,2318,1807,3472,8465,1298,6416,7312,7568,8078,6423,3738,7451,7578,3103,4384,5282,6946,1326,7728,3379,5428,7221,1334,6710,8760,4665,7350,2491,7480,4797,7992,7871,7872,3393,3193,7362,2373,4165,6986,8012,6990,7120,7507,1750,1242,8539,8668,1755,3552,6624,6626,8032,2667,7789,1264,1521,2034,2675,6384,3317,7026,7731,504,1657,7793,8182,6396,254
8454,8841,5644,6157,2449,8081,6165,5527,8855,2071,8986,678,7465,685,8880,8883,5685,1463,2744,5817,7479,5435,8762,4669,8896,1473,8386,5698,7370,3663,6992,7762,8534,8152,4698,8799,4834,3682,1506,8806,5991,1514,2284,1646,8047,5873,6131,4983,888,7801,6522,5115
7298,7561,3850,6286,5522,6292,7061,535,5670,5286,5543,6187,6706,5811,3634,1331,6457,569,7097,5819,1341,8894,7231,6464,7492,5702,8903,6728,6985,7672,7372,1231,8143,8183,5715,7379,6486,6620,8796,6114,7140,5609,5610,6511,7540,7669,1653,6647,7288,8062
1286,7303,5898,140,909,7951,6544,4501,7063,7961,8345,7707,7458,5156,8996,9000,6953,8107,7983,7984,7089,7091,1339,6716,8128,965,1221,5964,4685,7758,4815,8016,7632,5334,5466,5474,4599,7651,7138,8166,7534,7407,5877,6007,632,8441,8956,2045,7550,4991
5120,3460,5382,6279,5643,6667,1429,4630,3223,8606,2976,4257,547,7971,6821,7590,5287,6699,6316,6446,7472,8754,8884,7477,6965,6839,7864,5561,5823,1730,5960,8015,7419,7247,7124,7764,6744,8792,4954,604,8156,8671,7776,3169,8034,8291,1122,7010,6367,2153,4718,5744,624,7924,6774,6905,7930,763,1791
5760,5377,5121,4610,8068,7177,3594,5775,4114,4376,5500,6296,8217,6428,412,4766,6815,6424,5530,5667,8868,4517,6566,6445,8881,4403,8886,8759,7737,4673,1474,3526,6860,8784,4560,7125,8278,7127,6742,1498,7130,4956,8924,5215,8927,4837,8938,6379,6766,753,4340,7029,5748,5881,6140,4733,5375
6785,4867,4868,8197,1414,5262,657,786,529,8214,4631,8215,1150,2078,5920,8227,6563,1191,5545,1662,5804,8236,5166,559,8497,6452,8756,5305,1598,6340,3524,1606,8904,6474,8781,1869,6349,6481,6107,6363,4701,6880,3810,6116,4968,4969,7016,4972,5868,7157,1143,8824,5242,6139,5628,6269,4478
7296,7813,8838,6663,6662,7305,5253,6028,3085,7058,1685,5909,6178,8997,5542,4903,2090,2475,6827,8746,1968,3888,4145,5043,8752,6583,5946,2366,5186,4930,6980,8388,6338,6724,5321,7755,5325,6222,7504,5330,3028,8916,5848,5849,8794,6371,5603,5735,4456,4841,5226,8554,5866,3439,6001,1526,5756
7686,6919,6151,8711,4495,6032,8086,7064,4248,4763,8736,4641,6562,5281,5924,6954,7853,5037,3889,8504,6458,1338,5947,6591,5312,959,6851,4808,6857,3530,5193,7500,585,8142,5581,6220,7377,7767,4959,3808,7904,868,7908,7526,1511,5098,5740,7807,8175,8817,4722,2803,4212,8564,7925,4344,6655
8192,2051,3337,7822,7833,5148,5925,42,2604,2989,1719,1467,7483,7614,4800,5959,4552,2765,2814,8920,7257,5852,5730,2664,7019,2290,8947,2680,5246
7936,128,5879,4246,7454,2463,1696,5671,556,8885,2495,3775,2882,6723,1733,2247,5834,8908,2381,2386,2655,5473,8678,2541,2547,4980,7031,4472,4477
2177,2178,2309,8198,4615,2058,3978,6284,2573,6540,7311,2194,2451,6008,4245,6805,2196,5791,3744,3362,1059,3874,8101,8621,1329,2867,6966,1210,2623,6345,1481,7243,2508,8906,5578,6217,1225,4306,5458,8535,4185,5468,6877,7774,3551,1891,5476,2407,2924,2288,2161,6259,2550,8950,2296,8443,2046
3968,8967,6920,649,8458,5001,6797,5902,6670,5778,8083,6425,5401,6940,7581,6687,3615,6317,3630,5935,4532,8245,5431,6651,5049,8257,5442,7489,3908,4805,6089,5450,8649,4431,4943,4819,1493,5974,4189,3678,6240,3681,5986,5733,8294,4966,7141,3561,4205,4847,6515,1011,4341,6776,8826,8827,8060
7430,1037,8975,8212,7192,6692,1068,9013,5941,1592,1595,2113,7233,5448,8523,1357,8530,4436,8790,1110,1623,7771,7266,1893,8807,1384,6764,6769,1660,8064,8582,7819,653,8590,7832,8607,7842,675,2723,4782,7343,8879,4275,8628,7348,7612,8893,7360,7878,8902,6859,1229,8911,8400,7123,6102,7897,990,1762,4582,6637,1266,5883,2302
3589,8839,5258,5131,7948,8972,8846,1170,3989,2199,6683,6432,1697,4770,2595,807,5673,3628,4271,6704,7092,7358,8254,8512,4936,6600,7883,3148,4818,6483,8788,3286,6998,7386,8922,7643,4316,4062,99,3171,6629,5353,6250,876,5613,8435,4085,8310,6780,7422
1795,1157,3081,2314,3979,8332,5134,6287,8335,7700,8852,6550,3479,7320,3993,8728,5406,4258,7976,2600,5807,1202,1459,8373,4919,6201,698,4795,3901,7034,4030,7622,3659,4429,8399,1233,7509,8284,2397,8286,1631,5601,7393,8547,6631,4967,3437,7794,2422,8442
5633,8201,5642,6153,5646,5136,4115,8725,5149,5151,6180,4137,2094,1074,8763,8774,8793,8804,6760,630,3706,1146,8322,6789,2186,3218,8853,7837,4771,2727,8376,8385,4290,4292,709,5830,3273,4298,8907,2256,5335,7390,3296,3298,4323,2283,4855,8958,2303,6926,7443,5398,3865,8993,4397,3892,2363,830,832,6500,5477,893,8573,2433,3970,8601,4510,6048,7096,6098,5082,6619,5594,993,6117,6633,5622,6135,5629
8832,7168,135,8968,2824,6793,6795,8588,3339,3853,5518,6800,8210,3475,1042,1945,1946,2460,6558,4896,6433,4898,5155,2855,6951,2347,7211,8877,7988,1205,9014,3510,6328,4921,6837,6334,7999,7616,1986,7875,2242,6467,4039,5063,6727,2762,1612,4175,2895,1234,8661,2518,5342,7646,7677,3582,7142,5736,3305,7400,7918,7151,499,3827,5619,3574,4473,2941,8446,8959
4224,4097,6788,7044,3846,6407,6664,2184,6668,3215,3600,5521,3346,8591,7572,2708,8598,791,8472,7195,7835,5408,6948,5415,8872,4905,7722,5675,7725,5293,7341,2299,8366,7478,4922,5438,3263,2624,3650,5571,4674,6213,7494,4809,459,5973,350,7521,4193,6245,5478,3686,4970,6636,4589,3308,7285,6518,4986,7803,7551
6144,3331,7427,7812,2822,646,7816,265,7043,4234,8844,2829,7952,8593,7315,4500,5784,7065,4895,6559,4512,292,1960,4011,4780,305,8627,8629,697,1212,8381,4413,704,5441,8258,6080,4293,7237,3398,5445,6100,4052,5080,2137,732,3037,7773,3423,1889,3041,4705,2786,5479,3433,6894,5489,2162,3315,7929,3581,3710
5504,7040,2818,5635,2052,5255,5772,4622,7824,1427,3734,6167,1944,7579,6046,7710,5031,7337,1450,7467,4909,5295,3504,7088,4786,7733,6584,4537,6587,7870,4414,7619,3910,6088,8138,1868,2767,5202,7890,5332,3541,8151,3165,8158,6237,5216,6496,738,2402,2660,3174,4839,7272,5865,6120,8172,4716,7412,8052,6903,5498
4992,6403,5766,2696,7434,3212,3088,2833,2706,6291,6289,4498,8982,3091,3998,2334,3616,7331,2339,2983,3112,2856,7084,7724,3248,6322,7602,8372,7475,7734,8120,8511,3520,3264,7745,8643,8773,3144,7113,974,2775,2906,7903,479,8802,8163,1251,4198,5352,3944,7020,3821,8429,2796,8307,3319,3322,2558
7301,8587,6672,2705,2578,2964,8213,4758,3991,5911,1562,6174,7967,5668,7718,7209,9005,1840,7344,8496,3252,5559,8633,2362,5434,7357,5183,6208,2883,6725,4551,7240,7753,1994,6471,8780,7885,6477,3923,6612,7380,7384,7263,6625,8803,8038,3176,3306,7147,6634,5358,8815,7665,2932,4597,4984
3072,5249,4738,4994,8067,2568,6669,7054,3473,4754,6931,3860,2074,4124,7069,3100,7198,7591,4520,3239,2553,7598,7215,7216,5553,7858,2866,2740,6972,4285,8129,7107,6731,8783,2897,7122,980,3284,2646,6614,3290,5722,7260,2780,4060,6623,2272,2782,6498,2916,7784,3178,7408,6385,2293,5497
4609,1667,2692,2691,1798,7175,4236,7439,5264,6160,3604,5781,4118,3992,5273,7706,1692,4129,2340,3369,2732,5932,181,3896,7355,1854,8127,3266,8008,8264,4170,3403,7628,3146,7502,6610,5587,4307,1757,6750,3936,4708,4474,6641,7281,881,3834,4860
3842,3075,2693,8456,7050,3982,6542,7699,6676,2327,5018,2203,6811,5790,7203,6311,8105,3115,6062,7599,6702,6578,3126,1860,3909,2761,6729,7887,5712,5074,3667,4691,5847,6872,2524,5087,8165,5096,6249,3436,6126,4720,6389,3190,5368
6659,7052,5117,2326,2587,1820,3882,1579,4653,3759,5424,3122,4283,4935,7899,6876,1513,1770,2418,1781,7417,7805,3199
4995,7053,2062,5780,2328,1689,7577,1823,1827,1716,3516,5310,2757,2503,3021,5971,3931,6109,1887,5607,3184,4598
5507,4356,3204,4739,2567,1677,2061,1935,5007,2324,1688,4121,2842,2459,5016,1565,1694,1829,2088,1834,6454,2104,8000,3782,3142,6726,3402,3283,3928,2778,3420,1503,1377,5095,7530,2923,3182,2672,4210,3186,4978,5367,2811,2812,1918
5125,8966,4485,6538,4747,2956,6026,3857,5650,7954,8850,6038,5142,284,2591,3491,2980,8357,4262,7207,8362,3370,8492,4267,4146,3763,4148,5047,4153,3641,6270,8636,3132,4542,5313,5185,8260,4932,3013,5965,4177,4563,5588,8405,3419,1630,7804,4195,5731,8549,3939,8937,6761,5739,4076,4588,1387,5103,7152,4081,8953,3196,4094
4480,8451,3716,4229,4230,3974,1288,4108,5135,3856,4113,8338,4122,8602,4636,8604,8351,5921,3617,4259,3234,7845,4006,4391,5799,3878,5928,3629,8368,4144,3772,8390,3400,8520,3785,8268,8397,4049,1874,3411,4312,4824,4957,4320,3299,5990,1254,6376,7014,5996,4461,5229,4078,4208,3568,3953,4339,5484,8823,4732,3325,8318,2943
5890,4742,4999,2056,8462,7695,4880,7570,2323,2848,34,8739,37,2344,1705,3881,2216,3755,5549,1838,4143,3247,8748,6963,9011,4023,7869,8637,4415,8767,5827,3139,8775,2631,5454,5967,3153,5459,8282,8923,6874,3934,2399,2145,6627,5859,7013,6243,3057,8946,5627
2434,5764,5638,5130,3217,8595,3219,670,5535,4135,3751,8873,6060,5677,4525,8240,5425,9008,2992,3377,311,3064,4663,314,6203,8379,2877,8638,2879,5055,5570,2940,2813,1487,5840,5328,4700,2911,8415,4831,4963,5221,4071,8808,5230,2292,8820,5880,4092,8701
513,5122,6786,7556,8709,3592,4360,4875,6798,3470,8085,1176,4377,7067,8735,6047,7457,417,6561,6437,8743,553,6319,5938,4020,7093,4407,3511,3001,8634,4279,7229,4670,8777,7626,8778,2893,5839,5455,5457,8144,4183,4439,3427,4709,3045,6892,6508,8048,7282,7935,6265,3708,4223
4352,6274,3459,8706,4101,3462,3971,6280,6149,8708,5260,5776,6803,4886,6936,7846,3495,5032,7852,3245,7340,8111,7856,4141,8626,3257,3642,2875,3135,8769,8770,4036,8772,8009,8011,4046,3920,7769,6242,8674,7781,5355,4332,3826,7410,7668,3188,8697,7549,4990,6015
6275,7171,3715,5380,7307,4364,4365,4627,404,3097,6170,4255,8737,8098,7459,7973,3498,2860,7468,4399,7473,7604,8116,3259,4027,6205,3518,5696,5825,5955,4421,3272,6602,7371,6604,7636,5720,5978,7901,5214,5220,7525,6759,3689,3050,4459,3820,4084,7413,7294,6911
3585,8579,6276,8581,4357,4106,3214,7694,4369,7826,8726,7321,4893,8094,4009,7978,5933,5680,6068,7866,3003,4157,7743,3011,5061,3911,3528,4041,4295,8139,8652,3535,7761,8659,5460,7893,4054,8026,8155,4089,4191,2273,6756,8036,3814,3947,1134,7796,3573,7030,5241
8704,5123,4104,3976,3727,5524,5141,3736,6299,6685,7325,4000,3233,7079,3111,7338,7083,4401,7859,6708,4022,3897,4420,4811,7756,4561,6609,3154,3026,3285,4438,6231,3287,4059,3172,4196,3303,4199,2794,3051,3564,6638,4079,5745,4602,3443,7286,3192,4601,7418,7291
