1762,5922,6243,6026,332,5646,2258,2716
2242,6767,4880,6064,3093
2733,2704,6577,3379,3038
993,6270,3322,3548,6334
3872,1986,1326,5690,7422
2284,2543,7480,3865,7646
1830,2989,4758,4439,3069
2153,8778,6319,4921,4670
1251,6375,7434,6986,6450
4800,1540,6667,4060,1311
5155,8806,4267,5276,604
8994,5668,4872,3695,4019
8516,1003,5426,6298,2906
3139,3302,6184,5549,6904
3657,1194,4310,3193,3706
5125,7047,6282,7026,6293
748,3059,7924,8051,4861
6369,7747,2378,3132,4637
1865,4299,624,8017,2334
3689,1130,8075,8109,1429
8968,3470,1589,1653,7067
4036,2765,5392,6131,6367
6979,6128,1042,4696,8733
1122,7626,1514,2680,4376
5925,5991,6837,1660,4797
8943,5103,4783,8982,4505
6561,5204,7669,6486,8792
4627,678,5166
417,6815
3520,6760,6699,8183,3001
4548,876,7734,1878,5470
5024,2882,4553,8754,6522
556,2893,8847,5619,1053
4257,8012,6157,5644,6165
4485,3626,942,5873,1334
8748,7246,5938,499,2071
7849,8047,3091,5429,254
8787,8953,3740,572,4607
8064,6826,4148,5181,4510
7724,6093,8495,6421,7481
6341,2796,4563,4472,8572
8739,5770,3248,6228,7479
5026,2149,1358,4335,2002
8709,8855,5500,4766,8511
2983,7017,8622,2031,5624
5323,7854,7351,8668,7326
135,5355,8443,7229,2303
8192,3427,4046
3920,4498
4752,4115,6292,5335,6296
7745,8933,6191,5913,987
4992,7988,3511,8123,7197
3169,4713,8617,7732,5530
8674,4421,2283,4084,3574
8979,6070,8376,4153,8986
5347,3117,5171,8411,8095
6497,3245,2196,5115,7774
8549,5063,2347,7151,8405
7556,8903,1610,8781,6225
5380,8791,7769,6426,6428
3264,6786,6344,4915,2806
4195,8163,6411,4558,7903
6882,6709,7869
8618,5484
5313,8898,5831,7344,5436
2976,1738,6774,8156,8798
998,1160,8556,8849,6833
5959,8908,4464,7091,8958
7776,6154,8940,7251,5493
3840,5637,8750,5649,7666
7171,2309,7781,7528,8779
6116,3621,4292,8679,8885
3592,8906,2858,1646,8784
5731,8606,7447
2438,8271
7138,4834,7951,3826,8762
6944,3616,6798,5455,8048
4323,7846,6873,6490,5629
6114,6985,7561,6187,7549
6500,4295,5671,3273,6708
7488,8907,6899,1596,4958
1314,7718,3944,2505,5722
6346,6349,7566,404,7093
8385,5387,2510,2386,8117
6217,7117,786,8243,7220
6464,1635,7218,4181,7772
1616,2667,3716
4384,3077
899,7526,8539,8700,6141
8737,5698,4877,8152,8735
7084,2706,8661,888,4255
1384,1229,3763,8761,6398
5158,8883,6901,5241,8217
3780,8809,2541,7600,5936
4262,8039,8683,5713,4437
3299,5573,1320,1994,507
0,7201,1097,8203,3647
2848,4581,4172,8077,4732
8993,6984,7629,6418,1973
3971,5381,6574,7441,5759
3480,8251,2525
8712,492
8324,8465,3738,7612,7740
8291,8555,4497,6035,1791
6848,3939,5047,6142,6079
3138,6759,8342,8667,7932
1266,5965,6462
2856,8607
7443,3892,4117,630,3223
7273,6803,6355,7864,447
8096,128,4837,7127,6905
3491,7142,7727,7542,7391
7771,4006,7415
5128,7865
7014,5928,6540,2897,4340
2286,2288,8242,1467,8799
8431,5622,1307,8573,7390
8384,6149,8234,6731,1643
7360,6859,6769,5142,8829
484,6568,2606,3792,5820
8865,5897,7472,1040,5658
4003,3557,5575,1965,689
6117,7398,1961,7765,8825
6730,7020,5552,8120,3998
2212,7720,7433,14,6111
8801,1126,8656,1271,8030
6053,8489,8948,3229,5053
5185,5546,8972,1170,5693
6403,68,6051,5766,2696
7840,5859,4878,4754,8692
7042,6633,6733,4656,8956
8107,7632,7089,2867,632
3970,8875,3923,4983,6745
6340,3911,6481,7602,7894
8581,2127,1970,6162,6133
5616,1061,6997
4440,7910
5350,8137,5998,6190,4177
8678,2247,7818,4980,4631
2820,2789,7623,3864,8926
4896,99,7815,6735,1076
8128,8066,6602,529,4889
4360,3337,3883,8588,7504
6474,8139,795,5149,7487
7841,8194,1191,8111,2929
7232,8290,8998,8592,4091
3524,4364,8717,3694,5262
3552,7107,1298,7731,1242
8067,6851,1288,8983,7128
7079,3593,7537,6936,6363
4165,1807,8118,7991,3103
8143,8306,5715,5817,4191
4352,8239,4529,2934,8026
8099,2728,7958,7255,729
1059,6345,5325,4245,4185
8647,3085,5009,5810,3711
8426,940,6893,6232,4251
7652,3365,6982,2229,5022
8677,3242,7992,7029,920
553,5356,3724,7122,8830
7476,7063,1977,6012,8223
872,4528,4565,284,4542
6658,5263,6895,2710,4221
3744,8895,2387,7801,4223
5344,3045,3785,8981,4703
3395,6635,8305,3673,1821
8043,7948,8850,569,6683
8004,657,7954,8214,2775
8259,325,3795,1625,4539
2754,7618,4996,7189,3382
8303,7536,1683,2012,2429
1184,8034,4070,7893,4925
7363,5911,6672,3991,7357
3466,7276,1558,855,1399
8224,7717,1940,2041,380
3778,8905,5265,8178,1662
4163,902,5740,8719,4212
5280,7206,1455,8920,7933
7362,8724,2711,1368,6396
7111,8808,6279,237,2517
8685,1623,6169,7259,8767
5729,4613,5593,5017,6813
4229,4517,5996,685,8758
5369,2996,804
3022,271
7942,5739,6640,8439,5660
512,4208,3700,4024,2782
7904,3362,8554,4306,5791
6057,7507,2870,4285,8702
3974,8461,6896,6130,8252
7268,8068,5452,8404,858
5893,5592,3319,1176,7162
7141,8454,8085,6966,5401
1989,8357,1264,4017,6303
7813,8009,2381,8494,7856
6024,8634,5670
2889,5286
5920,4275,5432,4729,4157
7370,8915,7796,7288,8345
6085,6068,6135,8793,2463
5188,8164,300,3378,3284
8856,140,6215
5220,3820
519,5364,7032,6105,4218
2276,8901,4999,6129,3838
6661,3048,5328,5841,1972
4582,7848,5066,8879,8790
3586,6692,8582,8523,6929
3704,8255,8231
7905,5566
3874,6823,7946,1836,3890
4230,8552,7885,7598,5718
5640,8848,3317,6614,6649
5473,7822,412,5246,3775
2537,3277,8565,5244,2559
7074,6251,6254,8312,6491
7833,1219,6381
4373,3406
1476,7016,7304,8149,8575
8174,7346,4946,8568,8189
2313,7915,8041
8103,7023
7827,5612,2132
6216,5090
2689,9014,6710,5207,1789
5346,6477,5397,5815,5434
5955,8355,5482,6226,344
8198,4431,4943,1493,3615
7545,7531,5550,2128,6809
1697,7013,3881,4023,6874
8775,5321,4369,8087,4991
5377,3530,2803,1117,5375
3072,4453,8776,1772,5650
7696,1490,8728,6715,8254
6983,5040,7762,1719,3352
7397,6887,5901,7790,4791
4932,3947,3214,2254,5215
7552,7403,7406,595,7455
734,4078,7509,2488,4030
6244,5513,8688,3443,7349
5402,5091,8462
2553,4767
6615,8,8813,8818,2007
1730,7882,2350,3630,8950
7761,7892,7668,7867,5630
6176,1411,8038,2571,8923
1346,3013,1991,8788,3286
3329,8367,8341,8054,3871
2472,3850,8756,22,1598
1536,8941,5688,7804,1150
6089,6317,4819,1685,6776
7147,4790,5559,4984,6174
6371,4112,7024,3472,1080
4199,4009,6795,8752,7607
6695,4264,3054,6325,5950
3698,1778,2471
5135,1495
4648,4427,4717,5232,7793
3585,452,8772,5839,5404
4618,4682,5557,8891,3358
8553,4403,3129,763,7901
8896,2121,3824,6739,8447
7140,8804,2290,3254,6007
8487,4138,4886,4246,2173
2631,5287,5454,8240,8638
4806,5068,3628,8846,8084
8807,2664,8975,8116,4569
3088,8238,4678
6761,4866
6467,7400,6283,8492,4114
5664,5134,6607,3857,1786
7240,3016,2539,8973,8212
5580,7116,6958,7895,6554
6980,8838,5001,6515,3028
6498,8803,6533,8909,8927
1329,4101,4847
8626,8388
4841,6572,8180,6933,1526
5448,2959,2578,1078,990
4424,4425,7409,2941,8446
491,273,503,2780,4605
7875,8904,8649,7471,3637
5862,2090,8619,5468,4989
737,2883,6835,1531,6045
3123,4477,715
4552,7253
2885,7563,4748,251,8283
4742,3208,4143,1937,7923
7424,8360,8715,280,6207
1202,7794,8852,3510,7807
3172,5545,4952,4089,5242
8579,8520,4049,8722,7380
5023,5894,1447
3803,4615
6183,6857,7500,4591,6591
7681,6393,3989,3993,1631
1506,8386,753,5078,7323
7338,3821,6544,6646,2364
5224,4169,6549,7704,5886
6401,6267,2111
6440,5487
3176,6638,4303
5588,2252
6528,8483,6793,1461,6844
74,2125,7126,1498,7518
6920,2655,8434,8827,6687
7490,7655,2190,8207,3765
5825,4616,1205,4407,1210
1696,7651,4815,5330,3257
3144,3498,5366,7320,5595
7428,8690,7891,8382,3519
6913,3656,7307,5975,6878
3904,2342,8167,1774,7257
8028,6286,8726,3644,4701
4966,6797,8826,6651,6940
3269,2568,2474,6385,6399
4709,5582,1233,6643,8478
5699,5288,5490,5497,5628
2666,2827,3127,376,94
513,6534,7092,2932,7419
7492,4042,4173,7097,3035
5129,8363,2188
98,2436
8356,7495,1706,3925,540
7205,7410,7446,1463,4377
8802,7331,6566,8697,4828
8773,5238,7686
5107,1405
6208,4198,5358,8213,3477
8932,3462,8265,4141,6452
8124,5779,4150,6842,4508
6316,6446,6839,7866,2879
8704,4811,7083,7286,8470
8448,6570,2482,2612,2454
5957,6790,3339,5867,1946
1793,7916,1361,4338,7770
4961,6379,5260,7420,3678
8323,5702,6728,7061,8886
576,4359,4658,8857,3162
8897,8947,7454
4304,5877
7782,7596,6040,8153,8477
1223,2602,8780,5773,895
8322,4395,2094,3728,8763
3234,7134,3419,2237,7358
7489,7878,9013,5974,5435
8743,7019,5907,5852,2589
8711,4632,7758,7064,8280
3681,5733,649,4189,7581
7779,5386,6732,3917,6262
8643,387,3430,6031,4368
962,1452,5301,1882,8061
3464,7657,8464,5013,7101
2600,6287,8563,7034,5406
4903,8400,1592,3164,8893
6211,2694,8774,6004,8601
7593,175,6771,4183,7641
7842,6121,398,7348,4506
6280,5868,4602,5685,4954
1414,7271,8716,2477,2747
7872,5282,8902,8628,4665
7209,6828,5837,5906,2964
1348,5866,6028,7411,6870
7457,4488,1481,7497,8881
7265,8397,5137,7578,7583
8354,524,5139,1814,2359
6880,5474,4357,2550,6269
3272,5163,7371,8884,535
8257,6663,1511,4329,3439
1250,4900,37,295,1017
7493,1101,1332,2965,4475
645,3663,7728,5554,1277
5050,7475,6479
1147,7172
8001,8070,7055,8976,7322
5447,5292,7217,6003,5884
6531,6061,8078,6579,6712
1608,7393,2397
6107,4967
3112,8652,2927,7058,2135
6384,6065,8056,8760,3641
5655,3688,7314,7799,5372
1869,4399,4689,2833,7544
6019,4525,6965,8701,7167
4327,3634,2744,5819,2045
3290,7388,5990
8088,8277
5696,4868,1225,7961,5342
8227,3814,4456,7243,6575
8201,5642,6926,7096,7837
965,8621,4817,7604,7161
9006,4145,7473,4279,7737
3878,8783,565,2233,1403
7809,2512,4592,8765,1727
5857,1718,8631,6968,5755
8609,2647,3032,4636,5854
2053,5257,694,2585,7871
5891,4904,5672,6347,6990
8987,2635,4724
7754,5495
7939,1443,4233,7249,6365
8037,7269,3288,3321,3487
7264,4643,3916,3953,314
3713,2919,1676,366,6782
7011,8505,7483,8541,7614
4802,7274,8081,2449,6362
2434,5609,1037,526,6706
7715,5363,8502,7448,5114
6437,5382,3377,5627,4669
8452,8746,7756,4365,7967
2273,7010,8370,8537,4543
1733,6827,4722,6583,4763
5960,8585,7477
4698,382
4647,3528,7305,2475,4892
4457,8297,5964,4667,5116
42,4630,3642,2814,7999
7051,4495,8276,2046,7743
3489,6409,7633,2804,5245
6308,2265,7688,2169,3421
8442,8435,8335
8284,5807
5639,8169,3474,6773,1173
6240,8769,8294,3495,2901
7296,6284,559,5457,5720
8033,8325,3884,6456,7707
8035,3018,1484,6713,5055
7233,9002,1068,3629,465
7529,7378,7748
2722,8451
4451,4844,430,5393,6898
8515,7749,7183,6067,2644
8544,5064,6858,5011,4436
1576,2895,5881,2107,2109
3808,5186,8302,8309,5918
8823,7677,2591
8602,3853
6274,4898,6275,7636,6015
6662,7113,6289,6322,7263
5518,7855,1234,2460,6558
1221,4175,8210,3475,4473
6594,2699,6597
3816,1227
6049,2339,4595,2074,6654
4673,7372,8913,3639,6744
8129,8232,6931,4693,1914
2917,3721,3760,853,3227
2724,8741,8822,8092,2399
7072,6433,4039,1612,8179
8513,5318,3987,2421,4379
1664,6855,8392,8526,1365
7937,5899,8236,3312,7450
2145,6885,2292,2940,4700
5123,5542,5735,3051,6299
4939,8015,2323,5561,7930
7379,4397,7510
6180,3535
5667,7525,8307,7541,7834
7690,8587,6220,6738,4726
2532,4593,8730,3219,8154
8389,3050,7407,7889,7611
4258,4770,3659,7700,7673
5120,5121,5122,7177,4956
635,8653,4913,2331,3004
8992,3081,1391,8286,8959
3493,8551,3751,5459,3934
2978,5768,7819,8569,5275
7712,1891,7984,6514,7831
2048,3772,8527
3370,7591
5736,2762,6328,2362,3582
8759,3976,7755,7031,8476
6627,2604,4144,8373,5917
5633,5827,5480,4298,5879
2759,2922,2570,4623,4597
6785,6118,4938,5804,6236
2344,7570,6963
2603,7695
6305,2561,133,5324,3501
1569,5352,2860,8633,5214
7829,6390,5946,1469,1439
873,303,3856,5208,2042
4824,1874,7845
6376,4113
8914,4499,6742,7767,6655
8130,5638,1838,8820,6741
6468,7333,7532,1516,2039
5933,8079,6802,6425,8159
929,235,6354,2067,1435
848,6992,871
2225,477
4805,3561,5431,8504,5466
8512,2218,2251,1142,3383
935,2675,3252,4600,2425
6600,7277,4050,2962,4062
7908,4808,5037,8175,5947
222,4461,8574
8596,7069
3460,6380,8557,2877,5535
1606,2794,3154,790,8155
653,6511,1967,8062,4383
6017,7649,6599,3279,7568
6820,7783,4521,5070,400
5548,4588,3669,5878,1052
5060,7377,4146,9011,5972
6416,1713,5428,1750,7451
932,1832,1833,3178,5101
5253,7430,3567,1110,5883
8770,4803,8301,5112,7231
6472,2731,6673,1811,5843
2371,2372,6871,3325,7102
1025,2118,7465
6258,8182
4354,3908,2199,8060,4381
2404,6022,4124,1237,4572
4392,7817,1198,8340,7223
1254,1543,5869,5229,8499
1408,3858,7635,4532,8245
5898,6539,7413,7157,4893
4196,5398,5151
6048,2363
4994,1955,3828,7198,6623
6113,779,2164,4282,5597
1120,4875,6445,4718,6588
1231,5745,916,6685,2495
5921,2595,8327,5516,8636
6161,8441,2830
5195,3095
2083,6436,740,360,1674
4204,8603,5892
6018,7318
7589,3342,8854,4601,3551
1767,5191,4492,8623,1747
1474,5132,2320,6642,3356
7266,1893,6637,7087,6102
1795,4585,3818,5046,6172
5632,1353,6864,2771,6356
2210,2980,2866,4087,4122
4480,3400,7693,7054,2294
6625,4578,4391,370,1564
4771,3564,5136,6098,1146
8868,8938,8817,8468,3097
5444,3239,1422,7408,2740
5376,2084,267,8503,2750
4259,6501,2412,7950,7609
5764,3306,5967,3314,8637
4740,8423,7215,2077,5502
8834,7971,2056,1873,6749
7104,2338,7469,8910,7152
4067,6536,2957,8402,3671
4869,2221,2065,1681,1438
5792,5156,7303,5708,4058
2502,6278,8519,5299,7289
7648,8393,7821,308,2968
7976,8971,3568,4919,4795
4641,6178,8142,3889,8086
2113,5543,7343,7192,6620
7459,3594,3888,6238,3135
3108,3565,5008,593,3222
3298,8706,675,8911,3952
3649,5993,8751
8917,4463
2793,4942,951,7194,2491
8429,6231,6170,3259,6911
3371,7660,4331,3441,6834
6756,4551,6471,6634,8815
8497,8098,8197
8824,5476
3238,3755,7260,3385,6972
7553,6124,8205,3120,6290
2278,7789,9008,7764,4663
5610,2831,4401,4501,7418
7979,3468,6867,6680,6526
8640,547,8564,6424,6909
909,6291,3384,8894,8319
2914,4707,262,7592,5654
4103,4846,5519,4945,6295
8424,5071,6394,7902,1535
3876,5412,4911,8348,8094
2433,7917,5581,7859,7291
6952,7312,5840
5890,7554
7301,6606,7726,8053,3225
1157,7622,6631,4556,5648
8449,8496,6616,1980,2783
2422,3479,6201,3901,2687
3247,4182,6808,4092,4415
5249,841,3722,3473,980
1824,8032,34,2293,1693
3425,3011,4022,7960,7033
5829,1381,2226,117,6198
2508,6670,5902
8458,1011
1921,227,1933,1934,1717
7078,3942,4871,3666,5943
4020,1941,8185,6330,5532
5281,5193,5450,6001,4959
8485,7431,2547,6326,6077
7753,8372,2558
6953,6922
864,2016,5765,7535,7508
5152,6338,5458,6205,3518
4930,974,5776,3188,2875
8642,2535,8843,8460,3217
8343,4188,199
7858,3196
6020,7464,7694,3897,4478
4108,7597,6764,4312,1595
8966,5353,6704,3153,1630
6560,5603,4599,4059,7325
4965,3212,7665,7955,5183
8736,2407,8777,156,2623
3684,8133,6137,6907,8444
6151,7311,8918,4344,8671
2377,8126,7527
4688,5339
6624,1521,2034,6423,1657
6148,6567,5065,6930,4760
7975,2216,6060,3057,8508
2723,1668,5449,8530,7832
9005,3503,1562,5052,7293
8260,8937,6483,7643,4575
7986,8604,8190
7120,2705
7375,7826,7130,6140,2078
3617,4429,7187,5850,5788
2855,6951,7211,8877,6800
3296,7334,6736,3218,7638
4936,5705,4271
3148,807
1640,3401,5522,5811,4852
5760,7297,4290,5477,2868
4320,6181,5164,2158,6134
640,8576,2467,6313,8532
1857,2279,7862,4094,7935
868,5706,5678,3825,3832
4420,5098,6701,7928,7838
5700,7179,6091,8440,6845
6434,6276,5643,8880,8534
3968,5442,8967,5778,4341
8195,2921,6890,5812,2520
2274,8019,2206
2977,6302
4041,2924,8997
5909,5062
4321,6725,466,3860,2646
3042,4676,6153,6507,8605
5226,4522,1709,8912,8916
1568,4516,7784,846,2809
8202,5707,2167,6682,3005
670,7247,8144,4990,4831
2082,3187,1140,3577,3007
8330,818,8244,2615,8510
6563,8841,5680,5748,8796
1604,7653,6998,7350,4957
7682,1155,3719,4843,2679
8842,4947,2105,3836,7423
5486,8368,6323,8660,5020
2375,7369,5453,3538,8191
6179,8550,7565,5647,8437
2256,7081,8713
8723,5823
6860,7511,2745,6650,6717
4192,7468,5297,8278,3192
7075,5931,4747,7213,7513
3589,1387,7883,6351,7386
8104,8595,4343,3064,1529
2240,643,3461,7752,1434
7298,6457,7540,6647,6265
3788,3933,4974,2995,2973
5168,5531,5533
1952,2967
1473,5512,7321,5978,8924
7364,5093,6609,58,959
8226,6250,5258,4085,8922
5834,5578,1134,6387,6877
1831,2891,150,1724,1374
3305,7918,3827,8310,2518
4738,709,4520,2227,1567
3303,5289,4561,4438,3357
2051,6508,4560,7282,2813
4135,7852,2992,5425,6711
2573,7983,5334,6520,5849
6432,5761,4818,6780,2943
3715,8036,8166,5032,3573
3978,3727,6805,6008,2366
4332,6242,8708
5305,7340
7587,2024,6097,3702,3224
2208,6821,5130,1487,7124
6562,6919,6032,5209,7517
8419,1740,7663,5043,7573
8547,2314,8332,7021,8049
2630,5423,1687,953,954
5799,7207,6538,6038,8351
320,1294,3411,8821,4694
3810,6917,7606,4733,7294
1357,7897,8725,8853,3449
4704,2161,5848,8794,5756
8710,7239,6196,5051,7709
7786,4459,8215,4027,6047
5570,1705,8946,7221,8415
7936,5594,5082
4137,2727
3109,970,8394,7059,3771
8289,7590,2639,1072,5148
8871,8362,6765,8977,5119
5809,4215,7674,2683,6973
5419,7404,6548,7190,5719
97,7145,6955,5464,6075
4968,4969,4972,4081,7125
2367,7913,7319,6014,479
4680,585,5709,8789,918
8899,4741,434,1459,6550
4976,830,4504,7994,7806
6723,8101,4685,6259,4855
3393,2946,2373,2318,1755
1376,3791,7216,5553,2223
706,6946,810,812,3100
6146,4133,1742,206,3292
3010,583,424,5626,4350
8832,7616,3459,6727,5744
6604,7853,4054,6074,7868
7458,6724,3111,6222,6716
4071,1682,8500,7993,190
160,5924,8141,1968,5141
5061,8535,5775
8659,1341
8045,1776,8282,2523,2911
5505,4524,3950,2493,6942
6752,5577,7309,7164,7037
6789,5830,2186,1074,6619
5730,496,532,1144,3708
8996,6374,9000,144,7672
6954,8016,3026,3287,3736
4867,7973,3526,8011,1331
3003,8396,7534,7030,6139
869,4394,6192,4955,1852
2272,8390,6892,1518,8318
844,3662,4531,1373,3454
8705,8161,2194,3731,3285
2123,5586,788,2108,4606
3233,4610,4106,1143,7295
5312,7150,5935,7925,4248
3682,3171,6629,2956,5613
7168,1945,8453
2824,6772
4079,2451,5460,5524,7703
1538,2546,8338,6585,7133
3140,7689,8042,7634,1909
7432,2316,3886,2457,3935
454,8839,5131,3696,4316
5986,2058,4205,8083,5049
8071,6669,1586,1850,1566
2178,1286,8403,1338,1339
2629,495,4853,1686,2462
7073,6830,4596,7384,4604
7366,169,7662,4346,3997
1285,5673,3979,3437,6487
5537,7462,3913,4284,2461
8352,2177,3619,3281,5527
8590,4782,7123,5941,2302
5089,490,4076,4339,504
4737,5481,1548,217,863
3523,4515,5420,6194,7839
4963,5230,5880,6203,7071
8873,5677,6768,311,8379
4104,7978,8050,2296,7550
6626,4973,244,1525,1917
4393,874,6612,4086,2044
6978,6766,8755,8115,7738
4483,6605,438,3450,5853
3776,6027,6677,3898,1215
832,2916,1840,6392,893
4654,2773,7608,3068,8222
8889,7452,5385
8874,6011
4000,7523,6665,5111,6458
3521,5793,1797,8934,8328
5509,3413,3801,4026,1950
5856,3977,8268,6103,2654
1741,6928,3665,3578,1787
7713,5601,5221,8399,698
1248,1186,1694,2328,30,1823
1827,5095,2567,1781,3420,1246
8753,3266,5443,4772
881,4236,5270,791
1154,459,6160,6681,123
4674,773,3146,3308,2708
612,6948,8127,7546,7551
7521,1418,7341,6518,350
8866,6668,6894,8374,8727
3331,2184,3369,2829,2864
1798,8844,8366,599,5117
768,4922,7478
6088,3215
292,2340,2732,7439,1757
4224,5408,5683
195,6407
6788,5583,2299,2748,5471
4986,5202,6750
5865,7195
4097,4905,1770,7281,4786
2402,3846,6163,6043,4927
3175,8188,5970,3955,3964
1601,6916,1323,4534,88
7210,7919,912,7088,2102
8321,6152,3433,7572,6970
8264,6249,8593,3992,4474
2786,4234,7285,5915,8158
6852,7671,3896,2137,4253
4193,3650,1038,2617,2845
7050,5932,8311,7739,1501
7203,8974,6578,8663,7736
8931,4324,8364,8720,4406
1571,2693,7502,5587,7100
2624,4809,4589,6100,5016
5217,4225,2307,2834,5308
6470,1898,1302,3448,5753
7812,6245,5074,6551,7773
8457,8639,8747,7575,8383
4037,750,4249,3675,5437
2409,7691,1199,3280,7835
6720,6050,3335,426,2873
1152,8768,5445,4170,3710
7722,7952,5905,6934,1911
8930,4386,2469,6862,8401
1667,7376,8598,4311,1692
3553,8249,6906,7803,2300
8580,165,3600,4657,5407
4512,6496,5675,5293,7132
1701,3686,4788,5212,7486
4706,5284,7175,4307,7675
3403,6702,4503,761,7996
7040,7725,1300,7929,7579
8521,3982,7699,7065,443
7876,2418,4691,1655,6876
6657,5742,8655,2769,3797
2818,1769,2326,2203,8989
1642,8334,6039
8314,8805
6120,6443,6237,1944,4413
8872,7052,6542,8591,8381
8965,4935,5767,1513,8471
2019,2219,6005,7353,5310
7043,7941,5478,2298,7966
3115,6603,236,6641,1649
3041,3581,7512,5405,6559
3936,2691,4011,8627,181
8681,6636,5973
4537,7427
549,2248,981,8121,3099
4860,3423,6872,1212,4895
8106,4814,6676,7989,7159
8296,5995,1816,3226,7836
4708,1575,3436,4500,4283
1065,1167,6610,3346,218
6406,7599,6674,3798,7802
6224,2324,3456
8472,5507
6084,8008,8105,7470,5264
8292,4428,8150
6465,5621
3075,7044,6454,4121,5087
937,1677,5653,247,3131
355,1671,978,5367,2205
745,5802,5099,3756,3834
5635,7558,619,2162,4469
6659,1820,3759,3122,732
2147,1317,2122,1325,7887
2023,2262,3734,5080,63
6080,7237,8525,5521,3545
8548,2052,4720,817,697
8204,782,8151,8861,3263
4545,3398,5489,4052,6391
6729,2524,4118
4652,4653
8002,7685,4909,5236,3541
2949,5847,5273,2714,2715
1889,8258,4293,1960,1629
3844,7494,5031,5498,4414
1284,5256,7824,7890,5784
5096,265,3283,2011,5790
4609,2692,7315,7355,1854
7555,7299,2129,51,8831
7619,7467,8172,8501,5336
4129,5223,6311,8629,6811
1734,5710,8112,7569,3570,2997,4222
6592,3179,1619,5269,5174
8615,4044,2352,2096,7962
5704,108,7437,8438,637
4160,5954,4434,725,2972
7382,5005,5030
4873,2850
7906,7395,4836,1136,1394
8599,8810,5303,8024,3166
6405,1256,6961,2390,7766
3973,6503,1928,8181,6617
7777,6836,5529,762,2555
1281,6545,6777,7002,8764
6081,4167,3145,1163,8300
4645,7850,622,3065,7548
5794,3202,1093,1030,274
4812,2575,5391,4851,3542
2180,5159,6923,4661,7191
6721,4579,7620,8134,4382
5536,3718,3340,7482,2878
7328,2674,8339,5271,5694
2437,243,7001,8570,2043
8969,2702,8371,8695,2008
2661,1550,3536,1905,7383
5057,8963,2089,8542,4287
7080,5072,7154,3160,5786
7136,2528,5541,7499,2027
8836,3812,4111,5075,3609
5797,1801,2478,8945,7283
6976,1058,4014,3611,7292
8800,3367,3375,7414,4348
4388,4466,5686,3484,5855
8288,8614,4396,2580,3039
6260,8057,1324
7931,7519
5665,6818,6850,2610,6747
7108,6221,3533,6639,3282
2563,6252,6447,6516,8220
6535,3509,4277,4187,8316
5984,7496,4333,6029,6840
4273,8466,8270
6947,3270
1923,4744,5417,1900,3550
1088,7009,3338,7090,5267
7425,5102,7750
2038,8887
7881,6122,8022,8247,4639
7280,6002,3415,7258,5887
7396,4570,3253,7098,7644
1957,5961,8851,3418,3388
6691,8714,7947,1581,4827
3843,7757,3597,1806,7642
6466,6854,6994,2485,5147
4134,4776,8365,7193,2140
5994,3539,4756,7062,4127
7719,7241,8658,8786,1849
6372,4979,4664,923,6044
4416,6698,4243,8888,5563
7076,8230,5750,3261,5725
7114,5365,4823,1370,1084
2659,5097,4813,2862,8409
8432,7664,3507,1172,6967
5864,489,6675,6359,509
7270,4590,3984,695,6461
8417,6757,4777,5354,1022
4082,2355,3348,4982,3927
5956,721,5562,1115,6556
3209,2799,6233,5403,6335
6912,2500,6310,8076,8479
5539,5606,8146,1843,7927
2950,6248,4617,8369,2431
2626,2499,4302,2588,8703
8263,5584,408,4764,7965
2688,258,8707,8745,6431
7969,7982,8148,4213,2614
4326,3625,3020,5845,1050
2619,2557,1759
6352,4902
4099,3623,6441,5805,1105
2444,2671,2583,6073,1466
7139,6796,3025,2642,8413
8559,5239,3960,6621,6366
736,1825,294,297,2124
2554,7667,4826,2269,958
7659,5100,3438,6034,6841
5605,7367,7082,1007,5395
1984,8007,6831,4949,6459
3360,2106,5034,3894,1722
289,4322,2742,857,2844
836,6021,2514,955,1919
6853,5322,4849,6589,2014
3105,802,8929,214,3958
3216,6324,5510
7944,7759
7169,2825,2255,473,7515
7181,1262,3831,1274,894
7300,5002,4016,5785,8380
6817,2787,231,4635,6653
983,2445,2351
4650,2837
845,469,1015,1721,1278
3783,7143,397,825,5983
8486,6648,1554,3768,1561
838,8651,3793,4410,1885
5088,3201,515,2608,6206
8672,7046,7373,8561,5716
6273,5506,6188,5754,8347
8262,4074,8469,7095,7039
2530,6119,2953,1805,3603
7236,4710,4625,7987,8543
2465,4998,4624,1752,3483
2758,1929,5579,1519,1524
8970,3739,5361,3355,1691
7330,644,4367,81,2490
358,1863,5198,3090,5980
4448,2241,4418,8645,4857
2120,4139,2000,5329,543
4077,3313,6263,7226,5724
5410,8648,8046,5968,8287
395,7949,6166,4444,799
3180,9010,8698,7580,7485
3554,2894,1744,3540,7028
3397,2918,3531,2905,2110
4550,6281,7595,2828,1784
2080,4034,7186,6168,2909
1888,3748,7474,471,3705
1188,1796,6791,7057,4926
1925,8584,2156,184,6941
8650,1818,5439
7336,1118
483,2384,4241,2999,9015
3566,1936,3185,2738,4216
2587,1019,7539
392,938,2756
4040,4906,3183,5081,4891
1614,4402,5234,3158,445
1377,1847,977,3607,3928
1545,1584,1587,3861,2236
4449,5703,1296,1565,2238
6726,3182,1235,2645,1918
8000,2235,1108,502,6235
828,1932,5007,850,956
1829,3023,852,2842,4318
2116,4210,372,2778,3455
1504,3106,1834,475,1853
4514,510,2923,3186,862
4356,743,3207,4890,3452
3402,1679,212,927,1503
2582,2104,2841,2812,3102
834,1958,1959,2087,2459
3608,859,2920
241,3237
1380,2823,4523,2069,2751
738,3142,2385,2354,379
4684,2672,305,3635,1689
441,3516
712,7577
4445,8279,4219,668,317
4864,3651,5508,8749,3632
2816,8132,9004,2222,8407
4705,7733,2503,472,363,1356,6109,2062
368,2088,7417,365,367
1067,860,814,3199
5780,3204,3021,646
3184,4978,1436,374
4739,589,4371,5971,4317,2061
3782,842,7530,591,829
1688,2811,4598,1935
8962,5479,8138,5295,1427,8474,701
1665,946,4995,3301,5607,1964,7053
6689,948,1542,2735
4716,1089,4839,5255,4780,6046,2767
1216,1716,2757,1887
1240,1588,6309,7006
5332,2660,4622,6167
1305,3315,5772,7412
7272,1450,7922
3504,7337,8422
5424,3931,3126,2327,1579
1699,3654
3842,1860,3909
6584,1868,3037,6903
3761,8882,8003,4227,5989,1998
2971,2669,2670
2761,8862
7170,6307,6915,3753,5618,7956
3141,4363,2766,5617,4116
6144,2822,5415
3692,3294,3143
4482,3910,3165,6587,4125
5504,7816,3174
8052,7710
3882,3667,3604,3190
8456,5018,6126,5368
6200,6524,3374,8694
5571,6213,6664,4970,5438
8928,8833,8267,5216
5441,8771
5712,6389
704,1028,8165,7628,6062,5781,7706,7899,7805
7354,7870
