0,2053,3077,4103,5129,7183,2065,5137,2067,5139,7189,7201,8226,6183,6192,3127,6207,2111,8259,5191,1097,8271,7255,94,7265,98,7268,7271,5224,7277,6254,5232,6262,1142,8312,4218,6267,5244,4230,2188,3227,5275,3229,2208,7334,8360,3242,8363,2221,7344,6325,1215,5313,5318,1223,3277,8397,4303,217,2279,4335,7409,5363,7415,5369,251,4350,7424,6401,262,6409,6411,4368,6418,7448,4379,8478,4394,4395,5436,1346,8520,4424,4425,4427,1358,7507,3413,4451,7526,6507,5487,8565,2421,1399,2425,1405,2436,2438,3466,7563,3468,5519,4499,6549,6554,7578,1435,7583,3493,424,4521,8618,5548,6572,430,7598,2477,447,6591,7618,6599,5580,2510,1495,8667,477,7649,4581,8677,3557,2537,8683,5612,4591,4593,5626,8702,6655,1536,2559,7682,7686,1543,519,7696,6677,5654,4643,7715,6695,2602,4654,6709,3647,7749,583,5713,2644,3669,7767,1625,2654,4703,8798,4707,5755,3713,4737,3721,4748,5773,3728,1681,7827,4767,2724,2728,1713,1718,694,7865,1724,3776,2754,4806,5831,7885,8914,1747,3795,2773,6871,3801,729,5857,6882,1767,2793,4843,1772,1778,6898,5878,5886,5891,4869,5893,8973,7950,8979,6933,7958,8983,804,5931,6958,7991,6968,3898,1852,1857,2885,3917,4942,4945,5972,855,4955,863,2917,869,8039,4974,8056,1914,4989,895,6017,3977,6027,6031,2962,3987,2973,4003,8099,6053,4017,2996,951,4026,5050,3005,6079,1989,1991,7116,6093,2002,4050,7128,3032,8154,5090,3054,5103,8180,7162
8,7432,2316,8461,2957,8207,6673,5779,2967,3864,5531,5532,2461,8095,5280,1952,8354,8231,5419,2731,1452,1455,5168,5301,4150,1973,1461,3765,6842,8252,5566,7490,3016,8402,5843,8404,6997,3671,4440,2007,1882,6615,2789,6887,7655,8685,8813,5616,6896,6130,8818,6004,8822,4215,3321
3593,7338,6283,1740,6638,1970,2868,22,6646,2364,1146,4892,4510,2783
1248,1186,1827,292,2567,5095,5096,1757,1781,30,2328,3420,1246,1694,1823
8032,1824,34,387,4900,37,295,4078,2293,1017,1693,734
8832,7616,5155,3459,8549,6727,3337,42,5744,6837,4630,3642,2814,7999
6657,7170,6915,3844,7685,7941,3846,6152,3335,6916,7691,8457,4363,8974,8720,6163,4116,7956,1302,6934,5915,4125,5405,2845,7966,5408,8747,7470,51,4406,2873,6970,5437,7486,63,4927,8002,3141,3654,6470,2129,5970,7512,2137,3675,5212,6237,3433,1898,619,5742,2162,3955,5236,7285,4469,1911,3448,5753,8831,8321,4482,7299,7555,7558,5256,4234,8334,912,3734,7575,1944,4249,6039,6043,6050,6307,1699,1701,5284,3753,426,7341,1199,4788,7353,7354,7870,8383,4037,2766,8655,3280,2769,3797,5336,5080,3545,7132,1501,2786,8931,4324,7919,5617,7922,5618,761,2298,2300
5632,8705,8194,6146,2561,4618,7690,4112,1558,5655,8214,5152,7712,6178,7205,4133,5158,4138,6701,8239,7218,8243,7220,6712,58,4667,3644,6715,6717,3656,4680,7754,2635,6220,1610,5709,8779,2127,6225,6226,3666,2128,8789,2132,2135,4181,6738,6739,8280,7772,4704,6244,3688,4713,7274,8809,8297,4724,8309,4726,7799,8825,2173,1662,3711,7297,133,7304,4233,1160,8849,1683,3731,7829,3224,8348,7838,6305,7333,6823,5289,1709,6833,7349,2229,2745,7867,8891,8895,3778,4802,3780,7364,6346,5324,1741,206,1742,8912,4817,2771,6870,6362,3292,6365,7902,6878,7398,4327,8424,4329,7917,3312,7411,6899,6901,7928,6394,1787,8956,5372,8447,7937,8449,4871,5899,4877,6928,8464,7446,7960,7450,8987,5404,5918,3358,6944,5412,3365,7464,3883,1836,4911,5936,3890,7476,5943,6468,8004,1348,1353,4946,4437,5975,4958,3425,3942,5480,4457,8556,7532,2927,7024,2929,6514,2934,5495,8568,8575,8581,3464,5513,7051,7566,5009,6035,5013,918,3477,1439,6560,7074,7587,1443,7078,1961,4522,7600,4529,7604,5557,4022,1977,1980,7101,1469,4543,452,1476,8647,4046,5071,6097,8149,8161,998,6118,2024,7657,1516,8174,8688,6640,6133,2039,7161,3578,1531,5116,8189,5630
8066,3384,7363,68,7544,6922,6730,6606,3225,4889,1569,7841,6051,6497,7848,8617,7726,3503,5552,8053,5432,8123,5052,7293
74,4932,2125,7518
1155,3719,5128,1674,5008,7447,1564,1438,929,2338,3108,6436,2471,7592,2603,2995,3382,4925,706,3010,2372,3788,3279,853,858,3933,97,2914,740,6501,4453,871,3176,235,4204,3565,4595,2679,2687
1664,7809,6658,1411,8324,8712,2571,5263,150,1687,3480,2710,1686,4251,2462,6176,1831,5423,689,2226,6198,7992,953,954,8126,1727,8130,5699,2629,2630,5829,5064,2377,6858,4299,8392,5453,8526,4688,1365,6741,2525,1374,8544,1381,2278,7527,495,4592,6895,8692,117,4853,4221
128,2882,4867,3594,8011,7629,7703,6238,4837,6699,5166,3888,6131,1331,2680,5500,2495
8817,5810,1511,135,5163,3085
6340,5253,6215,3592,140,4815,8784,8856,8345,8792,8736,5220,7846,6953,2858,7978,3498,4841,3820,8050,7796,5877,7668,1719,2296,8441,5242,1596,7549,7550
7172,8904,8905,5195,715,1147,6479,144,5265,5913,6942,7774,8996,8933,6374,7783,9000,7786,4524,2094,3950,8303,8178,3637,7672,8763,8958,8446
4192,6020,8711,4632,1467,156,2407
8706,4616,6665,8719,4117,6424,7064,5022,160,547,5924,5678,6575,5297,8370,3639,6456,7866,8762,4163,6982,6857,5706,8141,1117,7523,7652,5740,2286,3825,5107,8564,5111,3832,6141
4227,195,8580,5989,2023,165,1998,3761,8882,4657,5683
6128,1361,962,169,4346,7662,1391
8448,3329,8710,4359,7688,4373,2331,7717,8998,2342,5420,4913,4658,3123,6194,6196,3378,2105,7232,8001,7239,7752,5449,4172,3406,6736,4947,7508,7257,3162,864,7011,3836,4091,7535,6771,8054,7032,2169,3450,380,8829,8830,640,8576,643,4483,5765,3461,8842,8592,3474,8341,2454,7322,1434,7839,4515,6308,2467,6313,7593,6570,175,8367,2482,438,5051,3004,2240,3523,8133,2252,8653,6605,7895,2265,5853,2016,8167,5356,6381,1774,6137,6907,8444,7423
7336,2953,2156,6639,8022,184,6941,5439
6661,5582,5328,1682,5907,5459,7452,3934,3751,8551,7081,4071,8500,4343,7993,190
6498,8803,7858,199,8343,3196
1542,2823,2061,2069,5653,3607,3608,2582,4890,2841,3102,3106,2340,1829,1317,2087,2104,828,834,2116,3402,852,2645,859,862,355,1380,2920,2669,2670,372,3452,3455,1671,392,3207,1677,1679,2459,2205,927,6309,3237,1958,1959,937,938,4523,2219,2735,948,2751,2248,3023,978,212,1240,218,475,4318,743,241,2812,510
8129,4740,8071,6669,8527,8783,6931,8596,1750,8283,2077,7069,1566,222,4320,5502,6181,3878,5164,4461,2158,7215,3694,1586,565,5238,6134,2233,1850,1403,8574
1921,227,4597,1717,2759,1933,1934
2758,231,1801,1929,7659,5579,1519,1524,7931
5802,1579,3115,236,8591,5424,6641,6610,3126,2327,3896,3834,3931
1219,4516,553,3724,237,4623,8848,7122,2809
2437,6535,1863,3705,4434,7382,471,7001,4187,2972,5983,1888,7777,7906,3748,5541,358,2089,3180,2478,7474,243,4277,8057,2043,8316,894
6211,6531,7377,6625,4578,6626,4391,4648,8169,6061,4973,8061,1521,244,1525,1917
2307,4356,8965,1545,265,1296,2834,4371,6676,3861,8471,2842,3099,4891,1565,6689,1571,7203,549,1834,4906,4652,6702,1584,2354,1587,1588,4402,7989,1847,7736,2617,3131,7996,1853,8000,3142,5703,6726,4935,589,1614,6224,2385,850,5971,1108,3158,3928,6235,1629,7006,5217,4706,1377,4449,5223,2923,3182,3183,3186,4210,5234,2418,7539,1655,6005,5367,379,3964,1918,4225,4739,5767,1932,1167,5007,6551,4503,2971,8862,4514,2469,8106,6578,7159,8121,2235,2236,5308,2238,5310,7100,445,956,4545,2756,7876,6084,4040,2761,4814,977,3283,1235,981,2262,8663,5081,2778,247,6876,4317,2011,1503,1504,3553,738,2019,1513,1770,502,6391,6906,7675,8188,5117
6624,5761,7362,2946,5921,2373,6416,5428,8118,6423,7451,6396,254
4873,258
5376,8195,7428,5894,5640,2570,267,4124,8477,1821,1568,2082,2084,5668,4393,8234,8255,3395,8519,841,844,3577,3662,846,1616,3673,4188,1373,2404,7782,2921,874,6251,2922,4976,8305,3187,1140,3454,6533,6022,6040,7840,2210,3238,1447,2474,4267,4531,5812,7609,2750,3007,3519,3269,8909,3791,466,7891,1237,2520,8153,3803,4572,4060,4321,6890,6635,748,8690,4086,4087,6649,2044,6399
6786,899,4996,4229,271,273,788,4517,4006,685,1965,8758,4539,2108,8765,5950,5573,7240,1994,2123,4049,5586,7380,2780,737,5089,3299,490,491,4076,5996,4339,503,507,4605,4606
6081,2626,2499,4302,274,8148,3542,4826,2588,2269,3625,6252,2554,7667,6836,5562,3261,958,8703
280,8405,4264
3072,5125,3785,3856,3284,5207,5208,5402,284,4262,872,873,300,4588,2553,303,4528,6384,2041,2042
644,4998,2825,2444,3090,2583,1691,3739,3355,2844,1278,1825,289,6310,297,2862,3253,2742,9015,695,6073,2106,955,2490,1721,1466,2241,836,3397,3783,2124,3020,845,2255,3025,2642,3539,5845,469,473,4570,4827,7515,857,3550,5239,736,5088,4322,2659,4326,2918,4077,1262,2671,3566,1015,1274,1022,1919
7108,4550,6281,3531,2828,6221,1105,3282,3348,3927,2905,7962,294,7982,4213,1784,3388
3075,712,441,4684,2672,305,1689,7577,443,3516
6338,5603,4647,7946,6067,308,4599,7801,4059,7325
7554,2434,8873,6380,5677,6768,311,8379,8701,5535
2992,5425,4709,6711,4135,314
320,3411,4694,935
8897,7939,325,7689,6909,8715,7882,5708,6733,8847,4304,7249,3665,7573,4631,3876,4070,3371,3884,4331,2350,7660,4656,7663,3441,2429,1078,3702,7033,4157,2493
344,5482,6426,7765
2978,2083,8117,360,4153,2539
4705,2693,2503,363,7052,5932,6542,2062,1356,6109,7733,472,8381
3456,2088,365,367,368,7417,2203,5087
1025,2371,2118,2827,1548,1676,2251,2254,3022,848,593,3222,2237,2585,1052,2919,1576,5481,2218,2666,366,3760,2225,370,3383,376,2107,2109
3204,646,4170,3021,5780,5847,1436,860,1067,814,7599,3184,817,4720,4978,6389,374,697,3199
5120,5382,5960,7853,6766,6446,2292,7477,4698,2940,4669,382
5057,4579,7270,838,395,8651,397,6447,3984,8339,6516,6461,1885,5694
2048,3586,8582,7819,4108,398,6929,2578,5142,4506,8607,6303,7842,6692,2856,1068,3629,1840,7348,1592,8761,1595,4542,832,7233,709,8902,8523,1229,5965,4436,2916,1384,6121,492,6764,6769,1266,6392,893
8899,5486,5070,400,8368,6323,8660,5020
5123,4420,965,5581,6609,404,6299,2273,8674,5542,5735,3051,7859,3443,7291,5628,1598
3105,6691,8714,1936,3185,2738,408,4216,7965
8197,4552,3978,5834,5578,7822,3727,7311,6805,4886,4246,7253,4183,5246,412,5473,8098,8291,5476,8743,8824,1134,8497,1791,6008,4477,2366,3775
6820,8357,8103,8041,2313,7915,7023,434
3013,454,807,2956,5613,4062,2943
2689,1288,4492,5516,5135,8088,7704,6049,6057,6075,8382,7102,8513,3138,8515,6851,5575,6216,5705,465,4565,6742,6103,2647,7513,3290,6491,5854,5856,4195,5731,8043,8948,6142
5577,7164,479
7169,8707,4744,3209,8970,4241,8851,5403,6556,8479,3360,7969,4777,5034,8745,2355,3894,2999,6841,7098,1722,6335,8134,5961,4813,2384,721,3415,6233,3418,8409,7644,1115,6366,3039,7519,8417,5980,7139,2787,6757,483,5354,8559,7280,2799,3313,6263,3960
6675,6359,5864,489,509
5730,5852,4875,7019,496,532,1144,5148,2589
3305,7918,5619,499,3827,8310,2518,3510,7677
512,4208,4665,1320,504,2782,3663
513,3427,8932,3462,1606,8265,2794,3154,5011,6452,790,8155,4223
6273,515,3270,3338,7292,6029
7910,6536,8124,524,3886,4508,6844,8926,3935
8128,5920,5955,6566,909,7534,529,7030,8319
8081,3634,535,8855,3850,2045
7552,7681,7553,6148,1797,4741,4613,8328,7433,2699,779,2190,1937,6290,6930,8084,4760,5017,540,6813,7455,5664,5793,2212,6567,7720,5292,3120,7217,4282,5693,7493,5447,5065,1227,5068,1101,3792,8656,595,5597,8030,6113,8934,1126,3816,7403,6124,7406,6003,2164,1271,5884
5329,2120,7082,4139,543,1752,2351
5938,987,2071,559
4357,6474,8139,3026,5911,3287,2012,5149,7454,4407,8163,1191,6954,6827,8950,6583,2550,569,1150
2288,8759,585,5866,6028
7530,842,1688,4653,591,1935,5016,4598,6454,8472,2811,829
8768,5635,599,2402,8422,7272,7337,1450,6443,5865,5293,6120,750,3504,7478,8249,5498,4986,4414
4212,630,3223,7288,2623,8431
5024,3003,8903,6602,8107,8396,5644,7089,632,6139,5214,8511
8290,3684,5639,8977,6387,2612,1173,635
3552,3393,7872,7107,645,2318,3472,1264,1298,3317,3738,1242,2491,4797
7489,649,6345,6540,6797,6670,4306,4245,5974,6940,7581,5468,5791,4189,3681,3362,3874,5733,4966,3561,5881,8826,6651
6265,7298,653,6511,1967,7540,6647,6457,8062
6242,8708,4968,4969,8009,7340,4972,4332,2381,7856,4081,7954,657,7125,5305
2816,5508,668,9004
7430,8590,8975,2959,7192,675,5543,4782,7087,7343,4275,9013,5941,5435,8893,2113,7878,5448,1357,8911,7123,6102,1110,7897,6620,990,7266,1893,4582,6637,3567,5883,1660,2302
6464,4000,8579,8325,6662,3303,678,8652,4561,7314,5043,3573,4438,7707
1795,1157,3081,8332,5134,6287,1170,8852,7700,6550,3479,8728,3993,7320,4770,4258,7976,5673,3628,5807,1202,1459,4919,6201,698,8254,4030,7034,3659,4556,4429,1233,7509,6487,5595,8284,2397,8286,1631,5601,7393,8547,4967,6631,3437,8049,7794,2422,6393,8442
8962,5479,701,4909,7088,5202,1300,8501,3541,8474,4253,8158
704,6659,1028,1820,6407,8008,6249,3882,7050,4283,3759,3122,2587,1019,732
1152,6080,8548,5445,7237,6788,2052,745,8525,5521,3710
5457,753,5720,1514,7323,6205
768,6088
8928,8833,5216,8727,8267,6668,782,7699,8151
8633,786,2860
8380,7300,4410,4444,7949,799
5794,802,3958,7947,2702
6946,8776,810,812,1294,6065,3252,4600,6105,8668,3100
5698,818,8244,8152,5868,8735
825,4590,4382,7143
4994,4520,2505,830,3828,4504,7198,6623
8915,868
7073,5592,2541,6830,6236,4596,8661,2870,5815,888,4790,5397,4604,8894
1968,5141,902
8034,7459,6275,7973,6274,1231,6803,2451,916,7636,6015,8443,3135
4689,7955,4965,920,5114,4285,4558
5665,2610,4979,6372,4664,923
932,1832,5257,3178,1833,5101,8700,7871
2532,5509,4846,942,7120,4177,2705,6190,8631,6295,8604,3325,1950
1665,2147,4995,3301,5607,1964,7053,7887,946
7296,8068,7813,8838,6663,7305,4114,7058,1685,8086,4248,4766,5281,4641,2475,5037,3889,8504,5946,5947,959,5312,5186,8388,6980,4808,5193,7755,5325,8142,7504,8916,3028,4959,7904,3808,6371,7908,5226,8554,8175,3439,6001,7925,1526
1408,4354,8330,8587,7821,3342,3858,7059,8854,2968,4381,3109,7589,8875,8619,8621,7471,8496,7346,2615,3129,3771,8510,3911,8393,970,8394,6864,2387,7635,7892,6745,1630,7648,7420
8386,6276,8454,5643,974,8085,8534,5078,2655,3810,8880,8434,3188,7606,2875,4733,7294
983,1843,8695,4650,4333
1376,8384,2889,1003,2223,7216,5553,7260,6614,6972,1311
4034,3603,8543,2909,1007
3968,8198,4615,6920,5001,8967,8458,6284,2058,5902,5778,8083,5401,6425,6687,3744,3615,1059,5671,6317,3630,5935,1329,4532,8245,6966,5431,5049,8257,5442,3908,4805,6217,5450,7243,6089,2508,8649,4431,4943,4819,1493,4185,3678,3551,6240,5986,7141,8294,4205,4847,1011,6515,4341,6776,8827,8060
1040,8033,5530,6458
1065,3842,1860,3909
1120,8289,7590,2216,8713,4718,1072,5823
2433,8322,3970,6789,8201,5642,2186,6926,5136,7443,5398,7837,5151,6048,8993,5629,4771,6180,4397,1074,3892,7096,2363,5053,5830,3273,8907,7371,3535,6098,7379,7510,8793,6619,7390,4323,6500,6117,4196,8804,6760,6633,2283,3564,5622,6135,8573,2303
5792,8487,7303,4682,3824,7063,1080,4058,6012
1370,1084,4823
1088,4388,8469,8262,4074
7040,1089,7619,4839,5255,7467,8364,7725,4716,2767,3600,4780,7929,6046
3843,1925,5510,3597,1554,8466,7062,5785,3609,1818,4639,4127,2465,8230,3367,4014,6831,8247,3768,6459,4287,4416,1984,6466,6976,6854,7496,7757,7759,6994,3160,7258,7642,6621,8542,5855,1118,8929,7009,5994,7154,5887
3233,4610,3524,8389,8423,5066,3050,4364,4106,5262,7889,7029,1143,7611
1184,7632,2867,6007,4141,4191,8143
7057,2514,1188,8263
7104,1194
4480,5381,2694,3400,2121,7693,8078,5998,1198,7793,1307
7875,6795,8588,4175,8210,3475,7988,1205,3574,4473,2941,5342
6144,8258,3331,4293,2822,8844,2829,8593,7315,6100,6872,7065,3423,3936,1889,5415,4011,1212
1216,5712,1716,2757,1798,1887
8752,7607,5380,1221,4199,4009,6490
5696,6785,3257,4868,1225,5898,2573,7758,5334,6873,5849,7961,8794,7983,2161,6520,5817,5756
5648,1250,5366,2488,1786
2883,5444,7942,8390,1422,4312,4122,5660,6045,2272,1254,3239,5288,5739,6892,7597,5229,5869,1518,7408,5490,8499,2740,8439,8318
3916,5554,3698,3700,6421,4024,8953,7194,1755,1277
5441,1284,4905,7824,5489,7890,4052,5784,4413,8639
3617,3939,1285,8971,2604,4144,8563,7187,8373,5917
8704,2178,1286,4811,1338,4627,8403,8470,8159,7781,7079,2090,7083,5933,6708,7286,4602,1339
2660,7044,6948,3686,5772,4589,4622,3315,7412,5332,6167,8311,1305,7836
4738,1314,6725,8232,8717,2227,3860,2646,1567
4896,5700,1332,6091,5867,6845,6111
5061,6085,3214,5775,8659,8535,8217,1498,7901,5215,8553,3947,8883,6068,5241,1341
6280,7370,4939,5260,6604,4054,1368,4954,4961,7273,6379,7852,6316,5879,7864,6074,7868,4990
5825,7458,6724,1414,4903,8028,5355,6222,6286,8116,8726,8476,4701
4786,1427,2748,8138,7579,8172,5295
8896,1473,7457,4377,5512,1481,8881,1463,7321
1474,4803,6728,3401,4553,3281,5522,6114,5670,1640,8301,5811,4852,1653,8886,5112,7231
4963,2276,1484,5230,1873,2517,5880,6203,7071,5055
8834,6749,4663,1487
6018,5188,5892,6855,4169,8722,1490,2806,7318,7608,7388
6952,1529,8077
7488,3011,3140,8419,1535
7264,1538,7779,3234,7748,7818,4878,3953,6867,6680,6585,7133,7134,5759
2661,1550
5968,2614,7095,1561,8046,7039
4992,7301,4551,6471,7113,3212,6289,2706,6291,2833,1562,3998,4255,7903,6756,6634,7020,9005,8815,7665,8372,8120,5183
3041,1575,6559,3436,6894,8627,4500,3581,4895
1604,7209,6828,5837,5906,7350,6998,2747,4957
1608,4585,6594,2606
6528,7168,5957,8453,4039,2824,6790,3339,1612,6735,1945,1946,7072,6433,8483,8179
3143,1642,3692,3374,1649,6200,3226,3294
2177,8770,8323,6149,5702,7561,6985,5132,4173,2320,7061,6486,5527,3035,3356,8927,8352,3619,7140,5286,5609,1643,6706,8634
8756,3974,3272,8906,1646
7360,8530,2723,1668,6859
1697,3144,5850,3979,5788,5406
5570,6821,5638,8808,1705,5130,6965,7770,4092,8638,8415
5299,8356,6278,7289,1706
7936,5633,1730,6723,4290,5477,8101,4137,6153,5594,3218,6259,4855,5082
6880,5474,6116,1733,7468,8016,2386,8278,3736,3192,6269
7713,3857,7807,1738,8399
6019,6534,7916,4525,7312,1776,3219,6643,7221,7167
8440,1793,4338,7179
8658,3812,8969,7881,1805
1955,2820,2683,1811,6548,2965,1814,2457,4475,4284,5533
2184,1854
6496,4097,8866,8771,7812,6245,7494,5031,7773,8204,1868,5074,6903,6584,3037
4257,3528,8697,1869,4399
4113,1874,7845,8823,6376,4732,4824
6913,7138,1891,5156,8166,8679,8494,6544,8306,3826,5715,6292,7831,5466
7042,7634,1909,6390,8042,4828,7150
6129,1940,5637,8901,7709
5537,7462,6472,3913,4020,1941,4791,8185,6330
1960,5507
8584,4617,7114,2000,8146,4949,5147,8800,5539,5606,6248,2485,5750,7927,6648,7414,2431
4930,8276,6759,8236,4365,2046,7743
4560,5121,5122,2051,7282,4956
2339,3491,2897,5809,7674,5429,2074,6654
7375,3920,7537,7826,6936,7130,6363,6140,2078
4418,4099,3554,8645,5805,2894,4082,3540,4857,2110
2145,6885,7930,2877,8557
6355,2149,4904,6905,5672,6347,6990
5393,4915,6682,2167,8552,8202,5707
4352,2194,8094,3285,8026,8302
8997,7016,5545,5321,4041,5804,4685,2924,3245,4369,7091,2196,5909,7893,5115
2977,2274,5649,8019,6773,2206,6302
2247,7031
2294,4392,8601,8376,5023,7054,6351
7971,2323,2535,5287,6508,2813,8015
2324,2326
6434,6917,2334
8739,6627,7013,8775,2344,3881,7695,7570,6963,4023,6874,7869
6800,6951,7211,2347,8877,2855,5518
6467,5063,2762,2362,3853,2895,8602,3582
5905,7835,2409,7722,5099,3756
2744,2449,5819
8355,5093,5862,2472,8079,6802,2901,6616,4601
3521,3925,2502,6326,5593
5091,8741,8774,8462,8495,8787,8342,2523,3838
8165,6729,7899,2524,7805,6062
6791,2530,6119
2546,8451,8338,7529,6732,7855
5820,2547,8485,6983,3352,7431,6077
7076,4902,3831,8076,2557
3520,7602,2558
2563,8270
5249,6385,2568,8569,3722,6731
5504,2624,7427,7043,3174,3398,7816,8681,5478,8052,4537,4922,7195,7710
4497,6588,2639
2675,8821
6912,4448,2688,5716,7046,7373
4609,2692,8264,8456,3667,3604,4118,3992,5018,4708,6126,3190,5368,4474,7355,4860
6208,6403,5766,2696,7753,6477,6672,5776,4498,3923,8213,3991,2775,7384,6174,7967,7263,5346,7331,8802,3112,7147,3821,5358,7475,5559,4984,5434,7357
2714,5270
2715,5621,2949
2722,7979,6526
5760,8777,3298,2727
4747,2796,7075
2976,5377,6562,7295,5060,6919,3530,6032,7251,2803,4763,7517,5375
3489,8489,5387,8716,4717,2804,5718,6169
4193,3650,2818,5973,8861
6161,7894,3095,4938,2830
7171,4295,4104,5964,8781,2831,4495,7951,7761,5330,4501,6107,8737,3172,5610,5098,8111,7984,4401,4089,7418,4478
2848,5840,5890,8595,8104,3064
5497,2866,2980
3057,5685,8508,7975,6060,2879
8351,2932,5799
4756,2950
2964,7653
3314,3045,4678,8750,3306,8238,4783
8908,3111,6716,7694
8725,8790,8853,3449,3164
4512,7952,3910,6587,3165
7386,3171
3208,3649,6808,5221
3369,3215
4624,4273,6002,3216,6324,7944,3483
3217,4415,8282,8843,3247
4292,4421,8841,4752,6231,4376,6170,7834,8796,7391,5667,6563,8429,5680,5748,3259,6911
3288,7923
4466,3375
6978,8585,7177,3377,8115,8755,4182,7738,4700
3385,8923
7706,3403,7628,5781
4146,9011,3419,5859
9002,3430
8640,5561,3460
8769,3971,3518,3495,6984,6539,6574,4079,7441,5460,5524,7413,4893,8606
9010,3509,7383,8698,7580,7485
6561,3511,4459,6860,8215,6650,4027,7511,6047
6367,3526,7127
6232,7369,3538,8191
3568,7762,5047,7673,5546,6607
3585,4084
6441,3623
3641,5364
6600,3696
3704,7905,7536,8920
3715,8036,8773,8772,5032,5839
3755,8503
6481,8227,3814,4456,7756
3818,4463
8452,8746,6349,7407,4952,8885,5848,3897
5505,4722,6835,8947,3976,5209
3997,7366,8959
6818,5506,7241,5002,6188,4016,8371,6840,5754,8347
4818,4085
7737,8626,4101,9006
4348,4111
5264,4129,8629,6311,8105,6811
8048,4145,7473,7747,4340
7396,4167
7084,4198
8314,8805,4311
4344,4673,6151,7372,6445,8799,8913,8918,6744,8671
7528,5458,4403
8192,4464,6191
6752,4548
8164,5990,8780,8268,4563,8277,7126,4636
7465,6258,8182,4607
4676,8605,7638
4710,7367
6809,7545,8791,4729,7531,5550
5584,4764
4800,7614
5571,6213,6664,4970,5438
7117,5062,4991
8871,8505,8362,8541,6765,5119
6850,5410,6947,8648,7090,5267,6747,6044,8287
5352,6322,8806
8889,5385,8874,6011,8751
5484,7014
5536,8561
5563,5724
6179,7862,7319,7565,5647
5686,8486
7190,7623,5719,7259,7404,7790
5729,8205
6558,8492,7400,5736,6328,7151
8917,5993,6597,8070
5995,6524,8694
7913,8730,6014
6034,7987
7145,6955,6038,7223
8976,7833,8940,6172
6250,6629
8537,6437
6761,8981
6796,8413
6848,8435,7622,8335
7483,6877
9008,7124,7789,7764
7136,8432
7497,8924
8865,7500
7541,8307,7525,7542
7568,8502,8327
7739,8003
8922,7883
8550,8190
8941,8943
