1857,7268,6053,2279,8039,1097,6254,7991,4989
3557,8983,7865,6267,3229
4230,6507,3917,5232,8667
1536,2754,3077,7255,6591
8259,8099,8271,5139,729
7749,1991,5773,7183,8312
6411,6418,7507,6933,8702
4654,2996,6325,6549,5886
4581,4521,4427,3277,7696
8677,6695,8520,3054,5369
5893,4424,3795,6262,7162
7424,4003,804,7189,5050
0,2537,3466,1399,4767
3468,6958,8565,4218,2559
8056,3493,5831
6401,1772
4395,5931,4017,7409,4703
7201,4806,3977,1778,1495
5857,5224,4593,1718,6079
4748,1724,7277
2724,3647
7265,7526,7767
1405,4591
7344,8973,2728
6968,8154
7563,2885,8478
7448,5891
8226,1989,5580,2477,3127
4425,8397,7598,5275,6207
6183,8180,6554,251,94
7618,98,4335,2002,5436
6882,2436,5129,8363,2188
1346,1223,519,6871,895
5090,2438,7271,5137,7583
6409,8683,7116,6572,5103
6031,4368,8979,3669,447
4643,8360,7578,3032,1914
3713,4451,2053,2962,694
7715,6599,7827,5755,2654
8618,4303,6898,5363,863
4737,217,430,7415,1625
7686,3721,3227,2644,4379
6017,5548,5487,2421,2111
2917,2067,2425,1435,477
2602,5612,5713,4050,1142
7649,1543,6709,5878,5244
4869,1767,6093,2221,1747
2793,5318,4942
3242,1358
4707,4103,5519,7128,3005
2208,4945,8914,4499,5972
4843,4974,6192,2973,8798
4394,2510,5626,1852,6655
5313,869,583,7885,855
7682,7334,6027,3728,4955
5191,424,6677,5654,3898
262,1681,2065,3987,951
3776,7950,1713,2773,4350
3413,7958,3801,4026,1215
3321,2789,5566
6130,2007
6887,3864,8818,4440,8252
8354,8,1455,5616,1461
8685,8813,8404,6997,6615
5280,5419,1452,5779,8822
8402,5301,4150,6842,1882
7432,6673,1973,2967,5532
2731,5168,5843,3671,8095
7490,7655,8207,6004,3765
8231,3016,8461,2957,6896
1952,2316,4215,5531,2461
3593,6283,6638,1970,22,1146,4510
7338,1740,2868,6646,2364,4892,2783
1186,292,5096,2328,30
1248,5095,3420,1246,1823
1827,2567,1781,1757,1694
734,387,37,4078
8032,1017,4900,2293
1824,34,1693,295
5155,8549,3337,42,6837,4630,3642
3459,6727
2814,7999
5744,8832,7616
3433,8334,1199
6163,6934
2845,1501,1898
8931,6039
4037,8974,4406,6970,2300
6916,7470,3955,3675,4927
3654,3335,761,7354,7870
4482,1699,6152,5753,4249
3280,5408,7575
8457,7353
4324,1701,3846,2873,2137
426,4234,1302,5915,7966
5336,2298,8383
3448,912
2162,3734,1911,5080,63
3545,7486,7919
8747,6043
6657,619,5742,8655,5212
8321,6050,7685,8720,5437
8002,5284,7558,7341,3797
2129,7512,7132,5405,8831
2786,7555,7285,1944,6237
7170,7941,5256,7691,4125
3753,2769,4788,5236,7956
6915,7299,3844,4363,4116
6307,7922,5618,51,4469
3141,6470,2766,5617,5970
8849,8556
6944,1610
6715,7220
7600,6899,8243,4181,8987
7205,5158,6346,6833,2173
7297,6225,1683,6133,8895
3780,8424,2127,2132,8149
7398,2128,5557,7446,8348
8280,8825,3890
6178,6823
7024,7464,2934
4618,3358
4529,8779,1348
5009,7867
8004,6640,6365,1531,1469
8705,1476,1160,6035,7476
3365,1836,8688,6226,8214
5152,7304,4329,7349,1558
5513,3883,4877,8174,8189
8647,5480,1353,6712,8575
7657,4911,6739,6870,6878
7364,8464,6514,5013,1439
5632,3312,8789,2229,7101
8809,8239,4946,3644,3711
5655,4457,7566,4046,7799
3778,1443,3688,4713,1662
8194,2929,8309,1977,5918
4704,6560,6118,3477,5975
4138,6220,5936,6097,4543
4327,4112,5943,4667,7772
2561,7587,2024,918,1980
8581,4233,4022,7960,8956
7690,7051,7532,3731,7829
7754,2635,4724,5495,5372
6305,7937,133,3656,5324
998,1709,2927,8912,8568
1961,4958,7218,6901,5630
6244,4522,206,3578,8447
7928,6362,2135
4802,7274
6468,7333,7917,1787,7902
7078,3942,4871,3666,6394
7712,3425,3464,6701,5071
452,4437,58,8891,5404
7074,4817,7161,5116,7838
8161,5289,6738,4726,7450
6146,4133,8297,5709,3224
8449,7604,2745,3292,6717
5412,5899,1516,1742,2039
4680,6928,2771
7411,1741
7841,8123,6497
3225,7363,6051
8066,7848,8617,6730,5552,3384
5432,7544
1569,5052
6922,3503
4889,68,7293
6606,8053,7726
74,4932,2125,7518
929,4453,5128,3382,2687
2914,2603,853,2471
2372,740,871,235,858
1155,4595,7447,2679,1564
97,6501,4204,4925,1438
706,3176,1674,3279,2995
6436,3719,3788,3565,5008
3010,2338,3108,7592,3933
6176,8130,8324,2571,5263,6895,689,8692,4221
7809,2278,8712,5064,6741
8544,5829,8392,4688,117
7527,2377,6858,8526,4251
6658,7992,150,2710,3480
5699,2226,1365,6198,1727
953,4299,8126
1381,1374
1411,1831,1686,1687,2525
2629,2630,5423,4853,2462
4592,954,495
1664,5453
2882,6699,7629,5166,6131,2680,6238
128,3594,8011
4837,2495
4867,3888,1331,7703,5500
8817,5810,1511,135,5163,3085
3592,2858,1719,8792,1596
7846,4815,8784,7668,7549
6340,5220,6215,3498,5877
8736,6953,3820,140,7550
7978,8050,7796,8345,5242
2296,5253,4841,8856,8441
7783,8933,7774,8303
5265,8905
8904,7786
715,2094,3637,8763,8958
7172,5195,6479,144,5913
8996,9000,4524,1147,6942
6374,3950,8178,7672,8446
4192,6020,8711,4632,1467,156,2407
6857,2286,8370,5107,8762
8706,6982,4117,7064,5022
7652,5924,6575,6456,6141
4163,5297,3639,7866,1117
4616,5706,5678,3825,3832
547,6665,5740,8564,6424
160,7523,8141,8719,5111
4227,8580,165,195,2023,5683
5989,1998,3761,8882,4657
6128,1361,962,169,4346,7662,1391
7232,7717,5449,5356,7032,8829,8830
3329,6381,4373,8341,7895
7011,2252,8367,3474,380
7752,6313,4091
2265,2454
2342,8167,1774,8592,3162
8448,7688,175,2482,3123
2016,4913,3378,6771,2169
6308,4172,3406,6907,3004
864,8133,5765,6137,8444
5051,7239,7535
6196,8710
8576,2467,6736,2105,7839
640,643,3836
7257,7593
3461,6570,8653,7508,1434
2240,2331,3523
3450,4483
8001,7322,4359
4658,8054
4515,5420,6194,438,5853
8998,8842,6605,4947,7423
184,6639,7336,5439
2953,2156,6941,8022
8551,7081,5582,5328,4343,7452
4071,8500,7993,190,3934
6661,3751,1682,5459,5907
6498,8803,7858,199,8343,3196
938,2061,2205
978,1677
1240,392,6309,1671
828,862,927
2645,3607
3106,1829,937,3023,510
1959,2582,218,2459,3102
2669,2670,372,4318,3455
743,2248,3207,1679,2069
355,2116,4523,852,5653
1380,2841,4890,475,2751
1542,2823,2735,948,859
2340,2812,3402,2104,3452
2219,212,1317
2920,2087
834,3237,1958,241,3608
3878,2158,8783,3694,6931,565
8071,7215,2233,1403,222
6181,4461,5238,8283,5502
8129,8596,1750,7069,8574
4740,5164,6669,8527,2077
4320,1586,6134,1850,1566
1921,227,4597,1717,2759,1933,1934
2758,231,1801,1929,7659,5579,1519,1524,7931
5802,236,8591,6641,6610,3896,3834
1579,3115,5424,3126,2327,3931
1219,553,3724,8848,7122
2809,4516,237,4623
7777,4434
2043,2478
7001,2972,7382
7906,2437,6535,8057,8316
358,1863,243,4187,5983
3748,2089,3180,4277,3705
1888,5541,7474,471,894
4648,7377,8061
1521,6211,6061
6625,6626,4578,6531,4391
8169,244,1525
1917,4973
5217,4225,1571,2834,7736,2617,5308
2307,6224,8663,6906,8862
7876,1513,2418,6551,7996
4706,8965,5767,6005,5310
6689,1167,981,8121,1629
7203,2019,549,8106,6876
3553,4545,2469,4935,3099
2971,265,3283,2011,7100
5223,4814,1588,7989,7159
1377,2756,1545,7539,8188
1834,5007,3183,502,1918
6726,3182,1235,2262,1565
3928,1770,3861
4210,3186
5234,2842,4891,3964,2238
1587,3158,4503,247,2236
3142,4402,1108,3131,7006
8000,4906,850,7675,956
1932,2235,1584,977,6235
6084,5703,1296,6391,5081
4449,4040,6578,6676,5367
5971,4739,4317
4371,589
1504,4514,8471,5117,445
2761,4652,6702,1614,1847
738,4356,2923,2778,1503
2385,2354,1655,379,1853
6416,5428,8118,6423,7451,6396,254
6624,5921,7362
5761,2946,2373
4873,258
3395,6533,5894,1821,8255
3673,7609,748
5640,6649
6635,1616,8305,7891,3519
8519,1447,2474,874,8909
5668,3269,2570,2044,6399
8234,2922,4124,1237,4572
2404,6022,4087,6040,8153
5376,2210,2084,4060,2750
7840,3238,841,267,8477
4321,7782,6890,2520,4188
4267,846,3791,3187,3007
8195,6251,1140,5812,3577
1568,2082,4393,3662,4531
7428,2921,8690,4086,3803
844,4976,466,1373,3454
6786,507,685
1994,3299,5573
4539,7380,5950
491,4605
899,7240,5996,1965,8765
4229,271,4049,273,2780
4996,2123,5586,8758,503
5089,4517,490,4339,4606
737,4006,4076,788,2108
6081,274,6836,3261
5562,6252,8703
3625,4302,7667,8148,3542,2269
2626,2499,2554,4826,2588,958
280,8405,4264
4262,3785,4588,4528,2041
5125,872,300,3856,6384
303,3284,5207,5208,2042
3072,873,2553,5402,284
695,2862,2671
4827,1262
2241,6310,3020,5845,1466
5088,3025,3539,1274,2844
4322,4998,2124,5239,4570
289,4326,845,2642,2106
2659,2742,1015,857,3355
836,2918,469,1691,1919
2255,3253,473,2490,3739
3397,2444,2583,6073,1278
736,1825,297,955,1022
3783,2825,3566,7515,3550
644,4077,3090,9015,1721
7108,294,6221,3282,3348
7962,4213,7982,3927
2905,6281,1105,3388
1784,3531
2828,4550
3075,4684,305,1689,443
712,441,2672,7577,3516
6338,4647,7946,6067,7801
5603,308,4599,4059,7325
2434,6380,6768,8701,5535
7554,8873,5677,311,8379
2992,4135,6711
5425,314,4709
320,3411,4694,935
8847,7249,4157,2429,4631,6909
8715,3884,6733
4304,3876
8897,4070,7882,5708,2350
7939,325,4331,3702,7033
7660,7663,4656,3441,1078
7689,3371,3665,7573,2493
344,5482,6426,7765
2978,2083,8117,360,4153,2539
4705,5932,7733,6542
7052,2693,8381
2503,363,1356,2062,472,6109
368,5087
7417,2203
365,367
3456,2088
2666,2827,2237,3022
376,2585,1548,366
1576,5481,1676,2254,848
1025,2371,2118,2218,2251
3760,370,3383,2107,2109
2919,593,2225,3222,1052
4720,817,4170,7599
5847,6389,3199
3184,860
1067,646
5780,374
3204,3021,814,4978,697,1436
5382,5960,6446,7477,4698,4669
5120,7853,6766,2292,2940,382
5057,4579,6447,8339,6516,5694
3984,6461,397,7270
8651,395,1885,838
3586,2856,8761,4542,8607
1384,1266,5142,1592,6303
8902,8582,5965,398,6929
7842,6692,8523,7348,4506
2048,492,1229,2578,4436
7233,709,6121,1068,3629
2916,7819,4108,6764,1840
832,6769,6392,1595,893
8660,5070
8899,5486
400,6323,5020,8368
2273,3443,404,5628,1598
6609,7291,6299,5581
8674,3051
5542,5735
5123,7859,4420,965
3105,6691,8714,1936,3185,2738,408,4216,7965
4552,5473,412,4246
8497,5834,8291,4477
8098,7822,8824,5246,3775
5476,8743,7311,7253,1791
8197,5578,3978,1134,4886
3727,6805,4183,6008,2366
6820,8357,8103,8041,2313,7915,7023,434
3013,454,807,2956,5613,4062,2943
3138,1288,8043,8948,4565,7704,6075,8382,6142
5575,6216,5705,4492,6491
8515,6851,4195,6057,465
8513,5731,5516,5135,6742
6049,5854,2647
2689,7102
5856,6103,8088,7513,3290
5577,7164,479
7969,8134,3039
7139,6556,8851
4777,7644,6757
8417,7280,3415,6841,7519
7098,5961,3894,8409,3418
6233,2799,8479
721,1115
5354,5034,5403,5980,6335
8707,8745,8970,4813,6366
3360,7169,8559,2355,3960
2787,3209,3313,6263,1722
483,4744,2384,4241,2999
6675,6359,5864,489,509
5730,4875,7019,496,2589
1144,532,5852,5148
7918,3827,499,3510,8310
3305,5619,7677,2518
512,4208,4665,1320,504,2782,3663
513,4223
5011,3462
6452,8932,1606
3154,3427,790
8265,2794,8155
6273,515,3270,3338,7292,6029
7910,6536,8124,524,3886,4508,6844,8926,3935
8128,5920,5955
529,7030,7534
909,6566,8319
8081,3634,535,8855,3850,2045
4741,1126,7720,7403,8656,1937,3792,8030
7552,2212,3120,1271,5693
5068,8084,4613
7681,6813
2164,7553,6124
5664,7433
6113,5793,7493,8934,5292
1101,2190,7217,595,7455
6148,7406,6290,6003,5597
5447,6930,4760,5884,540
3816,5065,2699,1227,4282
1797,6567,8328,779,5017
5329,2120,7082,4139,543,1752,2351
5938,987,2071,559
2012,7454
6474,8950
8163,8139,5911
1191,569,4357,4407
1150,6827,2550,3287
3026,6954,5149,6583
2288,8759,585,5866,6028
8472,7530,4653,591,6454,5016
842,1935,4598,1688,2811,829
8768,2402,5865,5293,7478,599,4986
5635,6120,6443,750,5498,4414
7272,8249,3504
7337,1450,8422
8431,4212,3223
7288,630,2623
5644,8511,8903
6602,8396,5214
5024,3003,6139
632,7089,8107
8290,3684,5639,8977,6387,2612,1173,635
7872,3738,7107,4797
1264,1242,1298
3552,3393,645,2318,3472,3317,2491
3362,3874,6345,6540,6670,4306,6651,5791
5881,8826,5468
6797,4966
7489,5733,4245,5974,7581
3681,649,3561,6940,4189
7298,1967,6511,6647,8062
6265,7540,653,6457
5305,6242,8708
4081,7954
8009,7340,2381,4332,657
4968,4969,4972,7856,7125
2816,5508,668,9004
4582,5448,6637,8975,4275,1110,1660,8893,990
2959,3567,5435,9013,5883
2113,675,7343,8911,7192
7878,5543,7087,6102,6620
7266,1893,7430,1357,7897
8590,4782,7123,5941,2302
6464,8579,8325,678,8652,7314,3573
4000,6662,3303,4561,5043,4438,7707
3659,1233,7509,8728,5595
4770,8284,8254
7976,3628
4556,1202,7700,6550,4030
7393,1795,4429,5134,8852
4967,3081,6287,6393,6201
6631,5807,8049,4919,7320
4258,7794,3993,8286,1631
1170,2422,3479,8442,7034
8547,1157,8332,3437,6487
5601,5673,1459,698,2397
7088,5202,1300,3541,4253,8158
8962,5479,4909,8501,8474,701
6659,8008,7050,3759,1820
6407,6249,3882,3122,4283
704,1028,1019,2587,732
5521,6788,745
6080,1152,3710
8548,5445,2052,7237,8525
5457,753,5720,1514,7323,6205
768,6088
8928,8833,5216,8727,8267,6668,782,7699,8151
8633,786,2860
7300,7949
4444,799
4410,8380
5794,802,3958,7947,2702
8776,3252,4600,6105,8668,3100
6946,810,812,1294,6065
8152,8735
5698,818
5868,8244
825,4590,4382,7143
4504,4994,3828,7198
830,6623
4520,2505
8915,868
2541,888,8661,5815,5592,6236,8894
7073,6830,4596,5397,4790,2870,4604
1968,5141,902
7636,6015
8034,6803
6274,6275,3135
7459,916,1231
8443,2451,7973
4689,7955,4965,920,5114,4285,4558
5665,2610,4979,6372,4664,923
932,1832,5257,3178,1833,5101,8700,7871
6190,942,2705,4177,8631,8604,3325
7120,2532,1950
5509,4846,6295
2147,4995,5607,1964,946
3301,1665,7053,7887
7296,5325,7504,8916,1526
3808,6371,8388,6980,3028
6663,7305,8554,7755,4114
5281,5186,5226,2475,959
7908,8068,6001,1685,8504
7904,7813,8838,3439,7058
4641,5037,7925,5946,4959
5312,4808,8142,8086,4766
5193,8175,3889,4248,5947
8587,8619,7471,8496,3129
8875,8621,7892,6745,7420
4354,6864,3858,2387,8854
1408,3911,970,4381,8510
8330,3342,7635,7059,1630
7648,7589,8393,7821,2968
3109,8394,7346,2615,3771
8386,8454,8434,3188,5078,2875,2655
5643,974,8880,8534,4733
6276,8085,7294
3810,7606
983,1843,8695,4650,4333
8384,1003,7260,6614,6972,1311
1376,2889,2223,7216,5553
4034,3603,8543,2909,1007
3744,1329,1059,3551
4185,2508,3615
7141,4615,4943,1011,6966
5401,6920,5001,4431,6425
6776,4819,1493
6240,8245
8198,6089,6284,4847,6515
6217,6317,4532,3678,6687
8257,8458,5450
3968,8294
5442,8967,5671,4341,8060
3908,8649,7243,3630,5935
4805,5778,8083,5431,5049
5986,2058,4205,5902,8827
1040,8033,5530,6458
1065,3842
1860,3909
1120,8289,7590,2216,8713,4718,1072,5823
3273,3970,6500,5622
7443,8907
8993,2283
8322,6633,3892,8793,8573
8804,6117,7371,6135,5629
6180,3535,7379,7510,5053
5136,2433,6926
7096,7390
8201,5642,4397,7837,2303
6048,4323,6760,5398,2363
6789,2186,1074,6619,5151
4771,4196,5830,3564,6098
5792,8487,7303,4682,3824,7063,1080,4058,6012
1370,1084,4823
1088,4388,8469,8262,4074
7040,7619,7467,8364,7725,7929
1089,2767,4780,5255
6046,4839
3600,4716
7009,5855,7154,3160,3609,8542,4287
4014,6994,7642,6621,4639
6976,6831,1554,8247,5887
3367,7757,8466,7258,4127
4416,6466,8230,6854,7496
3768,6459,7062
5785,5994
1984,2465,3843,5510,3597
8929,1925,7759,1818,1118
7889,5066,7029
4610,3524,8423
7611,4364,5262,1143
3233,4106,3050,8389
1184,7632,2867,6007,4141,4191,8143
7057,2514,1188,8263
7104,1194
4480,5381,2121,8078,7793,1307
2694,3400,7693,1198,5998
6795,8588,2941
1205,3574,5342
7875,4175,8210,3475,7988,4473
3936,3331,2829,8593,6100,7065
4293,4011,8844,6872,1212,3423
6144,1889,8258,2822,5415,7315
5712,1798,1216
1716,2757,1887
6490,7607
4009,5380
8752,1221,4199
6785,3257,5898,7758,6873,5817
4868,7983,5334,7961,6520,5849
5696,1225,2573,2161,8794,5756
5648,1250,5366,2488,1786
2883,5288,4122,5660,6045
5739,5229,5490,8499,2740
8390,6892,5869,7408,8439
1254,5444,7942
4312,7597
2272,3239,1422,1518,8318
3916,5554,3698,6421,8953
3700,4024,7194,1755,1277
5441,4905,4052,4413,8639
1284,7824,5489,7890,5784
3939,4144,7187,8563,8373
3617,1285,8971,2604,5917
8704,7781,7079
4811,6708,8470
7083,5933,4627,7286,4602,8159
2178,1286,2090,8403,1338,1339
7836,6948,3686
5332,4589,8311
1305,7044,4622,6167
3315,2660
5772,7412
4738,8232,8717,2646,1567
1314,2227,3860,6725
4896,5700,1332,6091,5867,6845,6111
8217,3947,6068,6085
8553,5241,8883,3214
1498,1341,5215,8535
5061,8659,7901,5775
6280,7273,7370,6316,5879,1368
4961,6379,5260,7852,7864,6074
4939,6604,4054,4954,7868,4990
5825,8116,5355,8476
6286,8028,1414
7458,6724,4903,6222,8726,4701
4786,1427,2748,8138,7579,8172,5295
8896,1473,7457,4377,5512,1481,8881,1463,7321
6728,4553,6114,1653
5112,4803,5670
1640,8301,4852,8886,7231
1474,5522,5811
3401,3281
1484,5230,2276
5880,2517
4963,1873,5055,6203,7071
8834,4663
6749,1487
5188,4169,1490,8722,2806,7388
6018,5892,6855,7318,7608
6952,1529,8077
7488,3011,3140,8419,1535
3234,7779,7748,7818,4878,7134,5759
6680,3953,6867,7264
6585,1538,7133
2661,1550
5968,2614,7095,1561,8046,7039
6471,6634,2833,6289,6291,8372,3998,4255
4992,7113,3212,2706,7903
8120,7020,9005
1562,5183
6756,7301,4551,8815,7665
3436,6894,4500,3581,6559
3041,8627,4895,1575
7209,5837,5906,7350,2747
6828,1604,4957,6998
1608,4585,6594,2606
8483,3339
6528,6790
7072,6433,5957,6735
7168,4039
8179,1612
2824,1945,1946,8453
1649,3226,3692,1642
6200,3294,3374,3143
7140,6985,7561,4173,6486,3035
6149,5286,1643,8634,3356,8927
8770,5702,5609,2320,6706,7061
3619,5132,8323
8352,2177,5527
8906,8756,3974
3272,1646
7360,8530,2723,1668,6859
3144,1697,5406
5850,3979,5788
6821,5638,8808,7770,4092,8638
5570,1705,5130,6965,8415
5299,8356,6278,7289,1706
7936,5633,1730,4137,6153,3218,5082
4290,6723,8101,5477,6259,4855,5594
5474,6116,1733,7468,8278,6269
6880,3736,8016,2386,3192
7713,3857,7807,1738,8399
6019,6534,7916,3219,6643
4525,1776,7312,7221,7167
8440,1793,4338,7179
8658,3812,8969,7881,1805
2820,1811,2965,1814,4475,5533
1955,6548,2457,2683,4284
2184,1854
4097,8866,6245,5074,7773
8771,7812,7494,8204,3037
6496,5031,1868,6903,6584
4257,3528,8697,1869,4399
4113,1874,7845,8823,6376,4732,4824
8679,8494,6544,8306,5715,3826,6292
6913,7138,1891,5156,8166,7831,5466
7042,7634,1909,6390,8042,4828,7150
6129,1940,5637,8901,7709
6330,4020,1941
3913,7462,4791
6472,8185,5537
1960,5507
7114,2000,5750,7414,5147
6248,6648
4617,2485
8146,5539,5606,7927
8800,4949,8584,2431
4930,8276,6759,8236,4365,2046,7743
7282,5122,4956
4560,5121,2051
2339,3491,2897,5809,7674,5429,2074,6654
6936,7537,7130
6363,6140,7375
3920,7826,2078
3554,4099,8645,5805,4082
4418,2894,3540,4857,2110
2145,6885,7930,2877,8557
6355,2149,4904,6905,5672,6347,6990
8552,6682,4915,2167
5393,8202,5707
4352,2194,8094,3285,8026,8302
7016,3245,4369,7091,2196
8997,5545,5321,5804,7893
4041,2924,4685,5909,5115
2977,2274,5649,8019,6773,2206,6302
2247,7031
2294,4392,8601,8376,5023,7054,6351
7971,2323,2535,5287,6508,2813,8015
2324,2326
6434,6917,2334
8739,7013,8775,4023,6874,7869
6627,2344,3881,7695,7570,6963
6800,6951,7211,2347,8877,2855,5518
8602,6467,2895,5063
2762,2362,3853,3582
2409,7835,3756
5905,7722,5099
2744,2449,5819
8355,5093,5862,2472,6802
4601,2901
6616,8079
3521,3925,2502,6326,5593
8787,8741,8342
8774,8462,8495
2523,3838,5091
8165,6729,7899,2524,7805,6062
6791,2530,6119
2546,8451,8338,7529,6732,7855
5820,2547,8485,6983,3352,7431,6077
7076,4902,3831,8076,2557
3520,7602,2558
2563,8270
5249,6385,2568,8569,3722,6731
7427,7043,3398
2624,8681
7816,4922,5478
4537,7195,3174
5504,8052,7710
4497,6588,2639
2675,8821
6912,4448,2688,5716,7046,7373
4474,4118
8264,3992
2692,4860
4609,8456,6126,3604,5018
4708,3667,3190,5368,7355
5346,5766,2696,3112,2775,3821,5776,7475,3991
8802,7331,6672,4498,5434
7147,8213,5559,4984,6174
7753,6477,5358,3923,7357
6208,6403,7967,7384,7263
2714,5270
2715,5621,2949
2722,7979,6526
5760,8777,3298,2727
4747,2796,7075
2976,5377,3530,7251,2803
5375,4763,7517,7295
6032,6562,5060,6919
3489,8489,5387,8716,4717,2804,5718,6169
4193,3650,2818,5973,8861
6161,7894,3095,4938,2830
7171,4295,8111,7761,4089,6107,4478
8737,3172,4495,4401,5330
5610,5964,8781,7951,7984
4104,5098,2831,4501,7418
2848,8104
3064,8595
5840,5890
5497,2866,2980
3057,5685,7975
6060,8508,2879
8351,2932,5799
4756,2950
2964,7653
3314,3045,4678,8750,3306,8238,4783
6716,7694
8908,3111
8725,8790,8853,3449,3164
4512,7952,3910,6587,3165
7386,3171
3208,3649
6808,5221
3369,3215
4624,4273,6002,3216,6324,7944,3483
3217,4415,8282,8843,3247
7391,4421,8841,5748,4376,3259,6911
5667,6563,4292,5680,4752
6170,8429,6231,7834,8796
3288,7923
4466,3375
8585,8755,7177
3377,7738
4700,4182
6978,8115
3385,8923
3403,5781
7706,7628
4146,9011,3419,5859
9002,3430
8640,5561,3460
7441,3518
6539,3971
8606,3495
6984,6574
8769,7413
5460,5524,4893,4079
9010,3509,7383,8698,7580,7485
6561,3511,4459,6860,8215,6650,4027,7511,6047
6367,3526,7127
6232,7369,3538,8191
5047,5546,6607
3568,7673,7762
3585,4084
6441,3623
3641,5364
6600,3696
3704,7905,7536,8920
8772,8773
5032,5839
3715,8036
3755,8503
6481,8227,3814,4456,7756
3818,4463
4952,8885,6349,7407
5848,3897,8746,8452
5505,6835,8947
3976,5209,4722
3997,7366,8959
6818,7241,5002,8371,6840
5506,6188,4016,5754,8347
4818,4085
7737,8626,4101,9006
4348,4111
5264,4129,8629,6311,8105,6811
8048,4145,7473,7747,4340
7396,4167
7084,4198
8314,8805,4311
8671,7372,8913,6744,8799
4673,6151,6445,8918,4344
7528,5458,4403
8192,4464,6191
6752,4548
4563,8164,7126,8780
8277,8268,4636,5990
7465,6258,8182,4607
4676,8605,7638
4710,7367
6809,7545,8791,4729,7531,5550
5584,4764
4800,7614
5571,6213,6664,4970,5438
7117,5062,4991
8871,8505,8362,8541,6765,5119
6850,6947,7090,5267,6747
8648,5410,6044,8287
5352,6322,8806
8889,5385,8874,6011,8751
5484,7014
5536,8561
5563,5724
6179,7862,7319,7565,5647
5686,8486
7190,7623,5719,7259,7404,7790
5729,8205
6558,8492,7400,5736,6328,7151
8917,5993,6597,8070
5995,6524,8694
7913,8730,6014
6034,7987
7145,6955,6038,7223
8976,7833,8940,6172
6250,6629
8537,6437
6761,8981
6796,8413
6848,8435,7622,8335
7483,6877
9008,7124,7789,7764
7136,8432
7497,8924
8865,7500
7541,8307,7525,7542
7568,8502,8327
7739,8003
8922,7883
8550,8190
8941,8943
