2716,4310
3944,2242
2704,1762,3548,3302
4898,7142,332,2989,3322
993,5922,5646,2258,7422
4485,1326,4758,7480,3069
6369,6026,940,6893,6270
3872,6375,3695,7727,6577
7017,8426,2733,3093,4439
2153,3470,6064,2359,3865
3626,3379,3059,5624,4060
6243,8778,6319,5426,572
1506,8806,5873,5276,6367
3904,3139,7206,1865,7434
2983,5768,8234,6282,7724
1540,1061,4143,4880,5658
3264,1122,5392,1589,1176
4036,3689,2893,1053,4670
8067,8712,8940,5103,4251
6251,7596,624,6385,604
5026,1986,4921,6334,4153
5925,7849,6187,7924,1429
8064,8807,5991,4267,8857
8803,5668,1251,2347,4861
5831,876,8109,4783,3480
3616,8754,7351
6522,8790
8400,657,1653,7669,2071
2284,3473,7891,2525,3038
5698,7561,6798,8048,5938
2571,5619,2806,8251,7646
3169,4148,6837,8982,4407
417,8709,7626,7988,8762
6157,5839,7479,888,3001
7781,5549,8111,5817,4223
6242,8708,4332,8847,5305
7840,7747,5894,2891,4563
3621,5457,753,4627,7323
4588,8690,5588,6070,6905
1320,5323,4019,8152,4797
8739,5770,8012,6228,6165
7776,4081,8117,8983,4696
1447,748,1616,8305,3803
7612,2667,8628
4384,5181
6533,2438,6093,7344,7026
7745,1314,5066,8879,1403
8454,1514,1358,8085,1878
5313,5731,7734,7481,3740
8385,8516,7093,5690,3132
2378,6538,8780,6254,7128
4581,3077,5257,8618,7666
5959,4488,6709,1307,7229
5637,2196,4569,6141,6815
7213,7942,8439
3657,2796
1184,2247,6760,3223,4510
2680,8968,8434
4766,2655
1130,2539,284,5436,8798
5024,4195,6411,5644,4558
8896,8674,8933,8009,7340
4834,5355,7889,7864,795
6176,8130,3395,5263,1311
5282,7556,4904,1334,3738
7107,1411,2149,5650,254
7140,7428,4553,2290,8183
3299,6341,8039,6450,8156
8994,7152,8979,6710,8476
5381,1229,7441,3763,5759
998,5032,7125,8214,6428
6986,5580,2031,6683,8636
1730,7732,8885,5335,5530
4992,7841,6051,4198,8123
6786,5387,3878
4264,7326
4610,547,685,3319,6424
5125,8043,8948,8376,8986
5464,6874,4605
8271,7447
2883,8773,4230,5047,8667
8068,6474,6349,4046,6708
1635,6053,8137,942,4177
3939,484,1994,1264,6128
5347,3117,8411,8405,507
8312,8539,8047
5660,8783
3520,6985,8779,8236,8792
4352,6984,4877,6225,8791
4360,8588,6833,8242,7801
5185,1738,6635
2976,7807
8386,6116,7846,8784,6269
6944,8227,6346,1610,7545
5128,7885,7415,4505,4989
4262,9002,4528,1266,7771
7488,8038,8303,5913,3518
3840,8290,3378,8829,3871
8868,7566,7220,6426,4958
3850,1646,8855,7067,8956
452,7218,8243,2429,6909
6024,1037,526,5204,6486
6882,5859,4878,6963,8692
5356,4172,8592,6771,4091
7360,5449,6859,7832,4542
7526,7500,7954,6418,8758
7749,6826,4597,8342,3647
6739,6363,6901
3920,6936
6217,559,7537,5810,4181
3628,5171,3989,4440,8095
6982,6759,1970,4117,8278
6296,7865,3248
325,4565
1219,6184,553,8848,7122
3716,3557,1288,6262,8702
8993,3970,2283,535,2303
8357,7783,2313,7854,7023
8198,5671,8809,8916,5720
7205,8581,7600,8849,6899
8431,1719,8920,5820,4478
8449,2127,6035,2229,2364
4770,6568,7433,8846,14
7201,1097,5837,1399,5950
6117,4141,8781,2744,1596
4656,2929,6292,8149,5466
3427,872,689,6614,4221
3715,8143,786,5715,3573
7104,6767,7223,4472,3706
6114,2404,1643,4115,4631
8128,8802,8163,2775,4889
2034,3091,7047
6540,5470
5352,7951,8081,6322,6012
7782,4872,3952,7641,8283
128,2882,7528,5166,6131
6528,6467,5736,8622,7151
7752,8842,6381,3123,380
4255,7848,2706,5432,7903
2041,3406,2711
7257,4373
7718,6511,1967,7740,7933
8194,7398,3890,7446,8348
678,4424,7276,3917,5050
6232,1361,5616
6979,2510
1536,4003,5325,2132,4925
1080,8953,8324
7772,6421
3585,8322,6500,6633,3273
7809,5897,7472,2710,8765
4552,3511,412,5246,6047
1696,8906,7762,7668,1467
8804,7097,7492
4173,3254
5640,3673,3317,5497,8572
7651,5898,6732,6873,3257
1961,3593,404,4952,4828
4257,6403,1869,3225,3998
4229,4006,2728,8973,7507
3269,2474,1567,6040,6399
5455,6809,7476,8825,1598
6823,7024,2934,6365,4157
2433,4163,902,2090,6646
5063,8203,4299,6325,7958
7652,3085,2286,8564,5022
5155,4323,8549,2765,4114
6464,4112,3698,7194,2782
237,8367,5649,3474,2265
8706,7010,8711,7370,7549
6345,8587,3245,5115,5468
3138,3491,6851,3466,5429
8487,2472,2541,5936,2173
8033,1733,7468,4212,3775
8579,8941,9014,5688,7804
3744,3362,2508,4306,5791
6848,3659,8972,8435,8254
4292,5773,4592,1789,8382
1664,8544,5064,492,6895
6338,7946,4399,6067,5141
3911,2858,8372,7894,2558
4983,5766,7967
5346,6471
3528,6672,3991
4790,6174
8259,2471,1965,5139,5244
4618,8306,4084,7063,3358
6497,7079,6544,7632,3634
5862,1160,6057,150,6075
3780,8239,1683,1469,8895
7813,6920,5001,1011,6966
4647,2350,6191,7774,8446
5158,8908,7084,3477,1662
3586,2856,1384,5713,8761
7464,5163,8688,2387,8575
7091,8728,6715,3229,4030
1348,5866,3883,2288,5009
6371,4517,8424,8554,6425
2377,3755,4688,729,4539
2754,4742,5107,7767,1625
1836,8174,6803,7349,1558
8224,3018,8054,2454,6713
5152,135,4946,8189,3711
8677,3242,6284,3630,5592
8875,7150,4819,6776,6745
7779,2543,5935,1973,7932
3656,1709,6514,8568,5630
1697,8556,3700,4024,8668
3592,8075,3974
0,4947
8683,7189,6549,7991,5369
7552,2212,556,5040,4338
6240,8388,6663,7755,1329
5546,8523,6769,6462,6303
5093,7525,6089,8827,3678
929,4996,3022,2996,3382
7457,1473,1481,8881,1463
6795,8210,3574,7607,5342
6857,5996,7246,1040,6591
3172,8452,4304,7761,5330
7011,4070,6313,5493,3068
2342,8167,7688,6570,2482
5280,7527,8750,6491,5886
7948,3856,6133,4089,2042
6761,7273,7657,4529,7101
387,5965,8530,5142,1592
5473,7305,8719,6802,4892
3234,8998,4146,9011,8700
1476,4522,6667,7765,8799
8257,6864,6774,6839,7420
7473,9006,4279
4233,4340
7818,5739,1937,1170,6649
7875,715,2803,3475,3637
7720,1042,1946,8733,8030
899,3284,4767
2666,300
2689,1989,3792,6130,4020
2848,7042,8099,7016,6490
8737,3778,7471,6162,8223
7893,4437,8891,5404,7197
8907,8958,6007,7390,4191
513,5924,5740,6575,8915
2505,653,6612,5722,8477
7014,5484,1874,4732,7869
2789,7910,3493,6997,8926
5344,3045,3306,8238,3088
6409,7116,2964,8180,5245
8392,4049,8722,4017,1490
7837,8201,6926,7096,8573
6561,7171,3876,22,7614
4713,8746,308,8950,8447
6602,5642,5622,5398,2623
7364,3365,1353,5655,959
3874,6670,8826,6651,6940
5188,5545,3385,6554,6267
8195,6022,3035,4124,1631
5220,3498,4275,9013,8607
8360,8483,8461
6896,2820
3495,7629,6574,8504,7161
7908,5581,6835,1531,4543
7618,804,5998,3795,8631
6354,8787,6293,5208,2559
6401,5893,4453,8565,6142
6085,4431,8883,6068,8217
4806,8775,1772,6933,4023
8120,8905,8661
7020,5559
8458,3551,3858,8854,3615
8489,6958,5232,5718,4218
3144,1233,7794,8563,8852
6149,5670,5286,8886,8634
2631,4648,5454,8370,6904
7489,5733,4966,6797,7581
1408,8838,3439,7541,5975
8231,7915,5901,7190,6330
6728,6539,6642,7061,3356
6560,5804,6236
7882,6118
1191,8139,569,2012,5149
8705,1511,8619,8464,5401
8903,8396,529,6139,8511
4748,7277,7696,8850,7448
8166,7051,3884,2927,5431
4994,4754,4504,7198,6623
7403,8356,8255
8153,8801
2309,4295,8938,8468,3097
5312,7636,4726,5500,2495
6340,8647,3688,8297,4938
6020,7253,4886,3639,4632
1933,1778,3127,1495,8537
7799,4457,4817,5943,6205
7362,6216,5612,6396,3103
5699,5829,8526,2512,1365
8032,2570,4078,5134,1202
1921,227,2759,1934,1717
8976,4497,8913,7251,7487
360,5129,376,1724,94
7712,1891,4685,3824,4058
8818,2007,1455
1461,6887
6211,8462,7793,6579,251
4673,5834,7372,4246,6744
5729,2606,3857,1271,3352
140,5877,6215
3820,8756
8129,98,2537,4427,3277
8384,6658,2889,1003,7992
7147,6827,3821,7030,5911
6813,1126,7495,8656,5693
3785,8748,1940,8981,4703
5281,4847,6001,1685,987
2664,7343,8975,5883,8893
8437,6782,6031
4368,8252
8,5480,6061,6842,1882
4582,8853,7192,1660,990
5090,2436,6440,8495,6992
7529,5386,8363,3953,7378
5879,2517,1623,8061,8767
8323,5702,5609,6706,7260
4196,7443,7379,3892,5629
3472,6416,7731,504,4665
1830,8776,7032,3641,6105
2094,8793,8763,2941,5023
7375,7826,7130,6140,2078
2885,3178,7255,4637,7871
7331,8617,7534,5358,4498
8066,6566,909,2833,8697
5857,2188,2932,6169,4607
3814,6481,7796,7892,8345
8552,6344,4915,8280,895
7598,6640,4122,5628,6045
6687,5037,8175,7058,4959
2053,6917,7542,2237,2334
7407,3524,8071
5265,7029
4144,7700,8373,6550,5788
8004,7078,4980,4183,7454
8769,7111,8555,7413,8606
7976,6287,7320,6393,3993
4357,8817,5974,2550,1150
3564,8079,5136,5241,1146
7504,7602,1493,8856,8441
4421,4808,8841,8307,7391
2922,1237,4087,4572,1821
8291,4359,4999,7833,2169
5891,4932,3214,2254,5215
2561,3050,4364,5262,7611
4616,4138,1205,8028,4477
6695,8520,6283,5101,2895
6785,4495,4401,7064,7961
4896,7815,6735,499,1076
8098,8197,8497,8341,8824
6699,5552,7127,3642,6015
4425,7409,7827,7162,6207
5288,5869,5229,5490,1727
8451,3916,4376,6298,3259
3530,5195,144,7866,4763
8704,4811,5933,7286,8470
5955,8355,5482,344,1439
519,4456,5364,8056,5242
8987,7450,2635
7937,3501
4800,5476,1134,7822,7483
5639,8653,4913,8977,1529
6244,4680,7083,6226,7411
8036,8772,7303,4682,5708
4805,8621,818,5778,8735
8912,5825,1414
2024,5226
8897,8678,8649,7690,1368
1793,4613,5068,3925,5593
7904,5513,1516,2386,1787
5990,74,2125,7513,7518
5221,8901,7271,6183,2879
5664,779,6124,2164,540
7616,6727,3337,42,2814
1381,5453,117,6198,8126
873,874,3722,980,2044
6931,565,8574
2233,4461
1991,4169,8788,3286,7704
7232,8898,4335,4593,2002
3464,6733,7346,8633,1210
6308,5765,7508,2331,6907
8685,5779,8404,3864,4508
8904,7531,5550,2128,4729
3233,8389,4106,7756,1143
6725,8232,8717,3860,2646
8041,3728,5137,7509,7134
3552,3112,1807,6384,2226
7622,1608,4556,4429,5366
8354,4067,7388,6844,3935
3663,8465,5554,5428,4436
3971,2827,2965,4150,6111
7141,965,5542,5735,3443
7589,8330,7821,3342,8510
6019,4591,3419,1405,8478
7363,68,6922,2860,7544
2959,1110,6265,8062,4383
8609,6103,8502,2647,7583
7715,6599,7469,7568,5854
5505,7475,6390,4667,1147
8932,3462,1606,8265,7917
5633,8515,7717,6855,7183
5512,4615,6135
7410,8924
7694,8726,1980,4701,6716
7905,7493,6983,8084,6107
4930,5776,3188,5078,2875
7458,6724,3111,4903,6222
8116,1526,4815
6178,7758
4868,7983,5334,5849,5756
3489,2121,4717,7510,5053
6274,1231,8443,6238,3135
8325,3303,6286,7314,2867
932,1832,1833,1298,1242
6952,8077,1774,5328,2206
4676,2375,6153,6507,8605
5575,1452,524,8813,6615
1346,4841,6858,6572,447
4911,8309,1977,8026,5918
7013,8716,2477,7633,7386
8096,5672,6347,6990,6355
7653,7209,5906,7451,2747
8060,3908,8294
5049,5442
7424,7400,5224,8492,3054
6752,6018,6014
5892,7318
4643,7268,1548,3032,7578
7713,4258,6607,2804,2397
8161,2595,2868,6299,2783
3942,4871,970,3666,6394
5706,2901,6616,4601,1117
4451,4259,2412,7609,5755
4737,6898,8601,7037,7935
5377,8865,8399,7092,6968
8640,8736,4709,5960,6446
3011,7249,4022,7960,7033
7304,585,7338,6028,6220
7377,5419,7686
7259,3886
8035,7055,8751,8724,8889
7681,2502,7406,5301,8124
7172,9000,6479,7573,5116
8277,6871,8088,3290,6079
8643,1831,8017,1687,1374
7075,8390,1254,6892,2740
2434,5060,7786,8914,6643
3881,2924,4303,7695,465
7842,6121,1676,694,4506
6180,4397,3535,6619,2363
8513,6049,5318,1576,7608
6738,7859,5013
3224,5324
3713,7563,430,2644,2167
6208,7073,6830,2870,5815
8133,7593,7895,6137,8444
6065,2675,853,2425,3227
1474,4803,8770,8301,5112
1286,4602,8403,1338,8159
8042,7243,3028,7925,5946
2977,2274,8019,6773,6302
3013,6600,217,4379,7358
4483,1173,3450,8830,7839
3329,7784,3724,4623,2809
2722,7748,6867,6680,863
1194,6190,8910,3987,6038
37,2919,366,2107,2109
6305,2178,3425,6468,133
5376,2210,5812,3196,8927
3765,1198,7655
7490,8207
5792,5156,4041,4369,4991
8997,5062,5321,5909,6870
6113,7217,6003,1332,5017
864,6387,2612,635,3421
6379,5260,2256,3644,6878
7240,7660,3441,6834,3702
5920,6289,3503
1569,6634
8034,6661,7081,2589,1791
7113,3212,5135,7955,920
8576,2016,3684,6154,3162
5474,5287,6316,8015,5561
3810,6434,5643,8880,8534
2696,6730,4596,5397,4604
3947,8815,3923,5434,2463
2048,7591,8527,8596,1750
5122,3736,3287,3192,4956
2724,8741,6536,8822,8092
6498,2084,199,7858,2750
2520,2921,6890
4321,846
4354,3109,7059,7511,4381
3681,649,3561,4145,4189
8992,962,2600,3081,8959
8423,3694,7215,5238,5502
1795,3816,3818,2699,5046
4403,763,5775
8553,8535
8202,5707,4844,5393,6682
7265,2532,2067,3219,2421
6317,5902,4943,6515,8083
4704,4290,5477,4331,5082
3682,4165,2956,5613,4062
868,8996,2830,4722,5375
7397,8103,3016,4791,5566
3976,1909,5209,7517,7295
4392,7693,2694
4480,7054
2344,2602,3826,5972,6655
5931,5548,5487,8087,2111
1955,4741,7462,3913,6673
5114,7293,4965
7570,4285
7754,4724,5495,7769,5372
2568,8569,6731
5249,3187
5680,4050,2339
6654,3279
7553,8934,8205,3120,6290
5339,953,954,8923,2462
8752,7138,8679
7867,4175
5186,5412,5899,2039,8094
5610,5098,5964,7984,5848
7465,5654,8182
6258,5191
6148,1101,6004,5884,7455
5696,1225,2573,6520,8794
4740,3370,7069,4693,2077
6712,6531,8789
7829,918
7535,6196,8505,3004,8541
3808,8302,2194,3731,3285
1893,7878,5448,6637,7897
8494,8496,6097,7604,58
6662,4561,5043,5557,4438
5382,8240,6129,7419,2399
6091,8335,7673,8284,8286
6928,4133,206
3578,6146
4320,5164,1586,6134,222
3238,841,3828,7994,4188
5667,4752,5748,6170,6911
858,5452,7269
8603,7923
7247,8144,5425,5627,7102
6821,8808,4499,6965,8638
3619,5132,5522,4852,7231
5764,5130,8909,3064,8701
3968,8967,2058,4205,4341
7939,6374,4524,3950,6942
2917,871,5481,1142,1435
1568,2082,844,466,1140
7074,1443,7031,8947,8759
8192,7117,4464,8178,7672
7971,2056,3247,6749,4415
6534,4135,2992,6711,314
2705,7649,479
7986,8190
6789,5830,2186,630,7288
3208,4585,6594
3649,7770
7297,7307,7532,5458,7928
3272,6953,7978,8050,7550
1157,8049,4919,8442,4795
7296,4329,5289,5071,7902
3048,4525,5582,1972,6011
3521,1706,7179,6930,8440
7872,3193,2279
8550,4654
5121,7852,1078,7838,1535
2145,6885,6380,5297,2323
1543,2218,848,2225,477
6179,5577,7565,5647,7164
6919,6701,3825,6456,6458
3154,8155,790
2794,6452
2535,6280,5868,1339,4990
6625,5091,740,8774,3838
2372,1674,5878,2679,1564
5253,7333,6161,3095,2296
6437,7477,4182,4698,7930
8971,2604,7187,5595,5917
3042,7369,3538,1686,8191
1604,6828,7350,6998,4957
1025,2371,2118,3176,2252
7266,6692,7819,7348,6398
3479,6201,5807
7034,7021
6017,8715,1718,280,8154
576,6765,8871
8362,5119
4042,2320,5811,8884,3519
6631,8332,3568,1459,5850
8397,1713,855,5275,2687
8268,1234,5524,8343,4636
6436,1767,4204,3565,1747
8448,2723,1668,2467,175
2793,5516,2221,1681,4600
3721,3100,4694
5008,4595
5967,4092,8637,670,4831
5793,5447,5292,2190,595
5603,7325,4599
1968,4059
1155,6501,3853,6558,2591
737,2123,788,503,4606
6756,9005,4551
1562,5183
3072,303,5207,2553,5402
2276,1484,5230,1487,5055
8512,2914,262,2065,2962
7233,5350,8902,1068,398
3357,8652,2135,6362,6717
2074,2897,1811,7674,6973
6820,6472,5486,400,434
706,2338,3108,7592,8604
4900,3760,593,2585,1017
160,2407,2727,5594,156
2113,675,4782,8911,6620
5921,4678,7728,6423,2654
5089,490,8943,4339,7380
7587,4101,3312,8626,7737
3669,4974,5519
4707,4103
5193,4532,6980
4641,2475
5380,1221,4199,4009,4473
5120,6562,8585,3377,4669
4316,3589,6351
6250,1223
5123,4420,3051,6609,7291
7207,7817,7145,8340,2294
3977,5258,6704,3696,1630
5573,491,271,273,5586
320,935,3411,8821,8760
97,6627,2603,3788,2995
7789,3791,8503,6972,1373
2278,9008,8820,6741,4663
3719,7950,6295,5626,3325
2980,267,7408,2866,3577
6624,5761,1521,8118,1657
8037,1391,3288,3321,3487
3010,7845,6376,8823,4824
8485,7431,2547,6326,6077
6563,8429,6231,7834,8796
7393,8547,4967,2422,3901
5638,1838,8946,7124,7764
2051,3460,6508,7282,8282
7430,5011,8725,3449,3164
2855,7211,8877,5518,6800
6978,8244,7738,4954,382
5168,3339,6790
6433,3671
8743,6445,7311,7868,6877
4516,6279,6151,8918,4344
235,1852,5363
4955,869
8016,6954,6583
6880,3026
6275,4867,3526,8011,916
5444,5928,4747,8499,8318
6626,4578,4391,8169,1438
7371,7663,7536,3665,3704
2978,2083,6764,8212,7806
3400,4973,8078,244,1525
1952,2957,5843,4215,5531
7264,1538,7855,8338,2546
4000,6913,6638,7831,7707
1120,5730,7019,4718,5823
8839,5131,3148,4271,3153
5509,807,4846,7120,1950
4802,7274,2449,5819,2045
7975,6060,3057,5685,8508
5856,4492,8623
8351,5799
3430,2578,8582
6929,1422
3384,2161,8319
6291,8894
2457,5533,5719
2683,6548
5061,7901,8659,1498,1341
1824,34,295,2293,734
7301,7665,8213,4984,7384
8899,5070,6323,1941,8185
6278,8519,4976,5299,7289
4738,709,4520,2227,830
7936,8101,4137,7634,6259
2731,1814,2967,4475,5532
8001,4658,7322,6172,7709
6946,810,812,1294,3252
4548,7913,7319,8730,2367
99,5957,5867,7918,3510
7726,6606,4689,8053,5052
8642,8843,8460,8045,2813
7648,8393,2615,2968,3771
7554,8104,1776,5840,1917
4459,6860,8215,6650,4027
6951,8602,4113,5881,2906
5907,5459,4343,5880,7452
8260,8937,6483,7643,4575
8107,7089,632,3003,5214
7432,2316,8402,4284,2461
3296,6955,6736,3218,7638
8419,3140,7689,3371,2493
640,4515,8532,8222,7423
7459,3594,5745,2451,6685
7623,7404,7790,5809,8051
3832,2273,2523
6665,5678
7177,4560,8755,4700,2877
3305,3827,8310,2518,7677
5700,6845,5065,1227,5597
6629,7883,1387,4085,8922
2177,1640,3401,3281,5527
1376,2223,7216,5553,4086
2762,6328,2362,2460,3582
6048,4771,6098,1074,5151
3708,3727,496,1144,5852
6597,5385,8874,4463,8917
512,4076,2108,4208,2780
4866,4869,4942,3314,3005
8873,5677,6768,311,8379
2216,5148,2639,6588,8671
1850,6181,2158
6669,1566
8142,3889,8086,4248,5947
7321,7497,7635,4377,5978
6432,454,4818,6780,2943
7168,7072,4039,6793,8179
8453,2824,1612,6772,1945
5890,5827,8557,8723,8595
4968,4969,4972,2381,7856
4961,4939,6604,4054,6074
5543,1357,3567,7087,5435
1250,5648,2488,1786,1693
4192,7523,8141,6032,5111
3171,8966,4936,5353,2199
7682,7334,8327,5705,1914
4298,3934,8500,7993,190
8352,7298,7540,6647,6457
5986,1059,5450,8245,4245
2272,3239,7597,1518,4312
5632,5709,7309,6356,4094
5578,6805,3978
6008,2366
6276,974,7606,4733,7294
2208,583,6742,951,2973
8834,4963,1873,6203,7071
8590,7123,5941,6102,2302
4071,3751,8551,5841,1682
1857,6027,6677,7862,3898
5760,3298,6723,8777,4855
3523,643,3461,1434,3836
4104,4365,8276,2046,7743
3617,1285,3979,3437,6487
2946,2373,645,1755,1277
2916,4108,6392,3772,3933
7312,7221,2911,4350,7167
8226,4394,4843,6192,4945
6585,3468,6526
7979,7133
8289,7590,4875,1072,532
832,3629,1840,1595,893
7853,6766,8115,2292,2940
8394,4079,5460,7157,4893
5420,6605,6194,438,5853
2251,370,3222,3383,1052
5537,4521,8368,8660,5020
3393,4327,2318,3129,2491
1331,4837,7703
3888,7973
7753,6477,4185,7357,7263
1797,6567,8328,4760,4282
6808,8713,8070
5993,7916
2240,8710,7239,2105,5051
5601,5673,2314,698,5406
8832,3459,5744,4630,7999
7366,169,7662,4346,3997
5570,5535,1705,3217,8415
3776,8164,424,2773,7126
1740,1742,2771,2745,3292
2629,2630,495,5423,4853
4393,3662,4531,3454,3007
4395,3413,3801,4026,1215
1741,2831,4501,3897,7418
2328,1186,1588,1246
1827,30,2567
1248,5095,1781,3420,1694,1823
3266,5443,4772,1154,8292,8753,2102,791
6681,1325,881
7546,459
2184,6160,88,5273,8127
1601,2691,8264,6862,4474
4386,5583,3346,123,5407
3175,5932,2829,4307,4534
4224,4674,5683,2299,350
7521,8866,1667
7803,7341
7572,6894,5471
6788,6948
4097,773,3436,7478,599
7040,6088,5865,2708,7551
7044,3369,4236,4986,7739
612,5802,1418,3308,6750
2340,2732,8593,6100,1757
1770,3146,8366,8720,6043
1152,4170,4428,8401,4657
5478,3215,8374,4922,7835
7088,4253,4927
3448,6970
5408,6668,7919,6163,2845
4708,6407,7281,4500,3992
3331,3433,8188,4691,3964
195,2162,1300,5080,2748
8321,8931,3846,8364,6518
8008,6249,8974,5264,6811
4324,6916,4589,912,1501
2137,292,7050,7736,2617
6852,6603,3600,3280,4311
8768,7691,8747,7575,5753
4225,8457,426,6578,8663
5217,3403,6702,761,7966
6050,2402,7203,4809,8629
4193,8521,4905,2326,8472
3936,1571,6084,3686,3955
2624,2469,2834,8727,7195
7812,6245,2873,3675,5437
5635,165,5970,8249,2300
3650,7725,1038,1816,8989
1317,6551,443,1629,5087
1701,6443,7470,4788,4406
768,4786,5336,2298,63
3456,3075,7353,2203,5117
2786,4234,1302,5915,8158
5074,5498,7773
4414,5031
7043,5675,5293,1944,5212
7175,7502,2418,5587,7675
7722,1199,5905,1655,4249
1798,3982,2864,2262,7996
6496,2818,7619,7699,3734
3553,4706,7159,6906,6876
3844,7941,8655,3581,6559
3041,1167,7439,8627,7065
7876,745,236,8598,1692
8965,7599,6005,8471,3099
8930,8591,7989,5621,8311
8805,8334,6039,8314,7132
1513,1898,2019
2219,4935
6657,3335,5256,5742,8383
7494,3398,7890,4052,4413
4545,6406,5223,8872,6542
6720,8580,2023,7952,5405
5767,6224,6676,5653,5310
5096,1769,2324,5016,4121
2693,7052,7376,8381,8639
7467,8172,8204,782,8151
1065,4720,817,6610,697
8002,6120,750,5236,7285
937,3115,6641,3896,3834
5507,4293,8844,6872,4895
4909,8501,3541,7579,6237
6080,8525,5521,1911,3545
549,978,981,247,8121
2692,4011,7355,4860,1854
4609,1575,265,1212,3423
1960,8258,181
1889,7315
6636,5973,6454,4537,8861
5995,1649,7671,7929,7836
4129,6659,6311,8105,5790
6674,3798,5847,7802,2715
4037,619,51,4469,7486
7555,7685,6470,6152,2769
1820,3759,3122,4283,732
1677,5367,2714,3131,2205
355,2307,1671,4503,2011
7299,7558,2129,7512,8831
2147,2122,1323,7887,218
4512,2409,5099,3756,6934
8296,3226,1642
7210,3263
2248,8106,4814,3283,5308
5784,7824,6391
5489,1284
7427,5284,8681,5202,3797
6729,4652,4653,4118,2524
8548,7237,2052,5445,3710
6465,2949,8150,5270,7100
6592,1734,3179,8300,3340,7569,4222
7482,7181,5269
8112,5710
8615,4044,2096,5303,637
4134,1900,3533,7766,2619
5954,4434,3570,5174,7002
4160,1030,8438,8024,7962
3202,1256,8714,622,6836
6721,2850,4396,5075,2972
3145,1163,7437,2478,6961
6081,8963,6405,2997,4382
2180,5159,6923,8945,7191
6691,7750,5704,5864,4243
1281,5797,2799,4851,7965
8134,4167,4812,8786,3388
725,5694,6503
5005,8614
7425,2027,5072,8887,6617
7143,8339,4661,7226,8220
7777,6447,274,3253,4764
4579,2674,8599,6359,3166
8288,7328,7139,8181,7519
1093,108,4813,2352,2390
7330,1324,4367,6777,8764
7395,4836,3282,6260,7548
4099,3623,6441,1619,4982
5794,1801,2702,1136,7283
5984,7850,2008,3065,3484
5057,5030,6252,2575,6516
5725,3894,3831,6168,3261
5805,6221,7982,6639,3348
7620,1581,6545,8409,8413
2563,4388,3973,7947,8542
7659,3438,6034,7931,6589
8810,721,4570,1115,8479
6817,5102,5584,4625,2038
7719,1550,3216,3536,9010
5536,1957,5354,2862,2642
8645,7499,8888,1849,6653
7396,4645,3415,6556,6335
736,231,297,695,1022
4326,6796,408,2878,1759
4744,489,1050
1825,2583
7969,6021,2355,6967,8543
8800,1923,6122,3550,3039
7108,7944,8270,4273,7292
7280,8371,3960
8745,8851
2089,762,2671
7001,5956
5665,6850,8486,8365,6233
3812,6029,4014
6976,7193
2444,6073,4827,6366,8703
7906,5541,8057,7098,2043
4873,4302,8148,5529,6431
6818,8707,7154,8022,6747
258,2437,7382,8570,2555
2610,8247,3160,3609,4287
7076,5322,6352,7987,1172
8417,6757,4777,8559,5403
6002,3611,7414
3597,5887
6535,1863,4277,4187,8316
6044,3270,3367
3539,4127
2688,2659,4082,5365,4823
5198,1905,7580,7485,5983
4416,7496,3020,2445,4348
2500,6310,4776,1691,2140
294,1105,4213,3927,2905
1928,4333,1806,1394,7642
8970,5034,2000,1370,1084
6281,7595,2828,3531,1784
5100,6831,7186,3507,6324
5002,2580,7258,6621,4639
1088,7009,3338,8466,2614
5417,3209,6206
2608,3201
3843,8369,1554,4410,8380
6947,6372,5968,4979,5686
4902,6698,8076,5563,2557
8651,3984,3025,2844,6461
3360,8648,2124,5361,5239
7080,8969,7881,2351,8658
4998,5845,214,5271,1466
2530,7236,5605,4710,5395
6912,3554,7373,2894,5716
5088,2758,1929,5579,243
8929,4322,5994,4111,923
7300,1885,7270
397,838
289,3625,7667,857,2106
7169,836,5097,7515,1919
6273,6854,7241,7757,6840
7136,2080,4034,8836,5786
2255,6675,473,1722,509
3783,2825,5750,7062,5754
3718,8230,2837,8695,5147
8672,7046,1744,8561,7028
2465,6994,3566
2787,845
4849,3418,7367
2528,5961
1796,8263,7057,4635,4926
1888,3748,358,3180,3705
5510,2156,6459,184,3483
1984,1805,5855
515,7759
6841,8469,5439
2120,1058
4664,7114,4756
6248,2485
7949,6166,799
395,4444
471,7474,3509,7383,8698
6466,5506,6188,4016,8347
2918,469,1015,1721,1278
5539,2950,4466,7927,6648
2499,3542,955,2588,2269
1274,5724,894
2241,1262
2626,2554,4826,5562,958
8262,4617,4074,3375,3768
6853,3603,3958,2909,2014
3397,3090,2490,3355,3739
2384,81,3313,6263,7644
7336,8650,7082,5785,6941
3105,644,3185,2742,4216
5606,8584,8146,4949,2431
2110,4857,4550
4418,3540
5410,2953,1561,8287,7039
802,1519,1936,2738,1524
2661,4590,5391,3793,825
1188,6119,6791,1007,2514
8046,7090,5267,7095,1118
4448,8007,8432,7664,5980
1818,1925,983
4650,1843
4139,4624,5329,1752,543
483,4077,4241,2999,9015
2756,392,938,1240,828
4040,1377,7539
502,3183
6726,3182,4402,1235,862
4906,5234,3158,5081,1565
1829,3861,3607,3928,4891
6309,2645,2104,510,927
2087,1545,5007,2459,1918
3142,3402,4210,2778,2842
8000,738,4356,2923,1019
3237,2920,1834,241,3186
704,1028,1108,2587,2238
5703,1614,1847,445,1503
977,1587,4318
1584,2236
2116,1296,2582,2841,2812
4449,1958,1959,852,475
1504,3023,3608,379,3102
834,2235,212
3452,743
1932,2069,2751
4890,1679
3207,4523,850,6235,956
1380,2385,372
2354,3106
4514,2823,859,1853,3455
712,441,4684,2672,305,1689,3635,7577,3516
4445,8279,4219,668,317
4864,3651,5508,8749,3632
2816,8132,9004,2222,8407
4705,4482,2503,7733,472
363,1356,6109,2062
368,2088,7417,365,367
646,1067,3184,4978,6389,860,3199
3204,3021,814,5780,374,1436
4371,2061
4317,589
5971,4739
3782,842,7530,591,829
1688,2811,4598,1935
3301,1964,7053,5607
1665,946,4995
6689,7006,2735
948,1542
2767,4716,6046,5255
1089,4780,4839
1216,2757,5712,1716,1887
2660,5772,4622,3315,7412,5332,6167,1305
7272,1450,6307
3504,7337,8422
5424,3931,3126,2327,1579
1699,3654
3842,1860,3909
6584,1868,3037,6903
3761,8882,8003,4227,5989,1998
2971,2669,2670
8928,8138
3753,6915
5618,7170
5216,5479,5295,1427,8474
3141,4363,2766,5617,4116
6144,2822,5415
3692,3294,3143
8833,3910,8267,3165,6587,4125
5504,8052,3174,7816,7710
8165,3882,6062,3190,5018,7899
8456,6126,3667,3604,5368,7805
6200,6524,3374,8694
5571,6213,6664,4970,5438
5441,8771
2761,7628,5781,7706,8862
7354,7870
7956,701
8962,7922
