1762,5922,6243,6026,332,5646,3093,2716
2242,3944,2733,7422,3038
993,6319,6064,3379,3865
1540,1326,4880,6483,3322
1251,4485,7017,1334,4758
1830,3302,6184,6683,572
1986,7434,2543,6577,8051
1061,876,7731,3548,6270
8801,7206,3626,3059,5624
3657,4267,5276,2359,4060
1122,5125,2983,5873,3193
8064,2667,2284,8465,5181
5668,8137,7724,6070,1176
7047,8012,3470,8622,4597
3264,942,7734,6334,4575
5925,6997,4569,7771,4861
484,5040,5171,3091,7646
7142,3689,3117,7067,604
3616,5991,2893,4439,6298
1130,8972,14
3792,7433
6093,624,1589,5047,8411
4898,4036,7351,4921,6367
7747,2153,5588,1653,1429
6024,5392,3248,8982,4670
6986,1264,4019,4983,763
3491,387,5347,8047,5429
5770,6165,7479,6522,7326
3586,2247,7026,3001,1053
7849,5103,7023,1878,5470
3840,5637,2313,6826,4505
6369,4872,5549,3695,5335
4360,4553,8588,6157,6421
5066,5457,657,8754,7229
6114,1314,8678,5938,8792
6375,3176,1358,5649,6579
5387,7732,7669,8217,7391
5026,7715,8489,8948,3319
7626,8778,4275
8993,3621
4800,6561,8968,3378,5246
8674,8386,7441,8855,795
5965,4148,8376,1660,4542
417,6085,5436,6141,4766
4421,8883,7769,7130,987
6296,8043,4407
3169,7093
7552,2858,3818,6130,4440
5959,3018,6667,8940,2989
3139,8773,4742,7246,8761
2212,7455,7720,1271,6111
1229,6767,4980,4183,8572
3352,5729,6568,4472,5820
6882,5831,4299,8829,8798
7107,6149,1643,4528,4115
325,8933,8111,8847,7988
4834,8986,8806
1635,4797
5768,6731,6385,8117,4153
2252,4172,8592,6771,4091
6597,2606,4463,4338,5693
8192,8068,7542
8885,4046
2539,5323,8109,7481,7518
3520,6217,1610,4365,7375
7840,8356,7561,8234,6251
8618,8271,3088,4783,7447
6464,8679,3826,5715,6292
3971,6984,1973,4925,5759
6759,6349,3920,4627,6426
5355,8236,4877,2071,4376
7201,7854,2806,6490,5115
5698,5671,8152,5913,5530
2438,8039,8426,940,6893
2664,8879,1110,8790,5435
6944,6346,6225,2929,7772
4992,4257,8802,8123,1598
8224,4552,8242,2196,2589
4177,4310,1807
7276,678
8385,8516,4581,6760,4989
135,4112,5817,3257,6815
6497,7841,1869
6051,4255
5616,6709,8461
2789,7910
3077,6540,5650,8791,3740
7566,6899,344,8026,6428
4582,6637,7832,380,990
3395,1616,8305,5426,6228
6730,7504,1080,5466,8223
7776,8291,8355,998,8198
7745,8067,547,3878,7591
7781,1097,6381,6708,4696
2286,8849,3223,6936,1467
4230,3277,7885,7344,8667
5350,8774,8495,8342,3229
8424,6739,8214
2229,4327
8779,2288,4529,8149,1526
1865,8809,6798,5455,8048
3138,8875,4078,7480,254
1348,4517,7398,3890,5557
4613,8435,540,6813,8030
2856,1384,5546,6462,8607
5344,3952,8735
7954,6839
8807,2959,8400,3449,8893
8994,7593,2704,5464,3706
4163,8799,4886,412,3775
7488,8194,4656,7220,4631
5282,8975,2449,8628,7612
6745,2173,7822
7600,7218
6305,3593,2127,1970,2364
8683,2765,5713,7801,447
5257,4565,8312,7865,3647
6786,3132,2429
8032,685
7848,7951,6544,2833,6012
6539,6732,6574,4878,8606
1184,3715,452,8243,4510
3659,6715,3925
2976,8431
6633,8163,7363
4084,2303
1730,5827,4292,2256,1368
6232,2883,3557
5660,7942
7526,7500,8758,5238,5022
5664,3970,7932,5468,3615
6823,5866,4181,2934,3358
4262,6216,4588,2041,284
7113,6289,6322,2706,7903
5163,3085,5009,2387,6803
5473,4648,3123,5493,2711
8323,6728,5204,7061,6486
4618,3462,3711
3427,4223
1608,689,4117,6713,1307
3744,6313,6345,4306,4245
5658,5739,2510
8180,4141
4165,3112,2034,5428,6396
1040,6526,7767
8865,5107
1160,3883,8239,7024,8916
6905,7867,2149
7476,8575
2696,4558,7128
5810,3242
8804,7140,2121,748,2290
2537,2031,5552,8116,8283
1506,753,5078,5720,7323
8004,786,3573,3644,8895
5068,8846,7794,8852,6845
7872,4384,7728,1298,8539
6384,8259,8668
2728,8099
1989,2471,1961,6450,729
6498,8803,8770,5894,6642
3874,3778,2508,8303,8028
5280,4676,6341,8037,1170
8036,4437,8891,5404,7197
3362,6371,6284,1329,5791
8776,6765,8787,6293,4694
6851,4195,6411,6416,6418
888,8905,8661
8120,2541
7933,6635,1037
3673,1821
6183,5897,2571,4251,6142
8741,3208,5454,8092,3838
3329,7011,8842,3406,4373
8324,8932,2891,8692,8251
2342,8367,3474,8054,2454
3234,5381,7111,7979,4146
6053,6409,5612,4689,8306
2378,7255,8700,4637,7871
1059,6699,3858,2680,2012
5766,4138,1683,6901,4958
1531,8189,7349
7707,8174
8709,5325,206,8348,8447
5633,8325,6982,6646,22
4709,6985,6187,526,7924
5731,6437,8711,5740,4632
7493,3628,1233,3989,4030
5263,3917,6895
8712,492
1697,3939,8739,5859,3144
932,6790,7151,3382,9014
2820,1455,6896,6735,8733
7331,8617,2350,4498,7544
5640,3317,6040,6649,3803
4352,8647,3466,8943,1399
6340,7846,8784,7668,7549
8640,8033,7079,2090,8915
3511,7171,6047
7786,4027
8454,5001,4431,5776,8085
5024,5644,3821,7089,8511
5448,9002,8523,398,1266
7905,7397,6887,7915,8341
2980,1447,8690,7891,8382
8704,902,7946,4811,4399
7743,6254,7415,6491,6591
2754,5575,6057,2996,1625
6244,7304,6028,1836,8854
8706,3045,5063,8203,8750
6980,8838,7411,6870,5630
1126,556,8656,1937,1719
8737,8452,7407,5936,4952
3785,8748,4703,8981,2111
2472,1353,1709,6035,2233
133,8619,6133,1558,5401
3780,8868,4871,8464,6878
6116,6474,8139,8950,6269
5893,8071,6440,5288,5487
4844,3022,6928,8280,5244
0,4947,8788,7704,5369
8554,6670,1011,6966,8568
4522,4946,3443,404,1439
1210,5580,8908,6554,8095
5188,3493,4591
1405,6655
6146,7364,5975,7161,7101
4803,5670,8301,8886,5112
3299,1320,1994,4539,4605
6658,2710,5718,3480,4221
512,5996,3663,5690,8156
7215,8783,6931,565,1403
3585,2094,4304,7632,5622
5093,7338,5933,6802,8470
5632,1490,3178
7696,5490
8322,5286,4173,8183,7097
6857,6211,8775
4427,5091
8129,8232,3370,4461,8527
1696,7651,8634,3356,3069
6425,4819,7141
6240,8245
7403,779,5593,5017,8255
5834,7253,8197
8497,4246
7078,3656,8494,2775,1977
7343,3567,9013,1685,5883
3524,8423,7889,7029,918
2848,6531,6061,8462,7793
6560,4070,7471,7774,8446
4457,8297,6226,5495,4543
5377,7652,3688,2870,7288
3974,3498,8906,1646,5330
7749,8902,8780,5142,7740
4932,6089,74,2125,2254
5312,6663,3439,7058,959
6795,3637,3574,7607,5342
5619,8405,3510
1042,99
6118,8265,3245,4089,2046
3947,3214,4403,6068,5215
4003,872,7189,6393,1631
8746,3884,7020,529,3998
2724,2666,6262,7958,4767
7618,6958,3795,8565,6933
4323,6500,3273,8396,5629
5346,4198,3991,5815,4478
8896,3911,6864,7602,7420
2273,7010,8370,8537,3578
3269,7718,2474,1933,6511
3365,3976,7150,4828,1469
4233,8175,3634,7960,6365
804,6917,8434,2334,2559
6538,6282,7469,7152,4693
965,7528,8621,6990,6131
7297,7799,7307,3666,5943
7428,2568,2570,2740,6399
3042,6723,7827
1789,7782
6401,4453,5998,3219,7037
3872,6258,8118,7991,6169
4006,1965,4208,507,2782
7913,6356,7895,8252,2367
4966,7513,8826,6651,6940
8257,4805,4532,5431,8827
7138,6662,8487,6606,6458
8769,7370,6446,5524,3419
8998,6215,3592,8075,6045
5825,1414,5226,6286,8726
8290,6859,8857,7833,3871
5735,4808,2927,8789,5013
3072,2885,4748,1778,7448
5868,5685,2879
1940,6316
8388,7813,3630,3028,5946
8901,8070,7081,8751,8889
7878,5543,6102,6620,6398
6467,4806,2827,376,2237
6672,4790,4984,5434,6174
8609,5891,7556
7013,8478
8340,8437,6710,7223,5023
6858,3694,7092,8765,1727
8579,5060,1772,5232,5886
7217,2258,2164
6113,8084
8130,1838,9008,8820,7864
3698,3127,1495,2585,94
3495,8912,7063,6873,3678
7495,8563,8728,1596,5406
6848,1288,5134,499,8284
8128,8066,6602,4889,6139
4368,4770,5050
8973,5950
34,4900,37,295,1017
8098,6279,8976,8913,8824
6117,8907,8573
7390,6926
6176,8038,2278,4592,2525
2505,6612,5722,7994,8477
5924,7305,8079,8719,4892
1219,7688,3724,2482,7122
8335,1202,3993,1786,8254
5090,7271,1991,4169,7948
6528,4896,6793,3339,1946
7096,1146,2283
5136,8201
6280,7273,5260,2132,1980
1664,8643,8392,8017,1724
4264,8483,1461
8,7406
2347,2895,6800,7633,2591
7525,8307,7541,3259,6911
3881,2924,4303,7695,4023
1921,227,2759,1934,1717
2600,6287,3479,7034,7807
8226,8716,7116,2477,5245
2404,6533,6022,7596,1237
7147,5358,8213,5559,3129
2561,5862,6920,7657,5655
8360,4424,8715,8601,2941
3814,7243,5935,2901,7925
4298,6379,6575,8723,7251
6979,6019,4135,2992,6711
2922,1003,4124,4087,4572
7842,5386,8911,3763,1592
7784,7372,237,6744,8927
5642,7443,3892,7510,8793
5476,7717,8977,7483,7614
300,3284,5207,5208,5402
3850,6317,8294
6776,4943
6208,4930,6403,68,7967
5135,7507,5592,7162,8702
98,2436,5129,8363,251
5699,5869,5229,5497,4122
3649,1793,6594,3816,6091
6344,8552,4915,2167,8439
1134,6805,4477,6716,6877
3904,6570,7641,8653,7257
4397,8078,6325
4480,7054
8813,8685,7536,6615,7259
899,4229,7240,7818,503
4593,5101,6695
4392,3054
5696,4868,7758,5334,7961
1569,6471,5352,3212,2860
7016,5804,4685,4369,7091
3808,5412,8302,4911,3285
5639,8167,5356,3450,8830
4610,3050,4364,7611,5502
7666,5486,6855
8357,2007
7553,8934,6124,8205,3120
737,4996,5573,491,2780
128,2882,1511,5166,5500
4673,4616,5265,8920,4701
7074,6507,8476
715,7454
2694,4521,400,7509,7134
1225,6291,3384,8894,8319
5249,3722,3473,980,8569
2502,7366,6128,1361,4346
8971,6874,9011
7681,5595
7672,8652,2135,8504,6362
5613,8850,3286,8631,7358
7904,7937,6983,5513,2386
1191,5911,569,5149,1150
5313,4425,5516,6549,855
4641,7908,3501,7604,7450
5382,5480,5297,2550,6712
7489,5733,6797,5974,7581
8227,4456,7051,6481,7892
8642,5287,2631,8240,2399
5920,7531,5432,7545,4157
868,3639,6456,7866,1117
7686,8808,7419,5627,4092
2889,3385,513
8384,2210
5155,8549,3337,6837,7127
3172,7303,8781,8276,8825
8897,8649,7882,7690,280
5376,2084,841,267,2750
5667,2339,8087,8532,2647
5793,1882,6844,8926,3487
2188,6833,4824,8953,7869
4866,1250,6761,8238,7320
4113,2906,4114
5484,7014
2145,8169,2434
7377,5879
8553,5775,8535,5241,1498
7247,5967,6965,8762,8637
6562,1733,7468,2803,8278
8512,5857,6031,6351,150
2532,2053,5318,1223,895
2276,7487,5449,553,1791
6520,5898,7983
5849,8794
8556,5773,5137,6105,7583
5792,6162,7314,4058,1662
8677,8397,7183,7409,6207
1795,4967,4429,6607,7762
3153,8088,3290,4636,6079
1254,2796,7213,8499,4312
4961,7852,6074,4954,4990
4563,5854,559
8983,6103
5706,3530,3825,4722,4763
6534,3400,5425,6643,4956
8448,1668,175,4913,7508
8530,3068,8222
7360,2723
6820,5901,8818,3704,5566
2123,8941,4049,788,7380
4994,874,4754,2044,7198
8904,5550,8688,6097,4729
6434,5643,974,8534,2655
8096,7629,7636,8443,6238
962,4067,7268,5452,7923
1536,8520,7817,5688,7804
7055,8404,1332,3864,5597
8513,465,7318,7608,6267
1286,7083,7286,4602,8159
8042,6479,7475,4667,1147
1194,6190,8910,2705,6038
5505,8587,6738,6390,4726
1474,5702,3154,6706,4852
3755,8909,4143,8503,4383
7975,2216,6060,3057,8508
5955,140,7796,8856,8345
8736,3272,7978,8756,7550
8743,8874,6445,4718,4497
4483,1774,5046,2265,2331
4643,5837,2964,3032,7578
1824,2293,2488,1693,734
5185,1285,3081,7187,3901
8077,5328,1972,6302,5055
2016,576,6308,2612,3162
2595,5353,6968,7643,8636
7264,2689,7779,7563,3916
7172,4524,3950,5877,1909
2977,2274,8019,6773,2206
8124,5779,4150,6842,4508
7075,5928,4747,5931,4017
3713,1576,1676,1548,5363
6727,42,4630,3642,2814
8144,4831,2517,670,8767
8451,3953,7378,6680,3196
6885,5561,6904,1529,8638
3051,6299,5542
6609,5123
7976,6107,6303
7393,7021
7809,8515,7527,4688,7992
6283,5037,8817,5881,6687
5522,5811,8884,535,3519
4737,4451,6898,8979,863
1738,5130,7916,3857,6774
5186,5482,7765,2039,5918
8164,5990,8268,8277,7126
1120,5852,8551,7019,6588
8449,2381,6638,7856,4081
3371,3702,6236,2493,6942
3016,6536,1452,8402,5301
2914,430,2932,6871,217
1443,7205,2024,7446,4377
3908,4601,5049,8060,4381
6020,5158,7464,7084,3477
4259,2412,2644,7609,3227
7713,4258,4585,8399,2397
7408,6892,5444
7597,8390
3820,2830,8050,7894,5242
6148,5447,8519,5299,8153
4492,8623,3760,4379,8351
8505,6387,2169,3004,3421
5921,7362,8260,1387,6780
5082,4290,5477,8777,5594
7209,6828,5906,694,4957
5960,7477,4182,4698,5823
5220,5380,4009,1516,1205
6789,4615,5398,6135,7837
4520,1567,8717,2866,6623
6661,5841,5907,8724,3708
1640,3401,5609,2320,7231
4741,4020,4791,8185,6330
7648,5986,3342,5902,6616
8141,7694,5375
160,3832
5281,5450,4847,6001,4959
7764,5221,5638
7472,8946
3489,5224,5548,1713,2421
5829,8526,2512,2226,117
1857,7277,2067,3987,6782
7821,9006,7473,4340,4279
675,7430,8725,8853,3164
2917,2218,235,1142,1435
7700,6550,5366,6201,5917
2919,1832,1833,5481,366
4041,4682,8178,7893,4991
8034,6275,6015
6274,3135
7845,6376,1874,8823,4732
7712,1891,7333,3824,6514
873,303,3856,2553,2042
2744,4802,5819
8081,7274
7042,8997,5321,5909,4473
6129,5051,7452
8710,7239
4704,6785,4331,7346,5848
5764,8104,8873,6380,3064
7939,8581,7598,6834,8956
8772,8166,5032,5708,5839
1473,8881,7410,1463,8924
8056,5364,7756
4717,519
3552,3472,3700,4024,4665
3876,4680,2194,3731,8094
6627,2602,848,4050,477
3238,5553,466,6614,7260
6566,909,8697,5052,7293
2433,5581,7859,2523,7291
4938,6572,7568,2804,3095
7490,7655,7371,8207,3765
5545,7534,4495,7761,7030
8354,7266,7087,6673,4506
1604,7653,6998,7350,2747
5064,4436,6198
8544,6741
7754,2635,4724,8987,5372
7424,7400,8492,1718,5275
3977,7529,7727,2897,6654
8195,2921,6890,5812,4188
5193,8142,6515,8086,5947
7649,3279,6065,7032,4600
8001,4359,4658,7322,6172
5324,7917,4817,1078,5116
6049,1543,5878,2679,7102
6180,5830,2186,7379,5053
2113,7233,6121,2578,7348
8485,7431,2547,6326,6077
4321,844,846,3187,2520
3641,2675,4595
3721,3100
8713,8585,8555,7930,382
3425,3011,7249,4022,7033
1025,1155,2372,740,8722
871,360,2225,2107,2109
2371,1674,2962,1564,2687
8701,5890,8557,4700,2877
4329,7532,3889,7829,7902
5730,4875,496,1072,532
7622,6631,5807,8049,8442
6946,810,812,1294,3252
7072,6433,5957,4039,1612
1346,7334,7207,5128,6075
7819,1357,6769,5011,1365
6181,2158,8596,222,8574
6563,8841,4752,5748,7834
8352,7492,4042,3254,3035
3303,3464,4561,5043,4438
6432,3589,7883,4062,2943
1952,1955,7432,1811,3671
1568,199,7858,8343,1373
5152,7296,4647,6205,3518
4133,1518,6640,6835,5628
2377,953,8126
1381,1374
7232,8898,4335,2002,8154
6242,4968,8009,7340,4332
5062,7117,6191,4464,2045
5195,1221,4199
6161,8441
3682,4354,2199,2968,1630
1376,2223,7216,6972,1311
2118,5799,3565,6992,5654
5843,2965,8822,1814,4475
7194,3716,645,3738,1242
6338,3528,6067,308,5141
2604,4144,8373,5850,5788
8871,8362,6154,8541,5119
6276,8880,3188,2875,7294
5120,5122,2573,4815,4054
7535,6196,6137,6907,7839
7457,4488,1481,7497,2868
5008,1521,1750,1657,7451
8103,8041,434,853,5020
8155,1606,790
2794,6452
3810,1514,5458,7606,4733
7269,169,3288,8603,8061
2407,6919,6032,7517,7295
2978,2083,6764,8212,7806
3013,8839,5131,4271,6704
3171,6629,6250,5258,4085
6953,6922,3923,8372,2558
4965,7955,920,3225,4285
4357,8759,6827,8947,7031
3521,5700,5292,6003,3321
3233,8389,4106,5262,1143
6692,1893,1068,7192,3772
8705,1476,585,5899,8309
6599,4204,593,8502,5114
4196,3564,3535,8763,8958
4516,4623,8848,2809,3007
7104,1767,2221,7388,8604
5253,4841,7635,1493,2296
5191,7465,3669,8182,4607
524,5168,5139,2967,5532
4738,6725,2227,3860,2646
4707,6501,2065,1747,6742
640,8576,2467,8133,8444
3430,8582,4108,3629,6929
7592,2338,1438
706,3108
3681,649,3561,4145,4189
6583,5474,6954,3287,3192
2309,4295,8938,8468,3097
4320,4740,5164,1586,7069
6048,6098,1074,2363,5151
7282,6508,8015
4560,2051
8550,5577,7986,7319,8190
2082,3662,4976,4531,1140
3968,5442,8967,5778,4341
2074,7623,5809,7674,6973
864,643,2105,635,7423
7815,5867,2699,1076,2518
8834,6749,1682,4663,7709
7073,6830,4596,5397,4604
4218,4103,5519,6867,1914
6952,5582,5840,8595,4343
4867,3526,2495
3594,8011
8231,2731,2957,4215,5531
3393,5761,2318,5554,2491
6756,6634,9005,3503,1562
1157,3979,5648,4919,4795
8368,8899,5070
6323,8660
7458,6724,4903,3111,6222
4420,6468,5071,4248,58
4869,262,2793,1681,951
4904,5672,6347,5745,6355
6625,4391,4843,4945,3005
2178,2475,8403,1338,1339
7523,8564,5111,6424,6909
5760,3298,2727,5678,6259
8602,3788,6772
2995,4974
97,3719,2973,6295,3325
6192,2956,4654
4394,3933
8330,818,7059,8244,2615
1411,1831,5707,1686,1687
5419,7404,7790,7190,5719
4936,6600,3148,3696,4316
5736,3853,5518,8338,6558
6624,2946,2373,6423,3103
8143,2867,6007,6619,4191
3736,6733,6880
8016,3026
3296,6153,6736,7638,8605
6701,7928,1787,6717,7838
2240,4515,3461,1434,3836
3913,6548,2457,2683,5533
7179,1101,2190,595,6004
4415,8045,3247,8282,5535
2344,2603,7570,6963,5626
2316,3886,4284,2461,3935
8917,1227,4525
6808,7770
3010,5509,4846,4955,1950
320,935,3411,8821,8760
7936,8101,4137,3218,4855
5603,1968,4599,4059,7325
929,869,6354,2425,1852
2722,1538,7748,7855,314
2058,8458,4205,8083,3551
8202,4942,5393,6682,4350
2279,7309,7862,4094,7935
4551,7726,8053,8633,5183
8289,7590,2639,1144,5148
4556,3437,3568,7673,8286
2630,7789,5339,5423,8923
5512,2128,6809,7321,5978
7168,8453,2824,8179,1945
7689,5289,7660,7663,3441
5610,5098,5964,7984,4401
7537,7826,6363,6140,2078
4771,6665,4212,630,2623
8992,7662,1391,3997,8959
653,1967,8062,2302,830
4079,5460,7413,7157,4893
6018,5892,7145,6955,3468
2375,7369,5453,3538,8191
3776,807,424,6027,6677
6151,7311,8918,4344,8671
2272,6436,3239,1422,8318
5121,4939,6604,7868,4669
5061,8659,1341,7901,2463
7752,6194,5420
3523,438
4071,8500,7993,190,3934
4459,6860,8215,7511,6650
7265,4395,3728,3898,5755
5385,5993,1484,5230,6011
271,273,5586,2108,4606
6457,7298,6647
6265,7540
8429,5680,6231,6170,8796
8419,3140,7634,7573,1535
8996,6374,9000,4713,144
2855,6951,7211,8877,1234
3617,8547,2314,8332,6487
1705,7312,7221,2911,7167
504,5089,4076
490,4339
7616,8832,3459,5744,7999
6567,8328,6290,6930,4760
4678,3306,7950,3314,1215
7971,2056,8460,1487,3217
4393,3791,4086,3577,3454
454,8966,7386,4818,8922
4578,2916,1840,1623,6392
2546,6585,1755,7133,1277
3305,7918,3827,8310,7677
6752,4548,7120,8730,6014
4000,6913,6178,5156,7831
5647,7164,479
6179,7565
5601,5673,1459,2422,698
2208,7682,8914,4499,5972
5305,8708,7125
4969,4972
1525,6626,1917
244,4973
6472,7462,7783
5537,1941
7177,6978,8755
3377,7738
4963,1873,5880,6203,7071
1740,1742,2745,3292,3357
6017,2773,3413,4026,858
7853,6766,8115,2292,2940
8393,6220,5709,3224,3771
5856,8327,5705,8937,2654
6278,1706,3828,4504,7289
3460,2535,8843,2323,2813
3619,5132,5527
2177,3281
7459,1231,2451,916,6685
1408,3109,7589,8394,8510
583,7693,1198,2294,3801
4104,2831,4501,3897,7418
7554,5677,6768,311,8379
7587,4101,3312,8626,7737
2629,495,4853,954,2462
6669,6134,1850,2077,1566
2762,6328,2362,2460,3582
7973,4837,3888,1331,7703
832,2048,709,1595,893
5756,4192,2161,7064,156
8035,3751,3048,4999,5459
4782,8590,7123,5941,7897
5578,3978,3727,6008,2366
1797,5065,8440,4282,5884
8903,8107,632,3003,5214
8161,7755,2771,5209,2783
7875,4175,8752,8210,3475
3942,970,1741,3665,6394
5570,6821,1776,7124,8415
2251,370,3222,3383,1052
7301,6477,8815,7665,4185
3684,5765,6605,1173,5853
7753,8496,7384,7357,7263
1248,1186,1588,30,1823
2328,1781,1694,2567
1246,5095
1827,3420
881,1154,8292,8753
1601,3266,5443,4772
8264,459,1325,6862,791
2184,3346,8127
6160,4474
1317,3175,7175,8366,4534
3369,2829,2326
8593,4236
2732,4307,88,7546,5117
7439,5583,2102,2299,1757
7521,4674,773,3308,8374
4224,1418,5932,7671,5273
1770,8188,2864,6811,3964
4809,4170,6894,5264,6750
6948,7341,6518,7803,350
1571,7203,7736,2617,443
3331,6668,5471
5521,8364
3553,2307,2693,6311,7159
4386,195,5683,8663,2715
5408,2469,2203,8727,5915
8866,3846,6407,912,7478
4225,5217,2834,2262,6551
1667,612,7376,8598,1692
5096,3982,3099,7996,5087
4234,8334,4927
3433,6970
7502,2418,5587,1655,7675
768,7040,5865,7699,2708
2624,3146,5202,599,4922
8930,8150,5270,6681,7100
3456,3075,292,8521,7065
4193,7044,3215,7739,7835
4503,7876,6245,1513,8471
8965,8872,5074,6100,1629
123,2845,3686
1898,7195
6088,4589,8151,7579,8311
8321,8931,6916,7919,5970
1167,6578,6676,7989,6876
5767,3403,6005,761,5310
8974,7572,7285,4406,2300
4708,7050,3436,7281,3992
6163,6043,4037
2137,4324
6852,6152,3896,1816,4253
6084,4905,8747,750,3675
6080,1152,6788,7575,3710
2949,4428,7599,6674,5621
3936,4609,2691,181,3423
6720,165,8457,426,7353
5753,4249,2873
6050,7486
8580,2023,3600,4657,5407
8472,4935,1769,6636,5016
2147,2122,1323,7887,6039
2248,2219,5653,6906,5308
6603,8591,6641,8121,3834
4129,8008,8105,8106,8629
7043,5675,5293,7890,4986
4652,4653,6702,4118,2524
549,265,937,981,247
4512,8768,2409,1199,5336
4097,6470,4052,7929,8639
4545,1284,7824,5489,5784
7952,3734,6934,7132,1501
6496,1701,8655,1302,5212
745,5802,3115,236,6610
6406,7052,6542,3798,8381
7619,7467,4786,1300,1944
8296,7210,1038,3448,3545
7812,7494,5031,5498,7773
2340,978,3955,5367,218
6657,7427,5742,2205,7551
8172,8158,8249,2748,4414
6120,4909,7088,8501,3541
4293,1960,8844,6872,1212
7691,3280,2298,5405,8383
3650,5973,7941
2818,1911
5905,8861,3263
7722,5099
7558,619,7470,2129,4469
8720,5437,8831
8002,7685
8258,2692,1854
1889,4011
1065,4720,817,5847,697
8548,2052,7237,5445,8525
2402,6443,2769,5236,4788
4706,5223,3756,4814,7315
7299,5284,3335,51,3797
5256,1642,5995,4311,7512
3041,7555,8627,3581,6559
2019,1798,1677,4691,3131
8805,3226,1649,8314,7836
1575,4500,7355,4860,4895
5507,2324,6454,4121,8989
5635,782,2162,5080,63
6465,8401,7802,6391,2714
2786,3844,8204,4413,6237
1820,6729,3759,732,5790
355,1671,6224,3283,2011
3398,5478,8681,4537,7966
6659,6249,7725,3122,4283
4776,3340,5710,8112,7569,7482,4222
6592,1734,3570,5174,6777
3179,4044,2096,5269,7002
5954,8615,8810,4434,5303
4160,3533,6545,8024,637
5030,108,2352,725,2997
4134,1256,5864,8599,8764
7777,2180,5005,2478,762
2555,6836,7766
5529,7382
4873,622,1136,8438,6431
5704,6961,2140
6721,7191
258,274,6359,2972,6589
8963,4579,6405,7750,7659
8614,5159,4167,5097,8945
1030,7437,8339,2038,5271
4777,1163,8300,7283,4851
1281,2027,5102,2799,5725
2850,3718,6503,1900,6617
7328,7425,3202,5956,3438
5584,6691,3973
4764,7965
7395,6853,7080,7499,7548
7850,2702,3958,2390,7519
5984,8417,4744,4812,5694
7620,1093,5797,8714,5072
2500,5417,1806,8371,2008
7139,4813,4243,7226,3039
2089,2674,2043,1691,8479
5794,1923,1801,6029,6260
3623,1581,721,1619,7962
5536,1957,8888
7280,3388
6221,5805,3282,2642,1115
6850,7496,7154,3960,6556
5057,8651,6447,6516,6461
5665,6818,7396,4645,3415
6081,4827,3542
5562,8703
4625,3507,8887,2014,8543
1928,4333,2445,1394,2837
5605,3984,8786,5395,4127
8148,3348,4982,3927,6233
7906,2437,6535,7001,8316
7969,1058,8486,2355,7292
8707,4396,2580,3894,3261
6976,3812,3160,3609,4287
489,5354,3253,5403,6335
8836,5322,5100,1007,7186
7330,6757,4367,81,7644
3338,3484,5686
2614,8542
7143,2575,8369,4187,4382
294,8745,7982,1105,8409
5845,695,8057,7098,7931
4326,6796,4302,2583,6073
3145,7947,2610,8695,3550
6324,2671,4111
3025,3020
2563,7108,2444,3539,3611
3270,1550,3536,1905,4277
7719,8969,2351,4273,8181
8800,6122,4650,5034,3375
7076,8559,6034,6841,1759
4099,8645,6441,1466,2878
4014,8022,5239,7193,7642
4416,3367,8648,8466,5075
1324,2124,6675,2844,509
7881,6994,1554,3065,6621
6831,4661,7414,8247,5887
2528,4034,1188,7367,4849
3843,8230,2156,3597,5750
2659,8134,8970,6923,8413
7169,7241,5002,7757,6840
5994,4139,8270,4570,8220
6854,8570,9010,7383,8698
7949,5754,6166,4410,8380
7046,2894,2000,4082,1370
802,2120,5329,8658,4213
3360,4998,8851,1722,6366
289,4322,2106,5361,1050
5961,7028,4823,3418,1084
7300,7270,838,2742,4444
7944,4624,799,7062,4639
3625,6252,7667,2269,958
8288,6747,5365
3166,6310
7009,8046,7090,5267,1752
6912,2688,7181,3831,894
2787,7236,845,6352,2619
8146,4466,7927,6648,184
2465,6002,2905,7580,543
6021,4710,7664,6967,5786
7114,6639,3216,7258,3483
1088,4388,4074,7095,5855
1984,6248,4617,6459,2431
6466,8347,2485
5147,5606
2080,6817,1929,4635,6653
3768,5785,8469
1561,8262
6372,5968,4664,923,6044
473,243,1015,857,955
4836,6281,7595,3531,1784
1863,2490,3355,3739,5983
5088,3201,3209,2608,6206
8929,5510,7759,4348,6941
4902,6698,1172,5563,5724
7136,8007,8432,6168,5980
836,3397,2918,469,1278
2758,231,5579,1519,1524
1274,5541,358
3705,1262
8672,7373,1744,8561,5716
2661,4590,5391,3793,825
395,397,2255,7515,1885
4418,3554,3540,4857,2110
2626,2499,2554,4826,2588
7336,8650,7082,1849,5439
8584,5198,4949,3509,7485
4448,2241,8076,7987,2557
6119,8263,6791,7057,2514
3566,2384,3185,3090,214
515,2825,6263,1721,1818
1925,2953,1805,2862,8365
5410,6947,4979,8287,7039
483,4077,4241,3313,2999
1888,3748,3180,7474,471
2530,1796,3603,2909,4926
1825,644,3783,9015,1919
6273,5506,6188,4016,1118
736,4550,297,2828,1022
3105,408,1936,2738,4216
1843,4756,983
5539,2950
2756,1542,392,938,1918,1240,7006
4040,3183,977,7539,3607
4906,6235,1584,5081,2235
3106,1587,3861,2236,4318
4514,3023,372,2238,3455
4402,4891,2645
5234,3158
743,4523,3182,212,510
3207,1679,850,1108,2069
1614,1847,4890,445,2751
1829,828,1932,3928,956
1380,1959,2582,2841,3102
1296,4449,852
475,2116
1504,1958,5703,2823,1853
6726,2920,1235,859,1565
8000,3237,241,3452,862
1545,3402,5007,2104,927
1377,4210,2778,2842,2812
3608,2923,2087
834,2459
4356,1834,3186,502,1503
738,3142,2385,2354,379
6689,305,3635,441,3516
712,4684,2672,1689,7577
3651,317,8279,4219,4445
2816,4864,8749,2222,3632
5508,8132,9004,8407,668
4705,7733,2503,472,363,1356,6109,2062
368,7417,365
2088,367
646,1067,6389,860,3199
3184,4978,3021,814
1436,374
5780,3204
4371,4317
5971,2061
4739,589
3782,7530,842,1935,591,4598,1688,2811,829
704,1028,6309,1019,2735,948,2587
1665,946,4995,3301,5607,1964,7053
1089,2767,6046,4839
4716,4780,5255
1216,2757,5712,1716,1887
5332,2660,4622,6167
1305,5772
3315,7412
7170,3654,6307,8422,7272,7337,1450,3504,7354
5424,3931,3126,2327,1579
3842,1860,3909
8771,1868,6903,6584,3037
3761,8882,8003,4227,5989,1998
2971,2669,2670
5441,6915,3141,3753,4363,2766,5617,5618,4116
6144,2822,5415
4482,3910,3165,6587,4125
5504,7816,3174
8052,7710
8456,3882,6126,3667,3604,3190,5368,5018
3143,3692,3374,8694,6200,6524,3294
5571,6213,6664,4970,5438
8928,8833,5479,8267,5295
5216,8138,1427,8474,701
2761,7628,5781,7706,8862
7805,7899,8165,6062
8962,1699,7922,7956,7870
