3520,5698,2796,657,6450,4472,763,7197
7781,2983,8792,8217,8123
8454,1646,8048,8085,5078
4992,6157,7988,8986,3069
6296,8674,6085
8617,7841
8883,2381,4198
6242,8708
6760,8982,4407,2680,1596
7846,8111,5776,6289,8784
8128,7113,4046,2833,3826
5024,2303,6068,5241,8511
6184,7549,2149
6292,685
1160,6798,3214,2706,7903
8781,4365,6225,344,6426
3169,8163,7093
6474,2463
6497,8803,553,3248,4597
6217,4627,4563,6708,2775
5766,3212,4877,8236,3998
6944,8067,325,5342,5950
8291,4552,7370,5246,4510
5346,7084,4558,920,8348
1697,6786,8563,3989,2806
2438,8719,8849,6709,5530
2858,6490,5115,4157,7774
3939,8933,6795,7600,7351
4292,4329,7307,5457,7323
4262,4267,748,4153,284
5473,8940,8799,412,3775
8588,5619,5380
2976,8431
8227,4656,2288,6899,4181
8039,5810,5650,7481,7130
3264,6874,6759
7531,8556
2924,2860,5715,5817,4255
7201,8355,8198,1334,4983
5355,8846,8303,3574,7545
6477,5392,3923,2870,7357
8737,8194,8489,6349,8885
7398,8424,5936,3890,7314
7205,8028,1610,8956,8829
8804,4713,529,7091,5053
1635,8043,4528,8948,2429
3593,6346,6745,8916,4185
6982,1961,2541,8271,4952
4828,4565,4223
3427,4141
8581,7249,6901,4631,4958
3840,1219,2196,4886,1791
3874,6341,3077,3085,5468
7904,6823,1288,3059,8149
5220,6340,3911,3498,140
3744,1059,5125,8587,4245
6574,7441,6905,4989,5759
4618,2934,3711
8032,8668
4896,14,1202,8728,5820
6979,6633,7854,7510,7933
5356,8592,7032,4091,8830
3698,7794,6421,8118,4797
8324,8932,3462,2571,3821
4323,3273,8907,7379,5622
7525,1991,7218,7541,7446
8997,7476,4991,7067,8575
5347,2696,6730,2031,1973
8388,7813,8554,7349,6365
8993,6117,4172,8692,1307
7754,2635,8174,7765,8189
5637,7752,6381,7822,3406
3621,6118,5804,7407,8950
3362,2508,5791,4306,3615
3138,4360,8791,8953,2906
4233,5262,3028,7029,2229
3557,5513,4078,2041,2364
3778,5009,2387,1683,1662
6500,6739,4084,7097,3358
8322,7443,4117,630,3223
6305,6980,8838,135,5630
1314,1709,8464,535,6299
7251,2132,5325
2589,8239
6201,7700,3628
4556,5406
7150,6001,5946,8411,3647
3780,1348,8776,3883,8875
7364,7101,5975
7755,6663
3245,6670,2359,3993,3551
3585,6114,3850,7893,5404
4251,3820,5877
7344,7074
5825,6926,7229,8573,7390
6464,2284,6162,7669,7772
7657,5482,5581,6035,5013
7504,5426,1970,8054,6012
8704,2472,7946,2090,6646
7776,2350,4783,4304,6079
7128,1176,4230
1836,5735
8855,3634,2290,6966,8183
6176,7809,8426,5263,150
1795,8284,7807
4338,8442
7141,5401,8826,6651,7932
5305,7340,4332
8009,4081
7942,6640,6835,1531,5660
3976,7761,2929,6141,8606
8243,5387,4373
3229,7326
6560,4177,4647
5265,8446
7393,2212,7720,6607,5171
2313,8357,5486
7509,6550
4966,8968,6797,4943,1011
6826,8367,5649,3474,2454
4009,7596,4115,7607,7960
576,3329,8167,6570,1774
133,5226,492,8175,7058
5188,6631,1097,8688,7320
3586,1229,1266,8761,4542
8555,1399,2265,3162,4925
6403,6051,7967,3991,7743
8259,7304,4457,5866,8342
7745,7042,7016,7889,6267
8773,8774,3694,2606,8787
4195,5815,5592,5434,8702
4003,2471,872,3081,4030
6920,4811,4431,6992,3858
7951,2867,8276,6165,8223
128,7629,5166,8443,5500
7276,942,1685,729,3644
5487,6418,5718,8087,2111
6498,452,4437,8891,8798
7652,7500,8399,7954,6226
5001,8619,8245,8854,6425
6371,1358,7024,1271,7704
4641,2927,3443,6133,5435
7526,404,7668,8345,7550
8385,7793,7096,6105,5629
4354,8621,8495,1625,7420
1696,6785,7651,6873,3257
7552,5134,6287,6128,7455
3365,8152,5209,1080,1469
6024,6602,4173,8793,3035
2537,1411,2525
8552,1467
5344,2404,6761,3088,4600
7297,8004,7078,6394,8251
8033,7471,144,6479,3637
8897,3656,7690,7051,3666
7849,8201,4429,8117,7894
8609,3242,3795,1078,3901
8095,3382,7655
5616,7910
6776,8234,8750
4819,1493
1126,5068,3792,8656,5017
8579,3299,1320,1490,3132
6149,7566,6575,8915,6456
6308,7688,3818,6713,7487
4610,8423,8879,4275,8790
5280,3466,4346,6325,1882
7253,4246,8505,8987,2173
2600,6220,7213,8376,8572
5313,2820,3626,6813,8926
1606,1643,624,7925,5112
7783,7882,7915,8920,5566
6116,8139,4364,5911,569
8384,1003,1311
689,6895
8305,3395,7107
6635,8717
5107,8092,1631
6169,7767
5155,4837,2765,6837,2495
5093,7305,6379,6802,8470
6240,6089,6317,4847,6515
6020,4295,6833,7732,4632
2378,7255,8700,4637,5022
5232,5557,2510
5770,8099
3172,5542,7848,3464,3573
4800,8977,7483,8541,7614
4770,4258,8852,5047,2397
4196,5991,5642,8725,8825
6732,4532,8827,3678,6687
4932,74,3947,2125,7518
6887,8461,1455,6130,3765
6146,4522,206,8568,8447
7433,3925,4613
1361,7493
2889,5204,1653,6486,8539
6528,7072,3339,8622,1946
8736,902,5141,6839,8735
5831,3371,6878,7162,7034
1225,5580,6291,8116,8180
8678,8079,5431,8476,7454
4724,6428,5495,7769,5372
1408,8257,5450,7635,2901
8078,7246,6129,2517,6904
5668,6533,1447,8238,4861
8582,2856,1384,5011,9013
7979,4878,7286,3419,6526
5775,4403,8535,1498,5215
3740,5484,7014
4824,4732
3022,3856,7696,4017,2996
8129,3524,3050,5238,1403
7194,6986,1264,1242,734
5447,1227,1101,2190,595
7618,6411,8210,1205,5470
2482,3450,2612
3378,175
4871,8912,2135,5943,959
6815,8726,7961,5245,1439
1184,5859,6053,3284,6458
8544,8392,5064,4299,1365
6178,3688,6667,1526,5466
4803,5894,7122,8690,3803
8868,2309,8938,8468,3097
3176,5588,300
2252,2254
7717,5773,6065,308,4767
3616,7747,8068,7268,8254
5090,6440,7243,5935,7223
795,4357,1191
2012,2550
3234,1233,4146,9011,7134
6344,4844,4915,8439,8280
8323,5670,7561,8301,3254
5699,1254,5490,5628,1727
3337,4630,4921,2814,447
1824,34,4900,37,1017
0,4704,8842,7377,4947
7011,4070,3123,7092,5493
1604,7209,5837,2964,2747
8685,7055,8404,6997,3864
2127,6228,6262,380,5244
7490,8,1461,6844,8733
8064,8071,7277,5965,8722
5925,2094,3892,8763,8958
5026,7172,6695,3054,2941
2694,8207,5906,8601,5023
5312,7908,5163,5037,4766
8998,5546,2959,1110,8607
5281,7111,6446,6933,4959
8294,6284,5778,8060,6782
6433,6467,8549,5063,7151
1994,6093,8758,3319,4539
5632,4805,678,1353,6864
5060,8231,6507,5739,1170
7749,8716,8109,8780,8382
6097,970,7059
8565,8677
7488,6733,7346,786,5655
6244,1476,7411,1150,4543
5893,8649,3630,7827,6491
4483,6661,4999,3048,8724
6183,6857,2992,1040,6591
7424,3917,8047,1718,8895
7937,2561,5938,7799,987
8739,1130,4919,6393,7869
8618,4138,6286,4440,8667
7475,8661,5397,888,6236
1473,7457,1481,5947,8924
7489,5733,5974,6940,7581
2689,8330,7542,3259,7391
8386,1346,6858,1878,2559
7712,8452,8746,5330,2046
8801,6251,8818,8634,8255
8653,2331,2711,2169,635
556,5040,1937,1719,5848
7694,559,2071,6716,4701
4517,3639,6424,7866,6909
5955,7363,5432,4889,4670
4808,2475,4726,7450,8510
8449,3942,8496,7604,8214
6692,7428,1717,3673,1821
8034,6803,6015
6274,6275
484,779,6124,7403,5593
3659,8972,8435
6848,8335
4424,4427,7724,3277,7865
6842,8354,3117
5779,6615
8807,8893,3477,4569,4477
7264,7142,5386,3953,1234
7553,5729,8934,3120,6326
4480,8783,7215,6931,565
7622,7976,3437,5807,4144
1730,7333,8042,6390,5082
8775,3881,8012,4303,4023
2883,1989,2740,4122,6045
5123,7020,1516,7829,8120
7140,4553,6539,6642,3356
7842,7718,5142,4506,6303
2407,3530,4722,4763,5375
1452,5301,2965,7259,6111
2855,2347,7183,2543,4114
5731,4591,6711,1405,6655
8224,8448,2276,8901,1972
5924,2286,8242,5881,7801
7360,6859,4913,1592,8857
1569,68,6922,7544,7293
6673,8402,8822,1814,5624
6958,8307,5429,4089,6554
5185,3144,7187,8373,5595
4368,4453,3493
8130,3695
3552,6416,7731,4019,4024
99,1157,1042,499,3510
6211,4648,6061,7608,7419
8096,2882,6367,1210,3135
3491,8164,4421,4752,6911
3303,4327,4112,8504,4381
2631,5287,8015,7282,7517
5920,7147,7534,6672,6174
6471,6634,9005,3503,1562
5765,8203,5139,6387,6907
8075,7958,7023
3974,519
3302,3724,8909,237,8848
6985,7978,6187,8050,7061
8035,8751,5841,5907,6011
1536,2339,6917,465,2334
7648,7589,5260,3342,5627
5480,7758,7064,6712,156
7753,6699,5745,7127,6238
1286,7083,5933,4602,8159
8904,5550,2128,4729,6809
7400,4395,6283,8492,2895
8712,940,2512
3480,2710
5158,5671,8979,7796,1589
2016,6313,7666,7508,6137
7587,4101,3312,8626,7737
5186,4911,8309,1977,5918
8290,5449,7832,7833,3871
5640,6731,3473,6385,980
2042,4754,6612,2553,5402
5444,5288,1422,8499,4312
5664,3857,2164
1608,6594
8516,2885,1778,4693,8478
8513,6540,3091,8532,6070
8772,8166,5839
5032,8036
8647,2024,8297,8789,3224
6658,6019,5897,8265,7992
8325,7079,6544,4369,6522
3489,2728,6409,7633,7026
6148,2699,1612,7217,1076
7623,7017,524,4150,4475
1986,5575,5736,3468,6558
360,2666,2827,2539,376
8652,7917,6834,7573,1368
3269,2474,874,2646,6040
8973,5869,7598,5229,8056
8137,4335,2002,5436,5886
3716,645,7240,1326,507
5702,5609,3567,7343,6706
3617,8971,3979,2604,7673
8683,7116,6572,5103,7220
4898,4036,6727,42,3642
1793,3649,3208,3816,4585
6401,4165,8103,7126,7513
4673,8913,8497,6744,8671
6198,5829,8126
513,8923
7432,2731,2967,5532,7806
1414,5862,753,6616,4601
1068,7348,4148,4436,7612
2754,7434,3700
5224,7563
7682,1443,2377,4593,6549
6180,6789,4397,3535,5398
4257,8066,5913,7479,3225
5852,8551,7019,5459,7452
3715,8487,7303,5708,7063
1251,7779,7271,6254,6142
3127,1495,2585,1724,1693
98,5998,6190,8252,94
4495,3568,2831,7762,2386
4290,5476,5477,5959,5594
3425,1122,8809
8905,4667
2188,5129,2436
8537,2053
8902,2578,7740,5181,6398
6107,2893,7892,6715,5116
8898,8515,6121,5612,5713
7338,6738,8754,4892,2045
5318,4425,7409,8631,895
965,8213,7030,5559,4984
1250,5648,5366,2488,1786
5377,547,5740,8564,7672
5122,2051,5098,4560,4956
8576,2467,8133,6771,8444
6434,5442,5643,8434,2655
998,8494,6638,3470,5052
7872,5282,8465,5554,5428
5658,8765,4605
491,5573
6851,6057,5135,7507,4285
7296,5458,3501
1514,1506
8302,6319,8370,2039,3578
4229,4006,271,273,4049
2724,8741,5137,7415,3838
6627,2344,2602,7695,6963
5613,8850,3032,7578,7583
3139,7273,4492,6643,5050
7362,2293,2647,7480,6396
8808,3785,3057,1940,8981
387,6538,2603,6031,7871
2145,8711,5549,1623,5883
7734,4806,6207
8779,4748
2532,8397,3219,6103,3325
8195,6022,8360,4758,6399
3592,4815,6896,1053,6077
6208,6756,3112,5358,8319
7845,6376,4113,1874,8823
8483,6790,6793,8405,7646
3970,3908,5902,1074,1429
5857,5891,5323,4588,3728
417,7786,7171
7532,1558
2283,9006,5455,4279,5149
5921,3713,1576,6384,694
7939,2247,4524,4980,7033
8896,3011,8881,4022,1463
8640,5121,4669,7930,2877
3129,604,8886
1474,5522
3872,5931,7152,5654,8088
4834,3916,3884,6362,8927
5128,5363,5464,6075,8312
3016,5168,3671,858,3487
4384,2667,6769,2226,3317
5062,4041,5545,5321,5909
4451,6898,8502,7448,5114
8802,7331,6566,4498,7263
8419,4331,7660,7663,3441
7975,8748,8077,2879,4703
7265,4717,2804,8154,5755
2848,6625,4391,8104,5425
2919,3657,1676,1548,366
430,5854,6038
217,4737
6279,6151,7372,8918,4344
7626,3285,8847
3876,5412
8192,7117,6191,4464,8178
2048,709,3878,7591,5066
6131,7636,6685
7459,1231
6049,7047,3227,2644,4379
6330,4741,7790
3913,4791
6017,8715,5548,5516,7102
7168,5922,2789,6735,9014
3808,7556,5899,8026,1598
3760,2421,853,2107,7358
6048,1146,3564
5136,2363
8081,4802,7274
2744,2449
8769,3971,3495,1787,4893
8038,7527,4264,6893,280
2956,1298,3987,7991,3738
2158,222,8596,7069,8574
2056,8045,3247,8638,4415
2917,6282,8363,2067,1435
4904,5672,6347,6990,6355
3920,7826,3702,6936,5276
3233,8389,4106,1143,7611
5328,1484,6749
8834,5582
8226,4548,2477,6295,2367
4259,5350,2412,1713,7609
4135,7529,6867,3290,6654
4615,4488,2121,7410,6135
7464,3689,8908,4376,4478
5193,8142,3439,3889,8086
2434,6885,4143,4182,4092
8770,1037,6511,1967,7192
4392,235,7013
848,477
1893,4582,7878,6637,990
871,3279,8914,4050,1142
6821,5638,8762,6742,4698
8526,6614,8503,3385,7260
1830,5481,2218,2109,863
4782,8975,3472,8628,7897
7570,4965,7726
4689,7955
2922,2570,2044,1237,4572
7649,2372,740,1543,2679
804,1223,5258,1772,7189
2371,1155,5878,1750,7451
5061,8553,8659,1341,7901
6880,5474,3736,3192,6269
1025,6436,2118,3565,1564
8585,7477,6774,7864,6074
6170,8429,5748,6231,7834
5957,7815,5867,7918,6334
7233,5381,8523,3763,6462
6562,6919,8141,6032,1117
6953,909,7602,8372,2558
6929,3828,7198,5722,3038
3897,7756,3814
4456,6481
6752,2221,7309,4094,7935
1521,1807,1767
3193,4310
2113,4930,5543,2664,8400
5120,7010,6437,7177,5823
2968,8393,1329
3109,7511
8706,675,8911,3825,5335
6968,2914,1438
1747,3669
6276,8880,3188,8534,2875
400,4521,1941
8899,5070
6091,1332,6845
5597,7406
929,6501,6354,6293,2425
4742,2256,7923,8061,8767
3108,7592,2793,3286,6683
4869,3013,4103,2065,3005
6375,8520,7950,2932,2687
6338,6067,4599,4059,7325
4000,6606,8306,3865,7707
7713,5221,1738,7916,7770
4199,8752,3511,7161,6650
1511,4145,8817,7473,4340
4218,5364,3252,3641,1914
4740,3370,5164,8527,2077
7681,6568,8205,6064,5693
5505,3950,7634,1909,1147
6232,3042,4221
4592,1381
1061,5419,5046,2007,7641
3721,5008,3411,4595,4694
864,3684,5639,3421,2206
4643,8451,7855,7727,7378
6113,5700,7179,6003,8440
4707,7334,4169,7948,8788
8994,7447,251,3548,254
6561,6860,8215,4027,6047
3708,190,3934
496,5730
97,4843,3788,4525,4945
2273,6280,6604,8403,4990
706,262,876,1681,951
4868,2573,7983,6520,5756
2178,2868,1338,1339,1980
7371,7924,4212,7288,2623
5696,5552,3384,3001,8894
7840,4581,6710,2237,6270
7528,6984,22,4439,3518
4961,5890,8557,4054,5879
818,4133,6870
4680,6028
8260,6599,8937,4974,7568
4867,3526,3594,8011,7703
3944,2505,8232,4520,7771
3904,7593,8341,7257,5275
8705,8161,8709,585,8094
2274,8019,6773,4505,6302
653,526,6647,382,4383
6600,2962,3696
2995,3719
7653,6828,6998,7350,4957
5376,2210,2084,846,2750
6216,7728,2034,1657,3103
512,6026,5996,3663,8156
3238,841,4976,466,5299
4938,2830,6161,3095,8441
1376,2223,7216,5553,6972
2338,8550,5577,4846,8190
4696,8030,4967
7021,3479
6597,8070,5993,4463,8917
8356,8519,7495,2258,6808
5990,3977,8268,8277,4636
2251,2225,370,3383,1052
3400,2186,7693,7054,1198
4654,6677,5626,1852,8351
8903,8396,8815,6139,5214
6890,844,1616,7891,4188
8806,5352,6322,8053,5819
2978,2083,5768,8212,6392
3682,4271,2199,7928,1630
7104,1194,7469,2705,8604
3755,5339,6741
5130,7789
8327,6483,4575
8512,7643
6018,2242,6855,4039,7318
2722,583,4942,6680,2973
6432,3589,1387,6351,7386
737,4996,1965,503,2780
2123,5586,788,5688,5690
7715,454,5705,8636,6780
6215,5646,6928,8947,8759
7462,6472,2733,4020,8185
3449,8853,7430
1660,3164
5071,7902,2783
4248,5289
5249,2568,3722,4087,8569
2980,267,7408,2866,5497
3776,424,7221,3898,7167
8458,8394,7821,2615,3771
4866,3045,4678,3306,3314
2278,9008,8820,6965,4663
8643,1831,2891,8017,117
4163,2153,5868,2803,7295
899,490,4339,2108,4606
5764,6380,311,3064,8701
1686,1687,953,954,1374
8037,7818,5452,3288,4508
4841,5195,5709,918,8856
6534,8144,7312,4831,2911
5382,5535,5454,8240,2399
1952,1955,1811,2457,2683
1285,3379,5850,5788,5917
1568,4321,7782,3187,1373
5892,7686,4872,3952,7388
4352,2194,8778
4529,3731
8992,7366,2422,8286,8959
2630,1865,5423,4853,2462
2433,8865,7145,6767,4499
6278,1706,7289,7994,8153
7492,4042,2320,8884,3519
1540,4359,6154,4658,1173
2216,7853,8244,5685,4954
7073,6830,4596,4790,4604
4420,3051,6609,7859,7291
8547,2314,8332,1459,6487
5792,4682,4685,3824,4058
8352,3619,5132,5873,4946
6723,6153,2989,4183,7031
6820,8041,6027,434,4350
6629,807,4085,4062,2943
2794,3154,6452,790,8155
6243,6060,6316,2323,8508
1120,4875,532,1144,5148
3528,1869,4399,7384,8697
3178,1674,593,3222,3933
5799,6579,8623
8169,6531
4994,4504,3577,830,6623
868,5827,332
8755,4700
5960,7868,4709
314,7852
1705,4880,1776,8983,8415
4320,6181,4461,6134,5502
8910,5647,8437,3706,7164
5856,3853,8602,2654,2591
6583,6954,6827,3026,3287
6662,4561,5043,4438,58
4578,244,1525
1917,4973
6179,2704,7986,6356,7037
8485,7431,6983,2547,3352
5253,3272,8906,8756,2296
8368,6323,8660,3093,5020
2762,6328,2362,2460,3582
1891,6468,5610,7984,7831
4104,5964,4401,4501,7418
2208,6369,4616,5972,8283
5898,2161,5334,5849,8794
6626,2523,572
5091,8462
5385,8874,3018,8889,5055
5667,6563,8841,5680,8796
7875,1221,4175,3475,4473
7232,2977,1762,3068,8222
3968,8967,4205,8083,4341
7266,1357,7087,6102,6620
8202,5707,5393,2167,6682
7905,7536,3704,2493,6942
2082,3791,1140,8477,3007
8197,5578,6008,6877,2366
7321,5512,7497,4377,5978
7397,7206,5901,6004,3321
993,5633,4459,3218,5242
640,643,2105,1434,3836
4079,5460,7157,5524,7413
7616,8832,3459,5744,7999
2375,7369,3538,1789,8191
7075,5928,4747,7597,8318
5537,7404,5843,7190,5719
160,7523,6665,5678,3832
8710,7239,7535,5051,3004
7207,7817,8340,2294,7804
4738,6725,2227,3860,1567
7458,6724,3111,4903,6222
3810,974,7606,4733,7294
4516,7784,4623,2520,2809
6536,2957,8124,5533,3935
1838,7472,8946,7124,7764
6882,4485,7885,855,5369
3072,873,303,5207,5208
8743,3978,6445,7311,6805
4071,3751,1682,8500,7993
2723,7423,3461,8530,7839
2316,8813,4215,4284,2461
2916,1668,3430,9002,3629
4208,7422,504,4665,2782
1733,7468,8016,5297,8278
1797,2502,6930,4760,540
2272,8390,3239,6892,1518
2940,5561,3460
2292,6766
5191,7465,6258,8182,4607
8871,8362,6765,6196,5119
932,1832,5257,1833,5101
5986,5706,2058,5111,5049
6951,7211,8877,5518,6800
7971,8843,8460,1487,3217
3521,5793,6567,5065,5292
6298,2897,6577,6585,2074
7375,7537,6363,6140,2078
962,169,7662,1391,3997
5809,8051,6548,7674,6973
4936,5131,3148,3153,4316
5570,5967,7247,8637,670
7973,3888,1331,2451,916
1640,3401,5811,4852,7231
2240,3523,4515,2342,6194
7298,6457,7540,6265,8062
7819,4108,6764,1840,3772
5760,4192,3298,2727,8777
5509,7120,2773,1950,1215
5812,6649,3322,4060,3454
4968,4969,4972,7856,7125
1857,2279,7565,3413,7862
2177,5286,6728,3281,5527
4771,5830,6098,7837,5151
5448,8590,7123,5941,2302
3305,3827,8310,2518,7677
7301,4551,7665,8633,5183
8996,3140,6374,9000,1535
8098,5834,1134,3727,8824
4963,5230,1873,5880,6203
8143,7632,6007,6619,4191
3393,2318,2491,1755,1277
3681,6345,3561,649,4189
8107,5644,7089,632,3003
6946,810,812,1294,3100
5152,5603,1968,5720,6205
7380,8941,8943
5089,4076
6624,5761,2946,2373,6423
4688,2629,495
1664,5453
1538,7748,8338,2546,7133
3171,8922,7883
4818,6250
7689,5324,1740,4817,7838
3296,4676,6955,6736,7638
2716,2639,4497,6588,8605
1921,227,2759,1933,1934
4067,7269,3886,5531,8603
2595,8966,8839,5353,6704
1742,2771,2745,3292,3357
6913,7138,5156,8679,7867
6952,5840,8595,4343,1529
7913,7319,8730,6014,479
3010,4394,4204,6192,3801
320,935,2675,8821,8760
7936,4137,715,6259,4855
7554,8873,5677,6768,8379
4393,3662,4531,4086,4124
6669,1586,2233,1850,1566
832,295,398,1595,893
3377,7738,4939
6978,8115
8001,8976,7322,6172,7709
8289,7590,4718,1072,7071
5601,5673,8049,698,4795
8101,7081,4298,8713,8723
8642,2535,6508,8282,2813
8453,2824,8179,6772,1945
199,2921,7858,8343,3196
5420,6605,438,7895,5853
8328,6290,8084,4282,5884
869,5519,6871,4026,4955
1741,6701,3665,6514,6717
1248,1186,3420,1823
2328,1781,30,2567
1827,1246,1694,5095
2184,4386,123,4224
6852,6668,2102,8727
8374,350,1038
7835,7044
3266,6636,6160,599,2299
4193,773,5675,7572,6518
2624,5478,3369,4653,3215
5408,3175,5932,7281,5117
3146,3346,8364
5521,6788
3846,6407,8720,6163,5915
3433,4234,4927
1898,7919
8931,6948,5970,8663,6043
7040,5865,7551
7521,2708
8866,6916,6245,6152,8974
8264,1601,3964
4474,4118
7203,6249,7050,912,3448
8321,2732,6578,8381,5471
5031,6542,2262,7736,2617
4011,8844,2829,8593,6681
4097,6676,761,8311,2137
5217,8747,4534,3545,7100
4324,4037,6120,7803,4414
1152,7494,5802,7065,8639
4129,8008,5264,8629,5498
881,1770,6811
6970,4922
3041,4895,7575,3581,6559
5683,7739,3675,8158,8383
195,7341,750,8627,2748
612,1418,4253,4249,5437
2402,6470,3308,1199,791
3280,2298,3541
6088,768
2786,7773,7285,7478,4413
1667,8872,6603,8591,3834
4225,6050,3075,7132,7966
6702,8366,6311
8457,4406
3115,236,6641,8598,3896
3331,2691,7439,181,1212
292,5096,2326,1692,1757
4809,5074,1302,1501,8127
5016,5507,2324
8472,4236
4293,6894,6610,6100,5273
3456,3335,1655,6551,7996
2469,6454,1944,2203,6237
8805,8334,4311
745,8314
6496,1798,3982,4691,1911
3936,2340,3686,2418,3955
7427,7195,7043
4537,8681
7812,4589,8753,2162,5753
6720,6443,3600,2873,5407
3650,8296,7210,5995,1816
7502,5587,4307,7159,7675
5212,1701,7486
8002,7685
88,7876,4503
2248,7052
8292,1065,4170,5583,2834
1571,8580,2023,4657,5236
3553,2307,5284,2300,6876
7619,4786,1300,7579,5405
4772,1513,2864,6224,2845
7175,7546,6039,6906,5308
2692,6872,3992,7355,1854
1154,8930,8521,4905,6862
4609,1820,3403,2524,5790
8965,459,1167,6005,5310
7512,7558,7691,7952,5336
5635,3844,3734,5080,63
1284,7725,5489,4052,5784
5223,6729,8106,8105,8249
7555,2129,51,4469,8831
6080,5445,7599,4720,3710
7467,8172,8204,782,8151
2818,8861,5973,8989,3263
4706,7699,7989,1629,6750
2147,2122,1323,1325,7887
4545,2019,549,5767,8121
4708,1575,3436,4500,4860
4674,5293,2769,3797,4986
5443,165,3398,4428,8401
8548,2052,7237,619,8525
5621,5847,697,7802,2715
937,4652,817,981,3099
4512,5256,3756,5905,6934
2693,6406,7376,6674,3798
265,5653,247,7353,5087
6659,3759,3122,4283,732
6465,2949,8150,5270,2714
4935,1769,978,4121,443
1889,8258,1960,7315,3423
1317,2219,1677,218,2205
6657,7299,426,5742,8655
1642,1649,7671,3226,7836
4814,5367,7929,3131,8471
4909,7088,5202,4788,8501
6084,7470,7824,7890,6391
8768,7941,2409,7722,5099
355,1671,3283,2011,8188
1256,8220,2478,2352,2555,8316,5694
4579,5864,2089,5269,7766
6503,1928,3536,1905,8764
2850,8365,4434,6836,2972
5536,5057,8714,8599,2140
7009,3338,7850,2610,8371
6359,6961,7191,7226,6461
8800,4645,7090,8438,3065
8486,5072,2390,5686,3484
6081,6405,4167,1324,2799
3973,3270,8614,2702,8542
5797,4812,8945,4851,4243
6850,2614,3415
2355,5159
8963,274,2580,762,2878
6721,2180,8134,6923,8413
6976,6947,4014,8466,3609
6818,7496,8022,3160,4287
3812,4273,8786,6994,6617
7777,7906,3570,7382,7001
7620,7396,4777,6252,2674
3843,3367,7080,8247,7642
7969,2156,4396,4813,6260
3202,5956,1093,3438,5725
5984,7757,7154,1619,637
5794,3597,7437,5267,7039
5954,6221,3533,3253,7098
8836,1801,7659,5786,7931
7719,1554,8339,725,8380
294,7982,3348,3927,7962
4111,3282,4213,4982,4348
1957,8851,4823,4827,1759
8024,1281,6545
1825,1115
8651,3984,6516,2997,6841
8409,4134,3179,7283,7193
4410,7300,7949
8369,5030
7270,7143,2575,2043,4382
2437,3625,7667,3542,8703
1030,7947,6447,4625,2038
8417,6757,8057,7002,7644
5541,5354,695,5403,6335
5198,243,4277,5174,4187
8745,5322,5100,8888,6556
258,4873,5529,8570,2588
8929,7881,5994,7062,7292
6372,4664,1370,923,4639
3209,1900,4661
4466,3375
4160,2659,7280,6233,7519
4302,6034,7987,3261,2269
736,297,2671,6366,1022
1058,5605,6853,7367,5395
2465,2563,8270,5329,4570
8230,5002,2096,5750,6431
5005,6639,7383,8698,7580
9010,7485,622
3020,3509
8969,8146,5147
5539,4756
5097,8970,8559,5075,3960
2444,3025,2583,6073,7965
2950,5417,2608,184,6459
7169,4744,4044,2124,5239
7944,4624,3216,6002,6324
7139,4326,8615,6796,2642
4333,2351,2000,8695,5887
1088,1984,515,5510,6029
2500,8810,1581,5361,3894
3360,289,4322,6698,5034
6817,7750,1929,3958,4635
6691,2106,5845,5271,1466
2530,6119,8263,5102,8887
4764,5584,214,408,2844
3201,1923,1163,8181,6206
6021,7664,3507,5980,8543
7076,7236,4902,6352,2619
4836,1105,2742,857,7548
5088,3623,6441,8076,3831
5365,3166,8479
836,1919
6248,6122,1806,3611,6941
4388,6854,7241,108,4979
2027,1172,6621
7499,1007
2787,845,1015,1722,1691
7336,7082,7108
8650,7395
2626,3539,5562,955,4222
2688,3566,473,7515,1278
721,3340,1084
469,2918
2661,4590,1550,5391,825
6592,3355,1721,1050,3739
8112,3185,2738,1936,4216
6273,6188,6840,5754,8347
8672,3554,4082,7028,3388
2080,4926,4849,6589,2014
2528,4710,5961,2490,4127
3718,2445,1394,2837,6648
7425,802,3105,5785,5439
7181,1262,1274,5563,894
8288,7328,6310,6747,2557
3748,358,1863,3180,5983
7330,3397,4367,81,6777
6912,7046,7373,1744,5716
8300,3418,5724,3550,3039
838,2825,397,2255,1885
4099,8645,5805,3540,4857
5704,4776,2862
3783,5303
5665,3145,6831,7414,2008
5506,8262,7759,3768,5855
4074,5968,8469,7095,1561
644,489,7569,6675,509
5410,8648,8046,6044,8287
4418,2894,5710,7482,2110
6967,6653,8007
7136,8432
5606,8584,4949,7927,2431
3531,2828,7595,1784,2905
1188,1796,6791,7057,2514
1888,6535,7474,471,3705
4550,1734,6281,8561,6168
4617,1843,2485
4650,983
4034,4016,7186,3603,2909
2499,2554,8148,4826,958
4416,2241,6466,4448,1849
4077,9015,3313,3090,6263
2758,231,5579,1519,1524
395,3793,6166,4444,799
1925,2953,7114,7258,1818
2120,543,1752
4139,4998
8707,483,2384,4241,2999
1805,1136,8658,3483,1118
4040,828,3183
2756,862
977,1565,1235,3861
6726,7539,2645,3928,4891
2116,1584,1587,2236,4318
1377,1545,1834,502,1918
4906,4402,850,3158,5081
4449,938,3607,956,3455
1829,852,2104,510,927
3182,5007,3186,1108,2238
1958,1959,2920,2841,2459
8000,3142,4210,2778,2842
743,392,3207,1679,3102
4523,212,2069,4890,2751
738,4356,3402,2923,2812
6235,2235,1932
3106,372
5703,1614,1296,1847,445
834,3237,2087,241,3608
4514,1380,3023,2582,1503
1504,2823,475,859,3452
2385,5234,2354,379,1853
712,441,4684,2672,305,1689,7577,3516
317,8279,8407,4219,4445
4864,3651,8749,2222,3632
2816,8132,5508,9004,668
2503,472,363,1356,6109,2062
368,7417,367
2088,365
860,3199
1067,646
1436,374
3184,5780
4978,3204,3021,814
5971,2061
4371,589
4739,4317
3782,7530,842,1935,591,4598,1688,2811,829
704,2587,1028,1019
1665,946,4995,3301,5607,1964,7053
4780,4716,6046,2767
5255,1089,4839
1216,2757
1716,1887
1305,3315,2660,6167
5772,5332,7412,4622
3504,8422,7272,7337,1450
5424,3931,3126,2327,1579
3842,1860,3909
6584,1868,3037,6903
3761,8882,8003,4227,5989,1998
2971,2669,2670
6915,3141,3753,4363,2766,5617,5618,4116
6144,2822,5415
4125,6587,3165,3910
7816,8052,7710
5504,3174
8456,3882,6126,3667,3604,3190,5368,5018
6200,6524
3374,8694
5571,6213,6664,4970,5438
8928,8833,8267,5216
7706,7628,5781
7805,7899,8165,6062
7922,7956
