993,5922,1762,332,5646,2704,3093,2716
2242,4485,2733,3548,7422
6319,6577,8051,4439,7612
1506,3470,8628,3865,5276
8064,1830,3069,3379,5181
8806,3689,8778,1589,4670
1986,4036,7142,7067,6334
6026,2989,3695,5690,6270
6243,1061,4872,6767,572
6184,3038,4758
4384,2284
1251,7727,2543,7480,6298
5668,3302,7434,7954,1429
1122,5991,2153,8879,4472
3872,8516,6375,1334,4983
7596,2893,5873,6522,1660
8454,6187,6157,657,8754
1616,2667,4267
5426,4060
4407,888,3001,763,7479
6667,8940,5493,8085,7197
3904,5925,2247,1865,4861
3621,8075,876,8847,3088
417,6538,4299,8434,4637
8709,7047,8017,7026,4627
3264,5392,4880,1266,4542
4257,5066,4275,8790,4569
7745,5731,2378,5549,8982
1130,748,3059,7924,7646
7781,8735,6296,4766,4223
5155,8968,8588,8242,6367
5024,5644,8123,7229,4510
5671,624,2290,1653,604
8708,6566,7849,4783,8511
7840,5894,1447,8234,4754
5698,7107,6450
8762,1326
8712,6093,8305,5429,7734
3616,7747,8067,4563,5588
3139,5637,6826,4505,3871
8384,6635,1003,6614,1311
7724,6228,7732,7351,8953
8801,5026,2359,4696,4251
2404,553,4173,6642,4115
6760,8214,8791,5305,2303
8933,325,2541,8661,5913
8802,8012,5770
4992,6497
8739,8523,4588,8109,4376
3520,8993,4834,8784,8792
1184,4081,3698,6421,4153
2833,6141,3169
8617,5839
4498,8986,7140
8152,4797
7206,2983,7783,7017,7666
5831,6411,4046,1358,7344
6341,1229,5047,3740,8607
4352,8128,8674,6464,7951
5624,6786,8733
6344,2806
3245,8750,3248,5115,7774
6369,5959,4117,3223,5335
7331,6633,8396,6490,6428
1610,8781,7600,6225,4889
8224,7776,6533,2286,2711
8426,940,6893,492,689
4195,4262,3694,2775,7932
3176,8994,254
3785,4915
8618,1307,2525
2438,8983
8324,8039,1807,8047,3738
8203,4172,7822,7641,5246
8236,1053,8143
6833,2867
5344,6979,3952,8539,8637
8290,5356,2252,8592,8829
6944,8068,7084,4877,6012
5188,4581,2891,5650,4921
6984,3626,2031,6709,7447
6114,7561,4553,1643,5112
3939,7623,556,6128,1973
3077,2149,7481,6837,6905
4163,7111,1738,8431,2879
5103,8117,5817,1403,5436
7201,8322,5484,7128,8376
5125,8271,3091,6070,4989
6176,1411,5263,6895,5658
3273,6346,6349,7566,8885
7526,5238,6874,7869,8223
3840,7360,1540,7718,7832
786,4181,8280,7390,4191
4264,2571,7441,8667,5759
902,2196,6839,3518,8799
484,8357,2313,5486,1264
6217,1970,6162,6708,2173
8043,4492,8623,8948,447
7626,6739,5323
3427,7475
6500,8907,7091,6899,6901
8066,8107,6289,8120,4255
3586,1384,6769,5142,7933
5346,6403,4198,2696,7848
4323,8804,535,1646,8855
3138,6851,7014,8809,7518
5955,3826,7668,344,6426
5185,8846,1170,8435,7807
8849,4292,6926
7297,2229
8163,2283,7093,3989,2012
6528,5347,6793,3117,8622
7528,753,6165
1514,7307
4332,6242,7340
8009,7125
2694,6354,8668,3229,6047
8634,6149,5670
2889,5286
5825,998,7113,5552,6815
8449,8303,4656,4828,2429
6692,5768,7819,6462,6303
6116,6117,4365,6133,5622
1635,942,4303
678,5023
7407,5936,7220,3573,1662
7205,4070,7988,7607,8028
3878,6568,3628,7794,8254
3881,5546,6607,3792,2386
6798,5455,8048,8149,5557
5063,4360,8405,7801,2906
7079,4488,2121,3593,3564
1219,3724,8848,7122,7260
7488,5766,7218,1596,4958
2976,547,899,4517,8765
8355,5158,8875,7096,6745
7717,7854,2041,4091,380
6658,2710,3480,8251,8895
5163,7504,5810,3890,7446
5381,8606,7023
8979,8700
2002,6381,4335
8291,3406
3778,4904,7669,1526,8825
1314,8004,6823,4138,8239
8198,4615,5325,3085,8916
8737,8706,5377,7652,6982
8977,6258,4732
6035,8367
7942,3657,8439,4185,5660
3744,1059,8683,4310,3193
7398,5740,685,6640,8564
6474,5612,8495,7092,8342
7841,8194,8111,2929,7903
7011,412,4925
4552,3775
8386,6917,6759,5078,7743
6024,526,5204,6486,3356
2508,7346,2387,6966,1368
3874,6345,7476,4245,5468
3299,1994,5688,8156,6909
8544,7809,5064,150,7992
1288,2350,5938,2071,7323
8678,4980,4183,8476,7454
8842,3378,6771,4373,2265
3557,6057,2512,6262,7865
1160,8392,7915,1365,6293
6848,1608,3659,8972,2606
8704,2090,8719,6646,2364
2472,4618,7286,1558,5466
7591,8527,7891,565,2233
4582,9013,2558
1961,7846
3395,5640,3673,3322,1821
68,7544,4558,4689,920
5134,8335,8852,7509,8284
7141,5862,5001,4811,6284
4259,2412,6540,7609,5470
5859,8549,4146,8692,3196
8803,7428,2474,8927,6399
7779,8492,6732,4878,1233
1414,5580,6286,8726,7895
8423,3530,7370,8915,4212
7397,5070,400,4020,6330
2848,3208,5897,7246,6713
135,8619,4304,2934,5342
8189,7349,206
4946,2132
5350,3242,3917,3319,1176
8770,8323,8424,7061,3711
6561,7171,8679,3511,7614
6371,8388,7813,7024,3028
8038,8360,8715,5387,7326
6340,3498,8372,8950,8920
8259,8126,7255,8574,8095
8033,8452,630,6456,5022
3780,7752,6282,5649,8563
7276,6418,4565,2454,1399
8761,2858,729
1989,4285
3362,4306,8826,6651,5791
6240,6920,4819,8245,6776
8448,6308,2342,8167,2612
8898,6053,7695,5713,7507
4930,8807,8400,8116,3449
4610,3524,5262,7889,7611
8865,5107,8758,6169,8283
3592,7762,6873,5595,5820
6560,7955,7379,7767,5053
7273,4529,1685,3644,5630
5733,4966,6797,5974,6940
7904,649,8382,7581,6398
6251,6254,8783,2167,4952
2377,5513,6379,6803,3385
7720,7433,14,8656,3352
8932,3462,4141,5011,6452
5699,6089,2796,7213,6835
3272,140,6161,5877,7550
6178,7364,8464,7101,1439
6280,6728,1037,2959,1110
1664,8526,117,6232,4221
6663,2288,1329,5009,3551
512,3552,1320,3663,3317
1709,8174,4431,3312,7058
6882,6215,5482,7765,1719
8741,6570,8787,6931,7415
7878,5448,6637,6102,990
8032,5829,3474,4023,6142
1697,8099,4717,5364,7958
5093,5933,8470,6425,8159
6279,4143,1623
3269,4383
2728,8830,8411,8798,3647
7430,5136,8725,8853,3164
3681,3561,6317,4943,4532
8137,7885,8341,8702,8446
8166,3884,2927,5530,959
5280,6181,7655,7371,4440
8838,6699,3439,5975,4189
0,5060,3974,4947,8788
1730,8776,7593,9002,8556
2754,6216,4424,1625,6491
6857,5502,6655
1405,6591
1202,5619,3993,7034,1631
5616,7259,8926
6997,7910
4913,2482,8054,7833,6907
8905,7786,7150,1683,1147
4522,8139,8688,795,8447
576,3329,6765,8857,8505
7618,4965,2471,4521,4024
8621,6802,1493,7420,6687
5633,7782,7696,4177,9014
4403,6068,3678
8827,4805
4900,37,5965,4078,734
7172,715,3630,7471,3637
5702,2127,7632,4852,8183
8647,1836,3858,5655,8575
5924,4647,1353,7946,5013
4483,5639,6137,3450,2331
8640,8257,5260,6446,3639
6440,8552,3123,5592,7162
1381,6549,6933,3382,507
6864,5450,4354
5312,8294
6287,5893,3493
7827,5244
5696,1696,7651,4868,3257
7363,6477,3821,6672,3991
3365,5935,8854,1469,3615
2820,6130,7190,2007,3864
1126,7403,6064,5171,6393
8227,3050,7083,6481,5242
4229,4006,4539,3132,5950
7240,8489,1774,5232,5718
3144,2344,5807,6963,8728
5473,8133,4246,4886,8444
5735,8458,918,1078,6878
7983,8306,7314,8276,6458
5453,7277,4592,1490,8722
8897,1511,5330,8789,5401
4740,4461,7069,8596,2077
6020,5834,8913,7251,7253
7525,7602,7541,7549,7391
8743,8555,6744,2589,1791
3688,4713,7051,7161,2046
1376,6022,8909,6040,8255
3970,8779,7694,987,6716
2309,4295,8175,7635,6394
8685,1455,8404,3765,1461
3234,3911,3916,9011,7134
5226,8554,6670,1011,8568
929,6627,1965,2254,2996
1285,6313,8971,2924,8373
1536,4437,5911,569,8891
2689,8649,7409,280,8636
4616,3976,6575,7925,6424
8195,8071,3944,7215,222
4898,5575,5715,5431,1598
4453,4806,2123,788,8565
5632,1476,5866,7755,7799
2856,6764,398,4506,7740
8579,7223,6710,6135,8573
8705,3876,1348,7411,8348
7268,8037,1937,7923,858
360,2539,8973,8212,5886
6467,7400,6283,7151,2895
1778,4996,5837
1495,4767
1531,5628,1727
5490,8499
8297,5037,4817,8370,4543
6131,7629,7127
5500,5166
6118,8265,8746,5804,4089
5505,8587,1909,6390,4726
4338,3925,6111
6594,7455
4688,8923,1831
6198,1374
7010,8808,1838,6774,7864
8504,6515,7796,8856,8345
8643,387,7469,7152,404
8309,22,1977,8026,5116
3814,4456,7756,7892,6715
6992,8222,8775
6267,3068
2885,4748,2199,7448,6683
5352,4112,2449,5554,7772
7097,6706,3035
7492,3254
3337,42,2765,3642,2814
2108,3022,503,953,1724
2664,7343,8975,1592,8893
864,5765,6387,2169,3421
737,2666,2827
376,2780
6724,3111,4903,6222,4701
8901,4718,2639,8976,7419
7490,8,8818,6615,6844
8677,7749,8780,5773,8690
3808,8302,4911,3285,8094
7653,7209,2964,7350,4957
5282,8902,6121,4148,4436
1893,3567,7192,7897,5883
8769,3971,3495,4808,6574
519,6858,5739,6649,8572
7556,6986,8532,7991,3103
4722,7288,7866,4763,1117
5729,1361,2258,8503,8153
3850,3342,6738,5943,5946
5032,3464,6514,4084,5404
7837,8201,8207,3535,5629
6180,7443,3892,7510,8958
4704,6785,7712,8042,4331
2433,965,5542,5581,3443
2570,2922,6731,6385,1237
7458,6409,7116,8180,5245
7657,6727,8079
4457,4892
4218,7715,8998
1346,6572
1225,6953,6291,3384,6139
7748,7529,7979,7183,6526
2883,8465,4019,4122,6045
7535,1173,3162,5051,3004
7552,2212,4967,1271,5693
7239,7688,6445,175,8671
7875,5220,5380,1205,3574
1733,4364,5297,2803,8278
5152,559,5457,5458,5720
7489,7016,6191,4369,3634
3491,4421,8841,8307,6654
6401,3795,7126,8252,2559
2434,6952,2517,6904,8767
6544,6292,6007,7961,7867
8389,4106,5265,7029,1143
4049,7380,8943
8941,4605
8385,7842,1254,3430,8582
2561,8711,3824,8912,5432
6211,8774,1933,4597,8537
6146,4133,3883,6028,6928
7138,3715,8487,5898,7063
2145,5122,6885,4742,7758
8451,2855,2347,1234,4114
5920,7531,5550,7545,4157
7937,3656,5899,5709,3702
7587,7473,8626,6097,4279
7104,2375,3219,3706,1789
3908,4377,5902,5049,8060
3081,4556,7700,6550,5917
8576,2016,2467,8710,2105
8894,4790,5815,6236,6174
1040,8773,2510
6554,7686
1408,3923,7357,6238,6015
1569,6730,3212,2860,2706
2537,3277,6870
8129,4427
8243,1150,5355
5149,1191
7648,7589,8330,818,8510
6226,7769,8987,5372,5918
7693,2094,1718,8793,8763
8813,6004,1882,8061,3487
4770,7527,6325,5339,2941
4480,8478,5848
1914,6958
7075,5928,4747,7500,4017
5129,8609,5996
98,3716
8088,5369,8437
2188,5135
6983,6887,5593,3120,5017
5281,5186,4641,7908,4847
872,3466,4528,3856,284
6795,4175,8210,3475,4473
4673,4516,7372,237,7487
513,5706,3825,7477,4182
3489,3472,7731,4693,504
8997,5321,4524,144,4991
6065,3127,7032,6105,94
227,1717,2759
1921,1934
8178,7117,7042
4464,8192
7393,2600,3479,3901,5406
7818,5452,3288,8603,4508
128,7616,2882,4837,8443
2436,4230,2602,5137,895
4896,1793,7815,6813,8030
5313,8397,7598,855,5275
8130,5221,3755,7472,8946
7078,3942,4871,970,3666
2339,7563,1878,4381,2334
2053,1097,2585,251,2237
5480,6061,5428,6773,6712
5090,5318,7271,4169,7704
640,2276,6661,5328,8724
8096,6274,1231,7636,2680
8202,5707,4844,5393,6682
6031,4368,6483,7643,4575
7468,6269,2550
6827,4357
5664,4613,5068,7187,6845
8824,8197,4477
8497,8098
2573,7064,1467,156,2623
7464,8908,3477,4632,4478
8996,7517,6942
5375,2407
8325,6662,3303,5043,7450
7622,5736,7976,3437,3510
8956,4438,6980
2024,7690
3684,8871,6154,635,8541
6305,7333,133,5324,3501
8483,6536,4150,1946,3935
2532,5516,5998,6190,7583
9000,7882,4938,3820,3095
5857,3728,8850,3032,7578
5891,4667,4003
8164,8277
6049,6384,2226,2647,5854
2603,8716,1548,7633,3286
2919,1576,1676,366,694
2505,4124,6929,5722,4572
7872,5921,4165,6396,7358
7939,8581,4495,4631,1787
6968,5363,8631
3713,5755
8736,2830,7377,8914,3419
8232,8717,3828,7771,1567
4709,5960,7413,6711,4893
99,7918,3857,1042,499
7243,2111,8087
7265,5487
5476,6877,1134
5578,3978
6631,1223,6201,5050,4030
4600,7728,2675,8056,2425
5376,2210,5812,3803,8477
2724,2631,5287,8092,8638
4258,4429,5648,7673,2397
7497,7410,7457
1481,1463
4737,4451,6898,217,863
7305,7338,2901,3224,4601
7681,1227,6091,7406,8084
7753,5559,4984,3225,5434
3682,2595,6468,7859,6299
6085,8553,3947,8217,5215
8512,5481,430,2962,2644
6539,5524,7157,5334,5460
6479,7249,6834,3441,7033
8822,8461,1814
8354,8402
7424,6695,4395,3054,7871
2789,3760,3987,2421,4379
6316,8748,8077,5972,7930
3585,3425,452,5708,7893
2113,3233,675,4782,5941
2256,8777,8034
5082,4290
643,8653,7508,7257,3836
2917,235,2067,853,1435
5881,1874,8602
6558,2591
7821,4145,6001,4340,4959
1516,4561,3731,7829,2039
7055,5841,6196,8889,5055
8934,779,8205,2164,5597
3649,8356,6278,7495,540
2978,2083,980,8569,2750
5638,6183,6742,7770,4092
7682,8260,7948,4815,6896
8001,4515,3461,4658,1434
871,2218,848,3383,477
6634,7020,9005,7726,3998
5229,1422,2740,6103,4312
7266,8911,7123,5435,6620
5931,3669,1142,3227,6207
8161,2475,6616,1339,1980
2240,7423,1668,5420,7839
6936,6363,6220
3920,7537
3214,5775,8883,5241,2463
4994,4520,5299,7198,6623
4595,3252,4694,3641,3100
7232,4359,7081,1972,4343
2084,841,2921,2866,4188
8363,4654,6416,8118,7451
8551,7019,7311,6588,5852
5156,8081,2744,4058,5819
6113,5447,5040,7217,3321
7568,4050,370
2225,2251
6019,8820,7124,6741,954
5382,3247,8240,6129,4415
3112,7274,5613,7634,7672
5890,5827,4298,8723,5879
8906,7978,8050,8756,2045
8868,8938,8817,8468,3097
6830,5397,2870,7384,4604
4824,7845,8823
6376,4113
4866,3045,8238,8981,4703
7913,6356,7319,7037,2367
8903,7089,632,3003,5214
5128,6038,5464,6075,8312
7649,6599,7570,8502,5114
5353,5131,3153,3290,6079
2223,7216,5553,1687,6972
1832,5257,3178,5101,4591
6498,199,6890,7858,8343
6208,7073,7147,4596,8213
3617,2604,4144,5850,5788
1157,3979,4919,8442,4795
8642,8015,4560,7282,2323
6531,5799,6579,5654,6871
1221,4199,4009,8752,7838
7072,6790,2762,3339,1452
4741,3016,5901,4791,5566
8834,6749,1484,1873,7709
1795,3818,2699,5046,6172
7264,4643,4079,7855,7378
4475,6003,2965
6124,7493
2372,5548,3279,4593,2679
1713,5878,2687
1155,1543
6433,5700,6735,1076,5884
1891,3172,4041,5964,3358
7362,740,1750,3129,7102
2723,5449,6859,8530,7322
6985,5609,8301,5522,8886
5967,7247,7221,670,7167
8550,5577,3325,8190,479
1250,5366,2488,1786,1693
8226,2371,2118,1674,2477
6978,8585,7177,7738,5823
8904,2128,4729,7894,6809
6880,5474,6733,3736,1210
1025,6436,3565,5008,1564
4999,3048,5459,5907,3934
1604,6828,5906,6998,2747
8896,3011,4233,8881,7960
7013,5258,1387,6351,7386
873,300,3284,5207,2042
1120,4497,8755,8244,4344
4321,3238,846,466,3187
4800,8362,6805,7483,5119
5792,8036,8772,7303,4682
434,7334,8103
8041,6820
6946,3721,593,2107,1052
6067,308,5141,2868,2783
8520,8340,3222
4204,1767
5249,2568,3722,3473,4087
7532,7917,7928,6650,4027
6625,4578,6017,4648,1917
7296,4329,5071,2771,7902
3521,6148,8519,1706,7289
6151,3727,8918,6008,2366
8547,3306,8332,8049,7320
1991,6855,2221,1747,1438
4932,74,2125,8535,7513
5444,8390,6892,7597,8318
8513,6501,2793,465,7608
6051,6471,5358,7967,7263
6626,8169,4973,244,1525
3296,7207,6736,3218,7638
5990,4425,3977,8268,4636
4678,6761,3314,4499,1940
6922,6606,8053,5052,7293
874,1140,6612,2044,3007
1606,2794,3154,790,8155
1612,8453,4039
7168,8179
6338,5603,1968,4059,7325
1474,4803,1640,5811,7231
4869,5509,4846,2705,6295
6673,5779,5301,6842,8124
3968,5986,2058,4341,2655
6624,1521,2034,6423,1657
1955,8231,7432,5843,3704
6821,5130,8144,4698,4831
5793,7553,2502,5292,6290
4196,5642,5398,1146,2363
3913,2731,1811,4215,2683
8992,2314,1391,8286,8959
1194,8910,7986,8604,1950
6534,8104,7312,6643,2911
3401,4042,2320,8884,3519
706,2065,1681,3700,951
2722,1538,8338,6867,6680
1824,34,295,2293,1017
3816,5065,5419,7179,1332
262,2279,7309,4094,7935
2316,524,2957,5139,5533
490,4076,5586,4339,4606
5191,7465,4942,8182,4607
2048,3370,6669,2158,1566
5957,2824,5867,6772,1945
1498,8659,1341
7901,5061
7375,7826,7130,6140,2078
5582,8500,7993,7452,190
8289,5730,7590,1072,3708
5193,8494,8496,7604,6717
7975,2216,6060,3057,5685
5091,4391,8078,8462,7793
4961,6604,6766,6074,5627
5719,6472,7790,2967,5532
962,4067,7269,3886,5531
3018,8035,6011
5385,8751
2977,6302,2206
2274,8019
4802,8394,8652,2745,6362
4707,4103,5519,8154,3005
4875,496,532,1144,5148
653,6511,1967,5527,8062
3108,709,7592,3772,2109
2897,7542,2074,3259,6911
2208,7713,4585,8399,3568
4867,3526,3594,8011,3135
5868,4990,4954,8508,382
5809,6548,7674,4284,6973
6275,7459,5745,2451,916
1101,2190,6930,595,8440
2914,6437,4843,4945,3838
2956,3148,6704,6780,1630
4738,6725,2227,3860,2646
5760,5594,5477
3298,2727
5386,3953,2578,3763,2546
3171,807,6250,4062,2943
6951,7211,8877,5518,6800
3013,8966,8839,4271,2973
2272,3239,5288,5869,1518
8419,3371,7660,7663,7573
1857,3719,4974,2995,6782
1740,5776,3188,8534,2875
3072,303,5208,2553,5402
4104,7534,7984,4401,7761
5098,2831,4501,3897,7418
2278,7789,9008,7764,4663
6432,97,3589,3788,3933
3042,7369,1686,2462,8191
160,2273,6665,5678,3832
804,4394,1772,6192,7189
2082,7784,4623,2520,2809
7973,3888,1331,7703,2495
8415,8843,5454,2523,2399
5761,3393,2946,2373,7194
2338,8327,5705,8937,5626
8713,5993,7916,4525,6808
5570,5764,1705,8595,3064
320,935,3411,8821,8760
5062,5545,5610,4685,5909
5120,5121,2051,3192,4956
4000,6913,6638,7831,7707
6629,7883,4818,4085,8922
5672,6347,6990,6355,6685
8429,4752,6231,6170,7834
7233,4108,7348,6392,893
8947,1443,8759
7074,7031
3109,8393,2615,2968,3771
5412,4101,9006,2194,7737
7936,6723,8101,4137,6259
5856,7950,2932,2654,8351
932,645,1833,1298,1242
3460,2535,5561,2877,5535
2161,6520,5849,8794,5756
2318,4208,4665,2491,2782
7905,6374,3950,7536,2493
4327,2135,1080,1755,1277
8873,6380,8557,311,8701
7304,585,3578
4680,6244
5089,5573,491,271,273
6602,909,529,7030,8319
832,2916,1068,3629,1840
4976,4504,7994,1595,7806
4939,3377,4054,7868,4669
4968,4969,4972,2381,7856
2056,6508,8045,1776,8282
7817,7388,7804
3010,4955
7298,6457,7540,6647,6265
6583,6954,8016,3026,3287
6434,5643,974,4733,7294
3810,6276,8880,7606,6205
4459,6860,7059,8215,7511
3305,3827,8310,2518,7677
6179,7565,5647,7862,7164
7462,7404,1941,8185,5020
5253,4841,5195,2296,8441
454,4936,6600,3696,4316
6756,3503,8633,1562,5183
6789,5830,2186,4397,6619
4135,7852,2992,5425,314
5442,8967,4205,5778,8083
2178,1286,4602,8403,1338
1473,5512,7321,5978,8924
8352,2177,3619,5132,3281
6018,5892,583,3538,7318
3357,6701,4022,58,6365
7754,2635,4724,5495,3292
6752,4548,7120,8730,6014
4676,7145,6153,6507,8605
3528,1869,4399,4599,8697
4192,7523,868,8141,5111
6048,4771,6098,1074,5151
8832,3459,5744,4630,7999
810,6955,812,1294,4855
7554,5677,6768,6965,8379
1797,6567,8328,4760,4282
4071,3751,5840,1682,1529
8485,7431,2547,6326,6077
869,424,6677,3898,1852
3853,6328,2362,2460,3582
3140,5289,7689,3665,1535
2629,2630,495,5423,4853
4320,5164,1586,6134,1850
1568,3662,3791,4531,3577
5667,6563,5680,5748,8796
8917,8070,4463
8874,6597
2980,267,7408,5497,830
7301,4551,8815,7665,6322
5123,4420,3051,6609,7291
5543,1357,8590,7087,2302
5224,4392,7054,2804,8601
3523,6605,6194,438,5853
4963,5230,5880,6203,7071
6562,6919,6032,5209,7295
7021,1459,2422,6487,698
7366,169,7662,4346,3997
7853,8115,2292,2940,4700
7971,8460,1487,3217,2813
3776,6027,2773,4350,1215
4393,844,4086,1373,3454
5537,8899,8368,6323,8660
1952,5168,3671,2457,2461
8142,3889,8086,4248,5947
8515,3468,3413,3801,4026
5601,5673,1741,1742,6107
3400,1198,2294,6585,7133
1186,5095,1781,30,2328,1246
1248,1827,2567,3420,1694,1823
6160,4772,4236,2102
881,459,612,8753
6720,3266,1154,195,791
1601,1323,8598,7546,8127
1667,1418,4534,3992,1692
7281,4307,8366
8521,2732
4224,2829,5264,123,5117
4129,7439,88,8188,1757
2184,2708,7736,3964,350
7521,4674,773,2617,7803
8314,7572,7551
3146,8727
4225,1571,6862,8629,7100
3331,6948,6668,5521,5471
7203,3175,5683,6681,2299
3369,4170,3215,3834,443
5408,7341,7478
8364,7285
2340,3686,6407,3846,8720
4708,8264,3436,4500,4474
5217,7175,7502,5587,7675
6852,8805,3433,4311,4253
1152,4809,5583,7599,3346
5443,8292,1770,2262,5270
6311,5932,6578,6518,1655
3553,2307,8105,7159,6906
3308,6894,8374,1629,6750
6788,4905,5675,599,4927
5096,1513,2418,2834,6551
7619,6636,3955,7835,2845
2624,7195,8296,4922,7739
7040,768,6088,4786,1300
2409,4589,8334,5905,8151
8866,6245,5865,8974,6970
8321,8931,6916,1898,6039
3896,697,6610
745,5802
4935,2248,2219,817,3099
7376,7699,6542
3982,8471
8008,6249,7050,4118,761
7773,4234,5915,1501,8158
4097,4386,4428,4657,8401
2402,6152,5970,4406,2300
2147,1317,2122,1325,5308
3936,2691,8593,6100,3423
7876,7088,912,3448,3710
8768,4324,6120,5753,5437
8965,8872,8311,8381,5310
8747,3545,750,7575,2137
6050,3335,8457,6443,2873
6659,1820,3403,6702,2524
1302,1911,7353,2748,7486
5478,7691,3280,7966,8383
5767,6676,6005,2326,2203
3650,7210,1038
1816,5995
4652,7887,4720,2864,1167
4545,7725,7470,6811,8639
6084,8844,6391,6872,7802
2786,5284,4037,8172,5202
4193,4653,6674,5973,5016
4609,1960,4011,181,1212
782,2162,5080,4249,2298
6496,5074,4503,8121,7996
6657,7919,6163,6043,5212
8930,4283,5293
8472,4986
5223,8106,7989,8663,6876
1701,426,5742,51,3675
7044,6224,2324,6454,5087
2693,6406,7052,8591,3798
2019,1798,4691,5653,981
1889,5507,4293
7315,1575
8580,7467,3600,5405,5407
619,8655,2129,4469,8831
8002,7427,7043,7685,7558
1642,3115,6603,236,6641
3456,3075,292,1769,4121
1649,7671,7929,3226,7836
6465,1065,5621,8150,7065
7812,7494,5031,5498,4414
8258,2692,7355,4860,1854
7237,165,3398,2023,5784
2949,5847,5273,2714,2715
8627,3581,6559
3041,4895
549,2469,8681,1944,4537
7299,7555,7941,7512,5336
2818,8861,4788,8989,3263
6470,5256,1199,7952,7132
3541,7579,4909
6237,8501
6729,3759,3122,732,5790
937,265,1677,978,247
6080,8548,5445,2052,8525
4706,2011,4814,5367,3131
7824,2769,5236,3797,8249
1284,5489,7890,4052,4413
5635,3844,8204,3734,63
355,1671,3283,218,2205
4512,7722,5099,3756,6934
5710,2096,7569,3570,8112,5174,4222
6592,1734,4044,5102,5269
3179,4434,2997,5303,7002
5030,3340,108,725,637
7143,2352,8339,762,4382
4160,7777,8810,6545,5694
5954,1256,2478,274,6836
4873,7766,8599,5529,8764
7367,3145,7437,6260,8438
7395,2027,5005,622,8220
6081,8963,5159,8615,6961
4167,5864,3438,4851,8024
5057,6252,2575,3984,6461
5536,3533,7482,7962,8703
5097,1136,8369,1394,6516
2528,6853,3536,5395,5725
1928,5417,1163,1900,2390
6721,7659,8651,8945,7283
8714,3973,6447
1030,5271
2850,5797,8786,8851,3542
1093,7270,1801,2799,7931
7425,5794,4645,6503,3415
7969,7139,7396,4744,4661
6405,6221,3282,1619,3253
8614,6698,4812,4396,2580
5984,7850,2702,3065,8380
5605,7080,7499,3348,4982
7620,5956,6796,6841,4764
7300,4813,8371,3958,8413
2089,8316,7382,2043,2972
2563,1923,5075,6675,4127
4302,5072,3261,5562,2269
2180,3894,7191,8409,6556
5665,4410,7947
7154,8270
1058,1957,294,7280,1105
7965,7750,8887
5584,6691
1188,7076,7987,6168,1759
6976,4416,3375,3609,4287
7496,6639,4082,3160,7548
2661,1905,9010,7001,7580
4014,4111,6994,8022,3611
7009,8466,4213,2614,8542
1581,721,7667,4570,4827
4134,4776,2642,3539,1115
802,3367,4466,7642,3484
7519,1324,6359,6233,6335
7906,5541,243,8057,4187
4836,7982,3927,2905,3388
8479,6310,8247,3166,5887
6034,2619,2557
6352,4902
8288,1825,7328,4579,2674
7108,8365,1554,5686,6747
8969,3597,4273,8181,7383
8800,7114,2008,4348,3550
5002,6621,3270
3338,6029
5322,5100,2355,8148,8543
3843,7881,5750,7258,7292
736,297,3020,695,1022
6273,6854,7241,7757,6840
7944,3216,8658,6002,6324
258,8745,1936,2554,6431
3718,4333,1843,8695,6648
7181,1262,3831,7098,894
3812,8230,5354,2156,5147
8929,4388,8486,8469,5855
7046,6441,8076,5365,8888
8707,2500,3960,6777,1691
4243,5563,6366
5403,2671
6122,5994,1806,7062,5754
1281,5704,2862,7193,2140
4326,3625,5845,2583,1050
395,7949,6166,4444,799
8417,6757,4777,2444,7644
6850,6947,7090,1752,6044
7169,2659,8134,8970,6923
6535,8559,1863
4277,5198
3360,3025,6073,1274,2844
4099,8645,3623,5805,2894
8300,2124,7414,5239,3039
6281,5034,2351,4823,857
7057,2514,4625,2038,408
5539,8146,4756,2485,7927
6021,4849,1849,6653,2878
7719,4624,5267,7095,7039
6466,1007,5361,4979,184
5088,3201,3209,2608,6206
289,836,1929,2742,2106
2530,1796,6119,6791,6831
2688,8007,3507,1172,6967
2120,4139,5329,6617,543
6248,2465,2950
4617,2431
1984,4322,5510,3483,6459
7136,8836,7664,5786,5980
6818,6372,2610,4664,923
4034,7186,3603,2909,5439
5410,8648,8046,5968,8287
5961,1370,3418,7028,1722
2787,3566,7226,5724,1919
7595,2828,845,3531,1784
6912,6817,8263,8432,4635
2626,2499,469,4826,2588
5506,5606,6188,4016,4639
4590,1550,5391,3793,825
2918,489,1015,509,1278
4650,2445,2000,2837,983
4418,3554,4550,3540,4857
4710,5579,4926,6589,2014
8584,1805,7759,4949,8347
2080,2758,231,1519,1524
7336,8650,7082,5785,6941
7330,4367,81,3355,3739
3202,7236,4077,3090,2490
8672,4448,1744,8561,1084
3105,3185,2738,214,4216
3748,358,3180,3705,5983
515,1925,2953,1818,1118
1888,7474,3509,8698,7485
955,3783,473,1721,7515
1088,8262,4074,3768,1561
838,2825,397,2255,1885
2241,3397,7373,5716,2110
2437,471,8570,2555,958
644,4241,3313,9015,6263
483,4998,2384,2999,1466
2756,4040,392,4906,938,7539
1377,6726,5234,3158,1565
1587,1235,3607,3928,4891
3182,3183,977,4402,2587
8000,3861,2645,2236,4318
1829,2087,5007,475,862
1958,2104,2841,510,927
3023,1584,2235,828,2238
4449,5081,1847
445,1614
5703,4210,2582,2778,2842
3237,1959,2920,241,2459
2116,3402,1108,852,2812
1932,850,6235,956,3455
1504,743,1679,4890,3452
834,3142,1545,3608,1918
4356,1834,2923,3186,502
738,1296,2385,379,1503
3106,4514,372
2354,1853
4523,212,2069,3102,2751
1380,1019,2823,3207,859
305,1689,3635,441,3516
7577,4684
2672,712
3651,317,8279,4219,4445
2816,4864,8749,2222,3632
5508,8132,9004,8407,668
4705,7733,2503,472,363,1356,6109,2062
368,2088,7417,365,367
3184,1067,646,3199
4978,860,3021,814
5780,374,1436,3204
4739,589,4371,5971,4317,2061
3782,842,7530,591,829
1688,2811,4598,1935
8962,5479,8138,5295,1427,8474,701
1665,946,4995,3301,5607,1964,7053
6689,948,1542,2735
4716,1089,4839,5255,4780,6046,2767
1216,1716,2757,1887
1240,1588,6309,7006
5332,2660,4622,6167
1305,3315,5772,7412
7272,1450,7922
3504,7337,8422
5424,3931,3126,2327,1579
1699,3654
3842,1860,3909
6584,1868,3037,6903
3761,8882,8003,4227,5989,1998
2971,2669,2670
2761,8862
7170,6915,6307,3753,5618,7956
3141,4363,2766,5617,4116
6144,2822,5415
3692,3294,3143
4482,3910,3165,6587,4125
5504,7816,3174
8052,7710
5368,8456,3882,3190
5018,3667,3604,6126
6200,6524,3374,8694
5571,6213,6664,4970,5438
8928,8833,8267,5216
5441,8771
5712,6389
704,1028,8165,7628,6062,5781,7706,7899,7805
7354,7870
