1540,5131,5646,3093,6683,1053,2595,1061,7206,8748,7727,4143,7731,7734,8760,5690,572,5181,3139,2631,8801,6243,2667,3695,6767,2675,3193,3706,6270,8839,4758,2716,1194,2733,6319,8385,2242,2258,4310,4316,3296,1762,1251,6375,5364,3322,4861,7422,7434,1807,4880,3865,3872,4384,4898,5922,1830,9002,2347,1326,6450,3379,1334,7480,6973,3904,6986,5452,332,6483,2404,8037,3944,7017,876,8051,8064,4485,6026,8092,2989,5549,6064,6577,4019,6070,8636,7612,7104,1986,3548,3038,4575,993,484,7142,2543,6128
3470,7954,4115,1429,1176,6298,7067,5276,8994,5668,5925,2983,1447,4267,7596,7724,556,4271,5426,6579,1589,6710,4279,7107,8516,3657,8137,8778,8012,1616,8405,4694,5335,4439,2906,604,4060,6367,1122,1506,2153,3689,748,624,5873,7152,7924,8821,4983,6398
5125,7942,7047,5894,5768,6538,8075,7817,3473,6293,3738,4637,2334,3103,7840,8741,935,7465,8234,8109,8495,4783,3248,8118,3132,320,3264,7747,4676,6341,6731,6992,6354,7891,980,3803,5470,6369,6761,6251,2796,5486,5103,3952,8305,7026,6385,8182,8572,254
7556,6153,6157,6798,5392,657,3091,6165,8982,1821,3616,5026,6437,1320,6187,7854,5809,8754,8884,8117,7479,4407,3001,7097,4153,4670,5698,1730,4292,4036,4553,7626,6093,2893,5457,4563,6486,1242,8668,4834,8806,2290,6642,8690,1653,8183,4472,8569,6522,763
1921,387,6533,6279,6282,8203,400,5649,4754,1298,2196,8342,4505,8605,7326,2339,3491,6184,553,6826,8623,1717,5688,5950,4800,8898,3395,5959,5831,6859,6736,8787,5588,1878,7641,3673,227,4195,2149,3302,5739,4844,237,8941,8943,4588,7666,4597,3317,7932
8192,8709,8454,3592,4488,5643,5644,7822,4627,8085,2071,8855,8217,4376,7323,4510,8735,5024,6815,417,4257,4517,3621,5938,4403,6068,8123,7229,8896,3520,8386,5455,5839,5078,4183,8792,2655,6497,8291,7781,8678,6760,1514,1646,8048,753,8434,7410,3188,5246
4992,8708,8588,3214,8847,4498,6296,5913,795,7197,4766,7841,7457,6566,2858,6191,7856,8881,8242,8883,7732,7988,8111,6839,818,5305,7093,5817,1596,6085,2247,4552,8009,8908,2381,5204,8661,5720,5082,987,7774,7776,8674,6242,4198,7783,4332,7282,4980,888
4352,135,6795,5776,8465,8212,6936,8986,6428,8476,5282,6051,8868,7846,7340,685,3245,8626,7091,8628,2744,3257,4797,8772,1481,1229,4046,3920,8784,8791,8152,7769,7130,5342,8802,1635,7651,8804,8679,4968,8938,5355,2924,2541,4464,3826,8947,7031,8697,5115
3586,4101,8582,1160,6292,4377,8607,2463,7331,6692,2856,5032,8879,8880,7475,6708,4148,2870,7607,8759,8761,2875,6205,4542,6464,1473,8902,7497,5965,5715,7125,8534,7894,344,4569,6490,5215,998,5991,8807,1384,4713,3947,4972,4969,1266,7668,1660,7549,2558
5760,7042,3715,5380,4872,5640,6667,8849,5142,3097,6426,3740,2980,8357,8236,7213,7600,6833,7344,6905,1463,7351,7481,7609,1467,8251,7745,325,6982,6344,2378,8779,1610,6225,6873,5978,5344,3169,8933,6759,7528,8556,2286,6640,8953,2806,8439,6649,6141,4607
2309,6411,4747,5901,398,4877,3472,7819,8468,6421,404,6040,284,8733,8223,6944,8739,4262,3626,3117,8750,9006,4020,7604,2359,6330,7740,5436,6079,5313,452,7623,5323,5070,6997,8920,8411,7772,7901,7518,3552,8036,7397,6118,7915,4081,8178,3059,5624,5497
6785,7171,5770,5387,4365,7951,6416,529,2578,2976,8737,7075,8489,4009,5804,4528,6835,8885,5429,5047,1592,3641,1080,8128,8776,1738,8781,6349,1358,7762,6228,7893,8276,4696,4958,8798,8166,4329,1130,6635,6764,4459,8553,8431,7023,3698,6258,7545,1531,6012
8579,2438,3850,7307,7568,6544,4112,8979,6929,8983,920,7704,6045,1311,7842,7715,8494,6323,4915,6709,8502,1341,8643,2883,6600,3785,6346,4299,4558,8017,2002,3411,8660,6614,5718,6105,8537,4703,3427,7268,3176,8552,1003,492,2412,2539,4335,3696,6654,4223
7298,4994,6024,653,1037,2959,8975,526,8725,8853,7192,4506,7198,7718,4520,1068,1967,7343,2866,4275,7348,5435,8893,830,2113,5448,2505,5066,4173,8911,8400,6612,1110,8790,5722,990,6623,7140,1893,4582,2664,2284,6637,6511,3567,7540,6647,3449,5883,3069
3840,1668,5637,6154,3724,8976,4497,8848,8723,1940,7832,8857,412,3871,2723,8743,8871,6313,6445,8505,6588,4925,7487,7360,4673,576,1219,6597,3018,8913,8530,7251,7122,8917,6744,8541,8671,8799,8290,7784,7019,8940,6765,4718,6771,5493,8054,8829,8830,1791
5377,8706,8070,8711,2830,8719,8081,2449,8981,8214,6423,7064,8087,5530,5660,8222,5022,8224,5375,3112,7728,3378,5428,5685,8762,5819,8637,7872,4163,4165,7370,8652,7247,2639,3153,2135,8539,1120,7010,5731,7652,8043,8047,2034,8946,8948,6774,7672,8700,7807
8451,3971,645,1288,7818,6539,4878,3088,7441,7826,8343,4122,4893,8606,8993,3234,3495,8618,7979,6574,4146,9011,7858,1973,3763,5554,6462,3518,8769,199,6984,6732,5837,7378,4565,7128,4824,6498,7779,5859,8803,6882,8039,7529,5484,6254,6899,2932,7413,5759
8956,8068,5512,8590,5775,7566,786,7834,5404,2078,8355,8227,675,5671,4782,7087,559,4529,3634,7602,8244,5941,9013,7473,1970,7737,7220,1598,7878,3911,6217,7117,974,7123,6102,8535,2775,6745,1498,7897,8924,5466,8026,7266,5868,7537,4340,6140,4733,2302
0,3716,3077,3974,5257,5386,2964,2711,7447,2589,7201,4259,5288,6065,8499,7991,7864,7871,3647,7748,5188,6599,8520,1097,4298,4427,5580,7885,2510,8271,3277,5713,4689,3916,1368,5592,4954,8667,5852,734,7264,4709,4581,7273,3306,8683,5487,4600,4732,4989
7428,7430,8327,5128,519,4230,5773,2704,6418,8338,5654,535,6680,2167,3229,2722,678,6695,7849,3242,7209,7855,447,8511,2111,1346,4548,7749,4169,4172,3917,4303,1490,6867,3795,5350,6633,5101,5232,3953,5490,7935,4084,4094,7415,8312,5241,5245,8958,2303
4610,8322,6020,5897,4117,3223,4632,5658,4763,156,7451,4383,3755,4141,1838,6575,7472,7092,8503,3639,3385,7866,6458,8763,8765,6456,8773,1865,3530,8523,7500,7758,8143,8915,4436,7767,8923,3419,7260,2399,8033,868,7526,8555,3057,4212,630,5622,7288,6526
2048,8067,8071,8717,5262,6931,4900,37,3878,7591,8232,3370,6267,565,2233,5050,7611,2747,7865,8384,8129,3393,3524,8389,1604,2125,8783,8527,7889,1874,7633,858,8283,7771,6624,3557,8423,360,6376,3050,2537,3694,4078,3054,7029,5238,6262,7162,1403,3838
7297,8194,6276,8968,4106,1683,8215,7321,7961,8987,8348,8094,6047,6561,6305,5158,8362,8875,5550,7983,5936,7218,8243,3511,7483,4027,7614,7743,5061,2635,6860,6739,5460,4181,5334,7511,8280,4327,7016,8809,7407,4729,6901,6133,3573,2425,6650,5628,2173,5119
6528,6790,7815,6793,3339,8972,8846,6800,1042,1170,1946,4896,4770,2855,6568,7211,3628,8877,8622,8492,5040,5171,1076,3510,5820,6334,6848,3649,6467,4039,5063,6735,3792,1234,8532,7646,99,7400,3818,4461,7918,7151,499,5619,8435,8310,8823,8185,1399,8959
7424,1536,8574,4866,6917,5893,8702,3466,4492,5647,8596,7958,6682,8351,4003,7845,6181,5799,2728,6572,7469,942,2740,6142,6075,8382,7362,3138,8259,5444,5191,6216,5705,74,4424,4177,7255,6491,222,6752,8677,1254,7653,7913,3178,6507,7408,6396,2941,8446
8705,8449,4868,4369,7314,6035,6809,6178,7205,5543,1961,5163,3883,8496,4145,8752,3890,5557,7606,2229,8891,8895,1476,1348,3780,8647,4682,4685,1357,7375,7504,8659,8916,7765,4437,8149,2132,7294,6363,6620,8034,7398,8424,7531,2288,2929,7157,8825,1662,4991
4480,3585,5381,2694,8716,7693,5906,1941,8601,1307,8095,5023,5537,5280,8099,1184,3489,7072,4791,8376,1719,5053,5566,3519,7233,6979,6472,2121,3913,8907,7116,3273,7632,7507,7379,2007,4440,7259,5347,6500,2789,4323,7655,5612,4717,5616,6130,3321,7933,7806
7682,1538,4740,3589,8202,5258,1422,7696,5139,7827,7189,2199,7194,3100,2077,7069,6432,8609,34,295,3239,4521,2471,4395,4017,3382,4024,6585,2491,8512,832,8260,1989,3148,2254,6351,8788,1750,6998,729,3171,872,8937,6250,1387,2031,6384,3700,1017,8318
5638,4742,5130,6169,670,6302,2977,6821,4135,3751,2216,4648,6060,6446,6904,9008,2992,6965,4663,6712,6713,8508,8767,2879,5827,8774,7111,2813,8909,7246,5967,2256,7377,8144,5454,2517,1623,7770,6749,1117,4831,2274,5221,8808,1521,6643,3064,7419,4092,8061
7936,5633,8712,5393,3218,8722,8340,4251,1824,932,3493,2727,1832,4137,7593,940,7216,5553,9014,1718,7608,7223,6972,4290,8390,6855,8777,5707,8910,4693,6232,5464,5594,2525,7133,7804,3298,4067,5477,7782,3430,8426,6892,6893,2158,7789,6769,8820,5244,1789
512,6786,899,4996,4229,7686,2571,1040,150,6424,1405,8865,547,4006,6183,1965,8758,7992,4665,4539,6591,5060,5573,7240,6857,1994,2891,3663,4049,8914,5972,7124,7764,7380,8156,2782,3299,491,5996,5740,4591,4208,5107,8564,3319,504,507,4605,5502,6655
7172,8581,6919,8575,144,5265,8210,3475,7443,5009,7446,4631,6562,3876,2350,2094,4656,5810,7476,3637,4157,7488,3778,3011,7875,1221,8904,6909,8905,715,7754,6479,4175,7249,2127,4828,7517,4070,7786,5866,5482,7150,8303,4722,1143,6520,4473,1147,2429,7295
5509,7565,8973,7183,2318,2705,7309,3219,273,6549,7319,6295,8730,8604,929,6179,7334,6190,5886,7598,4654,7986,6014,1198,6325,7862,8631,2367,1857,1991,5577,6782,7037,6356,855,479,8032,2532,8550,2279,7276,5869,4846,5998,5229,7277,8437,7164,3325,8190
5369,6669,271,3856,4113,5650,4499,6933,1950,4767,5921,6434,2083,804,2724,6946,8103,6440,5928,810,6057,300,2477,6958,5164,6828,303,1586,2996,3252,7350,7618,6851,2754,4932,5575,8780,3022,7120,3284,4312,1625,4320,5090,7014,2546,6134,503,1657,4218
2820,8715,8461,6038,7190,3864,8603,3487,8992,8483,8101,7462,7207,8360,4264,8231,6955,8238,1455,3765,8252,7490,6723,2375,7369,1361,3538,8404,7638,3288,1882,7388,8926,7905,3042,7269,7910,6887,7145,7404,8685,7790,6896,7536,7923,6259,4855,3704,4346,8191
3072,6401,6018,7303,6409,5898,1294,7695,7570,3989,7318,7063,6554,5402,1914,6303,1697,6053,8487,2344,3881,5546,6963,4023,1850,7869,5185,8775,3144,7126,5208,6874,7138,6627,3939,7013,8164,7271,3045,3305,490,1772,1778,8563,8180,4339,2294,8565,5114,2559
4478,8452,4357,7304,4364,3477,7454,1696,8996,5156,1191,9000,6823,4903,7468,3884,5297,569,7867,1733,4295,1225,6474,8139,7882,6733,5321,7756,6481,2386,8278,4952,4058,2012,3164,6880,5474,8163,6116,3814,2407,8302,2803,2550,8950,6390,4089,2934,6269,1150
8323,6149,7561,2573,5522,7061,3356,1314,5286,5670,5545,8746,6706,5811,3254,8886,2046,6457,8634,7231,1474,8770,4803,7492,5702,6728,3401,2889,4042,5708,7372,6985,4041,4304,7761,5848,8927,6114,3172,1640,5609,4456,1643,8301,4852,7669,5112,6265,5756,8062
6403,5766,2696,3212,909,6672,6289,2706,6291,5397,3991,5911,6174,3998,4255,7073,7967,5920,8617,7084,6830,4790,5815,8120,5434,7357,8894,4285,5696,5955,8903,7753,7113,6477,3923,6236,5214,7903,5346,4965,5352,7147,3821,5358,7534,4596,8053,7030,4984,4604
5632,5505,7939,133,3976,4233,4618,6028,1558,7707,5918,3358,7074,3365,7464,6954,4524,1836,8239,1968,7349,1078,6583,1977,3644,1469,4802,8004,206,3026,6226,3285,8794,6362,6365,4704,6244,4199,7274,8174,3711,8688,7024,4079,4724,8309,1909,2296,8189,8447
2827,5134,8335,7187,8852,788,8728,5788,3997,5406,1566,2978,1833,812,4144,8373,2488,6715,2108,2237,4030,8254,4806,7366,4678,2123,6607,1233,5586,7509,5207,6107,8284,5595,2780,1631,2272,7393,737,4453,4967,873,2666,1518,7794,3314,376,2553,2042,4606
7552,2177,5249,8195,6022,8,7433,3722,5132,1933,1934,8207,6287,14,2320,7700,4504,1786,8352,3619,8356,7976,2600,1706,2474,5299,7994,6844,6077,8255,7289,962,8519,3016,2759,4429,3281,2646,8153,3035,2397,6111,874,4338,3828,4086,6393,7034,3196,6399
8448,3329,4483,8710,8842,8592,3474,8341,2454,4373,6805,2331,2041,2206,6308,7717,2342,8998,6570,175,8367,4913,2482,3123,5051,7232,7239,7752,5449,3068,8653,3406,2252,4947,8019,7895,2265,3162,7257,7011,8167,5356,6381,1774,6773,7032,2169,3450,4091,380
2689,8966,2956,7948,7054,5135,8850,280,5275,807,4392,5931,7215,6704,6968,7358,6207,8513,8515,3013,454,4936,4425,7883,8397,465,4818,3286,6742,1495,7513,7386,8922,7643,8154,4062,1630,4957,7265,3682,6629,5224,5353,5613,7409,4593,4085,8056,6780,2943
6278,6536,3081,8971,524,6673,1937,5779,2965,1814,3479,3352,3993,4508,5532,7455,8354,2212,8485,7720,169,3886,1461,4150,6842,8124,5957,6983,7495,1101,8656,8402,3925,5719,6615,5593,8030,3935,5729,1126,5867,7403,8813,7662,1391,8818,6004,8822,1271,4475
8834,6661,4359,4999,5385,4875,1682,5907,532,8724,1173,7833,7322,5148,7452,7071,7081,8751,1072,4658,8500,1972,7993,8889,6203,3004,190,5055,8001,1484,1487,1873,5841,5459,3934,3708,8289,5730,4963,2276,8035,2016,4071,8551,3048,5230,496,5880,6011,1144
1664,7809,6658,1411,8324,5516,6031,4368,5263,790,2710,3480,8088,4636,6176,7597,689,2226,6198,8126,1727,8130,5699,5829,8392,2377,5064,6858,5453,8526,2512,4688,1365,6741,6103,8277,3290,5339,8544,1381,2278,7527,8038,5990,6895,4592,8692,117,2293,4221
902,3593,7946,5513,3468,6162,5141,8470,22,7960,7325,6942,6560,3233,5152,5924,4647,2472,7079,7338,7083,2090,1709,3371,4399,4911,308,2364,6338,3528,1353,1869,8141,6870,4059,5603,8568,3303,8042,6638,3950,6514,7411,6646,4599,7286,7033,4602,2045,5630
7553,7431,5639,3208,7432,779,7688,2957,2190,7055,8205,3857,8977,1811,6548,2967,6808,2457,5017,5531,6172,7709,5533,1952,7713,1955,8874,5419,2606,5168,3120,2612,5046,2683,5693,6594,8901,1608,8399,5843,3671,3421,5993,4585,6124,4463,6129,6387,2547,635
7296,8198,4871,4360,3337,8587,6540,8079,4114,6802,3858,6803,8854,5524,5155,1059,7078,42,6699,5933,7471,3888,7346,6067,6837,3129,2362,3642,4921,5062,7243,4811,2765,8268,2128,4946,2387,7892,4185,6238,8159,3810,8549,5093,5862,6131,1526,7801,7420,2814
5376,4738,2568,2570,267,4623,3860,5527,4124,8477,1567,1568,2082,2210,2084,4516,3238,4393,2223,4531,5812,2227,2809,2750,3007,6725,3269,841,844,3662,3791,846,466,1237,2520,4188,1373,4572,1376,4321,2921,6890,2922,4976,3187,1140,4087,3577,2044,3454
8701,7554,6531,5764,6019,6534,2434,5879,8077,8078,8462,8595,2848,4391,8104,6952,8873,7975,5677,4525,6061,5425,7221,311,6711,314,8379,6211,5582,5840,5328,6625,6626,4578,5857,6885,2145,5091,5480,8169,7916,4973,6768,7793,244,1525,4343,1529,1917,7167
640,8576,643,8197,3461,6151,5765,3978,3727,7311,6008,4246,4886,1434,7839,8098,4515,2467,5420,8497,6194,6196,438,2105,2366,3775,2240,3523,8133,5578,5834,6605,7508,7253,8918,5853,6877,864,5473,5476,3684,8824,1134,7535,8444,4344,6137,6907,3836,7423
128,8832,6274,4867,6275,3459,3594,3085,2451,916,4630,7703,6685,3615,8096,3744,7459,7973,5672,4904,6827,5166,1329,1331,2495,3135,7616,2882,7999,3526,6727,8011,6347,7629,6990,1231,2508,5325,5458,6355,7636,7127,5849,4837,5744,5745,2680,8443,5500,6015
6146,1286,6662,3464,7051,8464,6928,2194,2039,8213,918,5655,5013,6299,4892,4381,1439,7712,5412,8997,5542,4522,6834,5043,4022,5559,1338,7101,2493,7364,965,5581,6864,7635,8789,2901,5975,5209,6878,6374,5735,3688,7657,4331,2927,3312,3443,7799,7161,5495
2561,3970,1414,4616,7694,6286,5372,8726,7450,7458,7587,8226,4133,3111,4138,6394,8116,1205,1210,4667,6716,4543,5825,6724,4680,585,6220,5709,6222,8912,4817,3666,6738,8403,3287,8028,4701,8419,2024,8297,4457,7660,7663,3574,4726,3192,3578,7291,5116,4477
2433,5382,2056,8585,7177,8843,8460,6665,6032,3217,2323,5535,160,7971,7590,5287,1705,6316,5678,3247,8240,8370,7477,5561,2877,8638,4415,8640,5823,5570,8642,5960,5706,8015,4054,4182,8282,4698,8415,2273,7523,2535,6508,8557,8045,6380,3825,5111,3832,7930
7681,1793,6148,1797,4613,8328,7179,2699,2316,6930,6290,8084,4760,540,6813,2461,5664,5793,6567,2731,5292,1452,7217,1332,5301,6326,4282,4284,6845,3521,5700,7493,2502,5447,5065,6091,1227,5068,595,5597,6113,8934,3816,7406,6003,2164,4215,8440,7674,5884
8704,7813,6663,6920,7305,649,5001,6284,7058,1685,8086,5401,4641,5281,1443,2475,5037,3630,6966,5943,8504,5946,5947,959,5312,5186,6980,8388,4808,7755,8142,4943,6097,3028,4959,3808,7904,3551,6371,7908,7141,1511,5226,8554,8175,6001,8817,3441,1011,7925
1795,4741,1157,1285,2313,2314,3979,8332,5648,6550,7320,5020,5917,3617,4258,6820,5673,2604,5807,8368,434,1459,1202,4919,6201,698,4795,3901,8899,7622,3659,4556,6487,5850,7134,8286,5601,1250,8547,6631,8041,3437,7021,1264,8049,3568,2422,5366,7673,8442
1408,8838,8458,6797,6670,4245,6425,6940,7581,5791,6687,3362,3874,8619,6317,5935,4532,8245,5431,7489,5442,3908,4805,6345,5450,6089,8649,4431,4306,4819,1493,5974,5468,4189,3678,6240,3681,5986,5733,4966,8294,3561,3439,8827,4847,6515,6776,8826,6651,8060
5253,140,4495,6161,5909,3095,8856,8345,3736,3224,8736,6953,7978,3498,3501,3889,1074,8756,8372,1339,1980,8897,4930,6340,6215,3272,3656,4938,5195,8906,4815,8016,6609,5330,7634,4192,5220,3942,4841,3051,3820,2161,8050,7796,5877,3702,8441,5242,7550,1535
6913,8066,7301,8325,6922,2833,7955,7831,4889,1562,3225,4000,1569,5792,7848,8107,2860,9005,7726,3503,5552,7089,6322,5432,3384,8633,3003,5052,5183,6208,7363,68,4551,6471,6730,6606,7384,7263,1891,6756,6634,632,7020,8815,3824,7665,8306,7544,7293,8319
6789,4615,8201,2186,5642,6926,2831,5136,6007,4501,5398,7837,5149,5151,6048,4771,6180,4397,7984,4401,2867,3892,7096,3897,2363,2623,5830,3400,6602,7418,8396,7371,5964,3535,6098,7510,8793,6619,7390,4191,8573,4196,6117,5610,2283,3564,6135,1146,6139,5629
3713,2946,6017,2436,2053,5761,5891,5892,5129,7563,2188,4748,7950,3728,5137,2962,7448,2585,7578,5755,1693,8478,7583,2208,4643,2602,8363,5548,1713,3127,1724,2373,5318,1223,2885,2687,3669,6871,3032,1755,2523,94,5089,2914,98,4076,2804,251,1277,895
7168,4737,8453,4103,2824,3977,6283,1548,3853,5518,5519,1945,8602,3227,2460,6558,2591,6049,2338,6433,6951,2603,430,694,6328,7102,2762,1612,2895,4050,2644,2518,2647,217,2654,5854,5856,7649,4707,4451,5736,6898,8179,6772,4595,3827,5363,5881,7677,3582
5120,5121,5890,5122,382,513,2051,3460,6280,8713,5123,5260,7312,3731,7829,7852,7853,3377,8115,8755,2868,7859,6074,7738,7868,4669,6978,3140,5193,4939,6604,5071,4560,4561,4438,4956,4700,2911,2783,4961,8161,6379,7532,1516,6766,1776,2292,5627,2940,4990
1025,262,1543,3721,6027,1676,1681,2065,2067,3987,1435,1052,2973,1438,4379,1576,2218,2221,3760,2225,951,3383,2107,1852,2371,2118,583,2251,4942,848,1747,853,4955,477,863,869,6501,1767,2919,5481,2793,235,2917,4204,4974,366,2421,5878,1142,5626
7937,2178,3462,4104,7689,7690,5011,7573,1686,1687,4248,3357,2462,7838,7333,1831,5289,6701,5423,6452,953,954,58,2745,6717,6468,2629,1606,2630,4420,8265,1740,5324,1742,3665,3154,2771,8155,3292,1374,7902,3425,8932,2794,5098,7917,495,4853,7928,1787
1155,4869,3719,1674,4108,5008,6677,3222,1564,3108,6436,7592,424,4394,3629,1840,6192,2995,4026,1595,3772,2109,3005,1215,3898,3776,3010,706,2372,709,3788,3279,593,4945,3413,2773,3801,3933,97,2916,740,871,6121,4843,3565,370,2679,6392,893,4350
3968,4354,8967,8841,8330,2058,5899,7821,3342,5902,4752,5778,7059,8083,2968,2074,6170,6563,5667,3109,7589,8621,5680,2615,5049,3259,3771,8510,8257,4421,8393,8394,970,1741,2897,6231,6616,8796,7391,7648,7525,8429,4205,8307,5748,7541,7542,4341,4601,6911
4224,1154,2691,773,2184,1418,6668,4236,1038,6160,5521,3346,2708,5270,8727,791,6681,7835,5407,8866,4386,4772,5802,7210,1323,1325,2299,8753,8374,2102,7739,6720,1601,4674,3266,5443,195,8264,3146,459,4428,6862,5583,7546,350,8292,6636,3308,4474,881,7802,123
7040,2818,1667,6788,2949,7044,6664,7572,2326,8598,5273,2714,2340,1317,6948,8872,4905,3369,5675,5932,8364,8366,7341,2864,4534,8127,3650,6088,8521,4170,2122,7376,8401,6610,5587,8150,599,6750,5471,3936,7521,8930,4193,612,5478,3175,5865,6894,6518,3834,7803,7551
2693,1798,7175,6406,6542,8591,5264,6676,2324,5016,4121,8472,2203,6811,2715,4129,7203,292,2469,6311,8105,2732,7599,6578,3635,8629,6454,7736,7100,8381,4809,7502,7887,5074,4307,4691,2262,8663,88,1757,7006,3553,2147,3964,1769,1770,4720,5621,4986,7675,8188,5117
3456,4225,3075,2307,3982,1167,2834,7699,4500,6551,2328,3992,6391,3099,1692,1571,1067,3756,817,7159,697,2617,443,7996,829,5308,6084,3782,591,6224,5712,5847,6876,2524,1629,5087,5217,4706,4708,5223,5096,1513,7530,3436,368,7281,2418,6389,1655,7417,6906,3199
1152,4097,768,3846,2822,6152,6407,646,8334,782,3600,912,8720,6163,1300,3215,5915,6043,8861,7579,7195,5408,30,8989,7722,7725,7088,8882,4786,7989,7478,4922,2748,5438,3263,2624,8771,7619,6213,7494,5571,4935,5202,5973,8151,6245,3686,4970,4589,7285,8311,3710
6144,3842,5507,2692,3331,8965,5767,8844,2829,7052,7439,1935,8593,7315,8471,1688,7065,4503,6559,1960,1065,8106,4011,2219,181,7355,1212,1854,5310,4545,8258,1860,3909,4293,2503,2248,7876,842,6100,860,6109,3423,1889,3041,2019,2669,2670,3184,6005,4598,2811,3581
1665,3204,1542,265,1677,2062,5780,5653,1689,7577,2971,1436,2205,1694,1823,6689,1186,1827,6309,549,5415,2088,937,814,2735,305,1716,948,441,8121,3131,1216,2757,712,1356,3021,4684,978,981,1240,218,3420,1246,1887,1248,5095,363,365,367,1781,374,247
7043,1284,7812,1671,2567,392,4234,5905,6934,1816,5784,4253,4895,4512,938,7467,5295,1199,8627,1588,6970,3516,4927,6080,8132,6852,2756,5445,3398,6603,8267,8525,3283,4052,3541,472,5080,2011,7773,8928,355,8296,3433,5099,236,2672,6641,2162,4978,7671,3448,5367
5504,8321,4482,7427,2052,6916,8833,5255,7952,1427,1302,6039,1944,8474,2845,5031,4780,7470,8501,4413,1089,7237,6470,8138,1868,3280,7890,5970,5332,7929,2137,3037,1501,6496,4705,5216,2786,8548,4324,8931,8681,2409,1898,8172,7919,5489,3315,8052,3955,7539,1911,5753
4609,6659,1028,8456,1545,7050,5007,3604,5781,4118,7706,2587,5018,1820,8862,5790,1565,3882,1834,4652,4653,6062,6702,3759,3122,4283,704,6726,8008,2761,6729,3403,7628,4814,3667,1235,6872,7899,732,862,1377,8165,6249,6126,502,3190,5368,761,1019,4860,7805,1918
4995,3207,7053,1679,2069,2582,3861,3608,2841,4890,3607,2459,3102,927,3237,1958,1959,2087,1829,4523,1964,1584,946,1587,2104,2236,828,2751,834,2116,3402,3023,977,212,852,2645,3928,475,4318,1380,3301,5607,743,2920,3182,3183,241,4210,3186,372,2812,510
8962,4227,8580,3335,7816,7691,8974,4622,7824,6674,3734,7575,6167,1305,7710,165,8747,4909,5293,3761,4657,5683,7733,4406,6584,7354,701,7870,63,8768,6465,8383,8003,5441,3654,4040,1998,2767,3798,3545,3675,7132,6237,8158,2660,5989,3174,2023,5479,4839,6903,2298
4739,3844,5256,8457,5772,2061,8204,4371,2327,3226,7836,7966,6046,6050,1701,1575,1450,1579,426,3115,3374,5424,2300,3126,6200,3896,2873,7353,7486,4037,3143,589,8655,5971,4311,5336,3931,5212,4317,3294,2402,8805,745,1642,5995,3692,4716,1649,7412,8694,8314,6524
4864,2816,5508,4356,2823,1932,1296,2842,4891,668,4514,3106,4906,9004,8749,2222,3632,2354,4402,1847,2235,956,445,317,1853,8000,2238,3651,3142,5703,1614,2385,850,1108,3158,8279,8407,5081,2778,6235,859,4445,1503,1504,4449,738,2923,5234,379,4219,3452,3455
6657,7170,6915,5635,7299,7555,7558,7685,7941,4363,4116,7956,4249,4125,5405,6307,5284,1699,7337,3753,6443,3504,51,4788,8249,4537,6587,5437,4414,8639,8002,3141,3910,2766,2769,2129,3797,7512,3165,8422,7272,6120,619,750,5742,5617,7922,5618,5236,4469,5498,8831
258,6923,3340,7181,6545,7569,5269,5529,7962,8220,4382,5536,7330,4134,3623,8615,6441,6698,4776,4396,2352,2096,8112,2997,5174,5303,7482,2619,3388,5694,6592,5954,1734,4044,3533,5710,6352,81,4434,1619,725,7766,8024,7002,3166,8810,3179,1900,8300,8561,3570,4082,1394,8438,3831,4982,6777,762,2555,637,4222
2180,2437,4873,1163,8076,5005,4367,2575,3348,7191,8599,2972,6431,2850,5541,1957,5030,2089,6961,6836,7226,5563,8764,3261,4160,6081,6721,5704,7499,6221,3536,3282,5075,7382,4823,6359,7001,2140,8672,7777,3554,7395,7906,5864,1256,2027,108,622,2674,2043,8316
4099,8963,6405,3718,1928,6281,2445,1550,7437,5391,4243,2580,2837,8614,5159,5417,1324,8365,2478,5805,8369,4277,2614,8888,6850,4418,8645,4167,3145,8651,4812,3540,2390,3542,6617,1370,4187,3550,4836,2661,6503,5097,1136,1905,7283,6260,4857,5365,8057,7548,894
7425,1281,3973,1030,7046,4744,8714,8339,8851,5271,5786,7965,6817,7969,6691,7076,4902,294,7080,4777,2355,4661,8887,6967,1084,2500,7750,8134,5198,2894,1744,1105,8148,3415,7644,3039,7136,8417,7519,6757,5102,2799,7280,4849,7664,7667,4851,4213,2038,7028,8703
3201,1923,2563,6535,7944,8969,3338,7947,2702,3216,6044,7580,3484,7328,6818,5410,4388,4645,8486,5794,7850,7982,2608,4273,2610,8371,7090,1843,5686,9010,7485,7108,7620,7496,8270,5968,8786,7383,2008,3927,8542,8288,7009,8570,6639,7154,4466,8181,3065,8698,7292
2688,3202,1796,6021,6791,6796,4625,7186,3603,6034,7057,5395,1172,6168,408,274,4635,4764,1188,5797,7987,3507,5562,6589,4926,2878,5956,6853,1093,8263,7367,8007,5322,4813,4302,5584,5072,2514,5725,8543,2528,2530,5605,4710,6119,5100,3438,1007,8432,8945,6653
6273,8836,5002,1806,4111,4624,8466,8469,7193,3609,923,3611,1561,4639,4127,5665,802,6947,7719,4650,4014,3375,2351,3509,7095,6840,6206,4287,5439,6976,4416,3270,8648,7114,2000,5329,6994,983,1752,3160,6747,2909,8287,5855,3812,6122,8046,7414,8695,4348,7039
6912,1929,1801,6675,1691,2588,8479,2080,1825,3748,6310,3625,8745,7595,1581,2862,7098,2110,2557,1863,5961,5579,3531,7373,721,2642,3539,5716,214,2905,6233,4827,1115,4570,8409,3418,1888,2269,2014,4579,7139,5983,358,7396,7659,3180,243,3958,3705,7931,509
8707,7300,3209,8970,395,2828,397,7949,3984,1784,6166,5403,6556,799,297,6447,7474,3253,3894,695,825,4410,8380,6461,6335,5057,2499,838,2758,3020,3793,471,4444,1885,8413,5724,736,2659,7270,231,7143,489,5354,6252,4590,1519,3185,6516,1524,3960,1022
3843,6029,3597,1554,5267,4756,543,2465,1058,5539,8230,3367,7336,7082,4139,6831,8247,4664,1849,6841,1088,4034,7236,8262,2120,7241,8650,7881,7757,8146,8658,8022,7258,7642,6621,1759,5984,8929,8800,6372,5994,4074,2156,4333,6002,4979,5750,7927,6648,5754,5887
7169,4998,2825,2444,1936,2583,1050,2844,3360,289,3105,5034,2554,2738,2742,6073,2106,955,1722,1466,958,2241,2626,836,4550,3783,2124,845,2255,3025,469,5845,857,473,7515,4826,6366,5088,4448,4322,2787,4326,3566,8559,2671,5361,1262,5239,4216,1274,1919
5506,515,644,1925,5510,2950,8584,2953,4617,1805,4241,3090,7062,5785,1818,8347,5147,6941,3739,3355,3483,6188,4016,6324,2485,2999,9015,184,2490,6459,3768,1721,1984,6466,3397,6854,7759,2384,4949,5980,1118,483,5606,2918,6248,4077,3313,1015,6263,1278,2431
