3589,2438,5258,5387,2956,7948,5770,8979,6421,2199,7704,284,6432,8609,5026,7715,8357,8489,7344,7092,6709,8502,8376,7481,8636,4925,6079,8512,5313,1358,3153,2002,6483,8788,4565,6228,7128,8537,8798,4703,6882,7268,6629,8937,6250,8043,1387,876,6254,8047,4335,7915,3698,6780,7422
0,3077,4230,5128,5773,1040,5245,5654,3229,7201,6053,4264,8360,3242,8618,8368,8499,7991,8379,6591,447,3647,1346,5188,7749,6599,1991,1097,7500,3917,7885,8271,5580,2510,3277,3795,8532,5718,8667,7013,7526,4581,6507,4591,5232,8180,8312,2425,4989,6655
1536,8451,7686,8702,6409,4492,8716,8973,7183,280,7194,8865,3489,4003,6695,2728,6057,7469,5554,7865,5050,6075,8382,2754,3138,5060,5575,6216,5705,4424,7116,5713,8914,7633,7255,1625,6491,8677,3557,8039,8683,5612,4717,3054,3838,8948,6262,1399,7162,6142
7424,2689,7682,5893,3466,7696,8722,6418,7827,6933,5139,7958,6169,6554,8351,8099,6820,3493,2471,295,4521,4395,6572,2477,7598,4017,434,6325,1718,4024,7618,8259,8515,1989,5191,6855,4169,1490,7507,5972,6742,6998,729,222,2537,2932,7415,8056,5244,1405
6401,6018,3977,4748,3468,6031,4368,271,5135,4499,273,6549,5275,4767,8226,804,2344,5931,6958,2996,6968,1724,6207,4806,4425,8397,6103,1495,2647,8154,855,5854,5857,5090,7265,4453,4218,7271,5224,1772,7277,7409,1778,4593,244,8565,5369,1914,5886,2559
6017,5891,2436,8966,8839,5129,5131,7563,3728,8850,7448,6683,5755,8478,2208,6049,2595,8363,5548,4271,6704,3127,7358,7102,3013,454,2885,4936,6600,7883,3148,2687,4818,3286,8922,7386,4316,7643,1630,94,2523,3682,3171,98,5353,5613,4085,251,1277,2943
4737,3713,5892,2053,1543,3721,2188,5137,2962,7318,7578,3227,4379,1435,7583,4643,2724,2602,2603,4654,430,694,7608,8513,1223,4427,465,4050,2644,3669,6871,3032,217,477,2654,863,5856,7649,2914,4451,2917,4204,6898,4595,5363,2804,5878,1142,6267,895
4869,262,3719,4103,6027,5516,7950,5519,1681,2065,2067,3987,6677,2973,1438,424,4394,2221,6192,1713,2995,951,4026,3898,1852,3005,1215,3776,3010,5318,583,3788,4942,4945,1747,3413,2773,3801,4955,97,4707,869,6501,1767,2793,4843,4974,2421,5626,4350
7168,6528,6790,8461,5901,1941,8603,8733,8095,5280,5537,7072,8483,1061,7462,7334,7206,169,3117,8238,2606,8622,2733,1973,4791,2359,6330,4284,7740,5566,8767,6973,8642,6979,7748,7623,6472,3913,2378,6997,2007,4440,1882,7259,8411,8185,8926,5347,4067,7397,7910,7655,7933,7017,6892,8045,2031,5616,6130,8179,5624,3321,7674,8061,7806
2820,8453,7432,6536,8328,8,2316,2957,524,8207,6673,1811,6548,5779,1814,7190,3864,2457,5531,5532,2461,5533,4508,1952,8354,1955,8231,2731,1452,5419,3886,1455,5168,5301,4150,3765,1461,6842,2683,8124,6844,7490,3016,8402,5843,8404,3671,6615,5719,3935,6887,7404,8813,8685,7790,6896,7536,8818,6004,6772,8822,4215,8440,4475
7043,7812,8580,8334,782,8720,6163,6934,8727,1816,3226,5915,6043,2845,7836,4253,5408,7835,165,4905,7210,8364,7341,3374,1199,8753,4406,8374,6200,6524,6970,2102,2748,8639,4927,2624,7671,6852,195,3143,6603,8525,5970,4311,5080,3294,5471,350,8931,8805,8296,3433,1898,1642,3692,4589,5995,7919,745,5617,1649,3955,8694,8311,3448,8314,123,2300
6657,7170,6915,7299,7555,7558,7685,3844,8457,3335,4363,8321,6916,8974,7824,4116,7956,3734,7575,1302,8474,5405,7966,6050,6307,5284,1701,1699,3753,426,8747,7470,51,8501,2873,7353,7354,4537,5437,5441,8002,3141,3654,6470,4037,2766,8655,7890,3797,7512,3545,3675,5212,7132,8548,4324,8422,3174,8681,619,5742,5618,7922,4469,7427,2298,8831
8194,6534,1160,8075,4877,7566,4112,8849,8214,6426,1307,8348,6944,417,8739,7205,7846,8741,8104,3621,3498,7979,8750,1326,7600,6833,7731,7220,7604,8117,3379,7480,6715,6464,8898,8386,6340,1610,8779,6732,6986,4046,8012,8784,6225,8787,4181,344,8026,4958,6118,998,7528,4329,2929,6899,7796,8307,2675,8572,7549
512,8579,645,1288,8078,1807,6416,7568,1298,786,6423,8856,8345,3738,7451,5404,3103,5282,8227,5158,7465,7209,7728,4529,7218,6963,5428,565,8118,1334,6710,4665,8760,6712,8243,7872,4165,1994,7378,6739,4437,8280,1242,3552,7264,7677,5480,1264,1521,2034,7793,6133,3573,3193,8956,2173
5505,8705,8449,7297,8581,7304,4618,5009,7314,1683,6035,3477,7446,3358,8094,5152,6305,7074,6178,6823,7464,1961,5163,3883,5936,3890,7476,5557,2229,7867,8891,8895,3778,1476,1348,3780,8647,6346,2127,2132,7765,8149,6365,4704,7398,4327,8424,8809,5482,8302,7407,6901,2934,8825,1662,8575
5632,8447,133,4871,3464,5513,4233,3976,7693,6928,8464,1558,7960,7707,5918,1439,4000,6560,3365,7078,935,4138,1836,4911,7349,1977,3644,1469,8004,8776,1353,206,4946,6226,3285,6870,5209,8668,6878,6624,6244,3303,7657,491,8556,8174,8688,7024,6514,7411,8309,8821,507,8189,5630,3711
5761,2946,6146,6913,6662,7690,7051,1294,2318,7695,7570,7955,788,2194,5013,5655,7831,6682,7712,1443,932,5412,810,4522,812,1709,8239,5043,4022,2491,7161,7101,3393,7362,7364,2373,7799,1741,2128,8789,1750,5975,6627,1254,3942,3688,873,490,2927,7408,6384,3312,503,8568,1657,6396
7937,2561,5899,3731,7829,918,3224,7450,3357,7838,7587,7333,4133,5289,6701,3501,5943,2745,58,4667,1980,6717,4543,6468,3656,4680,5324,5709,1742,5071,8912,4561,3666,2771,6738,6220,4438,6097,4817,3578,3292,7902,3425,8161,2024,4457,8297,1516,7532,7917,4726,2039,7928,6394,1787,5116
7941,6406,6152,7691,8204,5905,6674,791,6681,4125,7710,5407,4386,7725,4657,5683,8249,7739,63,6720,5443,8003,3910,8521,8267,4428,3165,8292,5989,2409,5489,1911,5753,7802,4482,1154,4227,2949,3215,912,5270,6039,4249,2714,2715,3761,8882,6587,8383,1998,5583,3280,6862,7376,3798,8150,5336,1501,8930,2023,5621
6786,6019,7554,5381,5768,5897,6026,4878,5658,5788,5660,4637,8092,6821,4648,3626,940,5759,4528,7472,6450,4915,5429,6965,5688,5436,5181,5950,4548,6341,5831,7111,1865,5323,4558,7247,7377,4694,7767,4696,8923,8156,5470,4575,5344,5091,5859,6885,6375,3176,6761,4844,6893,5998,3694,3696,7807,6768,6380,5364,5238,7419,6526,4607
4866,4740,4996,3462,5509,8712,5257,5386,5393,5906,3480,4251,5917,5023,4900,4392,5672,4904,3755,5164,5288,689,3385,4795,4539,8765,8643,5444,5573,7240,6857,5707,4299,5837,8017,5586,4689,7124,7764,5208,6232,5850,5592,3042,4578,3427,4965,5350,492,4973,5869,5101,4846,5487,5490,5107,4853,5366,4600,5114,1789,5502
1664,7809,6658,1411,8324,2571,5263,1686,1687,150,790,2710,5402,2462,6176,1831,5423,2226,6198,7992,953,954,1727,8130,5699,2629,2630,5829,8392,2377,5064,6858,1606,5453,8526,2375,2512,4688,3154,3538,2891,1365,6741,5207,5339,2525,1374,8544,5089,8932,1381,2278,7527,2794,495,4592,6895,4678,8692,117,4221,4606
7936,5760,5633,8832,519,8841,6922,8715,6153,3470,8719,8847,657,3218,8723,916,8855,6296,3865,8986,8993,8868,8101,678,8485,685,9006,8111,8880,8881,818,8883,3511,3897,8762,8896,1730,5959,8906,8907,8661,5335,8920,5594,8924,993,3298,5477,8679,8938,8941,8431,8943,753,8824,8697
7171,8452,5253,8711,4104,649,140,2831,4495,529,7951,4501,8854,8987,8737,8997,8746,8875,7984,4401,8885,8897,6723,965,4295,8904,970,715,5964,6349,8908,8781,8396,7761,5330,6481,8276,4952,5848,6107,7550,1891,3172,3814,4456,5098,5610,5877,8826,8950,2296,4089,7418,8827,4478,8319
7556,5382,8585,7307,6157,6798,6165,1429,795,7067,5276,2976,547,6437,5287,6316,6446,8879,6522,6319,7732,7477,6839,7864,5561,7479,7229,5823,8640,5698,5960,7370,8015,8913,5204,4182,8152,4698,4954,8283,7776,1120,7010,3169,5991,7273,2153,8555,6508,8557,4718,7282,7924,6774,4983,7930,7935
5120,3460,6280,8713,7177,5643,6539,7441,8085,4117,3223,6424,5530,8476,7197,6047,5024,7457,6561,6183,7853,6191,8370,8115,8244,7093,8755,7988,5938,5817,5305,7738,8123,1473,4673,6978,4163,6085,6984,8777,5839,7251,6102,6242,7781,6379,6637,1646,8048,7410,6141,382
5377,7042,5121,5262,8081,6936,6428,5022,5883,5667,6563,5375,5032,7852,7340,6574,7343,7856,7091,7607,5819,5435,6982,8009,6474,6604,7125,5720,7769,5978,7130,6620,7772,6363,7391,6116,7525,7652,6759,4968,4969,4972,5740,6766,6640,2803,7541,7542,7029,5115,7294,6911
6276,6540,5775,7826,7063,7192,7321,7834,6170,5543,6012,5550,7087,5680,7473,5810,6835,6708,5941,7606,4656,7737,6074,7611,7868,7488,7878,7497,6860,7117,7375,7123,8918,6231,7511,7897,6745,6490,7901,4961,7266,8036,7016,7531,5868,7537,5748,7157,7413,7545,6140,6909
4610,7430,5642,6926,6670,7443,5398,6809,5628,5149,7837,5791,3874,6180,7079,7978,6827,5804,7346,6452,6068,7096,5053,7743,8389,5321,7754,7371,7756,6733,6345,8143,7243,7379,7892,7893,5468,7390,6880,7905,6500,6117,6760,6633,5866,630,6135,5242,6651,5756,6269,4991
6403,7303,5644,6028,6797,6544,5776,6162,6292,5911,6940,7581,5920,7073,6048,5156,6566,6953,6954,8107,6830,7471,5935,7089,7602,5815,6583,8128,7489,7363,5955,5062,6602,8139,7632,6098,5715,5974,5466,6362,6236,5215,6497,5474,8163,7138,5733,8166,4966,6390,6007,6139
6785,6789,5898,7059,5909,7573,7064,7961,6299,5151,5792,7589,5542,5545,7983,6834,1467,5696,4930,5830,7882,5708,5581,8016,6609,7762,7634,7635,6864,5334,7420,6873,5849,6619,4956,8155,5342,7648,7651,5735,8042,7274,7660,7534,7663,5111,7030,5495,6520,7033,7291,5372
6020,6919,4616,6665,7689,7821,8079,6032,6802,4632,4763,156,8736,5924,7338,7083,7468,5933,5678,6575,5297,7859,3639,6456,7866,6458,7288,2623,5706,3530,8141,7758,8915,6616,7517,1117,8159,4192,4344,8033,7523,868,5862,8423,6638,3825,4722,4212,6646,7286,3832,7295
3840,1540,5637,6661,8070,6154,8203,8843,8077,8848,8976,5649,5907,1940,7189,8857,4505,7452,8605,7071,3871,8871,6952,7081,6826,1072,8500,1972,8505,7993,6713,190,7487,576,6344,4172,7246,6736,5841,8144,6354,7641,8541,6749,6625,8035,3302,8551,3048,8169,8940,6765,237,5493,4343,1144,1529,1791
3329,4359,8842,7055,8592,8977,1682,4373,7322,6172,7709,8222,6302,2206,2977,7717,8998,6313,8362,4658,3123,3378,5046,7232,8001,8901,7752,5449,2252,3068,3406,5582,1487,4947,8019,7895,7257,5853,3421,2274,7011,8290,6626,5356,6381,1134,6129,6771,6773,7032,2041,4091,380,8829,8830,5119
640,8576,8448,643,4483,3461,5765,8710,7688,5639,3474,1173,2454,8341,1434,2331,7839,2169,4515,2467,6308,2342,6570,5420,175,8367,4913,6194,2482,6196,2612,438,2105,5051,3004,2240,3523,8133,7239,6605,8653,7508,2265,3162,864,2016,3836,3684,635,1774,7535,6387,6137,3450,6907,8444
6405,1163,8076,7181,4367,6545,5269,7191,5271,4764,4382,7330,7076,5541,5159,4776,6441,6698,5805,8112,6961,6777,4277,5174,5303,7226,5563,6461,5694,6721,5057,5954,7750,5710,5584,3536,4434,8786,725,4823,7001,7002,7906,4579,2530,108,622,7664,3570,1394,5365,4982,2038,8057,637
3201,2563,8836,1928,8969,3338,6281,6796,2445,2702,4111,4243,2580,2837,1818,3484,7965,799,7969,6691,8486,8614,7850,8365,3375,2351,8369,7474,8371,3509,8380,1088,7496,3145,5579,4812,5198,5845,2390,3160,8542,5983,7139,2661,4326,7270,4590,7154,7028,4857,8695,4216,3065,8698
515,3843,1925,5510,8584,2953,5002,3597,1554,8466,8469,7062,7193,8347,3483,543,4127,2465,802,8230,3367,4014,6831,5887,2485,8247,184,6073,6459,4287,6466,8262,6854,2120,7241,8650,8648,3270,7757,8658,6994,8022,7258,7642,6621,1118,8287,8800,8929,4448,2909,5994,2156,2431
2816,4864,5508,1542,1671,2823,392,3207,1677,1679,2069,5653,3607,3608,2582,4890,2459,2841,2205,3102,927,30,668,3106,1829,3237,2087,1958,937,938,4523,2219,1959,8749,2735,9004,2222,3632,948,2104,828,317,2751,834,3651,2116,8132,2248,3402,3023,978,212,2645,852,8279,3452,8407,218,859,475,4445,4318,862,355,1380,743,2920,2669,2670,241,372,4219,2812,510,3455
8327,4872,7817,8338,8340,3222,7447,3997,3487,8992,3872,8994,5922,37,4137,7593,6955,9002,4019,7223,5690,8251,572,3904,8260,8516,7366,4676,7369,74,5452,2256,4693,7638,3288,5464,6874,5082,7388,3548,3296,6369,7269,8037,7145,8426,3695,3952,6767,7923,8437,4855,8191
1025,1155,1674,2827,1676,1548,8202,5008,2585,1564,1052,929,2338,34,6436,3108,7592,1576,2218,3760,2225,3382,3383,2107,2109,2237,706,2371,2372,2118,2251,8268,3022,3279,848,593,853,8277,858,3933,740,2919,871,5481,2666,235,3565,366,370,3700,2679,376,8318
4224,1667,2691,1798,7175,1418,6668,4236,8591,5264,6160,3346,2324,2326,8598,5016,8472,5273,2203,1692,292,2340,8872,3369,5802,5932,2732,8366,7599,2864,6454,3896,8127,3266,4809,4170,459,7502,8401,6610,5587,4307,88,1757,7006,6750,612,1769,1770,236,3308,6641,881,3834,8188,5117
7040,4225,2818,3075,6788,7044,773,6664,3982,6542,5521,7699,7572,2708,6551,2327,3099,6811,7203,6948,5675,3756,3115,3126,7736,697,2617,443,5308,7100,6465,3650,4674,6084,3146,6224,5074,4691,2262,5847,8663,1629,5217,4193,5096,6636,368,4720,6389,6518,6391,7675,3964,7551
4097,2052,3846,4234,3600,1427,4503,1944,7579,7722,4909,5293,5295,7088,4786,7733,7478,4413,5438,3263,8768,6080,7619,5571,7237,7494,6213,6088,7417,8138,5973,3541,8151,2137,7773,6237,8158,5216,7521,2402,2786,5087,6245,3686,5479,5865,4970,2162,8052,7285,7929,4986,7803,3710
3331,4995,5635,8965,6407,2184,5767,2307,2693,646,7052,2062,1167,1655,2834,6676,4118,8471,2328,6559,4129,1571,6311,1579,5424,6578,8629,6906,7996,8381,5310,4414,7870,7876,2757,7887,6100,6876,3936,3553,4706,2019,5607,6120,1513,6894,367,7281,2418,6005,7159,5498,2811,3199
4609,6659,2692,5507,7050,7439,7315,3604,5781,4500,3992,7065,7706,5018,2587,1820,5790,4895,8105,3882,4011,8106,4653,6062,6702,3759,3122,7989,7355,4283,1854,1860,3909,8008,2761,6729,3403,7628,3667,6872,7899,2524,3041,4708,8165,5223,6249,6126,3190,5368,761,4474,4860,7805
4739,3204,1545,265,7053,2061,5780,1689,7577,2971,1436,1694,1823,6689,1827,6309,549,2088,814,305,1588,1716,441,8121,3131,3516,4545,2756,2503,1356,589,4814,3021,3283,5971,981,2011,247,3420,6109,3931,1887,1377,5095,363,365,2672,4978,7539,1781,502,5367,374,1918
5504,5255,7816,5256,5772,4622,7952,6167,5784,7195,6046,4512,2469,1575,5031,7337,1450,6443,4780,4906,7467,1067,3504,4788,6584,4922,7486,5445,3398,4935,4040,1868,2767,5712,2129,2769,5202,4052,5332,3037,6496,2660,5478,4839,7272,5099,8172,4716,3183,3315,5236,7412,6903,3581
4356,1932,1935,5007,1296,3861,1688,4121,2842,4891,1565,4514,1834,1584,2354,1587,4402,1847,2235,956,1853,829,2238,8000,2236,445,3782,5703,3142,6726,842,1614,2385,850,1235,1108,977,3158,3928,5081,2778,6235,1503,1504,4449,738,7530,2923,3182,4210,3186,5234,4598,379
8064,8195,6533,5640,5497,2570,7819,8343,6040,4124,1821,8477,8356,7718,1447,2474,8234,5426,3763,8884,3254,8503,7609,6457,7994,6462,3519,8255,3395,3269,8519,199,8909,7891,1237,3673,8153,3035,4572,4060,7771,3944,8569,2922,6635,748,6764,2284,4976,8305,8690,2290,1653,6649,3069,6398
5376,7298,4994,8323,6024,267,526,4504,3356,7198,4383,8352,1568,2082,3619,2084,2210,3238,4520,4393,1967,2866,4531,2750,3007,1474,3401,841,2505,844,3577,3662,3791,846,3281,466,4087,6612,2520,5722,4188,1373,6623,8927,4321,6511,8062,3187,7540,1140,4086,6647,3828,6265,3454
6912,2688,3202,4099,644,2437,2180,3340,2575,3984,7569,5529,2972,8220,2850,4134,3623,8615,2089,2478,6447,2352,2608,3507,6836,3253,2997,2555,5562,2619,3388,3261,2878,6081,4418,2500,5956,5704,4044,3533,2894,4302,8270,8148,3540,3542,6359,7382,8024,1370,4187,2140,7766,3550,3166,2528,7777,3554,8288,5864,3179,5100,6252,1900,8300,2674,7667,6516,3831,2043,4222
509,4998,2825,2444,3090,2583,1050,3355,3739,2844,2588,1691,289,3105,3748,6310,3625,1581,2862,2554,2738,2742,9015,695,1721,2490,955,2106,1466,2110,2241,2626,2499,836,3397,2758,3783,2124,845,3020,2255,7373,3025,2642,3539,5716,469,473,857,7515,5239,4826,4827,4570,5088,2269,4322,2659,2918,3180,4077,3566,2671,1262,3185,1015,3705,1274,2557,1278,1919
7425,258,3973,1030,3718,6791,6923,5005,7437,7186,7962,5786,6044,7580,6431,7328,5794,4645,5030,7080,5417,4396,2096,4273,9010,5686,4160,6592,6850,8007,7367,5968,81,7383,6617,5984,7395,4836,5605,6503,6119,5097,8810,2027,4333,6639,1136,1905,4466,8181,8438,762,7548
8963,1796,1923,6535,7944,4873,8714,7947,6029,1806,4624,3216,8599,3609,1561,2080,5665,5410,6947,1957,7719,7082,4650,7090,2610,1843,7095,1849,8764,7108,1093,838,6853,6221,1744,2000,3282,5075,983,2008,6747,2014,5855,7009,6122,7659,8945,6260,3958,7414,8570
7300,1929,1801,395,2828,397,7949,1550,1936,5391,894,3348,6166,1825,4902,294,297,7595,7982,4016,8888,825,4410,1084,958,6976,4416,4550,1863,8651,3531,3793,1105,471,3927,2905,7039,1885,736,1888,3812,358,231,7143,1519,1524,4213,1784,7931,1022,8703
6273,5506,2950,4617,1805,3603,4756,5267,5785,5147,923,6941,3611,4639,6818,5539,1058,4388,7336,4139,6188,6324,6840,3768,4664,7485,6206,5439,1984,7881,7114,7759,5329,8146,4949,1752,4444,8413,6372,5606,6248,4074,8046,6002,4979,4348,5750,7927,6648,5754,7292
6531,8968,7946,8588,5141,6295,6298,1946,7325,8223,4896,4647,42,2347,1968,6577,6067,308,4921,2362,6334,6338,1986,8899,2242,6351,4059,734,5603,7142,2543,499,4599,7801,6654,8959
2824,3339,3853,5518,6800,1042,1945,8602,2460,6558,2591,6433,6951,2855,7211,8492,8877,9014,3510,6328,6467,5063,4039,2762,1612,2895,1234,8405,2518,2906,737,8549,5736,3305,3827,3582
3586,1668,8582,653,398,8975,1037,6929,2578,8465,8212,8853,5142,7832,4506,8607,6303,7842,2723,675,6692,2856,5546,1068,3629,1840,7348,8628,9013,4148,1592,8761,1595,3772,8893,4542,7612,7360,7233,832,8385,709,8902,8523,6859,1229,1357,8911,8400,8530,4436,1110,1623,4569,990,1762,2916,3430,8807,1384,6121,6769,1266,6392,1660,893
1281,6021,7046,4744,4241,6034,4625,7057,5395,1172,274,6168,8339,4635,5536,6817,1188,5797,4777,7987,4661,2614,6967,8887,7482,6589,4926,4034,8645,1734,8263,4167,5322,7499,6352,5072,2514,1619,5725,8543,8672,7136,4710,1256,3438,1007,8432,8561,4849,4082,7283,4851,243,5102,8316,6653
7169,8707,3209,8970,6675,8851,408,5403,6556,8479,3360,8745,5034,1324,2355,3894,2999,6841,1722,7098,6335,7236,7620,8134,5961,4813,2384,721,214,3415,6233,8409,1115,5980,5724,6366,3418,1759,7644,8417,483,2787,6757,7396,3039,7519,489,5354,8559,7280,3313,5361,2799,6263,3960
513,5122,3459,8708,8709,4360,5260,5646,2449,5011,8725,4630,2071,4376,4377,8217,8982,8606,8735,4257,8626,8754,1463,2744,8634,3642,8511,3520,325,5448,1481,5066,7626,2814,5455,3663,8790,8791,4183,1368,8792,4439,8799,8674,4834,8804,8933,8806,3689,1514,3947,888,763,4990,8446
8322,8706,8068,5380,8197,135,5512,3594,3214,3472,4114,8468,404,8726,535,4766,8487,3112,8494,559,3888,4145,8756,8372,8759,1080,3259,1341,8894,8770,452,68,3526,3911,8903,4939,8652,1231,7504,2135,8535,8796,5214,5220,8553,3567,8303,8306,4340,5622,632,5241,5629
7296,8704,3970,5123,7813,1286,8325,8201,8587,3085,8590,909,144,5136,3858,4627,5524,1685,8470,22,8210,8496,8752,3634,4403,3129,5946,1339,3518,8388,5061,3524,585,4811,5325,5457,2387,8403,8916,5460,8794,7904,3810,1506,8419,6371,4841,8554,5358,1526,1146,8573,2302
1408,4354,8838,6663,7305,3342,7058,4245,8086,2968,4248,4381,4641,3362,5281,3109,2475,5037,3889,8504,2875,3771,5947,8510,959,5312,5186,6980,4808,5193,7755,8142,4306,3028,2901,5078,4189,4959,3808,3681,7908,5093,1511,3561,5226,8175,3439,8817,8434,3441,3188,7925,6001
7552,7815,3208,7433,8972,14,8846,1170,8852,3989,8728,1053,5406,1697,4770,6568,1706,3628,556,5040,6064,5171,1076,8373,5047,5820,6077,4030,8254,6848,3649,962,5185,6597,3144,3659,8399,3792,1233,6607,6735,1361,7509,8917,2258,7770,5595,7646,99,484,5993,3818,1130,7916,7918,4463,6128,4338,7794,8435,8563,8310,7289,4346
7681,7553,1793,6148,4613,4741,7431,6278,2699,779,8205,2190,1937,8084,3352,5017,6808,540,6813,7455,5664,5793,2212,7720,5673,3120,7217,1332,6326,6845,5693,6594,7493,2502,5447,6983,5957,7495,6091,1227,5068,1101,1608,8656,595,3925,5593,5597,8030,6111,6113,5729,8934,1126,3816,4585,5867,6124,7403,7406,7662,1391,2164,1271
1795,1157,1285,1797,3081,2314,3979,8332,8971,5134,6287,5648,8335,6930,7187,7700,6290,6550,3479,7320,3993,1786,4760,7179,7713,4258,6393,6567,7976,5292,5807,1202,1459,4919,6201,698,4282,3901,7034,3521,5700,7622,5065,4556,4429,6487,8284,8286,1631,5601,1250,8547,7393,6631,4967,3437,7021,3568,8049,6003,2422,7673,8442,5884
387,7309,2704,8730,1194,7986,7862,2367,7104,8520,8137,6782,8527,7120,6356,8660,4310,254,8539,479,8552,7913,7276,8439,504,3706,7037,6014
7565,5647,7319,8601,8604,1950,6179,807,300,6190,303,942,8631,8252,8390,5577,8910,4177,4062,6752,1635,2532,8550,360,1017,7164,3325,8190
8192,3971,8454,3592,4488,6793,4875,2959,4752,4246,1176,3225,7323,4510,4898,4517,1320,3245,4141,4275,4020,4279,3257,3001,4669,4797,4670,4800,4290,8772,4421,4292,4552,4298,8778,4173,2893,3920,4560,8534,3164,4709,4582,8678,7400,2924,4332,8301,3826,5619,4472,3449,6650,3708,4223
128,4352,6274,6275,3715,4101,6283,4364,4365,5392,6803,4886,8215,3097,4889,6685,8096,7459,5155,3495,5671,6699,5166,4399,4782,6837,3384,4027,6205,7999,7616,3135,8769,4036,6727,7629,4815,7636,6238,6367,8034,4837,4713,3050,4459,3820,8429,5744,5745,6131,4084,8443,5500,4733,6015
3585,4867,4357,8198,4615,3593,4106,3850,4369,3475,5881,4631,7703,4893,8355,7973,4009,3377,3892,3637,4790,569,8763,3003,4157,8775,3528,6217,4682,6347,8780,4685,6990,4175,4304,8011,3535,6355,8659,3273,4054,3272,4185,4828,4191,4323,4070,3564,4464,4729,4596,3704,4473,4604,4605
4868,6920,5001,3978,6284,3727,3736,6425,5401,6687,3744,3233,7458,4771,3876,1059,3615,6815,8619,4524,6317,3630,4397,1329,4532,8245,6966,4407,4802,3011,4805,6089,4041,2508,4431,4943,3026,4819,5458,1493,7127,4058,3551,6240,4196,7141,4199,4847,3824,4079,3443,6515,4724,1011,6776
3968,8967,8330,2058,8458,7694,6286,5902,5778,8083,4892,3111,4903,3371,3884,8621,2868,8116,5431,5049,6716,5825,5442,8257,6724,4420,3140,3908,8393,8394,5450,8649,6222,3665,3287,8028,4701,3678,2783,5986,8294,3051,4331,4205,5355,3950,7668,4341,3574,3702,3192,4601,4602,8060,4477
6144,8833,3842,768,8962,1028,2822,1152,8456,1284,1665,2567,8844,2829,1038,8593,4371,1300,1305,8861,8862,8989,8866,1186,4772,1317,5415,1960,1065,1323,1964,1325,4652,2299,817,946,8627,3635,181,4534,1212,701,704,1089,8258,8771,1216,4293,1601,8264,712,2122,4684,591,599,472,1240,732,860,1246,3423,8928,1889,1248,2147,4317,3301,4705,3175,3436,3456,750,3184,7546,1019
6149,6279,8071,7561,3724,8717,3473,4754,4115,8596,7061,4758,1311,4384,1314,5668,5286,6184,6187,7596,4267,7097,8384,7107,7492,1219,6728,2889,6985,4553,7372,4042,6731,8783,1616,980,6486,6614,604,7260,3038,8801,6114,6498,7140,8803,7782,2404,2921,1643,1003,2667,5873,6642,7669,4597,8183,3322,4861,8574
2177,4738,5249,7428,1921,6022,5894,2568,3722,5132,1933,1934,4623,2320,5522,3860,5527,1567,7840,4516,2980,5670,8232,2223,7216,5553,7858,2227,5812,5811,8886,5299,1717,6706,6972,830,7231,4803,6725,5702,2759,3196,7122,2646,3803,1376,227,1640,7784,6890,874,5609,6251,6385,4852,3317,5112,2809,2044,6399
2048,4992,899,902,2313,400,3088,4498,3091,8981,3093,8983,920,412,2334,1184,7841,2339,7331,6051,1830,2983,2600,8617,7854,4783,5809,8242,9011,6323,7475,8758,8638,2883,8773,1733,1738,5070,8278,2775,1878,1755,7134,8802,2789,3045,2149,4198,2539,2412,2796,5486,7023,7666,3059,8564,8051,2806,1403,8700
3072,1538,7301,2694,1422,2705,2964,2965,2967,2167,2074,5020,1693,1566,2077,1824,160,2978,2083,2722,1832,1833,2604,1965,1198,1586,2740,2488,2233,1850,2747,2108,2111,1857,1604,2121,2123,2941,2254,2125,2897,2780,2397,2782,2911,2272,2279,872,8041,1518,2158,2546,2293,2294,1525,2553,2042,1917
8066,5766,2696,3212,6672,2833,2706,6291,6289,8213,3991,1562,3998,4255,6174,1569,7967,7848,2860,9005,7726,3503,5552,7084,6322,5559,5432,8633,8120,5434,5052,7357,5183,6208,7544,4551,6471,7753,6730,7113,6477,6606,3923,7384,7263,7903,5346,6756,5352,6634,7147,7020,3821,8815,7665,8053,4984,7293
2051,3337,6667,7822,532,2196,7833,5148,2589,7454,1696,7971,5925,7590,8743,553,2858,6445,2989,1589,1719,7483,1596,7614,2495,3775,2882,2247,2381,2765,2386,6744,5852,8671,2655,5473,5730,8291,8289,1122,8167,2664,2535,7019,2286,496,624,8947,2547,4980,8054,5879,2680,5246,2303
2433,2309,1414,6151,6795,2830,7311,5265,2451,5397,5913,2078,2463,8098,2727,8236,2094,8497,1331,2867,1205,2870,2615,1210,2113,2558,6215,8905,4938,1225,8265,1869,974,5834,7889,7253,7894,7510,987,7774,5476,2407,7783,7786,2283,2541,7150,8178,6259,7031,7672,1531,8958,7423
2178,7939,7172,2186,2573,6161,6805,3095,1150,6942,6562,8996,1191,9000,2472,2090,2350,1074,1970,1078,1338,2363,2364,2493,2366,2429,1598,7875,1221,5578,5195,1740,2635,6479,7249,8793,1498,2012,6877,2273,1893,6374,2288,2161,8050,1909,2550,1143,6008,8441,1147,2045,2046,1535
8067,5125,7942,7047,4485,7818,6282,6538,7434,7954,6293,6038,8342,3740,7326,3616,3491,7591,7849,7724,7213,8109,7727,8495,3248,8623,6579,6070,7351,7734,3641,4153,6270,3132,320,3264,7745,7747,8774,3657,6093,5965,6992,5588,7804,4195,3939,5731,1251,5739,4588,7789,5103,7151,7152,7026,6643,8182,3319,7932,8701,4094
4480,3716,3974,6411,8462,7312,3857,6931,6680,4122,4636,6045,3617,3234,4259,7075,3878,4391,7207,3881,3370,4262,6061,7855,4144,6065,4146,7221,6905,4023,6711,7869,7871,8129,6211,3785,3916,4303,6867,3411,7380,4824,6105,3419,8032,7779,8038,7529,3306,5484,5229,4078,5996,3953,4081,6258,8823,8953,4732,7167
6917,4229,4747,4108,6669,7054,3856,4113,5650,8087,8088,3100,7069,5921,6434,6946,7845,6181,8103,6440,5928,3239,5799,6828,7597,4006,7215,3252,7350,6585,4285,8126,6851,4932,3400,4049,1874,4563,3284,7126,4312,7513,3290,4957,7133,7518,4320,3299,8164,7653,5990,7014,6376,3178,4076,4461,4208,3314,4339,6134
8460,332,5454,3217,4497,8282,2716,8415,5535,6588,3247,8240,311,314,8508,4415
5890,2434,4742,2056,4880,8595,3219,2323,2711,670,2848,4135,7975,8748,5549,1838,4143,9008,5425,2992,6904,5685,2877,8637,2879,5827,3139,2631,5967,1873,4831,2399,2145,6243,5221,3057,8946,8820,3064,5627,4092,2813
8834,5764,5638,4999,5385,5130,8724,8224,3751,2216,1705,8874,8873,6060,4525,5677,8751,4663,8889,6203,5055,5570,3018,1484,2639,5328,5840,5459,2517,4700,3934,4963,2276,4071,8808,5230,1776,2292,5880,6011,2940
