6667,5646,3093,6683,1053,7206,556,7727,7731,4148,5690,3132,5181,4670,572,3139,8778,4694,4696,1122,6243,8806,8807,1130,6767,3193,3706,6270,2704,5276,2716,5282,6319,3763,4279,2258,4818,4310,5335,3296,6369,1762,1251,3302,6375,7913,2796,6893,2284,5873,5364,3322,763,7422,4872,7434,1807,8465,3865,5925,1830,1326,6450,3379,1334,7479,7480,6986,5452,8012,332,6483,4439,8037,876,6014,4485,6024,6026,4497,7067,5549,2989,8623,6064,6577,6579,4019,8628,6070,8636,7612,3548,3038,4575,993,3069,4094
7556,8454,4488,5643,6157,6798,5392,1429,6165,7323,4898,6699,8109,8754,7732,1589,4407,6839,3001,8762,7229,3520,5698,4036,2247,7626,2893,5455,8400,8790,8152,604,6238,2655,6367,4834,1506,4472,8678,5991,2664,3689,1514,753,6131,888,4983,2680,6522,7935
5125,8709,7047,5768,8075,5644,7309,526,8975,3088,4880,4627,8212,8853,8855,1176,5913,8217,8986,7197,4510,6815,5024,417,3621,678,2983,7724,5938,4275,6068,7988,4797,8896,8386,8137,7629,5965,5839,1110,8792,3164,1635,6760,7276,1646,2034,7410,3188,4980
1540,6279,6154,8203,6282,3470,6293,8725,7832,8857,4505,6296,8476,4377,6047,3871,6561,7457,8735,6826,2858,942,7093,3511,8760,8505,5817,7483,2875,7614,4542,576,4800,7360,3904,1473,5959,6859,7762,4569,8799,8291,7781,4582,3947,6637,7026,2675,8821,8572
8832,3459,7942,8968,6793,3337,8588,1042,4630,8982,3738,7454,5922,5155,42,2347,8111,8242,818,6837,2744,4921,3642,6334,7999,3264,1986,6085,6727,3144,3657,3449,2765,8405,1878,2906,987,7646,8674,484,7142,7151,2543,1264,5103,499,5619,8051,7801,2814
3586,3214,2959,5649,2449,8085,4766,8607,3103,1697,4257,5671,7849,7465,4783,8626,4403,8883,3510,3257,8761,5435,1596,7747,7878,8902,5448,7497,8908,1229,974,4177,6354,8534,7511,8791,7769,5720,8924,990,6752,7651,1384,6761,5355,8048,1266,8434,4733,6398
4352,4101,8582,135,1160,7430,5775,8081,4114,3091,6292,535,6428,2463,8868,7846,935,5032,2856,8492,8880,6708,8759,7351,7737,3641,320,6464,4165,4046,3920,8784,5715,4563,8535,1242,7130,2149,998,4969,4713,8938,3567,3826,8947,5241,5883,6140,254,2303
8064,387,4360,5770,7307,4365,1037,1298,4758,5660,7326,4384,5668,7718,6184,4267,6187,7596,1967,5426,2866,5688,7097,1219,2505,1865,8659,6612,5204,6486,5722,4060,3552,8801,8803,3944,2667,748,237,492,6511,624,8047,6642,6765,4844,2806,3574,1660,4861
8068,6795,8847,2196,6936,3097,6426,3740,2078,5026,8489,559,7344,8881,5428,8118,7607,1463,4027,5819,8898,4548,325,5831,6344,1610,6093,8781,7247,6225,6102,344,6873,5978,6363,8439,5342,5470,3939,8933,8679,7400,7528,3952,7666,5493,8182,7031,8953,8958
3715,5637,7946,5387,6411,8077,8462,6416,6421,8342,1946,284,8733,2848,8483,7715,1061,6437,3626,8748,4143,7472,8495,6904,2359,8251,7740,8637,5436,6079,5313,6979,8774,8776,5323,7246,8913,2002,8787,6228,8920,7772,8798,5344,3169,6759,6258,3059,7924,5624
8192,2438,7568,8979,920,1307,6045,2334,3616,4648,3245,8750,7087,3248,6191,4915,8502,4925,6205,6211,1481,3785,8780,7117,1358,6860,6992,3411,5588,6105,6490,8537,8668,7774,4703,4195,7268,4070,8552,5739,2924,2412,4588,4335,4464,3698,7672,6650,5115,8446
7042,7171,8708,5380,2309,4877,3472,657,7954,8468,8214,8223,6944,8737,7973,7340,8236,9006,7856,7473,4145,4656,7604,9013,6833,1205,5305,1210,5825,452,8009,2381,7125,5078,7893,7901,6242,8036,4968,8553,3176,4459,4972,4332,8556,8303,6640,4081,8178,7294
645,6538,4747,5650,8340,8087,2071,7704,4122,8605,3872,8994,7075,8360,7593,9002,1194,7213,4528,6709,9014,7223,6710,8376,7734,7104,8385,8516,4676,4292,4932,8779,8910,6736,4565,5464,4824,7518,6882,2404,7932,3430,8039,5484,6254,7152,8948,2932,6905,7804
8194,8579,1414,3850,6286,4112,786,7826,3223,5530,795,5404,8348,8606,7205,4009,1970,6835,7220,8885,5810,7091,1080,1341,1598,4157,7488,5827,4295,7545,7370,6346,8652,8905,2256,6481,7251,2135,8026,8028,4958,8166,4329,7786,7531,7150,2929,6899,4473,1531
6528,3971,8451,5381,6790,7818,6539,3339,4878,7441,6298,4893,8993,3234,2339,3491,3495,2855,7979,6061,8622,6574,3117,5809,4146,8116,1973,5429,7481,6973,6462,3518,8769,2242,6984,1225,6732,5457,7378,1234,6997,5466,8411,7779,5347,7529,7017,7157,7413,5759
2048,0,4610,8067,3077,1288,5257,5386,4492,5262,8849,8983,7447,3878,7591,4520,4904,3370,4262,6440,5928,8618,8879,7600,6065,5554,7611,3647,8129,7745,5188,8389,5705,5066,6347,3916,3277,8527,7889,7771,7264,5091,7653,3050,8683,3306,7029,1143,2425,4607
4742,7815,8972,5134,8335,8846,1170,7187,8852,3989,8728,4896,2976,4770,5537,8356,3628,2606,8238,5040,5171,8373,5047,2488,7994,6715,5820,4030,8255,6848,8254,5185,4039,3659,6607,6735,1233,2386,5595,8284,1631,7393,99,3045,3818,1391,8431,7794,8435,8563
7552,7553,1793,7431,7433,14,1937,3352,8603,5406,3487,7455,2212,8485,7720,169,6568,1706,1076,6077,962,6594,5957,6983,7495,1608,1101,8656,1361,3925,3288,5593,1882,8030,6111,5729,4067,7269,1126,4967,7403,5867,7662,6128,4338,7923,1271,7289,4346,8959
7298,8198,5512,7561,6540,653,7566,8726,8215,7961,7834,1314,8355,8227,553,5550,7983,4529,3634,8884,3254,7606,7492,3524,4553,6985,4042,7372,4173,6217,7375,7504,8183,4181,6745,1498,3035,3810,7140,7016,5868,7537,2290,7540,7669,1653,6647,4340,8956,8062
6019,3716,902,3208,5897,3993,5658,1311,7201,5288,2600,3755,7469,1838,9008,2992,8244,6711,7864,314,2879,3649,4163,8643,7748,7111,1738,4299,5580,8271,8144,8017,5713,8923,2397,4831,3427,5731,5221,4581,2153,6507,7916,1003,3695,3057,8946,6643,4732,4223
7296,8449,6276,4868,4369,4498,7321,8094,6051,6566,8875,7218,2229,6712,8123,6716,8893,8511,8895,7743,6338,7363,8772,3780,5061,2635,6739,2132,8661,8149,8916,5460,4437,8280,5334,5215,8802,4198,4327,3814,8809,5480,2541,2288,4729,6901,1526,6133,8697,5628
4478,6917,3857,5265,2964,4117,8981,7700,6169,8987,7713,8865,5502,6434,5158,5799,7976,5936,1202,1467,7034,6851,8773,6982,6599,6216,2121,74,7500,6990,8399,7767,1623,3419,8283,8539,4701,7526,7014,4585,3694,2286,7793,5107,5238,630,1786,6141,6526,7807
512,6786,899,3974,519,5128,5773,4989,6418,8338,5245,5654,3479,2722,4259,6183,1320,7209,2740,7991,4665,5950,6591,8382,3138,5573,6341,1097,1994,6857,4169,7885,4427,3663,8783,7380,6491,8156,8667,734,3299,8424,5996,8941,8943,5487,3953,3319,504,4605
8071,8327,3081,1683,6931,6680,4637,1405,5023,3229,7845,4264,5672,7215,7855,3252,565,6142,2362,6075,7415,4539,7871,447,5060,7749,5191,5575,1991,2378,5837,3917,6867,8532,3795,8312,8032,5350,1254,8823,2537,8043,5232,5490,2167,4600,6393,8700,2173,1662
1536,3589,5258,8716,4113,6682,6432,8609,2595,4900,37,4006,6057,6267,1965,7865,8512,3393,8260,4936,7883,7116,2125,6351,7633,1874,5592,4312,7386,8922,858,2782,3682,6629,3557,872,8937,6250,1387,491,6376,4078,2031,6384,4208,4085,6262,1399,507,8702
5505,8705,7813,8581,8575,3976,7304,3085,5009,1685,7446,4991,6809,7325,5152,6305,6178,4903,6823,1961,5163,3883,8239,8752,3890,7476,5557,7867,8891,3778,8388,1476,1348,8647,5321,7754,5325,6222,2127,7765,5849,8794,7398,4199,5866,8302,4079,2934,8825,3711
5377,8706,6020,8711,4616,4106,8719,6035,6803,3477,4632,7064,156,5022,4383,7074,8741,6446,3247,8240,5685,6456,8508,8638,2631,5960,3530,5454,7758,8915,4182,1368,6362,4698,4954,7776,8033,7010,7904,868,7652,4709,2535,8423,5482,5740,2803,6774,3838,5375
7936,5760,6785,5633,5632,6153,8715,144,3218,3475,8210,4631,6560,3233,7458,3876,3365,2727,4647,4137,4138,7464,2350,8243,3637,1977,1730,3011,7875,1221,4802,8904,8777,7882,715,6733,6479,4175,7249,5082,4828,6365,3298,5603,6118,8688,6390,6520,1147,2429
7297,4741,2694,2313,5901,2190,8205,400,1941,5020,6813,8095,7072,8357,8103,2733,7854,8368,3120,6323,4020,4791,6330,5693,8899,3321,7623,6472,3913,5070,3792,8660,7509,4440,7259,7134,7397,7910,7783,7655,8041,7915,5486,7023,5616,6130,2547,8185,7674,7933
4992,6403,5766,2696,6672,6289,529,6291,5776,5397,7314,3991,3225,4889,6174,7967,5920,7073,7841,7331,3112,7084,6830,4399,6322,7475,4790,5815,2870,5434,7357,8894,5696,8128,5955,8903,3528,7113,6477,1869,3923,2775,6236,7903,6497,5346,5352,3821,3573,4604
1538,8966,8839,7817,5131,7948,8973,6287,8850,2199,280,3489,6695,3242,7597,4271,6704,8499,5050,7358,1346,3013,6600,8520,4424,7240,3148,3153,8914,1490,8788,3286,7128,7643,4316,1630,3171,8677,5353,5613,4461,5869,3696,3054,5229,5101,7162,1403,6780,2943
7424,4866,8324,5893,3462,3466,2571,7183,5393,8722,5011,8596,7958,4251,8099,6820,4003,6181,2728,4395,6572,4141,689,434,1718,7608,3385,2233,8765,8259,5444,8390,2375,6855,4049,7507,4436,7255,729,222,8932,3178,6892,7789,2158,7408,8692,5244,2941,8574
8325,4230,7303,6409,5898,8971,4618,7695,1040,7951,6544,5139,7063,5788,3358,1184,8739,5156,6053,8487,3881,8494,3503,4144,6963,9011,4023,7869,4285,2111,2883,8775,4682,4685,2510,4303,4558,4689,8276,6874,4058,7138,5859,7013,5612,8306,8180,4599,6012,6655
2820,6536,8,8461,8207,6673,5779,2965,1814,7190,3864,4508,5280,8354,7462,8231,5419,1452,3886,1455,5301,4150,1461,3765,6842,8124,6844,5566,7490,3016,8402,8404,6615,5719,2007,8926,3935,7905,2789,6887,7404,8813,8685,7790,6896,7536,8818,6004,8822,3704
8704,133,8838,3593,5513,4233,6028,7822,6162,5141,8470,22,1558,5246,7707,412,5918,4000,5792,7079,2472,7338,7083,2090,1836,1968,7349,2364,3644,4673,4552,1353,206,3028,3285,4183,6744,3808,6371,6244,7274,8554,6638,7024,4724,8309,6646,8568,8189,5630
8841,8587,4752,6802,3858,5524,4245,8854,4376,2074,6170,3874,6563,5667,1059,8619,5933,7471,5680,8496,7346,6067,3259,8004,4421,5062,7753,6345,4811,2128,2897,2387,6231,4185,8796,5468,7391,8159,7525,5093,5862,8429,8174,8307,5748,7541,7542,7286,6654,6911
1668,8842,8202,7055,7827,7194,3100,7069,2206,8222,6302,34,1955,7717,8998,2471,8871,6313,8362,295,2477,4017,3378,5046,3382,7232,1989,7752,5449,2252,4172,2254,4947,8019,7895,380,8541,2274,8290,2546,6771,3700,6773,1017,7032,2041,4091,3068,8829,5119
3585,8322,3970,4615,8201,5642,6926,6007,5136,7443,5398,7837,6048,6180,2094,2867,3892,7096,2363,8763,5053,2623,3273,6602,7371,8396,8907,8143,7632,6098,7379,7510,7390,4191,8573,4196,6117,6500,4323,8804,6633,3564,4084,4212,5622,6135,7288,1146,6139,5629
3840,3329,7554,8070,7686,7688,8976,8592,3474,8977,1940,4373,2454,2711,8341,7833,6808,7709,8224,6308,3493,2342,6570,8367,5425,2482,3123,2612,7092,4663,6713,5051,8901,6597,3018,3406,2517,8917,2265,7257,6749,7011,8808,8940,6381,1774,4463,6129,8054,7419
8452,1286,6663,3464,7305,6662,4871,7694,8079,8464,2194,7831,7960,4892,1439,3111,5545,4522,5804,1709,8621,4911,3884,308,1469,7364,7755,7756,6349,3535,6226,6870,5975,4952,6107,6878,4704,3303,7534,7407,3439,6001,6514,7411,3824,5495,4602,7420,2045,8447
4994,7682,4740,6149,4996,6278,7432,1422,7696,1811,7189,4504,6554,2077,7198,1824,929,932,5286,3239,1832,1447,8234,2731,4521,8117,8503,4024,6585,8634,6457,8384,454,2889,5707,1616,5843,6614,855,7133,8927,6623,6114,1643,7277,6385,3828,8056,6265,8318
2689,8323,6533,5894,3724,8717,524,8848,3473,4754,4115,7061,6423,3356,7840,5670,8232,8886,4153,3519,8513,1474,4803,7107,8770,5702,8515,6728,2754,6731,8909,465,7122,7891,980,1625,3803,7260,6498,360,2539,6251,8301,6635,8305,8690,4852,5112,8569,4475
2434,6531,5764,5638,6534,5382,5130,8078,8595,670,5535,2977,6821,7975,8104,8873,1705,4391,6060,5677,4135,7221,6965,311,7477,8379,8767,5570,5967,7377,7124,7764,6742,5972,7770,8415,2145,6626,4578,6625,6885,8169,6380,8061,6768,5879,3064,4092,8701,7167
7809,1411,8712,5263,6933,150,2710,6038,3997,6176,8992,8101,7207,6955,940,6452,7992,1727,8130,6723,5699,7618,7366,1606,4290,7369,2891,3538,3154,4693,7638,6232,7641,5594,7513,7388,2525,3042,5477,7782,7527,7145,8426,6895,6259,8820,4221,4855,1789,8191
8066,7301,6922,2833,2706,7955,8213,4255,7848,8617,8107,5552,7089,5559,5432,3384,8120,68,7544,6730,7147,4596,4984,632,7293
3212,1562,3998,1569,2860,9005,7726,8633,3003,5052,5183,6208,4551,6471,6606,7384,5214,7263,6756,6634,7020,5358,8815,7665,8053
8197,6151,4999,8585,3978,7311,3727,8723,6805,4246,4886,6172,2589,8098,3751,8743,2216,6952,6445,8497,6588,2366,5823,7487,3775,5578,4298,5834,2639,5840,7253,8918,5852,6877,8671,1120,5473,8034,5476,5993,7273,7019,8824,8557,4718,1134,8555,6008,4477,1791
6146,3592,140,2830,6161,5013,918,3095,8856,8345,8736,7712,6953,7978,3498,7602,5043,8756,8372,1719,7101,6340,2558,6215,3272,3911,4938,5195,8906,4041,4815,7761,7894,6619,4089,5220,1511,4841,5226,3820,2927,8050,7796,5877,7668,7030,8441,5242,7549,7550
2177,5249,8195,7428,6022,5640,5497,3722,5132,1934,2320,5522,5527,6040,8343,8477,1821,8352,3619,2980,2474,6649,7216,7858,2227,5299,6706,5811,7609,6972,7231,3395,3269,6725,8519,199,3401,3281,2646,3673,8153,7784,1640,874,5609,4976,3317,2809,3196,6399
5114,2827,5516,6669,7054,5647,3856,5135,7570,4499,4767,1952,8226,2083,2724,6946,7334,804,2344,1833,810,5673,300,5164,6958,303,5168,1586,2996,7350,6968,1595,3022,3284,3671,8154,4320,5090,6627,8164,4965,5224,2666,1518,1525,6134,4215,5369,2042,1917
6920,649,8458,5001,6284,6797,6670,7058,6425,5401,6940,7581,6687,3615,5791,3362,3744,6317,3630,1329,6966,5431,6651,7489,5186,4805,6089,2508,4431,4943,5458,4819,4306,1493,5974,4189,3678,3551,6240,3681,5733,4966,7141,3561,4847,6515,1011,6776,8826,8827
6913,7172,2039,404,5372,5655,6299,5281,1443,8997,5542,7078,4133,5037,8370,4022,5943,8504,1338,4667,1339,4543,959,6724,965,3656,6220,5581,8912,6609,6738,6097,8403,4946,8789,4959,5735,3688,7657,8297,4457,8175,3312,3443,4726,7799,7161,3578,7291,5116
2561,5253,6789,2186,5899,909,2573,4495,5909,5911,3224,7450,5149,5151,1696,7587,1191,8746,3501,4397,7984,4401,5297,1074,569,1980,4930,6474,8139,5708,5709,4304,4817,5330,8278,4059,2012,8163,3172,1891,4456,2024,5610,2283,2161,8950,2296,5756,2046,8319
5376,1921,4738,2568,2570,267,1933,4623,3860,4124,1567,1568,2082,2210,2084,4516,3238,4393,2223,4531,5812,1717,2750,3007,2759,841,844,3662,3791,846,466,1237,2520,4188,1373,4572,1376,4321,227,2921,6890,2922,3187,1140,4597,4086,4087,3577,2044,3454
5509,7565,2705,3219,6549,7318,7319,6295,8730,5275,8604,1950,2978,6179,807,812,6190,5886,7598,7986,6325,7862,8631,1850,8252,2367,1857,5577,6782,7037,7120,6356,5207,4062,479,2272,2532,8550,2279,4973,4846,5998,244,8437,8565,2553,7164,3325,8190,2559
3072,6401,6018,5891,2436,2053,5892,5129,7563,2188,4748,1294,6031,3728,5137,4368,7448,2585,5402,1693,8478,1566,2602,8363,3127,1724,2237,2885,5318,1223,4806,4678,4425,7126,6871,1495,5208,1755,5857,98,4453,7271,873,1772,1778,3314,376,251,1277,895
7819,4108,8590,398,6929,2578,5142,7192,4506,6303,7583,7842,2723,675,6692,4643,5543,5546,1068,3629,4782,7343,1840,7348,5941,1592,3772,830,832,7233,2113,709,8523,1357,8911,8530,7123,7897,6620,94,7266,2916,1893,6121,7806,6764,6769,6392,893,2302
7168,8453,2824,6283,1676,3853,5518,1548,6800,2962,2967,1945,8602,7578,2460,5532,6558,2591,6049,6433,6951,1576,2603,7211,8877,6328,6467,5063,2762,1612,2895,2518,2647,6103,5854,2914,8549,2919,5736,3305,366,7918,8179,6772,3827,8310,2293,5881,7677,3582
4480,6017,4737,3713,3721,7693,7950,2067,3987,8601,1435,4379,3227,4771,4392,1198,430,3760,1713,2225,2107,2109,6207,5830,3400,2251,8397,848,2644,853,3032,8793,217,477,4451,2917,871,5481,235,4593,370,4595,6898,2421,2294,1142,5363,7409,5755,2687
8834,6661,5385,4875,1682,5907,532,8724,7322,5148,7452,7071,7590,7081,8874,4525,8751,1072,4658,8500,1972,7993,8889,6203,190,5055,8001,1484,5582,1487,5328,1873,5841,5459,3934,8289,5730,4963,2276,8035,4071,8551,3048,5230,496,4343,5880,1529,6011,1144
4229,6919,6665,271,6032,273,788,6424,4763,160,2208,6562,547,5924,4517,685,5678,6575,8758,3639,7866,6458,2108,8640,5706,2123,8141,5586,2780,7517,1117,4192,5089,737,7523,503,4344,2407,490,4076,4591,3825,4722,4339,8564,5111,3832,6909,4606,7295
2433,4357,2056,7177,8843,8460,4364,2831,3217,2323,4501,3736,8092,7971,5287,6954,6827,6316,7468,6269,6583,5561,3897,2877,4415,8642,1733,7418,5964,8015,8016,3026,4054,3287,8282,2523,2399,6880,2273,5474,6116,6508,8045,7282,2550,3192,7930,3708,2813,1150
5120,5121,5890,5122,382,513,2051,3460,6280,8713,7689,5123,5260,7312,3731,7829,7852,7853,3377,8115,8755,2868,7859,6074,7738,7868,4669,6978,4939,6604,5071,4560,4561,4438,4956,4700,2911,2783,4961,8161,6379,7532,1516,6766,3051,1776,2292,5627,2940,4990
5761,2946,1155,1543,3977,1674,2956,2318,8088,7451,4636,1052,8351,5921,2338,6436,2218,5931,5548,4654,7728,3383,3129,2491,7102,7872,7362,2371,2372,2373,2118,8268,3279,4050,3669,8277,1750,3290,2654,6624,5856,7649,740,5990,4204,1521,5878,2679,1657,6396
1664,6658,3468,1686,1687,3480,790,2462,1831,5423,5553,2226,6198,953,954,8126,2629,2630,5829,8392,8265,2377,5064,6858,5453,8526,4688,2512,6741,5718,1365,5848,5339,8155,1374,863,8544,7265,1381,8038,2278,4218,2794,4717,495,4592,2804,4853,117,1914
7937,2178,7939,4104,7690,7051,7573,3357,6942,7838,8996,9000,5289,3371,4524,6701,6834,1078,2745,58,2493,6717,8897,3140,6468,4420,8649,1740,5324,1742,3665,3292,7902,3425,8419,6374,8042,4331,7660,7917,3950,7663,5098,3441,1909,3702,7928,7033,1787,1535
7681,6148,1797,4613,7179,2699,2316,779,2957,6930,6290,8084,6548,4760,5017,2457,5531,540,2461,5533,5664,5793,6567,5292,7217,1332,6326,4282,4284,6845,3521,5700,7493,2502,5447,1227,6091,5068,595,5597,6113,8934,3816,6124,7406,6003,2164,8440,2683,5884
1408,3968,4354,8330,7821,3342,5902,6928,5778,7059,2968,4381,5412,3109,7589,7333,5935,2615,5049,5946,3771,8510,5312,8257,5442,3908,4680,585,8394,970,8393,7243,5450,6864,3666,7634,7635,7892,2901,6616,5209,7648,5986,3942,8294,7925,4341,4601,6394,8060
640,8576,8448,643,4483,3461,8710,5765,5639,4359,1173,1434,2331,7839,2169,4515,2467,5420,175,4913,6194,6196,438,2105,3004,6907,2240,3523,8133,7239,6605,8653,7508,3162,5853,3421,2016,864,3684,8167,5356,7535,6387,8444,6137,3450,635,3836,8830,7423
1795,1157,1285,3719,4103,8328,2314,3979,8332,5519,5648,6550,7320,5917,1438,3617,4258,3108,7592,2604,5807,1459,4919,6201,698,4795,3901,706,7622,5065,4556,4429,6487,5850,8286,5601,97,8547,4707,1250,6501,6631,3437,7021,3568,8049,2422,5366,7673,8442
1025,4869,262,6027,5008,2065,5906,1681,6677,3222,1564,2973,424,4394,6828,2221,6192,2995,694,951,4026,2747,1852,3005,3898,1215,3776,3010,1604,583,3788,4942,4945,593,1747,3413,6998,2773,3801,4955,4957,3933,869,1767,2793,4843,3565,4974,5626,4350
128,6274,4867,6275,8967,3594,2058,2451,916,8083,8086,7703,4248,6685,8096,4641,7459,2475,5166,3888,3889,1331,4532,8245,5947,3135,2495,7616,2882,6980,3526,4808,5193,8011,1741,8142,1231,6355,7636,2771,7127,7908,4837,4205,5744,5745,8817,8443,5500,6015
4224,1154,1667,8580,2691,6664,1418,6668,4236,1038,6160,5521,7572,8598,791,6681,7835,5407,8866,4386,4772,165,3369,7210,1065,1323,1325,2299,8753,4534,2102,7739,8127,6720,4674,195,3266,5443,2122,459,7628,6862,7376,88,350,612,8292,3308,881,7546,123
1798,7175,2184,7050,6542,6676,5781,4118,7706,6811,1692,8862,4129,292,2340,1317,5932,2732,6702,8366,2864,4657,6578,5683,3635,8629,7341,8381,1601,8008,8264,3403,7502,5074,5587,4691,4307,8663,7675,1757,7006,7521,8930,2147,3175,3964,6249,6641,7803,8188,5117
3456,3331,2307,2693,2829,1167,5264,8593,3346,8591,3992,7065,5273,2715,3099,5790,1571,7203,6311,8872,8105,5802,181,7736,2617,6906,7355,5308,443,1854,7100,6084,4809,4170,8521,2761,6729,7887,5583,8401,6610,3834,2524,6750,3936,3553,4708,1770,7281,7159,4474
1152,4097,4225,4227,6788,3075,6659,6407,3982,3215,8720,2834,5915,2203,5408,6948,2469,4905,5675,3756,7725,8364,3759,6062,8374,4922,5438,2624,5571,6213,3146,1998,5712,6224,2262,599,7899,732,1629,5471,5217,4706,6245,5478,3686,8165,5096,4970,7285,6518,6391
4995,7044,8965,5767,7052,2062,4371,2326,4503,2328,6551,2587,1820,8989,30,1823,6689,2219,1964,4652,3122,1716,8121,4283,7996,5310,3650,8003,7876,2757,3782,4935,2248,6876,1887,5087,4193,2019,5607,5223,1513,6636,2669,367,368,2418,6005,1655,7417,1019,7805
768,7040,2818,773,3846,6152,4234,782,8334,3600,5905,912,7699,1300,2708,6163,8727,5784,7579,6043,7195,1186,8106,7722,4909,5293,7088,4786,7989,7478,2748,7619,8771,3398,2503,6088,7494,3143,5202,981,8151,6109,8158,2402,3301,5865,4589,8311,761,4986,7551
8321,8962,7427,6916,8833,1284,7812,7043,8974,7952,4500,5653,6934,6039,2845,6559,4512,7467,5295,1199,7733,4406,6970,4413,4927,8768,8138,8267,5970,4052,3541,2137,1501,6237,7773,8928,2786,4324,2409,1898,5099,3436,8172,6894,7919,3433,2162,3315,3955,3448,2300
1665,1028,2949,646,6406,1542,2061,6674,5780,5270,1689,2714,2971,5415,937,1067,7599,2735,817,3761,8882,948,946,305,697,6080,6465,7237,5445,4428,3021,8525,5971,3798,5847,8150,860,4317,5989,2023,363,365,2670,3184,4720,5621,374,6389,7802,3710,3199
4482,2052,1427,1302,1944,1816,7470,701,7870,1089,4037,6470,1868,3675,3037,3294,5216,4705,8931,8548,8296,8681,236,5489,7671,5753
2327,3226,7836,4253,1579,3115,3374,5424,3126,6200,3896,6852,6603,4311,3931,8805,5479,745,1642,5995,3692,1649,8694,8314,6524
4609,3842,4739,2692,3204,2822,2567,8456,8844,7053,7439,7315,3604,7577,5018,1436,2205,4895,549,1960,2088,4011,8627,441,3131,1212,3516,1216,8258,1860,3909,4293,4684,4814,3667,6100,6872,472,3420,1246,3423,1248,1889,3041,6126,1781,3190,247,5368,4860,3581
5504,6657,3844,3335,5256,8457,7816,7691,5772,4622,1911,7824,3734,7575,6167,1305,8474,7966,7710,6050,1701,1575,5031,1450,426,8747,8501,6584,2873,7353,7354,7486,63,8383,5441,3654,8655,3280,7890,5332,5336,3545,5212,7132,6496,2660,3174,7412,8052,6903,2298
5507,5255,392,265,1671,1677,1935,2324,8471,8472,5016,1688,4121,8861,6046,1694,1827,6309,938,4780,4653,814,1588,6454,829,3263,704,712,842,1356,589,591,2767,978,3283,5973,1240,218,2011,355,4839,5095,1769,7530,4716,2672,4978,4598,5367,7929,2811
7170,6915,5635,7555,7299,7558,7685,7941,4363,4116,7956,4249,4125,5405,6307,5284,1699,7337,3753,6443,3504,51,4788,8249,4537,6587,5437,4414,8639,8002,3141,3910,2766,2769,2129,3797,7512,3165,8422,7272,6120,619,750,5742,5617,7922,5618,5236,4469,5498,8831
6144,510,3207,1545,8204,1679,5007,2069,3607,3608,2841,4890,2459,1565,3102,927,1829,1958,1959,3237,2087,1834,4523,3882,2104,828,2751,4545,834,2756,6726,4040,3402,2385,977,1235,212,2645,5080,4318,862,1377,743,2920,3182,3183,241,3186,7539,502,1918
4356,2823,1932,1296,3861,2582,2842,4891,4514,3106,4906,1584,2354,4402,1587,1847,2235,956,1853,445,2238,8000,2236,2116,2812,3142,5703,1614,3023,850,1108,852,3158,3928,5081,2778,6235,859,475,1503,1504,4449,738,1380,2923,5234,4210,372,379,3452,3455
258,1030,6923,3340,7181,5005,4367,2575,6545,7437,8339,7569,5269,8599,5271,8220,6431,5536,2850,7330,4134,8615,4776,5030,6698,4396,6447,2352,8112,2096,6836,2997,5174,5303,7226,2619,8764,3261,6589,5694,4160,6592,1734,4044,81,725,7766,8024,3166,5864,1256,8810,3179,1900,8300,108,3570,1394,6516,6777,4222
1281,3202,8963,6405,4873,8714,1163,5391,274,2580,7191,7076,1957,8614,5159,5417,8365,2608,8369,6961,6461,6081,6850,6721,5057,1093,8007,4167,3145,5704,8651,6352,8786,5075,2390,4823,6359,6617,2140,7395,4836,6503,5097,7659,6252,1136,8945,2674,6260,8438,637
1923,2563,3973,7300,7944,3338,7949,1806,2702,3216,6166,5786,6044,3484,2080,5665,5410,1058,4388,4645,8486,5794,7080,4650,7850,2351,4273,2610,8371,5686,6967,4410,1088,6853,7367,7496,7499,5072,3793,5968,2514,2008,2014,2528,7009,5984,7664,8181,3958,3065,7292
4099,6021,7046,4744,6281,8969,8076,3984,4243,3348,1172,7962,5797,3623,6441,4777,5805,7982,4661,2614,8888,7482,5563,3388,2878,4418,5956,8645,4812,6221,3533,5710,1744,3282,1619,3540,1370,8672,7136,3554,2027,3438,6639,8561,4082,4851,7283,4982,3831,4857,7548
3201,8836,3718,1928,7947,2445,6029,4111,4624,8466,2837,7193,3609,1561,4127,799,6947,7719,7082,3375,7090,1843,6324,7095,1849,8380,6206,4287,6976,4416,7108,3270,8648,8270,2000,983,3160,4444,8542,8287,8800,5855,3812,6122,4333,7154,4466,7414,8695,4348,7039
2180,6535,1801,397,1550,8851,8469,5529,3611,7580,2972,4382,5541,294,2478,4014,9010,4277,3509,825,7485,5954,8650,3536,4434,6994,7382,7383,3927,7001,7002,4187,1752,8022,3550,7777,7906,762,2661,7270,7143,4590,622,2799,1905,243,8057,8698,2555,8316,894
6912,2688,8970,3597,1554,6675,5267,6556,7969,4902,3367,8745,6831,2355,3253,3894,8247,7098,1084,2110,7620,8134,2120,5961,4813,5198,2894,1105,5716,3415,8409,3418,7258,7644,8413,7642,5983,3039,8417,7519,7139,7396,6757,4074,2156,8046,7280,7028,4213,7931,5887
8707,3209,1929,395,1691,8479,7328,1825,3748,6310,297,5034,2089,1324,7595,2862,1581,7474,695,6335,2557,2500,838,5579,3531,721,2642,3539,471,2905,4570,1115,5724,1885,4827,6747,8288,1888,6233,4579,2659,358,489,5354,3180,5365,3960,3705,2043,509,1022
7425,1796,6791,6796,7057,4625,7186,6034,5395,408,6168,4635,4764,7965,5403,6817,802,6691,1188,7336,7987,3507,8887,6841,4926,4034,7236,7750,8263,1863,5322,7373,5584,214,2909,5725,1759,8543,4448,2530,5605,4710,6119,5100,5102,1007,8432,4849,2038,2554,6653
2437,4998,2444,2828,1784,1936,2583,1050,2844,2588,3360,3105,3625,2738,6073,1466,5562,958,2241,2626,2499,4550,2758,2124,3020,4302,3025,8148,5845,3542,4826,5980,2269,6366,5088,736,4326,231,1262,8559,2671,5361,3185,7667,1524,8570,1519,5239,4216,1274,8703
3843,2825,4756,7062,3483,923,3355,3739,543,5147,289,2465,5539,8230,4139,4016,2485,2742,4664,1721,3768,955,1722,2106,5439,6466,836,8262,3783,7114,845,2255,8146,469,473,857,7515,8929,4322,2787,5606,2918,5994,3566,6002,1015,5750,7927,6648,1278,1919
6273,5506,515,7169,1925,5510,2950,8584,2953,5002,4617,644,1805,4241,3090,3603,5785,1818,8347,6941,4639,6818,6188,2999,6840,9015,184,6459,2490,1984,3397,6854,7241,7881,7757,7759,2384,5329,8658,4949,6621,1118,483,6372,6248,4077,3313,4979,6263,5754,2431
