5624,6673,3626,4067
4440,5616
7910,8095
3864,3321,7259,7190
1461,1455
8,8818
6842,5779,8813,4150
5419,1452,5301,8822
7432,5843,1955,6615
5168,1811,2957,3671
8402,2316
2683,5533
1952,4284,2461,4215
4627,7307,6131
753,8355,3621
7528,3593,1970,2364
2472,8704,6646,22
7305,7338,4892,6638
7323,1740,2868,2783
292,5096,2328,1692,1757,30
1186,1827,2567,1694,1246
1248,5095,1781,3420,1823
387,4900,5965,398,1821
1824,8032,37,4078,734
34,295,2293,1017,1693
4360,8968,42,3642,2814,2591
2906,6727
4630,7999
7616,3459,5744,8832
1152,6948,7572,761,7966,5471
8931,3433,8974,7919,2845
6916,3654,4406,3545,7354
6307,3335,3753,51,4788
6657,7555,2766,2129,5236
6633,8849,4980,5158
7600,2173,3223
7297,6739,2132,6133,6901
7398,2127,6035,8149,5557
6823,7304,1961,3890,7867
8004,3365,4618,1558,8891
7407,2128,7446,2934,5918
5632,5152,6178,3883,1977
5513,4233,8174,7024,8189
3778,1662,8447
3976,5009
2045,8916,7960,8825,6365
7074,4911,4946,6878,1439
6560,8239,8688,8464,7349
1443,5325,1526,7161,4543
5312,6371,6663,3028,8504
4641,7364,3644,7101,3711
7908,8912,4817,5655,4667
3656,7657,7051,3312,1980
8424,5324,3501,6394,5947
6980,4808,2475,8175,5975
7937,2561,4457,2927,5013
5505,4133,7755,8142,4726
3688,1353,7690,3578,5116
4437,5209,1469,5630,959
1348,6226,7411,6870,7799
5226,8554,1709,8568,7838
6146,7078,3942,4871,5943
4680,8161,8086
6928,6244
3425,1516,7917,3889,2039
7587,2024,6097,6738,3224
8297,1836,5037,6220,8789
6468,5193,3731,7829,3358
7532,5071,2771,7928,58
3824,4248,3357,6717,7902
7712,3464,1741,1742,3292
5080,8580,791,63
2162,3734,782
7544,7363,8806
68,7726
6922,8053
3296,8779,7388
5464,5129,7207
98,5128,8312,6075,94
8259,1989,4521,3466,5139
3493,3382
4017,5244
7334,7277,3022,5369,6554
7618,8226,5090,6958,4767
7424,5893,8937,8565,2559
4453,7271,4654,4368,6549
4806,4748,6031,7827,8056
4678,7563,3314,1778,1495
2666,2827,376,2585,1724
2724,6933,8478
2885,2237
5857,5224,7696,7409,4593
2436,8363,3127,6968,895
2914,2053,5137,6871,251
4218,7578,3032,1914,7583
8609,694,4575
2962,7715
6401,5891,8397
4425,6207
3713,2919,1576,1548,366
4737,4451,5363,7448,863
5755,7598,2644,2107,2109
4643,430,3728,4595,3227
5318,3721,6898,3987,4379
235,2188,2067,2421,1435
2218,2477,2225,1142,477
6017,871,5548,1713,2687
7649,740,1543,4050,5878
2372,6572,2804,2679,1564
1025,2371,2118,3565,5008
1155,1767,4204,593,1747
706,6501,2221,951,1438
2793,1681,3108
2065,4869
262,7592,4942,5519,3669
4707,4103,4843,4945,3005
3719,4974,2995,5626,2973
2251,3760,370,3222,3383
97,4394,3788,6192,3933
2917,5481,1676,217,1052
3010,869,583,6677,1852
3776,424,6027,3898,4350
2773,3413,3801,4026,1215
8130,5699,3480,2571,4299,2891,7992
6176,6658,8038,6895,2710
6741,2375,1727
6858,150
8544,2278,8392,5064,1365
5829,2377,8526,2512,2226
7809,7527,6198,5339,8126
1374,1381,8017,117,2462
2629,2630,495,5423,4853
1346,5220,3498,8906,4938,5646,4815
8784,8441,8345,7796
8736,4841,140,8756
2296,5242,3820,5877
8050,7978,5253,7550
7488,3462,7783,7626,2830,8920,8446
8905,7786,8303,6161,3095
1147,715,3637
8904,5195
9000,7172,6479
144,3950
8996,6374,4524,1909,6942
2816,156,4445
7064,1467,7758
7767,5107,7732,6839,6456,6526
4163,902,2286,8719,6575
8033,5924,3639,7866,1117
160,6665,5706,5678,3825
7523,868,8141,5111,3832
576,8857,1540,5119
864,8505,6154,6765
7717,7752,3123,7895,380
4373,6381,3406
3329,8341
7011,8367,3474,7257,7709
2342,7688,6570,1774,2454
8448,6308,8653,175,2482
2016,4913,7508,2331,7839
8133,8167,6137,6907,8444
640,8576,2467,2105,7423
4515,643,5420,1434,3836
8871,8362,438,8541,5853
2240,6194,6605
3523,3461
2691,3331,8844,2829,7439,7315,6100
7065,5507,1212,181
1889,4011,3423
6643,8077,2711
1682,3219,7092
8551,5328,5841,8724,4343,7452
4071,3751,5459,8500,190,3934
6309,2248,937,6906,7546,5653,4534,218,2205
355,1671,392,938,1240
3237,2087,3607,828,510
2920,241,852,2582,4318
1958,3023,372,2841,3102
834,3106,1959,3608,3455
2116,743,2645,475,859
4523,2069,4890,3452,2751
1380,3207,2823,1679,212
3878,8071,4520,2505,3944,8717,7215,2233
4461,2158,8783,6931,565
8574,6181,1750
8596,222
4740,5164,7069,1850,2077
4320,6669,1586,6134,1566
8803,5668,6022,6385,8569,3322
6533,1934,5894
199,8690,6399
1921,227,2759,1933,466,1717
1030,6698,8714,6352,6034,7987,5271,3261,8543
8417,5956,8945,5075,8413
3202,8745,6796,4813,1691
7659,1519,721,214,8409
2758,231,1929,5579,1524
7376,3834,8598
6641,612
3896,3115,236
5802,1579,3126
5424,3931,2327
7143,3536,1905,4434,3570,5529,7002
7777,5954,4326,2038,2555
2180,297,2089,7580,8316
7906,5541,2478,762,2043
2437,7382,8057,2972,894
1863,6535,243,3509,7001
358,3180,5198,7485,5983
1888,3748,7474,471,3705
6625,3139,4391,5323,244,4505
4578,8169,4973,1525,1917
4503,881,247
1513,3283,5310,4935
265,978,5367
1377,1545,1677,1918,862
1829,1834,5007,502,2459
3182,1235,2104,1565,927
6726,3402,3186,3928,2812
8000,8749,4210,2778,2842
4864,3651,8132,3632,1503
738,4356,3142,2923,379
8801,3269,2474,5299,4504,7994,8477,8255
2922,2570,4976,1237,4572
5376,2210,5812,4087,4124
2084,2921,267,4188,2750
4321,3238,841,6890,3187
2082,844,846,2520,3577
3662,4531,1140,1373,3007
1568,4393,3791,4086,3454
899,4229,1994,1326,8758,8765,7422
5089,491,273,4049,4539,4605
490,4076,271,5586,4339,4606
3340,7181,2878
5584,6281,1619
1281,4873,5322,4851,4243
8963,7046,6441,5100,4827
2688,3020,1581,6221,1466
736,1744,4082,7028,955
5088,289,836,3025,473
5159,1801,3438,8112,5269
4777,6691,4661,7750
7969,294,4812,4213,7965
4744,1105,4570,7098,1084
5034,5845,5239,1784,1022
4550,3531,7595,2828,2905
5125,872,4588,6384,3284,2041,4542
3072,300,5207,2553,5402
873,303,3856,5208,2042
5217,3075,1317,1323,3516,443,5308
712,441,4684,2672,305,1689,7577
7979,5773,6065,5913,412,7325
4647,1968,6067,308,5720
6338,5603,5141
4059,4599
2434,6380,4143,8379,8061
7554,8873,5677,6768,311
2992,5425,314,4880
320,935,3411,2675,8821,4694,8760
6406,8872,1356,7733,6518,8311
4705,4482,363,7052,2062,472
3456,1418,365,5016,2203
2088,367,368,7417,5087
1065,4170,4720,5270,5273
817,6389,697,2715,3199
646,1067,3021,3184,4978
3204,814,5780,374,1436
2145,5827,5764
8640,5561,4669
5120,2292,382
2940,7853,6766
4579,6447,8339,6516,2997
5057,8651,6252,6461
3984,7270,397,5694
395,8220,1885,838
4234,5293,5521,7006,4927
5675,3675,2300,6470
8747,7575,7353,2298,7132
6050,3844,8457,426,2873
1701,7470,1302,5405,7486
1699,5284,619,4986,5437
8002,7685,7558,4469,5212
7170,6915,7299,7956,8831
4363,5742,8655,5618,4116
3141,5617,7922,3797,7512
5688,434,6354,3647
7201,6820,8357,1399
4225,3175,7281,3099,5117
4545,7876,8965,2834,6005
2019,549,5767,981,8121
2756,3183,7539,1588,2011
1584,977,4402,3861,2238
4906,6235,1932,5081,2235
5703,5234,3158,4891,2236
1296,850,1587,1108,956
1504,1614,8471
4514,1853
2385,4449,445
2354,1847
4134,5704,4776,3179,1274,5980
2787,845,4241,469,1722,1278
483,3397,2918,3313,2999,6263
509,4222
489,6675
1120,8034,2589
6588,4718
5730,7590,7019,1144,5852
4875,5148,496,532,3708
6341,4517,685,6450,507
6786,5950
5996,4006
4996,2123,2108,1965
788,503
737,2780
5573,6026,8941,8943,5690,8156,2782
1320,4665,4208
512,504,3663
7674,6979,3117,7623
8354,8252,2789
2731,8685,2965,5531,8733
524,1814,2967,4475,5532
5955,909,529,7479,4670
5920,7030,7534,8319
4741,2502,779,8656,6896,1053
5664,4613,4585,4760,5017,540
7395,7548,2027,3623
4836,3348,3388
4416,7108,8614,6639,5754,4127
5506,2120,2000,5329,8466,543
6880,3169,8139,2803,4407,2680
6116,4357,6474,569,1150
3192,6269,2550
3026,6827
6583,6954,8016,3287,3736
4739,589,4371,5971,4772,4317,88,2061
3782,4236,591,1688,4121
842,1935,4598,2811,829
7552,1608,1706,6128,1271
1126,5292,1391,595,5693
5447,7403,1101,2190,7455
5024,5991,6024,3449,3003,5023
6602,8396,5644,6139,8511
8903,8107,7089,632,5214
6019,7849,7568,7415,4925
635,4172,3557
2169,2265,5765
7330,4367,81,695,6777,2140,8764
6757,1957,2862,1262,7644
2241,4998,2671,1050,2844
4322,2124,3566,2742,3739
4077,3355,3090,857,7515
2106,644,1015,2490,1919
3783,2825,2255,9015,1721
6859,2491,7612,5181,7740
3393,645,2318,3472,8465
6340,6215,649,1646,6522
7904,5186,7813,6540,559
3874,8838,6345,4245,5468
3362,6670,4306,6651,5791
4966,6797,5974,8826,6940
7489,3681,5733,3561,4189
2284,3069,526,1967
6457,4383,6511
7298,653,7540,6647,6265,8062
3567,4275,8725,1110,8853,8790,5335
675,5543,1357,5941,5435,6620
4429,5134,4696,6393,8254,1631
7976,6287,1202,7700,3993
3081,6550,3479,7034,8284
1795,4556,7320,6201,3901
6631,7021,3437,5807,2422
7393,1157,4919,8442,4795
4258,8547,8049,698,2397
5601,2314,8332,1459,6487
773,5865,8138,7699,2708
7040,6088,7088,5202,8158
4909,5295,3541,2748,701
8962,5479,1427,8501,8474
6659,8008,6249,7050,4653,6702,2524
1028,3759,3122,4283,732
704,1019,3882,2587,1820
7360,1229,4436,7771,6398
2048,8902,1384,1623,8761
6692,2856,5142,7806,8607
3586,1668,709,7819,1840
7842,2723,2916,6764,7348
350,7337,750,8249,7100,7870,8639
6120,5635,4414,8422
3504,1450,7272
6080,7521,2818,2023,6152,5332
768,5784,5489,6039,3448
2660,4589,2769,1305,1501
5772,4622,3315,7412,6167
8932,1865,5263,5011,790,4223
1606,8265,2794,3154,8155
5050,6491,1772,8279
4003,804,7189,1223
7037,8730,4062,6014
8190,807
6752,7164
8776,812,5364,8342,3641
6946,810,1294,3252,3100
5005,4590,2575,5391,4277,7383
2661,1550,825,4187,4382
8385,3430,9002,6929,1592,3038
7233,6121,1068,3629,1595
832,4108,6392,3772,893
874,4754,2044,4861,1311
5155,6275,4904,3337,2765,5166,6837
7973,3594,916,7127,5500
4867,3526,8011,3888,1331
4352,8778,918,8575
8856,5709,8647
7362,6411,7469,8982,7704
6418,7507,7955,7162,8702
4965,4558,4689,920,4285
8024,5961
6721,923
4664,408,8615
2528,8230,1370,8851,4823,3418,8479
8360,5387,8948,5718,6782
1674,7276,7309,2510,4094
929,6436,5612,3279,6262
3301,5607,459,7887,946
1665,4995,1964,7053
1667,1542,7599,5074,1655,3964
6689,7996,2735,948,5847,860
5026,6695,7724,8271,7351,858,4989
848,3054,1718
7682,855,1831
853,1686,1687,953,954,4955
2850,6923,4044,4849,6359,6431
258,6021,7766,3927,5562
3625,3542,8570,2588,2269
3554,2626,7620,7982,7962
2499,7236,2554,4826,7931
2659,5797,4302,6556,958
2273,2983,404,2964,1598,4703
8041,965,2438
3443,5735
2728,6299,5581
7859,5542
5123,4420,3051,6609,7291
8587,8875,8496,7346,3634,1334,6745
5093,5862,8619,7471,2387
4354,8621,8079,6802,7420
6864,2901,8510
1408,4381
3342,3858,7635,6616,4601
7648,3716,7589,8678,6423
2968,7059,7821
8393,2615
3109,970,8394,8330,3771
2956,7728,2034,6710,3129
8386,1506,8454,1514,8085,5078,2655
5643,8880,8434,8534,7606
3810,6276,974,4733,7294
6466,4650,622,1806,8695,2619
7496,5417,4333,1843,983
4582,8807,2664,8400,9013,4569,990
7878,5448,6637,7343,8911,2302
2113,7266,4782,8590,6102,7897
3808,3299,5731,8198,8103,7500,5458,8244,7932
1329,7243,1059
3744,3615
6920,5001,6284,4943,3551
8649,4431,5935,8245,6425
6240,7141,4819,1493,5401
6089,6317,4847,4532,6687
4805,5431,4185,8827,3678
8257,8294,5778,4341,8060
3908,8458,2058,5450,1011
5986,2508,5902,6966,5049
3968,5442,8967,4205,8083
6369,4872,3952,1040,8539
6591,8865,6857,6183
7686,4591
5972,1405
2208,8914,6742,6655
8993,4397,5925
2283,8804,535
6117,6180,5629
1074,6619,6789
2186,5830,5151
8933,325,6760,5886,4631,6909,7390,3775
3876,7882,8715,5708,4304
8897,8042,6390,1078,7033
4331,7660,3441,6834,3702
8419,7689,3371,7663,2493
3140,3665,7634,7573,1535
6720,4674,5255,7467,7725
1089,7619,4780,4839
8707,8300,1900,5563,3960,1115,5724
8970,5354,5361,3039,3550,6335
7169,3209,8559,2384,5403,6366
3145,5097,9010,2837,2390
5794,3065,7850,6503
8698,6994,2563
3160,3270
6976,8836,3812,4014,3611
7414,3718,3375
1928,2445
3367,7193,7642,6206,4287
1923,6831,2608,3609,6621
4624,3216,8658,6324,8247
3843,7757,8022,7258,5887
802,7944,7881,6002,7292
7090,5686,3484,8542,5855
8929,6854,7241,6122,5750
5539,5994,7062,7927,3483
5665,2950,1561,6747,6459
3338,5510,7039
1984,7759
7009,1925,2953,7095,1818
5410,6947,6372,8046,1118
8291,5959,2989,6805,4183,1791
5473,8743,4552,5834,7253,4886
4477,1134
8197,7311
8497,5476
5578,6877,3727
6008,3978,2366
8064,4610,3524,8423,5066,4106,8879
3050,4364,5262
3233,7611
8389,1143
3585,8322,2433,5633,6098,7924,5622,4510
4323,6500,3273,8907,7443
4615,6135,8793,8573,5149
7096,1146,6926
5136,7837
4771,4196,8201,5642,5398
8901,1061,8842,8530,7641,8829,8830
8290,8998,6387,4947,1173
3684,5639,8977,2612,3421
1191,3881,4267,8109,2386
2121,5258,1198,6351,8376,8601
4480,2694,3400,4392,7693
6367,1414,8908,8716,5580,2071,6815
5825,5477,4616,5355,1205,3574,1210
4905,1154,8150
8521,1716
1216,5712,2757,1887
5380,4009,7950,4335,8752,7607,5470
3953,1221,3974
3795,3917,4199
135,3495,3592,6157,6873,3257
1225,7983,5334,7961,8794
4868,2161,6520,5849,5756
6568,14,6064,1937,2164,5593
5793,7681,8934,1227,7406,4282
3521,5065,6148
8328,6003,5884
4898,7459,4036,7636,8443,6015
1231,5745,2451,6685,3135
7366,7916,8972,8846,3827,3989,8153
4770,3628,1250
7794,7509,4030
5648,7187,5366,2488,1786,3997
8582,4747,5739,1518,7731,8439,5660
2883,5288,8499,4122,6045
1254,5869,5229,5490,2740
5444,6892,7597,7408,4312
2272,8390,3239,1422,8318
4384,7107,2667,3317,3738,1242,1277
8324,1298,3700,4024,7194,1755
5185,3939,3045,3144,8563,8728
1697,5673,2604,4144,8373,5788
3617,1285,8971,3979,5850,5917
417,6561,7079,3470,6047
7171,2090,4811,5933,4181
7083,7286,8470,1339,8159
2178,1286,4602,8403,1338
5408,6788,912,3346,6163,2299
5970,8172,1284,1898
8833,4786,8267,1300
8037,7269,5452,1882,3487
962,5700,7923,3288,4346
169,7179,6091,1332,6845
6085,74,3947,2125,1341,5215
5061,8553,3214,8659,8883,2463
8384,2889,7260,1376,2223,7216,5553,624,6972
4488,8881,7410,7457
5512,1481,1463
8896,1473,7321,7497,4377,5978,8924
4553,1643,2320,5873,5204,5112,8927
1474,4803,3401,5132,5522,5811
5594,8348,7061
5480,7781
5412,6149
8705,8194,1476,5289,3564,8309
6885,7111,1484,4663,5055
8834,6821,8808,1873,6749
5638,5130,1487,6965,4092
4963,5230,5880,6203,7071
4932,7845,4403,8535,1498,7518
5698,2153,5868,8817,818,8735
1511,4522,5163,3085,4529,8243
1762,6952,5449,5356,5582,5649,1529
1234,5859,8692,5759
2347,7211,1973,7142
8451,5381,4878,1233,4146
7264,5386,2546,9011,6867
1538,7855,8338,6680,6585
4992,6497,2696,3001,8123
6051,2833,6322,2870,2558
4255,2706,2775,3384,7903
1569,6403,7084,8633,3998
7301,6471,6634,6730,1562
6756,4551,8815,7665,5183
7840,3395,8234,6635,1003,1616,5426,4060
5640,7784,7609,3673,6649
5249,8195,6725,2568,6040
4738,2227,3860,2646,1567
6245,1575,6407,6894,3955
4500,3581,6559
3041,8627,4895
7232,1830,5257,2002,2747,4637
1604,4264,5837,5101,4600,4957
7072,6433,5922,8483,8622
2824,1612,4039
1945,8179,8453
3552,1097,3977,6986,6416,254
2754,5931,2647,1625,6396,2654
1640,8323,5670,8407
3281,4852,8301,8886
5282,8683,1807,8118,3103
6624,5921,7872,4165,5428
5761,2946,2373,1657,7451
6893,4251,940,1789
8712,689,7369,5453
4688,4592,1664,4221
6232,3538,3042,8191
4329,1610,4877,3666,5938,1531,1630
1683,8956,206,8895
5866,1787,5628
8152,8809,7140
2744,8986,4797
8854,3439
5281,1685
6001,7058,8388,4959
4112,585,7772,4327
6464,2449,8081,1080
1696,7651,7561,6187,1037,4956
8224,5570,1705,3153,3286,8415
6744,6667,6141
7468,6279
1733,8915,630,8278,5022
3201,7080,1163,8786,6617
8969,4273,8181,1752,4639
7719,7082,4139,2351,6841
5967,7312,7247,8637,670,4831
6534,4525,1776,7221,7167
4896,1793,5957,7815,5867,6735,8440,6813,6111
5729,484,6567,3016,1076,7289
6113,7553,1797,3120,8084,5597
1601,2692,8264,3190,3992
4860,1854
5368,7355
3842,4474
3436,1860
2184,8258,3909
4193,7044,6237,3686
6584,5915,7773
6496,7812,5031,1868,6903,5498,3037
3528,7801,6798
4257,7946,5671
8697,1869,4399
8404,6421,7326,8047
3740,5484
6105,8953
3138,8039,7991,7865,7871
8099,1874,7958,7255,3838
4824,4113,4732
6376,8823
8709,133,8556,6319,7984
1891,3172,4295,4456,5610
2578,3763,492
6769,8212,6462
7192,1893,6303
6664,8321,5973
8720,4324,8989
5753,1911
4249,8383
3280,7691,6443,7941
5256,8204,4125,5336
6310,4167,8810,6836,5303,3166
7328,2500,1324,5365,8599,5725
3105,1936,3185,2674,2738,4216
8137,4548,942
4177,8631
7913,5998
2532,6190,8604,3325,1950
5509,4846,7120,2705,6295
8593,4708,6862
7802,4293,5415
6144,1960,2822
8035,4999,3048,1972,6774
8930,5443,4386,165,3761,2714
6465,4227,1998
4657,8882
3188,7967,8606,2623
2875,6759
8236,2046
8276,7743
4930,4365
7776,7273,6446,7477,795
5121,2535,7177,6379,7282
2051,3460,6604,4560,7930
8003,8548,5989,5683,7739,5407
2052,7237,5445,4428,8525,3710
6216,6270,6038
5705,2074,6142
8513,1832,1833,2897,6654
7537,4195,7747,7130,6363,6140,2078,7375
2094,4212,1429,5246,7391
3970,8763,3892,8958
4099,8645,1734,5805,8561,4982
8672,8888
5536,2894
4857,4418,3540,2110
8898,5831,7434,7344,8667,5436
3306,3277
8520,7128
7268,8798
7240,3242,6079
6440,7380,2111
4802,8628,6070,2135,6362,7274,8652
2137,123,3846
6545,3282,7569,8438,7191,7226
7336,2799,6961,7283,2614,3415
7139,2156,7280,2355,184,6233
3360,6260,6405
2642,3253,7519
1411,8426,5707,6614,2525
8280,5393
8202,2167
5702,1447,748,8183,3803
4173,3254,5527,3035,3519
7492,7428,4042,7891,8884
5609,6706,2177
8352,3619
1635,7556,7536,3285,4246,8824
7333,8302,2194,7476,8026,8094
3904,7593,6736,6773,8605
8592,6771,2206
2977,4483
2258,5171,2212
5040,5068
5588,2806
3176,932
2252,2254
2274,6826,8909,237,1521,8019,6302
5577,2704,6356,8437,2367
1857,2279,7986,7862,479
2323,2813,6243,5287
8472,1769,2324,1038
6454,7530,2326
8850,3589
3171,6629
6432,1387
280,4492,8973,5575
8088,2689,5275,7513
3290,2338,5516,6103
5856,6049,5854,7102
1130,3379,6627
2344,8739,6963
1986,5063,2762,3853,8405,8602,2460,7151,2362
8449,4081,7954,657,7604,8214
8009,6242,7340
5305,4969,8708
4332,4972,2381
4968,7125,7856
6020,8711,4632,5530,4192,7652,2407,8370,8762
4809,7722,1167,5264,6610,1629,6750
2402,5099,3308
8768,2409,3756
4706,2122,8862
2418,3131,1325
8800,3973,7114,7437,1394,725,5147
4617,2702,4949,3958,2485
7947,4444,6648,4410,8380
5606,8584,8146,4756,2431
4160,6592,2444,5174,2583,6073
6548,4485,7734
0,2457
2352,2465,108,3597
2471,360,2996,8788,447
7386,6250,7883,2943
5613,4818,4085,454
8096,6699,5392,6803,7669,6905,6238
7629,6274,2882,4837
128,7703,2495
2503,8105,5932,8591,7159
2693,6542,3798,8381,6109
6334,2518,7646,8959
1042,3510
99,499
3305,7677,8310,7918
7431,6983,3352,8485,556,2547,1719,5820,6077
8288,4902,4396,8076,5710,1172,3831,7482,2557
4967,2600,1738,1170,8435,8852,5595,8286,7807
2469,5478,3146,6636,599,7551
2624,7043
4537,4922
8681,7195
7427,3174
6114,1160,6985,5482,6028,5495,344
7754,2635,5899,4724,8987,5372
3936,2340,2670,6811,8188
3553,2219,2669,6224,2971
6808,2699,8356,8205
3208,3649,1361,3816
8994,876,7638,3695
7817,8340,8516
8777,7145,8910
5760,3298,2727
6160,4652
6084,8663
2761,6551
7736,3600,1770
8364,6046,3263
7929,4716,2767
1219,3302,6184,553,4623
4516,3724,8848,7122,2809
8737,4478,4834,8781,7441,8885,3518
8746,5330,4501,4952,4089
4104,5098,4495,2831,3897
2242,1946,8877,9014
6800,2855,5518,6951
3826,6165,4023,3225,6012,1596
5792,7138,3503,7951,6458
7848,2860,6606,5552,5052
5497,2980,6623
5722,6612,7718
4994,2866,3828,7198,830
5890,5382,8557,5549,4698,2877
8588,3475,7988,3511,2941,5342
7875,6795,4175,8210,4473
8401,8292,5621,2949
8203,4783,7535,3093,3162
8710,7239,6196,5051,3004
6426,7229,7093,6899
8674,6452,8581,4022
7249,3850,7939,3011
2848,4742,8104,7246,5840,8595,3064,8701,8767
6917,3916,7032,3068,8222
465,5554,3698,8532,8668
7031,6724,8028
4701,8726,3111
6153,7818,8759,8476,7454
7458,4903,6222,7694,6716
7341,8334,7478,7803,8861
4512,7952,6043
8866,6970,4037
6587,3165,3910
4758,8343
8305,6251
7858,3196
5221,8240,3217,6904,4415
6681,195
3226,3294
4427,7117,3245,7666,7091,2196
5062,7016,5545,4685,4369
8997,5321,4041,5909,4991
7745,8067,7591,3694,5238,1403
8129,8232,3370,8527,4693
2102,4253,3374,8694
6280,8144,2256,5879,1368,4954
513,5122,5260,4054,7864,5627
4961,4939,3377,6074,7868,4990
5905,3650,7835,3215
7816,8374,6934,1199
5504,3398,8052,7710
5313,8515,3091
6507,3077,7447
8677,3468,7183,4565,8382
9004,3535,8431,7379,4117,7510,5053
3568,7673,4219
8456,4609,7706,6872
5018,3667,3604,6126
3403,7628,5781,4118
8411,5566,8051
3704,7168,5280
6528,7905,6790,3339,6772
5897,3755,1838,7764,8503,5658,8923
7789,9008,7472,8820,7124,3385
5347,2820,6887,2031,3059,6004
7490,7655,7371,8207,3765
5030,4074,6188,8270,3793,8469,2008
7300,8262,7949,8369,6166,799
6273,6818,6840,4016,2610,3768
5766,3821,4046,8111,8116,4027,8894,5883
5346,3814,7753,3991,5434
3780,7147,8213,5559,4984
6208,5358,7384,4058,7263
6913,2959,7831,7418,8893
8992,6848,3659,8399
7713,8519
3857,5406
5964,2893,5936,4472,3706
8452,4138,3884,7761,4401
6536,8238,6130,6997,2007,8603,2359
6844,8124,3886,4508,8926,3935
6936,7826,3920,5276
8802,8068,6566,3112,7113,3212,3259
6477,3923,7892,7737,4828,7357
7331,2350,4498,7925,2229,2429
8769,3971,5524,7413,7157,4439,4079
1798,3369,3982,2864,4691,2262,6391,6876,8127
3682,6982,3218,6428,7774
7769,6833
8306,6205
6349,6225,7672,3097,5819
6944,2309,4656,6835,7288
8579,6286,6544,2929,7220
7296,6305,6346,7566,7504
6048,3630,7314,7765,7581
7205,7756,4561,3477,6712
4000,4438,2745,7450,7707
5537,2733,5486,4791,6330
7462,6472,4020,1941,8185
3266,7203,2732,6674,8629,2617
4129,1571,2147,4814,6578,6676
2307,5223,4040,6311,8106,7989
7067,2924
4464,7893
8192,4070,6191
4141,2867,4084,2294,7223,3548,7804
1184,7054,8143,7632,6007,1307,4191
993,8626,4101,9006
7400,6283,4114,8242,5619,5881,3582
8748,4135
8946,6711
7010,2911
2404,7782,4137,7596,4115,6259
3616,7473,4279,5455
8048,4145,4340
6316,6060,5685,4182,4700
7975,2216,3057,8508,2879
6978,8585,8755,8115,7738
5350,6761,1358,8983,2425
6600,6355,6347,1991
729,4259,2412,2537
3473,980,284
4528,3785,4262
4298,8723,332
5770,8012,6990,5713,7377,6874
1490,3229,8502,5487
5672,8618,7749,6053
7570,2602,7869,4303
5114,2603,8775,7695
7175,7502,4307,5587,3635,7675
6852,8805,7210,7671,1816
3143,745,6603,4311,8314
1642,3692,1649,6200,7836
5637,6151,8913,6129,1940,8799
4673,7372,8918,4344,8671
2978,5768,4395,7885,8117
2083,3722,2539,4153,8154
6577,6298,5809,5429
6170,8307,4421
5680,4752,6911
6817,4710,7373,5102,6967,8887,6589
8432,4625,2514,6168,4635
1188,1796,8263,7057,4926
6912,4448,7136,5716,6653
4424,2541,8178,4596,8661,888,6236
7073,6830,5397,4790,5815,4604
3872,6375,5191,7465,6258,6579
5799,4607,2932,5654,6169,8351
8512,8260,6483,8636,6780,4636
8164,5990,8327,8268,8277,7126
6992,6313,6498,3248
8750,4648,6267,7854
7608,6211,5188,8087
7525,7846,998,7668,7541,7542,7549
452,3911,6640,6708,7894
7303,7464,6481,5404,2303
2858,4682,6701,2288,2363
4704,3520,8855,6296,7481
6785,6118,3272,5804,5848
7378,7727
3088,5960
3419,5460,4709
6984,7133,6574
7852,4893
3234,2722,7748,7529,7134
3865,5265
4713,8975
6282,7915,4717,6254,4019
7265,4866,4230,8489,5232
547,8564,6486,6424,4763
5377,6562,8706,5740,4722
7295,6919,6032,7517,5375
4800,8098,7483
6809,7614,7822
7545,7531,5550,8791,4729,4157
5344,3264,6344,8552,4844,4915,6682
7104,4676,8101,6538,1194,7152
7936,4290,6723,4855,5082
8128,5696,2247,5352,5776,7293
7841,8066,8617,9005,4889
2595,4936,5353,4271,6683
5131,4316,8839
6704,8966,2199
6776,4766,7197,4958
6217,7218,6515
5571,6213,4970,668,5438
1264,2313,7017,7206
8368,3913,400,5070
6323,8899
8660,5020
8036,8773,8772,5032,5839,2290
6172,5046
7055,4463
7487,8940,6445,4359
6767,572,8462,8495
8537,5091,8741
7014,7047,6057,5650,4563
6434,6851,1288,6955,5135
2976,3530,6733,7251,5466,987
5156,8166,8679,8494,7063
5216,6668,7285,8727,4413
8928,2786,8151,1944,7579
5241,6068,4983
4597,6731,5245
7633,2523,7653
6642,604,7231
8634,1653,5286
6728,8770,3356
8889,3018,6597,6713
5993,8917,5385
8874,6011,8751
3715,678,3303,6662,6289,3573,5432,7935
6850,8371,2580,5785,637
5984,7425,1554,7154,8347
1849,515,5439
8650,6029
7526,2378,4499,8981,8283,8700,5502
6179,8550,7565,5647,4310,7319,3193
6563,3491,2543
8841,5667,4292
7779,2149,3178,7404,7790,3696,6325,5719,8251
8549,6793,8492,4921,6558
6328,6467
5736,2895
4376,2339,6973
5457,5748,8429
7834,8796,6231
8217,763,7901,5775
5790,8165,6729,7899,8366,7805,6062
5817,7026,6732
3489,6539
5898,7116
8325,6409,2573,6514,6291,8180
8289,8713,8555,2639,1072,4497,2716,5823
3013,7948,3148,8922,7358
7013,7643,4581
4169,8722,7318
6018,5892,6855
7397,5508,5901
7480,6093,7350,3319,1176
7209,6828,8780,5906,6998
2276,6661,8070,5907,2517,7770,7419
1536,5474,3657,8043,8075,2334
8163,5297,8950,5911,2012
5928,2796,7942
7075,8572,7213
3689,8754,5946
8227,7150
4645,8648,1805,8365,1136,2096
8486,5968,4979,6044,8287
8296,8753,5995,6524
6626,6531,6061,8623,8182
6107,5546,6607,7762,5047,6715
6437,8487,6162,786,5043,5715,6292,5115,8223
4198,6672,6228,6709,5592,6174
5072,7664,5786,4348
2530,6119,6853,6791
7499,5395,5605,8007
2080,4034,1058,1007
4466,4388
1088,6941
6248,5002,5267,4111
7186,3603,2909,7367
1730,7042,5810,8947,6490
8787,6293,2222,8215
6650,4459,6860,7511
6953,7370,7602,8372,1589,8792
8120,1122,8847
3427,7475,7020
7889,1314,7097,7029
7081,5493,7832,4091,3871
3840,8001,8976,3378,8054
3450,4658,7993,7833,7322
7430,1266,4148,4506,7933
8523,3164,7087,7123,1660
4224,5441,4097,5583,4052
7824,7890,8771,7494
3818,2606,8335,3792,4338
6278,7720,7433,7662,8030
6594,3925,7495
6124,6326
7493,7622,7217,6930,6290
7076,8134,5864,1256,3533,3507,2014
7667,7396,3894,1759
6081,274,8148,8703
1825,3539,4764,1093
7793,317,8078,8774
7971,2631,5454,8015,8092,8638
8843,6508,8045,3247,5535
8642,2056,8460,8282,2399
6882,5103,7023,1878,3132
8979,5060,6599
519,8461,8231
1251,8868,8643
8938,8468
