5646,3093,6683,4637,8733,1053,2595,7718,6184,7731,4148,7734,8760,5690,3132,5181,572,7745,3139,4696,8801,6243,1130,2667,2675,3193,6270,8839,2704,4758,5276,2716,5282,6826,1194,2733,6319,6334,8385,2242,6859,2258,5335,6369,1762,1251,3302,6375,8426,2796,6893,2284,5364,3322,4861,7422,4872,7434,4880,8465,3865,4384,3872,8994,1830,9002,1326,6450,3379,1334,2359,7480,6973,3904,1865,6986,332,6483,3944,7017,876,8064,4485,6538,6026,4505,940,5549,8623,6064,8628,6070,7612,1986,3548,3038,4575,3069
6024,1037,3470,1807,4115,1429,1176,3738,7067,5668,4267,7724,8109,8879,4271,5426,6579,4279,7479,7097,5047,4670,6848,7107,8778,2378,3148,2893,5965,8012,1616,2765,5204,4694,8156,4060,6367,5344,8806,5991,8807,3689,748,6511,624,5873,7152,4983,4472,6398
5381,7942,5125,5768,6282,8075,526,3088,3091,8212,8982,8342,3103,3616,935,1320,7465,2983,7854,7727,8495,4783,3248,3763,4542,7872,320,3264,7747,4165,8902,3144,3657,4563,4439,8803,2149,7142,1384,6761,5486,5103,1264,7026,8051,1266,2034,8182,254,5759
3586,8067,8709,8968,7561,6157,6798,5392,4627,6165,8986,4257,1314,5026,6437,5925,7596,1967,8754,8118,4407,4153,3001,4797,5698,4292,7626,6093,5455,8400,5457,6992,6486,8152,604,5470,4834,1122,8048,753,6642,6131,5619,7669,1653,8183,888,2290,6522,763
6786,387,2313,5770,4747,400,5650,1298,5660,7326,8357,4262,7591,8489,3370,7213,7344,7351,5688,3641,8251,5950,7104,8898,5831,6344,5323,8527,7380,6228,1878,5588,1242,7771,8668,3552,4195,7913,4844,8941,4588,8943,8047,8953,2806,8439,6905,3706,4094,4607
2438,8203,5387,6411,4878,5649,6421,8983,920,7704,284,7075,7979,8750,4528,6323,4915,4665,5436,7869,7360,5313,2883,8899,6600,3785,8776,8780,4558,1358,5070,2002,3411,8660,5718,6105,8537,4703,3299,7268,3176,8552,2539,2412,7915,4335,3696,7666,6258,3698
3592,8847,8979,2071,6296,4377,8855,7323,3740,6045,4766,8735,5913,7457,6815,417,4517,6566,3621,7849,6699,6187,8111,5938,7988,1589,7093,8117,7481,5817,8123,3520,1473,2882,8896,6985,8661,8790,8792,987,8674,1635,7781,8678,1646,7023,8087,7410,2680,5500
5637,6279,6667,6795,4497,4498,7832,6936,795,6428,3871,2976,547,8868,553,685,8881,818,7732,6839,1463,8762,8637,1219,7363,6597,325,5959,7497,7370,8906,7247,7889,7251,8917,8791,5720,7769,4569,5342,3169,8802,8933,4198,7783,8938,5355,8940,7282,7924
4352,5380,2309,4488,7946,5262,3472,8849,8081,6292,3223,3097,6426,1307,4510,5024,8236,7600,6833,1205,7607,8376,5819,7229,6205,2495,1610,8779,6474,4046,3920,6225,344,6873,5978,7772,8804,998,6760,6633,7528,4713,8556,8431,6640,7029,3574,8697,8958,2303
6658,1411,8324,4610,3462,902,8712,5897,2571,7307,5263,8723,4117,3480,6424,5658,4251,5530,4122,1311,6176,8748,1838,689,6141,7992,8130,4163,5699,8643,1738,2891,4299,8017,4436,4824,2525,6882,3427,5731,2153,1003,492,3695,8692,5493,630,3319,4221,4223
6528,4360,6793,5257,1288,8588,1042,2710,1946,8351,8483,8360,4904,3626,2347,8618,7469,8622,6065,8242,5554,6709,3510,4921,6330,7740,4925,6979,5063,2121,6347,5580,2510,4689,8405,4565,2906,6874,7646,99,4581,8039,7400,8683,7151,499,5624,4732,7933,6142
8706,899,2830,8981,150,2711,7064,5022,4383,6053,8103,3755,8368,2740,5685,7991,1467,8765,8382,1727,7871,3138,6851,6982,7500,6990,8271,3153,8539,8923,7776,7010,868,7652,7526,8423,7014,8041,8555,5740,3694,2286,6895,8946,4212,8564,5238,8312,8700,5375
4480,4230,3974,4492,7565,7309,5647,7319,8730,6179,678,5799,5288,6190,942,6014,8631,2367,2111,4548,6216,5577,8137,3277,4177,6356,4310,5592,3325,7128,8667,6491,479,6752,2532,8550,2279,7527,3306,7276,5998,5487,6254,2932,8948,8190,7164,7037,6782,7935
8192,5377,7042,7171,6020,8322,8194,4364,4365,4877,404,4632,6944,8737,1696,5804,3245,6191,7473,7091,8116,8885,3257,8763,5053,5825,5188,8775,1481,8265,4427,8908,8781,6349,7758,7510,8278,6490,7774,7651,6116,6118,2283,8303,4464,8178,8950,7672,6269,8446
7809,6790,2694,5128,6409,3339,7693,5773,7695,5906,5654,7447,5020,4259,4900,37,5672,3881,7209,3117,7865,447,1857,1346,7749,7623,1991,6858,7116,7885,1874,1490,6355,858,734,8032,5347,3557,360,872,2537,5612,4078,2031,5490,8180,6262,7415,8185,4989
3840,0,1536,1540,1668,8702,6154,5393,1940,6293,8857,7194,8222,7201,4003,8871,2728,6313,8362,3378,8499,8505,3647,576,7232,4800,5444,8390,1097,4169,4172,6354,8787,8532,7255,8541,8290,3178,5356,6765,6892,4592,7408,6771,8821,8054,8823,8829,8830,5119
3077,6153,7818,5901,8722,6418,2167,8476,8605,7454,3229,5922,7206,3242,2989,7986,4019,5428,7862,8759,8255,4676,6341,2247,5191,5449,5837,1229,3917,5713,3795,8411,3296,2404,8037,7397,8038,5350,6507,5739,5229,8043,6767,3952,5232,3059,4980,7031,6267,8572
7817,8202,3466,5244,5139,8340,7958,6682,8603,3100,3487,6433,8099,6820,3493,1061,2471,7593,6572,8238,4017,6325,3382,7223,6710,8761,8259,8516,1989,6855,5452,8910,6736,7507,6998,6232,3288,1882,7641,729,4067,7269,3430,6376,3700,8437,1017,7804,1789,8318
3970,8068,135,5512,8468,8348,2334,5671,559,4145,5810,8244,6708,1210,7117,7130,6363,8924,2012,1506,5868,7537,2803,8947,6899
6917,8454,5643,6540,8085,6434,8880,7606,2875,8386,3524,6217,974,7375,8534,5078,2655,3810,1514,8434,3188,4340,6140,4733,7294
2433,3971,8198,3850,6539,8715,7566,4112,7441,5265,7443,4631,5149,8606,8993,3495,1191,4009,3884,6574,4656,3634,6835,6452,569,4157,1598,3518,7488,1606,3273,6346,8139,8905,7249,2135,8026,8028,7390,4958,5859,6500,4323,4329,7786,7531,7150,2929,7545,1531
2820,7815,3208,8972,8461,7696,1941,7190,3864,8095,5280,5537,4896,1697,8356,7462,2606,1455,5040,3765,4791,4024,7994,8252,3649,7490,5185,4039,6472,3913,6735,3792,8404,6997,2007,4440,7259,484,2789,7910,7655,3818,7404,8685,7790,4463,6896,5616,6130,3321
5760,5633,4101,5242,519,1160,140,6161,3218,8215,6047,6561,8227,7846,2727,4137,7978,3498,9006,8626,8756,3511,7737,4027,4290,1730,6340,6215,3272,8777,4938,3911,6860,4815,8784,6481,7894,7511,5464,5082,993,3298,5220,4459,3820,7668,5877,2425,6650,7549
3585,3715,8579,7303,5898,6286,7951,6544,2449,786,7063,7197,8223,1184,8739,8487,5032,4141,6963,4023,2744,1080,1596,6464,452,8772,8773,4295,8652,8143,7632,5839,5715,8276,7893,5466,7138,5474,8036,4070,8679,8166,2924,8306,3826,4084,7801,5115,6012,7550
3329,5639,8842,7822,7055,8592,8977,6162,3474,2196,4373,2454,412,5404,2078,8355,7717,2342,8998,4647,8367,1970,5046,7483,7614,3775,4552,7752,2252,3068,3406,4947,4183,7257,3162,3421,8291,8932,8167,6759,6381,1774,7796,6007,7032,2041,4091,380,5246,1791
8708,4357,6276,657,7954,8210,5141,8214,8726,7321,8345,8987,5158,7079,7340,5166,7983,7856,5550,7218,5305,6716,2429,7743,7875,1221,8904,8009,2635,2381,2254,4303,7504,6739,7125,5334,4181,8280,6745,8793,4327,7016,4969,4972,4332,2288,4081,6133,4729,2173
8448,4483,6661,8070,4999,4359,5765,8710,7688,8976,8724,1173,7833,7322,2331,2169,6308,7081,8751,4913,4658,3123,1972,2612,6196,7092,2482,8889,5051,3004,6907,8001,7239,3018,8653,5841,7508,2265,864,2016,8035,3684,7011,5993,7535,6129,6387,6137,3450,635
7296,7297,4868,3593,3214,5775,4369,1683,8217,5628,8094,2463,5936,4529,8883,6068,4403,2229,1341,8895,3780,5061,6085,4932,74,4682,2125,4685,2127,4175,8659,2132,4437,8916,8535,1498,4828,7901,7518,5215,8424,8553,4841,3947,8809,6901,2550,5241,8956,1150
1538,8451,1414,7047,5386,8716,8338,2964,6680,4376,6298,4893,2722,2339,3234,3491,6440,5928,7855,6577,5809,9011,4146,1973,5429,8769,7748,3916,6732,7633,1234,6867,7378,5460,7895,7133,7134,7264,7779,7653,7529,5484,2543,3953,2546,7157,7413,7674,7932,5245
4742,8077,1040,6169,6302,670,2206,2977,8224,6183,2216,4648,8874,6061,6446,4143,2992,7472,8758,4663,7608,6713,3385,8508,6591,5055,6211,8774,6857,7246,8144,5328,8019,2517,6741,1623,3419,4831,2274,2276,5221,7789,7793,3057,5107,8820,6773,6774,7923,6526
7424,4866,5893,8973,8846,1170,7827,3475,3989,8341,8601,3489,4770,6695,4264,6570,4395,3628,2094,7598,175,434,3637,1718,5050,2747,8254,1604,4424,8520,3659,5195,715,5595,8798,3939,3045,5101,3054,4717,5869,8435,8563,8310,1399,4600,7162,1147,2941,7807
8834,6019,7686,2056,8843,8460,3217,3219,7451,8092,1405,7971,8741,5287,4135,6316,3247,8240,9008,8370,6711,314,8638,4415,2879,8642,5060,2631,7111,5454,8015,8914,5972,7764,7767,8282,7770,6749,2399,2278,2535,8808,6508,8045,7916,6643,7419,4092,2813,6655
8705,7433,3085,144,7826,6035,8856,7961,6809,6808,7325,6305,6178,3876,7205,8231,5163,556,6827,2350,3883,8752,3892,5557,4020,1719,8891,5820,6338,3011,1476,1348,8647,6984,8907,6479,2386,7762,8149,7765,8920,5849,7905,7398,4473,7536,1526,6520,8825,4991
4992,8066,6403,5766,2696,6922,5776,2833,2706,7955,7314,5397,5911,3225,4889,7967,7841,7331,6051,7848,8617,3112,7084,4399,7602,7475,8372,2870,5815,5432,8120,3384,7357,8894,8128,68,3528,6730,6477,1869,3923,6236,6497,8163,5352,3821,2541,3573,7544,2558
8323,6533,5894,6149,3724,8717,8848,3473,4754,7061,3356,1821,7840,34,5670,5286,8232,1447,8234,295,2477,8886,8503,8634,8384,3395,5702,6728,2889,6731,7122,7891,980,6614,3803,7260,8927,6498,6114,7782,6635,6251,8301,1643,237,8305,8690,6385,5112,8569
7682,7556,8966,5258,7054,1422,6933,7189,2199,280,6554,1824,929,6946,804,932,7334,3239,2344,1832,7845,4521,4392,4654,1198,6704,3252,6585,6075,6079,7618,4936,7883,5707,6351,855,8922,4316,8926,3682,7013,1254,5353,6250,7277,4593,8056,5369,5114,5886
2689,3716,645,8327,5131,2956,5516,2318,7948,7568,5135,7570,4113,6416,6423,8088,7839,5921,7715,6057,5931,6828,7597,7728,6396,8502,2491,8636,3393,7362,8513,2754,6599,5705,465,8788,8277,4312,7513,7386,1625,4957,6624,5990,5224,5996,6384,1521,504,6780
513,5122,2051,8452,6785,5505,8575,6280,3976,7172,5260,8078,5009,2323,6803,1685,3095,6823,1961,2858,5425,8243,7220,7476,6712,7864,3778,5827,4298,7754,2256,4560,1368,4952,4954,4956,8034,4599,4709,5480,7273,5482,6379,7407,5879,3192,8441,5627,1662,7167
7936,5134,8335,3857,8852,6549,6038,8728,5788,3997,5406,8992,8101,7207,2600,6955,4144,8373,9014,2488,6715,4030,962,6723,7366,2375,7369,4429,8399,1361,3538,1233,7509,7638,4693,5594,8284,7388,1631,7393,3042,5477,7145,6128,7794,6259,4855,4346,8191,8959
5632,8581,8325,7304,4618,7694,3477,790,7446,3358,6560,5152,7074,8996,8997,5156,9000,7464,6954,4138,8239,308,1078,6583,1977,5946,7867,4802,8004,8388,5321,7882,7756,5325,3287,6362,8794,4058,6365,4704,5603,4199,5866,2794,8302,4079,1909,6390,2934,3711
4478,5253,6028,2573,5909,1558,3736,7707,5918,3365,5545,8746,1836,7349,3644,1469,8897,4930,4041,1225,5708,6733,206,8016,7761,5330,4304,3026,6226,5848,4059,8155,6880,1891,3172,6244,3814,5735,4456,6371,8554,8688,2161,8050,4724,2296,4089,5756,2046,8447
8832,128,6274,3459,6275,4867,3337,3594,2451,916,4630,7703,6685,8096,4898,5155,7459,7973,7458,4903,3111,42,3888,1331,6837,3642,7999,7616,3135,4036,6724,3526,6727,5575,8011,7629,6222,1231,7636,7127,4701,6238,8549,4837,5744,5745,7024,8443,2814,6015
7939,5513,4233,8587,5524,8853,7960,6299,6942,5792,4000,8875,4524,1709,4911,7346,4275,6067,3890,3129,965,5062,1353,5066,2128,3154,2387,7892,3028,1110,6870,3285,4946,3164,3808,2664,8042,7274,3950,8174,3824,6514,7411,3443,8309,8568,7033,1660,8189,5630
3072,6401,6018,2827,6031,4368,3856,7318,5402,5275,1914,4767,8226,2083,2724,810,300,6958,303,2996,7350,6968,6207,4806,4425,8397,3022,3284,7126,6103,3290,8154,5857,5090,6627,8164,7265,4218,7271,2666,1772,1518,7409,1778,2293,2294,8565,1657,2042,2559
6913,6146,4871,3464,7690,8464,6928,2194,7573,918,5655,5013,7831,1439,1443,5412,4133,5542,7078,6394,4522,7984,6834,4022,7101,7364,7799,4680,6220,5581,4817,7634,8789,5209,6878,3942,6374,4457,5610,4331,7657,2927,3312,4726,2039,3702,7161,3578,5372,5495
7813,8838,6663,6284,6670,8975,7058,4245,8725,6940,4636,5791,3744,4641,3362,3874,1059,3615,9013,8504,5435,8893,959,5312,5186,6980,5448,6345,7243,2508,7755,8268,4306,5458,6102,5975,4185,5468,990,7904,7141,4582,1511,5226,6637,3439,3441,7925,3449,6651
7554,5890,5764,2434,5638,6531,6534,5130,7312,8595,4499,5535,2848,8865,6821,7975,8104,8873,6952,4391,6060,5677,1917,7221,6965,311,3064,8379,8767,5967,5840,1487,7377,7124,6742,2911,2145,6626,4578,6625,6885,8169,6380,8061,4591,6768,1525,6904,1529,8701
6278,7431,8,3468,14,8207,7183,1937,5779,2965,1814,3352,4508,7455,8354,2212,7720,6568,1706,5419,1452,1076,5301,4150,1461,6842,8124,6844,5566,7289,6594,8515,1608,6607,6615,5719,8030,3935,6111,8677,6887,5867,8813,7662,8818,4338,6004,1271,3704,6393
1408,4354,8841,8330,5001,6797,4752,3858,7059,8854,6170,2074,7834,4381,5281,6563,5667,8619,8621,3630,7471,5680,1329,3259,8510,7489,4421,970,4943,6864,2897,7635,5974,6231,8796,7391,3551,4959,7525,8429,6001,8307,5748,7541,7542,1011,8826,7420,6654,6911
1921,5249,6022,2568,5497,2570,3722,5640,1933,1934,4623,8462,8343,6040,8477,4516,2980,2474,6649,2223,7216,5553,7858,5299,1717,7609,6972,3269,2759,8519,199,8909,3196,1237,3673,8153,1376,2273,227,5091,7784,2922,874,4976,4597,3317,2809,2044,3838,6399
8201,5642,5644,6926,5136,529,6672,6291,3991,7837,6174,5023,5920,7073,6180,6953,8107,4397,6830,4401,2867,4790,7096,5434,2623,5696,8511,5955,8903,3400,7753,6602,7371,8396,3535,7379,6619,4191,5346,4196,6117,3564,4984,5622,6135,632,8573,6139,4604,5629
2048,8582,7430,7819,8590,398,2959,6929,2578,5011,5142,7192,4506,6303,8607,7842,2723,675,6692,5543,2856,5546,1068,3629,4782,7343,7087,7348,5941,1592,6462,7233,2113,7878,8523,1357,8911,8530,7123,7897,6620,7266,1893,6121,7806,6764,3567,6769,5883,2302
640,8576,643,8197,3461,8711,4616,4246,4886,1434,4763,156,7709,6172,8736,8098,4515,2467,5420,7468,8497,5297,438,6456,2105,7288,7487,4673,8901,1733,8133,5834,3530,7372,8913,8915,7253,8918,6744,8671,8799,5473,8033,5476,1134,8444,8824,3836,4477,7423
5892,3589,7563,4748,1294,3728,8850,7448,1693,6432,8609,6049,2978,807,1833,812,6194,1724,7358,2240,8512,3523,8260,3013,454,6605,4818,3286,5207,5208,1495,2647,7643,1630,4062,5854,2272,3171,4453,6629,8937,873,1387,5613,4973,244,4085,2553,5755,2943
5761,4738,5891,4740,8071,3977,4106,6669,6931,8596,3860,7069,2077,1566,1567,3233,5502,8478,6181,3878,5164,7215,1586,2227,565,2233,1850,7611,8129,709,6725,8389,4678,2885,8783,1750,2646,8283,5853,222,4320,3050,4461,2158,3314,6134,1143,376,1403,8574
8449,2561,5899,7821,3342,2831,4501,8086,2968,3224,7450,7712,7587,7589,3501,8494,5037,8496,3889,7604,5943,3897,5947,4667,4543,3656,585,8393,5964,5709,8912,6097,3666,6738,6609,2775,7648,6242,8419,7908,2024,4968,8297,3051,7660,7663,8175,8817,7418,1535
7552,7553,1793,4741,7432,6536,779,524,8205,2957,6673,1811,6548,2967,2457,5017,5531,5532,6813,5533,1952,1955,7976,169,2731,3886,3120,5168,5693,6077,5957,6983,3016,1101,8656,8402,5843,3925,3671,5593,5729,1126,7403,6124,1391,2547,4475,8822,4215,2683
1795,1157,1285,3081,2314,3979,8332,8971,6287,5648,7700,6550,3479,7320,3993,1786,5917,3617,4258,7713,5673,2604,5807,1202,1459,4919,6201,698,4795,3901,7034,7622,4556,6487,5850,6107,2397,8286,1250,8547,6631,4967,3437,7021,3568,8049,2422,5366,7673,8442
5376,4994,7298,8195,267,4108,653,4504,4124,7198,1568,2210,2084,3238,4520,1840,2866,5812,6457,1595,3772,830,2750,832,841,2505,844,3577,846,3791,466,6612,2520,5722,4188,1373,4572,6623,4321,2916,2921,6890,3187,3828,7540,4087,6392,6265,893,8062
8704,7937,5123,133,7689,7051,4495,3731,7829,8470,22,7838,7333,3109,2472,5289,2090,7083,3371,6701,5933,7859,58,3771,2364,6717,2493,4420,6468,4808,5193,4811,5324,7291,7902,3425,8161,5862,3688,5098,1516,7917,6638,7532,6646,7286,7928,1146,1787,5116
6919,6151,8719,6032,6802,4892,6562,5924,7338,6575,1968,3639,6458,7866,5706,1117,7517,8159,5093,2407,3825,4722,4344,4602,7295
2178,1286,4104,7305,8079,3357,2475,2868,2745,1338,1339,1980,3140,1740,1741,1742,5071,3665,2771,8403,2901,6616,3292,2783,4601
2177,7428,6789,4615,2186,5132,2320,5522,5398,535,5527,5151,8352,6048,2082,3619,4771,4393,1074,5811,8884,4531,3254,6706,2363,3519,7231,3007,1474,8770,7492,4803,5830,3401,4042,4553,4173,3662,3281,6098,3035,7140,1640,5609,4852,1140,4086,6647,2045,3454
7301,6662,3212,909,6289,8213,1562,3998,4255,1569,2860,9005,7726,3503,5552,7089,6322,5043,5559,8633,3003,5052,4285,5183,6208,4551,6471,7113,6606,4561,4438,7384,5214,7903,7263,6756,4965,3303,6634,7147,7020,5358,8815,7534,7665,4596,8053,7030,7293,8319
5385,3978,4875,7311,3727,5880,1682,5907,532,6805,6008,5148,7452,2589,7071,3751,8743,6445,4525,1072,8500,7993,6203,6588,190,2366,5578,1484,5582,2639,1873,5459,5852,6877,3934,1120,8289,5730,4963,4071,8551,3048,7019,4718,5230,496,4343,1144,6011,3708
7168,6017,2946,8453,2824,5129,6283,3853,5518,6800,4114,1945,8602,1277,2460,6558,2591,7072,2208,6951,2855,7211,8492,8877,8363,5548,3127,6328,2362,7102,6467,2373,2762,1612,2895,2518,2523,94,98,5736,3305,7918,3827,6772,8179,5881,251,7677,3582,2687
512,3713,4996,4229,2436,2188,7950,271,273,5137,788,7578,7583,4643,4006,2602,1965,1713,4539,2108,5573,5318,1223,7240,6909,1994,2123,3663,4049,5586,3669,6871,3032,1755,2780,2782,5089,737,2914,490,491,4076,4208,4339,2804,503,507,4605,4606,895
4737,2053,3721,1676,1548,2962,2067,3987,2585,1435,1052,4379,3227,2338,1576,2218,2603,430,3760,2225,694,3383,2107,2109,2237,2251,3279,848,4050,2644,853,217,477,2654,863,5856,7649,4451,2917,2919,871,5481,235,366,370,4595,6898,2421,1142,5363
1025,1155,5509,4869,3719,4103,262,1674,1543,5519,5008,2065,1681,2705,3222,6295,8604,2973,1950,1438,1564,3108,6436,7592,2221,951,3005,706,2371,2372,2118,3788,4942,7120,4945,593,1747,97,4707,740,6501,1767,2793,4843,4204,3565,4846,4974,5878,2679
7681,6148,1797,4613,8328,7179,2699,2316,2190,6930,6290,8084,7187,4760,540,2461,5664,5793,8485,6567,5292,7217,5171,1332,6326,4282,4284,6845,3521,5700,7493,2502,7495,5447,5065,1227,5068,6091,595,5597,6113,5601,8934,3816,4585,7406,6003,2164,8440,5884
3968,8967,6920,649,2058,8458,5902,5778,8083,4248,5401,6425,7581,6687,6317,5935,4532,8245,6966,5431,2615,5049,8257,5442,3908,4805,6089,5450,8394,8649,8142,4431,4819,1493,4189,3678,6240,3681,5986,5733,8294,4966,3561,4205,4847,6515,4341,6776,8827,8060
5120,5121,3460,5382,8713,7177,8585,6665,4990,160,7590,1705,7852,7853,5678,3377,8115,8755,7477,5561,7738,6074,7868,4669,2877,5823,8640,6978,5570,5960,4939,6604,8141,4054,4182,4698,4700,8415,4192,4961,7523,8557,6766,1776,2292,5111,3832,7930,2940,382
1664,6027,6677,1686,1687,2462,1831,424,4394,5423,6192,2226,2995,6198,953,954,4026,3898,1852,8126,1215,3776,3010,2629,2630,5829,8392,2377,583,5064,5453,8526,2512,4688,3413,2773,1365,3801,5339,4955,3933,1374,8544,1381,869,495,4853,117,5626,4350
2691,7044,1418,4236,6668,1038,6160,7572,2326,8598,1816,791,7835,4772,6948,3369,7210,1323,8364,1325,5932,8366,7341,8753,8374,2102,3650,4674,6852,2122,6603,3146,459,7546,599,88,4311,350,4193,7521,612,8805,5478,6636,3308,6894,881,6518,7671,8314,7803
4224,4097,1154,4227,8580,1667,7175,3215,5270,7065,6681,8861,8989,5407,5408,4386,8866,165,8872,4905,5675,7725,4657,5683,181,4922,7739,8127,2624,6720,8003,5443,195,6213,5571,8521,1998,6862,7376,8401,7502,5973,8150,6750,3936,8930,8292,3686,8296,4970,7285
1152,3331,6788,2949,1798,6406,2829,5264,5521,6674,5117,3346,8720,5016,5273,8472,5915,2714,6559,4129,292,2340,1317,1065,5802,4011,2732,2864,4534,5438,3263,3266,8771,4809,4170,4428,5583,6610,4307,3798,3834,5471,6245,3175,745,1770,5621,8311,7802,2299,3581
768,7040,2818,7043,773,6152,4234,782,8334,3600,5905,912,6163,1300,2708,8727,7579,6043,4253,7195,7722,7467,5295,7088,1199,4786,8627,7478,2748,4927,6080,7619,7494,6088,8267,5202,4052,3541,8151,5080,8158,8928,3041,5989,2023,5865,3433,4589,4986,3710,7551
3456,8833,1284,7812,6542,1167,6676,5781,6934,5784,7706,6811,1692,2203,8862,2845,7203,2469,6311,4653,6702,3761,6578,3635,8629,7736,2617,6970,7100,8381,3398,3403,7628,7887,5074,4691,5587,2262,8663,1757,7006,7773,2147,2409,1898,8188,7159,3448,761,7675,3964
8321,4482,7427,6916,3846,5255,7816,7824,5753,7952,1427,1302,6039,1944,8474,7710,4512,5031,4780,7470,4413,8383,5441,1089,3654,6470,8138,1868,2767,5970,5332,2137,3037,1501,6496,5216,4705,2786,4324,8931,8681,5099,8172,7919,2162,3315,8052,3955,1911,7929,123
5504,4225,3075,2307,2693,7691,7052,3982,2834,4371,7699,3734,4503,6551,2328,6167,6391,3099,1305,1571,8105,8747,3756,6584,7354,443,7996,5308,6465,6084,2761,6224,5712,3280,3545,6876,1629,5087,5217,4706,3553,2660,3301,5223,5096,1513,368,2418,1655,7417,6906
4609,6659,2692,5507,6407,8456,2184,7050,8844,7439,8593,7315,3604,4500,4118,3992,5018,1820,5790,4895,1960,6062,3759,7355,4283,1212,1854,1601,8258,4293,8264,6729,8008,3667,6100,6872,7899,732,2524,3423,4708,8165,6249,3436,6126,7281,3190,5368,4474,4860,7805
6144,1665,4995,1028,8965,1542,2822,5767,6664,2061,2062,5653,8471,1689,2587,30,1823,1186,937,8106,3882,1964,4652,2735,305,3122,1716,7989,8121,5310,4545,7876,2757,2503,2248,4935,5971,981,6109,4317,1887,1889,2019,5607,363,365,2670,367,2669,6005,1019
8962,5635,3335,8457,8204,4622,8974,7575,4249,7966,6046,6050,1699,7337,426,6443,4909,5293,3504,8882,7733,8501,4406,4537,8249,2873,701,7870,5437,4414,8639,7486,63,8768,4037,7890,5336,3675,7132,6237,2402,3174,5479,7272,6120,4839,750,5489,6903,5498,2300
4739,265,7053,8591,2327,7577,3226,2971,7836,1694,6689,1827,549,5415,1579,3115,3374,5424,946,948,3126,3896,6200,441,3516,704,1216,3143,712,4684,589,4814,1356,978,218,2011,3931,3420,3294,1246,1642,5995,236,3692,2672,6641,1649,1781,8694,247,6524
3842,3204,2052,646,1671,392,1545,2567,1677,5780,2715,1436,2205,6309,2088,938,1067,814,7599,817,1588,697,3131,828,1860,3909,2756,7237,4040,5445,3021,8525,3283,5847,1240,472,860,1248,1377,355,8548,5095,3183,3184,4720,4978,7539,6389,374,5367,3199
1932,1935,2324,3861,3607,1688,4121,4891,1565,1829,2087,1834,4906,1584,4402,1587,1918,6454,1847,2235,2236,829,2238,445,3782,5703,3142,6726,842,1614,591,977,1235,2645,3158,3928,5081,2778,6235,4318,862,1769,7530,241,4210,3186,5234,4598,502,2811,510
6657,7170,6915,7299,7555,7558,7685,7941,3844,5256,4363,5772,1296,4116,7956,4125,5405,6307,5284,1701,1575,3753,1450,51,4788,7353,6587,8002,3141,3910,2766,8655,2129,2769,3797,7512,5212,3165,4449,8422,619,4716,5742,5617,5618,7922,5236,4469,7412,2298,8831
4356,2823,3207,5007,1679,2069,2582,3608,2841,4890,2459,2842,3102,927,4514,3106,3237,1958,1959,2219,4523,2354,2104,956,1853,2751,8000,834,2116,3402,3023,2385,850,852,212,1108,3452,859,475,1503,1504,738,1380,743,2920,2923,3182,372,379,2812,3455
258,1030,1163,6923,7437,3340,2575,4367,6545,7569,8339,5269,7962,8220,4382,6431,2850,7330,5030,4134,8615,4776,6447,2352,2096,8112,2997,5174,5303,7482,3388,5694,4160,6592,7750,1734,3145,7499,4044,3533,5710,81,8786,725,7395,4836,5864,5097,1256,2027,108,1900,8300,3179,1136,3570,8438,6777,7548,637,4222
1281,4099,8963,6405,7046,6281,1801,8714,4873,7181,3984,4243,3348,5536,6691,1957,3623,5159,6441,4777,5805,7982,6961,2614,8888,7226,5563,8764,6721,4418,5057,8645,5704,8651,6221,3282,5075,1619,3550,8672,3554,6252,8561,4082,4851,7283,8945,4982,6260,6516,4857
3202,6021,3973,8076,274,5395,1172,8851,7191,5786,7076,5797,294,7080,6698,4396,4661,6967,5562,2619,3261,6589,2878,6461,6081,5956,1093,6853,7367,4167,4812,6352,5072,3540,8148,3542,3927,4823,1370,2140,2014,2528,7136,5605,7659,3438,8432,7664,3831,6653,8703
4744,6796,397,2580,8599,5271,7328,2080,5794,7969,4645,8614,4902,5417,1324,8365,2608,8369,2355,6836,6850,2500,7620,8134,8007,2894,4302,1105,7766,6359,3415,6617,8024,2390,5725,3166,3039,8288,8417,8413,4579,7519,7270,6503,8810,2799,7280,2674,5365,8181,4213
3201,1923,2563,7300,3338,7947,6029,7949,4111,3216,1806,2702,6166,3484,6044,799,5665,6818,5410,4388,1058,8486,7082,7850,3375,4273,7090,2610,8371,5686,7095,1849,4410,8380,4287,1088,7108,7496,5968,2008,6747,8542,5855,8800,7009,5984,6639,7154,4466,3958,3065
6912,2688,8707,2180,8970,6675,5529,1691,2588,2972,6556,8479,6310,2089,3625,7595,8745,2478,3253,3894,7098,2110,5954,2499,5961,7373,4813,721,4434,3539,5716,7382,6233,4570,4827,8409,3418,2269,7002,7644,7777,2659,7139,6757,7396,7143,7667,762,2555,8316,509
6273,8836,2437,6535,5005,1550,5391,7193,3609,923,3611,5541,7336,4014,9010,6324,3509,4277,6840,825,7485,6206,6976,5198,3536,3793,6994,8022,7383,1752,7001,3160,4187,4444,5983,8287,7906,2661,358,6122,4590,8570,8046,1905,622,7414,8057,8698,2043,4348,894
3843,7944,8969,5002,3597,4624,8466,5267,1554,8469,1561,7580,543,4639,2465,4127,6947,8230,7719,3367,6831,8247,4664,5439,4416,6466,8262,6854,2120,7881,8650,8648,7241,7757,8270,3270,7114,5329,8658,2905,7258,6621,3812,6372,4074,6002,4979,5750,6648,7292,7039
5506,515,3718,5510,8584,2953,1928,2950,4617,2445,1805,4756,2837,7062,8347,3483,6941,5147,5539,4650,4139,6188,2351,4016,1843,2485,184,3768,6459,1084,1984,2431,7927,7759,2000,1744,8146,4949,983,7642,8929,5606,6248,5994,2156,4333,1394,7028,8695,5754,5887
7169,1925,3209,395,2444,2828,2583,1818,1825,3748,297,5034,1581,2862,7474,695,6073,958,6335,2241,2626,4550,838,3531,3020,2642,3960,5845,471,4826,1115,5980,1885,6366,1118,736,4448,1888,5724,4326,489,5354,3180,1262,2671,8559,1784,3705,2554,2557,1022
7425,1796,4998,6791,1936,7057,4625,7186,6034,3603,408,6168,5785,4635,4764,5403,7965,3360,6817,3105,802,1188,2738,7987,3507,8887,6841,1722,4926,4034,7236,8263,1863,5322,5584,2514,214,2909,1759,8543,2530,4710,6119,5100,5102,1007,3185,4849,5361,2038,4216
644,1929,2825,4241,3090,6263,1050,3355,3739,2844,289,2742,2999,9015,1721,2490,955,2106,1466,836,3397,2758,3783,5579,2124,845,2255,2384,3025,469,473,857,7515,5239,5088,4322,483,2787,2918,231,4077,3566,1519,3313,243,1524,1015,1274,7931,1278,1919
