0,3077,2438,4492,8979,6421,7704,7201,8609,7715,8618,8750,5554,4915,6709,7991,5688,7481,4925,8382,3138,5188,6599,6216,5705,74,4427,5580,3277,2510,8271,1358,5713,6228,4565,5718,7128,8798,4703,6882,7268,4581,8677,8039,8552,6507,8683,8043,6254,4335,2539,3698,8948,8312,2425,6142
1536,8327,519,6409,5128,8716,4989,5773,7183,5393,5654,2167,6682,7194,3229,3489,4003,6053,6695,2728,3242,7865,5050,6075,7415,3647,447,1346,7749,5575,1991,5191,1097,7116,2125,3917,7633,3795,7255,6491,8667,3557,2537,5612,4717,3054,5232,8180,6262,1399,6267,5245
7424,2689,7682,5893,8202,3466,5139,7827,6549,6933,7189,7958,6554,4767,8226,8099,2724,804,7334,2471,4521,5931,4395,2477,6958,4654,6572,4017,2996,6325,1718,4024,8513,7618,2754,8259,1989,454,5707,465,855,1625,729,5090,4218,5224,3838,4593,8056,5369,5114,5886
6401,6018,5891,5892,2053,2436,5129,7563,2188,4748,3468,6031,3728,7696,8722,4368,7318,7448,8478,3493,2602,8363,3127,7608,1724,2885,4806,6855,1223,4169,4678,4303,1490,6871,1495,2523,94,5857,98,4453,7271,1772,7277,1778,3314,8565,2806,1914,251,5244,1277,2559
6017,4737,3713,3977,5516,7950,5137,2962,2067,3987,895,280,3227,4379,7583,4643,4264,8360,2603,5548,430,1713,694,6968,7102,6207,8515,5318,4425,4050,2644,3669,6103,2647,217,3032,8154,2654,5854,5856,7649,863,4451,2914,7265,7409,6898,5363,2804,2421,5755,2687
4869,262,3719,1543,3721,4103,6027,5519,1681,2065,6677,1435,2973,1438,424,4394,2221,6192,2995,951,4026,3898,1852,3005,1215,3776,3010,583,3788,4942,4945,1747,3413,2773,3801,4955,477,97,4707,869,6501,2917,1767,2793,4843,4204,4974,4595,5878,1142,5626,4350
8,7432,2316,2957,6673,1811,5779,2965,1814,2967,3864,5531,2461,5533,8095,5280,1952,8354,1955,5419,2731,1452,1455,5168,5301,4150,1973,6842,2683,5566,3016,5843,8404,6997,3671,4440,6615,2789,6887,8685,8813,6896,6130,8818,8822,4215,3321,7674,4475
7681,7553,6148,1797,4741,4613,8328,7433,779,14,1937,6290,6930,8084,4760,5017,540,6813,5664,5793,2212,6567,7720,5292,3120,7217,6326,4282,5693,3521,6594,7493,2502,7495,5065,1227,5068,3792,8656,3925,5593,5597,8030,5729,8934,1126,3816,4585,6124,7406,6003,2164,1271,5884
1160,6283,4877,7566,8849,6162,1683,5404,8348,6944,7205,3621,5550,9006,7600,4529,7218,8243,7220,1970,6833,6715,452,1610,8779,6225,6739,4181,2135,8280,8791,6118,998,7528,4329,7531,6640,2929,6899,6133,1531,6012,2173
7297,8194,3593,4112,6035,7446,6809,6305,8875,5163,5936,7346,3890,5557,2229,1080,3129,8891,8895,3780,8647,6346,4682,2387,2132,4437,8149,6745,7772,4958,1635,7398,4327,8424,8809,8556,7536,4729,6901,8825
8575,4618,5009,3858,3477,1558,8854,22,3358,5152,7074,3365,6823,2472,7464,4138,1961,1836,7471,8239,7476,1977,7867,2364,1469,4802,3778,8004,2127,2128,6362,4058,6365,5862,3711,8688,7024,6646,2934,8447
4354,133,4871,5513,4233,8079,6802,7960,6426,8987,4892,5918,5792,8355,7078,4522,8619,1709,4911,3644,3656,1353,7754,2635,4946,7765,344,6878,5093,5482,7274,8174,3824,6514,4724,5495,8568,7420,8189,5630
1408,8705,6146,6913,7304,3464,7690,7051,6928,8464,2039,5013,5655,7831,4381,1439,7712,1443,5412,3883,7349,8510,7364,1476,1348,206,6864,6226,2901,6870,5975,6616,6244,3688,7657,2927,3312,7411,8309,7799
7937,2561,8330,5899,7821,3342,7059,5372,2968,6560,7587,7589,5158,7333,4133,5943,4667,1980,7101,4543,4680,8393,970,8912,4817,3666,6738,6097,3578,7635,4704,7648,3942,2024,8297,4457,4726,7161,6394,5116
5632,3731,7829,918,3224,7450,3357,7838,3109,5289,6701,3501,2868,2615,6712,2745,58,3771,6717,6468,8394,1740,5709,1741,1742,5071,5324,2771,8789,3292,7902,2783,3425,8161,5480,7532,1516,7917,7928,1787
7170,6915,3844,7685,7941,6916,6152,3335,8457,7691,8204,4363,8974,8720,5905,6163,4116,7956,1302,6934,5915,4125,2845,5405,7966,1575,8747,6443,7470,51,4406,2873,6970,5437,7486,4927,8768,8002,3141,3654,6470,2129,5970,7512,5212,5471,2409,1898,619,3955,5236,4469,1911,3448,5753,8831,8321,4482,7299,7555,7558,5256,8334,912,7575,6039,4249,6043,6050,6307,1699,1701,5284,1199,4788,7353,7354,8383,4037,2766,8655,3280,2769,3797,5336,3545,7132,1501,8931,4324,5099,7919,5617,7922,5618,2298,2300
8066,3384,7363,68,7544,6922,6730,6606,7955,3225,4889,1569,7841,6051,6497,7848,8617,7726,3503,5552,8053,5432,8123,5052,7293
1664,7809,1411,8324,2571,5263,150,1687,3480,2710,1686,4251,2462,6176,1831,5423,689,2226,6198,953,954,8126,1727,8130,2629,2630,5829,5064,2377,6858,8392,5453,8526,2512,4688,1365,6741,2525,1374,8544,1381,2278,7527,495,4592,6895,8692,117,4853,4221
4163,6020,902,6982,4616,6665,5706,8141,8719,3832,8915,4117,4632,1117,5022,160,4192,8033,7523,7652,5678,6575,2286,5297,8370,3825,7732,5111,3639,6456,6141
8448,3329,8710,5639,7688,4359,8203,8977,4373,2331,7709,8222,7717,8998,2342,5420,4658,3123,2612,6196,3378,2105,7232,8001,7239,7752,5449,4172,3068,3406,6736,4947,7508,3162,3421,864,8290,7011,3684,3836,4091,7535,6771,8054,7032,2169,3450,635,8829,8830,8576,4483,5765,8842,7055,8592,3474,1173,8341,2454,7322,7839,4515,6308,2467,6313,6570,175,8367,2482,438,5046,5051,3004,2240,8133,2252,8653,6605,7895,2265,7641,5853,2016,8167,5356,6381,1774,6387,6137,6907,8444,7423
1542,1671,2823,392,3207,1679,2069,5653,3607,3608,2582,4890,2841,2205,3102,3106,1317,6309,2087,3237,937,938,4523,2219,1958,1959,2735,948,828,2751,834,2116,2248,3023,212,2645,852,1240,218,859,475,4318,355,1380,743,2920,2669,2670,241,372,3452,510,3455
1025,1155,1674,2827,1548,1676,5008,3222,7447,2585,1052,1564,1950,929,2338,2083,3108,6436,2978,1576,7592,2218,3760,2225,3382,3383,7351,2107,2109,2237,706,2371,2372,2118,3657,2251,3022,3279,848,593,853,858,3933,740,871,2919,5481,2666,235,360,3565,366,370,3700,2679,376
2307,8965,1296,2834,3861,8471,3099,4891,6689,1571,549,4906,1584,2864,2354,1587,1588,4402,7989,1847,7736,2617,3131,7996,1853,5703,1614,6224,2385,850,1108,3158,6235,1629,7006,5217,4706,4449,5223,3183,5234,7539,6005,1655,3964,4225,5767,1932,1167,4503,6551,2971,4514,2469,8106,3756,7159,8121,2235,2236,5308,2238,7100,445,956,4545,2756,7876,6084,4040,4814,977,981,2262,8663,5081,247,2011,1504,3553,2019,6391,6906,7675,8188
5376,7428,5894,5640,2570,267,8477,1821,1568,2084,4393,8234,5426,3395,8519,841,844,3577,3662,846,3673,4188,1373,7782,2921,874,6251,2922,4976,8305,3187,1140,3454,6533,6022,6040,7840,2210,3238,1447,2474,4531,5812,7609,2750,3007,3519,3269,8909,3791,466,7891,1237,2520,8153,3803,4572,4321,6890,6635,748,8690,4086,4087,6649,2044,6399
7172,7689,8715,8847,6161,7573,3095,5913,7197,6942,3876,3371,4524,3884,2350,4656,5810,6834,3637,1078,2493,2429,7488,8897,3140,325,8905,7882,715,5708,6733,6479,4304,3665,7634,987,4828,2012,7905,8419,8933,4070,8679,6374,7786,4331,8042,7660,3950,8303,7663,3441,7150,1909,3702,6390,3704,7033,1147,6909,1535
6657,3753,426,3675,5742
1281,8707,8963,8970,6796,4367,6675,8851,7191,1691,6556,8479,7969,5797,1957,8745,4777,6961,2355,3507,3253,3894,4661,2614,7098,7236,7620,2500,4812,4813,721,3539,8409,3418,6233,4570,7644,8413,3039,7519,8417,3550,2659,7139,7396,5100,3438,7280,4851,7283,509
7169,644,2444,4241,3090,2583,3355,3739,2844,5403,3360,1825,5034,2862,2742,2999,9015,1721,1722,6073,6335,3397,845,2255,2384,2642,469,5845,5239,7515,1115,6366,736,483,2787,2918,4326,489,5354,4077,3566,2671,1262,3313,5361,8559,6263,3960,1274,1278
7872,3393,3552,645,1242,2318,3472,1264,1298,504,4665,3738,2491,4797,1755
3634,535,8855,3850,2045,1646
7296,8068,7813,8838,6663,7305,3085,4114,7058,1685,8086,4248,5281,4641,2475,5037,559,3889,8504,7737,5946,5947,959,5312,5186,8388,6980,4808,5193,7755,5325,8142,7504,8916,3028,4959,7904,3808,6371,7908,1511,5226,8554,8175,3439,6001,8817,7925,1526
8198,4615,8967,6920,2058,8458,6670,5902,5401,6425,6940,6687,3615,3874,1059,3362,5671,3630,5935,1329,8245,6966,5431,8257,7489,5442,3908,6217,5450,7243,4943,4431,5458,5974,4185,5468,4189,3678,6240,3681,5986,5733,8294,4966,4205,6515,6776,8826,8827,8060,3968,649,5001,6284,6797,6540,5778,8083,4245,7581,5791,3744,6317,8621,4532,5049,4805,6345,8649,6089,2508,4306,4819,1493,3551,7141,3561,4847,1011,4341,6651
2113,7430,7878,5448,1357,8590,8975,8911,7123,6102,7192,7897,990,7266,675,1893,4582,6637,4782,7343,4275,9013,5941,5883,8893,2302
1795,1157,3081,2314,3979,8332,8972,8846,8335,6287,5134,1170,8852,3989,6550,3479,8728,3993,7320,7700,5406,1697,4770,4258,7976,5673,2600,3628,5807,1202,1459,4919,6201,698,4795,3901,8254,4030,7034,7622,3659,4429,1233,7509,8284,2397,1631,5601,7393,8547,4967,6631,3437,7794,8435,2422,8442
2433,3970,6789,8201,5642,2186,6926,5136,7443,5398,5149,7837,4510,6048,8993,5151,4771,6180,5629,4397,2094,1074,3892,7096,2363,8763,5830,3273,8907,6098,8793,6619,7390,4323,6500,6117,8804,6760,6633,2283,5622,6135,1146,8573,2303
7875,6795,8588,4175,8210,3475,7988,1205,3574,4473,2941,5342
6144,8258,3331,4293,2822,8844,2829,8593,7315,6100,7065,4895,6559,3423,1889,3041,5415,1960,4011,8627,1212
4992,6403,7301,5766,2696,3212,6672,6289,2706,6291,4498,8213,2833,5911,3991,1562,6174,3998,7967,7331,3112,7084,9005,7602,7475,6322,5559,8120,5434,7357,4285,5183,6208,3520,4551,6471,7753,7113,6477,3923,2775,7384,7263,7903,8802,8163,4198,5352,6634,7147,7020,3821,5358,8815,7665,4984,2558
4708,2692,8264,3436,3190,5368,4474,7355,4860,1854
7845,7014,6376,5484,4113,1874,8823,4824,8953,4732
8739,6627,7013,5859,8775,2344,3881,7695,7570,9011,6963,4023,6874,7869
3715,8036,8772,5032,5839
