0,12803,2052,2567,5128,4108,5136,7700,11796,2068,9763,8229,6697,11817,3122,10808,2617,1083,7739,7227,4675,4164,8262,3148,2131,12372,2643,10838,10324,4692,9819,9820,9310,5214,611,10342,6247,3175,11369,7283,630,11895,4732,9341,3710,12422,135,7815,5772,9357,4238,3212,3216,4753,5777,6803,1172,7313,6806,151,7836,8351,671,12449,10915,7843,12456,11432,2219,8370,12467,9396,8375,3767,11959,9400,2238,1215,12481,3779,10444,1740,6862,8912,2257,10966,2268,11997,6367,12515,7400,6376,7912,2285,7410,10483,2291,252,8450,2312,4360,7948,3341,784,8465,1296,5905,7959,2329,6436,3367,5419,9003,8493,10030,7987,9012,821,12597,9013,3897,10042,7993,2366,11584,5958,9543,11594,6990,9039,7505,7506,11089,340,11610,12125,7518,11102,11103,9058,6499,2404,6502,9064,1386,4972,7539,4979,5493,4469,6516,11126,2939,1403,9603,10116,8069,7560,11144,5520,9619,11669,9629,5021,2462,5025,12712,425,4015,9648,1968,5554,1464,953,954,5054,4031,3521,4547,6086,461,9168,6608,12754,10194,6100,5594,9697,8163,8675,2020,3046,12263,4584,5098,6124,4590,11246,12270,8692,4597,8182,8697,7164
2
4
6
5476,902,647,7,1262,1198,915,2168
8
10
5234,12,1006,3575
13
14
15
16
18
20
11824,22,9774,5567
8132,7941,10680,43,10168,1880,24,9438
25
27
29
31
32
33
35
37
39
41,4594,7362
8207,10270,12320,6176,12322,12327,42,2090,12335,10290,10295,4156,10311,12362,76,12382,12386,12389,4200,12399,6257,4216,12416,12417,12426,10382,10389,8342,12440,4248,8361,12459,10417,12470,2233,6338,12485,12490,12494,12508,10463,227,12517,245,12534,6396,12543,8457,12554,12562,12570,8489,12587,6444,6445,12591,12593,6451,10550,4407,10554,8530,4437,8539,6494,8550,8566,10616,2425,12666,8572,8582,10631,12685,10637,10638,10652,10658,12710,2472,12717,2478,10671,10672,10673,10689,2503,10699,12752,471,8666,12769,484,6632,2545,10742,2550,2554,10758,6668,12815,8721,12819,12822,6681,2587,8732,2588,10788,2599,4662,8763,6719,8769,12870,10854,12913,10871,635,10877,6786,10882,12934,12935,10908,6816,10916,10932,10943,8900,2764,6876,6889,10985,2815,8963,11022,8975,4880,4888,11036,4896,8997,11045,11062,11073,9036,11090,9050,9073,11130,891,7053,11153,11155,7065,5029,11173,7079,939,9138,9143,7098,11194,11200,3010,11221,7130,9180,990,11234,3050,3051,11242,7186,5167,7216,9266,3125,7238,11335,9289,5199,5200,11347,9300,11353,11364,11372,1136,1146,11387,1149,7297,9353,9358,11408,11411,7317,5269,11416,11419,11420,9383,11451,11460,11464,7368,7369,11496,9448,7405,3310,11503,11510,9463,9473,11536,5394,11545,11547,1307,3358,3363,9538,11587,11595,7509,7517,3423,9606,7559,9628,9632,11683,3494,7601,11702,9654,11705,1465,11713,5581,11737,11746,11747,5612,5613,11761,1528,5642,11795,5658,5662,3615,9796,11881,11888,3697,11890,3701,3703,11911,1681,9876,11927,7842,5796,5812,11958,11964,3773,11967,1730,11972,3797,5863,12007,3816,12013,9969,7922,9973,12045,10001,1809,1825,3878,10027,7979,1844,1847,12098,12099,5959,1869,5981,8042,3958,8054,12153,6012,12157,8065,6030,12177,6039,1951,12207,12208,12209,10159,4024,10173,10203,8159,4066,2021,12265,10221,10227
44
46
47
9224,5384,8201,10121,10256,402,8855,6810,7196,8350,10911,11425,9507,5412,4389,4262,4132,8488,3753,3240,7205,302,4783,48,1200,3506,4788,8506,2747,7100,3392,9921,10566,6856,6731,588,9421,6221,6997,7894,9943,11736,1114,11616,4327,3433,4457,7915,11500,1645,9964,879,9968,11378,4853,8437,2935,10745,6907
50
52
6272,6468,54
56
58
60
61
62
64
66
68
70
4097,8199,9228,9248,4650,9781,7222,3128,9278,5182,5185,10821,5190,71,4678,9298,6228,9301,9816,6233,12378,7264,8804,6248,4201,3177,9326,11376,7282,11901,5246,9858,1666,7810,2189,11919,7825,2710,8349,1185,9890,5800,6825,10930,12471,11448,3769,1210,3256,10941,8896,4805,7877,9419,8397,7375,4308,9947,7409,9470,6915,6916,10507,11019,7947,1807,2320,10513,11537,10015,804,2343,3879,9002,8492,2869,2870,12089,5434,9529,7996,10557,8514,11077,10569,9546,3918,5457,851,2388,1877,3923,12633,9564,3933,10083,4452,8551,2921,8044,4973,4463,7024,12146,1395,9586,10105,7035,10107,12168,6028,9615,7568,401,8083,6548,9114,10138,8603,5539,9638,2985,8106,7082,7087,2480,9649,7613,6591,7105,7621,968,5069,7639,5079,5599,4064,2528,10207,2015,2025,9706,10220,10223,10738,2034,8180,12276,8185
73
12294,4105,12299,8204,2061,4110,12307,12309,12312,10264,8219,12316,10271,12325,10279,10289,8242,8247,12343,8252,6206,4160,12356,10309,8263,2119,8265,74,10321,10322,12371,8276,10329,4187,8286,10338,12390,8299,12397,12398,4206,10352,12401,12402,10353,10364,2178,10372,10373,139,12435,6291,4244,12438,10408,12457,12458,10410,8365,12463,180,10421,10436,8390,10438,2246,10441,2248,12493,10445,10447,10449,12498,211,6360,12507,10459,12512,12518,8423,12522,10477,2288,241,10482,8435,10484,12537,12538,12542,12546,8451,12547,6403,4354,4358,8459,10508,10509,2316,4373,12567,12573,6435,10531,8485,12583,10536,4400,4402,10546,8501,2357,12599,8507,12603,12604,12605,10559,6464,12612,12613,2372,328,330,8523,6475,10572,10575,12624,10576,10581,8534,8537,10587,8541,12640,10598,8556,8557,10614,12667,10620,12677,10632,8586,408,6553,12699,10651,12709,10662,8617,12714,4524,8623,12723,10683,12735,10692,8645,12741,12744,12746,8651,6602,4558,10710,10712,473,12762,10715,4573,12766,10717,12772,12774,12775,8683,12780,12784,10743,6650,12795,508,8701,6653,10749,12802,10756,2564,12806,10759,8716,12813,10764,4623,531,10771,8725,10774,6684,12830,6704,10807,10813,575,10816,2625,8775,2634,10827,10830,10836,599,6743,2647,8796,10845,6750,10846,4705,10849,2664,2665,10875,8829,639,8834,8839,6792,10887,6794,10889,10892,10895,8853,10901,10905,2718,6815,6821,4773,4774,10920,8875,6851,10949,8904,8905,2761,6859,8910,720,8913,6872,8921,8928,10976,4836,743,10986,10991,10992,6897,2803,10995,6902,767,11007,11010,8966,6922,4876,11028,11033,2844,8988,11042,4899,8999,11047,11052,11053,6958,6959,9009,6965,2871,11064,6973,9024,833,6978,11074,837,9037,11092,11097,11098,7003,4959,9059,4967,11112,7017,2923,11117,9071,11119,11122,888,4987,11134,2945,898,9091,11140,7046,9101,11151,11158,920,9113,11163,2988,9132,9134,5039,11182,9140,2998,7096,5052,957,9150,5056,9155,11204,7110,9160,9162,7117,974,11218,9175,11230,11237,11240,9197,3056,11249,3059,11251,11254,3063,11260,7165,11261,7171,3080,1033,7176,5129,11273,1040,7184,3091,11283,1046,11291,9244,11293,11297,5154,3108,5157,7207,5161,11311,9263,9275,11324,11329,11330,9281,11332,9284,9286,7235,7239,11337,7240,5194,11340,11342,11345,9309,11358,11359,11360,1124,7270,5225,11370,11373,9329,3193,11390,11391,3199,11400,9352,11402,3210,11406,7311,1169,9363,9373,1183,5280,9377,7329,11427,9380,11435,9393,11443,7349,11446,7359,7361,11458,11459,9412,9415,7370,9426,3283,7380,5334,11480,11481,7386,11484,9436,1250,7395,9445,5350,5358,9455,7407,9457,11511,11514,3323,9469,11522,5380,11524,3334,9480,7433,5388,11541,9493,9495,11544,9497,7447,3355,7448,5406,5407,7457,11557,11558,11563,11568,5426,1335,11580,9539,1348,1351,7498,7499,11600,11605,11611,9569,9572,11622,9575,1384,9576,9578,7530,11629,9583,1393,7537,11640,11647,7551,7556,11654,9608,7561,5515,11659,5519,7569,9621,3481,3484,5534,11679,5538,9634,9636,7587,11699,3507,9653,5558,3519,9665,11716,11717,5578,9675,11725,9677,11728,7635,11733,9687,11739,11749,7655,11754,9707,9709,9712,9718,11771,11772,5628,3579,7678,3587,7683,7686,9735,11785,11786,9739,5646,7694,3602,7698,3605,11799,11802,3610,7716,11813,5672,11818,9771,5676,5679,9775,9776,7730,3636,5689,9788,5693,9791,11841,11843,5700,11845,11847,11850,11851,9804,11854,7759,7760,7762,11859,5719,7768,9818,11867,3679,9823,9844,9849,5756,11903,7807,9857,9865,9866,11917,5775,9877,9880,11929,7832,9883,1694,11935,3746,9895,11948,11949,9903,11955,5811,11957,5815,9913,7865,9916,11965,11969,11970,9924,7876,11975,9927,5838,7887,1744,11988,11992,3804,11998,9951,5858,12004,5861,12006,3817,12010,9961,7921,12021,9978,9982,5887,7939,9991,5897,5899,12044,3857,10002,12052,12055,12056,12057,12063,12066,12070,10022,3881,10031,12083,10037,12088,12092,12095,10047,10048,3907,12108,12109,5966,12111,10060,12114,5972,10073,10074,1882,5982,10079,8035,12135,8041,12138,10091,8043,1901,10094,3952,12145,3956,10102,10103,8057,10106,6014,12159,10113,6023,12174,10127,12176,12178,10130,6036,8082,10134,12185,8096,12193,12195,12196,12200,12201,10152,10157,8111,6065,4019,10164,8118,12214,8120,10166,10171,12225,10179,12233,12235,12237,4046,12242,10200,10204,12255,10211,10216,10219,4079,10224,6131,12281,12287
11777,8196,7693,5138,10258,3095,9756,7728,8764,2630,9801,75,11343,10840,1633,1128,7788,4720,5235,9854,10366,5761,10883,10374,11915,2700,653,7309,10384,10391,9370,8347,6305,6828,3249,8373,9398,7869,10435,11472,7888,7890,7893,10967,3296,9954,10980,6373,9959,7401,7403,237,8429,753,4341,4856,11005,1789,2302,4353,5381,10502,3845,7946,12053,12078,12084,3380,9019,7489,4941,8528,10593,8560,11123,1927,12170,9102,2453,8090,4008,9644,7597,6575,432,10675,7605,7614,4034,10181,8138,5068,6609,3564,11756,5615,4086,5113,3067,5631
78
80
82
2692,1925,4873,6921,8076,1814,4272,5299,5430,11319,1852,8636,8388,8005,8776,9549,8398,8271,84,5718,1498,10202,5980,10848,6242,3555,7786,625,3957,5885,9214
1537,10248,4616,8213,8216,8230,9770,7219,9277,6725,86,11862,5217,9833,6770,9332,7304,8329,8332,6800,10393,6811,7839,3744,5291,5293,6830,2236,5820,4804,2758,4298,5834,10965,4828,1761,8932,240,1270,7928,9977,2297,4346,9471,10498,261,9477,1806,7951,11025,4377,10012,7964,10024,3377,820,5439,4938,8011,3924,7000,3422,6495,8031,3438,2421,3463,1932,10643,10645,5017,6046,6564,9640,2989,8625,7091,9652,1474,3535,12243,9685,4576,8167,5099,3566,10228,10232,8191
87
88
90
92
93
6672,3090,10132,5024,8867,4006,3751,6953,1978,12347,325,711,7248,10453,11607,8792,5848,94,9950,9699,12009,11120,9072,9330,11897,4603
95
97,10596,5767,9832,4364,8142,2607,10193,3954,7732,9338,3675,12284,6333
99
101
103
105
107
108
109
110
111
9249,9094,11528,3657,2669,113,11096,9242
115
117
7553,7938,6275,3340,2066,4115,6676,8726,3738,7194,8733,12062,5417,12333,941,1969,10292,3383,10043,9915,12476,9918,6734,9807,12115,9813,9559,3545,4829,1634,5474,5986,9956,3942,11113,9835,751,2929,1522,6773,8565,119,1145,6782
7648,7201,8193,5859,5188,8006,4806,3848,2782,7054,12240,6292,121,11676,11774,12191
123
125
126
128
130
132
1282,134,10250,8592,2580,9111,1431,10141,2339,7203,5925,3237,8874,11822,1327,4782,9905,11188,7607,2744,1085,4543,11327,3780,978,8786,472,11864,2649,5593,9821,3427,11236,6125,10478,7279,8689,7794,2547,1399,5882,9723,1532,8958
137
141
143
9280,12354,6981,9061,8235,10092,10158,206,145,5106,9748,11925,9556,12793,11835,10814
146
1547,12305,10515,147,8605,9505,1188,9901,10681,5946,7995,327,8136,12365,5716,6871,9057,999,3179,4460,8317,11006
149
152
154,4957
155
156
157
158
160
162,869,5797,7859,3934
163,2742
164
166
168
169
170
172
6336,6752,8864,9666,10855,173,9230,5584,4818,244,855
174
176
178
5673,11146,2639,182,5598,9567
183
185
186
187
8832,4352,12032,8708,10246,518,11016,10249,6542,10768,8978,11671,11807,2594,12324,11940,8358,8998,4904,9129,12330,11437,9389,11312,10933,9910,10553,11834,11963,188,11070,1342,11710,2754,12227,1222,7879,5576,9545,10061,10318,4047,3069,9810,9427,11219,11989,6875,4700,7644,8798,10210,9826,8674,8164,8165,3303,12005,2538,6252,9965,7020,10351,11760,5618,4472,7421
190
3104,1027,5475,4677,291,4071,191
192
194
196
198
200
202
204
5120,10753,6664,10763,11787,10251,8722,12308,3096,9240,8738,8739,10284,3117,8753,9783,11833,9812,8802,6245,11877,11880,7795,7293,651,10896,12443,8862,12446,12451,10923,9387,7342,12464,12483,10948,208,11473,729,3291,7918,12528,12023,6903,6908,7430,12039,8974,3354,6458,4924,12629,10584,859,9076,1913,9601,12167,1937,2966,10145,12713,11179,12726,7611,11709,12738,10691,10178,4550,5575,12745,7631,10709,10713,12761,11745,11750,9720,2553,11770
209
210
3938,8134,11852,2160,6741,213,8854,9658,6747
215
217
218
220
222
224
226
228
229
231
232
233
235
236,12908,8047,885,1306,4124
238
242
11266,9219,8202,8714,7699,8742,7726,1587,9787,5698,4684,1612,7247,2134,7771,11363,4730,7299,8841,11913,6805,3748,5798,10926,9397,10429,4800,6854,10952,5833,4811,8400,8925,8426,4852,246,6905,10494,10510,10008,281,6939,285,310,4921,2879,8520,12105,3916,10577,10578,3921,12116,856,5976,2908,11104,8567,10110,2436,389,8072,8079,9623,10137,11688,4025,5051,9164,2511,12756,7636,3032,6639,9717,11767,4604
3102,11461,7942,247
4739,9994,3342,12182,6175,6048,9379,10028,2107,9027,966,8019,8409,6250,1898,6253,3571,248,4861
249
251
8384,7009,8898,9635,8456,7800,10252,5744,312,4155,254
256,5139,7045,8455
258,6853,7750,1322,1584,5778,1267,4850
259
260
263
265
266
267
269
271
7801,273
275
277
279
284
287
289
290
292
294
12809,10766,12304,9746,5143,11288,6699,9772,5165,11308,10802,6202,10819,7752,5717,2653,1630,12385,9837,10349,12405,12407,6775,9372,7332,10917,11431,10407,8885,6838,9912,10937,7870,9409,12492,12499,10972,7389,7399,6892,12527,6384,12033,12041,11540,10518,10006,11032,6938,296,10556,10583,12126,8563,12149,12663,11136,2437,5511,9607,5032,12203,946,8115,6072,6083,4552,8654,12244,11222,9182,11250,9203,9206,12282,12283,10239
298,3476
300
304
306
308
314
316
318
320
3680,1505,322,12165,1421,7089,5969,4242,7153,12310,569,7900,3837,6143
324
9729,3588,8709,9736,520,11788,5648,4625,9747,6686,8223,9759,12832,9762,11299,9255,10792,11820,12338,6707,9268,4658,9271,9784,10296,9786,571,12349,578,7756,8785,3157,1622,10839,11871,4192,3681,3682,5220,4710,4198,10861,9842,12403,10354,3189,6777,3707,6783,8831,11393,7808,11907,8836,11396,6278,2185,11916,11918,3732,8343,10909,6814,12448,9889,12452,9892,10405,9897,6317,8879,8880,9395,7347,4790,7863,9914,10432,10945,12482,8386,11463,9928,10953,8915,10970,5853,8418,11494,5866,5867,12012,8431,3313,9458,10487,3835,11519,10496,7428,10504,5390,11027,9494,10011,8476,4382,7969,3874,8484,11044,12069,10535,7473,6450,6963,10548,10038,11063,829,11581,8511,326,7496,6984,9547,9553,2386,1875,4953,11105,9062,7016,10089,11114,11115,2925,11125,4982,6519,10618,12671,10625,11137,7558,5512,10633,12680,6026,9104,1939,12194,7595,11693,8112,6578,9139,436,10677,7606,9142,1983,6084,8646,6601,9174,476,11232,8161,12770,12771,10724,10214,8678,10735,8688,9713,9714,8691,12790,8184,6139
329
332
2688,1029,9222,6279,10377,6290,11157,10902,5015,5144,11035,2465,8353,11171,9511,9512,10922,3632,9530,10811,10812,10944,7880,11465,11468,9678,334,9936,10198,10975,9187,3557,10982,8552,10603,7660,12654,3824,9202
336
338
339
341
342
344
346
347
348
349
351
352
354
356
357
6144,11009,514,7301,7048,5001,11914,4620,12173,9742,3724,10898,5523,10770,7061,11926,8214,11423,1824,12067,10019,10149,680,10925,6576,12216,8891,11069,445,7161,10174,3009,8387,8009,10319,8657,9433,1373,11617,3169,2402,359,8807,7658,2796,5357,6766,12782,5236,5492,12279,2681,10490
361
362
10336,4227,10532,1062,2824,7336,8746,363,12204,4367,4848,9499,9234,5398,5275,8412
365
367
369
370
1155,12551,3465,6793,6283,4374,9751,1186,942,6449,7603,9267,2230,5181,7623,6474,5970,5846,1881,6898,628,372,9334,7292,4221,6910
374
375
377
4993,9413,10956,10254,9554,1971,1750,378,1247
380
381
383
385
387
391
393
394
396
398
7526,422,7531,399,11921,9841,1598
403
405
5377,6147,4229,5134,11023,5649,1812,9366,407,11803,9117,11040,9639,11306,2859,2349,9525,12730,8393,12619,5197,7255,8154,10472,9967,3190,6780
409
411
413
415
416
417
419
424
427
428
430
434
435
437
438
439
440
7307,10443,2475,11755,6320,6385,6807,9596,442,1691,3260,9693,7422
443
447
449
450
451
452
453
454
455
457
458
459
460
463
464
465
10369,2818,1667,2435,7954,5626,1430,8472,10523,8107,11184,11700,7093,4154,6079,11840,11199,10690,1988,2374,4166,3789,2258,467,6103,2654,2540,2798,7278,1390,752,4208,3316,1653,5754,9725
468
469
470
474
475
478
480
481
482
483
4608,6021,6534,8454,6152,6025,9738,8461,12306,5270,1692,12579,4004,7976,6312,9005,5939,950,2102,11192,1081,2618,7866,9407,4162,7364,12103,2889,11210,12620,12110,10958,12024,9428,8917,9814,9940,5851,3164,6109,11999,2144,4065,4579,11108,8421,486,3436,10348,2800,5616,9075,12533,11639,8952
488
489
5376,5891,11526,11655,6536,2057,10765,7566,5782,3739,4509,10014,9630,10017,4513,4387,2727,5671,11049,1194,11307,3628,7086,9521,3892,11321,2361,3643,6076,1980,6459,12611,7620,1095,9672,8396,11981,2894,2769,12241,7892,8662,5979,11357,3165,8029,9825,2662,5991,491,7791,9199,10611,4475,4094
493
494
496
498
499
500
501
503
505
506
509
510
511
512
516
522
2278,6182,7754,523,5266,10899,1208,5435
524
525
527
529
532
534
11008,11107,11333,536,2862,8655,12302,8571,11380,9270,6455,12408,1915,11543,8542
537
539
540,7078
542
543
545,7426,2265,10761,10847,11695,5489,4820,10456,10649,8218,8668,10878,9503
546,6343,3466,6159,9054,2111
548
550
551
553
555
556
558
9476,10247,8712,8330,8075,10124,4492,6160,2322,12054,6679,2330,8604,9504,9252,7721,4779,10539,559,818,2485,4533,6328,4293,5830,5322,11212,1873,1362,3155,11729,8661,1499,6108,3550,7520,4068,11625,4715,5486,3574,12151,3582,5495
560
561
562
4615,7945,11407,11673,3226,10910,6687,9514,7211,11826,4787,563,1845,5943,6071,1079,9274,7103,10565,6987,9422,9424,10962,5845,8024,7001,6756,8549,9215
565
567
570
572
573
577
580
7038,582
584
586
589
591
592
594
595
596
598
600
602
604
606
608
609
610
612
613
614
615
616
8352,7170,5443,11869,7910,9863,617,10140,10315,9035,10987,4944,9232,5110,8155,7708,8861
618
619
621
8643,622,11731,1779,1494,7193,2047
623
624
6784,4613,8341,1404,4889,9017,8770,3145,4815,7504,10461,4707,8297,4970,9710,10864,627,2166,7542,5500
629
6574,631
5571,5123,1382,3347,10419,12180,633,10334,6015
1026,4742,7177,10263,12698,12059,7328,9761,10791,2728,8745,9768,9773,2350,4911,4912,11313,944,5556,4544,3267,12355,6726,4042,7116,5967,5843,5332,3930,11483,8289,6885,9446,8037,10346,5100,634,4989,7166
637
638
641
642
643
644
645
3524,646
648
1127,4568,9193,650,4176,3186,5912,7288
655
656
658
659
660
661
662
6884,9349,2056,4430,10255,663,10488,7643,2269,3870
665
666
667
668
669
672,10018,11011,6852,3543,3799
673
675
676
677
7812,900,9098,5901,5262,2833,9361,7955,6550,5271,5400,7450,11037,6052,678,3755,8363,10541,945,1970,3252,6580,8123,2621,11456,9667,7363,7495,1480,975,4949,7382,6490,6619,5473,2530,4722,3060,8313
679
682
684
686
688
690
9600,6146,3973,2318,9496,9754,11168,5793,8099,11172,9125,9513,10799,11569,691,952,7224,8380,4287,11839,8258,8525,4581,5351,6633,10359,1784,6394,11263
8828,4610,11924,9368,12187,12828,8608,10402,9131,4141,7989,693,9527,11575,7107,10437,4934,6225,9170,11603,10455,10072,5211,12638,4723,12662,12028,7933
7552,10497,11650,1669,12425,12172,10537,9517,3245,2613,695,11578,12238,9935,2766,10066,5459,12500,7128,12376,3801,11994,5221,7527,8306,8051,11769,11002
697
699
700
12480,11626,701,2334
703
704
707
708
709
710
713
9986,2948,11658,8468,5911,5784,2845,8606,10021,10414,4270,11438,7991,9016,10431,8001,12234,714,9295,1232,986,5213,2910,5216,8682,2028,881,2813,6654,12415
716
718
719
2201,722,9851
724,6508,10990
725
726
728
731
733
734
736
737
738
739
741
744
746
747
12035,4611,10053,12679,5227,1581,749,5742,11732,9845,1112,6685,10526
754
7714,10087,7050,5580,755,2675,1752,11993,2203,7742
757
758
759
760
10978,5282,5989,1895,5992,9321,12076,7665,10323,9236,761,2038,8951,7481,8089,10078
763
766
769,1797,10093,9262,3152,10740,7927
771
772
774
775
777
10115,779,9868,7435,11789,6671,2321,5907,6675,7963,3742,10784,2337,4641,9765,11942,3495,10280,11176,11954,7476,6581,8760,4794,4538,6721,7233,11849,3405,11599,6095,11857,9811,8406,12250,10974,4063,863,6625,9953,5347,6501,12266,10605,11118,1648,10096,8820,1526,5623,9976,6270
781
12160,3328,12421,782,9487,7570,10773,7190,7705,6170,11164,11424,11808,5540,11304,3123,1600,11076,9673,12765,3039,5091,1637,5222,12286,9719,6265,10235,6398
785
786,5245
787
2560,788
789
791
792
794
795
796
798
800
802
11265,8003,806,1008,12465,2195,3539,9939,10394,10172
808
809
811
812
814
817
819
823
825
826
827
830
831
834
835
836
839
840
841
842
843
1088,7425,10050,10082,8612,4291,8227,10984,10314,9067,1035,844,7630,1813,9406,11743
847
848
850
852
854
857
860
861
862
865
867
870
871
872
874
875
877
882
883
884
886
887
890
892
893
894
4225,1935,6812,12061,5152,10529,6694,935,2984,1850,2110,9536,10306,2124,7503,4051,5076,7895,8923,2907,2661,9453,2032,9336,5881,895
896
7512,897,8004
901,3335,6791,2792,3026,7414,5274,4798
903
11909,11782,4488,11657,905,12814,12692,8598,6559,9260,5677,4530,9911,2488,8759,10427,5437,9283,9028,12740,12229,12615,9544,5705,9683,10835,11479,6879,12128,8033,6116,8805,8166,10215,9831,9702,10601,10475,4717,12141,11502,12015,1905,6259,4470,11513
907
908
909
910
911
912
914
916
1153,12644,917,3928,12409,6207
919
922
924
925
9472,9152,2470,3719,8639,6539,7853,3022,8463,7696,6637,7796,11546,6300,926,5375
927
929
930
932
933
934
937
938
940
943
947
948
951
955
959
960
961
962
963
964
965
967
970
971
973
976
977
979
980
981
982
983
985
988
989
991
992
993,9207
994
996
997
998
1001
7881,1002
1003
1004
1005
7940,11141,2951,8585,5002,9867,9879,2839,9239,3103,7845,11564,7471,11828,8887,12228,4167,10567,7629,11856,6097,2002,8016,4693,10842,10332,6881,8290,7145,1009,7799,2552,11644,7423
1011
1012
1014
1015
1016
1017
3642,1018,3500,2823
8395,6380,6413,5617,4535,1020,7903
1022
1025
1028
1031
1032
1037
1039
1042
1044
1048
1050,9651
1051
1052
1053
1055
1057
1058
2563,1060
1061
1064
1065
1066
1067
4546,1068,12017,11698,5209
1069
1071
1073
4673,11697,1726,3057,8658,1074,5460,8179,7830,2039,6066,3961,1365,10331,7516,11198,8991
1076
1077
1078
1084
1086
1090
1091
1092
1093
1094
1096
3617,8962,10503,10760,3964,1099,8464,8466,9938,10068,11294,9081,11322,12571,3292,6173,7454
1100
1101
1102
1103
1104
1106
1107
1109
9218,12036,5765,12171,9620,10005,11414,12183,9752,3993,10142,8735,5536,5410,12077,10669,10491,10678,12473,10169,11065,11455,10176,11457,4801,7875,11334,10183,11848,1483,10833,10837,12118,1110,12251,10844,11229,7778,10723,6500,3304,10728,10474,11627,9708,3062,9335,12155,11388,12799
1113
1116
1118
1120
1121
1122,5730,4796,4517,8518,11398,6466,1513,8868,4778,9580,4718,8048,8562,9078,6105,2524,1918
1126
1129
1130
1132
1134
2363,1135
1137
9090,8711,10511,11665,7199,10530,6520,2227,12353,9922,12739,11588,12488,7628,9292,9038,6476,10579,5348,10345,11116,4078,10734,1138,1142,1782,3832,4733
1140
1141
12288,7232,5733,7864,9171,1143,7576
3040,10466,10275,1859,2309,4134,7114,1147,10860,2062,9362,9593,4763,9118
7456,2182,4232,3563,6172,1150
1151
1156
1157
1158
1160
1162
1163
1164
1165
8224,6850,7139,8803,4359,8808,8873,12074,2893,1167,9297,7059,1301,2840,7135
1171
1173
1174
1175
1177
1179
1181
1187
8964,1189,8326,8937,2256,9779,3348,10493,7647
1190
1191
1193
1196
1197
1199
1201
5319,7208,5259,6860,7437,1998,3823,10415,1202,4946,1429,10040,10299
1204
1206
1207
1209
1211
1212
9920,6122,9802,5644,9645,7765,12406,10458,1213
1216
1217,11874,10428
1219,4789
1220
1221
1224
1225
1227
1228
1229
1230
1231
1233
1234
1235
1238
1240
4737,6114,7588,8773,9992,9482,10122,7852,4237,5166,11662,12400,1242,5661
6089,11645,4500,1463,7289,7418,1243,9981,4126
1244
1245
4045,4494,8055,2832,11793,1299,10775,4249,1246
1248
1252
1253
1254
1256
1257
1258
1259
1260
1261
1263
1265
8481,8740,5669,4999,1707,11404,1356,8589,2836,1269,3445
1272
1273
1274
1275
1276
1277
1278
1280
1281
1284
1286
7138,8389,8870,1287,9288,5961,1321,10350,12496,10544,6739,8285,11766,4284,4925
1289
1291
1292
1294
1295
1297
1298
1300
1302
1303
1305
1308
1309
1310
6661,5286,11945,10730,11533,10225,6322,11187,11031,1311
1312,6491
1313
1315,4542
2592,1316,3658,9805,8849,11892,9946,5786
1318
1319
1320
1324
1326
1328
1329
1331
1332
1334
1337
1339
1340
1345
1347
1352
1353
1354
1355
1358
1359
1360
1361
2496,3137,6977,7586,12384,4265,2608,10260,10420,12150,1364,7513,5055
1366
1367
1369
1370
1371
1372
8581,9097,11539,6296,4891,12060,5278,4771,11555,10023,12331,3118,8240,4559,9941,1374,12649,9194,6644,11000,5497,8444,3455
1376
1377
1378
1380
1381,11013,9385,4329,10863,11059,9907,10585
1387
1388
1389
1392
1397
1400
1401
1402
1405
1406
1408
1409
1412
1414,5019,9526
1416
1417
3450,1419
1422
9641,6586,4003,1423
1425
1427
1428,3140
1433,7484
1435
1436
1438
1439
1440
1441
1443
1444
1445
1446
1447
1448
1450
1451
1452
2483,1453
1454
1455
1457
4420,9829,8357,3721,9449,10571,11214,1458,10386,3763,10261,10776,4634,4668
1459
1461
1466
1467
1468
1469
1470
1471
1472
1473,10055,10955,3054,4541,8767
1476
1478
1479
1481
1482
1485
1487
1488
1490
1491
1492
1493
1495
1496
1497
1501
1502
1503
1504
1507
1508
1509
1511
1512
7565,6040,2715,8102,3372,3373,8496,10291,9795,7366,11977,11338,8153,2024,1515,7663,9201,8434,6772
1516
1518
9533,1519
1520
1521
4930,8322,6949,5030,4871,8519,7142,7930,7817,9390,8594,1523,6933,9430,5304,4218,5208,4414
8748,1524,8399
1525
1527
1530
2183,5639,2517,8473,1531,8509
1534
1535
1536
1538,5186,3203,4101,5317,7780,10564,9931,10412,4397,12921,12541
1539
1540
1541
1542
1543
1544
1545
1549
1550
1551
1553
1554
1556
1557
1559
1561
1562
1563
1564
1565
1567
1568
1570
1571
1572
1573
1574
2491,1575
1576,4170,7844
1578
1580
1582
1586
1588
1589
1590
1591
11781,12198,3981,5462,10903,1592,5565
1594
1596
1597
8989,1599
1602
1603
1604
1605
1606
1608
1610
1611
1613
1614
1615
1616
1617
1618
1619
1620
1621
8593,1623
1624
1626
1628
1629
1632
1635
1639
1640
1642
1644
1647
1650
1651
1654
1655
1656
1657
1658
1659
1660
1662
1663
1665
1668
1671
1672
1673
1674
3808,1676
1677
1678
1679
1680
1682
1683
1684
1685
1686
1687
1689
1690
1696
1699,7652
1700
1701
1703
1704
1705
1709
1710
1711
1713
1714
1716
1718
1719
1720
1721
1722
1723
1725
1727
1729
1731,2500,7710,2663,2603,11095,5232,5937,5814,10262,2489,8093,2974,2655
1732
1733
1735
1736
1737
1738
1741
1742
1743
1747
1749
1753
1754
1756
1757
1758
1759
1762
2897,1765
1767
1768
1769
1770
1771
1772
1773
1774
11552,10594,7333,11046,12071,7782,3274,8971,1775,10607,7121,11223,11193,10300
1776,6759,6530,11863
1777
1778
1780
1786
1787
1790
1791
1792
1793
1794
1795
1796
1799
1800
1801,7651
1803
1804
1808
1811
1816
1817
1819
1820
1821
1822
1827
1829
1830
9696,4865,9031,1832,11720,4426,8266,3214,5362,5909,7702,1941,8766
1834
1835
1836
1837
1839
1841
1843
1846
1848
1853
1855
1856
1857
1858
3424,11778,10755,1861,8583,6313,11466,9611,7884,5036,2543,4207,6642,10231,4667,2589,8158,10335
1862
1863
1865
1866
1867
1868
1871
1872
1876
1879
1883
1885
1886
1888
1889
1890
1892
1893
1894
1896
1897
1899
1900
1902
1904
1906
1907
1908
1909
1911
1912
1914
1916
1917
1919
1921
1922,4484,6535,10119,8211,10007,10524,10781,10403,3114,8116,12732,10687,12484,11099,8413,12514,10979,6757,6518,9467,9726
1929
1931
1933
1934
1936,9089,10205
1943
1944
1945
1946
1947
1948
1950
4536,1953,8570
1954
1955
1956
1957
1958
1959
1960
1962
1964
1965
1967
1972
1973
1974
1975
1976
5204,1982
1984
1985
1986
1987
1989
1990
1992
1993
1995
1996
1997
1999
2001
7258,2003,10325
8522,2004,2332
2005
2006
2007
5760,7491,9962,12300,6319,8783,2486,2008,7160
2010
2011
2012
2014
2017
2019
2023
2026
2029
2030
2033
2035
2036
2037
2040
2041
2042
2044
8601,2045
2046
2048
2049
2051
2053
2054
2055
2059
2060
2065
2069
2071
2072
2073,6402,7047
2075
2077
2079
2081
2082
2083
2085
2086
2087
2088
2089
2091
2093
2094
2096
2097
2098
2099
2100
2101
7040,8328,9618,11284,9724,8737,6196,8376,2104,10748,11202,2121,7385,9440,9316,8809,2932,4340,5750,11899,9980,12670
2105
2108
2109
2112
2113
2114
2115
2120,6911
2123
2126
2127
2129
10822,7944,10090,6059,9307,3408,9304,2132,3989,5397,12375,7157,6809,9147
2133
2136
2137
2138
2139
2140
2141
2143
2146
2147
2148
2149
2150
2152
2153
2154
2156
2157
2158
2159
2161
2162
2163
2164
2165
2170
2171
2172
2173
12068,8074,2731,5657,10362,11933,2174,6463
2175
2176
2179
2180
2184
2186
2187
2188
2190
2191
2193
2194
2197
2198
2199
2200
2202
2204
2205
2206
2207
2208
2209
2211
2212
2213
2214
2215
2216
2218
2221
2222
2223
2224
2225
2226
4870,11663,9585,8532,10165,11348,2228,5498,8379,9053
2232
2235
2240
2241
2242,2532,6087,2734,8303,2992,9949,7486,7711
2243
2244
2245
2250
2251
2252
2253
2259
2260
2261
3712,6917,2698,2968,6298,2586,3754,8491,7467,6961,5049,6843,8895,5701,6863,10704,2262,6371,10217,10473,10872,7163,12414
2264
2267
2271
2272
2273
7008,2274,8851,5759
2276
2279
2281
2282
2286
12321,8679,2289,5746,9461,10486,3614
2292
6538,6546,9874,11666,8856,8729,8354,6179,11811,8613,11562,10413,11952,11576,3275,6091,10062,10063,11984,6098,3541,9176,10209,10340,10481,2293,5237,9592
2294
2295
2296
2298
8752,2299
2300
2301
2304
2305
2306
5338,2307
2310
2311
2314,10381,7152,10161,11314
2323
2324
2325
2326
2331
9728,3295,7781,4901,2335
2336
2338
2340
2342
2346
2347
2348
2352
2353
2354
2355
2356
2358
2359
2364
2365
2369
2376
2378
2380
2381
2382
2383
2385,3708
2390
2391
2392
2393
2394
2395
2396
2397
2398
2399
2400
2401
2405
2407
2408
2409
2410
2411
2412
2413
2414
2416
2418
2419
2420
2423
2427
2428
2429
2430
2431
2432
2434
2438
2439
2441
2443
2444
2445
2446
2447
2448
2449
2450
2451
2455
2457,6230
2458
2459
2460
2464
2466
2467
2469
2471
2473
2474
2477
2481
2482
2484
2487
2490
2492
2493
2494
2495
2497,10278,9096,10317,10906
2498
2499
2501
3337,2502
2505
2507
2508
2509
2510
2513
2514
2515
2518
2519
2520
2521
2526
2527
2533,5239
2534
7684,2535,10186,8876,9558,10809,10780,10301
2537
2539
2542
2544
2546
2548
2549
2551
2556
2557
2558
2559
2561
2562
2566
2569
3361,7459,9891,2570,9853
2572
2574
2575
2577
2578
2579
2582
2583
2585
2590
10360,2596,9637,8823
2598
2601
2604
2605
2606
2610
2611
2612
2615
2619
2620
2622
2623
2624
2627
2628
2629
2632
2636
2637
2638
2641
4642,9923,10787,8486,5127,6920,5386,5611,8749,2642,6324,11129,10522,5469,4413,10591
2644
2645
2646
2651
2652
2657
2658
2659
2660
2667
2668
2670
2671
2672
2673
2674
2676
2677
2678
2679
2680
2682
2684
2685
2687
2689
2690
2691
2694
2696
2697
2701
2702
2704
2706
2709
2712
2713
2714
2717
2719
2720
2721
2722
2723
2724
2730
2733
2735
2736
2737
2738
2740
2741
4872,2743
2748
2749
10754,10505,3850,8970,5647,10398,11809,6189,10543,2750,3520,10568,11979,10703,12120,11100,10722,11490,9573,5478,11631,3828,9205,10230,8445
2751
2752
2753
2756
2757
2760
2763
2765
2768
2771
2772,7911
2773
2774
2775
2777
2778
2780
2781
2784
2786
2787
2788
2789
2791
2793
2794
2797
2799
2802
2805
2807
2808
2809
2811
2817
2822
2826
2829
2830
2835
2837
2838
2841
2843
2846
2848
2849
2851
2852
2853
3281,11651,2854,4851
2856
2857
2858
2860
2861
2863
5000,2864,6392,9595,3548
2867
2872
2873
2874
2875
2876
2877
2878
2881
2882
2884
2885
2886
2888
2890
2891
2895
2896
2898
2900
2901
2902
2903
2904
2905
2906
2911
2912
2913
2914
2915
2916
2918
2919
2920
2922
2924
2927
2928
2931
2933
2934
2938
2940
2941
2942
2943
2946
2947
2950
2953
2954
2955
2957
3138,2979,9317,11205,5163,2958,7803,4881,6326,8059,7357
2959
2960
2961
2962
2963
2964
2967
2969
2970
2971
2972
2973
2975
2976
2977
2981
2983
2987
2990
7325,2991
2994
2996
3000
3001
3002
3004
3005
3006
3007
3008
3011
3012
3013
3015
3016
3018
3019
3020
3023
7296,9313,11109,10858,10954,8458,7341,4813,9231,3024,6929,4626,3093,6198,11004
3025
3027
3028
3029
3030
3031
3033
3034
3035
3036
3037
3038
3041
3042
3043
3045
3047
3048
3052
3053
3055
3061
3064
3065
3071
3072
3073
3074
3076
3077
3078
3079
3082
3084
6181,10731,3086,3889,7957,12665,6558,9535
3087
3088
3094
3098
3099
3101
3106
3107
3109
3110
3112
3113
3116
3119
3120
3124
4441,7602,7179,3126
3127
3129
3130
3131
3133
3134
3135
3136
3141
3142
5368,3143
3147
3149
3150
3151
3154
3156
3158
3159
3160
3161
10697,3162,7085
3166
3167
3168
3170
3171
3173
3174
3176
3180
3181
3183
3185
3187
3195
3196
3200
3201
3202
3205
3206
3207
3208
3209
3211
3213
3215
3217
3218
5331,3219,4917,5788,4990,4415
3220
3221
3222
3224
3225
3227
3228
3229
3231
3232
3233
3234
3236
3238
3239
3241
3242
3243
3244
3247
3248
3251
3254
3255
3259
3261
3262
3263
3264
3265
3266
3269
3271
3272,7306,4869
3273
3277
3280
3282
3284
3285
3286
8788,3287
3288
3290
3293
9518,11619,3294
3298
3300
3728,3302,9279
3305
3306
3307
5378,8842,3308,7441,6545,6835,7133
3309
3314
3315
3317
3318
3319
3320
3321
9082,3322,7455
3324
3325
3326
3327
3329
3330
3331
8641,3332,11723,10045,5117
3336
3339
3343
3344
3345
3346
3349
3350
3352
3357
3360
3649,3362
3364
3365
3366
3369
3370
3371
3374
8321,3375
3376
3379
3382
3385
3386
3387
11169,8233,4618,7404,9047,3388
3390
3391
3394
3396,8777,6605,6512,11224,11197
3398
3400
3401
3403
3404
3410
3411
3412
3414
3415
3416
3417
3418
3419
3420
3426
3429
3430
3431
3432
3434
3437
3440
3441
3442
3443
3446
3448
3451
3452
3453
3457
3458
3459
3460
3462
3464,10101
3467
3468
3469
3470
3471
3472
3473
3474
3475
3477
3478
3479
3480
9824,3482,10938,6886
3483
3486
3487
3489
3490
3492
3496
3497
3499
6214,9420,5173,3502
3503
3504
3508
3509
6677,3510,11450,8251,9437
3512
3514
3515
3516
3517
3522
3523
3525
3527
3528
3529
3530
3534
3537
3538
3547
3551
3552
3553
3554
3556
3559
3562
3565
3568
3570
3572
3573
3576
3577
3581
3584
3585
3586
3589
3590
3591
3592
3593
3595
3596
3599
3600
3601
3606
3607
3608
3609
3611
3612
3613
3618
3619
3621
3622
3624
3625
3626
3630
3631
3633
3635
3638
3640
3641
3644
3645
3646
3647
3648
3650
3651
3652
3654
3655
3656
3661
3662
3663
3664
3665
3666
3667
3668
3669
3670
3671
3672
3674
3676
3677
3678
3683
3684
3685
3686
3688,10921
3690
3691
3692
3693
8198,8843,6799,9492,6423,9241,11931,10786,5821,8385,8784,6617,9945,5602,9060,8933,11111,5095,3694,9200,12273,7546,8315
3695
3696
3699
3700
3704,8961,8902
3706
3709
3711
3714,5413,5592,11048,9425,8177,10520,10527
3715
3717
3718
3720
3722
3725
3726
3727
3730
3731
3734
3736
3737
3741
3745
3747
3749
3750
3756
3757
3759
3762
3764
3765
3766
3768
3770
3771
3772
3776
3777
3778
3783
3785
3786
3788
3790
3792
3793
4963,3794,10642,4408,8378
3796
3798
3802
3803
8040,3806
3807
3813
5789,3814
3815
3818
3820
3821
3822
3826
3827
3829
3830
3834
3836
3838
3839
3840
3841
3842
3843
3847
3849
3852
3853
3854
3855
3856
3859
3860
3861
3862
3863
3864
3865
3866
3867
3871
3872
3873
3875
3882
3883
3884
3885
8577,3886
3887
3891
3893
3894
3895
3896,11101,12598
12192,12650,10451,10294,4023,3898
3899
3900
3901
3904
3905
3906
3908
3909
3910
3912
3913
3914
3915
3919
3920
3925
3926
3929
3931
3932
3935
3936
3937
3939
3940
3943
3944
3945
3947
3949
3950
3951
3953,3965
5952,3955
3959
3962
3963
3966
3967
3968
3969
3970
3971
3975
3976,6556
3977
3979
3980
3982
3983
3984
3985
3986
3987
3990
3991
3992
3994
3995
3996
3997
3998
3999
4001
4002
4005
6497,4007,6439,11722,7755,4976,6930,12211
4009
4010
4012
4013
4016
4017
4018
4020
4022
4026
4027
4028
4029
4032
4036
4038
4041
4043
4044
4049
4050
4053
4055
4056
4057
4058
4060
4061
4062
4067
4070
4072
4073
4075
4076
4080
4081
4082
4083
4084
4142,10128,7857,8758,4087,11132
4089
4091
4092
4093
4095,11983
4098
4100
4102
4103
4107
4109
4111
4112
4114
4117
4118
4120
4121
4123
4125
4127
4128
4130
4131
4135
11298,4136,8650,5066,10125
4137
4138
4139
4143
4144
4145,6407
4146
4147
4149
4150
4151
4153
8141,4158
4159
4161
4165
4169
4171
4172
4174
4178
4180
4184
4185
4186
4188
4189
4190
4191
4194
4195
4196
4199
4204
4205
4209
4210
4212
4213
9063,11515,11190,4215,5944,11579
4219
4220
4222
4223
4224
4228
4231
4233
4235
4236
4239
4241
4245
4251
4252
4253
4255
4256
4258
10851,4259,7932,5781
4261
4263
4267
4274
4275,7228
4276
4277
4278
4279
4280,12561,8221
4281
4282
4283
4286
4288
4289
4290
4292
4294
4297
4300
4302
4303
4304
4305,8372,10533
4306
4307
4309
4310
4311
4312
4313
4315
4316
4317
4318
4319
4320
4321
4322
4324
4325
4326
4330
4331
12064,9700,10409,12106,8778,4332,10801,11763,11383,9690
4334
4335
4337
10826,9331,4339
4343
11209,6865,4345
4347
4348
4349
4350
4351
4356
4357
4362
4363
4365
4369
4370
4375
4378
4379
4380
4381
4383
4385
4391
4392
4393
4395
4396
4398
4399
4404
4405
4406
4409
4411
4416
4417
4419
4421
4422
4423
4424
4427
4428
4429
4431
4432
4433
4434
4435
4436
4439
4440
4442
4444
4445
4446
4449
4450
4451
4454
4456,5790
4458
4459
4461
4462
4464
4465
4467
4473
4474
4479
4480
4481
4483
4485
4486
4487
4490
4491
4493
4495
4496
4497
4499
4501
4502
4503
4505
4506
4510
4512
4514
4515
4516
4518
4519
4520
4522
4523
4525
4526
4527
4528
4529
4531
4532
4537
4539
4549
4553
4554
4555
4556
4557
4561
4563
4564
4565
4566
4567
4569
4571
4572
4575
4578
4583
4585
4586
4587
4588
4589
4592
4593
4595
4598
4599
4600
4601
4602
4605
4607
12163,4612,9095,9356,11556,11174,5929,11442,5685,9541,9926,5963,11346,11609,8676,8038,10993,8307,7925
4617
4619
4621
4622
4627
4629
6129,4630
4631
4632
4633
4635
4636
4637
4638
4639
4640
4643
4644
4645
4646
4647
4649
4651
4652
4653
4654
4655
4656
4659
4660
4661
4663
12553,6096,6325,6935,4664,7837
4665
4666
4670
4671
4674
4679
4680
4681
4682
4683
4686
4687
4689
4691
4694
4695
4696
4697
4698
4699
4703
4704
4706
4708
4709
4711
4712
4713
4714
4716
4725
4726
4728
4729
4734
4736
4740
4743
4744
4745
4746
4748
4749
4750
4751
4752
4754
5048,7275,4756
4758
4759
4760
4761
4766
4768
4769
4770
4776
4780
4781
4785
4786
4792
4793
4795
4797
4802
4808
4809
4812
4814
4816
4821
4822
4823
4824
4825
4827
4830
4831
4832
4833
4835
4838
4840
4841
4842
4844
4847
4855
4857
4858
4859
4862
4863
4864
4866
4867
4868
4874
4875
4877
4878
4879
4883
4884
4886
4887
4890
4893
4895
4897
4900
4902
4903
4905
4906
4909
4910
4913
4914
4915
4916
4918
4923
4926
4928
4929
4931
4932
4933
4935
4937
4940
4942
4943
4945
6434,4947,11893
4948
4950
4951
4952
4954
4955
4956
4958
4961
4962
4965
4966
4974
4978
4980
4981
4985
4986
4988
4991
4992
4995
4998
5003
5004
6405,9004,5005,12081,7124
5007
5008
5010
5012
5013
5016
5020
5022
5023
5026
5027
5028
5034
5035
5037
5041
5043
5044
5045
5046
5053
5057
5058
5059
5060
5061
5063
5064
5065
5071
5072
5073
5075
5077
5078
5080
5081
5083
5087
5088
5090
5817,6258,6099,5092
5093
5094
5096
5101
6120,9975,5102,6943
5103
5104
5105,7095
5108
9894,10440,11827,7027,5109
5111
5112
5115
5116
5119
5122
5124
5125
5126
5132
5135
5140
5141
5145
5146
5147
5149
5151
5156
5160
5162
5168
5169
5170
5171
5172
11636,5174
5175
5177
5178
5179
5180
5183
5184
8580,7931,6588,5191
5193
5195
5196
5198
5201
5202
5203
5206
5210
5212
5215
5219
5224
5228
5229
5230
5231
5238
5240
5241
5243
5244
5248
5249
5250
5251
5252
5254
5256
5257
5258
5260
5261
5264
5268
5272
5276
5277
5279
5281
5284
5285
5288
5289
5290
5294
5295
5296
5297,10994
5298
5302
5306
5307
5308
5310
5311
5312
5313
5314
5316
5318,7934
5321
5323
6736,5324
8245,5326
5327
5329
5335
5337
5342
5343
5344
5352
5353
5354
5355
5356
5359
5363
5365
5367
5371
5372
5385
5387
5389
5391
5392
5395
5396
5401
5403
5405
5408
5409
5414
5416
5418
5420
5422
5423
5424
5432
5433
5442
5445
5446
5447
5449
5450
5451
5453
5454
5456
5458
5463
5464
5465
5471
5477
5480
5481
5482
5483
5484
5487
5488
5490
5494
5499
5501
5503
5504
5505
5507
5508
5510
5513
5514
5516
5518
5521
5522
5525
5526
5527
5529,12727
5531
5532
5537
5541
5542
5543
5544
5545
5546
5547
5548
5549
5550
5551
5553
5555
5557
5559
5561
5562
5563
5566
5568
5569
5570
5572
5573
5574
5577
5582
5583
5586
5588
5590
5591
5595
5596
5601
5603
5604
5605
5606
5608
5609
5610
5614
5619
5620
5621
5622
5624
5627
5629
5632
5633
5635
5637
5638
5640
5641
5645
5651
5652
5653
5654
5655
5656
5664
5665
11529,5666
5667
5668
5670
5681
5682
5683
5684
5686
5687
5690
5692
5695
5696
5697
5703
5704
5708
5709
5710
5711
5712
5713
5714
5715
5721
5723
5725
5726
5728
5729
5732,6647
5735
5738
5739
5747
5748
5749
5751
5752
5753
5758
5764
5769
5770
5774
5780
5785
5787
5794
5795
5799
5804
5805
5806
5807
5809
5813
5818
5819
5822
5823
5824
5825
5827
5829
5831
5840
5842
5844
5847
5849,9468
5852
5854
5855
5857
5865
5869
5870
5871
5874
5877
5878
5879
5880
5883
5884
5886
5889
5893
5894
5896
5900,8420
5902
5910
5914
5915
5916
5974,5918
5919
5920
5923
5924
5926
5931
5932
5933
5934
5935
5938
5940
5941
5945
5949
5950
5953
5955
5962
5964
5965
5973
5975
5983
5985
5987
5988
5990
5993
5994
5995
5997
5998
6000
6002
6003
6004
6006
6008
6009
6010
6011
6013
6019
6020
6024
6027
6031
6032
6038
6042
6043
6044
6047
6352,6050,10059,8845
6051
6057
6058
6060
6062
6063
8296,11034,6064,9847
6069
6074
6075
6077
6080
6082
6085
6088
9793,6090,8918
6093
6094
6102
6104
6107
6110
6112
6113
6119
6121
6126
6127
6128
6130,9127
6132
6133
6136
6137
6138
6140
6142
6148
6150
6151
6153
6155
6156
6157
6158
6161
6162
6163
6164
6166
6167
6169
6174
6178
6180
6183
6185
6186
6187
6190
6192
6193
6195
6199
6200
6201
6203
6204
6205
6209,6411
6210
6213
6217
6219
6220
6222
6223
6224
6227
6231
6232
6234
6235
6236
6237,7637
6238
6244
6256
6260
6262
6263
6266,10803
6267
6268
6274
6276
6277
6280
6281
6282
6284
6286
6288
6289
6294
6295
6297
6299
6301
6302
6303
6306
6307
6308
6309
6310
6311
6314
6316
6321
6323
6327
6330
6331
6332
6337
6342
6344
6345
6346
6347
6350
6351
6353
6354
6357
6359
6362
6363
6364
6365
6366
6369
6370
6374
6375
6377
6378
6379
6382
6387
6388
6389
6390
6391
6393
6395
6397
6399
6400
6401
6408
6409
6412
6414
6415
6416
6417
6418
6419
6420
6421
6422
6424
6425
6426
6427
6430
6431
6433
6437
6438
6440
6442
6446
6447
6448
6452
6453
6456
6461
6462
6465
6467
6469
6470
6471
6473
6477
6478
6479
6480
6482
6483
6485
6486
6488
6492
6493
6496
6506
6509
6510
6511
6513
6514
6517
6521
6523
6524
6525
6526
6528
6529
6531
6532
6533
6540
6543
6552
6555
6557
6561
6562
6563
6566
6568
6569
6571
6572
6573
6577
6582
6583
6584
6585
6589
6590
6592
6595,9998
6597
6598
6599
6600
6603
6606
6607
6610
6611
6612
6613
6824,7051,6614
6615
6616
6620
6623
6624
6626
6627
6628
6630
6635
6636
6645
6648
6651
6652
6655
6656
6657
6658
6659
6662
6663
6666
6667,11445
6669
6670
6673
6674
6678
6682
6683
6690
6691
6692
6693
6696
6701
6702
6709
6711
6713
6716
6722
6723
6724
6727
6728
6733
6738
6742
6745
6749
6753,7914
6754
6755
6761
6762
6768
6769
6771
6776
6779
6789
6795
6797
6802
6808
6818
6819
6823
6826
6827
6829
6832
6833
6836
6839
6840
6842
6845
6847
6848
6849
6858
6861
6864
6866
6867
6869
6874
6878
6882
6883
6887
6888
6891
6893
6899
6900
6906
6909
6913
6918
6923
6924
6925
6928
6932
6936
6937
6942
6945
6946
6947
6948
9166,6951
6955
6956
6960
6962
6967
6968
6969
6970
6972
6975
6976
6979
6985
6986
6988
6989
6991
6993
6995
6996
6998
11554,6999
7002
7004
7007
7010
7013
7015
7019
7021
10378,7026
7028
7029
7030
7031
7032
7034
7037
7039
7041
7042
7043
7044
7052
7055
7056
7057
7063
7066
7067
7068
7069
7070
7071
7073
7074
7076
7077
7080
7081
7084
7088
7090
7094
7104
7109
7112
7113
7115
7118
7125
7126
7127
7129
7132
7137
7141
7144
7146
7147
7148
7149
7150
7151,7604,7575
7155
10714,7159
7162
7167
7169
7172
7174
7175
7178
7181
7183
7191
7195
7197
7204
7206
7209
7212
7213
7214
7215
7217
7218
7221
7223
7225
7226
7229
9085,7230
7245
7250
7251
7253
7254
7257
7261
7262
7266
7267
7269
7273
7274
7276
7280
7281
7284
7286
7290
7294
7298
7302
7308
7314
7315
7318
7319
7320
7321
7323
7326
7327
7334
7337
7338
7340
7344
7346
7351
7352
7353
7355
7356
7360
7367
7372
7373
7377
7378
7379
7381
7383
7384
7388
7390
7391
7392
7393
7394
7396
7397
7398
7408
7412
7413
7415
7416
7419
7427,9557
7431
7432
7436
7438
7439
7445
7449
7452
7458
7461
7465
7466
7468
7469
7470
7474
7475
7478
7483
7485
7490
7492
7494
7501
7502
7508
7511
7515
7519
7523
7525
7529
7534
7535
7536
7538
7548
7549
7550
7554
7571
7574
7581
7582
7583
7584
7585
7592
7593
7594
7596
7599
7609
7610
7615
7619
7625
7626
7627
7634
7640
7641
7642
7645
7649
7654
7657
7662
7664
7666
7669
7670
7671
7674
7675
7676
8225,7677
7680,8034
7682
7687
7689
7690
7691
7697
7706
7707
7709
7712
7713
7718
7719
7724
7727
7729
7733
7735
7740
7743
7745
7746
7747
7748
7757
7758
7763
7764
7767
7770
9669,7774,10462,8614
7776
7779
7783
7784
7785
7789
7790
7793
7797
7798
7804
7806
7813
7814
7816
7818
7819
7821
7823
7828
7835
7838
7841
7847
7849
7856
7860
7862
7872
7873
7874
7878
7883
7885
7886
7896
7897
7898
7899
7901
7904
7906
7907
7908
7913
7917
7924
7935
7936
7950
7956
7958
7961
7962
7965
7966
7967
7968
7971
7972
7973
7974
7975
7980
7981
7983
7984
7986
7988
7992
7999
8000
8008
8010
8013
8014
8018
8021
8025
8028
8032
8039
8049
8050
8052
8053
8056
8061
8064
11601,8066,9988
8071
8073
8085
8088
8092
8094
8097
8098,9303
8103
8105
8109
8113
8117
8121
8122
8124
8128
8135
8144
8145
8147
8150
8151
8152
8156
8169
8170,11244
8175
8187
8190
8195
8208
8212
8215
8220
8222
8226
8228
8231
8236
8238
8239
8244
8249
8250
8255
8256
8257
8259
8267
8268
8269
8272
8275
8279
8282
8284
8287
8288
8291
8293
8294
8295
8298
8300
8301
8304
8309
8310
8312
8314
8319
8320
8325
8335
8337
8338
8339
8344
8346
8355
8356
8360
8364
8367
8371
8383
8391
8392
8402
8404
8405
8407
8416
8417
8419
8424
8425
8427
8439
8440
8441
8442
8447
8448
8452
8471
8477
8478
8479
8480
8482
8495
8500
8503
8504
8512
8524
8529
8531
8535
8540
8544
8545
8547
8548
8559
8564
8569
8576
8588
8591
8595
8596
8610
8611
8615
8616
8621
8627
8631
8632
8633
8634
8637
8640
8648
8652
8653
8660
8664
8669
8672
8684
8685
8687
8693
8694
8696
8698
8699
8700
8703
8704
8705
8718
8719
8723
8730
8731
8734
8736
8750
8755
8761
8771
8772
8774
8780
8781
8782
8790
8791
8793
8795
8799
8800
8801
8806
8810
8812
8815
8816
8818
8822
8824
8825
8827
8830
8838
8840
8848
8852
8860
8865
8866
8871
8872
8877
8878
8882
8884
8889
8890
8893
8899
8907
8911
8916
8920
8924
8926
8930
8938
8939
8940
8941
8942
8944
8946
8967
8972
8977
8979
8980
8981
8982
8984
8985
8986
8987
8992
8993
8996
9000
9001
9006
9011
9021
9032
9033
9041
9044
9049
9052
9055
9056
9070
9083
9086
9088
9106
9108
9109
9116
9120
9122
9123
9124
9128
9146
9154
9158
9172
9181
9183
9184
9188,12445
9196
9204
9208
9212
9221,11382
9225
9226
9233
9235
9238
9245
9258
9259
9264
9273
9276
9282
9291
9293
9296
9299
9302
9305
9308
9319
9320
9323
9348
9359
9364
9367
9381
9388
9399
9402
9404
9417
9418
9435
9441
9447
9460
9465
9466
9483
9484
9485
9489
9491
9498
9501
9506
9508
9510
9542
9566
9577
9582
9590
9598
9604
9612
9624
9627
9650
9660
9681
9682
9688
9689
9695
9701
9703
9715
9727
9730
9732,11278
9734
9750
9755
9766
9777
9780
9790
9800
9803
9827
9828
9840
9850
9852
9855
9861
9862
9870
9887
9896
9908
9932
9937
9960
9966
9984
9987
9996
9997
9999
10000
10003
10020
10032
10033
10034
10056
10070
10077
10099
10100
10112
10114
10120
10148
10151
10156
10197
10199
10206
10226
10236
10237
10244
10257
10283
10285
10286
10308
10328
10339
10376
10388
10390
10396
10416
10430
10446
10597
10608
10612
10636
10639
10641
10653
10684
10739
10779
11121,10789
10815
10823
10828
10831
10856
10879
10880
10939
10959
10989
10996
11003,12231
11038
11080
11135
11154
11191
11216
11279
12600,11439
11477
11542
11810
12079
12363
