833,2119,1901,2871,473
514,10019,10149,3724,8214
8802,10251,2553,729,859
6500,5765,9708,1110,3993
5536,5410,1483,9620,9335
1922,4484,6757,6535,8211
4097,7621,8199,2025,7024
10209,8613,10413,2293,8729
6699,6384,6202,6938,2653
5056,4773,2664,10091,4373
11655,2727,11981,3892,11321
3746,2923,4244,4959,3519
4801,11334,3062,10169,10142
9487,3123,7190,9719,6265
3682,3874,4710,3157,4790
9218,7875,3304,10005,8735
9601,9240,3354,6908,7293
12331,6644,11000,12060,3455
10374,4008,7788,7888,5631
4352,8165,4904,5576,7644
11266,8072,8841,4604,10429
8836,7863,4953,6814,8831
6435,5350,5672,6131,4987
8353,9222,10377,9936,5144
8805,9831,5677,6259,11479
9541,8038,9095,5963,9356
10403,10119,6518,10524,8413
6794,6959,7569,6965,7551
8988,10152,9275,9244,7165
9770,12243,7219,11862,10012
9546,7825,7282,9529,10138
7752,10766,9203,10556,7389
9665,7395,8904,8617,8541
9765,7435,11789,11857,10974
10593,10980,9959,7728,12053
8928,8485,8905,9101,7762
8450,9763,9648,9168,8692
11009,10319,8657,11926,10490
10061,9965,9389,9810,8798
11046,8971,10607,11193,10300
9415,9576,9352,9162,9578
9762,9736,9713,9271,9759
9283,10215,11502,9911,11513
12514,8116,9467,9726,10687
9735,9739,9804,9677,9718
10083,11077,9706,10738,10930
10753,10584,9812,9783,9720
10183,10474,11414,9752,10844
10405,10839,10618,11063,9786
10179,10022,9895,10031,9951
11174,9926,11442,11346,11609
11524,12775,11786,11851,10200
10210,10246,10249,10933,10553
10632,10219,10572,10710,10683
10441,10224,11122,10264,11391
10692,10482,12083,11033,10271
10598,10445,10576,11859,11605
11848,10491,10833,12251,11388
10176,11457,10669,10837,10678
10976,10759,10889,10827,10892
11136,10819,11308,11250,10972
10915,11594,12270,12372,11895
10922,7660,12654,6290,5015
10925,12782,12173,12216,2681
10979,12484,3114,11099,10781
11008,11333,11380,11543,12408
11140,11047,11218,11097,11291
11312,11070,11834,11710,11807
11105,11393,11494,11463,11125
11297,11330,11400,11311,11359
11808,12421,11304,12765,12286
12033,11431,12041,12203,12244
11522,11435,11443,11481,11514
7778,12036,10728,12077,11455
10181,12170,11472,4856,10366
11877,12167,11473,11770,11709
11654,11558,11629,11699,11679
11850,11659,11568,11600,12088
11562,11952,11666,3541,11576
11627,12171,12183,12155,12799
12740,12229,11782,11657,10835
11841,11813,11725,11772,11965
12738,11750,7430,10284,10709
12482,12770,12671,11918,11871
11909,12615,12141,12015,12692
389,11688,11913,4684,12116
12032,12227,12324,11989,11963
12004,12052,11992,12057,11998
12193,12135,12114,12092,12063
12294,11112,12138,9771,12538
12200,12235,12309,12214,12281
5671,9672,9521,12241,10014
2337,6625,12266,6671,12250
12385,12304,12499,12407,12283
12390,12458,12402,12371,12316
12481,12515,12422,12467,12597
12451,208,12464,12726,12446
12518,12522,12463,12498,12507
12118,10007,12473,12732,11229
12809,12527,10802,12663,11032
12547,12567,12537,12573,12542
12640,12612,12677,12583,12604
897,9615,9586,12633,11901
12744,12746,12723,12699,12735
12803,12712,8912,7993,9820
12802,12772,12774,12784,12762
10432,12832,12771,7595,11916
12806,12813,10157,3956,12830
12195,4358,2248,11249,9495
5186,10564,5317,4101,12541
12512,4899,10662,9927,5194
8164,12005,11016,9910,6875
11716,11563,11052,10002,5334
10788,5642,9931,10412,12921
5217,9477,3463,10248,5820
11555,4771,10023,4559,11539
12160,5540,5222,6170,6398
12449,8262,12263,7987,11997
8738,8739,11833,1913,7611
9857,10372,74,6291,9877
6116,4488,5705,4717,1905
10436,10789,9675,8435,9175
10754,8970,11979,10703,10230
3520,11809,10543,3828,12120
10384,12084,10840,9370,9854
11427,11332,11557,5380,12178
11811,3275,6546,5237,9592
578,12069,1939,12790,11519
6534,7976,9005,10958,12024
9738,12110,2800,9940,9428
11745,4550,7918,8722,4924
296,9772,9206,6072,10239
1744,888,599,408,508
11236,8874,11864,472,10141
10784,779,7476,6270,863
3237,6125,978,5882,11327
4360,1968,9012,10042,5054
7264,5539,9326,7568,2480
5001,2796,5357,6576,7161
5161,3817,5515,4019,2803
2862,8655,9270,8571,8542
10496,6084,4198,5648,3707
4800,12105,8426,12756,11767
6792,5966,6897,5972,6902
7016,6601,7756,8112,6519
12353,12739,11588,9292,6520
12009,6672,11607,12347,9950
4006,6953,9072,10132,11897
7457,7876,7311,7865,7003
9440,9980,7385,9724,12670
8387,8009,7658,10898,8891
11556,5929,10993,8307,7925
8043,8365,8057,8507,8252
8166,9544,10475,9260,10427
8646,8688,8785,8476,8223
9059,8586,8875,8556,8534
10145,12713,9076,12443,8862
9892,9255,8879,9553,8915
9281,9091,9263,9363,9140
7768,9712,9493,9621,9880
10060,9913,10037,10073,10047
9928,10089,10451,9914,10011
10017,6536,10611,6459,11357
3464,974,5646,3507,10101
10449,10130,10164,10166,10106
11089,10194,10483,10838,10808
6083,10917,10407,12149,10583
11777,10435,11915,12078,11005
10437,11924,12662,12187,12828
10849,11917,10484,10614,10774
10945,10724,11114,10861,10677
10949,10991,11092,10901,11007
10982,9512,3824,11035,10812
7655,11151,11119,6743,8286
11369,11669,11126,9629,11103
11137,12194,11396,11820,12338
8035,9284,9445,11237,11163
7040,11202,11945,11533,10225
12071,1775,7121,11223,1112
11370,11345,11251,11254,11324
11717,11373,11446,11611,11390
11617,12067,11914,12279,11423
6501,9868,11599,10096,9976
11843,11847,11785,11728,11739
2404,11817,10030,12727,2617
11969,11949,11854,11929,11903
12168,11919,12146,12276,12378
12006,12070,12111,12145,12159
12196,12233,12201,12237,12255
12299,12397,12599,12603,12605
11787,3291,12302,10713,1915
9889,12452,12680,12403,12349
7587,12741,12714,3283,12795
10691,9387,2966,12761,6458
10530,12488,7021,10511,1782
5185,4678,2985,10507,11537
2402,10770,5523,5492,11069
8834,11053,12174,9775,10807
10883,9102,11343,9398,10967
8041,4110,8623,10992,9009
3780,11822,11188,2649,8958
8769,7842,8566,7098,6876
8065,8997,10027,1809,12593
12384,3137,7586,10420,12150
11104,10952,7699,4730,2908
8581,9941,5497,4891,5278
7239,10764,5679,10546,10712
11458,7046,4105,5388,7359
9024,10094,11283,11028,10102
10920,11406,12438,9373,639
11424,11076,10000,11164,3039
7561,12330,8111,1393,3579
9505,327,8136,12365,11006
8964,2256,9779,3348,7647
12650,11788,4625,10548,3189
8550,3878,9353,7317,10463
9028,12814,9683,4470,8759
11010,8451,10309,8537,10459
10531,10536,10986,7380,2844
11073,10932,11221,11353,10908
11799,10995,11988,12055,11511
11713,11587,11460,11683,11510
12099,11911,11881,12157,11967
8514,9419,12089,7613,5182
4608,7364,12103,5270,11639
12416,12322,12389,12265,12209
12490,12459,12717,12494,12819
6664,651,3117,10896,3096
6248,5800,851,9301,6591
5858,8966,12493,12667,5407
8202,9164,10510,7247,7804
10985,5167,4024,4156,3773
8678,9747,10294,4023,3898
9832,4265,12619,1364,12730
10382,9969,7186,9143,11130
12417,11234,12013,11888,11958
12685,11022,11705,10554,10943
6464,9572,11402,9883,9469
10048,10113,10216,12343,3481
1351,9455,10103,3063,10204
4552,9837,8654,5143,10937
7403,653,6575,10391,9756
7425,10082,9067,844,1813
999,9901,12305,6871,10681
3334,3210,7498,6098,3605
8608,4934,9131,10455,12638
12354,9061,6981,12793,11835
7361,7879,10509,12307,10845
11663,9585,8532,11348,8379
1088,10050,4291,10984,11743
6773,7194,10043,12476,12062
6499,7815,5772,7539,8860
9539,1384,139,4402,180
9476,10247,8330,818,1499
8354,8910,11342,11219,10875
9634,6985,7921,9653,5406
5412,7205,9224,7894,11736
12425,12172,10066,8306,12500
7552,11002,9935,11769,11578
11240,11948,9426,12021,11261
12554,12207,12208,12335,11795
10882,12327,8721,11062,11545
12587,1136,10227,11416,12543
11109,10954,10858,3024,6198
7296,9231,4626,3093,9918
10791,7116,12698,11483,7166
2246,11754,4524,9132,10651
4705,1348,10289,9497,6750
8523,6958,12624,10581,3199
11645,4500,7418,1243,9981
9865,1694,9903,11230,11935
11232,9729,10504,9142,11581
3340,1969,9813,9559,8733
9761,10346,4912,11313,5843
9829,3721,11214,1458,10776
5830,10099,12054,5495,6328
10092,2764,11737,145,12153
10369,2818,7278,467,11199
5538,5861,9160,10134,5719
9219,10577,2134,10137,5051
7207,12457,211,10171,6973
5348,10345,11116,6476,861
1988,8107,752,10523,2654
11616,588,3506,2935,8506
3712,2698,8491,10872,8895
1222,7020,6252,10351,11760
10244,3535,6800,8213,9977
4836,9707,8683,8725,10079
9248,5069,4973,6548,11448
5190,2034,9947,10557,10207
9954,1128,9801,10675,8347
8421,6312,11210,3436,12620
11171,7880,11465,11925,10811
9097,11983,8240,8444,4095
11074,11042,12356,4876,9176
10340,12709,8265,6538,10062
10211,8829,10279,12176,10813
10823,12754,2329,11610,2462
11176,10280,11849,11118,2321
11048,11120,3090,10520,10527
11329,330,7499,7370,7447
12039,9073,12629,10616,12570
3169,8807,1373,4925,445
11907,7428,520,9897,4382
7556,4967,7760,10771,9823
11337,11182,10353,8242,11358
5700,9286,11622,9037,12242
10816,7433,10447,10836,11647
12745,10923,8974,8466,12571
10502,5519,12177,4248,9791
10318,10768,9427,11671,4700
7427,11603,4723,9557,9368
10672,10550,1847,2233,8763
2630,9644,8560,4341,2453
7329,6859,5838,5982,3679
7912,11246,12079,7164,11102
9924,7698,7730,7349,8921
11363,8520,8079,10578,10388
8099,9513,11839,10799,4287
11036,10699,11890,11347,6012
3080,12398,11484,6684,575
6475,5291,7448,11802,10715
4576,8329,4298,10643,9652
9057,6090,4460,10515,8605
6338,11496,7216,1681,8159
9197,10575,241,11955,10364
9776,11121,3857,11733,10749
11456,6052,900,3755,9361
3104,5475,1027,4677,4071
2388,8180,2710,3769,6911
10596,5767,9338,12284,6333
10255,7893,8373,3095,1789
9702,2160,6741,8598,6879
9075,12533,1081,7866,6109
9538,291,2815,5239,191
2528,4452,6762,7512,5246
8832,10756,3056,5811,9982
8204,4400,7832,11293,5887
11626,693,11031,5592,5211
2688,10944,8552,10603,9678
4142,10128,7857,8758,11132
4870,11880,7342,2228,12023
11425,6731,9421,6810,1050
10735,8431,436,10909,1983
8963,5029,8775,12399,5465
9071,9687,12312,10074,3804
9825,11049,491,7791,3643
11584,611,11432,10444,2268
11697,8658,3961,7516,8991
6023,4046,4623,8276,6815
9991,8651,9709,10127,9788
9377,9575,10408,9366,11134
11204,8263,11064,9309,10559
11340,9393,12056,9844,920
12066,11845,7270,10322,11771
5701,6863,2262,5049,2586
10978,1321,11306,5899,11761
7208,5259,7437,3823,10299
1537,8749,8625,2421,6972
11840,2434,11184,9851,6079
9060,8933,11111,9200,12273
9569,12546,2372,9636,3355
9607,10440,8563,11222,1630
7816,9098,6320,7382,442
9412,6553,7407,8853,11993
10723,2599,10671,9973,11065
2754,10755,9545,9129,11437
8385,10028,9492,6423,5752
12165,135,7505,7410,7900
7203,2339,4782,5593,1085
12064,12163,8676,9700,10801
12325,328,7635,8501,10742
12485,11242,11957,536,10203
6313,5036,4207,2543,10231
5216,8001,2948,9295,2910
4865,11720,9330,5362,7702
12480,6179,4620,10830,9113
9288,10350,12496,6739,4284
711,7248,11477,8792,4603
10658,7053,7537,11867,6396
3848,3916,10477,9134,12287
8322,5030,9430,5208,7930
12448,12679,12012,9842,10296
11141,9867,11564,7471,10842
7366,11977,10410,3373,9038
10505,10734,8434,10291,11100
5612,10508,11480,12185,9050
8770,4707,10864,8019,12182
11461,523,5266,10899,1208
4641,7105,11107,3179,11954
8716,2647,11640,11580,6206
7910,617,5110,7708,11869
3361,12611,2349,8271,10996
11108,11205,2958,6326,7803
9316,12551,9267,372,1881
8328,9618,6196,11284,8376
9638,4742,5611,2350,7375
1666,8804,3122,10966,10941
3392,11045,7309,7830,1726
7810,8106,7947,9114,9278
5154,6403,11852,8118,6747
901,4811,1612,8567,285
10338,7716,8423,7184,1183
12649,1099,6296,11322,11294
10854,10758,12045,3125,12470
1316,8486,7153,5786,4413
8037,12492,9139,9268,9912
3617,9938,9081,3292,7454
3363,8457,471,8473,1149
545,11299,5220,422,2185
10024,9833,1399,8216,4155
9349,2056,4430,663,10488
5152,9536,4051,10197,12061
4642,9923,5386,6324,10591
5955,7527,10537,9517,5459
6275,12333,12115,6676,8726
11464,10473,8303,10159,7927
7399,10535,946,9494,11288
6851,8358,5558,10329,3323
10186,8075,8876,9558,10301
5381,6373,7946,11756,9019
3753,4457,9964,302,10911
11407,10962,4053,9215,7103
2437,9746,12282,9372,9182
3881,3697,8530,11153,8572
9988,8614,11601,10462,7774
12198,5580,2675,755,2203
12228,12553,6096,6935,7837
11459,12710,5426,8247,3193
11940,359,5618,7636,4472
6146,5351,11569,952,11263
647,1262,5232,915,2168
9380,8489,8459,2989,1046
1186,5252,7623,4374,9751
12234,10414,5911,5784,2813
4610,12028,4141,7989,8828
7559,3816,1869,9876,10173
7313,11959,8697,8636,12125
10472,2634,2988,11023,11803
4354,4774,11818,2316,767
2728,4911,7922,8342,4989
3328,5091,9362,9593,10235
672,7138,6852,7941,7096
256,12059,8455,3564,9595
2945,11749,4941,9457,8120
9962,12300,6319,2486,7160
8233,4618,7404,6455,3388
8740,4999,2921,7087,8083
12362,10417,8753,11382,6903
8896,6915,8044,8603,7996
3405,1648,9748,9816,4538
6602,2288,11096,10587,10846
10948,12644,11179,917,3928
9313,7686,7341,5113,11098
2144,11490,7948,8496,8406
8864,9953,11942,5584,3165
8803,8808,8873,12074,1301
10497,3245,12238,12376,11994
7648,7054,12240,6292,2782
8962,10760,12528,7795,12308
2761,7117,12401,6650,5534
11265,806,12465,9939,3539
9728,12483,7781,6245,5575
6784,627,628,9017,10461
518,8299,9329,3636,8796
9409,10386,10261,3864,12126
1327,5234,2744,9821,4543
9863,11439,6322,7027,10585
8484,10214,6450,6686,8511
7333,10822,7157,7765,12375
8386,5512,7531,11693,10038
10594,11013,4329,10987,8861
9920,12769,4946,5756,1213
134,7794,2547,10938,1532
3681,5866,5867,10006,8218
10761,5489,4820,8668,10878
7808,7969,8709,6317,9784
12355,3267,9768,7177,5556
8290,7845,11856,11828,2552
6922,12109,7759,9818,12766
8161,8418,11044,10354,11732
7496,3313,9174,10456,6783
10722,11723,10093,3152,10740
10916,4200,10763,7631,1937
7426,7939,7637,10649,10847
9795,8102,1515,9201,10579
6860,1202,1429,11158,10040
12321,8679,2289,10486,3614
4353,8196,237,432,10258
4993,9413,10956,1971,8378
10532,7336,9623,8412,10494
12415,1232,11644,6654,10431
7009,8011,3438,9332,7839
3938,8134,402,8854,9658
3587,5897,11273,11260,12095
4612,11115,334,5685,7705
10373,10438,12780,8913,8978
1824,6144,3009,680,9433
10851,4259,5781,4377,7932
8714,7853,1587,4852,8925
6884,7844,5398,246,281
4201,8397,10223,4692,7959
6821,9480,5578,10172,1918
2496,6977,2608,10260,3190
8230,8518,4938,240,9685
5095,8843,4815,7546,5821
8998,3303,6542,2038,7421
7663,3219,5331,5788,4415
4293,11625,10124,7696,8604
7944,10090,9645,8784,12406
3714,9425,11540,12405,10518
2021,8361,11636,10389,4662
3396,6512,12310,8153,11197
1895,7048,7755,2700,12211
12320,12534,4216,11451,7711
5282,5989,5992,7665,10078
9961,2734,11984,9874,10421
10565,4615,6987,11826,11673
2567,8399,7700,3957,2366
2314,10381,7152,11314,9814
11360,8999,11541,9879,6014
2532,173,6609,24,2879
5377,8898,5134,3924,10393
9194,10068,7931,6173,1374
10690,4166,10513,5626,9725
2500,6632,6668,8975,2517
12225,9916,3907,9580,9436
2343,10569,7082,9002,4463
6850,8132,4359,5834,2840
9152,2436,1188,10493,10110
3744,6725,9640,10645,7000
10466,10275,7114,10860,4763
7530,5647,3091,3347,6015
8297,4970,7542,5623,4794
6122,9802,5644,10458,9147
4871,8519,11209,8235,6865
9280,10158,9556,8666,10814
2465,9511,7754,3155,10902
6050,10059,8845,6352,12665
4513,11810,5891,11526,11307
6856,11500,11378,8437,9943
7235,11515,11190,4215,11579
9507,8389,1287,10544,8285
7714,10087,10903,1752,6619
650,9774,11824,4568,5567
4065,4004,5616,12306,11192
6466,1122,8868,4778,8562
1633,6704,11123,11544,8090
11619,12409,5498,10652,2335
10887,10568,6189,9205,2750
10633,5227,9714,8184,6777
10217,3754,6961,6298,12414
9514,5356,9424,1845,10910
6371,7467,10704,2968,10398
8167,11793,9016,10965,10232
10478,147,5017,7995,8317
10529,1935,9336,1850,6812
11298,8650,5066,10125,11796
2061,5358,9583,10717,9150
1029,11468,8820,11157,9530
9890,71,9228,9298,1210
7520,4779,5486,2485,6108
5376,4387,9199,8662,4094
2663,11095,5937,4407,3358
4066,1731,7,1198,2489
11970,8708,8887,4047,10743
1600,10055,9673,7570,10773
3310,2478,11503,11194,990
1859,2535,12598,3896,11101
9094,12010,1040,5689,4573
7938,9956,4115,8565,6782
7240,8585,4715,6036,9242
11651,8004,2854,12456,3281
9696,9031,8266,3214,6586
5761,8138,7597,3380,7614
10826,7179,7602,4441,8315
4064,9035,11376,7035,10140
7607,1282,3427,9905,9111
7363,1480,2833,3026,4949
8742,9234,856,4921,5275
5375,3022,7796,11546,8639
3108,5225,7694,6872,957
3973,6633,1784,1020,3422
8229,11144,10990,1814,9341
10498,9635,2758,8313,10526
10689,11173,2503,9289,5269
12386,11747,11595,1528,12382
12517,12591,12752,5394,12562
12870,12934,12815,12913,12822
12128,12935,905,3322,635
4673,6221,7604,6040,6653
2278,3057,1074,10331,11198
1509,7786,8398,4272,9085
6853,1584,5778,1267,9693
9699,7107,10541,2642,7933
8096,3203,326,5129,10045
3680,6793,11698,7603,5209
11040,97,2607,10193,3675
1185,6028,10220,5079,5434
11528,2669,113,12081,8372
9796,484,8582,12007,11408
6434,2024,3372,6772,2715
11746,11335,6889,11964,2588
6176,42,9358,9654,7065
8481,7400,8589,3216,630
10855,10256,4818,244,4733
4225,6214,6694,2984,5076
1382,10419,12180,4788,633
3296,7489,6886,10522,2302
5698,12613,11665,7386,7196
10787,8682,8395,2475,986
7332,6892,5717,6775,7870
3588,10792,6578,10970,829
7328,4007,298,3476,247
11372,5200,11155,245,3615
6854,10926,310,4025,7771
7869,8396,10642,7643,2269
1761,261,86,6685,9471
10115,10605,6095,5907,7222
12192,8867,11027,9845,10453
8641,2178,9155,10352,3610
9639,8393,9525,7255,9117
9573,9383,6508,10765,8445
2889,9390,6933,5304,5849
9858,804,2320,7409,6675
8456,5322,7951,1135,2322
4616,3566,7091,9463,9277
1513,10314,10228,8855,6360
11755,975,6807,9596,7903
7683,9669,1033,12108,11117
1667,4881,2869,2870,8059
8488,8201,3240,9651,7799
8643,11731,1779,7193,2047
2057,3341,5136,4597,2238
8006,10539,11212,9004,12191
8332,6830,1270,6811,8191
227,3703,1465,7130,9180
8900,5199,10994,10362,9407
325,6707,7606,5848,94
12579,1189,10348,6580,8917
10638,11536,11090,10871,10877
2472,12908,4437,10295,12666
5474,3748,4389,9968,3383
8549,3226,9422,9274,9437
9062,7558,10953,10571,8691
8198,6617,6799,9331,9241
41,10443,5617,4722,7422
743,10174,1335,7678,7807
8674,5693,2665,3069,1342
10631,6444,8207,10290,3701
9606,7368,8042,11927,1146
12068,2731,5657,11933,2174
4517,7693,3249,7890,10198
9667,7812,1970,3060,8123
6089,7159,7289,9533,4126
3010,6885,1861,5100,9773
4579,869,5798,2618,3934
4162,7086,5782,4664,1692
4896,5796,622,1494,1599
4581,9125,691,6394,8380
5280,11466,6642,6805,4667
898,7017,8856,10394,3484
3269,5457,3256,3128,5055
12098,1730,10001,10673,10262
968,11019,9649,9781,10015
8224,2893,9297,7059,7135
1200,10292,4853,6997,6907
6343,5961,11438,2511,5976
714,1035,9262,3921,254
7526,399,11921,6963,8951
8645,11975,1169,3602,10481
6752,8258,5676,531,10905
4262,5384,3728,4693,9279
6881,7940,4167,7629,8016
9891,12017,4339,3545,9853
4611,10053,1581,5742,9307
7456,7601,1844,8054,1306
7238,7079,9138,9266,1951
837,6278,10063,10168,7742
1473,8778,10955,3054,4541
8227,6766,10895,5775,10321
9826,12076,10317,10323,761
4944,5970,1299,9334,4249
1127,9193,4176,3186,5912
10625,2766,9104,8051,7128
7201,5859,4806,1431,11676
10402,8326,9170,11575,10072
8390,9608,5946,10620,8701
6661,5286,10378,10748,1311
5157,5615,4720,4086,3067
11338,7628,4917,4990,3423
2183,5639,5812,5814,1531
9473,8066,1825,3494,5174
3789,2798,1390,2258,11700
9742,8880,9395,3832,10745
6951,2121,9166,6898,2932
3466,6159,10332,9054,2111
236,8047,885,4124,5981
5863,9448,3563,9300,11387
7945,3482,5845,1079,11450
9824,2309,5925,10250,8767
8193,1676,3502,7258,7323
5760,7491,11781,7401,8783
9666,5123,11364,9321,3543
5326,4658,9458,8245,9304
7553,751,1522,7224,4509
8296,6064,9847,8343,11034
3040,2062,1147,10780,9118
9249,7509,3797,6681,12508
1095,1006,2769,6076,9630
2594,7171,1637,782,9496
6497,7304,11722,6930,2201
2435,8142,6103,8472,4154
9793,10178,6250,9710,3571
5991,3274,8076,9554,2836
7232,5733,7081,1143,7576
6791,8937,5236,10008,2845
3145,7504,8341,4889,1404
9986,5571,7721,2039,10334
8737,10730,4340,5750,11899
8352,7170,5443,10315,8155
3842,6021,5478,10311,5851
9420,2925,7473,10487,7481
1124,7110,2998,5815,9978
9805,4078,5744,9946,4828
5476,902,8509,1307,1309
6336,9230,7347,855,7513
9187,7620,3557,6279,9202
10116,8493,9396,10653,5598
3302,10121,5460,1365,4829
5673,11146,3445,182,9567
2182,4232,6172,9116,1150
8003,3657,2124,9236,1145
10680,43,2894,2992,1880
11658,2028,10161,5213,4798
9922,7565,11631,2227,7199
6305,11113,9807,2929,5235
8033,10601,4888,4530,2488
6449,4221,12471,5181,1246
6917,9063,5944,1882,7163
7176,6065,12435,3801,11931
9894,6581,2166,8409,5500
5511,5032,5165,8115,6838
11552,2692,4873,6380,10252
1953,8528,11729,4536,8570
5319,9547,1998,10415,2002
3295,4901,9518,10165,6207
9866,6091,12044,5039,8082
4420,6059,11278,3763,9461
1505,5163,6550,7450,6143
11778,8458,4813,6929,8158
11169,8580,5191,9047,6588
7050,3981,4880,5462,5565
5833,1547,1009,2839,6905
8773,7852,11662,5166,12400
2497,753,8179,8661,8923
9835,4533,9717,8089,8764
3424,8583,9611,7884,10335
9637,8823,10360,11547,3964
9090,8429,8849,7732,5469
9921,4327,3433,7100,8350
4192,11398,4718,8048,6105
10306,2661,7895,2110,895
1381,8809,10863,9907,2687
5959,10567,6451,2550,10270
4492,5005,1873,12151,2330
1008,3732,1622,476,5853
4034,6439,11827,9945,7486
2564,2538,6893,5901,10254
11168,8357,5909,1941,4087
5099,5293,1806,1750,312
7299,2824,7726,4848,9787
1250,11011,10018,8219,5052
939,76,9082,7517,2974
4737,9992,10122,4237,5661
3138,10821,2738,5939,9819
2470,6539,6637,8463,926
5793,8746,2318,10359,9754
7566,4475,3739,8029,11999
9453,7503,2003,10325,2907
7877,3879,3177,4650,9564
2530,6920,5262,3260,3870
6114,7588,10503,9482,1242
3719,7495,7955,6490,6300
1153,10697,7085,3162,9053
8098,9896,5746,11059,12600
10786,10021,4270,3694,9915
8870,4397,7887,9849,5628
8225,3779,10342,1464,7677
6756,7211,2832,4408,7001
3524,646,6824,4205,6614
3272,8363,945,3252,5400
10880,6759,5417,1776,6780
8711,9096,8400,1138,3032
4930,5797,7817,5106,7575
2625,8612,7630,3059,9406
4003,1832,1875,4634,571
2979,2374,8454,5969,5529
1925,6921,2570,3342,2107
941,6734,2066,119,3738
9252,4068,7684,10809,3550
75,720,563,11766,188
4160,4136,206,1114,4187
5730,2219,8177,7954,9078
12288,8839,11383,5658,2587
2090,7405,8093,7710,2655
1538,2662,4495,11187,2104
3619,5943,4787,6071,8024
4132,7652,10566,879,5979
4547,6862,5649,9690,7227
2951,5002,7181,3574,7423
3845,7301,1645,2357,3103
4206,6639,1167,3799,4639
935,11404,2540,1356,7093
9632,3362,6030,4275,7228
5413,2132,11863,1978,10205
4494,4208,722,1653,5754
7279,8592,4305,2580,9723
11972,5581,11411,11702,11420
11200,12426,9998,12440,2425
8961,10989,3954,6582,7357
162,3525,6025,6325,950
7750,3335,2792,7414,5274
6721,5347,9811,8760,3742
10336,4227,363,8918,9499
3300,6181,10731,7957,6558
8468,2102,7991,11224,8606
6182,3632,2386,5435,9949
9089,9385,9612,9232,7026
9504,9171,5397,7864,4379
2242,6087,6445,8952,11774
3808,6984,2032,5173,5881
4134,7306,5324,10349,7288
7045,486,6152,5139,2996
3495,8885,2265,6237,9503
6139,6026,5390,4982,3835
5024,4426,3126,7928,8766
11650,10533,5221,1669,695
7915,559,4783,6679,9438
839,1707,4242,7956,10430
749,7800,6969,4346,2236
10409,12106,4332,11763,2554
9600,1927,5068,8525,2524
3465,6474,5846,2230,7292
6147,2859,9967,407,8154
6113,9641,4170,4045,1423
9449,9841,4313,92,4668
493,2029,6803,1877,9470
1699,6949,2888,6228,6719
2592,12035,5318,3658,11892
1312,7680,12561,6491,12445
10848,4868,11319,10202,5980
6564,5439,11025,7964,8031
5127,2250,2613,11129,10975
7518,9064,6345,9357,3710
769,3011,3952,7859,1142
3459,356,7782,701,3261
3582,6160,1362,7124,5310
1576,7307,1068,6385,1691
3489,5092,4042,6701,3930
6148,9397,5271,2747,7455
5764,6376,3148,5422,4022
4544,9446,11893,6392,3164
3332,6988,7727,8786,6745
7780,4558,4079,6097,5138
6978,5986,6066,2678,2718
5120,9221,3118,8144,8464
7362,2563,1060,2826,7230
8034,6156,1519,3958,10714
3308,5102,6545,9975,6943
8551,8492,5105,1395,10107
7942,10278,6962,1175,10906
5378,11554,6120,6999,7133
5666,11529,12363,9036,785
4675,425,2285,2257,6100
5632,1281,5716,5140,7934
4289,965,2533,1770,146
2596,3143,5368,11419,3294
6677,3510,8696,8251,6687
6530,9732,1557,9303,2359
4805,3918,401,10105,1084
3942,3628,7892,5561,2589
3814,6407,3051,5662,4991
3050,6667,11445,8539,8989
1634,10775,125,8830,5311
1194,2195,5430,2361,1980
6828,213,5437,6494,6559
2189,1526,7639,7963,4063
6242,455,5170,724,7384
2020,6086,461,4238,6516
7142,7213,4218,9468,4414
258,1322,2416,3794,4850
5613,10637,4280,11004,8221
5735,1419,8182,3450,2652
3677,5521,1172,7836,3965
8675,1220,10032,6193,2143
8996,2605,3893,8344,1212
8074,1846,8601,2045,6463
8135,3751,3082,3989,8982
7145,5297,2008,5147,5308
2432,3850,9041,1822,7583
1258,3662,1083,4957,3839
708,2346,5520,4761,4283
7911,7818,9039,2772,2172
1575,9400,8761,5146,5822
5122,9013,6936,569,252
2209,11172,9932,8275,7061
1026,6605,2638,944,7484
7077,10324,54,5885,6623
3457,3375,8593,7286,1623
1217,11874,7369,6257,10428
8932,7999,8055,2297,4159
546,6225,9239,6939,4796
3271,6825,3923,2170,9435
8944,5777,7860,2198,8351
8815,7506,1017,3803,6367
8321,9293,6190,2639,1269
9566,3086,3889,606,9535
960,7275,5048,6203,9214
3046,7529,151,8375,1403
0,1932,8916,820,2559
3654,9225,6836,2068,3838
7373,4590,3124,2299,5214
1765,2897,1714,6391,4027
4867,3212,1614,2651,1662
3584,7843,4108,1655,510
3554,4015,6585,8284,637
3012,777,6060,4979,4469
6272,6755,6468,6597,7353
3136,4005,5135,6584,857
9543,10285,1742,2259,9627
11695,3408,6809,5109,121
7233,6786,4613,8689,6843
3265,9994,12,84,2235
4740,744,4364,7150,6301
9058,1352,1386,7283,5493
5696,8320,3747,1829,3175
3521,6724,1094,3671,6233
4164,5198,6158,6295,3293
6913,6436,7084,591,3983
5224,6990,5553,5621,3319
8163,2052,1799,1141,8349
8005,625,2934,9465,1852
8930,7689,3119,5590,1463
3534,5651,7315,3317,3102
8384,6656,5669,3718,6011
992,4546,836,9682,3290
6726,1414,9526,5019,5759
3236,8388,5419,8465,3709
2401,5905,5654,2391,1496
6816,3522,7983,784,6495
9697,6663,3785,117,7034
7459,4038,3398,8461,3837
5505,9603,396,4149,2713
8902,8712,3704,1053,2015
5473,6412,3985,156,1247
9604,6789,8103,2545,6970
6306,6413,5295,2447,10070
238,5967,2991,7483,7325
3599,6099,5817,6426,8732
6039,3767,185,954,9212
5408,1062,5484,10446,8734
8289,1542,6574,5332,631
3042,6916,6286,1807,5599
1541,2161,6129,4630,6046
5025,6769,565,1816,3547
6502,109,5594,6806,3770
8175,6447,9619,2740,9501
10221,434,1559,1305,891
1504,3649,362,4942,1564
6883,1820,4809,378,1340
9381,12204,881,9527,2621
7139,9861,7626,8557,2494
1796,8745,561,1591,7419
4128,6405,1193,7605,11038
6437,6918,9259,4013,48
5958,6678,4031,666,7327
10114,7975,688,8852,9310
4739,3595,6674,5299,4467
5602,10020,1224,6709,2010
2083,5000,2864,1433,3548
835,4070,8294,1639,2872
3553,4050,8279,634,2077
10112,3883,1455,953,2490
2797,1487,9399,4699,3516
10959,8984,5405,2491,3933
5952,8419,8776,586,3955
9701,3367,4584,8685,6366
7560,6446,2962,7764,1656
3336,8621,7029,7896,825
7297,7076,8071,2131,8822
9003,4844,340,1654,7901
6400,3555,9070,5718,9750
5988,6130,6738,7967,671
8687,3316,1430,3038,31
8050,1523,8594,1018,2332
1155,6283,5230,942,6910
2469,5258,5554,3001,6075
5667,6186,2603,3820,5037
5117,4594,1206,2585,11037
3448,370,3222,5464,4345
7078,1448,5546,8500,10263
1893,5638,4877,4633,1787
329,3692,4431,2928,6043
5184,8032,1474,5640,7582
9032,464,8085,1687,4542
1995,7789,2291,5116,9181
5729,68,3213,2223,6968
3778,8748,5080,7739,6461
8806,5385,2924,4308,2911
5257,4525,4334,4753,1106
5605,8040,5169,5747,6749
6947,1892,772,1078,5243
5289,266,882,3926,8185
961,998,10739,7063,7390
1002,6253,1521,4121,4571
10308,4554,6127,5180,1598
1704,1610,3417,1498,2397
1315,5128,6409,6220,9755
259,1539,2632,8427,1660
7908,8842,7441,6835,3287
3469,3920,7028,6136,6525
5057,5288,2382,981,6393
4972,1296,304,9908,4188
7878,2312,6697,874,4220
4515,2569,9291,6669,3897
5248,5314,4267,3821,3727
3590,6311,7914,5335,2939
737,5507,5510,5938,8088
2208,2723,8069,5965,1885
1574,7625,2957,8141,4158
8480,1077,8535,5212,8094
5635,5603,3945,6260,2012
1797,7718,2060,731,6205
9379,9960,7979,4503,795
1280,5708,3891,5595,27
2273,967,6124,5715,5177
1355,1453,4824,6107,1215
2976,8800,5923,6347,4505
4802,4450,5622,2428,4732
4644,524,4758,2296,8731
5447,273,1777,4887,5021
1120,1668,5098,7308,7610
5313,5064,6925,4572,1790
5577,336,5809,1943,8632
5250,7470,2163,6077,7806
4263,4714,8370,4311,2493
5414,9000,4009,80,9172
3041,8781,8238,2457,5562
678,6222,1276,1339,8092
6595,8145,2097,757,9628
6543,6993,4020,3734,4060
3330,5188,6692,3497,10286
9766,3377,2583,8569,6683
4963,1187,228,2224,7004
2856,3478,7351,6332,6845
8577,3886,5940,9207,1209
2048,6085,2450,5075,5813
2513,4851,468,6357,279
1729,2115,4427,821,6555
2305,1602,4646,1723,6655
5709,8693,2071,3385,8893
707,4804,3690,6353,8250
5160,4746,4557,2682,5503
6753,7398,5645,6608,5044
9734,6924,2393,4028,6399
4325,3110,4976,6231,9404
1476,4523,5547,6742,4831
9472,1229,3919,4564,5653
6379,4112,6482,4859,3229
1345,322,4748,1518,2519
6417,7095,7032,7383,667
1568,3908,4172,5974,5918
4330,3790,7790,2129,4404
1121,3426,2950,3208,1534
3664,2358,503,3931,1919
3072,4905,9590,5081,4862
6209,6411,3470,6448,2033
194,3885,3023,8816,2643
1696,6956,3284,8825,7645
8417,1162,1291,5043,1651
1025,934,4111,9460,10199
6691,1190,5264,5683,7797
5953,6598,907,6230,7257
8239,8049,1051,5852,3391
8231,9549,7670,2007,2619
1409,7334,6829,4861,7070
6048,3968,8105,9302,4827
2667,7885,9233,5714,6175
2307,2566,2133,890,6140
6510,1586,4916,4286,10879
6818,6309,9127,6840,5692
4535,1909,4695,6874,1405
3905,4294,8791,158,1758
4638,4395,8337,3996,3326
8704,2853,6234,3483,5087
3365,2990,7318,7031,6422
6370,101,4651,10612,5471
2560,4549,788,438,8028
8097,6027,2252,8752,5307
930,4842,1228,5869,8479
1921,4910,3477,1495,7550
7432,2383,2514,1366,5501
4962,2502,3337,3280,5842
6528,2691,5363,2645,10237
8544,8545,2466,3990,8633
1481,9196,9109,4636,4351
7980,5372,6359,892,4255
5323,5424,5712,4988,1629
4736,933,6247,4464,3386
7649,1286,2473,5583,6288
865,166,3984,6770,5886
3112,7468,7055,2136,5883
198,6342,8360,4666,7935
4002,677,8338,3768,5563
3187,9208,3002,93,9086
4416,527,2420,7319,9183
7972,3480,1740,2037,9624
5857,2114,4231,8718,4670
2120,9577,7372,4496,7326
3939,9542,3241,1454,8244
1256,5804,8524,2515,4918
1219,8559,10100,2843,5342
4032,9418,2606,5690,6010
2794,5487,9106,697,2334
2030,10831,4367,430,6174
5058,2851,2149,1421,7961
7776,5889,6635,5871,4120
4643,5065,910,275,7924
8652,1358,3247,5687,7515
3887,8985,154,348,1535
1507,357,7340,5932,1428
675,5514,1003,2890,187
7841,2920,7438,792,4958
1772,589,8591,8723,1140
2849,6722,2884,3147,3788
4194,5451,7469,3667,6652
128,6032,3861,4251,7740
2243,6307,8967,5071,9855
6337,580,3369,7030,3575
2410,5355,501,8439,4857
6112,9317,2895,4409,7615
8640,7713,7396,1800,5197
6470,6513,5395,248,6047
5665,1958,3640,5880,6648
6467,7015,1615,3376,8924
5542,6164,662,2904,1530
2146,1957,2954,8882,4539
4130,4841,6636,1134,1011
840,3979,1102,791,8795
6533,1735,2668,7183,9367
9120,3394,44,4756,3037
2157,7378,4307,2165,7132
3201,4914,2482,1402,7838
6657,3047,8391,1929,5228
1543,1544,6002,3420,5532
64,1812,4091,2364,5789
9027,966,2574,6192,3866
1898,365,1392,4209,1086
7008,5995,4627,8851,4671
3650,7113,1996,8653,6866
550,2094,2446,3508,149
3149,1550,9650,947,8052
2152,1738,8780,4399,2109
7971,4326,3474,3251,9245
4674,2059,6162,6294,4127
1705,6378,883,3736,6906
7814,3815,6986,1066,494
7490,4906,8596,7320,6847
6599,9320,3343,7356,2749
4161,4770,4383,7408,2975
3970,5543,4044,8877,7581
5924,1512,850,6195,4180
4288,4781,5454,5073,604
5827,9803,8013,7669,6776
7779,2438,5544,9870,6262
5572,1388,269,3286,5151
6080,8064,9828,4084,2363
2464,3915,5175,7225,9887
1703,558,9296,403,3099
6433,7906,690,540,4061
6979,2520,1711,56,316
4423,4522,5387,5844,6303
3045,6199,8151,2398,8319
4320,8777,4593,6069,3487
5824,709,2896,660,1501
7367,6201,1690,3035,4062
8576,3374,6524,2526,831
1794,1163,2860,6577,854
2272,5926,5805,14,6991
5483,9582,3410,6137,380
6624,8772,7112,2267,4315
192,164,5445,70,2396
3320,498,405,1912,5915
8993,3411,440,1914,1151
4869,5290,1936,2292,6430
4454,774,1671,2483,4954
6658,1452,7823,6427,347
6659,3529,718,3315,500
7651,1801,1902,5171,3512
5409,3693,6573,5620,6975
1793,7523,1572,9235,8477
4357,232,2891,8946,4310
2156,47,7733,668,2399
3976,5900,6258,6556,6589
6532,4117,1749,2875,4479
3624,3309,16,1234,4123
3695,1554,2298,827,796
8616,4491,5739,3156,1524
5769,1265,4659,7574,1177
3843,5829,3109,3856,7965
170,460,4428,5456,862
5997,1710,6645,3708,8926
993,8420,5896,5112,6204
9348,6887,2127,2802,377
713,3953,4567,5338,3871
1578,5870,8878,6142,894
2722,2674,9299,4598,3324
196,7148,1370,602,10236
3655,8,7534,4153,1118
3239,3468,5933,50,2355
5668,2381,463,4497,2548
610,7344,887,3737,2041
1768,3471,5682,1179,8700
1064,1803,8782,1855,4575
3556,1387,6350,4369,5343
1868,5389,7821,700,3357
5601,3458,7302,4586,1872
1808,6456,7321,8187,4318
7141,9128,7276,1580,3854
2787,3020,2253,8150,7416
3585,5093,9033,7067,7388
2823,8522,3500,2004,3642
4933,8442,8788,8890,989
8899,3437,6421,6492,62
871,1897,4654,1811,9852
3329,6020,3462,1371,3867
1479,3818,22,4279,2431
4229,5481,6827,2735,6224
132,870,1863,4821,4444
3106,5449,4814,2173,7167
4897,8482,2983,5865,2190
5568,2179,2636,5013,413
5725,7465,9238,1911,2301
802,644,2789,4150,4473
6082,1129,8529,2385,6620
6592,3683,9359,4629,1113
5256,5162,5490,5751,5919
3005,5941,3318,6779,3645
6976,7149,8942,3987,8631
10120,9388,10034,5910,10328
1417,6480,8310,1592,3065
7391,1157,6323,7898,287
4769,8871,367,4114,3160
1856,1605,4171,2709,5119
5193,4082,9108,6299,284
4768,2658,1959,6003,7992
4900,2380,3440,7284,6552
8156,7886,2126,5627,7452
1608,7881,2187,10257,2481
7592,7883,7352,2873,5787
7657,1516,4789,3638,1628
99,10148,2407,3000,8540
8610,8648,6616,2206,5855
3937,3950,2579,4947,4537
747,3596,4879,6736,2902
6415,5391,5458,3670,4863
2628,6057,525,3836,3134
1092,1065,4236,2741,4792
6690,2918,5003,5396,8634
4512,3306,4398,562,1052
5664,7783,3243,1261,8503
9158,9483,5132,4178,6942
9862,1611,6388,4951,3007
7502,2418,4375,3004,5695
3717,3205,1485,2419,2963
6277,391,1165,1556,447
8801,1571,6948,4709,3834
7872,1644,9485,2773,5624
1347,3339,4587,8889,1274
4421,2539,499,5686,4793
7936,4165,5260,8121,6397
4832,2881,8416,5007,6235
2752,8257,548,5229,2487
3504,4241,2898,1048,6909
1551,2612,4823,4343,573
673,4966,8911,6511,6013
7973,3749,2089,4406,1753
7074,1603,4838,7671,6365
7043,9188,10921,9937,1974
6562,964,2215,746,5749
6955,5329,6867,9780,7038
417,7266,3686,6416,3452
141,110,7986,5973,4955
2922,6282,9999,4592,1725
6402,12231,7047,2073,11003
9984,1378,1841,409,2590
1032,2835,3862,5559,511
4483,679,4909,2558,4191
7584,3298,3217,7314,5277
9441,10339,5934,8595,8249
5026,5027,3646,2987,1278
8812,4396,3473,2459,4445
7950,5008,3829,5879,1439
7847,5238,3802,1467,1181
843,427,3982,6998,3641
7269,4812,2353,725,3231
3777,3971,3559,6331,4703
1834,1326,341,7226,3966
1890,7525,2411,7536,979
8195,2598,9510,582,3925
8866,9506,686,7899,6110
7104,3909,1001,111,4595
6019,555,2221,2226,1561
5985,4519,6832,2841,3227
1962,4107,10416,5525,4599
4196,7172,361,1361,9681
4391,3688,10636,4145,4637
7654,615,3400,1900,1658
4961,710,1199,2611,6996
7682,2671,4436,1401,2556
229,9447,3565,6606,2108
4462,3991,4725,5847,4092
1665,4998,8339,1107,7066
9123,7501,7758,3346,3676
7968,3432,2040,5818,6232
8226,6425,4786,3161,5790
6473,2093,4785,9688,5053
459,332,8495,3793,4147
1225,5748,3061,4884,8694
2082,8840,811,2670,4752
2788,5285,5608,1422,1716
3648,1451,3404,7155,9146
6967,3254,759,4184,2204
8039,6161,1975,3514,2748
1954,3875,2159,758,9466
4704,6496,2162,1843,539
9323,3344,4245,4347,3263
8267,1709,5619,4631,3772
7360,929,1525,2295,4185
5504,7594,3951,7958,1950
6882,1733,6569,4274,4278
2347,3986,4883,6995,7801
5344,9154,8425,6094,5586
7392,8939,4075,308,9598
896,9319,4680,5975,215
3233,6610,8018,7002,959
4103,1067,2572,1973,1016
6613,3255,1848,570,669
1570,643,7377,249,4252
1773,1876,4055,4219,893
8705,5726,2412,955,9790
7041,4300,2286,1231,4926
1444,7206,9484,3087,3195
8128,3783,5711,5684,2271
1673,3722,2582,6615,8664
2885,2439,5704,2378,3696
130,8356,3076,2760,6478
5732,6666,6647,7676,1567
4929,595,8660,2900,9695
1037,2701,7793,7294,8703
8547,556,1389,2702,6488
6180,6351,210,1240,7966
8512,2882,594,1397,2967
4356,2549,4729,3166,3167
2148,3113,629,6583,6200
6561,7290,5327,374,6842
10,6891,7662,505,6431
1412,1894,475,4316,7549
9122,3107,5606,7675,2878
9282,6128,9777,6611,1756
10376,5004,3672,1369,8122
5442,73,2601,6768,4186
5633,5354,5482,7089,6878
5088,7151,1871,6102,7197
5569,7267,3496,4652,10033
33,2534,4362,172,7571
4640,3273,3630,6256,6267
6529,5738,1425,1976,665
8736,3048,2005,1211,5279
8611,3912,7250,2867,4915
35,3371,6571,2578,4734
2281,10828,1329,6517,1596
676,4072,4335,9660,2943
3043,5964,1965,2964,2069
2310,5931,4948,9049,3901
5604,3492,1416,2139,6590
3141,4874,2197,3221,9308
7044,10156,909,306,8755
8113,7218,6514,948,7254
4256,2274,6531,2786,3415
1889,8008,6506,3613,95
3074,9417,2323,3098,351
324,4297,3830,4057,8346
3364,5548,5072,5401,1853
8293,1767,1207,3706,8124
6945,1446,6662,9840,2942
4010,4622,4018,983,3609
10856,4687,8531,2260,3414
3232,6630,2023,5078,7767
3176,7337,9006,8152,985
3200,4131,2065,10226,5172
7619,3977,4138,1835,1490
1536,2176,4681,398,4189
3013,7146,2026,3154,7735
2147,3813,8269,5582,4056
1445,3078,529,5494,7485
8865,453,7461,567,8987
4422,4199,971,4943,2672
7013,4041,3434,5104,1597
4135,4277,8824,1308,8222
3906,2915,4913,3666,2006
867,2276,1073,52,5949
2123,7724,4429,4950,220
4137,4553,3631,7094,10077
3168,4331,11154,6453,10939
5316,11216,2036,11191,6138
512,7073,7874,4017,2941
1827,6563,3181,1683,3446
1545,7785,7439,2774,8025
3360,2946,5703,2858,3350
2561,4647,9800,4588,4655
2049,5574,875,7697,2610
6401,3592,2194,1650,5531
2214,551,658,7897,4985
1482,754,1332,2140,6238
2857,3151,8314,381,4895
6607,9264,8402,9364,852
614,4363,4309,2072,4380
4712,522,2455,2300,4093
2369,3855,2933,9052,6302
6274,1091,3171,7397,1359
7204,3382,6486,3387,2780
6628,847,5206,4697,8282
5799,8615,1907,4212,4759
5219,7175,3403,3055,2781
3244,2829,2577,1778,9273
2245,7178,8684,1618,3218
800,7856,3472,2994,2460
1440,5794,9491,4502,3612
8367,2960,6521,1116,3741
3776,5893,1071,4698,1502
8295,812,7214,2191,977
4449,7747,3140,5298,6452
704,1858,4076,973,5998
6284,1684,2324,4855,988
2721,5987,963,5453,1103
8364,1101,6354,242,916
6308,2193,7346,5111,415
7492,6377,6702,3665,638
480,6217,5337,2042,2527
6627,6442,5195,10639,2264
8259,4583,1992,1100,1520
2562,2443,3668,2200,318
2913,2158,5681,4146,3798
4928,1956,4529,8699,3900
2659,4012,8272,3860,6104
1986,655,5723,1948,2623
2501,2471,1613,8208,10684
560,3826,5012,5819,8637
3008,6375,4456,1300,826
2184,3980,4691,7068,5566
3331,516,263,5294,3412
8325,1830,4847,2451,5914
2112,7273,5545,9204,3678
2213,6374,3016,4744,7223
8452,5609,7436,1933,4174
2212,6572,4750,1686,7548
1284,9997,786,7666,383
9184,3431,7691,4890,349
903,1736,393,1967,5392
7174,4878,3314,5077,919
5697,5420,5874,7412,7449
2912,6382,4665,7706,6363
2624,7913,8021,8920,8255
8672,5249,4974,1427,1235
8298,7819,1263,6960,734
6848,6369,6157,2808,3064
1617,2035,6711,6330,2075
1058,7115,1582,7538,4435
5418,6797,5103,7162,3962
160,4931,3084,1201,6557
9124,2680,2959,5488,8504
8810,684,6163,1945,3807
2919,5641,1674,6414,9055
8073,4556,2778,2492,5629
4480,616,2091,5010,3573
1604,11279,4304,3766,1721
8304,6289,1879,58,2620
7280,1297,3730,3131,3517
6819,5060,4617,3725,4797
4708,3451,8404,2171,543
962,496,3094,1947,1244
9827,1657,3130,2684,4317
267,2765,6093,3538,1436
5990,2054,4458,6169,1917
2338,789,3030,8827,3998
4073,976,5041,2712,7962
8010,2484,7988,2101,6166
4001,4169,7466,178,4825
3073,2311,6761,300,7609
996,428,7381,1497,9402
66,6723,2763,342,1718
4417,4872,5296,2743,2557
7042,2791,6858,4016,3576
1252,2448,1298,4980,6042
532,1367,1817,8061,7071
7298,6024,4440,2138,5023
9987,3366,6219,2414,1273
577,809,3307,5268,4952
7052,592,4886,1272,3262
1400,5035,1488,8312,9083
2886,3943,1160,1769,6989
39,1457,982,1015,10206
1408,289,2409,2542,3995
3618,5446,1672,18,7090
481,4292,5423,339,3929
1819,1857,488,5610,4635
5352,3242,4302,3379,3992
483,5210,8300,3418,6523
5894,2445,3762,6771,8799
8288,8838,5831,6603,3568
1896,4749,7251,7191,474
6213,7719,7849,2510,4276
6696,8972,2449,7798,7478
3691,1743,5557,5463,186
1677,7215,7379,7125,4601
7873,4,908,8117,3196
1862,2153,3786,1624,2137
451,3174,1713,5433,8447
1888,6276,4649,7981,5244
5537,3622,6568,1069,2294
163,2694,3282,2742,3101
6795,8109,5141,4439,8478
4261,1606,4808,7664,5877
4516,3750,5549,2098,4563
1588,4569,2458,4029,4830
7109,5854,2222,437,1438
7746,3211,3180,9966,2811
2627,265,3852,6263,2175
1028,4776,6540,6227,6493
6119,8392,465,3608,2202
645,5770,1946,2972,7007
2306,5094,2730,7245,4411
2474,5807,6419,7229,7709
1792,4621,4049,7770,3997
9258,7445,8309,7253,6713
2690,1771,4940,2903,8793
3264,5231,20,8405,4348
7745,3370,3895,2714,7261
5806,5614,7221,251,5823
6728,940,7599,7475,2676
5156,4518,6438,1904,3611
3077,5125,6727,168,7984
3841,738,8719,4083,1334
1866,6387,6167,5945,5083
584,624,3442,277,5950
2113,2507,1553,7217,8190
6178,5126,6223,7474,2751
1313,2753,1289,5178,6268
1934,5201,817,6297,2207
7010,4324,6408,7757,2521
8750,2737,1493,1109,3321
3429,5993,2164,3220,152
609,1795,980,4760,5145
5541,1126,1191,2154,1132
2848,1156,3593,137,4312
7431,4461,8147,1944,728
7169,3745,5101,5555,7828
3720,7535,2736,3796,155
2914,7974,6038,1722,9727
3904,2499,3726,3475,8564
4419,2660,5059,2053,8212
6693,5477,2354,2518,1659
2784,1987,7627,1044,8440
7393,385,7687,2877,1791
3910,6673,6418,4981,4319
6823,4937,1230,2706,8730
7712,2019,6344,7729,5183
7080,4713,1741,5261,6612
292,1774,2352,5721,3644
3552,2081,6900,88,5785
1503,848,2901,7674,3711
8000,3079,8236,5203,5306
2697,3849,8268,5522,5780
1867,7019,716,719,7281
3589,4875,9489,469,1277
9001,4337,1621,2232,6462
872,3499,1164,1997,218
2342,105,4663,344,4607
6849,1057,3019,4303,1303
4109,1459,3764,126,3486
3840,4493,6932,1685,766
6244,6185,5022,3963,2014
4706,7147,4222,8220,5758
4224,641,5902,8818,1786
4487,4743,5513,9044,699
5637,4486,7144,314,1245
2916,5321,2282,3033,5276
3527,7596,2413,1679,5753
3913,1324,6479,5432,2427
1511,82,596,3515,10779
489,4139,7118,2938,2365
2756,4903,6420,1719,3036
4321,4405,3224,3228,1565
2955,338,2199,2777,5115
3656,5096,1171,4661,1626
1985,3207,3661,3028,860
5090,4392,5480,2537,8977
387,5045,7415,7355,733
2085,8424,2444,3822,1759
2087,7051,911,1328,4350
5281,2961,5302,2970,4190
8448,4393,4365,3285,4766
5825,3170,9226,3731,798
2720,2218,458,3150,4531
7554,1196,1292,6321,3479
8771,4660,1173,1014,3071
932,2376,6281,5359,1527
8872,176,5168,4822,375
3872,2211,6826,4465,3158
449,7057,4210,3027,6364
771,3530,1663,5527,2079
3685,1061,2953,3606,5591
320,4514,3669,2423,4474
6063,2704,271,3674,1727
5550,1839,1491,9276,2973
6626,1989,3914,4442,1275
5570,7394,1447,5994,9996
2657,1130,5516,1678,2830
1990,3053,1647,7862,7640
2575,8848,1619,5020,1886
3959,3088,1174,7126,6008
8941,3248,8371,8056,90
2817,781,1461,4281,8698
8774,3756,8981,6009,3581
3873,3460,2793,2186,2905
3651,4036,4902,4144,3390
4451,3621,6509,1999,8383
6121,7212,4370,1590,1689
4528,4306,5655,6236,3999
1254,4840,5962,823,6808
2947,997,233,3949,3034
1319,842,4043,4532,2392
4228,6471,6062,8986,10815
4835,1899,943,2805,5367
3234,4619,1039,534,183
5573,5774,1104,2641,8053
8228,4645,1318,6314,537
5028,6733,4656,2325,3551
6477,3663,1972,794,927
4864,1158,1804,3537,1916
2400,4102,1031,6440,369
5795,1616,2044,4381,3006
9508,3401,7088,6485,8790
5251,5034,7917,4526,5215
1700,7494,8301,598,4956
5202,2838,6044,4253,2046
5063,235,4459,2733,1562
5312,1737,3859,3806,11135
5518,1295,3572,2646,3129
6754,2055,5551,1747,1372
736,1093,1865,1964,2100
1984,4235,3757,2771,1302
4578,7458,5365,217,5596
1762,1508,7743,6716,7519
3586,1883,3142,7195,5916
612,4653,886,2809,2717
1573,2799,1468,29,7039
2696,7338,2637,726,4728
6051,2604,3792,6899,4026
2852,10597,621,4978,5108
2216,6280,1589,2940,6526
8291,3327,7209,5245,3647
4385,354,2931,2971,991
6833,3633,2099,8884,3352
2508,8940,1908,6074,2876
2150,103,3625,346,222
2408,841,5416,1004,4602
1354,1836,3277,5713,8669
2724,11080,6058,2775,1406
4816,4565,3932,1470,2495
4992,682,3127,5656,4858
7813,3975,7593,5878,2969
5254,4935,5526,2679,3325
775,6600,4751,2141,1469
3202,4424,6670,3185,5884
224,4711,3509,3607,4696
1096,4585,6483,11542,4510
1376,123,7056,9498,4923
3936,2498,2629,5196,6126
1257,143,3601,3699,1310
4995,3215,2544,5983,3967
1443,3305,2477,4432,6389
1216,2977,3206,2863,3259
648,4433,3635,2356,2807
2822,661,2394,1821,478
4679,1005,4527,2768,2429
6566,3209,1227,190,3135
2240,1632,2304,1993,6133
7585,2051,174,4151,4605
8441,1640,5840,1331,9689
4932,2441,8588,2261,4893
2251,4716,951,1204,8407
3715,419,6183,10390,7835
2241,7907,10608,10803,6266
6151,4683,4555,4499,6132
1682,4726,2874,7069,542
3015,6088,1012,6006,1754
1353,6928,3345,3827,5371
6888,4686,4080,2001,2390
7690,9850,6839,4282,8287
3684,200,3570,5016,3899
2188,1294,3700,3894,2331
6155,3116,3759,2326,4632
4233,3441,2837,3159,5149
2336,352,4965,3238,3416
5284,2088,8471,4600,1466
2086,231,2279,2505,2348
6210,2467,4143,7413,5403
6465,739,1360,9715,5652
8938,7274,1042,4795,509
5728,294,1960,3884,4378
2017,4322,3523,938,4589
4195,260,6937,2395,703
4682,3052,3025,435,1022
8548,3600,7129,7037,1471
9088,1955,5061,6316,3994
1253,1478,1259,2677,6682
1701,202,2644,7511,3419
3266,1380,3173,3467,2846
1472,2405,6153,2096,4986
613,457,2927,1720,5240
482,452,3031,1594,925
4490,8335,115,4118,25
6946,8907,204,1549,3865
1540,3528,914,1906,6651
9056,3940,3430,8169,2205
1377,8355,2861,443,2622
1090,5353,7634,4501,4058
4239,7763,6004,411,1055
8992,7784,3626,10283,6424
642,15,659,2011,4349
4481,814,3349,1563,4223
8256,5935,3029,5499,7262
4258,5670,1837,10641,3443
1320,6346,2225,1620,6362
7904,1450,8979,760,922
10151,424,1076,5241,924
4204,2509,877,3183,6864
7137,4689,6327,9305,5179
7748,6861,4945,7641,60
608,4485,808,5450,912
5124,454,553,4754,8980
4290,937,6923,3863,3133
2689,46,4566,6395,3453
290,3120,506,3771,2685
10056,3853,3503,6031,4434
5920,2757,6469,1492,2906
78,1780,3765,1337,7642
4866,1635,1732,1221,1757
3490,8014,6802,5588,600
6187,107,5046,3288,10396
6150,4520,1197,1680,1238
834,4067,3577,1435,2105
6310,8170,394,11244,2430
994,9730,3847,4745,623
1248,2340,3652,8627,5272
4833,1441,37,4694,9021
2180,5508,5204,8215,1982
2673,9011,884,4089,7707
416,108,1260,3225,61
2981,3562,7127,2615,4506
4100,3944,4780,1137,2546
3969,2,2244,830,4446
4098,1642,5710,4125,3935
6,1931,656,1233,572
4081,6869,6390,763,2719
9703,3018,787,10003,2551
741,3947,4561,819,7508
450,169,619,209,157
3591,970,3882,6000,4213
32,226,618,13,470,439,87
