0,1025,5122,12803,2052,2567,6158,5136,7700,11796,2068,8225,9763,8229,11817,10808,5177,2617,1083,7739,7227,4675,4164,8262,10823,12372,10324,10838,4692,9819,9820,5212,611,10342,3175,11369,2163,11383,11895,2170,9341,12422,135,7815,3212,9357,5777,7313,6806,151,4761,8860,8351,671,12449,10915,7843,11432,2219,8370,12467,9396,11959,9400,2238,12481,3779,10444,7164,8912,2257,8916,10966,4824,2268,11997,12515,6376,7912,2285,10990,7410,10483,2291,252,8450,1797,2312,4360,7948,6925,3341,5905,7959,2329,11040,6947,8996,6436,7975,5419,9003,8493,10030,12079,7983,7987,9012,12597,9013,3897,10042,7993,2366,11584,5958,9543,11594,6990,9039,7505,11089,11610,4957,7518,11102,11103,12125,6499,2404,5988,6502,6508,7539,4979,5493,4469,6516,11126,1403,5505,9603,10116,8069,8071,7560,11144,5520,9619,11669,9627,9629,5021,2462,2469,9639,12712,425,4015,9648,1968,12727,1464,6584,954,5054,3521,9168,6608,12754,10194,6100,9697,8675,2020,3046,12263,4584,5098,8685,11246,12270,8692,5621,8182,4597,8697,9212
2
4,7045
6
7,647,8457,10262,8473,8093,7710,3363,2603,5814,2872,1731,471,2655,4066,2663,7405,5232,3703,1531,1149
8
10
6784,4613,12,4495,8341,5500,4889,9017,2235,9793,8770,3145,4815,7504,10461,4707,1512,8297,4970,9710,10864,627,2166,7542,1404
13
14
15
16
18
20
11824,22,9774,5567
8132,7941,10680,43,10168,1880,24,9438
25
4097,8199,9228,27,9248,8740,5669,4650,9781,7222,9278,5182,5185,10821,5190,71,4678,9298,6228,9301,9816,6233,12378,7264,8804,6248,4201,6762,3177,9326,11376,7282,11901,5246,10879,9858,1666,7810,2189,11919,7825,2710,8349,1185,9890,5800,6825,10930,12471,11448,3769,1210,10941,8896,4805,7877,9419,7375,9947,7409,9470,6915,6916,10507,11019,7947,1807,2320,10513,11537,10015,804,2854,2343,3879,9002,8492,2869,2870,12089,5434,9529,7996,10557,8514,8004,11077,10569,9546,3918,851,2388,1877,3923,7512,12633,9564,3933,10083,8551,2921,8044,4973,4463,7024,12146,1395,9586,3445,10105,7035,10107,897,4999,12168,6028,9615,7568,401,8083,6548,9114,10138,8603,5539,9638,2985,8106,7082,7087,2480,9649,7613,6591,7105,7621,968,5069,7639,5079,5599,4064,2528,10207,2015,2025,9706,10220,10223,5105,10738,2034,8180
29
31
32
33
35
37
39
41,4594,7362
8207,10270,12320,6176,12322,12327,4136,42,8235,2090,12335,10290,10295,4156,12354,10311,12362,76,12382,12386,12389,4200,12399,6257,4216,10362,2174,12416,12417,2183,12426,10382,10389,8342,12440,4248,8361,12459,10417,12470,2233,6332,12480,6338,12485,12490,206,12494,12508,10463,227,12517,4330,245,12534,247,6396,12543,12554,12562,12570,8489,298,12587,6444,6445,12591,12593,6451,10550,4407,10554,8509,4437,8539,6494,8550,6512,8566,10616,2425,12666,8582,10631,12685,10637,10652,10658,12710,2472,12717,2478,10671,10672,2489,10689,2500,2503,8650,10699,12752,2517,8666,484,6632,2545,10740,10742,2550,12793,2554,10758,6668,12815,8721,12819,12822,6681,2587,8732,2588,10788,2599,4662,8763,10814,6719,8769,12870,10854,12913,10871,635,10877,6786,10882,6789,12934,12935,10908,6816,10916,2731,10932,10943,8900,2764,6865,6876,6889,10985,757,2815,8963,11022,8975,4880,4888,11036,4896,8997,11045,11062,11073,6981,9036,11090,11095,9050,9061,9073,11130,891,4991,7053,11155,7065,2974,5029,11173,7079,9138,9143,7098,11194,11200,3010,5066,11221,7130,9180,990,11234,3050,3051,11242,7186,3102,11298,9262,5167,7216,9266,3125,7238,11335,9289,5199,3152,5200,11347,11353,11364,11372,1136,1146,11387,9353,9358,11408,11411,7317,5269,11416,11419,11420,9383,11451,11460,11461,11464,7368,7369,11496,9448,3310,11503,11510,9463,3322,9473,5394,11545,1305,11547,1307,3358,3362,9538,11587,11595,9556,7509,5465,7517,3423,9606,7559,3476,9632,3494,7601,11702,9654,11705,1465,11713,5581,11737,11746,11747,5612,5613,11761,1528,5639,5642,5644,11795,9748,5658,5662,3615,11835,9796,9802,3664,7765,11881,11888,11890,3701,11911,1681,9876,11927,11933,7842,5796,5812,11958,11964,3773,11967,1730,11972,3797,12007,5863,3816,12013,9969,7922,9973,7927,12045,10001,1809,1825,3878,10027,5937,1844,1847,12098,12099,5959,1869,5981,8042,10092,10093,8054,12153,6012,12157,8065,6030,12177,6039,1951,12207,12208,12209,10159,4024,10173,8145,10203,8159,2021,12265,10221,10227
44
46
47
3332,1033,9866,11658,6860,6799,720,48,11158
50
52
6272,54
56
58
60
61
62
64
66
68
70
73
12294,10246,4105,10249,12299,8204,2061,4110,12307,12309,12312,10264,8219,12316,10271,8227,12324,6179,6182,10279,12330,6189,10289,8242,8247,12343,8252,6206,12356,10309,8263,2119,8265,74,10318,10321,10322,12371,8276,10329,4187,8286,10338,10340,12390,8299,6252,12397,12398,4206,4207,12401,12402,10351,10352,10353,12406,10364,2178,10372,10373,139,12435,6291,4244,12438,10394,8354,8358,10408,12457,12458,10410,173,8365,12463,10413,180,10421,188,6336,4291,10436,8390,10438,2246,10441,2248,12493,10445,10447,10449,12498,211,12507,10459,10462,12512,12518,8423,10472,12522,10477,2288,241,10481,8435,244,10482,10484,2293,12537,12538,12542,4352,12546,8451,12547,6403,4354,4358,8459,10508,10509,2316,4373,12567,12573,6435,10531,8485,12583,10536,4400,4402,10546,2357,12599,10553,8507,12603,12604,12605,10559,6464,12612,12613,2372,10568,330,8523,6475,10572,10575,12624,10576,10581,8534,8537,10587,8541,12640,10598,8556,8557,10614,4472,12667,10620,12677,10632,8586,6538,6542,6546,408,6553,12699,10651,8612,8613,8614,12709,10662,8617,12714,4524,8623,12723,10683,12735,8641,10692,8645,12741,12744,12746,8651,6602,4558,10710,10712,473,12762,10715,4573,12766,10717,8674,12772,2532,12774,12775,2538,8683,12780,12784,10743,6650,12795,508,8701,6653,10749,12802,10755,8708,10756,518,12806,10759,2564,523,8716,12813,10764,4623,10768,531,10771,8725,10774,8729,6684,12830,2594,10789,6704,10807,10813,575,10816,2625,8775,2634,10827,10830,10836,599,6743,2647,8796,4700,8798,6750,6752,4705,10845,10846,10849,10851,10855,2664,10875,8829,639,8832,8834,8839,6792,10887,6794,10889,10892,10895,10899,8853,10901,8856,10905,2718,6815,8864,6821,4773,4774,10920,8875,2734,10933,2750,2754,6851,10949,8904,8905,6859,8910,8913,4818,6872,8921,6875,8928,10976,4836,743,10984,10986,10991,10992,6897,2803,10995,6902,767,11007,11010,8966,11016,6922,4876,11023,8978,11028,11033,2844,8988,11042,4899,8998,8999,4904,11047,11052,11053,6958,6959,9009,6965,2871,11064,6973,11070,9024,833,6978,11074,837,6985,844,9037,11092,855,11097,11098,7003,4959,9059,4967,11112,7017,2923,9067,7020,11117,9071,11119,11121,11122,888,4987,11134,2945,898,9091,11140,7046,9101,11151,920,9113,11163,9129,2988,9132,9134,5036,5039,11182,9140,2998,7096,5052,957,9150,5056,9155,11204,7110,9160,9162,7117,974,11218,11219,9175,9176,11230,11237,11240,9197,3056,11249,3059,11251,11254,3063,11260,7165,11261,7171,3080,5129,11273,1035,5134,1040,7184,3091,11283,1046,11291,9244,11293,11297,5154,3108,5157,7207,5161,11306,11311,11312,9263,9275,11324,1088,11329,11330,9281,11332,9284,9286,7235,7239,11337,7240,5194,11340,11342,11345,9309,11358,11359,11360,1124,7270,5225,11370,11373,9329,5237,3193,11390,11391,3199,11400,9352,11402,3210,11406,1169,5266,9363,9366,9373,1183,5280,9377,7329,11427,9380,11435,11437,9389,9393,11443,7349,11446,1208,1213,9406,7359,7361,11458,11459,9412,1222,9415,7370,3275,9426,3283,9427,7380,5334,11480,11481,7386,11484,9436,1250,7395,9445,5350,3303,5358,9455,7407,9457,11511,11514,3323,9469,7421,5377,11522,7425,5380,11524,3334,9480,7433,5388,11541,9493,9495,11544,9497,7447,3355,7448,5406,5407,7457,11557,11558,11562,11563,11568,5426,1335,11576,5435,11580,1342,9539,1348,1351,9545,7498,7499,11600,11605,11611,9569,9572,11622,9575,1384,9576,9578,7530,11629,9583,1393,7537,11640,9592,11647,7551,7556,11654,3464,9608,7561,5515,11659,5519,7569,11666,9621,11671,3481,3484,5534,11679,5538,9634,9636,7587,9645,11699,3507,9653,5558,11710,3519,9665,11716,11717,9669,5576,5578,11723,9675,11725,9677,7630,5584,11728,11733,3541,9687,11739,7644,11743,11749,7655,11754,9707,9709,11760,9712,5618,9718,11771,11772,3579,7678,3587,7683,7686,9735,11785,11786,9739,5646,5647,7694,3602,7698,3605,11799,11802,11803,3610,11807,11811,7716,11813,5672,11818,9771,5676,5679,9775,9776,7730,3636,5689,11834,9788,9791,11841,11843,5700,11845,11847,11850,11851,9804,11854,7759,7760,9810,11859,7762,5719,7768,9818,11867,7774,3679,9823,9826,9844,9849,5756,11903,7807,9857,9865,11917,5775,9874,5781,9877,9880,11929,7832,9883,1694,11935,3746,11940,9895,11948,11949,9903,11952,11955,5811,11957,9910,5815,9913,7865,11963,9916,11965,9920,11969,11970,9924,7876,11975,9927,7879,9932,7884,5838,7887,11984,1744,11988,11989,11992,3804,9949,11998,9951,5858,12004,12005,12006,5861,3817,12010,9961,9965,7921,12021,9978,7932,9982,5887,12032,7939,9991,5897,5899,12044,3857,10002,12052,1813,12055,12056,12057,12063,12066,12070,10022,3881,10031,12083,10037,12088,12092,10045,12095,10047,10048,10050,3907,12108,12109,5966,12111,10060,10061,12114,10062,5972,10063,10073,10074,1882,5982,10079,10082,8035,12135,8041,12138,10091,8043,1901,10094,3952,12145,3956,10101,10102,10103,8057,10106,6014,12159,10113,6023,12174,10127,12176,12178,10130,6036,8082,10134,12185,8096,12193,12195,12196,12200,12201,10152,10157,8111,6065,4019,10164,8118,12214,8120,10166,10171,10172,12225,12227,10179,12233,12235,6091,12237,4046,4047,12242,6098,10200,10204,12255,10209,10210,10211,8164,8165,10216,10219,4079,10224,6131,12281,12287
11777,7693,5138,9756,7728,8764,2630,9801,75,11343,10840,1633,1128,7788,4720,10366,9854,5761,10883,10374,11915,2700,653,7309,9370,8347,6828,3249,8373,9398,10435,11472,7888,7890,7893,10967,9954,10980,6373,9959,7401,753,4341,4856,11005,1789,4353,5381,10502,3845,7946,12053,11038,12078,12084,3380,9019,4941,10593,8560,11123,1927,12170,9102,2453,8090,4008,9644,7597,432,7614,10181,8138,5068,6609,11756,5615,3067,5631
78
80
82
84
3584,1537,10498,10244,261,9477,3463,10248,4616,8456,8332,1932,1806,6800,11025,8213,8216,10393,4377,6811,10012,7964,6046,3744,6564,9640,10024,9770,5291,2989,5293,6830,8625,7219,9652,7091,312,4155,6972,9277,2236,1474,6725,2758,4298,8011,5834,3535,12243,11862,86,8031,4576,5217,7009,6495,3438,10228,9332,2421,1270,4346,8191,9471
87
88
90
92
93
6672,3090,10132,5024,8867,3751,6953,1978,12347,5180,325,711,7248,10453,11477,11607,8792,5848,94,9950,9699,12009,11120,9072,9330,11897,4603
95
97,10596,9338,5767,9832,4364,8142,2607,10193,3954,7732,6301,3675,1787,12284,6333
99
101
103
105
107
108
109,7582
110
111
9249,10533,9094,11528,3657,2669,2925,113,7473,8372,8343,11096,9242
115
117
11265,7938,6275,3340,10254,2066,4115,6676,8726,3738,7194,8733,2589,12062,6305,806,5417,1971,5561,10043,12476,7869,8003,10956,6734,12115,3539,9813,1750,9559,5986,9956,3942,11113,6773,8565,119,1145
7648,7201,8193,5859,5188,8006,4806,6984,3848,2782,7054,12240,6292,121,11676,11774,12191
123
7553,1634,9835,3789,12333,751,1522,7224,125,5311
126
128
130
132
1282,134,10250,2580,9111,1431,10141,2339,7203,5925,3237,8874,11822,4782,9905,11188,7607,10938,1085,5310,11327,3780,978,8786,472,11864,2649,5593,9824,3427,11236,6886,6125,10478,7279,7794,2547,1399,5882,9723,1532,8958
137
141
143
7138,8389,8870,1287,9288,1321,10350,12496,145,6739,8285,11766,4284,4925
146
12305,10515,147,5017,8605,7839,9505,9901,10681,5946,7995,327,8136,6090,4938,12365,5716,6871,9057,999,3179,4460,2543,8317,11006
149
152
154
155
156
157
158
160
8322,4871,7817,6025,8594,6933,7575,162,6949,5030,9390,7604,6325,5304,4414,4930,8519,2889,9430,5208,5849,7142,4218,7930
163,2742
164
166
168
169
170
172
174
176
178
11146,2639,182,5598,9567
183
185
186
187
190
3104,1027,5475,4677,2533,4071,291,5239,191
192
194
196
198
200
202
204
9728,10753,5120,6664,10763,11787,10251,12302,8722,12308,3096,9240,536,4641,8738,8739,8233,10284,3117,8753,9270,9783,11833,11333,9812,8802,6245,11877,11880,7795,11380,12408,7293,651,10896,12443,12446,8862,12451,10923,9387,7342,12464,11954,12483,10948,208,11473,729,3291,5347,7918,12528,12023,6903,6908,11008,7430,12039,8974,11543,3354,2862,6458,4924,12106,12629,9047,10584,859,8542,11107,9076,1913,1915,8571,9601,12167,1937,2966,10145,12713,11179,12726,7611,11709,12738,10691,10178,4550,5575,12745,7631,8655,981,10709,10713,12761,11745,11750,9720,2553,11770
209
210
11909,11782,4488,11657,905,12814,12692,8854,8598,6559,9260,5677,4530,9911,2488,8759,9658,10427,5437,9283,9028,12740,12229,12615,9544,5705,11852,9683,10835,213,6741,11479,6747,6879,12128,8033,3938,6116,8805,8166,10215,9831,9702,6122,10475,10601,4717,12141,11502,2160,1905,12015,6259,4470,11513
215
217
218
220
222
224
226
228
229
231
232
233
235
3649,12908,236,8047,1306,4124
7403,237,6575,10384,10258,10675,10391,10975
238,1591
4828,8518,8230,5099,240,10643,9685,5820
242
8400,7859,246,3032,281
248
249
251
7800,254,1135
256,8455,10314,3564,9230,5139,6360,12059,5628,3582
258
1281,259,3302,7213,3728,9279
260
263
265
266
267
269
271
7801,273
275
277
279
284
11266,9219,8202,1547,8714,7699,9239,2585,8742,7726,11314,1587,9787,4667,5698,1612,4684,7247,2134,7771,5213,11363,4730,7804,7299,8841,11913,10381,10388,6805,3748,1188,5798,11438,4783,10926,9397,2747,10429,4800,6854,10952,5833,4811,8925,8426,9968,4852,6905,10494,7423,2314,10510,2839,10008,2845,285,4389,310,4921,2879,8520,12105,5961,3916,10577,10578,3921,12116,856,5976,2908,11104,5474,8567,10110,2436,389,8072,8079,9623,10137,11688,10161,4025,5051,9164,2511,12756,7636,7145,2028,6639,7152,1009,9717,11767,4604
287
289
290
292
294
12809,10766,12304,9746,5143,11288,6699,9772,11308,10802,11827,6202,10819,7752,5717,2653,1630,12385,9837,10349,12405,12407,6775,9372,7332,10917,9894,11431,10407,8885,6838,9912,10937,7870,9409,10440,12492,12499,4313,10972,7389,7399,6892,12527,6384,12033,12041,11540,10518,10006,3864,11032,6938,296,12600,10556,10583,12126,8563,12149,12663,11136,2437,5511,9607,5032,12203,946,8115,6072,6083,4552,8654,12244,11222,9182,11250,9203,9206,12282,12283,10239
300
7940,9224,8201,10256,402,8855,1050,6810,7196,8350,10911,11425,9507,5412,4132,7205,8488,3753,3240,302,1200,3506,9651,10292,4788,3383,8506,7100,9921,10566,7799,4167,6856,6731,588,9421,6221,9807,6997,7894,9943,11736,1114,11616,1761,7652,4327,3433,4457,7915,11500,9964,879,5235,4853,8437,2935,10745,6907
304
306
308
314
316
318
320
1505,322,12165,7153,4242,569,7900,3837,6143
324
9729,3588,8709,9736,520,11788,5648,4625,9747,7702,8223,9759,12832,9762,11299,9255,10792,11820,4142,12338,6707,9268,10294,9271,9784,10296,9786,8758,12349,578,8266,7756,8785,3157,1622,10839,11871,4192,3681,3682,5220,4710,9321,10861,9842,12403,10354,3189,6777,3707,6783,8831,11393,7808,11907,8836,11396,6278,2185,11916,11918,11921,3732,10909,6814,12448,9889,12452,9892,10405,9897,6317,8879,8880,7857,9395,7347,4790,7863,9914,10432,10945,12482,8386,11463,9928,10953,10451,8915,10970,8418,11494,5866,5867,12012,8431,3313,5362,9458,8951,10487,3835,11519,10496,4865,7428,10504,5390,10011,8476,4382,7969,3874,11044,12069,6963,10548,10038,11063,3898,829,11581,326,9031,7496,9547,9553,2386,4953,11105,9062,7016,10089,12650,7531,11114,11125,4982,6519,10618,11132,12671,11137,7558,5512,10633,12680,399,10128,1939,1941,12194,422,7595,11693,8112,6578,9139,436,10677,7606,9142,4023,1983,6084,8646,11720,6601,9174,476,11232,8161,12770,12771,10724,10214,8678,10735,1008,9713,8688,8691,12790,8184,6139
5693,12325,8807,328,2665,7635,8501,3069
329
332
2688,9222,6279,10377,3214,6290,10902,5015,5144,11035,2465,8353,9511,9512,10922,3632,10811,10812,10944,7880,9678,334,9936,10198,9187,3557,10982,8552,10603,7660,12654,3824,9202
336
338
339
340
341
342
344
346
347
348
349
351
352
354
356,1524,8399
357
6144,11009,514,7301,7048,5001,11914,4620,12173,9742,3724,10898,5523,10770,7061,11926,8214,11423,1824,12067,10019,4259,10149,680,10925,6576,12216,8891,11069,445,7161,10174,3009,9666,8387,8009,10319,8657,9433,1373,11617,3169,2402,359,7658,2796,5357,6766,12782,5236,5492,12279,2681,10490
361
362
10336,4227,10532,1062,2824,8746,363,12204,4848,9234,8918,5398,5275
365
367
369
370
1155,5252,12551,3465,6793,6283,4374,9751,5151,6449,7603,9267,2230,5181,7623,6474,4944,3281,5970,5846,1881,1509,6898,628,372,9334,7292,4221,6910
374
375
377
378
380
381
383
385
387
391
393
394
396
398
403
405
407
409
411
413
415
416
417
419
424
427
428
430
434
435
437
438
439
440
7844,1576,4170,7307,10443,11755,6320,6385,6807,9596,442,1691,3260,9693,7422,7903
443
447
449
450
451
452
453
454
455
457
458
459
460
461
463
464,3990
465
10369,2818,1667,2434,2435,11404,7954,5626,1430,8472,2201,10523,9635,11184,11700,7093,4154,6079,11840,11199,10690,1988,2374,1356,722,467,2258,6103,2654,2540,2798,7278,1390,752,4208,3316,1653,5754,9851,9725
468
469
470
474
475
478
480
481
482
483
4608,6021,6534,6152,9738,5270,6935,1692,7837,7455,12579,7976,6312,9005,2102,11192,4664,7866,1081,7364,3398,12103,11210,12620,12110,10958,6096,12024,9428,9940,5851,3164,6109,11999,2144,4579,8421,486,3436,10348,2800,9075,12533,11639,8952
488
489
5376,5891,11526,11655,6536,2057,10765,7566,2195,2836,5782,3739,4509,10014,9630,12064,10017,4513,4387,11810,2727,5671,11049,1194,11307,3628,12465,9521,3892,11321,2361,3643,6076,1980,6459,12611,1095,9672,8396,11981,2894,2769,12241,9939,7892,8662,5979,11357,3165,8029,9825,2662,5991,491,7791,9199,10611,4475,6780,4094
493
494
496
498
499
500
501
503
505
506
509
510
511
512
516
522
524
525
527
529
532
534
537
539
540,7078
542
543
545,7426,2265,10761,10847,11695,5489,4820,7637,10456,10649,8218,8668,6237,10878,9503
546
548
550
551
553
555
556
558
9476,10247,8712,8330,10124,4492,7181,6160,2322,12054,6679,2330,8604,9504,9252,7721,4779,10539,559,818,2485,4533,6328,4293,5830,5322,11212,1873,1362,3155,11729,8661,1499,6108,3550,7520,4068,11625,4715,5486,5106,10099,12151,5495
560
1026,10263,6426,12698,7328,9761,3495,10791,8745,9768,6701,4911,4912,11313,561,944,5556,1209,4544,3267,12355,6726,4042,7116,5967,5843,10458,3930,11483,8289,5729,3553,6885,9446,8037,10346,10612,7166
562
4615,11407,11673,3482,3226,10910,6687,9514,7211,11826,563,1845,1079,9274,7103,6987,9424,10962,4053,5845,6756,8549,5356,9215
565
567
570
12192,9696,10535,1832,8296,5290,11027,1875,9494,571
572
573
577
580
7038,582
584
586
589
591
592
594
595
596
598
600
602
604
606
608
609
610
612
613
614
615
616
8971,10140,7708,11552,11046,12071,6322,11193,10300,5443,3274,9035,10315,7121,11223,8155,11869,7782,7910,617,1775,10607
618
619
621
8643,622,11731,1779,1494,7193,2047
623
624
625,8005,2934
629
11651,7400,12456,3216,7956,6357,630
6574,631
5571,5123,1382,3347,10419,12180,633,10334,6015
634
637
638
641
642
643
644
645
3524,646,6824,4205,6614
648
1127,4568,9193,650,4176,3186,5912,7288
655
656
658
659
660
661
662
6884,9349,2056,4430,10255,9499,663,10488,7643,2269,3870
665
666
667
668
669
672,10018,11011,3543,6852,3799,4639
673
675
676
677
7812,900,7816,9098,5901,5262,2833,5778,7955,9361,6550,5271,5400,7450,11037,6052,678,1322,8363,10541,1584,945,1970,3252,6580,8123,2621,11456,3138,9667,7363,7750,7495,1480,5318,975,4949,7382,6490,6619,5473,2530,4722,1267,3060,8313,7934
679
682
684
686
688
690
9600,6146,3973,2318,9496,9754,11168,5793,8099,11172,9125,9513,10799,11569,691,952,8380,4287,11839,8258,4581,5351,10359,1784,6394,11263
12187,10437,11626,11924,693,12662,11031,5211,12828
7552,10625,11650,10497,1669,12425,12172,9104,10537,9517,3245,2613,695,11578,5955,12238,9935,2766,10066,5459,12500,7128,12376,3801,11994,5853,5221,7527,8306,9714,8051,11769,11002
697
699
700
701
703
704
707
708
709
710
713
5216,9986,8606,2948,6654,12415,714,9295,1232,7991,2910,10431
716
718
719
3697,8530,10994,724,11153,5297,8572,3742,9407
725
726
728
731
733
734
736
737
738
739
741
744
746
747
749
754
7714,10087,7050,5580,755,2675,1752,11993,2203,7742
758
759
760
10978,5282,5989,1895,5992,7665,10323,9236,2038,761,8089,10078
763
766
769,7565,3222,6040,2715,8102,3372,3373,8496,10291,9795,7366,11977,11338,11209,8153,2024,1515,7663,8434,6772,3448
771
772
774
775
777
10115,779,9868,7435,11789,6671,2321,5907,6675,7963,10784,2337,9765,11942,10280,11176,6581,8760,4794,4538,11849,3405,11599,6095,11857,9811,8406,12250,10974,4063,863,6625,9953,6501,12266,10605,11118,1648,10096,1526,5623,6270
781
12160,3328,12421,782,9487,10000,7570,10773,7190,7705,6170,11164,11808,5540,11304,10409,10801,3123,1600,11076,9673,12765,3039,5091,9700,1637,5222,11115,12286,9719,6265,10235,6398
784
785
786,5245
787
2560,788
789
791
792
794
795
796
798
800
802
808
809
811
812
814
817
819
820
821
823
825
826
827
830
831
834
835
836
839
840
841
842
843
847
848
850
852
854
857
860
9090,8196,8711,10511,8849,11665,5786,7199,10530,1316,941,2227,12353,9922,12739,11588,9413,7489,12488,3658,7628,9292,9038,9805,9554,10579,9946,861,3424,3296,5348,10345,11116,8429,4078,7021,2929,1138,11892,1142,1782,6520,4733,2302
862
865
867
2618,869,5797,3934
870
871
872
874
875
877
881
882
883
884
885,8989,1599
886
887
890
892
893
894
4809,7895,10306,895
896
901,3335,6791,2792,3026,7414,5274,4798
5476,902,1262,1198,915,2168,1309
903
907
908
909
910
911
912
914
916
1153,12644,7781,2335,10697,917,3928,12409,9053,3295
919
922
924
925
9152,2470,3719,8639,6539,7853,3022,6637,7696,7796,11546,6300,926,5375
927
929
930
932
933
934
4225,1935,6812,12061,5152,10529,6694,935,2984,1850,2110,9536,2124,7503,4051,5076,2907,8923,2661,9453,2032,9336,5881
937
938
939,9300,2045,4406
940
942
943
947
948
950
951
953
955
959
960
961
962
963
964
965
966
967
970
971
973
976
977
979
980
982
983
985
992,4546,8395,2475,5617,9016,986
988
989
991
993,9207
994
996
997
998
1001
7881,1002
1003
1004
1005
8393,1006,1327,8592,8689,5234,12306,6862,2744,5308,9821,4543
1011
1012
1014
1015
1016
1017
3642,1018,3500,2823
5730,8167,7304,9833,6633,6380,3126,7928,2297,1020,3422,7999
1022
1028
4547,7620,1029,11171,11465,11468,9690,8820,11157,11925,5529,9530
1031
1032
1037
1039
1042
1044
1048
1051
1052
10466,10275,2309,4134,7114,10059,10860,8845,2062,6352,9362,9593,4763,1053,9118
1055
1057
1058
2826,1060,6853
1061
1064
1065
1066
1067
5209,12017,11698,1068
1069
1071
1073
4673,2278,1726,3057,1074,8658,5460,6066,7830,2039,1365,3961,11697,7516,11198,8991
1076
1077
1078
1084
1086
1090
1091
1092
1093
1094
1096
8580,1099,10068,11322,7931,3964,6173,11294
1100
1101
1102
1103
1104
1106
1107
1109
1922,9218,4484,5765,12036,6535,10119,8211,9620,10005,11414,10007,9752,3993,10524,10781,8735,5536,5410,10403,3114,12077,10669,10491,8116,10678,12473,11065,12732,10687,11455,11457,10176,7875,12484,10183,11848,1483,10833,10837,1110,12118,11099,10844,11229,8413,12251,7778,10723,10979,6757,12514,6500,3304,10728,10474,9708,6518,9335,9467,11388,9726,12799
8352,7170,12035,4611,10053,12679,8766,4426,5227,1581,5742,5295,11732,1112,6685,10526
1113
1116
1118
1120
1121
1122,4796,6466,4517,11398,8868,1513,4778,9580,4718,8048,8562,9078,6105,2524,1918
1126
1129
1130
1132
1134
1137
1140
1141
12288,7232,5733,7081,9171,1143,7576
3040,6050,1859,12598,3896,1147,11101
3958,6172,1150
1151
1156
1157
1158
1160
1162
1163
1164
1165
8224,6850,7139,8803,4359,8808,8873,12074,2893,1167,9297,7059,1301,2840,7135
1171
1172
1173
1174
2497,10278,9096,10317,1175
1265,1177
1179
1181
1186
1187
8964,1189,8326,8937,2256,9779,3348,10493,7647
1190
1191
1193
1196
1197
1199
1201
5319,7208,5259,7437,1998,3823,10415,1202,4946,1429,10040,10299
1204
1206
1207
1211
1212
1215
1216
1217,11874,10428
1219,4789
1220
1221
1224
1225
1227
1228
1229
1230
1231
1233
1234
1235
1238
1240
1242,5661,7588,4237
6089,11645,4500,1463,7289,7418,1243,9981,4126
1244
1245
4045,4494,8055,2832,11793,1299,10775,4249,1246
1247
1248
1252
1253
1254
1256
1257
1258
1259
1260
1261
1263
1269
1272
1273
1274
1275
1276
1277
1278
1280
1284
1286
1289
1291
1292
1294
1295
1296
1297
1298
1300
1302
1303
1308
1310
10378,6661,5286,1311
1312,6491
1313
1315,4542
1318
1319
1320
1324
1326
1328
1329
1331
1332
1334
1337
1339
1340
1345
1347
1352
1353
1354
1355
1358
1359
1360
1361
6147,10260,9117,7586,4265,2608,10420,12730,5055,2496,3137,6977,12619,5075,1364,7255,7513,12384,7150,12150,3190
1366
1367
1369
1370
1371
1372
8581,9097,11539,6296,4891,12060,5278,4771,11555,10023,12331,8240,4559,11983,9941,1374,3455,12649,9194,6644,11000,5497,8444,4095
1376
1377
1378
1380
3457,1381,9385,4329,10863,7026,9907,1623,10585,2687
1386
1387
1388
1389
1392
1397
1400
1401
1402
1405
1406
1408
1409
1412
1414,5019,9526
1416
1417
3450,1419
1421
1422
9641,6586,4003,1423
1425
1427
1428,3140
1433
1435
1436
1438
1439
1440
1441
1443
1444
1445
1446
1447
1448
1450
1451
1452
1453
1454
1455
1457
4420,9829,8357,3721,9449,10571,5324,5326,11214,1458,3763,8245,10776,4634,4668
1459
1461
1466
1467
1468
1469
1470
1471
1472
1473,2209,10055,8778,10955,3054,4541,8767
1476
1478
1479
1481
1482
1485
1487
1488
1490
1491
1492
1493
1495
1496
1497
1498
1501
1502
1503
1504
1507
1508
1511
1516
1518
9533,1519
1520
2692,1925,4873,6921,8076,4272,5430,11319,8636,8776,8398,8271,2513,10202,5980,10848,3555,7786,1521,3957,5885
1523
1525
1527
1530
1534
1535
1536
1538,5186,3203,4101,5317,7780,10564,7754,9931,10412,4397,12921,12541
1539
1540
1541
1542
1543
1544
1545
1549
1550
1551
1553
1554
1556
9732,1557,11278
1559
1561
1562
1563
1564
1565
1567
1568,2274,8851,5759
1570
1571
1572
1573
1574
2491,1575
1578
1580
1582
1586
1588
1589
1590
1592
1594
1596
1597
1598
1602
1603
1604
1605
1606
1608
1610
1611
1613
1614
1615
1616
1617
1618
1619
1620
1621
1624
1626
1628
1629
1632
1635
1639
1640
1642
1644
3392,1699,7526,4262,5384,10121,1645,8179,4693,4829
1647
1650
1651
1654
1655
1656
1657
1658
1659
1660
1662
1663
1665
1668
1671
1672
1673
1674
3808,1676
1677
1678
1679
1680
1682
1683
1684
1685
1686
1687
1689
1690
1696
1700
1701
1703
1704
1705
8321,1707,8589,8481
1709
1710
1711
1713
1714
1716
1718
1719
1720
1721
1722
1723
1725
1727
1729
1732
1733
1735
1736
1737
1738
1740
1741
1742
1743
1747
1749
1753
1754
1756
1757
1758
1759
1762
2897,1765
1767
1768
1769
1770
1771
1772
1773
1774
10880,6530,6759,1776,11863
1777
1778
1780
1786
1790
1791
1792
1793
1794
1795
1796
1799
1800
1801,7651
1803
1804
1808
1811
1812
1814
1816
1817
1819
1820
1821
1822
1827
1829
1830
1834
1835
1836
1837
1839
1841
1843
1846
1848
1852
1853
1855
1856
1857
1858
1861,8583,6313,9611,6642,10335
1862
1863
1865
1866
1867
1868
1871
1872
1876
1879
1883
1885
1886
1888
1889
1890
1892
1893
1894
1896
1897
1898
1899
1900
1902
1904
1906
1907
1908
10232,6242,1909,7951
1911
1912
1914,4651
1916
1917
1919
1921
1929
1931
1933
1934
1936,9089,10205
1943
1944
1945
1946
1947
1948
1950
4536,1953,8570
1954
1955
1956
1957
1958
1959
1960
1962
1964
1965
1967
1969
1972
1973
1974
1975
1976
5204,1982
1984
1985
1986
1987
1989
1990
1992
1993
1995
1996
1997
1999
2001
11141,2951,8585,12553,9867,5002,9879,3103,7845,11564,7471,11828,8887,12228,10567,7629,11856,6097,2002,8016,10842,10332,6881,8290,2552,9082,11644
6883,2003,10325,7258,7323
2004
2005
2006
2007
5760,7491,9962,12300,6319,8783,2486,2008,7160
2010
2011
2012
2014
2017
2019
2023
2026
2029
2030
2033
2035
2036
2037
2040
2041
2042
2044
2046
2048
2049
2051
2053
2054
2055
2059
2060
2065
2069
2071
2072
2073,6402,7047
2075
2077
2079
2081
2082
2083
2085
2086
2087
2088
2089
2091
2093
2094
2096
2097
2098
2099
2100
2101
7040,9863,8328,11533,9618,11284,8737,9980,11945,11439,6196,8376,2104,10748,11202,2121,7385,9440,9316,8809,10730,10225,2932,4340,5750,5110,11899,9724,12670
2105
4739,2570,9994,3342,12182,3361,9379,10028,2349,6448,2996,2107,7486,8019,8409,6250,6253,3571,10996,4861
2108
2109
6343,3466,6159,9054,2111
2112
2113
2114
2115
2120,10653,6911
2123
2126
2127
2129
2131
7333,10822,6059,2132,9147
2133
2136
2137
2138
2139
2140
2141
2143
2146
2147
2148
2149
2150
2152
2153
2154
2156
2157
2158
2159
2161
2162
2164
2165
2171
2172
2173
2175
2176
2179
2180
7456,2182,4232,3563,9116
2184
2186
2187
2188
2190
2191
2193
2194
2197
2198
2199
2200
2202
2204
2205
2206
2207
2208
2211
2212
2213
2214
2215
2216
2218
2221
2222
2223
2224
2225
2226
4870,11663,9585,8532,10165,11348,2228,5498,8379
2232
2240
2241
2242
2243
2244
2245
2250
2251
2252
2253
2259
2260
2261
3712,6917,2698,2968,2586,8491,7467,11190,5049,11579,6843,8895,5701,11515,10704,6863,2262,6371,9063,4215,10872,7163
2264
2267
2271
2272
2273
2276
2279
2281
2282
2286
12769,10594,2289,10386,11059,10261,10486,9461
2292
2294
2295
2296
2298
8752,2299
2300
2301
2304
2305
2306
2307
2310
2311
2323
2324
2325
2326
2331
8522,2332
6721,10473,10217,3754,6961,6298,12414,2334
2336
2338
2340
2342
2346
2347
2348
4742,9773,2350
2352
2353
2354
2355
2356
2358
2359
2363
2364
2365
2369
2376
2378
2380
2381
2382
2383
2385,3708
2390
2391
2392
2393
2394
2395
2396
2397
2398
2399
2400
2401
2405
2407
2408
2409
2410
2411
2412
2413
2414
2416
2418
2419
2420
2423
2427
2428
2429
2430
2431
2432
2438
2439
2441
2443
2444
2445
2446
2447
2448
2449
2450
2451
2455
2457
2458
2459
2460
2464
2466
2467
2471
2473
2474
2477
2481
2482
2483
2484
2487
2490
2492
2493
2494
2495
2498
2499
2501
3337,2502
2505
2507
2508
2509
2510
2514
2515
2518
2519
2520
2521
2526
2527
2534
7684,2535,10186,8876,9558,10809,10780,10301
2537
2539
2542
2544
2546
2548
2549
2551
2556
2557
2558
2559
2561
2562
2563
2566
2569
2572
2574
2575
2577
2578
2579
2582
2583
2590
2592
2596
2598
2601
2604
2605
2606
2610
2611
2612
2615
2619
2620
2622
2623
2624
2627
2628
2629
2632
2636
2637
2638
2641
4642,9923,10787,6920,5386,5611,8749,2642,6324,11129,5469,10591
2643
2644
2645
2646
2651
2652
2657
2658
2659
2660
2667
2668
2670
2671
2672
2673
2674
2676
2677
4160,10331,10125,2678
2679
2680
2682
2684
2685
2689
2690
2691
2694
2696
2697
2701
2702
2704
2706
2709
2712
2713
2714
2717
2719
2720
2721
2722
2723
2724
2728,5100,4989
2730
2733
2735
2736
2737
2738
2740
2741
4872,2743
2748
2749
2751
2752
2753
2756
2757
2760
2761,7311
2763
2765
2768
2771
2772,7911
2773
2774
2775
2777
2778
2780
2781
2784
2786
2787
2788
2789
2791
2793
2794
2797
2799
2802
2805
2807
2808
2809
2811
8001,12234,10414,11187,5911,5784,2813,11224
2817
2822
2829
2830
2835
2837
2838
2841
2843
2846
2848
2849
2851
2852
2853
2856
2857
2858
2859
2860
2861
2863
2864
2867
2873
2874
2875
2876
2877
2878
2881
2882
2884
2885
2886
2888
2890
2891
2895
2896
2898
2900
2901
2902
2903
2904
2905
2906
2911
2912
2913
2914
2915
2916
2918
2919
2920
2922
2924
2927
2928
2931
2933
2938
2939
2940
2941
2942
2943
2946
2947
2950
2953
2954
2955
2957
2979,9317,11205,8427,5163,2958,7803,4881,6326,8059,7357
2959
2960
2961
2962
2963
2964
2967
2969
2970
2971
2972
2973
2975
2976
2977
2981
2983
2987
2990
7325,2991
2992,7711,8303,6087
2994
3000
3001
3002
3004
3005
3006
3007
3008
3011,5331,3219,4917,5788,4990,4415
3012
3013
3015
3016
3018
3019
3020
3023
7296,11778,8458,9231,6929,4626,3093,7341,6198,9918,10954,4813,3024,8158,9313,11109,10858,4086,10231,5113,11004
3025
3027
3028
3029
3030
3031
3033
3034
3035
3036
3037
3038
3041
3042
3043
3045
3047
3048
3052
3053
3055
3061
4801,11334,11627,12171,3062,12183,10169,12155,10142
3064
3065
3071
3072
3073
3074
3076
3077
3078
3079
3082
3084
6181,10731,3086,3889,7957,12665,6558,9535
3087
3088
3094
8198,8843,7179,8468,9492,3095,6423,9241,11931,10786,9891,10021,4270,10544,7602,9915,5821,8385,4034,10826,8528,8784,4441,6617,9945,3545,5602,9060,8933,11111,5095,3694,9200,12273,9331,4339,5752,7546,8315,9853,6782
3098
3099
3101
3106
3107
3109
3110
3112
3113
3116
6114,8773,7852,11662,5166,12400,3118
3119
3120
3122
3124
3127
3269,8397,5457,3256,3128
3129
3130
3131
3133
3134
3135
3136
3141
3142
5368,3143,8144
3147
3148
3149
3150
3151
3154
3156
3158
3159
3160
3161
3162,7085
3166
3167
3168
3170
3171
3173
3174
3176
3180
3181
3183
3185
3187
3195
3196
3200
3201
3202
3205
3206
3207
3208
3209
3211
3213
3215
3217
3218
3220
3221
3224
3225
3227
3228
3229
3231
3232
3233
3234
3236
3238
3239
3241
3242
3243
3244
3247
3248
3251
3254
3255
3259
3261
3262
3263
3264
3265
3266
3271
3272,3985,7306,9845
3273
3277
3280
3282
3284
3285
3286
8788,3287
3288
3290
3617,8962,11169,10503,10760,8464,8466,9938,9081,12571,3292,7454
3293
11619,4901,9518,3294,6207
3298
3300
3305
3306
3307
5378,8842,3308,7441,6545
3309
3314
3315
3317
3318
3319
3320
3321
3324
3325
3326
3327
3329
3330,12076,10906
3331
3336
3339
3343
3344
3345
3346
3349
3350
3352
3357
3360
3364
3365
3366
3367
3369
3370
3371
3374
3375
3376
3377
3379
3382
3385
3386
3387
9482,4618,7404,6455,3388
3390
3391
3394
3396,6605,5969,12310,11197
3400
3401
3403
3404
7944,10090,9307,3408,5397,3989,12375,7157,9304
3410
3411
3412
3414
3415
3416
3417
3418
3419
3420
3426
3429
3430
3431
3432
3434
3437
3440
3441
3442
3443
3446
3451
3452
3453
3458
3459
3460
3462
3467
3468
3469
3470
3471
3472
3473
3474
3475
3477
3478
3479
3480
3483
3486
3487
3489
3490
3492
3496
3497
3499
6214,9420,5173,3502
3503
3504
3508
3509
6677,3510,11450,8251,9437
3512
3514
3515
3516
3517
10754,3842,3850,8970,10398,11809,10543,3520,11979,10703,12120,10722,11490,9573,5478,3828,9205,10230,8445
3522
3523
3525
3527
3528
3529
3530
3534
3537
3538
3547
5000,7484,6392,9595,3548
3551
3552
3554
3556
3559
3562
3565
4993,3566,10645,7000,9977,5439
3568
3570
3572
3573
3574
3575
3576
3577
3581
3585
3586
3589
3590
3591
3592
3593
3595
3596
3599
3600
3601
3606
3607
3608
3609
3611
3612
3613
12321,5746,3614,8679
3618
3619
3621
3622
3624
3625
3626
3630
3631
3633
3635
3638
3640
3641
3644
3645
3646
3647
3648
3650
3651
3652
3654
3655
3656
3661
3662
3663
3665
3666
3667
3668
3669
3670
3671
3672
3674
3676
3677
3678
3680
3683
3684
3685
3686
3688,10921
3690
3691
3692
3693
3695
3696
3699
3700
3704,8961,8902
3706
3709
3710
3711
3714,5592,11048,9425,8177,10520,10527
3715
3717
3718
3720
3722
3725
3726
3727
3730
3731
3734
3736
3737
3741
3745
3747
3749
3750
3755
3756
3757
3759
3762
3764
3765
3766
3767
3768
3770
3771
3772
3776
3777
3778
3783
3785
3786
3788
3790
3792
3793
8378,3794,10642
3796
3798
3802
3803
8040,3806
3807
3813
5789,3814
3815
3818
3820
3821
3822
3826
3827
3829
3830
5464,10505,10734,11631,3832,4345,11100
3834
3836
3838
3839
3840
3841
3843
3847
3849
3852
3853
3854
3855
3856
3859
3860
3861
3862
3863
3865
3866
3867
3871
3872
3873
3875
3882
3883
3884
3885
3886
3887
3891
3893
3894
3895
3899
3900
3901
3904
3905
3906
3908
3909
3910
3912
3913
3914
3915
3919
3920
3924,8134
3925
3926
3929
3931
3932
3935
3936
3937
3939
3940
3943
3944
3945
3947
3949
3950
3951
3953,3965
5952,3955
3959
3962
3963
3966
3967
3968
3969
3970
3971
3975
3976,6556
3977
3979
3980
11781,12198,3981,9525,5462,10903,8154,5565
3982
3983
3984
3986
3987
3991
3992
3994
3995
3996
3997
3998
3999
4001
4002
4065,11108,4004,8454,8463,5616,5649,5939,8917
4005
4006
6497,4007,6439,11722,7755,4976,6930,12211
4009
4010
4012
4013
4016
4017
4018
4020
4022
4026
4027
4028
4029
4031
4032
4036
4038
4041
4043
4044
4049
4050
4055
4056
4057
4058
4060
4061
4062
4067
4070
4072
4073
4075
4076
4080
4081
4082
4083
4084
8484,5165,6450,5909,4087,6686,8511
4089
4091
4092
4093
4098
4100
4102
4103
4107
4108
4109
4111
4112
4114
4117
4118
4120
4121
4123
4125
4127
4128
4130
4131
4135
4137
4138
4139
8828,4610,7427,9368,8608,10402,9131,4141,7989,11575,7107,4934,6225,9170,11603,9557,10455,10072,12638,4723,12028,7933
4143
4144
4145,6407
4146
4147
4149
4150
4151
4153
8141,4158
4159
4161
4162,7459
4165
4166
4169
4171
4172
4174
4178
4180
4184
4185
4186
4188
4189
4190
4191
4194
4195
4196
4198
4199
4204
4209
4210
4212
4213
4219
4220
4222
4223
4224
4228
4229
4231
4233
4235
4236
4238
4239
4241
4245
4251
4252
4253
4255
4256
4258
4261
4263
4267
4274
4275,7228
4276
4277
4278
4279
7680,8034,4280
4281
4282
4283
4286
4288,11466,6026
4289
4290
4292
4294
4297
4300
4302
4303
4304
4305
4306
4307
4308
4309
4310
4311
4312
4315
4316
4317
4318
4319
4320
4321
4322
4324
4325
4326
4331
4332
6769,4334
4335
4337
4343
4347
4348
4349
4350
4351
4356
4357
4362
4363
4365
4367
4369
4370
4375
4378
4379
4380
4381
4383
4385
4391
4392
4393
4395
4396
4398
4399
4404
4405
4408
4409
4411
10522,4413,8486,5127
4416
4417
4419
4421
4422
4423
4424
4427
4428
4429
4431
4432
4433
4434
4435
4436
4439
4440
4442
4444
4445
4446
4449
4450
4451
4452
4454
4456,5790
4458
4459
4461
4462
4464
4465
4467
4473
4474
4479
4480
4481
4483
4485
4486
4487
4490
4491
4493
4496
4497
4499
4501
4502
4503
4505
4506
4510
4512
4514
4515
4516
4518
4519
4520
4522
4523
4525
4526
4527
4528
4529
4531
4532
4535
4537
4539
4549
4553
4554
4555
4556
4868,4557
4561
4563
4564
4565
4566
4567
4569
4571
4572
4575
4578
4583
4585
4586
4587
4588
4589
4590
4592
4593
4595
4598
4599
4600
4601
4602
4605
4607
12163,4612,9095,9356,11556,11174,5929,11442,5685,9541,9926,5963,11346,11609,8676,8038,10993,8307,7925
4617
4619
4621
4622
4627
4629
6129,4630
4631
4632
4633
4635
4636
4637
4638
4640
4643
4644
4645
4646
4647
4649
4652
4653
4654
4655
4656
4658
4659
4660
4661
4663
4665
4666
4670
4671
4674
4679
4680
4681
4682
4683
4686
4687
4689
4691
4694
4695
4696
4697
4698
4699
4703
4704
4706
4708
4709
4711
4712
4713
4714
4716
4725
4726
4728
4729
4732
4734
4736
9992,4737,10122
4740
4743
4744
4745
4746
4748
4749
4750
4751
4752
4753
4754
7275,4756
4758
4759
4760
4766
4768
4769
4770
4776
4780
4781
4785
4786
4787,5943
4792
4793
4795
4797
4802
4804
4808
4812
4814
4816
4821
4822
4823
4825
4827
4830
4831
4832
4833
4835
4838
4840
4841
4842
4844
4847
4850
4851
4855
4857
4858
4859
4862
4863
4864
4866
4867
4869
4874
4875
4877
4878
4879
4883
4884
4886
4887
4890
4893
4895
4897
4900
4902
4903
4905
4906
4909
5501,4910
4913
4914
4915
4916
4918
4923
4926
4928
4929
4931
4932
4933
4935
4937
4940
4942
4943
4945
6434,4947,11893
4948
4950
4951
4952
4954
4955
4956
4958
4961
4962
4963
4965
4966
4972
4974
4978
4980
4981
4985
4986
4988
4992
4995
4998
5003
5004
6405,9004,5005,12081,7124
5007
5008
5010
5012
5013
5016
5020
5022
5023
5025
5026
5027
5028
5034
5035
5037
5041
5043
5044
5045
5046
5048
5053
5057
5058
5059
5060
5061
5063
5064
5065
5071
5072
5073
5077
5078
5080
5081
5083
5087
5088
5090
5817,6258,6099,5092
5093
5094
5096
5101
11554,6120,5102,6999,9975,6943
5103
5104
5108
5109
5111
5112
5115
5116
5117
5119
5124
5125
5126
5128
5132
5135
5140
5141
5145
5146
5147
5149
5156
5160
5162
5168
5169
5170
5171
5172
11636,5174
5175
5178
5179
5183
5184
6588,5191
5193
5195
5196
5197
5198
5201
5202
5203
5206
5210
5214
5215
5219
5224
5228
5229
5230
5231
5238
5240
5241
5243
5244
5248
5249
5250
5251
5254
5256
5257
5258
5260
5261
5264
5268
5272
5276
5277
5279
5281
5284
5285
5288
5289
5294
5296
5298
5299
5302
5306
5307
5312
5313
5314
5316
5321
5323
5327
5329
5332
5335
5337
5338
5342
5343
5344
5352
5353
5354
5355
5359
5363
5365
5367
5371
5372
5385
5387
5389
5391
5392
5395
5396
5401
5403
5405
5408
5409
5413
5414
5416
5418
5420
7492,5422
5423
5424
5432
5433
5442
5445
5446
5447
5449
5450
5451
5453
5454
5456
5458
5463
5471
5477
5480
5481
5482
5483
5484
5487
5488
5490
5494
5499
5503
5504
5507
5508
5510
5513
5514
5516
5518
5521
5522
5525
5526
5527
5531
5532
5537
5541
5542
5543
5544
5545
5546
5547
5548
5549
5550
5551
5553
5554
5555
5557
5559
5562
5563
5566
5568
5569
5570
5572
5573
5574
5577
5582
5583
5586
5588
5590
5591
5594
5595
5596
5601
5603
5604
5605
5606
5608
5609
5610
5614
5619
5620
5622
5624
5627
5629
5632
5633
5635
5637
5638
5640
5641
5645
5651
5652
5653
5654
5655
5656
12068,8074,8601,5657,6463
5664
5665
11529,5666
5667
5668
5670
5673
5681
5682
5683
5684
5686
5687
5690
5692
5695
5696
5697
5703
5704
5708
5709
5710
5711
5712
5713
5714
5715
5718
5721
5723
5725
5726
5728
5732,6647
5735
5738
5739
5744,8898,10252
5747
5748
5749
5751
5753
5758
5764
5769
5770
5772
5774
5780
5785
5787
5794
5795
5799
5804
5805
5806
5807
5809
5813
5818
5819
5822
5823
5824
5825
5827
5829
5831
5840
5842
5844
5847
5852
5854
5855
5857
5865
5869
5870
5871
5874
5877
5878
5879
5880
5883
5884
5886
5889
5893
5894
5896
5900,8420
5902
5910
5914
5915
5916
5974,5918
5919
5920
5923
5924
5926
5931
5932
5933
5934
5935
5938
5940
5941
5944
5945
5949
5950
5953
5962
5964
5965
5973
5975
5983
5985
5987
5990
5993
5994
5995
5997
5998
6000
6002
6003
6004
6006
6008
6009
6010
6011
6013
6019
6020
6024
6027
6031
6032
6038
6042
6043
6044
6047
6048
6051
6057
6058
6060
6062
6063
6064,11034,9847
6069
7945,9422,6071,8024,7001
6074
6075
6077
6080
6082
6085
6086
6088
6093
6094
6102
6104
6107
6110
6112
6113
6119
6121
6124
6126
6127
6128
6130,9127
6132
6133
6136
6137
6138
6140
6142
6148
6150
6151
6153
6155
8664,6156,10638
6157
6161
6162
6163
6164
6166
6167
6169
6174
6175
6178
6180
6183
6185
6186
6187
6190
6192
6193
6195
6199
6200
6201
6203
6204
6205
6209,6411
6210
6213
6217
6219
6220
6222
6223
6224
6227
6230
6231
6232
6234
6235
6236
6238
6244
6247
6256
6260
6262
6263
10608,6266,10803
6267
6268
6274
6276
6277
6280
6281
6282
6284
6286
6288
6289
6294
6295
6297
6299
6302
6303
6306
6307
6308
6309
6310
6311
6314
6316
6321
6323
6327
6330
6331
6337
6342
6344
6345
6346
6347
6350
6351
6353
6354
6359
6362
6363
6364
6365
6366
6367
6369
6370
6374
6375
6377
6378
6379
6382
6387
6388
6389
6390
6391
6393
6395
6397
6399
6400
6401
6408
6409
6412
6413
6414
6415
6416
6417
6418
6419
6420
6421
6422
6424
6425
6427
6430
6431
6433
6437
6438
6440
6442
7836,6446
6447
6452
6453
6456
6461
6462
6465
6467
6468
6469
6470
6471
6473
6476
6477
6478
6479
6480
6482
6483
6485
6486
6488
6492
6493
6496
6506
6509
6510
6511
6513
6514
6517
6521
6523
6524
6525
6526
6528
6529
6531
6532
6533
6540
6543
6552
6555
6557
6561
6562
6563
6566
6568
6569
6571
6572
6573
6577
6582
6583
6585
6589
6590
6592
6595,9998
6597
6598
6599
6600
6603
6606
6607
6610
6611
6612
6613
6615
6616
6620
6623
6624
6626
6627
6628
6630
6635
6636
6645
6648
6651
6652
6655
6656
6657
6658
6659
6662
6663
6666
6667,11445
6669
6670
6673
6674
6678
6682
6683
6690
6691
6692
6693
6696
6697
6702
6709
6711
6713
6716
6722
6723
6724
6727
6728
6733
6736
6738
6742
6745
6749
6753
6754
6755
6761
6768
6770
6771
6776
6779
6795
6797
6802
6803
6808
6809
6818
6819
6823
6826
6827
6829
6832
6833
6835,7133
6836
6839
6840
6842
6845
6847
6848
6849
6858
6861
6864
6866
6867
6869
6874
6878
6882
6887
6888
6891
6893
6899
6900
6906
6909
6913
6918
6923
6924
6928
6932
6936
6937
6939
6942
6945
6946
6948
9166,6951
6955
6956
6960
6962
6967
6968
6969
6970
6975
6976
6979
6986
6988
6989
6991
6993
6995
6996
6998
7002
7004
7007
7008
7010
7013
7015
7019
7027
7028
7029
7030
7031
7032
7034
7037
7039
7041
7042
7043
7044
7051
7052
7055
7056
7057
7063
7066
7067
7068
7069
7070
7071
7073
7074
7076
7077
7080
7084
7086,9814
7088
7089
7090
7094
7095
7104
7109
7112
7113
7115
7118
7125
7126
7127
7129
7132
7137
7141
7144
7146
7147
7148
7149
7151
7155
10714,7159
7162
7167
7169
7172
7174
7175
7176
7177
7178
7183
7191
7195
7197
7204
7206
7209
7212
7214
7215
7217
7218
7221
7223
7225
7226
7229
9085,7230,9695
7233
7245
7250
7251
7253
7254
7257
7261
7262
7266
7267
7269
7273
7274
7276
7280
7281
7283
7284
7286
7290
7294
7297
7298
7302
7308
7314
7315
7318
7319
7320
7321
7326
7327
7334
7336,8412
7337
7338
7340
7344
7346
7351
7352
7353
7355
7356
7360
7367
7372
7373
7377
7378
7379
7381
7383
7384
7388
7390
7391
7392
7393
7394
7396
7397
7398
7408
7412
7413
7415
7416
7419
7431
7432
7436
7438
7439
7445
7449
7452
7458
7461
7465
7466
7468
7469
7470
7474
7475
7476
7478
7481
7483
7485
7490
7494
7501
7502
7506
7508
7511
7515
7519
7523
7525
7529
7534
7535
7536
7538
7548
7549
7550
7554
7571
7574
7581
7583
7584
7585
7592
7593
7594
7596
7599
7605
7609
7610
7615
7619
7625
7626
7627
7634
7640
7641
7642
7645
7649
7654
7657
7662
7664
7666
7669
7670
7671
7674
7675
7676
7677
7682
7687
7689
7690
7691
7697
7706
7707
7709
7712
7713
7718
7719
7724
7727
7729
7733
7735
7740
7743
7745
7746
7747
7748
7757
7758
7763
7764
7767
7770
7776
7779
7783
7784
7785
7789
7790
7793
7797
7798
7806
7813
7814
7818
7819
7821
7823
7828
7835
7838
7841
7847
7849
7856
7860
7862
7864
7872
7873
7874
7878
7883
7885
7886
7896
7897
7898
7899
7901
7904
7906
7907
7908
7913
7914
7917
7924
7935
7936
7942
7950
7958
7961
7962
7965
7966
7967
7968
7971
7972
7973
7974
7979
7980
7981
7984
7986
7988
7992
8000
8008
8010
8013
8014
8018
8021
8025
8028
8032
8039
8049
8050
8052
8053
8056
8061
8064
11601,8066,9988
8073
8075
8085
8088
8092
8094
8097
8098,9303
8103
8105
8107
8109
8113
8117
8121
8122
8124
8128
8135
8147
8150
8151
8152
8156
8163
8169
8170,11244
8175
8185
8187
8190
8195
8208
8212
8215
8220
11536,12561,8221
8222
8226
8228
8231
8236
8238
8239
8244
8249
8250
8255
8256
8257
8259
8267
8268
8269
8272
8275
8279
8282
8284
8287
8288
8291
8293
8294
8295
8298
8300
8301
8304
8309
8310
8312
8314
8319
8320
8325
8329
8335
8337
8338
8339
8344
8346
8355
8356
8360
8364
8367
8371
8375
8383
8384
8388
8391
8392
8402
8404
8405
8407
8416
8417
8419
8424
8425
8439
8440
8441
8442
8447
8448
8452
8461
8465
8471
8477
8478
8479
8480
8482
8495
8500
8503
8504
8512
8524
8525
8529
8531
8535
8540
8544
8545
8547
8548
8559
8564
8569
8576
8577
8588
8591
8593
8595
8596
8610
8611
8615
8616
8621
8627
8631
8632
8633
8634
8637
8640
8648
8652
8653
8660
8669
8672
8682
8684
8687
8693
8694
8696
8698
8699
8700
8703
8704
8705
8718
8719
8723
8730
8731
8734
8736
8748
8750
8755
8761
8771
8772
8774
8777
8780
8781
8782
8790
8791
8793
8795
8799
8800
8801
8806
8810
8812
8815
8816
8818
8822
10360,9637,8823
8824
8825
8827
8830
8838
8840
8848
8852
9232,10987,9612,8861
8865
8866
8871
8872
8877
8878
8882
8884
8889
8890
8893
8899
8907
8911
8920
8924
8926
8930
8932
8938
8939
8940
8941
8942
8944
8946
8967
8972
8977
8979
8980
8981
8982
8984
8985
8986
8987
8992
8993
9000
9001
9006
9011
9021
9027
9032
9033
9041
9044
9049
9052
9055
9056
9058
9064
9070
9083
9086
9088
9106
9108
9109
9120
9122
9123
9124
9128
9146
9154
9158
9172
9181
9183
9184
9188,12445
9196
9201
9204
9208
9214
9221,11382
9225
9226
9233
9235
9238
9245
9258
9259
9264
9273
9276
9280,10158
9282
9291
9293
9296
9299
9302
9305
9308
9310
9319
9320
9323
9348
9359
9364
9367
9381
9388
9399
9402
9404
9417
9418
9435
9441
9447
9460
9465
9466
9468
9472
9483
9484
9485
9489
9491
9498
9501
9506
9508
9510
9527
9542
9549
9566
9577
9582
9590
9598
9604
9624
9628
9650
9660
9681
9682
9688
9689
9701
9703
9715
9727
9730
9734
9750
9755
9766
9777
9780
9790
9800
9803
9827
9828
9840
9841
9850
9852
9855
9861
9862
9870
9887
9896
9908
9937
9960
9966
9967
9976
9984
9987
9996
9997
9999
10003
10020
10032
10033
10034
10056
10070
10077
10100
10112
10114
10120
10148
10151
10156
10197
10199
10206
10226
10236
10237
10257
10283
10285
10286
10308
10328
10339
10376
10390
10396
10416
10430
10446
10565
10597
10636
10639
10641
10673
10684
10739
10779
10815
10828
10831
10856
10939
10959
10965
10989
11003,12231
11013
11080
11135
11154
11191
11216
11279
11378
11424
11542
11683
11763
12276
12363
