0,2
2,2
4,3
6,2
7,2
8,2
10,3
12,5
13,2
14,3
15,2
16,2
18,3
20,3
22,4
24,2
25,2
27,3
29,4
31,3
32,2
33,3
35,2
37,3
39,3
41,4
42,3
43,5
44,5
46,2
47,2
48,2
50,2
52,2
54,5
56,2
58,3
60,5
61,2
62,2
64,2
66,2
68,2
70,2
71,2
73,2
74,2
75,2
76,4
78,3
80,2
82,2
84,2
86,2
87,4
88,2
90,4
92,2
93,3
94,2
95,2
97,3
99,3
101,2
103,2
105,2
107,2
108,2
109,2
110,2
111,2
113,2
115,2
117,2
119,2
121,2
123,2
125,4
126,2
128,2
130,3
132,2
134,2
135,3
137,2
139,2
141,2
143,4
145,4
146,3
147,2
149,4
151,4
152,4
154,2
155,2
156,2
157,2
158,3
160,4
162,3
163,2
164,2
166,2
168,2
169,2
170,2
172,2
173,2
174,2
176,2
178,3
180,3
182,2
183,2
185,5
186,2
187,4
188,2
190,2
191,2
192,5
194,3
196,2
198,2
200,2
202,2
204,2
206,2
208,2
209,4
210,2
211,2
213,2
215,2
217,2
218,4
220,3
222,2
224,2
226,2
227,2
228,2
229,2
231,2
232,4
233,2
235,4
236,3
237,5
238,2
240,3
241,3
242,5
244,3
245,3
246,2
247,2
248,2
249,2
251,2
252,2
254,2
256,3
258,5
259,3
260,2
261,2
263,2
265,2
266,2
267,5
269,3
271,3
273,2
275,2
277,3
279,3
281,2
284,2
285,2
287,2
289,3
290,2
291,2
292,2
294,4
296,2
298,2
300,2
302,3
304,5
306,4
308,3
310,2
312,2
314,4
316,2
318,2
320,4
322,2
324,2
325,2
326,2
327,2
328,2
329,5
330,2
332,2
334,4
336,3
338,2
339,5
340,2
341,2
342,3
344,3
346,2
347,2
348,5
349,4
351,4
352,2
354,3
356,2
357,2
359,2
361,2
362,2
363,2
365,3
367,2
369,2
370,4
372,4
374,2
375,2
377,3
378,2
380,2
381,3
383,2
385,3
387,3
389,2
391,2
393,2
394,2
396,3
398,2
399,4
401,2
402,3
403,2
405,2
407,2
408,2
409,2
411,2
413,2
415,3
416,3
417,2
419,2
422,4
424,2
425,2
427,3
428,2
430,2
432,2
434,2
435,2
436,2
437,2
438,2
439,3
440,2
442,2
443,2
445,2
447,2
449,3
450,2
451,4
452,2
453,2
454,2
455,4
457,4
458,2
459,5
460,2
461,5
463,2
464,2
465,3
467,4
468,2
469,2
470,2
471,2
472,2
473,2
474,5
475,3
476,2
478,2
480,2
481,2
482,5
483,2
484,2
486,3
488,3
489,2
491,5
493,2
494,3
496,2
498,2
499,3
500,2
501,5
503,5
505,2
506,2
508,5
509,3
510,2
511,2
512,5
514,2
516,2
518,2
520,2
522,2
523,2
524,3
525,3
527,5
529,2
531,5
532,2
534,3
536,2
537,3
539,2
540,2
542,2
543,2
545,5
546,2
548,4
550,2
551,4
553,2
555,3
556,2
558,2
559,5
560,2
561,4
562,3
563,2
565,2
567,2
569,2
570,2
571,2
572,5
573,2
575,2
577,2
578,2
580,2
582,2
584,3
586,2
588,2
589,2
591,2
592,2
594,3
595,5
596,2
598,5
599,2
600,4
602,2
604,4
606,4
608,5
609,2
610,5
611,4
612,2
613,2
614,3
615,2
616,2
617,2
618,2
619,3
621,2
622,3
623,2
624,2
625,2
627,2
628,2
629,2
630,2
631,5
633,2
634,2
635,2
637,2
638,2
639,2
641,2
642,2
643,2
644,2
645,3
646,5
647,2
648,2
650,2
651,2
653,4
655,2
656,3
658,2
659,2
660,3
661,3
662,2
663,2
665,2
666,2
667,2
668,2
669,2
671,2
672,2
673,3
675,2
676,2
677,4
678,2
679,2
680,3
682,2
684,3
686,2
688,2
690,2
691,2
693,2
695,2
697,2
699,2
700,2
701,2
703,2
704,5
707,2
708,2
709,2
710,5
711,3
713,2
714,2
716,3
718,4
719,3
720,2
722,2
724,2
725,2
726,4
728,2
729,2
731,4
733,2
734,2
736,2
737,3
738,3
739,2
741,2
743,2
744,2
746,2
747,2
749,2
751,2
752,3
753,2
754,2
755,2
757,5
758,2
759,2
760,2
761,5
763,3
766,2
767,3
769,3
771,2
772,2
774,2
775,2
777,2
779,2
781,3
782,2
784,2
785,2
786,2
787,2
788,4
789,3
791,2
792,4
794,2
795,5
796,2
798,2
800,3
802,2
804,2
806,2
808,3
809,5
811,2
812,2
814,5
817,2
818,3
819,2
820,5
821,2
823,2
825,4
826,2
827,3
829,2
830,2
831,4
833,2
834,2
835,2
836,2
837,2
839,2
840,2
841,3
842,5
843,2
844,3
847,5
848,2
850,2
851,2
852,2
854,4
855,2
856,3
857,2
859,2
860,3
861,2
862,4
863,2
865,2
867,2
869,4
870,2
871,3
872,2
874,2
875,3
877,2
879,2
881,3
882,5
883,3
884,2
885,4
886,3
887,2
888,4
890,4
891,3
892,5
893,5
894,2
895,2
896,2
897,4
898,3
900,2
901,2
902,2
903,4
905,3
907,2
908,4
909,5
910,2
911,2
912,3
914,3
915,2
916,2
917,2
919,2
920,2
922,2
924,4
925,2
926,5
927,2
929,2
930,2
932,2
933,2
934,2
935,5
937,2
938,3
939,3
940,2
941,4
942,2
943,3
944,5
945,2
946,2
947,2
948,2
950,2
951,2
952,2
953,5
954,2
955,2
957,3
959,3
960,2
961,2
962,2
963,3
964,3
965,2
966,2
967,3
968,5
970,2
971,2
973,5
974,2
975,2
976,2
977,2
978,3
979,5
980,3
981,3
982,4
983,2
985,2
986,2
988,3
989,2
990,2
991,2
992,5
993,2
994,4
996,2
997,2
998,2
999,3
1001,2
1002,2
1003,3
1004,2
1005,2
1006,2
1008,2
1009,4
1011,5
1012,2
1014,3
1015,2
1016,2
1017,2
1018,2
1020,3
1022,2
1025,3
1026,3
1027,2
1028,3
1029,2
1031,2
1032,5
1033,2
1035,2
1037,2
1039,2
1040,3
1042,5
1044,2
1046,2
1048,4
1050,2
1051,2
1052,3
1053,3
1055,2
1057,2
1058,3
1060,2
1061,2
1062,2
1064,2
1065,2
1066,3
1067,5
1068,2
1069,4
1071,2
1073,2
1074,3
1076,3
1077,2
1078,5
1079,3
1081,4
1083,4
1084,2
1085,3
1086,3
1088,2
1090,2
1091,2
1092,4
1093,5
1094,4
1095,5
1096,5
1099,2
1100,2
1101,2
1102,2
1103,2
1104,2
1106,4
1107,4
1109,2
1110,4
1112,2
1113,3
1114,2
1116,2
1118,5
1120,3
1121,2
1122,5
1124,5
1126,2
1127,4
1128,3
1129,2
1130,2
1132,3
1134,5
1135,2
1136,2
1137,3
1138,3
1140,2
1141,2
1142,2
1143,4
1145,2
1146,3
1147,2
1149,2
1150,3
1151,3
1153,2
1155,2
1156,2
1157,2
1158,2
1160,3
1162,2
1163,2
1164,2
1165,2
1167,5
1169,3
1171,4
1172,2
1173,2
1174,2
1175,2
1177,2
1179,3
1181,3
1183,2
1185,2
1186,2
1187,2
1188,2
1189,2
1190,2
1191,2
1193,2
1194,4
1196,2
1197,2
1198,3
1199,2
1200,2
1201,2
1202,2
1204,3
1206,5
1207,2
1208,2
1209,3
1210,2
1211,2
1212,2
1213,4
1215,3
1216,2
1217,2
1219,2
1220,2
1221,5
1222,2
1224,3
1225,4
1227,3
1228,2
1229,2
1230,4
1231,2
1232,2
1233,2
1234,2
1235,2
1238,2
1240,5
1242,2
1243,2
1244,4
1245,2
1246,2
1247,3
1248,2
1250,3
1252,2
1253,2
1254,2
1256,2
1257,2
1258,2
1259,4
1260,2
1261,3
1262,2
1263,2
1265,2
1267,2
1269,2
1270,3
1272,2
1273,2
1274,3
1275,2
1276,5
1277,5
1278,2
1280,2
1281,3
1282,4
1284,2
1286,2
1287,3
1289,2
1291,2
1292,2
1294,4
1295,4
1296,2
1297,3
1298,2
1299,3
1300,3
1301,3
1302,4
1303,4
1305,2
1306,2
1307,2
1308,3
1309,2
1310,2
1311,4
1312,2
1313,2
1315,3
1316,2
1318,3
1319,3
1320,3
1321,4
1322,2
1324,2
1326,2
1327,2
1328,2
1329,2
1331,3
1332,3
1334,2
1335,2
1337,2
1339,5
1340,3
1342,2
1345,3
1347,5
1348,2
1351,2
1352,2
1353,2
1354,2
1355,3
1356,2
1358,2
1359,2
1360,4
1361,3
1362,2
1364,2
1365,2
1366,3
1367,4
1369,4
1370,5
1371,2
1372,2
1373,3
1374,3
1376,2
1377,2
1378,3
1380,3
1381,3
1382,2
1384,5
1386,3
1387,2
1388,2
1389,3
1390,2
1392,2
1393,2
1395,2
1397,2
1399,2
1400,2
1401,2
1402,3
1403,2
1404,3
1405,2
1406,4
1408,2
1409,4
1412,2
1414,2
1416,4
1417,2
1419,2
1421,3
1422,2
1423,3
1425,2
1427,2
1428,4
1429,2
1430,2
1431,5
1433,2
1435,4
1436,2
1438,2
1439,3
1440,2
1441,4
1443,2
1444,2
1445,3
1446,2
1447,2
1448,2
1450,4
1451,2
1452,4
1453,2
1454,2
1455,2
1457,4
1458,2
1459,3
1461,2
1463,2
1464,2
1465,3
1466,2
1467,5
1468,2
1469,5
1470,2
1471,2
1472,3
1473,2
1474,2
1476,2
1478,2
1479,3
1480,2
1481,2
1482,2
1483,3
1485,4
1487,4
1488,2
1490,2
1491,2
1492,2
1493,2
1494,3
1495,4
1496,3
1497,2
1498,2
1499,2
1501,2
1502,2
1503,3
1504,3
1505,2
1507,5
1508,2
1509,2
1511,2
1512,2
1513,3
1515,3
1516,2
1518,2
1519,2
1520,2
1521,2
1522,4
1523,2
1524,2
1525,5
1526,2
1527,2
1528,2
1530,3
1531,2
1532,5
1534,3
1535,3
1536,2
1537,2
1538,3
1539,2
1540,3
1541,2
1542,3
1543,2
1544,4
1545,2
1547,4
1549,2
1550,5
1551,2
1553,5
1554,2
1556,3
1557,2
1559,2
1561,2
1562,2
1563,2
1564,2
1565,2
1567,2
1568,2
1570,2
1571,2
1572,2
1573,3
1574,3
1575,2
1576,2
1578,2
1580,2
1581,2
1582,2
1584,2
1586,2
1587,2
1588,2
1589,3
1590,2
1591,2
1592,3
1594,2
1596,2
1597,3
1598,2
1599,2
1600,2
1602,2
1603,5
1604,3
1605,5
1606,2
1608,2
1610,2
1611,2
1612,2
1613,4
1614,2
1615,4
1616,2
1617,3
1618,2
1619,2
1620,2
1621,4
1622,3
1623,4
1624,2
1626,2
1628,2
1629,2
1630,2
1632,3
1633,2
1634,2
1635,2
1637,2
1639,4
1640,2
1642,3
1644,2
1645,2
1647,5
1648,3
1650,2
1651,2
1653,3
1654,2
1655,2
1656,2
1657,2
1658,3
1659,3
1660,2
1662,2
1663,4
1665,2
1666,2
1667,3
1668,2
1669,2
1671,3
1672,2
1673,2
1674,4
1676,4
1677,2
1678,2
1679,2
1680,2
1681,2
1682,2
1683,5
1684,4
1685,2
1686,4
1687,2
1689,2
1690,2
1691,4
1692,4
1694,4
1696,2
1699,2
1700,2
1701,4
1703,3
1704,2
1705,2
1707,2
1709,2
1710,5
1711,2
1713,5
1714,2
1716,2
1718,4
1719,2
1720,2
1721,5
1722,2
1723,3
1725,3
1726,2
1727,3
1729,3
1730,2
1731,2
1732,2
1733,3
1735,2
1736,5
1737,2
1738,2
1740,2
1741,2
1742,2
1743,2
1744,3
1747,2
1749,4
1750,2
1752,2
1753,4
1754,2
1756,2
1757,2
1758,2
1759,2
1761,3
1762,2
1765,2
1767,4
1768,3
1769,2
1770,2
1771,2
1772,5
1773,3
1774,2
1775,5
1776,2
1777,2
1778,2
1779,2
1780,3
1782,2
1784,3
1786,2
1787,4
1789,2
1790,2
1791,4
1792,2
1793,3
1794,3
1795,2
1796,3
1797,2
1799,2
1800,2
1801,2
1803,3
1804,5
1806,2
1807,2
1808,3
1809,2
1811,2
1812,2
1813,2
1814,3
1816,2
1817,2
1819,3
1820,2
1821,4
1822,2
1824,2
1825,4
1827,2
1829,2
1830,2
1832,5
1834,2
1835,2
1836,3
1837,3
1839,3
1841,2
1843,2
1844,2
1845,2
1846,2
1847,3
1848,2
1850,3
1852,5
1853,4
1855,2
1856,3
1857,2
1858,2
1859,2
1861,2
1862,2
1863,3
1865,2
1866,5
1867,2
1868,3
1869,4
1871,2
1872,2
1873,2
1875,4
1876,2
1877,2
1879,2
1880,2
1881,3
1882,3
1883,2
1885,2
1886,2
1888,3
1889,3
1890,2
1892,3
1893,3
1894,2
1895,3
1896,3
1897,2
1898,2
1899,2
1900,4
1901,2
1902,3
1904,4
1905,2
1906,2
1907,4
1908,5
1909,2
1911,3
1912,3
1913,2
1914,2
1915,2
1916,2
1917,2
1918,3
1919,2
1921,2
1922,2
1925,2
1927,2
1929,2
1931,2
1932,3
1933,2
1934,3
1935,2
1936,2
1937,2
1939,2
1941,3
1943,2
1944,3
1945,3
1946,4
1947,2
1948,3
1950,2
1951,5
1953,2
1954,2
1955,2
1956,2
1957,2
1958,3
1959,2
1960,2
1962,3
1964,2
1965,4
1967,5
1968,3
1969,2
1970,2
1971,2
1972,2
1973,2
1974,2
1975,2
1976,2
1978,3
1980,2
1982,2
1983,3
1984,2
1985,4
1986,3
1987,2
1988,5
1989,2
1990,2
1992,2
1993,2
1995,2
1996,2
1997,4
1998,3
1999,2
2001,2
2002,2
2003,4
2004,2
2005,3
2006,2
2007,2
2008,2
2010,2
2011,4
2012,2
2014,2
2015,2
2017,2
2019,2
2020,2
2021,4
2023,2
2024,3
2025,4
2026,3
2028,2
2029,2
2030,2
2032,2
2033,3
2034,2
2035,2
2036,3
2037,2
2038,2
2039,3
2040,2
2041,2
2042,4
2044,2
2045,5
2046,2
2047,3
2048,5
2049,3
2051,2
2052,3
2053,2
2054,2
2055,4
2056,2
2057,2
2059,2
2060,2
2061,2
2062,2
2065,2
2066,2
2068,3
2069,2
2071,3
2072,3
2073,2
2075,3
2077,2
2079,4
2081,5
2082,2
2083,3
2085,3
2086,2
2087,2
2088,2
2089,2
2090,2
2091,2
2093,2
2094,2
2096,2
2097,2
2098,4
2099,2
2100,3
2101,3
2102,3
2104,5
2105,5
2107,2
2108,2
2109,2
2110,2
2111,2
2112,4
2113,3
2114,2
2115,5
2119,5
2120,2
2121,3
2123,4
2124,2
2126,2
2127,2
2129,2
2131,2
2132,2
2133,5
2134,3
2136,4
2137,2
2138,4
2139,5
2140,2
2141,2
2143,2
2144,2
2146,4
2147,2
2148,2
2149,4
2150,2
2152,2
2153,2
2154,2
2156,2
2157,3
2158,3
2159,2
2160,2
2161,2
2162,2
2163,2
2164,3
2165,2
2166,2
2168,4
2170,3
2171,2
2172,2
2173,2
2174,2
2175,2
2176,5
2178,2
2179,2
2180,2
2182,2
2183,4
2184,2
2185,2
2186,3
2187,2
2188,3
2189,2
2190,5
2191,5
2193,2
2194,4
2195,4
2197,2
2198,2
2199,2
2200,4
2201,2
2202,2
2203,4
2204,2
2205,5
2206,2
2207,2
2208,3
2209,2
2211,3
2212,2
2213,2
2214,2
2215,2
2216,2
2218,2
2219,4
2221,2
2222,2
2223,4
2224,2
2225,2
2226,2
2227,5
2228,2
2230,4
2232,2
2233,5
2235,3
2236,2
2238,2
2240,4
2241,2
2242,2
2243,3
2244,4
2245,2
2246,2
2248,2
2250,2
2251,2
2252,2
2253,2
2256,4
2257,3
2258,2
2259,5
2260,2
2261,3
2262,2
2264,2
2265,2
2267,2
2268,3
2269,3
2271,2
2272,2
2273,2
2274,2
2276,4
2278,2
2279,5
2281,2
2282,2
2285,2
2286,2
2288,3
2289,2
2291,3
2292,3
2293,2
2294,3
2295,2
2296,2
2297,2
2298,2
2299,2
2300,2
2301,4
2302,2
2304,3
2305,3
2306,2
2307,2
2309,4
2310,3
2311,4
2312,2
2314,2
2316,2
2318,2
2320,2
2321,4
2322,2
2323,2
2324,2
2325,2
2326,5
2329,4
2330,4
2331,2
2332,4
2334,4
2335,5
2336,3
2337,2
2338,2
2339,5
2340,2
2342,2
2343,2
2346,5
2347,2
2348,2
2349,2
2350,5
2352,2
2353,2
2354,2
2355,3
2356,3
2357,2
2358,2
2359,2
2361,2
2363,3
2364,2
2365,3
2366,5
2369,2
2372,2
2374,4
2376,2
2378,2
2380,3
2381,3
2382,2
2383,2
2385,2
2386,2
2388,2
2390,2
2391,4
2392,5
2393,2
2394,2
2395,3
2396,2
2397,2
2398,2
2399,4
2400,2
2401,5
2402,2
2404,2
2405,2
2407,2
2408,3
2409,2
2410,2
2411,2
2412,2
2413,2
2414,2
2416,4
2418,2
2419,2
2420,2
2421,3
2423,5
2425,3
2427,2
2428,2
2429,3
2430,3
2431,3
2432,5
2434,2
2435,2
2436,2
2437,2
2438,2
2439,2
2441,2
2443,2
2444,2
2445,3
2446,2
2447,3
2448,2
2449,5
2450,2
2451,5
2453,2
2455,5
2457,5
2458,2
2459,2
2460,2
2462,2
2464,5
2465,2
2466,2
2467,2
2469,2
2470,4
2471,4
2472,2
2473,2
2474,2
2475,3
2477,5
2478,3
2480,2
2481,2
2482,2
2483,4
2484,4
2485,3
2486,2
2487,4
2488,2
2489,2
2490,2
2491,5
2492,2
2493,2
2494,2
2495,4
2496,2
2497,2
2498,3
2499,2
2500,2
2501,2
2502,2
2503,2
2505,3
2507,2
2508,2
2509,4
2510,2
2511,3
2513,2
2514,3
2515,2
2517,4
2518,2
2519,5
2520,2
2521,2
2524,2
2526,2
2527,2
2528,2
2530,2
2532,3
2533,3
2534,2
2535,3
2537,2
2538,3
2539,2
2540,2
2542,4
2543,3
2544,2
2545,5
2546,2
2547,2
2548,2
2549,2
2550,2
2551,3
2552,2
2553,2
2554,2
2556,2
2557,2
2558,2
2559,4
2560,2
2561,2
2562,3
2563,5
2564,3
2566,4
2567,2
2569,4
2570,2
2572,2
2574,5
2575,3
2577,2
2578,3
2579,2
2580,4
2582,3
2583,2
2585,5
2586,2
2587,3
2588,2
2589,2
2590,3
2592,2
2594,3
2596,2
2598,2
2599,2
2601,2
2603,2
2604,3
2605,2
2606,2
2607,2
2608,2
2610,3
2611,2
2612,3
2613,2
2615,3
2617,3
2618,2
2619,2
2620,2
2621,2
2622,2
2623,2
2624,2
2625,2
2627,3
2628,3
2629,4
2630,2
2632,2
2634,2
2636,2
2637,4
2638,2
2639,2
2641,2
2642,2
2643,2
2644,2
2645,2
2646,5
2647,5
2649,2
2651,2
2652,2
2653,2
2654,2
2655,2
2657,2
2658,3
2659,2
2660,2
2661,4
2662,4
2663,5
2664,2
2665,3
2667,2
2668,5
2669,2
2670,2
2671,2
2672,3
2673,2
2674,2
2675,4
2676,3
2677,2
2678,2
2679,3
2680,3
2681,4
2682,4
2684,2
2685,2
2687,2
2688,2
2689,2
2690,2
2691,2
2692,4
2694,2
2696,2
2697,4
2698,2
2700,2
2701,3
2702,2
2704,2
2706,2
2709,2
2710,5
2712,2
2713,2
2714,4
2715,3
2717,2
2718,2
2719,2
2720,3
2721,5
2722,2
2723,2
2724,3
2727,3
2728,4
2730,2
2731,2
2733,5
2734,2
2735,3
2736,2
2737,4
2738,3
2740,4
2741,3
2742,3
2743,2
2744,2
2747,2
2748,2
2749,3
2750,2
2751,2
2752,3
2753,4
2754,2
2756,2
2757,2
2758,4
2760,2
2761,2
2763,2
2764,2
2765,3
2766,2
2768,2
2769,2
2771,2
2772,2
2773,2
2774,5
2775,2
2777,2
2778,2
2780,5
2781,3
2782,3
2784,5
2786,2
2787,3
2788,2
2789,3
2791,4
2792,2
2793,2
2794,2
2796,4
2797,2
2798,2
2799,2
2800,2
2802,2
2803,2
2805,2
2807,2
2808,2
2809,5
2811,3
2813,2
2815,2
2817,2
2818,2
2822,3
2823,2
2824,3
2826,2
2829,2
2830,2
2832,2
2833,2
2835,2
2836,2
2837,3
2838,2
2839,4
2840,2
2841,2
2843,2
2844,5
2845,5
2846,2
2848,2
2849,2
2851,4
2852,4
2853,2
2854,2
2856,2
2857,2
2858,4
2859,5
2860,2
2861,2
2862,5
2863,2
2864,2
2867,2
2869,2
2870,2
2871,2
2872,2
2873,4
2874,2
2875,2
2876,2
2877,3
2878,2
2879,2
2881,2
2882,2
2884,2
2885,3
2886,5
2888,2
2889,2
2890,2
2891,3
2893,3
2894,3
2895,2
2896,2
2897,3
2898,2
2900,2
2901,2
2902,3
2903,2
2904,3
2905,2
2906,2
2907,3
2908,2
2910,2
2911,2
2912,2
2913,2
2914,2
2915,4
2916,2
2918,2
2919,2
2920,2
2921,2
2922,5
2923,3
2924,2
2925,2
2927,2
2928,2
2929,2
2931,2
2932,4
2933,3
2934,4
2935,3
2938,2
2939,3
2940,4
2941,3
2942,2
2943,5
2945,2
2946,2
2947,2
2948,2
2950,5
2951,4
2953,2
2954,2
2955,5
2957,2
2958,5
2959,3
2960,2
2961,5
2962,2
2963,5
2964,3
2966,3
2967,5
2968,4
2969,3
2970,2
2971,4
2972,4
2973,2
2974,3
2975,3
2976,3
2977,2
2979,2
2981,2
2983,2
2984,2
2985,2
2987,2
2988,2
2989,4
2990,3
2991,2
2992,2
2994,2
2996,3
2998,4
3000,2
3001,2
3002,2
3004,2
3005,3
3006,2
3007,2
3008,2
3009,2
3010,2
3011,2
3012,4
3013,2
3015,2
3016,3
3018,3
3019,2
3020,2
3022,2
3023,2
3024,2
3025,5
3026,2
3027,2
3028,3
3029,2
3030,2
3031,2
3032,2
3033,5
3034,4
3035,5
3036,2
3037,2
3038,2
3039,2
3040,2
3041,2
3042,2
3043,3
3045,2
3046,4
3047,3
3048,2
3050,2
3051,2
3052,3
3053,3
3054,2
3055,2
3056,4
3057,3
3059,2
3060,3
3061,2
3062,2
3063,2
3064,2
3065,2
3067,4
3069,3
3071,2
3072,3
3073,2
3074,4
3076,2
3077,2
3078,4
3079,2
3080,4
3082,2
3084,2
3086,3
3087,4
3088,2
3090,2
3091,2
3093,3
3094,2
3095,3
3096,2
3098,3
3099,3
3101,3
3102,4
3103,2
3104,3
3106,2
3107,2
3108,2
3109,2
3110,2
3112,5
3113,2
3114,2
3116,2
3117,3
3118,2
3119,3
3120,2
3122,2
3123,4
3124,2
3125,2
3126,4
3127,2
3128,2
3129,2
3130,5
3131,2
3133,3
3134,2
3135,2
3136,4
3137,2
3138,2
3140,3
3141,2
3142,4
3143,2
3145,2
3147,2
3148,2
3149,3
3150,2
3151,2
3152,2
3154,3
3155,2
3156,2
3157,3
3158,2
3159,3
3160,2
3161,2
3162,2
3164,2
3165,2
3166,2
3167,3
3168,2
3169,2
3170,5
3171,3
3173,2
3174,3
3175,2
3176,2
3177,2
3179,2
3180,2
3181,2
3183,2
3185,4
3186,2
3187,2
3189,2
3190,2
3193,2
3195,2
3196,4
3199,2
3200,2
3201,2
3202,2
3203,2
3205,2
3206,4
3207,2
3208,2
3209,3
3210,2
3211,4
3212,3
3213,2
3214,2
3215,3
3216,2
3217,4
3218,3
3219,2
3220,2
3221,2
3222,2
3224,2
3225,2
3226,2
3227,2
3228,2
3229,4
3231,2
3232,2
3233,2
3234,2
3236,2
3237,3
3238,2
3239,2
3240,2
3241,2
3242,3
3243,2
3244,2
3245,2
3247,3
3248,2
3249,2
3251,2
3252,5
3254,2
3255,2
3256,2
3259,3
3260,3
3261,2
3262,2
3263,2
3264,2
3265,2
3266,4
3267,5
3269,3
3271,2
3272,2
3273,3
3274,2
3275,3
3277,3
3280,2
3281,4
3282,5
3283,4
3284,2
3285,2
3286,2
3287,2
3288,3
3290,4
3291,4
3292,3
3293,3
3294,2
3295,4
3296,2
3298,4
3300,2
3302,2
3303,2
3304,4
3305,2
3306,5
3307,3
3308,2
3309,2
3310,2
3313,2
3314,2
3315,2
3316,4
3317,2
3318,2
3319,2
3320,3
3321,3
3322,2
3323,2
3324,3
3325,2
3326,5
3327,5
3328,2
3329,2
3330,2
3331,2
3332,2
3334,5
3335,3
3336,2
3337,2
3339,5
3340,2
3341,4
3342,2
3343,2
3344,3
3345,2
3346,2
3347,2
3348,2
3349,2
3350,3
3352,3
3354,2
3355,2
3357,2
3358,2
3360,2
3361,2
3362,2
3363,3
3364,2
3365,3
3366,2
3367,2
3369,2
3370,3
3371,2
3372,4
3373,2
3374,5
3375,2
3376,2
3377,2
3379,4
3380,2
3382,3
3383,3
3385,3
3386,2
3387,2
3388,2
3390,4
3391,2
3392,2
3394,2
3396,2
3398,2
3400,4
3401,2
3403,4
3404,3
3405,2
3408,2
3410,2
3411,2
3412,2
3414,3
3415,2
3416,2
3417,2
3418,5
3419,2
3420,3
3422,5
3423,2
3424,2
3426,2
3427,5
3429,2
3430,3
3431,2
3432,2
3433,2
3434,2
3436,2
3437,2
3438,2
3440,3
3441,2
3442,2
3443,5
3445,3
3446,2
3448,3
3450,3
3451,3
3452,5
3453,2
3455,3
3457,2
3458,2
3459,2
3460,3
3462,2
3463,2
3464,4
3465,2
3466,2
3467,3
3468,3
3469,3
3470,4
3471,2
3472,3
3473,2
3474,2
3475,2
3476,2
3477,2
3478,3
3479,3
3480,2
3481,5
3482,2
3483,4
3484,2
3486,2
3487,2
3489,2
3490,5
3492,3
3494,3
3495,5
3496,2
3497,2
3499,2
3500,2
3502,2
3503,2
3504,3
3506,3
3507,2
3508,3
3509,5
3510,4
3512,2
3514,4
3515,2
3516,2
3517,2
3519,2
3520,5
3521,4
3522,2
3523,4
3524,2
3525,2
3527,2
3528,2
3529,3
3530,2
3534,2
3535,3
3537,4
3538,2
3539,2
3541,2
3543,2
3545,2
3547,2
3548,4
3550,2
3551,4
3552,2
3553,2
3554,4
3555,2
3556,2
3557,2
3559,2
3562,2
3563,4
3564,2
3565,2
3566,5
3568,5
3570,2
3571,2
3572,5
3573,5
3574,2
3575,2
3576,2
3577,3
3579,5
3581,2
3582,3
3584,2
3585,2
3586,3
3587,2
3588,2
3589,4
3590,2
3591,3
3592,2
3593,2
3595,2
3596,2
3599,2
3600,2
3601,5
3602,3
3605,5
3606,2
3607,2
3608,3
3609,2
3610,2
3611,2
3612,3
3613,2
3614,5
3615,2
3617,2
3618,5
3619,2
3621,2
3622,2
3624,3
3625,5
3626,2
3628,2
3630,2
3631,4
3632,3
3633,5
3635,2
3636,2
3638,2
3640,3
3641,2
3642,2
3643,2
3644,2
3645,2
3646,4
3647,2
3648,2
3649,2
3650,3
3651,2
3652,2
3654,2
3655,2
3656,2
3657,2
3658,3
3661,3
3662,2
3663,4
3664,4
3665,2
3666,3
3667,2
3668,2
3669,3
3670,2
3671,4
3672,3
3674,2
3675,2
3676,3
3677,2
3678,4
3679,2
3680,2
3681,2
3682,2
3683,2
3684,2
3685,2
3686,2
3688,2
3690,2
3691,2
3692,3
3693,2
3694,3
3695,2
3696,2
3697,2
3699,3
3700,2
3701,2
3703,2
3704,2
3706,3
3707,2
3708,2
3709,2
3710,3
3711,3
3712,2
3714,2
3715,2
3717,3
3718,2
3719,2
3720,2
3721,2
3722,5
3724,2
3725,5
3726,2
3727,4
3728,2
3730,2
3731,5
3732,2
3734,3
3736,2
3737,5
3738,2
3739,4
3741,2
3742,5
3744,2
3745,3
3746,2
3747,2
3748,4
3749,2
3750,2
3751,4
3753,3
3754,2
3755,3
3756,2
3757,2
3759,2
3762,4
3763,2
3764,2
3765,4
3766,2
3767,2
3768,5
3769,3
3770,2
3771,2
3772,2
3773,2
3776,5
3777,2
3778,2
3779,5
3780,2
3783,2
3785,2
3786,2
3788,5
3789,2
3790,2
3792,2
3793,2
3794,2
3796,4
3797,2
3798,2
3799,2
3801,4
3802,3
3803,2
3804,3
3806,2
3807,2
3808,2
3813,2
3814,3
3815,2
3816,3
3817,2
3818,2
3820,4
3821,2
3822,2
3823,5
3824,2
3826,2
3827,3
3828,4
3829,2
3830,2
3832,3
3834,3
3835,2
3836,3
3837,3
3838,2
3839,3
3840,2
3841,2
3842,5
3843,3
3845,2
3847,3
3848,2
3849,3
3850,2
3852,3
3853,2
3854,2
3855,2
3856,5
3857,2
3859,5
3860,2
3861,2
3862,3
3863,2
3864,4
3865,3
3866,2
3867,3
3870,5
3871,2
3872,3
3873,2
3874,3
3875,2
3878,3
3879,2
3881,2
3882,3
3883,2
3884,2
3885,2
3886,2
3887,2
3889,2
3891,4
3892,2
3893,3
3894,2
3895,3
3896,2
3897,3
3898,2
3899,4
3900,2
3901,4
3904,2
3905,2
3906,5
3907,2
3908,3
3909,4
3910,2
3912,4
3913,3
3914,2
3915,3
3916,2
3918,2
3919,4
3920,2
3921,2
3923,2
3924,2
3925,2
3926,2
3928,2
3929,2
3930,2
3931,2
3932,2
3933,2
3934,3
3935,2
3936,2
3937,3
3938,5
3939,2
3940,2
3942,2
3943,3
3944,2
3945,2
3947,2
3949,2
3950,2
3951,4
3952,2
3953,2
3954,2
3955,2
3956,4
3957,2
3958,2
3959,2
3961,2
3962,2
3963,4
3964,4
3965,3
3966,2
3967,4
3968,2
3969,2
3970,2
3971,2
3973,3
3975,2
3976,3
3977,3
3979,4
3980,2
3981,2
3982,2
3983,5
3984,4
3985,3
3986,2
3987,2
3989,2
3990,4
3991,4
3992,2
3993,5
3994,4
3995,4
3996,2
3997,3
3998,4
3999,2
4001,3
4002,2
4003,2
4004,4
4005,2
4006,4
4007,5
4008,2
4009,2
4010,2
4012,3
4013,2
4015,3
4016,3
4017,2
4018,2
4019,2
4020,3
4022,2
4023,3
4024,2
4025,3
4026,2
4027,2
4028,3
4029,2
4031,2
4032,3
4034,2
4036,3
4038,2
4041,2
4042,2
4043,2
4044,3
4045,2
4046,5
4047,2
4049,2
4050,2
4051,4
4053,3
4055,4
4056,2
4057,4
4058,2
4060,2
4061,2
4062,2
4063,2
4064,2
4065,3
4066,2
4067,2
4068,2
4070,3
4071,2
4072,2
4073,3
4075,2
4076,2
4078,2
4079,3
4080,3
4081,2
4082,2
4083,2
4084,3
4086,3
4087,4
4089,3
4091,2
4092,2
4093,2
4094,5
4095,2
4097,2
4098,3
4100,3
4101,3
4102,2
4103,2
4105,2
4107,4
4108,2
4109,2
4110,4
4111,2
4112,4
4114,2
4115,3
4117,2
4118,2
4120,5
4121,2
4123,2
4124,3
4125,2
4126,2
4127,2
4128,2
4130,2
4131,3
4132,2
4134,2
4135,2
4136,4
4137,3
4138,2
4139,2
4141,2
4142,3
4143,2
4144,2
4145,2
4146,2
4147,4
4149,2
4150,3
4151,2
4153,2
4154,2
4155,2
4156,4
4158,2
4159,2
4160,3
4161,5
4162,3
4164,5
4165,2
4166,2
4167,2
4169,2
4170,3
4171,2
4172,2
4174,2
4176,2
4178,5
4180,3
4184,3
4185,2
4186,2
4187,2
4188,3
4189,3
4190,5
4191,2
4192,2
4194,4
4195,3
4196,2
4198,2
4199,3
4200,3
4201,2
4204,2
4205,3
4206,2
4207,3
4208,4
4209,2
4210,2
4212,2
4213,3
4215,5
4216,2
4218,2
4219,5
4220,3
4221,3
4222,2
4223,2
4224,3
4225,4
4227,5
4228,4
4229,5
4231,2
4232,2
4233,2
4235,3
4236,4
4237,2
4238,2
4239,4
4241,2
4242,4
4244,2
4245,2
4248,2
4249,4
4251,3
4252,2
4253,3
4255,2
4256,4
4258,4
4259,3
4261,4
4262,2
4263,2
4265,2
4267,3
4270,2
4272,3
4274,2
4275,5
4276,4
4277,2
4278,2
4279,2
4280,3
4281,2
4282,2
4283,2
4284,3
4286,2
4287,2
4288,3
4289,4
4290,2
4291,2
4292,2
4293,2
4294,3
4297,3
4298,2
4300,5
4302,3
4303,3
4304,2
4305,4
4306,2
4307,3
4308,2
4309,2
4310,4
4311,3
4312,3
4313,3
4315,4
4316,5
4317,2
4318,2
4319,2
4320,2
4321,5
4322,2
4324,2
4325,2
4326,2
4327,3
4329,3
4330,2
4331,3
4332,3
4334,2
4335,2
4337,2
4339,2
4340,2
4341,2
4343,2
4345,2
4346,4
4347,3
4348,2
4349,2
4350,4
4351,2
4352,2
4353,2
4354,2
4356,4
4357,4
4358,2
4359,2
4360,2
4362,3
4363,2
4364,3
4365,2
4367,2
4369,5
4370,2
4373,2
4374,3
4375,2
4377,2
4378,2
4379,5
4380,2
4381,2
4382,2
4383,2
4385,2
4387,2
4389,4
4391,3
4392,2
4393,3
4395,2
4396,4
4397,2
4398,2
4399,2
4400,2
4402,2
4404,2
4405,2
4406,2
4407,5
4408,5
4409,3
4411,2
4413,2
4414,3
4415,3
4416,5
4417,3
4419,2
4420,2
4421,3
4422,4
4423,2
4424,2
4426,2
4427,3
4428,2
4429,3
4430,3
4431,3
4432,2
4433,2
4434,2
4435,2
4436,3
4437,5
4439,2
4440,3
4441,3
4442,3
4444,2
4445,4
4446,3
4449,3
4450,3
4451,2
4452,2
4454,5
4456,3
4457,2
4458,2
4459,2
4460,2
4461,2
4462,2
4463,2
4464,2
4465,2
4467,2
4469,4
4470,2
4472,3
4473,2
4474,2
4475,2
4479,2
4480,3
4481,2
4483,4
4484,2
4485,3
4486,2
4487,2
4488,3
4490,4
4491,4
4492,3
4493,2
4494,5
4495,5
4496,2
4497,4
4499,2
4500,2
4501,5
4502,2
4503,4
4505,2
4506,2
4509,2
4510,2
4512,4
4513,5
4514,3
4515,2
4516,2
4517,2
4518,2
4519,2
4520,4
4522,2
4523,3
4524,3
4525,2
4526,3
4527,2
4528,2
4529,3
4530,2
4531,2
4532,2
4533,2
4535,2
4536,3
4537,2
4538,2
4539,2
4541,2
4542,2
4543,2
4544,2
4546,2
4547,2
4549,3
4550,2
4552,3
4553,3
4554,2
4555,2
4556,2
4557,3
4558,2
4559,2
4561,5
4563,3
4564,2
4565,4
4566,2
4567,2
4568,4
4569,2
4571,3
4572,4
4573,3
4575,2
4576,2
4578,4
4579,2
4581,2
4583,4
4584,4
4585,2
4586,2
4587,2
4588,2
4589,2
4590,4
4592,3
4593,3
4594,2
4595,2
4597,3
4598,2
4599,2
4600,2
4601,3
4602,5
4603,4
4604,2
4605,2
4607,2
4608,2
4610,2
4611,3
4612,2
4613,2
4615,2
4616,3
4617,2
4618,5
4619,2
4620,2
4621,2
4622,2
4623,5
4625,2
4626,2
4627,3
4629,2
4630,2
4631,2
4632,2
4633,2
4634,2
4635,2
4636,3
4637,2
4638,2
4639,2
4640,2
4641,5
4642,2
4643,2
4644,2
4645,2
4646,2
4647,2
4649,4
4650,4
4651,2
4652,2
4653,3
4654,2
4655,3
4656,2
4658,2
4659,2
4660,2
4661,2
4662,4
4663,2
4664,3
4665,2
4666,5
4667,2
4668,3
4670,2
4671,3
4673,2
4674,2
4675,2
4677,5
4678,2
4679,2
4680,2
4681,2
4682,3
4683,3
4684,2
4686,3
4687,4
4689,2
4691,2
4692,2
4693,2
4694,2
4695,2
4696,3
4697,2
4698,3
4699,2
4700,2
4703,2
4704,4
4705,2
4706,2
4707,2
4708,2
4709,5
4710,4
4711,4
4712,2
4713,4
4714,2
4715,3
4716,2
4717,2
4718,2
4720,2
4722,5
4723,2
4725,2
4726,2
4728,5
4729,2
4730,2
4732,2
4733,2
4734,4
4736,3
4737,4
4739,4
4740,2
4742,2
4743,2
4744,2
4745,2
4746,4
4748,5
4749,2
4750,2
4751,3
4752,2
4753,3
4754,2
4756,2
4758,3
4759,2
4760,3
4761,4
4763,2
4766,2
4768,5
4769,5
4770,2
4771,2
4773,2
4774,4
4776,4
4778,2
4779,4
4780,2
4781,2
4782,2
4783,2
4785,3
4786,5
4787,2
4788,2
4789,2
4790,3
4792,2
4793,2
4794,2
4795,4
4796,2
4797,3
4798,2
4800,2
4801,2
4802,2
4804,4
4805,4
4806,2
4808,3
4809,3
4811,3
4812,3
4813,5
4814,3
4815,2
4816,2
4818,3
4820,3
4821,3
4822,2
4823,3
4824,3
4825,2
4827,3
4828,2
4829,2
4830,2
4831,4
4832,5
4833,2
4835,2
4836,2
4838,3
4840,2
4841,3
4842,2
4844,3
4847,3
4848,3
4850,2
4851,4
4852,2
4853,2
4855,2
4856,2
4857,2
4858,2
4859,2
4861,5
4862,2
4863,4
4864,2
4865,2
4866,2
4867,2
4868,5
4869,2
4870,2
4871,2
4872,5
4873,3
4874,2
4875,2
4876,2
4877,2
4878,5
4879,3
4880,2
4881,2
4883,2
4884,2
4886,2
4887,4
4888,2
4889,4
4890,3
4891,2
4893,2
4895,2
4896,2
4897,2
4899,2
4900,3
4901,2
4902,2
4903,3
4904,2
4905,3
4906,2
4909,2
4910,3
4911,4
4912,4
4913,2
4914,2
4915,3
4916,5
4917,4
4918,2
4921,2
4923,2
4924,3
4925,2
4926,4
4928,3
4929,2
4930,4
4931,2
4932,3
4933,2
4934,2
4935,2
4937,5
4938,5
4940,2
4941,3
4942,2
4943,2
4944,2
4945,2
4946,4
4947,3
4948,3
4949,2
4950,3
4951,2
4952,2
4953,2
4954,2
4955,2
4956,2
4957,4
4958,3
4959,4
4961,2
4962,5
4963,2
4965,2
4966,2
4967,2
4970,5
4972,3
4973,2
4974,2
4976,2
4978,2
4979,4
4980,2
4981,4
4982,2
4985,3
4986,2
4987,3
4988,4
4989,2
4990,2
4991,2
4992,4
4993,2
4995,2
4998,2
4999,3
5000,3
5001,2
5002,3
5003,2
5004,2
5005,2
5007,2
5008,3
5010,3
5012,3
5013,2
5015,2
5016,5
5017,4
5019,2
5020,5
5021,3
5022,2
5023,4
5024,2
5025,2
5026,2
5027,2
5028,2
5029,4
5030,2
5032,2
5034,2
5035,2
5036,2
5037,2
5039,2
5041,2
5043,4
5044,2
5045,2
5046,2
5048,2
5049,2
5051,3
5052,2
5053,2
5054,5
5055,3
5056,3
5057,4
5058,2
5059,2
5060,3
5061,3
5063,2
5064,2
5065,5
5066,2
5068,4
5069,2
5071,5
5072,2
5073,3
5075,3
5076,2
5077,2
5078,2
5079,2
5080,2
5081,3
5083,2
5087,2
5088,2
5090,2
5091,4
5092,2
5093,2
5094,2
5095,2
5096,3
5098,2
5099,2
5100,2
5101,2
5102,3
5103,2
5104,2
5105,2
5106,4
5108,2
5109,3
5110,2
5111,2
5112,4
5113,3
5115,2
5116,3
5117,5
5119,2
5120,2
5122,2
5123,5
5124,2
5125,2
5126,3
5127,2
5128,2
5129,2
5132,2
5134,3
5135,2
5136,4
5138,5
5139,4
5140,4
5141,3
5143,2
5144,2
5145,2
5146,2
5147,2
5149,2
5151,3
5152,2
5154,2
5156,2
5157,2
5160,2
5161,2
5162,2
5163,2
5165,3
5166,2
5167,2
5168,2
5169,2
5170,5
5171,2
5172,2
5173,2
5174,2
5175,4
5177,2
5178,2
5179,3
5180,2
5181,2
5182,4
5183,2
5184,4
5185,2
5186,3
5188,3
5190,3
5191,3
5193,2
5194,3
5195,5
5196,2
5197,2
5198,3
5199,2
5200,3
5201,2
5202,2
5203,3
5204,3
5206,3
5208,2
5209,2
5210,2
5211,3
5212,2
5213,2
5214,2
5215,2
5216,2
5217,3
5219,2
5220,2
5221,4
5222,2
5224,3
5225,2
5227,3
5228,5
5229,3
5230,5
5231,2
5232,2
5234,2
5235,2
5236,5
5237,5
5238,2
5239,4
5240,2
5241,4
5243,2
5244,2
5245,2
5246,3
5248,5
5249,2
5250,2
5251,2
5252,2
5254,2
5256,4
5257,2
5258,2
5259,2
5260,3
5261,2
5262,2
5264,3
5266,2
5268,2
5269,3
5270,2
5271,2
5272,2
5274,4
5275,3
5276,2
5277,2
5278,2
5279,2
5280,3
5281,3
5282,2
5284,2
5285,2
5286,3
5288,2
5289,2
5290,2
5291,2
5293,2
5294,2
5295,2
5296,2
5297,2
5298,3
5299,2
5302,2
5304,5
5306,2
5307,2
5308,5
5310,2
5311,2
5312,2
5313,2
5314,4
5316,3
5317,2
5318,4
5319,4
5321,2
5322,4
5323,3
5324,2
5326,4
5327,2
5329,2
5331,4
5332,3
5334,2
5335,2
5337,2
5338,2
5342,2
5343,2
5344,2
5347,2
5348,2
5350,2
5351,2
5352,2
5353,4
5354,2
5355,3
5356,3
5357,2
5358,3
5359,2
5362,3
5363,2
5365,2
5367,2
5368,2
5371,5
5372,2
5375,2
5376,2
5377,4
5378,2
5380,2
5381,3
5384,3
5385,2
5386,2
5387,2
5388,2
5389,2
5390,2
5391,3
5392,2
5394,2
5395,2
5396,2
5397,2
5398,4
5400,2
5401,2
5403,3
5405,2
5406,2
5407,4
5408,2
5409,2
5410,2
5412,5
5413,2
5414,2
5416,3
5417,3
5418,2
5419,2
5420,4
5422,2
5423,3
5424,3
5426,5
5430,2
5432,2
5433,2
5434,4
5435,2
5437,2
5439,5
5442,3
5443,2
5445,2
5446,3
5447,5
5449,2
5450,2
5451,3
5453,2
5454,3
5456,5
5457,2
5458,2
5459,2
5460,3
5462,3
5463,4
5464,2
5465,4
5469,2
5471,4
5473,3
5474,5
5475,2
5476,2
5477,2
5478,2
5480,2
5481,2
5482,2
5483,2
5484,2
5486,2
5487,2
5488,2
5489,2
5490,2
5492,4
5493,2
5494,2
5495,4
5497,2
5498,2
5499,4
5500,2
5501,4
5503,2
5504,2
5505,3
5507,2
5508,3
5510,4
5511,4
5512,2
5513,4
5514,2
5515,2
5516,3
5518,2
5519,3
5520,5
5521,3
5522,2
5523,4
5525,5
5526,2
5527,2
5529,2
5531,4
5532,2
5534,2
5536,2
5537,4
5538,4
5539,4
5540,4
5541,2
5542,3
5543,5
5544,2
5545,2
5546,2
5547,3
5548,3
5549,2
5550,2
5551,2
5553,2
5554,2
5555,2
5556,3
5557,2
5558,2
5559,3
5561,2
5562,3
5563,2
5565,2
5566,3
5567,4
5568,4
5569,2
5570,2
5571,3
5572,3
5573,2
5574,2
5575,3
5576,3
5577,2
5578,2
5580,2
5581,3
5582,2
5583,2
5584,3
5586,2
5588,4
5590,4
5591,2
5592,2
5593,2
5594,2
5595,2
5596,3
5598,4
5599,2
5601,2
5602,2
5603,2
5604,2
5605,3
5606,2
5608,2
5609,3
5610,3
5611,2
5612,5
5613,2
5614,2
5615,3
5616,4
5617,2
5618,2
5619,2
5620,2
5621,2
5622,3
5623,2
5624,2
5626,2
5627,2
5628,5
5629,4
5631,2
5632,5
5633,5
5635,3
5637,3
5638,2
5639,2
5640,2
5641,3
5642,2
5644,2
5645,2
5646,4
5647,2
5648,2
5649,2
5651,2
5652,2
5653,2
5654,4
5655,2
5656,2
5657,2
5658,2
5661,3
5662,4
5664,3
5665,2
5666,2
5667,2
5668,2
5669,5
5670,2
5671,2
5672,2
5673,2
5676,2
5677,2
5679,4
5681,2
5682,2
5683,2
5684,5
5685,2
5686,3
5687,2
5689,4
5690,2
5692,2
5693,5
5695,2
5696,2
5697,2
5698,2
5700,3
5701,3
5703,2
5704,2
5705,3
5708,2
5709,2
5710,2
5711,4
5712,2
5713,2
5714,3
5715,3
5716,2
5717,2
5718,4
5719,2
5721,3
5723,2
5725,2
5726,3
5728,2
5729,3
5730,2
5732,2
5733,4
5735,2
5738,2
5739,4
5742,4
5744,2
5746,5
5747,3
5748,2
5749,5
5750,2
5751,5
5752,4
5753,2
5754,2
5756,2
5758,2
5759,3
5760,4
5761,2
5764,2
5765,2
5767,2
5769,2
5770,3
5772,3
5774,4
5775,2
5777,2
5778,2
5780,2
5781,4
5782,3
5784,3
5785,2
5786,2
5787,2
5788,3
5789,2
5790,2
5793,3
5794,3
5795,2
5796,2
5797,2
5798,3
5799,2
5800,2
5804,2
5805,2
5806,2
5807,3
5809,2
5811,2
5812,3
5813,2
5814,2
5815,2
5817,2
5818,2
5819,4
5820,2
5821,3
5822,3
5823,3
5824,2
5825,2
5827,2
5829,5
5830,2
5831,5
5833,3
5834,2
5838,5
5840,2
5842,2
5843,2
5844,2
5845,2
5846,3
5847,2
5848,2
5849,4
5851,2
5852,3
5853,2
5854,2
5855,3
5857,3
5858,4
5859,2
5861,4
5863,2
5865,4
5866,2
5867,2
5869,4
5870,5
5871,2
5874,2
5877,2
5878,2
5879,2
5880,2
5881,2
5882,2
5883,2
5884,2
5885,2
5886,2
5887,3
5889,4
5891,4
5893,4
5894,4
5896,2
5897,2
5899,4
5900,2
5901,4
5902,2
5905,2
5907,3
5909,2
5910,3
5911,4
5912,4
5914,2
5915,2
5916,2
5918,2
5919,2
5920,4
5923,4
5924,2
5925,2
5926,2
5929,2
5931,2
5932,2
5933,2
5934,4
5935,2
5937,2
5938,2
5939,5
5940,2
5941,2
5943,5
5944,5
5945,2
5946,2
5949,2
5950,2
5952,3
5953,5
5955,4
5958,2
5959,3
5961,2
5962,3
5963,2
5964,2
5965,2
5966,2
5967,2
5969,2
5970,3
5972,2
5973,2
5974,3
5975,2
5976,2
5979,2
5980,4
5981,2
5982,3
5983,2
5985,2
5986,5
5987,3
5988,2
5989,2
5990,2
5991,2
5992,2
5993,2
5994,3
5995,2
5997,2
5998,2
6000,3
6002,2
6003,2
6004,2
6006,2
6008,4
6009,2
6010,3
6011,2
6012,2
6013,2
6014,2
6015,4
6019,2
6020,5
6021,2
6023,2
6024,2
6025,3
6026,2
6027,2
6028,4
6030,4
6031,2
6032,2
6036,2
6038,2
6039,3
6040,2
6042,2
6043,4
6044,2
6046,2
6047,2
6048,2
6050,5
6051,4
6052,3
6057,3
6058,5
6059,2
6060,3
6062,2
6063,2
6064,4
6065,2
6066,2
6069,2
6071,2
6072,2
6074,2
6075,4
6076,3
6077,5
6079,4
6080,2
6082,3
6083,2
6084,2
6085,2
6086,2
6087,2
6088,2
6089,2
6090,2
6091,2
6093,3
6094,2
6095,3
6096,2
6097,2
6098,3
6099,3
6100,4
6102,2
6103,2
6104,2
6105,2
6107,5
6108,2
6109,2
6110,3
6112,4
6113,2
6114,2
6116,3
6119,4
6120,2
6121,2
6122,2
6124,2
6125,2
6126,2
6127,2
6128,3
6129,4
6130,2
6131,3
6132,2
6133,5
6136,2
6137,2
6138,2
6139,2
6140,2
6142,2
6143,2
6144,2
6146,2
6147,2
6148,2
6150,4
6151,4
6152,2
6153,2
6155,5
6156,2
6157,2
6158,2
6159,2
6160,2
6161,3
6162,2
6163,2
6164,4
6166,5
6167,2
6169,2
6170,2
6172,3
6173,2
6174,2
6175,2
6176,2
6178,3
6179,5
6180,2
6181,2
6182,2
6183,3
6185,2
6186,2
6187,3
6189,2
6190,4
6192,2
6193,2
6195,3
6196,2
6198,2
6199,3
6200,4
6201,4
6202,3
6203,2
6204,2
6205,2
6206,2
6207,2
6209,2
6210,2
6213,2
6214,4
6217,3
6219,2
6220,2
6221,2
6222,5
6223,2
6224,2
6225,2
6227,2
6228,2
6230,2
6231,2
6232,3
6233,2
6234,5
6235,2
6236,3
6237,2
6238,2
6242,2
6244,2
6245,3
6247,4
6248,2
6250,4
6252,3
6253,2
6256,3
6257,3
6258,2
6259,2
6260,3
6262,4
6263,5
6265,2
6266,2
6267,2
6268,2
6270,2
6272,2
6274,4
6275,2
6276,3
6277,4
6278,2
6279,3
6280,3
6281,5
6282,5
6283,2
6284,2
6286,2
6288,2
6289,4
6290,2
6291,4
6292,2
6294,4
6295,2
6296,2
6297,2
6298,2
6299,2
6300,2
6301,2
6302,2
6303,3
6305,2
6306,2
6307,5
6308,2
6309,2
6310,2
6311,2
6312,4
6313,4
6314,2
6316,4
6317,3
6319,3
6320,3
6321,3
6322,4
6323,2
6324,2
6325,3
6326,2
6327,2
6328,4
6330,2
6331,2
6332,5
6333,2
6336,2
6337,4
6338,2
6342,2
6343,2
6344,2
6345,4
6346,2
6347,3
6350,2
6351,5
6352,5
6353,3
6354,2
6357,3
6359,2
6360,2
6362,4
6363,2
6364,2
6365,2
6366,2
6367,2
6369,2
6370,2
6371,4
6373,2
6374,5
6375,2
6376,2
6377,3
6378,2
6379,5
6380,2
6382,2
6384,2
6385,2
6387,2
6388,2
6389,2
6390,2
6391,4
6392,2
6393,4
6394,2
6395,2
6396,2
6397,2
6398,2
6399,4
6400,2
6401,2
6402,2
6403,2
6405,2
6407,2
6408,3
6409,3
6411,3
6412,4
6413,2
6414,2
6415,4
6416,2
6417,2
6418,2
6419,2
6420,2
6421,2
6422,4
6423,2
6424,2
6425,2
6426,2
6427,2
6430,2
6431,5
6433,2
6434,2
6435,2
6436,3
6437,3
6438,2
6439,2
6440,2
6442,3
6444,2
6445,3
6446,2
6447,3
6448,2
6449,5
6450,5
6451,3
6452,4
6453,2
6455,4
6456,2
6458,2
6459,2
6461,2
6462,2
6463,2
6464,2
6465,2
6466,3
6467,2
6468,2
6469,2
6470,2
6471,3
6473,3
6474,2
6475,2
6476,3
6477,2
6478,3
6479,2
6480,3
6482,2
6483,5
6485,2
6486,2
6488,2
6490,4
6491,2
6492,3
6493,5
6494,2
6495,3
6496,2
6497,5
6499,3
6500,2
6501,4
6502,2
6506,3
6508,2
6509,3
6510,4
6511,4
6512,2
6513,5
6514,2
6516,5
6517,2
6518,2
6519,2
6520,3
6521,2
6523,2
6524,2
6525,5
6526,2
6528,2
6529,3
6530,2
6531,2
6532,2
6533,5
6534,2
6535,2
6536,3
6538,4
6539,3
6540,2
6542,2
6543,2
6545,2
6546,3
6548,2
6550,2
6552,4
6553,3
6555,3
6556,2
6557,2
6558,5
6559,2
6561,5
6562,2
6563,2
6564,4
6566,3
6568,2
6569,3
6571,3
6572,2
6573,3
6574,5
6575,2
6576,3
6577,2
6578,2
6580,2
6581,2
6582,5
6583,5
6584,4
6585,2
6586,2
6588,4
6589,5
6590,5
6591,2
6592,3
6595,2
6597,2
6598,3
6599,2
6600,2
6601,2
6602,2
6603,2
6605,2
6606,2
6607,5
6608,2
6609,2
6610,2
6611,2
6612,4
6613,2
6614,2
6615,4
6616,2
6617,2
6619,2
6620,2
6623,2
6624,2
6625,5
6626,2
6627,2
6628,5
6630,2
6632,2
6633,3
6635,2
6636,4
6637,3
6639,2
6642,4
6644,4
6645,2
6647,3
6648,3
6650,4
6651,2
6652,4
6653,4
6654,2
6655,4
6656,2
6657,3
6658,2
6659,2
6661,2
6662,2
6663,2
6664,2
6666,2
6667,2
6668,4
6669,2
6670,2
6671,2
6672,2
6673,5
6674,5
6675,4
6676,2
6677,5
6678,2
6679,2
6681,2
6682,3
6683,4
6684,2
6685,2
6686,2
6687,3
6690,2
6691,2
6692,3
6693,5
6694,2
6696,3
6697,2
6699,2
6701,2
6702,2
6704,3
6707,2
6709,2
6711,2
6713,2
6716,3
6719,2
6721,2
6722,2
6723,2
6724,4
6725,3
6726,2
6727,3
6728,2
6731,2
6733,2
6734,2
6736,3
6738,2
6739,2
6741,2
6742,2
6743,2
6745,2
6747,2
6749,2
6750,3
6752,4
6753,2
6754,3
6755,4
6756,3
6757,5
6759,2
6761,3
6762,3
6766,3
6768,2
6769,4
6770,3
6771,3
6772,2
6773,2
6775,2
6776,2
6777,3
6779,5
6780,2
6782,3
6783,3
6784,2
6786,4
6789,2
6791,2
6792,2
6793,3
6794,2
6795,2
6797,5
6799,2
6800,2
6802,2
6803,2
6805,2
6806,2
6807,2
6808,2
6809,4
6810,4
6811,4
6812,2
6814,4
6815,2
6816,2
6818,2
6819,2
6821,2
6823,2
6824,2
6825,3
6826,2
6827,2
6828,4
6829,4
6830,2
6832,2
6833,4
6835,2
6836,3
6838,5
6839,2
6840,2
6842,3
6843,3
6845,3
6847,2
6848,3
6849,2
6850,2
6851,3
6852,2
6853,2
6854,2
6856,2
6858,3
6859,3
6860,2
6861,2
6862,2
6863,2
6864,2
6865,2
6866,2
6867,3
6869,4
6871,2
6872,2
6874,2
6875,4
6876,5
6878,3
6879,2
6881,2
6882,3
6883,2
6884,2
6885,2
6886,2
6887,2
6888,2
6889,3
6891,2
6892,4
6893,2
6897,2
6898,2
6899,2
6900,2
6902,3
6903,2
6905,2
6906,4
6907,4
6908,2
6909,2
6910,4
6911,2
6913,5
6915,3
6916,2
6917,3
6918,2
6920,2
6921,2
6922,4
6923,3
6924,4
6925,3
6928,3
6929,2
6930,4
6932,2
6933,4
6935,2
6936,2
6937,2
6938,2
6939,2
6942,2
6943,2
6945,2
6946,2
6947,2
6948,2
6949,2
6951,2
6953,5
6955,2
6956,2
6958,2
6959,2
6960,3
6961,5
6962,5
6963,3
6965,3
6967,3
6968,5
6969,2
6970,2
6972,2
6973,2
6975,2
6976,4
6977,4
6978,3
6979,2
6981,4
6984,2
6985,5
6986,2
6987,2
6988,5
6989,4
6990,2
6991,2
6993,2
6995,2
6996,3
6997,3
6998,2
6999,3
7000,5
7001,2
7002,5
7003,3
7004,2
7007,2
7008,2
7009,2
7010,2
7013,3
7015,2
7016,2
7017,2
7019,2
7020,2
7021,2
7024,3
7026,2
7027,5
7028,2
7029,2
7030,2
7031,2
7032,2
7034,3
7035,2
7037,3
7038,2
7039,4
7040,4
7041,3
7042,2
7043,3
7044,2
7045,3
7046,2
7047,3
7048,5
7050,2
7051,2
7052,3
7053,2
7054,2
7055,3
7056,2
7057,4
7059,2
7061,2
7063,2
7065,2
7066,3
7067,3
7068,2
7069,5
7070,3
7071,2
7073,3
7074,2
7076,2
7077,2
7078,2
7079,2
7080,3
7081,4
7082,4
7084,2
7085,3
7086,2
7087,4
7088,2
7089,2
7090,4
7091,2
7093,2
7094,2
7095,2
7096,2
7098,2
7100,2
7103,2
7104,2
7105,2
7107,2
7109,5
7110,2
7112,2
7113,2
7114,2
7115,2
7116,2
7117,3
7118,2
7121,2
7124,2
7125,2
7126,2
7127,2
7128,4
7129,2
7130,5
7132,2
7133,2
7135,5
7137,2
7138,2
7139,2
7141,2
7142,5
7144,2
7145,4
7146,5
7147,3
7148,2
7149,2
7150,2
7151,2
7152,2
7153,2
7155,4
7157,2
7159,4
7160,3
7161,3
7162,5
7163,2
7164,3
7165,2
7166,2
7167,2
7169,2
7170,2
7171,2
7172,2
7174,2
7175,2
7176,3
7177,2
7178,2
7179,2
7181,3
7183,2
7184,2
7186,2
7190,2
7191,2
7193,3
7194,2
7195,2
7196,2
7197,3
7199,4
7201,2
7203,2
7204,2
7205,2
7206,2
7207,2
7208,3
7209,5
7211,2
7212,3
7213,2
7214,2
7215,2
7216,2
7217,2
7218,2
7219,2
7221,3
7222,5
7223,2
7224,2
7225,3
7226,2
7227,2
7228,2
7229,2
7230,5
7232,4
7233,3
7235,3
7238,2
7239,3
7240,5
7245,3
7247,4
7248,3
7250,2
7251,4
7253,3
7254,3
7255,2
7257,4
7258,4
7261,2
7262,2
7264,2
7266,4
7267,3
7269,2
7270,2
7273,2
7274,2
7275,2
7276,2
7278,2
7279,2
7280,3
7281,3
7282,2
7283,2
7284,3
7286,2
7288,2
7289,2
7290,2
7292,3
7293,2
7294,4
7296,2
7297,2
7298,2
7299,2
7301,4
7302,2
7304,2
7306,2
7307,2
7308,3
7309,2
7311,4
7313,2
7314,2
7315,2
7317,2
7318,2
7319,4
7320,2
7321,2
7323,2
7325,2
7326,5
7327,2
7328,2
7329,4
7332,2
7333,2
7334,3
7336,4
7337,3
7338,2
7340,4
7341,2
7342,2
7344,4
7346,2
7347,5
7349,2
7351,2
7352,2
7353,2
7355,5
7356,3
7357,3
7359,5
7360,4
7361,2
7362,2
7363,5
7364,5
7366,4
7367,2
7368,4
7369,2
7370,3
7372,2
7373,5
7375,2
7377,2
7378,2
7379,5
7380,2
7381,2
7382,2
7383,2
7384,2
7385,3
7386,5
7388,5
7389,2
7390,2
7391,3
7392,2
7393,2
7394,2
7395,2
7396,5
7397,3
7398,4
7399,2
7400,3
7401,2
7403,2
7404,2
7405,2
7407,2
7408,3
7409,2
7410,2
7412,2
7413,2
7414,3
7415,2
7416,2
7418,5
7419,2
7421,2
7422,5
7423,2
7425,5
7426,2
7427,2
7428,2
7430,2
7431,3
7432,4
7433,2
7435,5
7436,2
7437,2
7438,2
7439,2
7441,2
7445,4
7447,3
7448,2
7449,3
7450,2
7452,5
7454,3
7455,2
7456,4
7457,3
7458,3
7459,2
7461,3
7465,4
7466,4
7467,2
7468,2
7469,2
7470,2
7471,3
7473,3
7474,2
7475,2
7476,2
7478,2
7481,2
7483,2
7484,2
7485,2
7486,2
7489,2
7490,2
7491,2
7492,2
7494,5
7495,2
7496,2
7498,2
7499,2
7501,2
7502,2
7503,2
7504,3
7505,2
7506,5
7508,2
7509,2
7511,2
7512,5
7513,5
7515,2
7516,2
7517,2
7518,4
7519,2
7520,2
7523,2
7525,4
7526,4
7527,2
7529,3
7530,3
7531,2
7534,2
7535,2
7536,2
7537,4
7538,2
7539,2
7542,2
7546,2
7548,2
7549,2
7550,2
7551,2
7552,2
7553,3
7554,4
7556,2
7558,3
7559,2
7560,3
7561,2
7565,2
7566,3
7568,2
7569,4
7570,4
7571,4
7574,2
7575,2
7576,4
7581,3
7582,5
7583,2
7584,3
7585,3
7586,3
7587,2
7588,2
7592,2
7593,2
7594,3
7595,2
7596,2
7597,2
7599,2
7601,2
7602,4
7603,3
7604,4
7605,2
7606,2
7607,2
7609,3
7610,3
7611,2
7613,2
7614,2
7615,2
7619,2
7620,2
7621,3
7623,3
7625,3
7626,2
7627,2
7628,3
7629,3
7630,2
7631,3
7634,2
7635,2
7636,2
7637,3
7639,2
7640,2
7641,2
7642,2
7643,5
7644,2
7645,3
7647,2
7648,2
7649,2
7651,3
7652,2
7654,3
7655,2
7657,2
7658,2
7660,2
7662,2
7663,2
7664,3
7665,4
7666,2
7669,4
7670,4
7671,2
7674,2
7675,4
7676,2
7677,5
7678,3
7680,2
7682,3
7683,3
7684,5
7686,3
7687,2
7689,2
7690,4
7691,3
7693,2
7694,4
7696,5
7697,2
7698,2
7699,5
7700,2
7702,2
7705,2
7706,2
7707,2
7708,4
7709,2
7710,2
7711,3
7712,2
7713,2
7714,2
7716,2
7718,3
7719,2
7721,2
7724,3
7726,2
7727,4
7728,3
7729,2
7730,4
7732,5
7733,2
7735,3
7739,3
7740,4
7742,2
7743,3
7745,2
7746,2
7747,3
7748,4
7750,2
7752,4
7754,2
7755,2
7756,2
7757,2
7758,5
7759,5
7760,2
7762,3
7763,2
7764,2
7765,2
7767,2
7768,2
7770,4
7771,4
7774,4
7776,2
7778,3
7779,4
7780,2
7781,2
7782,2
7783,2
7784,5
7785,2
7786,2
7788,2
7789,2
7790,5
7791,2
7793,3
7794,4
7795,3
7796,2
7797,2
7798,2
7799,3
7800,2
7801,5
7803,2
7804,2
7806,4
7807,5
7808,2
7810,2
7812,2
7813,2
7814,2
7815,2
7816,3
7817,2
7818,2
7819,2
7821,2
7823,3
7825,2
7828,2
7830,2
7832,2
7835,3
7836,2
7837,2
7838,2
7839,4
7841,3
7842,2
7843,2
7844,2
7845,2
7847,2
7849,3
7852,2
7853,2
7856,2
7857,2
7859,2
7860,3
7862,2
7863,3
7864,4
7865,2
7866,2
7869,2
7870,2
7872,2
7873,2
7874,2
7875,3
7876,2
7877,2
7878,2
7879,4
7880,2
7881,2
7883,3
7884,3
7885,2
7886,5
7887,3
7888,4
7890,2
7892,2
7893,2
7894,2
7895,2
7896,2
7897,2
7898,5
7899,2
7900,4
7901,3
7903,4
7904,5
7906,3
7907,2
7908,4
7910,4
7911,2
7912,2
7913,2
7914,4
7915,5
7917,4
7918,2
7921,2
7922,2
7924,3
7925,2
7927,3
7928,3
7930,3
7931,2
7932,2
7933,2
7934,5
7935,2
7936,3
7938,2
7939,2
7940,2
7941,2
7942,2
7944,2
7945,2
7946,2
7947,4
7948,2
7950,2
7951,5
7954,4
7955,3
7956,2
7957,3
7958,4
7959,5
7961,5
7962,3
7963,2
7964,2
7965,3
7966,2
7967,2
7968,3
7969,2
7971,2
7972,3
7973,2
7974,2
7975,4
7976,5
7979,2
7980,2
7981,2
7983,2
7984,2
7986,5
7987,4
7988,2
7989,2
7991,3
7992,2
7993,2
7995,2
7996,2
7999,2
8000,2
8001,4
8003,2
8004,2
8005,2
8006,3
8008,2
8009,2
8010,2
8011,2
8013,2
8014,2
8016,4
8018,3
8019,2
8021,4
8024,3
8025,5
8028,3
8029,2
8031,2
8032,2
8033,2
8034,2
8035,2
8037,2
8038,2
8039,2
8040,2
8041,2
8042,3
8043,3
8044,2
8047,2
8048,2
8049,4
8050,2
8051,2
8052,3
8053,2
8054,2
8055,5
8056,3
8057,2
8059,2
8061,4
8064,3
8065,2
8066,2
8069,3
8071,4
8072,2
8073,2
8074,5
8075,2
8076,2
8079,2
8082,2
8083,3
8085,2
8088,2
8089,4
8090,5
8092,3
8093,4
8094,5
8096,2
8097,2
8098,3
8099,2
8102,3
8103,2
8105,2
8106,2
8107,3
8109,5
8111,2
8112,5
8113,4
8115,2
8116,2
8117,4
8118,4
8120,2
8121,2
8122,2
8123,2
8124,2
8128,2
8132,3
8134,2
8135,2
8136,3
8138,3
8141,3
8142,4
8144,2
8145,2
8147,3
8150,2
8151,5
8152,2
8153,2
8154,3
8155,4
8156,5
8158,2
8159,2
8161,2
8163,2
8164,2
8165,3
8166,3
8167,4
8169,2
8170,2
8175,2
8177,3
8179,5
8180,2
8182,3
8184,4
8185,2
8187,4
8190,2
8191,2
8193,4
8195,2
8196,3
8198,4
8199,2
8201,5
8202,2
8204,4
8207,2
8208,3
8211,2
8212,2
8213,2
8214,2
8215,3
8216,3
8218,3
8219,4
8220,3
8221,2
8222,2
8223,2
8224,2
8225,2
8226,3
8227,2
8228,2
8229,4
8230,5
8231,4
8233,2
8235,2
8236,5
8238,4
8239,2
8240,2
8242,2
8244,4
8245,2
8247,2
8249,2
8250,2
8251,2
8252,5
8255,2
8256,2
8257,3
8258,2
8259,3
8262,2
8263,2
8265,3
8266,2
8267,2
8268,2
8269,2
8271,3
8272,2
8275,2
8276,2
8279,2
8282,3
8284,4
8285,4
8286,2
8287,4
8288,2
8289,3
8290,2
8291,3
8293,2
8294,5
8295,2
8296,2
8297,5
8298,2
8299,3
8300,3
8301,5
8303,2
8304,2
8306,3
8307,2
8309,3
8310,2
8312,3
8313,2
8314,3
8315,2
8317,2
8319,4
8320,2
8321,2
8322,5
8325,5
8326,2
8328,2
8329,2
8330,2
8332,3
8335,2
8337,5
8338,2
8339,3
8341,2
8342,2
8343,5
8344,2
8346,2
8347,2
8349,4
8350,2
8351,4
8352,5
8353,3
8354,2
8355,2
8356,3
8357,2
8358,3
8360,2
8361,2
8363,3
8364,2
8365,4
8367,4
8370,2
8371,2
8372,3
8373,3
8375,2
8376,2
8378,4
8379,2
8380,5
8383,4
8384,2
8385,4
8386,2
8387,2
8388,2
8389,3
8390,4
8391,4
8392,3
8393,3
8395,2
8396,2
8397,2
8398,2
8399,2
8400,2
8402,2
8404,2
8405,3
8406,2
8407,3
8409,2
8412,4
8413,2
8416,2
8417,3
8418,3
8419,2
8420,2
8421,4
8423,5
8424,2
8425,2
8426,2
8427,4
8429,2
8431,4
8434,3
8435,2
8437,2
8439,2
8440,3
8441,2
8442,3
8444,2
8445,5
8447,5
8448,2
8450,2
8451,4
8452,2
8454,3
8455,2
8456,2
8457,5
8458,3
8459,2
8461,2
8463,3
8464,2
8465,3
8466,2
8468,5
8471,2
8472,2
8473,2
8476,2
8477,3
8478,2
8479,2
8480,2
8481,3
8482,2
8484,2
8485,2
8486,2
8488,2
8489,2
8491,2
8492,2
8493,2
8495,2
8496,2
8500,2
8501,2
8503,3
8504,2
8506,2
8507,2
8509,2
8511,2
8512,2
8514,2
8518,3
8519,2
8520,3
8522,2
8523,5
8524,2
8525,2
8528,2
8529,2
8530,2
8531,4
8532,5
8534,3
8535,2
8537,2
8539,5
8540,2
8541,3
8542,2
8544,2
8545,4
8547,2
8548,3
8549,3
8550,2
8551,2
8552,2
8556,2
8557,3
8559,3
8560,3
8562,4
8563,2
8564,2
8565,3
8566,4
8567,4
8569,2
8570,2
8571,4
8572,3
8576,2
8577,2
8580,5
8581,2
8582,3
8583,2
8585,2
8586,2
8588,2
8589,5
8591,2
8592,2
8593,2
8594,2
8595,4
8596,2
8598,4
8601,2
8603,2
8604,2
8605,3
8606,2
8608,2
8610,2
8611,4
8612,2
8613,2
8614,2
8615,5
8616,2
8617,2
8621,2
8623,2
8625,2
8627,2
8631,2
8632,2
8633,2
8634,2
8636,3
8637,4
8639,2
8640,4
8641,2
8643,3
8645,5
8646,4
8648,2
8650,2
8651,2
8652,3
8653,2
8654,2
8655,2
8657,2
8658,2
8660,2
8661,3
8662,2
8664,2
8666,2
8668,2
8669,2
8672,4
8674,4
8675,4
8676,4
8678,2
8679,2
8682,5
8683,4
8684,2
8685,2
8687,2
8688,3
8689,2
8691,2
8692,2
8693,3
8694,2
8696,2
8697,2
8698,2
8699,2
8700,3
8701,3
8703,2
8704,2
8705,2
8708,2
8709,5
8711,3
8712,2
8714,2
8716,2
8718,3
8719,4
8721,4
8722,2
8723,4
8725,2
8726,3
8729,2
8730,2
8731,2
8732,2
8733,2
8734,3
8735,2
8736,3
8737,3
8738,5
8739,4
8740,2
8742,2
8745,2
8746,5
8748,2
8749,2
8750,3
8752,2
8753,4
8755,2
8758,2
8759,2
8760,5
8761,2
8763,4
8764,2
8766,2
8767,2
8769,2
8770,2
8771,2
8772,2
8773,2
8774,3
8775,5
8776,5
8777,3
8778,3
8780,2
8781,2
8782,2
8783,3
8784,2
8785,4
8786,2
8788,5
8790,2
8791,2
8792,3
8793,2
8795,2
8796,2
8798,2
8799,2
8800,2
8801,3
8802,2
8803,3
8804,2
8805,5
8806,2
8807,5
8808,3
8809,3
8810,2
8812,2
8815,2
8816,2
8818,3
8820,2
8822,2
8823,2
8824,2
8825,2
8827,2
8828,5
8829,2
8830,2
8831,5
8832,2
8834,2
8836,4
8838,2
8839,5
8840,4
8841,2
8842,3
8843,2
8845,3
8848,5
8849,5
8851,3
8852,2
8853,3
8854,3
8855,2
8856,2
8860,2
8861,2
8862,4
8864,5
8865,2
8866,5
8867,2
8868,4
8870,2
8871,2
8872,2
8873,3
8874,3
8875,2
8876,4
8877,2
8878,2
8879,4
8880,4
8882,2
8884,2
8885,3
8887,2
8889,5
8890,2
8891,3
8893,3
8895,3
8896,2
8898,2
8899,2
8900,2
8902,2
8904,2
8905,2
8907,2
8910,4
8911,2
8912,5
8913,2
8915,2
8916,2
8917,2
8918,5
8920,2
8921,2
8923,3
8924,2
8925,2
8926,2
8928,4
8930,2
8932,2
8933,2
8937,5
8938,2
8939,3
8940,2
8941,2
8942,2
8944,2
8946,5
8951,3
8952,2
8958,2
8961,5
8962,3
8963,2
8964,3
8966,3
8967,2
8970,4
8971,2
8972,2
8974,2
8975,2
8977,2
8978,2
8979,2
8980,2
8981,5
8982,5
8984,2
8985,4
8986,2
8987,2
8988,3
8989,4
8991,2
8992,3
8993,5
8996,3
8997,3
8998,2
8999,4
9000,4
9001,2
9002,4
9003,3
9004,5
9005,2
9006,3
9009,3
9011,4
9012,2
9013,2
9016,2
9017,5
9019,2
9021,2
9024,4
9027,2
9028,3
9031,2
9032,4
9033,4
9035,2
9036,2
9037,2
9038,2
9039,2
9041,5
9044,2
9047,2
9049,3
9050,2
9052,2
9053,2
9054,2
9055,4
9056,2
9057,2
9058,2
9059,2
9060,3
9061,2
9062,3
9063,2
9064,3
9067,2
9070,2
9071,2
9072,2
9073,2
9075,5
9076,5
9078,2
9081,2
9082,3
9083,2
9085,3
9086,2
9088,2
9089,4
9090,2
9091,2
9094,3
9095,2
9096,2
9097,3
9098,3
9101,2
9102,3
9104,2
9106,5
9108,2
9109,3
9111,2
9113,3
9114,3
9116,2
9117,2
9118,2
9120,2
9122,2
9123,4
9124,3
9125,2
9127,3
9128,2
9129,3
9131,2
9132,2
9134,2
9138,2
9139,3
9140,3
9142,2
9143,2
9146,2
9147,2
9150,2
9152,5
9154,2
9155,3
9158,2
9160,3
9162,2
9164,2
9166,2
9168,2
9170,2
9171,2
9172,2
9174,3
9175,2
9176,3
9180,2
9181,2
9182,3
9183,2
9184,2
9187,2
9188,2
9193,2
9194,2
9196,2
9197,2
9199,4
9200,4
9201,3
9202,2
9203,2
9204,2
9205,2
9206,2
9207,2
9208,2
9212,2
9214,2
9215,2
9218,3
9219,2
9221,2
9222,4
9224,3
9225,2
9226,4
9228,2
9230,4
9231,2
9232,2
9233,2
9234,2
9235,2
9236,2
9238,2
9239,2
9240,3
9241,5
9242,2
9244,3
9245,2
9248,4
9249,2
9252,3
9255,2
9258,2
9259,4
9260,2
9262,2
9263,2
9264,2
9266,2
9267,2
9268,2
9270,2
9271,5
9273,4
9274,5
9275,2
9276,2
9277,2
9278,2
9279,3
9280,2
9281,3
9282,3
9283,2
9284,2
9286,2
9288,3
9289,2
9291,2
9292,3
9293,2
9295,2
9296,5
9297,2
9298,2
9299,2
9300,2
9301,2
9302,3
9303,2
9304,4
9305,2
9307,5
9308,3
9309,2
9310,2
9313,2
9316,2
9317,3
9319,2
9320,4
9321,2
9323,5
9326,3
9329,2
9330,4
9331,5
9332,3
9334,2
9335,2
9336,4
9338,2
9341,3
9348,5
9349,2
9352,3
9353,2
9356,5
9357,2
9358,2
9359,2
9361,4
9362,2
9363,2
9364,2
9366,2
9367,2
9368,2
9370,2
9372,5
9373,2
9377,5
9379,3
9380,2
9381,3
9383,2
9385,5
9387,4
9388,3
9389,3
9390,5
9393,3
9395,2
9396,2
9397,2
9398,2
9399,2
9400,2
9402,2
9404,2
9406,2
9407,2
9409,2
9412,2
9413,2
9415,5
9417,5
9418,2
9419,3
9420,2
9421,2
9422,2
9424,2
9425,5
9426,3
9427,2
9428,2
9430,2
9433,2
9435,2
9436,4
9437,2
9438,2
9440,2
9441,2
9445,5
9446,3
9447,2
9448,2
9449,2
9453,2
9455,4
9457,2
9458,2
9460,3
9461,2
9463,3
9465,4
9466,4
9467,5
9468,2
9469,5
9470,2
9471,5
9472,2
9473,2
9476,3
9477,2
9480,2
9482,4
9483,3
9484,3
9485,2
9487,2
9489,4
9491,2
9492,3
9493,2
9494,2
9495,2
9496,2
9497,3
9498,4
9499,3
9501,2
9503,2
9504,4
9505,2
9506,3
9507,3
9508,2
9510,2
9511,2
9512,2
9513,4
9514,2
9517,2
9518,2
9521,2
9525,2
9526,2
9527,2
9529,2
9530,2
9533,2
9535,2
9536,2
9538,2
9539,2
9541,2
9542,3
9543,2
9544,2
9545,2
9546,3
9547,2
9549,2
9553,4
9554,2
9556,3
9557,3
9558,2
9559,2
9564,2
9566,3
9567,2
9569,2
9572,2
9573,3
9575,2
9576,2
9577,3
9578,2
9580,2
9582,2
9583,2
9585,3
9586,5
9590,2
9592,2
9593,2
9595,4
9596,2
9598,3
9600,2
9601,3
9603,3
9604,2
9606,3
9607,2
9608,2
9611,2
9612,2
9615,2
9618,2
9619,3
9620,4
9621,3
9623,2
9624,2
9627,4
9628,2
9629,2
9630,2
9632,2
9634,2
9635,2
9636,2
9637,3
9638,2
9639,5
9640,4
9641,2
9644,2
9645,3
9648,5
9649,2
9650,3
9651,2
9652,2
9653,3
9654,3
9658,2
9660,2
9665,2
9666,2
9667,2
9669,3
9672,5
9673,2
9675,3
9677,2
9678,2
9681,2
9682,3
9683,2
9685,3
9687,2
9688,2
9689,3
9690,2
9693,2
9695,2
9696,4
9697,4
9699,4
9700,5
9701,4
9702,2
9703,2
9706,2
9707,2
9708,2
9709,2
9710,2
9712,2
9713,3
9714,2
9715,2
9717,2
9718,2
9719,2
9720,2
9723,2
9724,3
9725,2
9726,2
9727,2
9728,3
9729,2
9730,2
9732,2
9734,2
9735,2
9736,4
9738,2
9739,2
9742,2
9746,5
9747,2
9748,2
9750,2
9751,2
9752,4
9754,2
9755,2
9756,5
9759,4
9761,4
9762,2
9763,5
9765,2
9766,3
9768,2
9770,3
9771,2
9772,3
9773,4
9774,2
9775,3
9776,2
9777,5
9779,2
9780,4
9781,2
9783,2
9784,2
9786,2
9787,2
9788,2
9790,2
9791,2
9793,3
9795,2
9796,3
9800,2
9801,2
9802,2
9803,2
9804,2
9805,3
9807,3
9810,2
9811,2
9812,2
9813,2
9814,2
9816,5
9818,2
9819,2
9820,2
9821,4
9823,2
9824,2
9825,2
9826,2
9827,2
9828,2
9829,3
9831,5
9832,2
9833,2
9835,5
9837,2
9840,2
9841,4
9842,2
9844,4
9845,3
9847,2
9849,2
9850,2
9851,3
9852,2
9853,2
9854,4
9855,2
9857,4
9858,2
9861,2
9862,2
9863,2
9865,4
9866,5
9867,2
9868,3
9870,2
9874,5
9876,2
9877,5
9879,2
9880,2
9883,2
9887,2
9889,2
9890,2
9891,2
9892,3
9894,2
9895,2
9896,2
9897,5
9901,4
9903,2
9905,2
9907,2
9908,2
9910,2
9911,2
9912,2
9913,2
9914,5
9915,2
9916,2
9918,2
9920,5
9921,5
9922,3
9923,4
9924,4
9926,2
9927,2
9928,3
9931,3
9932,2
9935,3
9936,2
9937,2
9938,2
9939,4
9940,4
9941,2
9943,2
9945,2
9946,2
9947,2
9949,2
9950,4
9951,2
9953,2
9954,3
9956,5
9959,2
9960,2
9961,2
9962,2
9964,2
9965,5
9966,2
9967,2
9968,2
9969,2
9973,2
9975,2
9976,2
9977,2
9978,2
9980,2
9981,2
9982,2
9984,2
9986,2
9987,2
9988,2
9991,2
9992,2
9994,5
9996,5
9997,4
9998,4
9999,2
10000,3
10001,2
10002,3
10003,2
10005,2
10006,4
10007,2
10008,3
10011,5
10012,2
10014,4
10015,2
10017,3
10018,3
10019,2
10020,2
10021,3
10022,2
10023,2
10024,2
10027,2
10028,2
10030,2
10031,2
10032,3
10033,2
10034,2
10037,2
10038,2
10040,2
10042,5
10043,3
10045,2
10047,2
10048,2
10050,5
10053,2
10055,3
10056,2
10059,2
10060,5
10061,3
10062,2
10063,2
10066,3
10068,2
10070,2
10072,2
10073,2
10074,3
10077,2
10078,2
10079,4
10082,2
10083,3
10087,2
10089,2
10090,2
10091,2
10092,2
10093,2
10094,3
10096,2
10099,2
10100,2
10101,4
10102,3
10103,3
10105,2
10106,4
10107,2
10110,2
10112,2
10113,2
10114,2
10115,2
10116,2
10119,2
10120,3
10121,2
10122,2
10124,2
10125,2
10127,2
10128,3
10130,2
10132,2
10134,3
10137,2
10138,2
10140,2
10141,2
10142,2
10145,2
10148,2
10149,2
10151,3
10152,3
10156,2
10157,4
10158,2
10159,2
10161,2
10164,2
10165,2
10166,4
10168,2
10169,2
10171,2
10172,2
10173,2
10174,2
10176,5
10178,2
10179,5
10181,2
10183,2
10186,2
10193,5
10194,3
10197,2
10198,3
10199,2
10200,2
10202,2
10203,2
10204,2
10205,2
10206,2
10207,2
10209,2
10210,4
10211,2
10214,2
10215,2
10216,2
10217,2
10219,2
10220,2
10221,2
10223,3
10224,2
10225,5
10226,5
10227,2
10228,2
10230,4
10231,3
10232,2
10235,3
10236,2
10237,4
10239,2
10244,2
10246,3
10247,2
10248,2
10249,5
10250,2
10251,2
10252,2
10254,2
10255,2
10256,2
10257,4
10258,2
10260,2
10261,3
10262,5
10263,3
10264,2
10270,4
10271,2
10275,2
10278,4
10279,2
10280,2
10283,4
10284,3
10285,3
10286,2
10289,4
10290,2
10291,2
10292,2
10294,2
10295,2
10296,2
10299,2
10300,3
10301,2
10306,2
10308,3
10309,4
10311,3
10314,2
10315,3
10317,2
10318,2
10319,4
10321,2
10322,2
10323,5
10324,2
10325,2
10328,4
10329,2
10331,4
10332,2
10334,2
10335,2
10336,4
10338,2
10339,2
10340,2
10342,2
10345,5
10346,2
10348,2
10349,2
10350,3
10351,3
10352,5
10353,2
10354,3
10359,2
10360,3
10362,3
10364,2
10366,2
10369,2
10372,2
10373,5
10374,2
10376,2
10377,2
10378,2
10381,2
10382,2
10384,2
10386,2
10388,3
10389,2
10390,5
10391,2
10393,3
10394,2
10396,2
10398,4
10402,3
10403,3
10405,3
10407,2
10408,3
10409,4
10410,3
10412,2
10413,4
10414,2
10415,2
10416,2
10417,2
10419,2
10420,2
10421,4
10427,2
10428,4
10429,2
10430,2
10431,2
10432,3
10435,2
10436,2
10437,2
10438,2
10440,3
10441,3
10443,2
10444,2
10445,3
10446,4
10447,4
10449,3
10451,2
10453,2
10455,2
10456,5
10458,2
10459,2
10461,2
10462,2
10463,2
10466,2
10472,2
10473,3
10474,5
10475,3
10477,2
10478,2
10481,2
10482,5
10483,4
10484,4
10486,5
10487,3
10488,2
10490,3
10491,3
10493,2
10494,2
10496,2
10497,2
10498,2
10502,2
10503,4
10504,2
10505,2
10507,2
10508,3
10509,2
10510,2
10511,5
10513,2
10515,5
10518,3
10520,2
10522,2
10523,2
10524,3
10526,2
10527,2
10529,4
10530,2
10531,4
10532,2
10533,3
10535,2
10536,2
10537,2
10539,2
10541,2
10543,2
10544,2
10546,2
10548,2
10550,2
10553,2
10554,2
10556,5
10557,2
10559,4
10564,2
10565,2
10566,3
10567,3
10568,3
10569,2
10571,2
10572,2
10575,2
10576,2
10577,2
10578,2
10579,3
10581,2
10583,2
10584,2
10585,2
10587,2
10591,2
10593,4
10594,4
10596,2
10597,2
10598,2
10601,2
10603,2
10605,2
10607,4
10608,2
10611,4
10612,2
10614,2
10616,2
10618,2
10620,2
10625,2
10631,2
10632,3
10633,4
10636,2
10637,2
10638,2
10639,5
10641,2
10642,2
10643,2
10645,2
10649,2
10651,2
10652,2
10653,5
10658,2
10662,4
10669,2
10671,2
10672,4
10673,2
10675,3
10677,2
10678,3
10680,2
10681,2
10683,2
10684,3
10687,2
10689,2
10690,2
10691,4
10692,2
10697,2
10699,3
10703,2
10704,2
10709,2
10710,2
10712,2
10713,3
10714,2
10715,4
10717,2
10722,2
10723,2
10724,4
10728,5
10730,2
10731,4
10734,2
10735,4
10738,2
10739,2
10740,2
10742,2
10743,2
10745,3
10748,2
10749,2
10753,2
10754,2
10755,2
10756,2
10758,2
10759,2
10760,2
10761,4
10763,2
10764,3
10765,3
10766,2
10768,4
10770,4
10771,2
10773,2
10774,3
10775,2
10776,3
10779,2
10780,2
10781,2
10784,5
10786,2
10787,2
10788,2
10789,2
10791,3
10792,2
10799,2
10801,4
10802,4
10803,3
10807,3
10808,2
10809,3
10811,3
10812,3
10813,2
10814,2
10815,4
10816,4
10819,3
10821,2
10822,5
10823,2
10826,5
10827,4
10828,2
10830,2
10831,2
10833,2
10835,2
10836,2
10837,2
10838,5
10839,3
10840,2
10842,2
10844,4
10845,2
10846,3
10847,4
10848,3
10849,2
10851,2
10854,4
10855,2
10856,2
10858,3
10860,3
10861,3
10863,2
10864,2
10871,3
10872,2
10875,5
10877,2
10878,4
10879,2
10880,2
10882,2
10883,4
10887,2
10889,3
10892,2
10895,2
10896,2
10898,2
10899,2
10901,4
10902,4
10903,2
10905,2
10906,2
10908,2
10909,2
10910,4
10911,3
10915,4
10916,3
10917,2
10920,2
10921,2
10922,2
10923,2
10925,2
10926,2
10930,3
10932,2
10933,3
10937,2
10938,3
10939,2
10941,3
10943,2
10944,5
10945,3
10948,3
10949,2
10952,2
10953,3
10954,2
10955,4
10956,3
10958,3
10959,2
10962,5
10965,2
10966,2
10967,2
10970,3
10972,2
10974,4
10975,2
10976,2
10978,2
10979,3
10980,2
10982,2
10984,2
10985,2
10986,3
10987,2
10989,4
10990,2
10991,2
10992,4
10993,2
10994,2
10995,2
10996,2
11000,3
11002,2
11003,2
11004,2
11005,3
11006,2
11007,2
11008,2
11009,2
11010,2
11011,2
11013,2
11016,2
11019,2
11022,2
11023,2
11025,2
11027,2
11028,2
11031,2
11032,2
11033,2
11034,4
11035,2
11036,4
11037,4
11038,2
11040,2
11042,2
11044,2
11045,2
11046,2
11047,2
11048,2
11049,2
11052,2
11053,2
11059,2
11062,2
11063,5
11064,2
11065,3
11069,2
11070,2
11073,4
11074,5
11076,2
11077,5
11080,3
11089,2
11090,2
11092,2
11095,2
11096,2
11097,2
11098,5
11099,2
11100,2
11101,4
11102,2
11103,2
11104,2
11105,4
11107,2
11108,4
11109,2
11111,2
11112,4
11113,2
11114,2
11115,5
11116,3
11117,2
11118,2
11119,3
11120,2
11121,2
11122,4
11123,3
11125,2
11126,2
11129,2
11130,2
11132,2
11134,5
11135,2
11136,4
11137,2
11140,2
11141,2
11144,2
11146,2
11151,2
11153,2
11154,2
11155,2
11157,2
11158,2
11163,3
11164,3
11168,3
11169,5
11171,2
11172,2
11173,5
11174,2
11176,3
11179,5
11182,2
11184,4
11187,2
11188,3
11190,2
11191,2
11192,3
11193,4
11194,4
11197,2
11198,5
11199,2
11200,2
11202,3
11204,3
11205,2
11209,2
11210,3
11212,2
11214,3
11216,2
11218,2
11219,2
11221,3
11222,2
11223,2
11224,2
11229,2
11230,3
11232,4
11234,3
11236,4
11237,3
11240,3
11242,3
11244,2
11246,5
11249,2
11250,2
11251,2
11254,2
11260,2
11261,4
11263,3
11265,2
11266,2
11273,2
11278,2
11279,2
11283,2
11284,3
11288,2
11291,2
11293,2
11294,2
11297,3
11298,5
11299,5
11304,2
11306,4
11307,2
11308,2
11311,2
11312,2
11313,2
11314,2
11319,2
11321,2
11322,2
11324,2
11327,3
11329,3
11330,5
11332,3
11333,2
11334,2
11335,2
11337,4
11338,2
11340,2
11342,2
11343,2
11345,5
11346,2
11347,3
11348,2
11353,2
11357,2
11358,3
11359,2
11360,2
11363,2
11364,4
11369,2
11370,2
11372,2
11373,2
11376,5
11378,3
11380,2
11382,3
11383,2
11387,3
11388,2
11390,2
11391,5
11393,2
11396,2
11398,2
11400,3
11402,2
11404,2
11406,3
11407,2
11408,2
11411,2
11414,3
11416,2
11419,3
11420,2
11423,2
11424,2
11425,2
11427,4
11431,2
11432,2
11435,2
11437,5
11438,2
11439,2
11442,2
11443,4
11445,2
11446,4
11448,5
11450,2
11451,2
11455,2
11456,4
11457,2
11458,2
11459,5
11460,2
11461,2
11463,2
11464,4
11465,4
11466,2
11468,4
11472,2
11473,2
11477,3
11479,3
11480,5
11481,2
11483,2
11484,2
11490,4
11494,2
11496,2
11500,4
11502,4
11503,2
11510,2
11511,2
11513,2
11514,2
11515,2
11519,4
11522,2
11524,2
11526,2
11528,2
11529,3
11533,2
11536,2
11537,2
11539,4
11540,4
11541,2
11542,2
11543,4
11544,4
11545,2
11546,2
11547,3
11552,2
11554,3
11555,2
11556,4
11557,2
11558,2
11562,2
11563,3
11564,2
11568,2
11569,2
11575,5
11576,5
11578,2
11579,2
11580,5
11581,2
11584,3
11587,3
11588,2
11594,4
11595,2
11599,5
11600,2
11601,2
11603,2
11605,2
11607,2
11609,2
11610,2
11611,3
11616,2
11617,2
11619,2
11622,2
11625,4
11626,2
11627,2
11629,2
11631,2
11636,2
11639,2
11640,3
11644,2
11645,2
11647,2
11650,2
11651,2
11654,5
11655,2
11657,2
11658,3
11659,2
11662,2
11663,3
11665,2
11666,4
11669,2
11671,2
11673,4
11676,3
11679,2
11683,2
11688,2
11693,2
11695,3
11697,5
11698,3
11699,2
11700,2
11702,3
11705,2
11709,2
11710,2
11713,2
11716,5
11717,2
11720,2
11722,2
11723,5
11725,4
11728,2
11729,2
11731,2
11732,3
11733,5
11736,3
11737,2
11739,2
11743,2
11745,3
11746,2
11747,2
11749,2
11750,2
11754,2
11755,2
11756,5
11760,3
11761,4
11763,2
11766,2
11767,4
11769,3
11770,4
11771,2
11772,2
11774,3
11777,2
11778,3
11781,2
11782,2
11785,3
11786,2
11787,3
11788,2
11789,4
11793,2
11795,4
11796,3
11799,2
11802,5
11803,3
11807,2
11808,2
11809,2
11810,2
11811,2
11813,2
11817,2
11818,2
11820,2
11822,2
11824,2
11826,2
11827,2
11828,2
11833,4
11834,2
11835,2
11839,4
11840,2
11841,2
11843,3
11845,2
11847,2
11848,5
11849,2
11850,4
11851,5
11852,2
11854,2
11856,2
11857,4
11859,2
11862,2
11863,2
11864,2
11867,3
11869,3
11871,2
11874,2
11877,2
11880,2
11881,2
11888,2
11890,3
11892,4
11893,2
11895,3
11897,2
11899,2
11901,2
11903,3
11907,4
11909,2
11911,3
11913,2
11914,2
11915,2
11916,2
11917,2
11918,3
11919,4
11921,2
11924,4
11925,2
11926,4
11927,2
11929,2
11931,5
11933,2
11935,2
11940,4
11942,2
11945,3
11948,3
11949,2
11952,3
11954,3
11955,4
11957,3
11958,2
11959,5
11963,3
11964,4
11965,2
11967,2
11969,5
11970,3
11972,2
11975,2
11977,2
11979,4
11981,3
11983,5
11984,3
11988,2
11989,2
11992,2
11993,4
11994,3
11997,2
11998,4
11999,2
12004,2
12005,3
12006,2
12007,2
12009,2
12010,3
12012,2
12013,2
12015,5
12017,5
12021,2
12023,3
12024,3
12028,2
12032,2
12033,4
12035,3
12036,5
12039,3
12041,2
12044,2
12045,2
12052,5
12053,2
12054,4
12055,3
12056,4
12057,2
12059,2
12060,2
12061,2
12062,2
12063,2
12064,2
12066,2
12067,4
12068,4
12069,2
12070,3
12071,5
12074,3
12076,2
12077,2
12078,2
12079,2
12081,2
12083,2
12084,4
12088,3
12089,4
12092,3
12095,4
12098,2
12099,2
12103,5
12105,3
12106,4
12108,2
12109,2
12110,2
12111,2
12114,2
12115,2
12116,2
12118,2
12120,2
12125,5
12126,2
12128,3
12135,5
12138,3
12141,5
12145,2
12146,2
12149,2
12150,2
12151,2
12153,5
12155,2
12157,2
12159,3
12160,2
12163,2
12165,2
12167,3
12168,3
12170,2
12171,2
12172,3
12173,2
12174,2
12176,2
12177,3
12178,3
12180,2
12182,2
12183,2
12185,3
12187,2
12191,2
12192,2
12193,2
12194,2
12195,4
12196,3
12198,2
12200,2
12201,2
12203,2
12204,3
12207,5
12208,2
12209,3
12211,2
12214,4
12216,2
12225,2
12227,2
12228,2
12229,4
12231,3
12233,2
12234,2
12235,2
12237,2
12238,3
12240,2
12241,5
12242,3
12243,3
12244,2
12250,2
12251,4
12255,2
12263,2
12265,3
12266,3
12270,2
12273,3
12276,2
12279,4
12281,3
12282,2
12283,3
12284,2
12286,2
12287,2
12288,5
12294,2
12299,3
12300,2
12302,5
12304,2
12305,3
12306,2
12307,5
12308,2
12309,2
12310,4
12312,2
12316,3
12320,3
12321,2
12322,3
12324,3
12325,2
12327,2
12330,4
12331,2
12333,2
12335,2
12338,2
12343,5
12347,2
12349,3
12353,2
12354,2
12355,2
12356,3
12362,2
12363,2
12365,2
12371,2
12372,2
12375,3
12376,2
12378,4
12382,2
12384,3
12385,2
12386,2
12389,2
12390,2
12397,4
12398,3
12399,2
12400,2
12401,3
12402,2
12403,2
12405,2
12406,2
12407,3
12408,2
12409,3
12414,2
12415,3
12416,3
12417,2
12421,5
12422,2
12425,4
12426,2
12435,3
12438,2
12440,3
12443,3
12445,2
12446,2
12448,2
12449,3
12451,2
12452,2
12456,2
12457,3
12458,2
12459,2
12463,2
12464,2
12465,2
12467,3
12470,2
12471,5
12473,2
12476,2
12480,3
12481,4
12482,5
12483,3
12484,2
12485,2
12488,4
12490,2
12492,2
12493,5
12494,3
12496,2
12498,4
12499,3
12500,3
12507,2
12508,2
12512,2
12514,5
12515,5
12517,2
12518,2
12522,3
12527,2
12528,3
12533,2
12534,2
12537,2
12538,2
12541,2
12542,2
12543,2
12546,2
12547,2
12551,2
12553,2
12554,5
12561,2
12562,2
12567,2
12570,3
12571,2
12573,2
12579,2
12583,2
12587,2
12591,2
12593,2
12597,2
12598,3
12599,2
12600,2
12603,3
12604,2
12605,2
12611,2
12612,2
12613,2
12615,2
12619,3
12620,2
12624,2
12629,2
12633,5
12638,2
12640,4
12644,2
12649,2
12650,3
12654,4
12662,3
12663,2
12665,3
12666,2
12667,4
12670,2
12671,2
12677,3
12679,3
12680,4
12685,3
12692,2
12698,4
12699,2
12709,2
12710,2
12712,4
12713,2
12714,2
12717,2
12723,3
12726,2
12727,2
12730,2
12732,5
12735,2
12738,4
12739,2
12740,2
12741,4
12744,2
12745,3
12746,2
12752,2
12754,2
12756,3
12761,3
12762,2
12765,4
12766,3
12769,2
12770,2
12771,3
12772,2
12774,3
12775,3
12780,3
12782,2
12784,4
12790,2
12793,3
12795,2
12799,3
12802,2
12803,3
12806,3
12809,2
12813,3
12814,2
12815,2
12819,2
12822,2
12828,2
12830,2
12832,2
12870,2
12908,4
12913,2
12921,2
12934,2
12935,5
