0,15
2,5
4,5
6,10
7,5
8,5
10,35
12,5
13,5
14,5
15,5
16,5
18,5
20,5
22,5
24,5
25,40
27,10
29,5
31,5
32,5
33,30
35,35
37,5
39,30
41,40
42,5
43,5
44,10
46,5
47,5
48,5
50,5
52,5
54,5
56,15
58,5
60,10
61,5
62,40
64,10
66,5
68,15
70,5
71,5
73,15
74,15
75,10
76,10
78,5
80,15
82,5
84,5
86,5
87,15
88,10
90,5
92,5
93,5
94,5
95,5
97,20
99,10
101,5
103,5
105,5
107,35
108,25
109,25
110,5
111,5
113,10
115,5
117,10
119,5
121,15
123,5
125,20
126,5
128,5
130,5
132,5
134,5
135,5
137,5
139,10
141,10
143,10
145,5
146,5
147,10
149,5
151,10
152,5
154,5
155,5
156,25
157,25
158,5
160,5
162,5
163,35
164,5
166,10
168,15
169,5
170,10
172,5
173,5
174,5
176,15
178,5
180,5
182,20
183,30
185,5
186,10
187,15
188,5
190,5
191,5
192,10
194,10
196,5
198,5
200,5
202,5
204,5
206,5
208,10
209,10
210,50
211,5
213,20
215,5
217,10
218,5
220,5
222,5
224,10
226,10
227,5
228,5
229,5
231,5
232,10
233,10
235,5
236,10
237,10
238,5
240,5
241,5
242,5
244,5
245,5
246,5
247,10
248,5
249,5
251,5
252,15
254,10
256,10
258,5
259,20
260,20
261,5
263,5
265,5
266,20
267,10
269,5
271,10
273,25
275,10
277,5
279,10
281,5
284,45
285,10
287,10
289,5
290,10
291,25
292,5
294,5
296,50
298,25
300,10
302,5
304,15
306,10
308,5
310,20
312,5
314,5
316,40
318,10
320,5
322,10
324,5
325,5
326,50
327,10
328,10
329,35
330,50
332,5
334,10
336,5
338,10
339,5
340,5
341,5
342,5
344,5
346,5
347,50
348,5
349,5
351,10
352,5
354,10
356,5
357,35
359,25
361,5
362,5
363,10
365,10
367,20
369,5
370,5
372,5
374,10
375,5
377,20
378,5
380,5
381,5
383,30
385,5
387,20
389,10
391,5
393,5
394,15
396,10
398,5
399,10
401,10
402,5
403,25
405,5
407,15
408,5
409,45
411,5
413,10
415,5
416,10
417,10
419,10
422,5
424,5
425,20
427,15
428,20
430,5
432,10
434,30
435,5
436,10
437,5
438,10
439,5
440,5
442,10
443,5
445,5
447,5
449,5
450,5
451,25
452,15
453,25
454,5
455,5
457,10
458,10
459,20
460,25
461,50
463,5
464,5
465,5
467,10
468,10
469,5
470,5
471,25
472,5
473,5
474,45
475,45
476,20
478,5
480,5
481,5
482,15
483,5
484,5
486,25
488,15
489,5
491,5
493,5
494,5
496,5
498,5
499,5
500,5
501,5
503,5
505,5
506,20
508,5
509,5
510,5
511,5
512,10
514,15
516,10
518,15
520,15
522,10
523,5
524,15
525,10
527,25
529,10
531,5
532,5
534,10
536,10
537,5
539,10
540,45
542,30
543,10
545,5
546,15
548,10
550,5
551,20
553,20
555,5
556,5
558,5
559,30
560,5
561,5
562,5
563,10
565,5
567,5
569,45
570,10
571,5
572,5
573,10
575,5
577,5
578,5
580,20
582,25
584,15
586,5
588,5
589,5
591,40
592,5
594,10
595,5
596,5
598,5
599,15
600,10
602,5
604,10
606,35
608,15
609,5
610,5
611,5
612,10
613,15
614,45
615,10
616,5
617,20
618,5
619,20
621,5
622,10
623,10
624,15
625,5
627,5
628,20
629,15
630,5
631,5
633,10
634,5
635,5
637,5
638,5
639,5
641,40
642,5
643,15
644,5
645,10
646,5
647,5
648,5
650,5
651,5
653,5
655,5
656,5
658,5
659,5
660,10
661,5
662,5
663,20
665,10
666,15
667,45
668,10
669,20
671,5
672,5
673,10
675,20
676,10
677,5
678,5
679,5
680,5
682,5
684,5
686,5
688,15
690,5
691,20
693,5
695,5
697,25
699,5
700,5
701,25
703,5
704,5
707,5
708,5
709,5
710,10
711,5
713,40
714,30
716,10
718,10
719,30
720,5
722,5
724,5
725,30
726,15
728,5
729,5
731,5
733,20
734,5
736,5
737,5
738,10
739,10
741,5
743,25
744,5
746,5
747,10
749,5
751,5
752,5
753,50
754,5
755,5
757,25
758,5
759,10
760,20
761,10
763,5
766,5
767,10
769,5
771,20
772,20
774,10
775,30
777,20
779,40
781,20
782,5
784,15
785,10
786,50
787,15
788,5
789,5
791,20
792,5
794,5
795,5
796,5
798,15
800,5
802,5
804,5
806,5
808,5
809,5
811,5
812,5
814,25
817,5
818,5
819,45
820,5
821,10
823,10
825,15
826,5
827,25
829,5
830,5
831,5
833,5
834,20
835,5
836,5
837,5
839,5
840,5
841,25
842,5
843,10
844,10
847,5
848,5
850,5
851,5
852,5
854,20
855,20
856,10
857,5
859,10
860,5
861,10
862,5
863,10
865,5
867,15
869,10
870,5
871,10
872,5
874,30
875,15
877,5
879,5
881,5
882,5
883,10
884,5
885,5
886,5
887,5
888,10
890,35
891,5
892,20
893,5
894,5
895,5
896,5
897,20
898,5
900,5
901,10
902,5
903,5
905,5
907,5
908,5
909,40
910,5
911,5
912,5
914,5
915,10
916,5
917,5
919,5
920,5
922,5
924,5
925,25
926,5
927,5
929,5
930,15
932,5
933,10
934,10
935,5
937,5
938,5
939,5
940,5
941,5
942,5
943,5
944,45
945,5
946,10
947,5
948,50
950,5
951,10
952,5
953,20
954,15
955,15
957,5
959,5
960,5
961,5
962,10
963,20
964,5
965,5
966,5
967,5
968,5
970,10
971,5
973,5
974,10
975,40
976,5
977,5
978,5
979,5
980,5
981,5
982,10
983,10
985,5
986,5
988,10
989,5
990,5
991,5
992,20
993,5
994,15
996,5
997,10
998,5
999,10
1001,5
1002,5
1003,10
1004,25
1005,5
1006,25
1008,5
1009,5
1011,10
1012,5
1014,5
1015,5
1016,50
1017,10
1018,10
1020,5
1022,5
1025,5
1026,5
1027,5
1028,10
1029,5
1031,35
1032,40
1033,30
1035,10
1037,15
1039,5
1040,25
1042,15
1044,40
1046,5
1048,5
1050,5
1051,5
1052,5
1053,15
1055,40
1057,5
1058,5
1060,15
1061,10
1062,10
1064,15
1065,45
1066,5
1067,5
1068,5
1069,25
1071,5
1073,5
1074,5
1076,5
1077,10
1078,10
1079,5
1081,5
1083,5
1084,10
1085,35
1086,5
1088,5
1090,5
1091,10
1092,5
1093,5
1094,20
1095,15
1096,5
1099,10
1100,15
1101,5
1102,10
1103,5
1104,5
1106,5
1107,5
1109,5
1110,5
1112,5
1113,10
1114,10
1116,5
1118,5
1120,10
1121,5
1122,5
1124,10
1126,10
1127,5
1128,10
1129,35
1130,5
1132,35
1134,5
1135,10
1136,5
1137,10
1138,5
1140,50
1141,5
1142,5
1143,35
1145,5
1146,15
1147,5
1149,5
1150,10
1151,45
1153,5
1155,10
1156,40
1157,15
1158,5
1160,5
1162,10
1163,5
1164,5
1165,5
1167,5
1169,30
1171,10
1172,10
1173,5
1174,5
1175,15
1177,5
1179,5
1181,5
1183,5
1185,5
1186,5
1187,10
1188,5
1189,5
1190,5
1191,5
1193,5
1194,5
1196,5
1197,5
1198,35
1199,20
1200,5
1201,5
1202,5
1204,5
1206,5
1207,5
1208,5
1209,10
1210,10
1211,5
1212,5
1213,5
1215,5
1216,5
1217,5
1219,10
1220,5
1221,5
1222,20
1224,10
1225,25
1227,35
1228,20
1229,10
1230,45
1231,5
1232,5
1233,15
1234,5
1235,30
1238,5
1240,20
1242,10
1243,5
1244,5
1245,5
1246,5
1247,15
1248,5
1250,5
1252,5
1253,15
1254,5
1256,5
1257,5
1258,5
1259,5
1260,5
1261,10
1262,15
1263,10
1265,5
1267,5
1269,5
1270,5
1272,5
1273,5
1274,5
1275,5
1276,45
1277,5
1278,25
1280,5
1281,35
1282,15
1284,5
1286,5
1287,5
1289,10
1291,5
1292,45
1294,5
1295,5
1296,5
1297,5
1298,25
1299,5
1300,5
1301,5
1302,5
1303,5
1305,5
1306,15
1307,10
1308,10
1309,5
1310,5
1311,40
1312,5
1313,5
1315,10
1316,5
1318,5
1319,5
1320,10
1321,5
1322,5
1324,15
1326,5
1327,5
1328,5
1329,15
1331,5
1332,5
1334,5
1335,5
1337,20
1339,5
1340,5
1342,5
1345,5
1347,5
1348,5
1351,10
1352,5
1353,5
1354,5
1355,5
1356,5
1358,10
1359,5
1360,5
1361,10
1362,25
1364,5
1365,5
1366,5
1367,10
1369,15
1370,5
1371,15
1372,5
1373,10
1374,5
1376,25
1377,5
1378,10
1380,5
1381,5
1382,10
1384,5
1386,20
1387,5
1388,10
1389,5
1390,5
1392,15
1393,5
1395,5
1397,15
1399,5
1400,5
1401,15
1402,5
1403,5
1404,40
1405,5
1406,5
1408,15
1409,5
1412,5
1414,5
1416,20
1417,45
1419,5
1421,5
1422,25
1423,5
1425,15
1427,10
1428,45
1429,5
1430,10
1431,5
1433,5
1435,10
1436,5
1438,15
1439,20
1440,10
1441,5
1443,20
1444,5
1445,5
1446,30
1447,25
1448,35
1450,5
1451,25
1452,50
1453,5
1454,5
1455,5
1457,5
1458,5
1459,5
1461,5
1463,5
1464,5
1465,5
1466,5
1467,5
1468,5
1469,5
1470,25
1471,5
1472,15
1473,10
1474,10
1476,5
1478,15
1479,5
1480,5
1481,30
1482,10
1483,5
1485,5
1487,5
1488,10
1490,5
1491,5
1492,10
1493,5
1494,10
1495,10
1496,10
1497,5
1498,5
1499,30
1501,5
1502,10
1503,5
1504,10
1505,10
1507,10
1508,10
1509,5
1511,5
1512,5
1513,5
1515,5
1516,15
1518,5
1519,25
1520,15
1521,20
1522,5
1523,20
1524,5
1525,25
1526,5
1527,5
1528,35
1530,5
1531,20
1532,10
1534,5
1535,5
1536,5
1537,5
1538,10
1539,5
1540,5
1541,10
1542,5
1543,10
1544,10
1545,5
1547,5
1549,15
1550,5
1551,15
1553,5
1554,40
1556,5
1557,5
1559,5
1561,15
1562,5
1563,5
1564,5
1565,5
1567,5
1568,5
1570,5
1571,5
1572,5
1573,5
1574,5
1575,5
1576,5
1578,30
1580,5
1581,10
1582,5
1584,5
1586,5
1587,5
1588,5
1589,10
1590,5
1591,5
1592,20
1594,5
1596,5
1597,5
1598,10
1599,5
1600,15
1602,5
1603,5
1604,10
1605,5
1606,10
1608,5
1610,10
1611,10
1612,15
1613,5
1614,5
1615,5
1616,50
1617,5
1618,5
1619,5
1620,5
1621,10
1622,10
1623,5
1624,5
1626,25
1628,50
1629,10
1630,5
1632,10
1633,5
1634,25
1635,30
1637,15
1639,5
1640,5
1642,5
1644,10
1645,5
1647,5
1648,10
1650,5
1651,5
1653,5
1654,15
1655,5
1656,5
1657,5
1658,10
1659,30
1660,15
1662,5
1663,5
1665,5
1666,10
1667,5
1668,5
1669,5
1671,20
1672,10
1673,5
1674,5
1676,5
1677,5
1678,35
1679,10
1680,5
1681,10
1682,5
1683,40
1684,5
1685,35
1686,20
1687,5
1689,5
1690,30
1691,5
1692,30
1694,5
1696,15
1699,30
1700,10
1701,5
1703,5
1704,50
1705,10
1707,15
1709,5
1710,5
1711,5
1713,35
1714,5
1716,5
1718,5
1719,5
1720,5
1721,5
1722,5
1723,20
1725,5
1726,5
1727,5
1729,10
1730,5
1731,5
1732,5
1733,50
1735,5
1736,5
1737,10
1738,30
1740,5
1741,10
1742,5
1743,10
1744,5
1747,35
1749,5
1750,5
1752,30
1753,5
1754,5
1756,5
1757,10
1758,5
1759,20
1761,5
1762,5
1765,5
1767,5
1768,10
1769,20
1770,10
1771,10
1772,5
1773,5
1774,5
1775,5
1776,5
1777,5
1778,5
1779,25
1780,25
1782,5
1784,5
1786,5
1787,5
1789,45
1790,5
1791,5
1792,10
1793,5
1794,10
1795,10
1796,15
1797,5
1799,25
1800,5
1801,10
1803,10
1804,45
1806,5
1807,5
1808,5
1809,25
1811,5
1812,5
1813,5
1814,5
1816,5
1817,15
1819,15
1820,5
1821,5
1822,5
1824,25
1825,10
1827,5
1829,5
1830,10
1832,30
1834,5
1835,5
1836,5
1837,5
1839,5
1841,20
1843,5
1844,5
1845,5
1846,5
1847,5
1848,50
1850,5
1852,10
1853,5
1855,40
1856,35
1857,5
1858,5
1859,5
1861,5
1862,5
1863,15
1865,15
1866,10
1867,5
1868,5
1869,30
1871,5
1872,5
1873,5
1875,5
1876,10
1877,20
1879,5
1880,5
1881,5
1882,25
1883,10
1885,5
1886,5
1888,5
1889,10
1890,5
1892,5
1893,30
1894,5
1895,5
1896,5
1897,10
1898,5
1899,5
1900,35
1901,5
1902,15
1904,5
1905,5
1906,5
1907,5
1908,5
1909,5
1911,5
1912,35
1913,5
1914,5
1915,40
1916,5
1917,30
1918,15
1919,30
1921,5
1922,5
1925,25
1927,5
1929,10
1931,5
1932,5
1933,5
1934,5
1935,5
1936,5
1937,5
1939,20
1941,15
1943,5
1944,5
1945,10
1946,5
1947,10
1948,30
1950,10
1951,5
1953,30
1954,5
1955,20
1956,5
1957,5
1958,5
1959,5
1960,5
1962,5
1964,5
1965,5
1967,10
1968,5
1969,5
1970,5
1971,30
1972,5
1973,25
1974,5
1975,5
1976,15
1978,5
1980,10
1982,10
1983,5
1984,5
1985,5
1986,5
1987,15
1988,5
1989,5
1990,5
1992,20
1993,10
1995,25
1996,15
1997,35
1998,50
1999,5
2001,10
2002,5
2003,5
2004,5
2005,5
2006,5
2007,5
2008,5
2010,10
2011,25
2012,5
2014,5
2015,15
2017,25
2019,5
2020,15
2021,10
2023,40
2024,5
2025,10
2026,5
2028,5
2029,5
2030,5
2032,5
2033,40
2034,10
2035,5
2036,5
2037,10
2038,20
2039,5
2040,5
2041,5
2042,10
2044,5
2045,10
2046,10
2047,5
2048,5
2049,5
2051,10
2052,35
2053,5
2054,45
2055,5
2056,30
2057,5
2059,5
2060,5
2061,5
2062,5
2065,5
2066,40
2068,5
2069,5
2071,5
2072,5
2073,5
2075,5
2077,10
2079,10
2081,15
2082,5
2083,5
2085,10
2086,25
2087,15
2088,5
2089,5
2090,10
2091,5
2093,10
2094,5
2096,5
2097,5
2098,5
2099,5
2100,10
2101,5
2102,5
2104,15
2105,5
2107,5
2108,5
2109,25
2110,5
2111,5
2112,10
2113,15
2114,45
2115,25
2119,5
2120,5
2121,15
2123,15
2124,5
2126,10
2127,5
2129,5
2131,5
2132,10
2133,5
2134,5
2136,5
2137,5
2138,15
2139,50
2140,5
2141,5
2143,5
2144,10
2146,5
2147,5
2148,5
2149,5
2150,50
2152,5
2153,20
2154,10
2156,5
2157,10
2158,15
2159,10
2160,5
2161,15
2162,20
2163,20
2164,5
2165,35
2166,10
2168,5
2170,5
2171,5
2172,5
2173,5
2174,10
2175,5
2176,5
2178,5
2179,5
2180,5
2182,5
2183,5
2184,5
2185,5
2186,50
2187,10
2188,5
2189,5
2190,5
2191,5
2193,15
2194,5
2195,5
2197,25
2198,5
2199,5
2200,5
2201,5
2202,45
2203,5
2204,5
2205,5
2206,5
2207,5
2208,5
2209,5
2211,5
2212,25
2213,30
2214,35
2215,5
2216,20
2218,25
2219,35
2221,5
2222,5
2223,5
2224,5
2225,15
2226,15
2227,5
2228,5
2230,5
2232,50
2233,5
2235,35
2236,10
2238,10
2240,5
2241,5
2242,5
2243,20
2244,5
2245,5
2246,5
2248,5
2250,20
2251,20
2252,5
2253,5
2256,5
2257,5
2258,5
2259,5
2260,25
2261,5
2262,5
2264,10
2265,5
2267,50
2268,5
2269,10
2271,10
2272,25
2273,10
2274,5
2276,25
2278,20
2279,5
2281,5
2282,15
2285,5
2286,5
2288,5
2289,15
2291,40
2292,5
2293,35
2294,5
2295,10
2296,5
2297,5
2298,5
2299,5
2300,5
2301,5
2302,5
2304,5
2305,5
2306,50
2307,15
2309,5
2310,10
2311,30
2312,15
2314,5
2316,10
2318,5
2320,5
2321,5
2322,5
2323,10
2324,10
2325,10
2326,10
2329,5
2330,5
2331,5
2332,5
2334,15
2335,20
2336,20
2337,5
2338,35
2339,5
2340,5
2342,5
2343,5
2346,5
2347,5
2348,5
2349,10
2350,5
2352,10
2353,5
2354,15
2355,10
2356,5
2357,35
2358,5
2359,5
2361,15
2363,5
2364,20
2365,10
2366,10
2369,10
2372,5
2374,5
2376,45
2378,5
2380,10
2381,10
2382,15
2383,5
2385,10
2386,5
2388,10
2390,5
2391,20
2392,5
2393,5
2394,5
2395,5
2396,5
2397,10
2398,5
2399,25
2400,5
2401,5
2402,15
2404,20
2405,5
2407,25
2408,5
2409,30
2410,25
2411,5
2412,50
2413,20
2414,15
2416,10
2418,10
2419,5
2420,5
2421,5
2423,5
2425,5
2427,10
2428,5
2429,5
2430,10
2431,5
2432,30
2434,5
2435,10
2436,5
2437,5
2438,15
2439,5
2441,30
2443,5
2444,5
2445,5
2446,25
2447,5
2448,5
2449,5
2450,5
2451,5
2453,5
2455,5
2457,15
2458,5
2459,5
2460,5
2462,5
2464,5
2465,20
2466,5
2467,5
2469,10
2470,5
2471,5
2472,15
2473,20
2474,5
2475,5
2477,5
2478,15
2480,5
2481,5
2482,5
2483,5
2484,50
2485,5
2486,5
2487,5
2488,5
2489,10
2490,30
2491,10
2492,5
2493,15
2494,5
2495,5
2496,5
2497,5
2498,10
2499,45
2500,10
2501,10
2502,5
2503,5
2505,10
2507,10
2508,5
2509,25
2510,5
2511,15
2513,5
2514,15
2515,5
2517,25
2518,5
2519,10
2520,25
2521,5
2524,5
2526,5
2527,5
2528,5
2530,10
2532,5
2533,5
2534,5
2535,5
2537,5
2538,5
2539,5
2540,5
2542,5
2543,5
2544,10
2545,5
2546,5
2547,5
2548,5
2549,10
2550,5
2551,15
2552,5
2553,10
2554,10
2556,5
2557,10
2558,5
2559,5
2560,10
2561,5
2562,25
2563,5
2564,10
2566,5
2567,50
2569,40
2570,5
2572,5
2574,5
2575,5
2577,15
2578,5
2579,10
2580,5
2582,5
2583,5
2585,5
2586,5
2587,5
2588,5
2589,20
2590,10
2592,5
2594,5
2596,5
2598,30
2599,5
2601,5
2603,10
2604,5
2605,5
2606,5
2607,5
2608,5
2610,30
2611,5
2612,5
2613,5
2615,5
2617,5
2618,10
2619,5
2620,5
2621,5
2622,5
2623,5
2624,15
2625,5
2627,10
2628,5
2629,10
2630,35
2632,5
2634,10
2636,5
2637,5
2638,5
2639,5
2641,5
2642,5
2643,5
2644,15
2645,25
2646,30
2647,30
2649,5
2651,10
2652,5
2653,5
2654,5
2655,10
2657,10
2658,20
2659,15
2660,10
2661,25
2662,15
2663,5
2664,5
2665,5
2667,5
2668,5
2669,45
2670,10
2671,50
2672,20
2673,40
2674,15
2675,5
2676,5
2677,15
2678,5
2679,10
2680,5
2681,5
2682,10
2684,5
2685,10
2687,5
2688,5
2689,5
2690,5
2691,5
2692,10
2694,10
2696,5
2697,10
2698,5
2700,5
2701,5
2702,5
2704,5
2706,5
2709,5
2710,5
2712,10
2713,20
2714,15
2715,5
2717,30
2718,15
2719,5
2720,25
2721,5
2722,10
2723,5
2724,10
2727,5
2728,10
2730,5
2731,5
2733,5
2734,5
2735,15
2736,5
2737,5
2738,5
2740,5
2741,5
2742,5
2743,20
2744,10
2747,15
2748,5
2749,20
2750,5
2751,10
2752,10
2753,5
2754,5
2756,20
2757,5
2758,25
2760,5
2761,15
2763,5
2764,5
2765,35
2766,5
2768,5
2769,20
2771,35
2772,20
2773,5
2774,5
2775,25
2777,5
2778,10
2780,5
2781,5
2782,25
2784,15
2786,10
2787,50
2788,10
2789,10
2791,10
2792,5
2793,10
2794,15
2796,5
2797,10
2798,10
2799,5
2800,5
2802,5
2803,10
2805,10
2807,5
2808,10
2809,5
2811,5
2813,5
2815,10
2817,10
2818,5
2822,5
2823,10
2824,10
2826,5
2829,5
2830,5
2832,30
2833,20
2835,5
2836,5
2837,5
2838,10
2839,5
2840,5
2841,5
2843,5
2844,5
2845,5
2846,5
2848,5
2849,25
2851,10
2852,10
2853,20
2854,5
2856,10
2857,10
2858,15
2859,5
2860,5
2861,15
2862,5
2863,5
2864,5
2867,10
2869,5
2870,5
2871,5
2872,5
2873,5
2874,5
2875,15
2876,5
2877,5
2878,10
2879,5
2881,5
2882,25
2884,5
2885,10
2886,5
2888,25
2889,5
2890,5
2891,5
2893,5
2894,5
2895,30
2896,10
2897,5
2898,5
2900,5
2901,5
2902,5
2903,5
2904,35
2905,5
2906,30
2907,10
2908,5
2910,20
2911,5
2912,5
2913,10
2914,20
2915,5
2916,5
2918,10
2919,5
2920,5
2921,5
2922,5
2923,5
2924,5
2925,5
2927,20
2928,5
2929,10
2931,5
2932,40
2933,5
2934,5
2935,5
2938,5
2939,10
2940,25
2941,30
2942,5
2943,5
2945,5
2946,5
2947,15
2948,5
2950,35
2951,5
2953,20
2954,5
2955,10
2957,5
2958,5
2959,5
2960,15
2961,5
2962,10
2963,15
2964,5
2966,5
2967,30
2968,5
2969,10
2970,5
2971,5
2972,5
2973,15
2974,15
2975,5
2976,5
2977,5
2979,5
2981,5
2983,10
2984,30
2985,5
2987,5
2988,5
2989,30
2990,5
2991,40
2992,5
2994,5
2996,50
2998,5
3000,5
3001,5
3002,50
3004,10
3005,5
3006,25
3007,5
3008,10
3009,5
3010,5
3011,5
3012,10
3013,10
3015,10
3016,5
3018,15
3019,10
3020,5
3022,10
3023,5
3024,5
3025,5
3026,5
3027,10
3028,25
3029,15
3030,5
3031,5
3032,15
3033,5
3034,5
3035,20
3036,5
3037,10
3038,15
3039,50
3040,15
3041,5
3042,10
3043,5
3045,5
3046,10
3047,5
3048,10
3050,35
3051,35
3052,5
3053,5
3054,10
3055,10
3056,20
3057,10
3059,5
3060,15
3061,5
3062,5
3063,5
3064,5
3065,5
3067,5
3069,10
3071,5
3072,25
3073,5
3074,5
3076,5
3077,5
3078,5
3079,20
3080,5
3082,5
3084,5
3086,10
3087,30
3088,10
3090,5
3091,5
3093,5
3094,5
3095,5
3096,5
3098,5
3099,10
3101,5
3102,50
3103,5
3104,15
3106,5
3107,20
3108,15
3109,10
3110,10
3112,5
3113,5
3114,5
3116,5
3117,5
3118,15
3119,5
3120,20
3122,5
3123,10
3124,5
3125,5
3126,5
3127,5
3128,10
3129,30
3130,15
3131,5
3133,5
3134,10
3135,10
3136,5
3137,5
3138,5
3140,15
3141,5
3142,5
3143,5
3145,5
3147,10
3148,5
3149,5
3150,5
3151,5
3152,5
3154,25
3155,5
3156,5
3157,5
3158,10
3159,5
3160,5
3161,5
3162,35
3164,5
3165,5
3166,5
3167,10
3168,5
3169,5
3170,5
3171,10
3173,20
3174,5
3175,5
3176,10
3177,20
3179,5
3180,5
3181,5
3183,5
3185,5
3186,5
3187,15
3189,5
3190,5
3193,10
3195,5
3196,5
3199,5
3200,5
3201,35
3202,5
3203,20
3205,5
3206,5
3207,5
3208,5
3209,5
3210,5
3211,20
3212,5
3213,15
3214,10
3215,5
3216,5
3217,5
3218,5
3219,10
3220,10
3221,25
3222,5
3224,35
3225,5
3226,10
3227,10
3228,45
3229,5
3231,5
3232,5
3233,5
3234,10
3236,25
3237,35
3238,5
3239,30
3240,10
3241,5
3242,10
3243,5
3244,20
3245,30
3247,5
3248,10
3249,5
3251,5
3252,5
3254,5
3255,5
3256,25
3259,25
3260,20
3261,5
3262,10
3263,5
3264,5
3265,25
3266,15
3267,5
3269,5
3271,15
3272,30
3273,5
3274,5
3275,25
3277,20
3280,5
3281,5
3282,5
3283,5
3284,30
3285,5
3286,10
3287,10
3288,5
3290,10
3291,25
3292,10
3293,15
3294,10
3295,5
3296,35
3298,5
3300,25
3302,35
3303,50
3304,20
3305,5
3306,15
3307,5
3308,5
3309,5
3310,5
3313,5
3314,5
3315,5
3316,5
3317,5
3318,5
3319,10
3320,10
3321,5
3322,5
3323,5
3324,50
3325,5
3326,5
3327,5
3328,5
3329,15
3330,5
3331,10
3332,20
3334,5
3335,20
3336,45
3337,5
3339,5
3340,10
3341,5
3342,5
3343,40
3344,5
3345,5
3346,5
3347,15
3348,15
3349,5
3350,10
3352,5
3354,5
3355,5
3357,5
3358,5
3360,10
3361,30
3362,5
3363,5
3364,10
3365,5
3366,5
3367,5
3369,20
3370,5
3371,5
3372,5
3373,10
3374,5
3375,5
3376,5
3377,20
3379,20
3380,5
3382,5
3383,5
3385,10
3386,10
3387,10
3388,5
3390,10
3391,5
3392,5
3394,10
3396,5
3398,5
3400,25
3401,5
3403,10
3404,5
3405,5
3408,5
3410,10
3411,15
3412,5
3414,5
3415,5
3416,5
3417,5
3418,10
3419,5
3420,5
3422,35
3423,5
3424,5
3426,5
3427,10
3429,5
3430,5
3431,5
3432,10
3433,5
3434,10
3436,5
3437,10
3438,5
3440,25
3441,20
3442,5
3443,5
3445,5
3446,5
3448,5
3450,15
3451,30
3452,10
3453,15
3455,5
3457,15
3458,10
3459,5
3460,5
3462,5
3463,30
3464,5
3465,5
3466,5
3467,5
3468,15
3469,5
3470,5
3471,20
3472,10
3473,20
3474,25
3475,20
3476,5
3477,5
3478,5
3479,5
3480,20
3481,5
3482,5
3483,5
3484,5
3486,5
3487,5
3489,5
3490,5
3492,5
3494,5
3495,40
3496,5
3497,30
3499,5
3500,40
3502,5
3503,15
3504,40
3506,5
3507,5
3508,15
3509,10
3510,5
3512,5
3514,5
3515,5
3516,5
3517,5
3519,5
3520,5
3521,5
3522,15
3523,5
3524,30
3525,5
3527,5
3528,5
3529,30
3530,5
3534,10
3535,5
3537,5
3538,20
3539,10
3541,5
3543,5
3545,5
3547,5
3548,5
3550,10
3551,5
3552,20
3553,5
3554,10
3555,5
3556,5
3557,5
3559,5
3562,5
3563,5
3564,5
3565,5
3566,5
3568,10
3570,5
3571,5
3572,5
3573,5
3574,10
3575,15
3576,5
3577,5
3579,5
3581,10
3582,5
3584,5
3585,10
3586,5
3587,5
3588,5
3589,10
3590,5
3591,15
3592,20
3593,15
3595,5
3596,5
3599,10
3600,5
3601,10
3602,10
3605,10
3606,5
3607,5
3608,5
3609,5
3610,30
3611,5
3612,20
3613,15
3614,5
3615,10
3617,5
3618,10
3619,25
3621,10
3622,10
3624,20
3625,20
3626,5
3628,5
3630,5
3631,5
3632,10
3633,5
3635,10
3636,25
3638,5
3640,5
3641,5
3642,50
3643,25
3644,5
3645,10
3646,5
3647,5
3648,5
3649,5
3650,20
3651,5
3652,5
3654,10
3655,20
3656,30
3657,10
3658,5
3661,10
3662,5
3663,5
3664,5
3665,10
3666,5
3667,5
3668,5
3669,20
3670,5
3671,5
3672,5
3674,25
3675,5
3676,10
3677,5
3678,5
3679,5
3680,5
3681,5
3682,30
3683,30
3684,5
3685,5
3686,5
3688,10
3690,5
3691,10
3692,10
3693,5
3694,10
3695,5
3696,5
3697,10
3699,10
3700,5
3701,45
3703,5
3704,5
3706,5
3707,5
3708,45
3709,5
3710,5
3711,20
3712,15
3714,5
3715,5
3717,30
3718,10
3719,5
3720,5
3721,5
3722,5
3724,10
3725,10
3726,5
3727,25
3728,20
3730,5
3731,5
3732,5
3734,10
3736,5
3737,5
3738,5
3739,15
3741,15
3742,5
3744,10
3745,35
3746,5
3747,35
3748,5
3749,50
3750,5
3751,5
3753,5
3754,30
3755,10
3756,10
3757,10
3759,25
3762,15
3763,10
3764,30
3765,5
3766,15
3767,30
3768,5
3769,10
3770,5
3771,5
3772,5
3773,5
3776,10
3777,5
3778,5
3779,5
3780,5
3783,5
3785,5
3786,15
3788,10
3789,5
3790,5
3792,5
3793,15
3794,5
3796,5
3797,5
3798,15
3799,5
3801,5
3802,5
3803,5
3804,5
3806,45
3807,5
3808,15
3813,5
3814,10
3815,5
3816,30
3817,5
3818,15
3820,5
3821,10
3822,5
3823,20
3824,5
3826,15
3827,20
3828,5
3829,5
3830,20
3832,5
3834,5
3835,5
3836,10
3837,45
3838,5
3839,10
3840,5
3841,10
3842,5
3843,45
3845,5
3847,5
3848,5
3849,10
3850,10
3852,15
3853,15
3854,5
3855,5
3856,5
3857,35
3859,5
3860,10
3861,5
3862,10
3863,5
3864,15
3865,5
3866,5
3867,15
3870,5
3871,10
3872,5
3873,5
3874,5
3875,5
3878,5
3879,15
3881,5
3882,5
3883,5
3884,5
3885,15
3886,5
3887,5
3889,5
3891,5
3892,5
3893,5
3894,25
3895,5
3896,5
3897,5
3898,10
3899,40
3900,5
3901,5
3904,5
3905,5
3906,5
3907,5
3908,5
3909,15
3910,5
3912,5
3913,25
3914,5
3915,5
3916,40
3918,30
3919,5
3920,10
3921,5
3923,5
3924,35
3925,10
3926,5
3928,5
3929,20
3930,5
3931,5
3932,5
3933,5
3934,35
3935,15
3936,5
3937,30
3938,5
3939,5
3940,5
3942,15
3943,5
3944,5
3945,5
3947,5
3949,5
3950,5
3951,20
3952,5
3953,5
3954,5
3955,15
3956,10
3957,10
3958,5
3959,20
3961,5
3962,5
3963,5
3964,5
3965,15
3966,10
3967,40
3968,5
3969,30
3970,5
3971,5
3973,10
3975,5
3976,5
3977,15
3979,5
3980,5
3981,5
3982,5
3983,10
3984,5
3985,5
3986,10
3987,5
3989,25
3990,5
3991,45
3992,5
3993,5
3994,5
3995,5
3996,10
3997,5
3998,20
3999,35
4001,10
4002,5
4003,10
4004,5
4005,5
4006,15
4007,5
4008,5
4009,5
4010,5
4012,5
4013,5
4015,5
4016,5
4017,10
4018,20
4019,5
4020,5
4022,5
4023,10
4024,20
4025,40
4026,5
4027,5
4028,5
4029,10
4031,5
4032,5
4034,35
4036,5
4038,25
4041,10
4042,10
4043,15
4044,15
4045,10
4046,5
4047,5
4049,5
4050,5
4051,15
4053,15
4055,5
4056,5
4057,25
4058,5
4060,15
4061,5
4062,5
4063,5
4064,20
4065,5
4066,5
4067,5
4068,5
4070,10
4071,5
4072,5
4073,5
4075,40
4076,20
4078,5
4079,5
4080,5
4081,5
4082,25
4083,45
4084,5
4086,20
4087,20
4089,10
4091,5
4092,5
4093,10
4094,5
4095,10
4097,15
4098,40
4100,5
4101,25
4102,5
4103,45
4105,5
4107,10
4108,10
4109,5
4110,20
4111,20
4112,15
4114,5
4115,20
4117,15
4118,45
4120,5
4121,40
4123,5
4124,5
4125,30
4126,15
4127,5
4128,5
4130,5
4131,5
4132,5
4134,5
4135,10
4136,5
4137,5
4138,5
4139,5
4141,5
4142,5
4143,5
4144,45
4145,10
4146,10
4147,10
4149,5
4150,5
4151,5
4153,15
4154,5
4155,15
4156,45
4158,10
4159,5
4160,35
4161,5
4162,5
4164,5
4165,5
4166,20
4167,5
4169,25
4170,5
4171,5
4172,5
4174,5
4176,5
4178,10
4180,5
4184,5
4185,5
4186,5
4187,10
4188,5
4189,10
4190,45
4191,10
4192,5
4194,40
4195,5
4196,10
4198,5
4199,5
4200,10
4201,5
4204,5
4205,5
4206,35
4207,25
4208,5
4209,5
4210,10
4212,10
4213,5
4215,5
4216,5
4218,5
4219,5
4220,5
4221,45
4222,5
4223,15
4224,5
4225,5
4227,5
4228,5
4229,5
4231,5
4232,5
4233,5
4235,20
4236,10
4237,5
4238,15
4239,10
4241,5
4242,35
4244,25
4245,25
4248,5
4249,5
4251,5
4252,5
4253,5
4255,5
4256,10
4258,35
4259,5
4261,5
4262,5
4263,5
4265,5
4267,5
4270,5
4272,5
4274,10
4275,5
4276,5
4277,20
4278,10
4279,5
4280,5
4281,5
4282,30
4283,5
4284,5
4286,5
4287,5
4288,5
4289,5
4290,10
4291,5
4292,5
4293,25
4294,5
4297,5
4298,5
4300,5
4302,10
4303,5
4304,10
4305,10
4306,15
4307,5
4308,5
4309,5
4310,5
4311,5
4312,5
4313,5
4315,50
4316,5
4317,20
4318,5
4319,5
4320,5
4321,15
4322,10
4324,5
4325,5
4326,5
4327,10
4329,5
4330,5
4331,5
4332,5
4334,5
4335,15
4337,5
4339,30
4340,10
4341,40
4343,5
4345,5
4346,5
4347,5
4348,15
4349,5
4350,10
4351,5
4352,5
4353,5
4354,20
4356,15
4357,5
4358,5
4359,5
4360,5
4362,5
4363,10
4364,5
4365,15
4367,5
4369,5
4370,5
4373,10
4374,5
4375,10
4377,5
4378,5
4379,5
4380,5
4381,25
4382,5
4383,5
4385,5
4387,5
4389,5
4391,5
4392,10
4393,5
4395,20
4396,10
4397,20
4398,10
4399,15
4400,5
4402,5
4404,10
4405,5
4406,5
4407,5
4408,5
4409,5
4411,5
4413,10
4414,5
4415,5
4416,5
4417,5
4419,5
4420,30
4421,25
4422,10
4423,10
4424,15
4426,15
4427,10
4428,15
4429,5
4430,5
4431,10
4432,5
4433,5
4434,10
4435,5
4436,10
4437,5
4439,20
4440,10
4441,10
4442,5
4444,5
4445,5
4446,5
4449,5
4450,25
4451,5
4452,15
4454,5
4456,5
4457,5
4458,5
4459,5
4460,5
4461,5
4462,10
4463,40
4464,5
4465,10
4467,20
4469,5
4470,15
4472,5
4473,5
4474,5
4475,25
4479,10
4480,15
4481,15
4483,5
4484,5
4485,5
4486,5
4487,10
4488,10
4490,5
4491,25
4492,10
4493,10
4494,5
4495,5
4496,5
4497,25
4499,5
4500,5
4501,5
4502,5
4503,5
4505,40
4506,5
4509,5
4510,5
4512,10
4513,5
4514,5
4515,15
4516,5
4517,5
4518,5
4519,5
4520,15
4522,5
4523,5
4524,10
4525,5
4526,5
4527,10
4528,5
4529,5
4530,5
4531,5
4532,5
4533,20
4535,5
4536,5
4537,10
4538,5
4539,5
4541,15
4542,5
4543,10
4544,5
4546,5
4547,10
4549,20
4550,35
4552,5
4553,5
4554,5
4555,5
4556,5
4557,30
4558,5
4559,10
4561,5
4563,10
4564,5
4565,5
4566,25
4567,10
4568,5
4569,5
4571,10
4572,5
4573,5
4575,5
4576,20
4578,5
4579,5
4581,15
4583,5
4584,15
4585,5
4586,25
4587,5
4588,5
4589,15
4590,5
4592,10
4593,50
4594,5
4595,5
4597,10
4598,10
4599,5
4600,10
4601,5
4602,25
4603,5
4604,5
4605,5
4607,10
4608,40
4610,5
4611,10
4612,5
4613,5
4615,5
4616,10
4617,10
4618,20
4619,5
4620,5
4621,5
4622,20
4623,5
4625,10
4626,5
4627,5
4629,5
4630,5
4631,5
4632,30
4633,5
4634,5
4635,5
4636,20
4637,15
4638,5
4639,5
4640,5
4641,25
4642,5
4643,5
4644,15
4645,5
4646,15
4647,5
4649,5
4650,5
4651,5
4652,5
4653,15
4654,5
4655,5
4656,5
4658,5
4659,5
4660,10
4661,5
4662,10
4663,5
4664,30
4665,5
4666,5
4667,5
4668,5
4670,5
4671,5
4673,10
4674,5
4675,40
4677,5
4678,5
4679,10
4680,5
4681,5
4682,10
4683,10
4684,10
4686,5
4687,10
4689,5
4691,20
4692,15
4693,5
4694,35
4695,5
4696,10
4697,5
4698,10
4699,10
4700,5
4703,5
4704,10
4705,10
4706,5
4707,15
4708,5
4709,5
4710,5
4711,5
4712,5
4713,5
4714,15
4715,5
4716,5
4717,5
4718,5
4720,15
4722,10
4723,20
4725,5
4726,15
4728,25
4729,5
4730,5
4732,5
4733,5
4734,10
4736,45
4737,5
4739,5
4740,20
4742,10
4743,5
4744,5
4745,5
4746,5
4748,5
4749,5
4750,5
4751,5
4752,5
4753,30
4754,5
4756,5
4758,5
4759,5
4760,5
4761,5
4763,10
4766,5
4768,15
4769,5
4770,10
4771,5
4773,10
4774,10
4776,15
4778,10
4779,5
4780,20
4781,5
4782,5
4783,15
4785,30
4786,10
4787,5
4788,5
4789,15
4790,5
4792,5
4793,5
4794,5
4795,10
4796,10
4797,5
4798,20
4800,5
4801,10
4802,10
4804,5
4805,25
4806,5
4808,5
4809,5
4811,5
4812,10
4813,5
4814,20
4815,5
4816,5
4818,5
4820,5
4821,5
4822,5
4823,5
4824,5
4825,5
4827,5
4828,5
4829,5
4830,10
4831,5
4832,5
4833,10
4835,5
4836,5
4838,10
4840,5
4841,5
4842,15
4844,5
4847,20
4848,5
4850,15
4851,10
4852,10
4853,35
4855,5
4856,5
4857,5
4858,5
4859,5
4861,5
4862,20
4863,5
4864,5
4865,20
4866,10
4867,5
4868,25
4869,10
4870,10
4871,35
4872,15
4873,5
4874,5
4875,5
4876,5
4877,5
4878,5
4879,5
4880,5
4881,5
4883,5
4884,5
4886,5
4887,5
4888,5
4889,5
4890,5
4891,5
4893,5
4895,5
4896,5
4897,5
4899,5
4900,5
4901,10
4902,5
4903,15
4904,5
4905,5
4906,20
4909,25
4910,10
4911,30
4912,5
4913,5
4914,5
4915,5
4916,20
4917,10
4918,5
4921,35
4923,5
4924,10
4925,5
4926,5
4928,5
4929,5
4930,5
4931,5
4932,5
4933,5
4934,10
4935,35
4937,5
4938,20
4940,5
4941,5
4942,15
4943,10
4944,5
4945,5
4946,5
4947,5
4948,5
4949,25
4950,10
4951,15
4952,5
4953,10
4954,5
4955,30
4956,20
4957,5
4958,5
4959,5
4961,5
4962,5
4963,5
4965,10
4966,35
4967,5
4970,5
4972,5
4973,5
4974,5
4976,5
4978,5
4979,5
4980,5
4981,15
4982,5
4985,5
4986,5
4987,5
4988,10
4989,5
4990,5
4991,5
4992,45
4993,10
4995,20
4998,5
4999,5
5000,35
5001,10
5002,20
5003,5
5004,5
5005,5
5007,10
5008,10
5010,5
5012,5
5013,15
5015,40
5016,5
5017,15
5019,5
5020,20
5021,5
5022,5
5023,5
5024,5
5025,5
5026,15
5027,5
5028,5
5029,50
5030,10
5032,5
5034,5
5035,5
5036,5
5037,15
5039,5
5041,5
5043,10
5044,5
5045,5
5046,10
5048,5
5049,5
5051,10
5052,10
5053,5
5054,20
5055,5
5056,5
5057,5
5058,5
5059,5
5060,5
5061,15
5063,5
5064,25
5065,5
5066,5
5068,10
5069,5
5071,20
5072,25
5073,5
5075,5
5076,5
5077,5
5078,5
5079,5
5080,5
5081,5
5083,10
5087,30
5088,10
5090,10
5091,5
5092,5
5093,5
5094,5
5095,15
5096,5
5098,30
5099,5
5100,5
5101,50
5102,10
5103,5
5104,5
5105,25
5106,5
5108,5
5109,5
5110,15
5111,10
5112,45
5113,5
5115,10
5116,5
5117,5
5119,35
5120,5
5122,5
5123,5
5124,10
5125,15
5126,5
5127,5
5128,10
5129,25
5132,5
5134,15
5135,5
5136,5
5138,5
5139,10
5140,40
5141,10
5143,10
5144,5
5145,5
5146,5
5147,5
5149,15
5151,5
5152,15
5154,5
5156,45
5157,25
5160,15
5161,25
5162,5
5163,5
5165,5
5166,5
5167,5
5168,5
5169,15
5170,5
5171,30
5172,5
5173,5
5174,10
5175,5
5177,25
5178,5
5179,5
5180,5
5181,5
5182,5
5183,5
5184,10
5185,5
5186,40
5188,10
5190,5
5191,10
5193,5
5194,10
5195,30
5196,15
5197,15
5198,15
5199,5
5200,20
5201,5
5202,15
5203,15
5204,10
5206,5
5208,5
5209,45
5210,5
5211,10
5212,40
5213,5
5214,5
5215,45
5216,5
5217,45
5219,5
5220,5
5221,5
5222,5
5224,5
5225,10
5227,10
5228,5
5229,5
5230,5
5231,5
5232,5
5234,5
5235,5
5236,5
5237,5
5238,5
5239,25
5240,5
5241,50
5243,5
5244,25
5245,5
5246,5
5248,5
5249,5
5250,5
5251,5
5252,10
5254,5
5256,5
5257,5
5258,5
5259,5
5260,10
5261,5
5262,10
5264,5
5266,5
5268,30
5269,5
5270,5
5271,5
5272,20
5274,25
5275,5
5276,5
5277,5
5278,10
5279,10
5280,5
5281,5
5282,5
5284,5
5285,5
5286,5
5288,5
5289,5
5290,30
5291,10
5293,10
5294,5
5295,10
5296,15
5297,35
5298,10
5299,5
5302,5
5304,5
5306,10
5307,5
5308,5
5310,5
5311,5
5312,5
5313,10
5314,10
5316,15
5317,10
5318,40
5319,5
5321,5
5322,15
5323,10
5324,20
5326,5
5327,10
5329,10
5331,5
5332,5
5334,10
5335,20
5337,10
5338,5
5342,20
5343,5
5344,5
5347,5
5348,5
5350,5
5351,30
5352,20
5353,5
5354,10
5355,5
5356,5
5357,10
5358,5
5359,10
5362,5
5363,5
5365,45
5367,50
5368,30
5371,20
5372,10
5375,10
5376,5
5377,10
5378,5
5380,20
5381,5
5384,5
5385,10
5386,5
5387,10
5388,5
5389,10
5390,5
5391,5
5392,5
5394,5
5395,5
5396,5
5397,20
5398,10
5400,30
5401,5
5403,5
5405,5
5406,5
5407,5
5408,5
5409,10
5410,5
5412,30
5413,5
5414,5
5416,5
5417,10
5418,35
5419,15
5420,5
5422,5
5423,5
5424,5
5426,5
5430,5
5432,5
5433,5
5434,5
5435,5
5437,10
5439,5
5442,10
5443,5
5445,5
5446,5
5447,20
5449,5
5450,5
5451,5
5453,10
5454,5
5456,20
5457,10
5458,5
5459,5
5460,25
5462,5
5463,25
5464,45
5465,10
5469,5
5471,5
5473,5
5474,5
5475,5
5476,35
5477,5
5478,5
5480,10
5481,5
5482,10
5483,20
5484,15
5486,10
5487,10
5488,5
5489,25
5490,5
5492,5
5493,5
5494,10
5495,30
5497,5
5498,5
5499,5
5500,5
5501,5
5503,50
5504,5
5505,35
5507,5
5508,20
5510,50
5511,5
5512,20
5513,5
5514,45
5515,15
5516,5
5518,5
5519,5
5520,5
5521,10
5522,5
5523,10
5525,5
5526,5
5527,25
5529,10
5531,5
5532,5
5534,5
5536,35
5537,5
5538,5
5539,40
5540,5
5541,5
5542,5
5543,5
5544,5
5545,5
5546,5
5547,5
5548,5
5549,5
5550,10
5551,5
5553,5
5554,5
5555,5
5556,10
5557,10
5558,10
5559,5
5561,5
5562,5
5563,5
5565,10
5566,15
5567,5
5568,5
5569,10
5570,5
5571,10
5572,5
5573,5
5574,25
5575,15
5576,10
5577,5
5578,5
5580,35
5581,5
5582,5
5583,5
5584,5
5586,5
5588,10
5590,5
5591,5
5592,5
5593,5
5594,15
5595,5
5596,5
5598,20
5599,10
5601,5
5602,40
5603,5
5604,5
5605,5
5606,5
5608,5
5609,5
5610,5
5611,5
5612,5
5613,15
5614,10
5615,15
5616,10
5617,20
5618,5
5619,5
5620,10
5621,5
5622,5
5623,5
5624,5
5626,5
5627,5
5628,5
5629,5
5631,5
5632,5
5633,45
5635,35
5637,5
5638,5
5639,10
5640,5
5641,5
5642,5
5644,5
5645,5
5646,5
5647,5
5648,5
5649,5
5651,25
5652,20
5653,5
5654,5
5655,5
5656,5
5657,10
5658,45
5661,5
5662,30
5664,15
5665,5
5666,5
5667,5
5668,5
5669,5
5670,5
5671,5
5672,10
5673,5
5676,5
5677,5
5679,10
5681,5
5682,5
5683,5
5684,5
5685,30
5686,10
5687,10
5689,5
5690,45
5692,5
5693,5
5695,10
5696,5
5697,5
5698,10
5700,10
5701,5
5703,10
5704,5
5705,5
5708,5
5709,10
5710,5
5711,5
5712,35
5713,10
5714,10
5715,5
5716,5
5717,5
5718,10
5719,5
5721,5
5723,5
5725,5
5726,45
5728,15
5729,5
5730,5
5732,5
5733,5
5735,5
5738,10
5739,25
5742,5
5744,5
5746,5
5747,10
5748,45
5749,30
5750,20
5751,5
5752,10
5753,5
5754,15
5756,5
5758,40
5759,5
5760,10
5761,5
5764,20
5765,5
5767,5
5769,5
5770,5
5772,20
5774,5
5775,5
5777,25
5778,5
5780,5
5781,10
5782,10
5784,10
5785,5
5786,5
5787,10
5788,5
5789,5
5790,10
5793,5
5794,30
5795,5
5796,20
5797,5
5798,5
5799,10
5800,5
5804,5
5805,5
5806,5
5807,5
5809,5
5811,5
5812,5
5813,5
5814,5
5815,5
5817,5
5818,10
5819,5
5820,5
5821,5
5822,15
5823,5
5824,10
5825,5
5827,5
5829,5
5830,10
5831,5
5833,5
5834,5
5838,15
5840,5
5842,5
5843,5
5844,5
5845,5
5846,10
5847,5
5848,5
5849,5
5851,5
5852,5
5853,5
5854,5
5855,5
5857,5
5858,10
5859,10
5861,5
5863,5
5865,5
5866,5
5867,10
5869,5
5870,5
5871,5
5874,5
5877,5
5878,5
5879,5
5880,5
5881,10
5882,5
5883,10
5884,5
5885,5
5886,5
5887,40
5889,5
5891,5
5893,35
5894,5
5896,25
5897,5
5899,5
5900,5
5901,40
5902,40
5905,5
5907,5
5909,5
5910,5
5911,10
5912,5
5914,10
5915,5
5916,10
5918,25
5919,5
5920,5
5923,5
5924,15
5925,5
5926,5
5929,5
5931,5
5932,15
5933,5
5934,15
5935,5
5937,5
5938,10
5939,5
5940,35
5941,50
5943,30
5944,5
5945,5
5946,15
5949,5
5950,5
5952,5
5953,5
5955,5
5958,5
5959,30
5961,5
5962,5
5963,10
5964,5
5965,5
5966,5
5967,10
5969,5
5970,5
5972,25
5973,5
5974,5
5975,5
5976,20
5979,5
5980,5
5981,5
5982,5
5983,5
5985,5
5986,5
5987,5
5988,5
5989,5
5990,5
5991,35
5992,5
5993,5
5994,10
5995,5
5997,5
5998,5
6000,5
6002,5
6003,5
6004,5
6006,10
6008,5
6009,10
6010,5
6011,5
6012,5
6013,10
6014,10
6015,5
6019,5
6020,5
6021,10
6023,5
6024,5
6025,15
6026,5
6027,35
6028,5
6030,25
6031,15
6032,5
6036,10
6038,5
6039,5
6040,5
6042,5
6043,5
6044,5
6046,5
6047,5
6048,5
6050,10
6051,15
6052,15
6057,10
6058,5
6059,5
6060,5
6062,5
6063,20
6064,5
6065,5
6066,5
6069,5
6071,5
6072,5
6074,5
6075,10
6076,5
6077,5
6079,5
6080,5
6082,15
6083,5
6084,5
6085,40
6086,5
6087,10
6088,50
6089,45
6090,30
6091,5
6093,15
6094,5
6095,20
6096,5
6097,10
6098,20
6099,15
6100,50
6102,5
6103,5
6104,5
6105,30
6107,5
6108,5
6109,5
6110,5
6112,5
6113,15
6114,10
6116,5
6119,5
6120,25
6121,5
6122,5
6124,5
6125,20
6126,5
6127,15
6128,5
6129,10
6130,5
6131,15
6132,5
6133,15
6136,5
6137,5
6138,5
6139,40
6140,5
6142,5
6143,5
6144,5
6146,20
6147,5
6148,30
6150,5
6151,5
6152,5
6153,5
6155,5
6156,5
6157,5
6158,5
6159,15
6160,25
6161,5
6162,15
6163,15
6164,5
6166,15
6167,10
6169,10
6170,20
6172,10
6173,5
6174,35
6175,5
6176,5
6178,35
6179,5
6180,10
6181,5
6182,5
6183,5
6185,25
6186,5
6187,50
6189,10
6190,45
6192,5
6193,5
6195,5
6196,5
6198,5
6199,10
6200,5
6201,20
6202,30
6203,5
6204,15
6205,5
6206,50
6207,5
6209,10
6210,5
6213,20
6214,5
6217,5
6219,5
6220,5
6221,20
6222,15
6223,5
6224,5
6225,5
6227,5
6228,5
6230,25
6231,5
6232,15
6233,10
6234,5
6235,10
6236,45
6237,5
6238,5
6242,40
6244,10
6245,25
6247,10
6248,15
6250,5
6252,5
6253,20
6256,10
6257,5
6258,5
6259,20
6260,15
6262,10
6263,5
6265,5
6266,10
6267,10
6268,5
6270,15
6272,35
6274,5
6275,5
6276,5
6277,5
6278,5
6279,5
6280,5
6281,30
6282,5
6283,5
6284,45
6286,50
6288,5
6289,5
6290,15
6291,5
6292,5
6294,15
6295,5
6296,5
6297,5
6298,5
6299,5
6300,30
6301,5
6302,15
6303,10
6305,5
6306,5
6307,5
6308,15
6309,5
6310,5
6311,5
6312,5
6313,5
6314,50
6316,10
6317,50
6319,5
6320,5
6321,5
6322,40
6323,15
6324,5
6325,5
6326,5
6327,5
6328,5
6330,5
6331,35
6332,10
6333,10
6336,5
6337,5
6338,25
6342,15
6343,5
6344,20
6345,5
6346,5
6347,5
6350,5
6351,15
6352,5
6353,50
6354,5
6357,5
6359,15
6360,30
6362,10
6363,15
6364,30
6365,5
6366,5
6367,5
6369,5
6370,20
6371,20
6373,5
6374,5
6375,25
6376,15
6377,5
6378,15
6379,5
6380,5
6382,10
6384,5
6385,5
6387,5
6388,5
6389,5
6390,5
6391,45
6392,10
6393,10
6394,15
6395,5
6396,5
6397,5
6398,40
6399,10
6400,5
6401,5
6402,10
6403,30
6405,35
6407,5
6408,35
6409,35
6411,5
6412,5
6413,5
6414,10
6415,30
6416,10
6417,35
6418,5
6419,5
6420,5
6421,5
6422,5
6423,5
6424,5
6425,5
6426,40
6427,5
6430,10
6431,5
6433,5
6434,5
6435,5
6436,5
6437,30
6438,15
6439,5
6440,5
6442,5
6444,5
6445,5
6446,5
6447,5
6448,25
6449,5
6450,5
6451,5
6452,5
6453,5
6455,10
6456,5
6458,5
6459,20
6461,5
6462,5
6463,45
6464,15
6465,5
6466,10
6467,5
6468,5
6469,40
6470,5
6471,5
6473,5
6474,5
6475,5
6476,10
6477,20
6478,20
6479,10
6480,20
6482,5
6483,45
6485,5
6486,5
6488,5
6490,50
6491,5
6492,5
6493,5
6494,5
6495,25
6496,30
6497,10
6499,25
6500,5
6501,5
6502,5
6506,5
6508,5
6509,10
6510,5
6511,5
6512,10
6513,5
6514,10
6516,5
6517,15
6518,10
6519,10
6520,5
6521,5
6523,5
6524,5
6525,5
6526,15
6528,5
6529,20
6530,5
6531,5
6532,5
6533,10
6534,35
6535,15
6536,5
6538,10
6539,5
6540,5
6542,5
6543,5
6545,40
6546,10
6548,5
6550,5
6552,5
6553,5
6555,5
6556,5
6557,10
6558,45
6559,5
6561,15
6562,5
6563,5
6564,5
6566,5
6568,5
6569,5
6571,5
6572,15
6573,5
6574,25
6575,10
6576,5
6577,5
6578,25
6580,10
6581,5
6582,5
6583,5
6584,5
6585,5
6586,5
6588,10
6589,5
6590,5
6591,10
6592,5
6595,5
6597,5
6598,5
6599,10
6600,40
6601,5
6602,25
6603,5
6605,40
6606,5
6607,5
6608,20
6609,50
6610,15
6611,5
6612,5
6613,5
6614,5
6615,5
6616,5
6617,5
6619,40
6620,5
6623,25
6624,5
6625,20
6626,5
6627,10
6628,15
6630,5
6632,25
6633,5
6635,30
6636,5
6637,5
6639,5
6642,5
6644,5
6645,10
6647,30
6648,5
6650,5
6651,5
6652,5
6653,5
6654,5
6655,5
6656,5
6657,5
6658,10
6659,5
6661,30
6662,5
6663,15
6664,5
6666,5
6667,5
6668,10
6669,20
6670,5
6671,5
6672,20
6673,10
6674,10
6675,5
6676,10
6677,5
6678,5
6679,5
6681,5
6682,15
6683,5
6684,15
6685,5
6686,5
6687,5
6690,5
6691,5
6692,10
6693,5
6694,40
6696,15
6697,5
6699,5
6701,5
6702,5
6704,30
6707,10
6709,5
6711,5
6713,20
6716,5
6719,40
6721,5
6722,45
6723,5
6724,5
6725,5
6726,5
6727,5
6728,5
6731,15
6733,5
6734,5
6736,10
6738,5
6739,10
6741,45
6742,5
6743,30
6745,5
6747,5
6749,45
6750,10
6752,10
6753,20
6754,5
6755,5
6756,5
6757,5
6759,20
6761,5
6762,5
6766,5
6768,5
6769,5
6770,5
6771,5
6772,5
6773,10
6775,5
6776,15
6777,5
6779,5
6780,5
6782,5
6783,30
6784,15
6786,5
6789,5
6791,10
6792,5
6793,5
6794,5
6795,5
6797,5
6799,5
6800,5
6802,10
6803,5
6805,5
6806,5
6807,10
6808,5
6809,5
6810,5
6811,10
6812,5
6814,30
6815,5
6816,40
6818,10
6819,10
6821,5
6823,15
6824,5
6825,5
6826,5
6827,20
6828,10
6829,5
6830,5
6832,10
6833,5
6835,10
6836,10
6838,5
6839,5
6840,5
6842,5
6843,5
6845,15
6847,10
6848,5
6849,50
6850,5
6851,5
6852,20
6853,45
6854,40
6856,5
6858,5
6859,5
6860,5
6861,5
6862,5
6863,30
6864,5
6865,5
6866,30
6867,5
6869,5
6871,15
6872,10
6874,5
6875,5
6876,15
6878,15
6879,5
6881,30
6882,5
6883,5
6884,15
6885,25
6886,5
6887,10
6888,5
6889,25
6891,50
6892,5
6893,5
6897,5
6898,25
6899,5
6900,10
6902,5
6903,5
6905,20
6906,5
6907,10
6908,5
6909,5
6910,15
6911,5
6913,10
6915,25
6916,5
6917,5
6918,5
6920,10
6921,5
6922,5
6923,25
6924,10
6925,15
6928,5
6929,35
6930,5
6932,5
6933,20
6935,5
6936,5
6937,5
6938,5
6939,5
6942,15
6943,20
6945,20
6946,5
6947,10
6948,15
6949,35
6951,5
6953,5
6955,5
6956,5
6958,5
6959,20
6960,5
6961,5
6962,5
6963,10
6965,5
6967,5
6968,5
6969,5
6970,5
6972,5
6973,15
6975,5
6976,20
6977,5
6978,5
6979,5
6981,20
6984,10
6985,5
6986,5
6987,35
6988,5
6989,5
6990,15
6991,5
6993,5
6995,5
6996,5
6997,5
6998,5
6999,5
7000,20
7001,20
7002,35
7003,5
7004,5
7007,5
7008,5
7009,5
7010,10
7013,50
7015,5
7016,5
7017,5
7019,10
7020,15
7021,5
7024,5
7026,45
7027,5
7028,5
7029,5
7030,5
7031,5
7032,40
7034,5
7035,5
7037,10
7038,5
7039,5
7040,10
7041,5
7042,5
7043,10
7044,5
7045,5
7046,5
7047,5
7048,10
7050,25
7051,15
7052,5
7053,10
7054,5
7055,5
7056,35
7057,5
7059,5
7061,5
7063,15
7065,5
7066,5
7067,15
7068,15
7069,5
7070,10
7071,5
7073,25
7074,5
7076,5
7077,5
7078,5
7079,10
7080,5
7081,5
7082,5
7084,5
7085,5
7086,5
7087,20
7088,5
7089,10
7090,5
7091,10
7093,5
7094,25
7095,5
7096,5
7098,5
7100,15
7103,5
7104,10
7105,30
7107,35
7109,5
7110,30
7112,5
7113,15
7114,5
7115,5
7116,15
7117,5
7118,50
7121,5
7124,5
7125,20
7126,5
7127,5
7128,5
7129,5
7130,25
7132,10
7133,5
7135,10
7137,5
7138,40
7139,5
7141,10
7142,25
7144,10
7145,15
7146,15
7147,15
7148,5
7149,35
7150,5
7151,15
7152,5
7153,10
7155,5
7157,5
7159,10
7160,10
7161,35
7162,5
7163,10
7164,5
7165,35
7166,10
7167,5
7169,10
7170,10
7171,5
7172,25
7174,5
7175,5
7176,5
7177,5
7178,10
7179,15
7181,5
7183,5
7184,5
7186,5
7190,5
7191,5
7193,30
7194,10
7195,10
7196,5
7197,20
7199,50
7201,5
7203,10
7204,30
7205,10
7206,20
7207,5
7208,5
7209,5
7211,5
7212,10
7213,5
7214,15
7215,20
7216,5
7217,10
7218,20
7219,5
7221,5
7222,25
7223,5
7224,5
7225,5
7226,5
7227,20
7228,10
7229,15
7230,5
7232,40
7233,20
7235,20
7238,10
7239,10
7240,5
7245,5
7247,5
7248,25
7250,10
7251,25
7253,40
7254,5
7255,25
7257,5
7258,5
7261,5
7262,15
7264,5
7266,30
7267,15
7269,5
7270,10
7273,10
7274,5
7275,5
7276,5
7278,10
7279,10
7280,5
7281,5
7282,5
7283,5
7284,5
7286,5
7288,5
7289,35
7290,5
7292,5
7293,5
7294,10
7296,10
7297,5
7298,5
7299,5
7301,5
7302,5
7304,5
7306,5
7307,20
7308,5
7309,10
7311,5
7313,5
7314,5
7315,5
7317,5
7318,5
7319,5
7320,5
7321,5
7323,5
7325,50
7326,10
7327,5
7328,5
7329,5
7332,5
7333,5
7334,5
7336,15
7337,20
7338,5
7340,5
7341,5
7342,5
7344,5
7346,5
7347,15
7349,5
7351,5
7352,5
7353,5
7355,10
7356,5
7357,5
7359,10
7360,5
7361,10
7362,5
7363,5
7364,10
7366,5
7367,10
7368,5
7369,5
7370,5
7372,15
7373,5
7375,10
7377,10
7378,5
7379,5
7380,5
7381,5
7382,50
7383,5
7384,5
7385,5
7386,15
7388,10
7389,5
7390,50
7391,10
7392,10
7393,5
7394,10
7395,5
7396,15
7397,5
7398,5
7399,10
7400,10
7401,5
7403,5
7404,10
7405,5
7407,5
7408,5
7409,10
7410,5
7412,5
7413,5
7414,10
7415,5
7416,10
7418,5
7419,10
7421,30
7422,5
7423,5
7425,5
7426,5
7427,20
7428,5
7430,5
7431,15
7432,10
7433,15
7435,20
7436,5
7437,5
7438,5
7439,15
7441,5
7445,5
7447,10
7448,15
7449,5
7450,5
7452,20
7454,5
7455,5
7456,5
7457,5
7458,5
7459,20
7461,30
7465,5
7466,25
7467,5
7468,5
7469,5
7470,5
7471,5
7473,5
7474,5
7475,5
7476,5
7478,5
7481,15
7483,5
7484,5
7485,5
7486,15
7489,5
7490,5
7491,5
7492,5
7494,5
7495,5
7496,5
7498,5
7499,10
7501,15
7502,5
7503,5
7504,10
7505,5
7506,5
7508,20
7509,5
7511,5
7512,5
7513,5
7515,5
7516,5
7517,5
7518,5
7519,15
7520,5
7523,15
7525,5
7526,5
7527,15
7529,5
7530,5
7531,5
7534,10
7535,5
7536,5
7537,15
7538,10
7539,15
7542,5
7546,5
7548,5
7549,5
7550,20
7551,5
7552,5
7553,5
7554,5
7556,5
7558,5
7559,45
7560,5
7561,10
7565,5
7566,5
7568,10
7569,5
7570,5
7571,10
7574,5
7575,5
7576,5
7581,5
7582,10
7583,10
7584,10
7585,10
7586,5
7587,5
7588,5
7592,5
7593,5
7594,5
7595,10
7596,20
7597,5
7599,10
7601,50
7602,5
7603,30
7604,10
7605,5
7606,5
7607,5
7609,5
7610,10
7611,30
7613,5
7614,5
7615,50
7619,10
7620,25
7621,5
7623,10
7625,10
7626,50
7627,10
7628,10
7629,5
7630,15
7631,5
7634,5
7635,5
7636,10
7637,5
7639,5
7640,10
7641,10
7642,10
7643,10
7644,45
7645,5
7647,15
7648,5
7649,10
7651,5
7652,5
7654,10
7655,5
7657,5
7658,15
7660,15
7662,5
7663,40
7664,45
7665,5
7666,5
7669,5
7670,25
7671,5
7674,5
7675,5
7676,5
7677,10
7678,15
7680,5
7682,5
7683,5
7684,50
7686,5
7687,30
7689,5
7690,5
7691,10
7693,25
7694,5
7696,25
7697,5
7698,50
7699,10
7700,5
7702,45
7705,5
7706,10
7707,20
7708,5
7709,15
7710,5
7711,30
7712,5
7713,5
7714,5
7716,10
7718,5
7719,5
7721,5
7724,5
7726,5
7727,5
7728,10
7729,10
7730,5
7732,25
7733,20
7735,10
7739,5
7740,5
7742,10
7743,5
7745,20
7746,5
7747,5
7748,5
7750,5
7752,10
7754,5
7755,25
7756,5
7757,10
7758,5
7759,5
7760,5
7762,15
7763,30
7764,5
7765,10
7767,5
7768,5
7770,5
7771,15
7774,5
7776,10
7778,5
7779,5
7780,45
7781,5
7782,5
7783,5
7784,20
7785,5
7786,5
7788,5
7789,30
7790,5
7791,5
7793,5
7794,5
7795,25
7796,5
7797,5
7798,5
7799,5
7800,30
7801,5
7803,30
7804,5
7806,5
7807,5
7808,5
7810,15
7812,5
7813,5
7814,40
7815,5
7816,15
7817,10
7818,5
7819,5
7821,20
7823,50
7825,5
7828,10
7830,5
7832,5
7835,25
7836,5
7837,10
7838,15
7839,50
7841,5
7842,5
7843,5
7844,15
7845,5
7847,5
7849,5
7852,5
7853,5
7856,5
7857,25
7859,45
7860,10
7862,5
7863,10
7864,5
7865,45
7866,5
7869,5
7870,10
7872,10
7873,5
7874,20
7875,5
7876,20
7877,5
7878,10
7879,5
7880,5
7881,5
7883,20
7884,5
7885,5
7886,20
7887,5
7888,5
7890,10
7892,5
7893,5
7894,5
7895,10
7896,5
7897,5
7898,5
7899,5
7900,5
7901,5
7903,15
7904,5
7906,5
7907,10
7908,45
7910,5
7911,10
7912,5
7913,5
7914,5
7915,20
7917,35
7918,15
7921,5
7922,10
7924,5
7925,5
7927,10
7928,5
7930,25
7931,15
7932,10
7933,5
7934,5
7935,5
7936,5
7938,5
7939,15
7940,5
7941,5
7942,5
7944,10
7945,5
7946,10
7947,5
7948,5
7950,5
7951,10
7954,15
7955,10
7956,15
7957,40
7958,10
7959,35
7961,5
7962,20
7963,10
7964,5
7965,5
7966,5
7967,35
7968,10
7969,5
7971,10
7972,5
7973,5
7974,5
7975,5
7976,5
7979,5
7980,20
7981,20
7983,50
7984,5
7986,5
7987,5
7988,5
7989,5
7991,5
7992,20
7993,35
7995,10
7996,5
7999,5
8000,15
8001,5
8003,5
8004,5
8005,5
8006,25
8008,10
8009,5
8010,10
8011,5
8013,5
8014,45
8016,5
8018,5
8019,5
8021,5
8024,5
8025,10
8028,5
8029,10
8031,50
8032,5
8033,5
8034,5
8035,5
8037,5
8038,5
8039,5
8040,5
8041,5
8042,15
8043,5
8044,10
8047,5
8048,5
8049,5
8050,5
8051,10
8052,5
8053,5
8054,15
8055,5
8056,5
8057,5
8059,15
8061,5
8064,15
8065,5
8066,10
8069,5
8071,5
8072,5
8073,25
8074,45
8075,5
8076,5
8079,10
8082,50
8083,10
8085,35
8088,5
8089,35
8090,5
8092,25
8093,5
8094,5
8096,5
8097,15
8098,5
8099,10
8102,5
8103,5
8105,30
8106,10
8107,10
8109,5
8111,15
8112,5
8113,10
8115,5
8116,5
8117,5
8118,5
8120,5
8121,5
8122,5
8123,15
8124,5
8128,5
8132,10
8134,5
8135,5
8136,5
8138,5
8141,5
8142,15
8144,5
8145,50
8147,10
8150,25
8151,25
8152,5
8153,20
8154,10
8155,10
8156,5
8158,5
8159,5
8161,5
8163,10
8164,10
8165,5
8166,5
8167,5
8169,5
8170,10
8175,5
8177,5
8179,15
8180,5
8182,35
8184,10
8185,15
8187,5
8190,5
8191,5
8193,5
8195,15
8196,5
8198,45
8199,5
8201,5
8202,5
8204,5
8207,15
8208,10
8211,5
8212,5
8213,30
8214,15
8215,5
8216,10
8218,5
8219,10
8220,5
8221,5
8222,5
8223,5
8224,5
8225,5
8226,5
8227,25
8228,5
8229,5
8230,10
8231,5
8233,5
8235,5
8236,5
8238,5
8239,10
8240,5
8242,5
8244,10
8245,5
8247,35
8249,5
8250,10
8251,15
8252,5
8255,5
8256,50
8257,20
8258,5
8259,5
8262,10
8263,15
8265,5
8266,5
8267,20
8268,5
8269,10
8271,15
8272,40
8275,50
8276,25
8279,5
8282,10
8284,5
8285,25
8286,5
8287,5
8288,15
8289,25
8290,10
8291,5
8293,5
8294,5
8295,25
8296,15
8297,5
8298,5
8299,5
8300,5
8301,5
8303,5
8304,5
8306,10
8307,5
8309,5
8310,5
8312,5
8313,5
8314,5
8315,25
8317,5
8319,5
8320,15
8321,5
8322,15
8325,5
8326,5
8328,5
8329,5
8330,30
8332,5
8335,15
8337,25
8338,15
8339,10
8341,5
8342,5
8343,5
8344,5
8346,5
8347,5
8349,5
8350,50
8351,5
8352,35
8353,5
8354,5
8355,20
8356,40
8357,20
8358,5
8360,5
8361,5
8363,5
8364,10
8365,5
8367,30
8370,5
8371,5
8372,10
8373,5
8375,5
8376,5
8378,10
8379,5
8380,5
8383,5
8384,5
8385,5
8386,25
8387,5
8388,20
8389,10
8390,20
8391,5
8392,5
8393,5
8395,5
8396,5
8397,10
8398,10
8399,5
8400,5
8402,15
8404,10
8405,5
8406,5
8407,10
8409,5
8412,5
8413,5
8416,30
8417,10
8418,5
8419,5
8420,5
8421,5
8423,20
8424,5
8425,45
8426,5
8427,5
8429,30
8431,5
8434,10
8435,5
8437,20
8439,5
8440,20
8441,5
8442,5
8444,10
8445,5
8447,10
8448,5
8450,20
8451,5
8452,5
8454,5
8455,15
8456,10
8457,40
8458,10
8459,25
8461,5
8463,5
8464,5
8465,40
8466,30
8468,45
8471,5
8472,5
8473,5
8476,5
8477,5
8478,5
8479,15
8480,25
8481,5
8482,5
8484,5
8485,5
8486,5
8488,5
8489,5
8491,5
8492,5
8493,5
8495,45
8496,5
8500,5
8501,45
8503,5
8504,10
8506,10
8507,5
8509,5
8511,15
8512,5
8514,5
8518,5
8519,10
8520,5
8522,5
8523,30
8524,5
8525,5
8528,5
8529,5
8530,5
8531,5
8532,5
8534,5
8535,5
8537,5
8539,25
8540,10
8541,40
8542,10
8544,50
8545,15
8547,10
8548,5
8549,5
8550,5
8551,10
8552,5
8556,5
8557,5
8559,5
8560,5
8562,10
8563,5
8564,5
8565,5
8566,15
8567,10
8569,10
8570,45
8571,5
8572,10
8576,5
8577,5
8580,5
8581,15
8582,15
8583,5
8585,5
8586,5
8588,5
8589,5
8591,15
8592,5
8593,45
8594,25
8595,10
8596,5
8598,5
8601,5
8603,5
8604,5
8605,5
8606,5
8608,5
8610,5
8611,5
8612,5
8613,15
8614,5
8615,10
8616,5
8617,5
8621,5
8623,5
8625,5
8627,10
8631,45
8632,5
8633,5
8634,5
8636,5
8637,10
8639,35
8640,10
8641,40
8643,10
8645,10
8646,25
8648,5
8650,5
8651,5
8652,25
8653,5
8654,5
8655,50
8657,10
8658,5
8660,10
8661,5
8662,5
8664,35
8666,30
8668,5
8669,15
8672,5
8674,5
8675,5
8676,5
8678,5
8679,10
8682,15
8683,40
8684,20
8685,10
8687,10
8688,5
8689,5
8691,5
8692,5
8693,5
8694,5
8696,5
8697,5
8698,5
8699,5
8700,5
8701,5
8703,10
8704,5
8705,5
8708,10
8709,5
8711,5
8712,5
8714,40
8716,5
8718,25
8719,5
8721,5
8722,25
8723,5
8725,5
8726,5
8729,10
8730,5
8731,5
8732,15
8733,10
8734,10
8735,5
8736,5
8737,35
8738,5
8739,10
8740,5
8742,5
8745,10
8746,5
8748,5
8749,45
8750,5
8752,5
8753,5
8755,10
8758,50
8759,5
8760,15
8761,10
8763,5
8764,15
8766,20
8767,5
8769,15
8770,30
8771,5
8772,5
8773,30
8774,25
8775,5
8776,5
8777,5
8778,40
8780,5
8781,5
8782,5
8783,5
8784,5
8785,5
8786,5
8788,10
8790,20
8791,5
8792,5
8793,10
8795,5
8796,5
8798,5
8799,35
8800,5
8801,5
8802,5
8803,20
8804,5
8805,5
8806,5
8807,5
8808,50
8809,5
8810,15
8812,20
8815,5
8816,5
8818,10
8820,5
8822,5
8823,20
8824,10
8825,20
8827,5
8828,5
8829,5
8830,10
8831,10
8832,10
8834,5
8836,45
8838,15
8839,5
8840,10
8841,5
8842,5
8843,10
8845,30
8848,5
8849,5
8851,35
8852,30
8853,5
8854,5
8855,5
8856,10
8860,10
8861,5
8862,5
8864,5
8865,10
8866,10
8867,5
8868,5
8870,10
8871,5
8872,5
8873,5
8874,40
8875,5
8876,20
8877,5
8878,5
8879,10
8880,5
8882,5
8884,45
8885,5
8887,15
8889,10
8890,25
8891,20
8893,5
8895,10
8896,5
8898,5
8899,5
8900,5
8902,35
8904,5
8905,5
8907,35
8910,5
8911,20
8912,5
8913,5
8915,10
8916,15
8917,25
8918,25
8920,5
8921,5
8923,5
8924,5
8925,5
8926,5
8928,5
8930,10
8932,5
8933,5
8937,5
8938,5
8939,10
8940,5
8941,10
8942,15
8944,5
8946,5
8951,45
8952,5
8958,5
8961,5
8962,5
8963,10
8964,5
8966,5
8967,5
8970,10
8971,5
8972,10
8974,15
8975,15
8977,10
8978,5
8979,20
8980,5
8981,10
8982,5
8984,5
8985,5
8986,5
8987,5
8988,5
8989,35
8991,5
8992,5
8993,10
8996,15
8997,5
8998,5
8999,5
9000,10
9001,10
9002,10
9003,5
9004,30
9005,5
9006,5
9009,10
9011,5
9012,20
9013,5
9016,10
9017,5
9019,20
9021,5
9024,5
9027,50
9028,5
9031,25
9032,30
9033,10
9035,5
9036,10
9037,10
9038,5
9039,5
9041,10
9044,5
9047,10
9049,15
9050,15
9052,5
9053,5
9054,5
9055,5
9056,5
9057,5
9058,10
9059,35
9060,25
9061,5
9062,20
9063,5
9064,10
9067,5
9070,30
9071,5
9072,5
9073,10
9075,20
9076,5
9078,5
9081,5
9082,5
9083,10
9085,15
9086,5
9088,5
9089,5
9090,10
9091,25
9094,10
9095,50
9096,5
9097,15
9098,5
9101,5
9102,10
9104,5
9106,25
9108,5
9109,10
9111,5
9113,5
9114,5
9116,5
9117,5
9118,5
9120,5
9122,5
9123,5
9124,15
9125,5
9127,10
9128,10
9129,20
9131,5
9132,5
9134,30
9138,15
9139,5
9140,5
9142,5
9143,5
9146,20
9147,10
9150,5
9152,5
9154,20
9155,5
9158,10
9160,10
9162,5
9164,10
9166,5
9168,20
9170,5
9171,10
9172,5
9174,5
9175,35
9176,5
9180,30
9181,5
9182,5
9183,5
9184,5
9187,25
9188,5
9193,10
9194,10
9196,15
9197,5
9199,5
9200,10
9201,5
9202,30
9203,10
9204,10
9205,5
9206,5
9207,5
9208,5
9212,15
9214,10
9215,10
9218,5
9219,5
9221,5
9222,10
9224,5
9225,5
9226,5
9228,5
9230,5
9231,5
9232,5
9233,5
9234,5
9235,10
9236,10
9238,5
9239,20
9240,10
9241,5
9242,40
9244,10
9245,5
9248,5
9249,5
9252,10
9255,5
9258,5
9259,5
9260,30
9262,10
9263,5
9264,15
9266,5
9267,10
9268,5
9270,5
9271,5
9273,10
9274,20
9275,5
9276,5
9277,5
9278,30
9279,10
9280,5
9281,5
9282,45
9283,5
9284,5
9286,5
9288,20
9289,5
9291,20
9292,5
9293,20
9295,15
9296,5
9297,5
9298,15
9299,5
9300,10
9301,5
9302,5
9303,5
9304,5
9305,15
9307,15
9308,45
9309,10
9310,5
9313,5
9316,5
9317,10
9319,10
9320,10
9321,5
9323,30
9326,5
9329,5
9330,5
9331,5
9332,5
9334,5
9335,5
9336,5
9338,35
9341,5
9348,10
9349,10
9352,5
9353,25
9356,5
9357,40
9358,5
9359,5
9361,5
9362,5
9363,10
9364,5
9366,20
9367,10
9368,40
9370,10
9372,10
9373,5
9377,10
9379,10
9380,5
9381,5
9383,5
9385,10
9387,10
9388,5
9389,15
9390,50
9393,5
9395,5
9396,5
9397,5
9398,5
9399,35
9400,30
9402,10
9404,15
9406,5
9407,40
9409,20
9412,10
9413,5
9415,5
9417,15
9418,5
9419,5
9420,5
9421,40
9422,5
9424,5
9425,10
9426,10
9427,5
9428,15
9430,5
9433,5
9435,15
9436,5
9437,50
9438,5
9440,5
9441,5
9445,5
9446,5
9447,5
9448,40
9449,50
9453,5
9455,5
9457,10
9458,15
9460,5
9461,5
9463,15
9465,5
9466,5
9467,5
9468,15
9469,5
9470,5
9471,5
9472,10
9473,5
9476,15
9477,5
9480,50
9482,5
9483,5
9484,5
9485,5
9487,15
9489,5
9491,5
9492,15
9493,15
9494,40
9495,15
9496,5
9497,5
9498,5
9499,5
9501,30
9503,5
9504,20
9505,5
9506,10
9507,15
9508,10
9510,5
9511,20
9512,45
9513,50
9514,5
9517,20
9518,5
9521,10
9525,5
9526,15
9527,5
9529,5
9530,10
9533,5
9535,5
9536,10
9538,30
9539,15
9541,30
9542,5
9543,20
9544,5
9545,10
9546,10
9547,5
9549,5
9553,15
9554,35
9556,5
9557,15
9558,5
9559,5
9564,10
9566,40
9567,10
9569,5
9572,5
9573,5
9575,5
9576,5
9577,5
9578,5
9580,5
9582,5
9583,5
9585,5
9586,5
9590,5
9592,5
9593,15
9595,5
9596,5
9598,15
9600,30
9601,5
9603,5
9604,5
9606,5
9607,5
9608,5
9611,5
9612,10
9615,5
9618,5
9619,5
9620,5
9621,10
9623,15
9624,20
9627,10
9628,10
9629,5
9630,5
9632,5
9634,5
9635,40
9636,35
9637,5
9638,5
9639,10
9640,5
9641,5
9644,10
9645,5
9648,25
9649,5
9650,5
9651,5
9652,5
9653,5
9654,5
9658,30
9660,5
9665,20
9666,5
9667,5
9669,10
9672,5
9673,40
9675,5
9677,5
9678,5
9681,5
9682,5
9683,5
9685,35
9687,10
9688,25
9689,25
9690,10
9693,5
9695,5
9696,10
9697,20
9699,5
9700,5
9701,5
9702,5
9703,5
9706,5
9707,5
9708,5
9709,5
9710,15
9712,30
9713,25
9714,15
9715,5
9717,45
9718,5
9719,5
9720,5
9723,5
9724,5
9725,5
9726,20
9727,5
9728,5
9729,5
9730,5
9732,5
9734,5
9735,5
9736,10
9738,5
9739,50
9742,10
9746,5
9747,10
9748,5
9750,5
9751,10
9752,5
9754,5
9755,5
9756,5
9759,5
9761,15
9762,5
9763,5
9765,5
9766,50
9768,5
9770,5
9771,10
9772,5
9773,5
9774,5
9775,20
9776,5
9777,20
9779,5
9780,25
9781,5
9783,10
9784,5
9786,5
9787,5
9788,5
9790,10
9791,5
9793,5
9795,5
9796,5
9800,20
9801,5
9802,5
9803,50
9804,5
9805,10
9807,20
9810,5
9811,5
9812,5
9813,50
9814,5
9816,5
9818,5
9819,5
9820,30
9821,30
9823,20
9824,10
9825,5
9826,5
9827,10
9828,10
9829,5
9831,5
9832,10
9833,5
9835,5
9837,5
9840,5
9841,10
9842,5
9844,10
9845,15
9847,5
9849,5
9850,5
9851,10
9852,35
9853,5
9854,50
9855,5
9857,5
9858,5
9861,5
9862,10
9863,5
9865,5
9866,5
9867,5
9868,35
9870,5
9874,5
9876,5
9877,10
9879,5
9880,5
9883,25
9887,5
9889,45
9890,5
9891,5
9892,5
9894,5
9895,10
9896,5
9897,5
9901,5
9903,5
9905,5
9907,10
9908,15
9910,5
9911,5
9912,45
9913,10
9914,50
9915,45
9916,5
9918,50
9920,5
9921,5
9922,25
9923,20
9924,40
9926,5
9927,5
9928,10
9931,10
9932,10
9935,10
9936,10
9937,5
9938,5
9939,35
9940,5
9941,5
9943,10
9945,5
9946,5
9947,10
9949,5
9950,5
9951,5
9953,5
9954,5
9956,25
9959,5
9960,25
9961,5
9962,5
9964,5
9965,15
9966,5
9967,5
9968,5
9969,10
9973,10
9975,5
9976,5
9977,10
9978,20
9980,5
9981,25
9982,10
9984,5
9986,5
9987,5
9988,5
9991,5
9992,30
9994,10
9996,5
9997,5
9998,15
9999,5
10000,20
10001,5
10002,15
10003,5
10005,5
10006,10
10007,5
10008,40
10011,20
10012,10
10014,10
10015,5
10017,15
10018,5
10019,25
10020,30
10021,5
10022,45
10023,15
10024,5
10027,10
10028,40
10030,20
10031,5
10032,5
10033,5
10034,5
10037,5
10038,15
10040,5
10042,5
10043,5
10045,10
10047,5
10048,10
10050,15
10053,5
10055,5
10056,5
10059,15
10060,5
10061,10
10062,5
10063,5
10066,5
10068,5
10070,5
10072,10
10073,15
10074,10
10077,10
10078,5
10079,10
10082,5
10083,5
10087,5
10089,5
10090,10
10091,5
10092,5
10093,10
10094,5
10096,5
10099,5
10100,5
10101,5
10102,10
10103,10
10105,5
10106,5
10107,10
10110,5
10112,10
10113,40
10114,5
10115,15
10116,10
10119,5
10120,5
10121,5
10122,15
10124,10
10125,15
10127,30
10128,5
10130,10
10132,5
10134,5
10137,5
10138,5
10140,5
10141,5
10142,10
10145,5
10148,5
10149,20
10151,5
10152,5
10156,10
10157,20
10158,5
10159,5
10161,10
10164,5
10165,5
10166,5
10168,10
10169,20
10171,35
10172,5
10173,5
10174,15
10176,10
10178,5
10179,10
10181,15
10183,5
10186,5
10193,10
10194,5
10197,10
10198,5
10199,5
10200,5
10202,5
10203,5
10204,35
10205,5
10206,5
10207,15
10209,20
10210,5
10211,15
10214,5
10215,10
10216,15
10217,5
10219,5
10220,5
10221,10
10223,5
10224,10
10225,10
10226,5
10227,10
10228,15
10230,5
10231,10
10232,10
10235,5
10236,5
10237,10
10239,5
10244,20
10246,20
10247,10
10248,10
10249,50
10250,5
10251,5
10252,15
10254,5
10255,5
10256,10
10257,5
10258,5
10260,5
10261,5
10262,35
10263,10
10264,30
10270,5
10271,5
10275,10
10278,5
10279,5
10280,20
10283,30
10284,5
10285,5
10286,5
10289,20
10290,5
10291,15
10292,40
10294,5
10295,5
10296,5
10299,5
10300,20
10301,5
10306,20
10308,10
10309,5
10311,5
10314,5
10315,30
10317,5
10318,5
10319,15
10321,50
10322,10
10323,5
10324,5
10325,5
10328,5
10329,20
10331,10
10332,30
10334,5
10335,5
10336,40
10338,5
10339,5
10340,5
10342,5
10345,5
10346,10
10348,45
10349,5
10350,20
10351,15
10352,5
10353,5
10354,5
10359,15
10360,5
10362,5
10364,5
10366,5
10369,10
10372,5
10373,5
10374,10
10376,40
10377,10
10378,5
10381,10
10382,5
10384,45
10386,5
10388,5
10389,15
10390,5
10391,5
10393,20
10394,5
10396,5
10398,5
10402,10
10403,5
10405,15
10407,5
10408,10
10409,5
10410,5
10412,5
10413,5
10414,5
10415,5
10416,5
10417,5
10419,15
10420,5
10421,5
10427,5
10428,5
10429,15
10430,5
10431,10
10432,10
10435,5
10436,5
10437,5
10438,5
10440,5
10441,40
10443,5
10444,5
10445,5
10446,5
10447,5
10449,10
10451,5
10453,10
10455,5
10456,5
10458,20
10459,5
10461,5
10462,5
10463,5
10466,5
10472,5
10473,5
10474,5
10475,10
10477,5
10478,5
10481,5
10482,30
10483,5
10484,5
10486,5
10487,5
10488,15
10490,5
10491,5
10493,5
10494,5
10496,20
10497,15
10498,5
10502,5
10503,10
10504,35
10505,10
10507,10
10508,10
10509,10
10510,15
10511,5
10513,10
10515,5
10518,10
10520,15
10522,5
10523,5
10524,10
10526,25
10527,5
10529,10
10530,10
10531,10
10532,30
10533,10
10535,5
10536,5
10537,5
10539,10
10541,5
10543,10
10544,5
10546,5
10548,5
10550,5
10553,35
10554,5
10556,5
10557,10
10559,5
10564,5
10565,5
10566,10
10567,5
10568,5
10569,5
10571,15
10572,15
10575,5
10576,5
10577,5
10578,20
10579,5
10581,5
10583,5
10584,10
10585,15
10587,5
10591,5
10593,5
10594,5
10596,5
10597,5
10598,10
10601,5
10603,5
10605,5
10607,5
10608,5
10611,5
10612,5
10614,5
10616,5
10618,10
10620,15
10625,5
10631,5
10632,5
10633,15
10636,5
10637,5
10638,15
10639,20
10641,5
10642,10
10643,10
10645,5
10649,15
10651,5
10652,5
10653,5
10658,5
10662,5
10669,5
10671,5
10672,10
10673,15
10675,10
10677,25
10678,10
10680,5
10681,5
10683,5
10684,5
10687,5
10689,5
10690,15
10691,5
10692,5
10697,5
10699,5
10703,15
10704,5
10709,5
10710,5
10712,15
10713,10
10714,45
10715,5
10717,15
10722,15
10723,5
10724,5
10728,5
10730,25
10731,5
10734,5
10735,5
10738,10
10739,5
10740,5
10742,5
10743,5
10745,5
10748,20
10749,40
10753,25
10754,5
10755,5
10756,15
10758,5
10759,20
10760,5
10761,30
10763,10
10764,5
10765,10
10766,5
10768,5
10770,15
10771,20
10773,20
10774,30
10775,45
10776,10
10779,5
10780,10
10781,5
10784,10
10786,10
10787,5
10788,5
10789,5
10791,5
10792,10
10799,20
10801,5
10802,10
10803,5
10807,5
10808,10
10809,10
10811,5
10812,5
10813,5
10814,5
10815,45
10816,5
10819,5
10821,5
10822,5
10823,5
10826,5
10827,10
10828,5
10830,5
10831,5
10833,30
10835,25
10836,10
10837,5
10838,5
10839,5
10840,40
10842,5
10844,5
10845,5
10846,5
10847,5
10848,5
10849,5
10851,5
10854,5
10855,5
10856,5
10858,5
10860,5
10861,10
10863,5
10864,5
10871,5
10872,5
10875,5
10877,15
10878,5
10879,10
10880,5
10882,5
10883,10
10887,5
10889,15
10892,15
10895,15
10896,25
10898,5
10899,15
10901,5
10902,5
10903,5
10905,5
10906,15
10908,20
10909,5
10910,5
10911,5
10915,40
10916,10
10917,5
10920,5
10921,20
10922,10
10923,10
10925,10
10926,10
10930,15
10932,5
10933,10
10937,25
10938,30
10939,5
10941,10
10943,5
10944,20
10945,10
10948,5
10949,5
10952,15
10953,5
10954,5
10955,10
10956,5
10958,5
10959,5
10962,5
10965,45
10966,15
10967,15
10970,10
10972,30
10974,5
10975,5
10976,10
10978,5
10979,5
10980,35
10982,5
10984,30
10985,5
10986,10
10987,5
10989,35
10990,5
10991,10
10992,5
10993,20
10994,5
10995,5
10996,5
11000,10
11002,5
11003,20
11004,5
11005,5
11006,25
11007,10
11008,5
11009,5
11010,15
11011,5
11013,25
11016,10
11019,5
11022,10
11023,15
11025,5
11027,10
11028,5
11031,10
11032,5
11033,5
11034,10
11035,10
11036,5
11037,5
11038,10
11040,5
11042,5
11044,5
11045,15
11046,5
11047,5
11048,5
11049,5
11052,10
11053,5
11059,5
11062,5
11063,10
11064,5
11065,5
11069,20
11070,5
11073,5
11074,5
11076,5
11077,10
11080,20
11089,5
11090,5
11092,10
11095,10
11096,10
11097,10
11098,35
11099,5
11100,20
11101,5
11102,10
11103,5
11104,5
11105,10
11107,35
11108,5
11109,5
11111,20
11112,40
11113,5
11114,10
11115,15
11116,40
11117,5
11118,5
11119,5
11120,40
11121,5
11122,5
11123,10
11125,5
11126,10
11129,20
11130,15
11132,5
11134,45
11135,5
11136,30
11137,15
11140,5
11141,15
11144,5
11146,5
11151,5
11153,5
11154,5
11155,5
11157,5
11158,15
11163,10
11164,5
11168,5
11169,5
11171,20
11172,5
11173,5
11174,5
11176,5
11179,5
11182,5
11184,5
11187,20
11188,5
11190,10
11191,5
11192,5
11193,5
11194,5
11197,10
11198,10
11199,5
11200,5
11202,5
11204,5
11205,5
11209,5
11210,10
11212,5
11214,5
11216,20
11218,5
11219,10
11221,5
11222,10
11223,20
11224,5
11229,5
11230,5
11232,20
11234,15
11236,15
11237,5
11240,5
11242,20
11244,5
11246,5
11249,5
11250,5
11251,40
11254,15
11260,5
11261,5
11263,10
11265,5
11266,10
11273,30
11278,30
11279,10
11283,5
11284,20
11288,5
11291,10
11293,5
11294,5
11297,10
11298,10
11299,5
11304,5
11306,5
11307,5
11308,5
11311,10
11312,25
11313,5
11314,5
11319,5
11321,5
11322,5
11324,5
11327,5
11329,30
11330,25
11332,40
11333,5
11334,10
11335,5
11337,5
11338,35
11340,10
11342,10
11343,5
11345,5
11346,5
11347,5
11348,5
11353,5
11357,50
11358,40
11359,15
11360,5
11363,5
11364,5
11369,5
11370,5
11372,5
11373,5
11376,20
11378,10
11380,5
11382,45
11383,15
11387,5
11388,5
11390,5
11391,20
11393,5
11396,5
11398,5
11400,5
11402,5
11404,5
11406,5
11407,5
11408,10
11411,10
11414,15
11416,10
11419,10
11420,5
11423,5
11424,5
11425,5
11427,5
11431,35
11432,5
11435,25
11437,5
11438,5
11439,15
11442,50
11443,10
11445,5
11446,25
11448,10
11450,5
11451,10
11455,30
11456,5
11457,5
11458,15
11459,20
11460,40
11461,5
11463,5
11464,5
11465,5
11466,10
11468,50
11472,10
11473,5
11477,5
11479,10
11480,5
11481,10
11483,5
11484,5
11490,5
11494,5
11496,20
11500,15
11502,10
11503,5
11510,5
11511,5
11513,5
11514,5
11515,5
11519,5
11522,35
11524,5
11526,5
11528,5
11529,35
11533,5
11536,5
11537,5
11539,5
11540,20
11541,15
11542,5
11543,40
11544,5
11545,5
11546,5
11547,15
11552,15
11554,30
11555,5
11556,5
11557,5
11558,5
11562,5
11563,5
11564,25
11568,10
11569,5
11575,5
11576,10
11578,5
11579,5
11580,5
11581,5
11584,10
11587,25
11588,5
11594,10
11595,5
11599,5
11600,10
11601,5
11603,45
11605,5
11607,15
11609,45
11610,5
11611,20
11616,10
11617,5
11619,40
11622,10
11625,5
11626,5
11627,5
11629,5
11631,5
11636,5
11639,5
11640,10
11644,15
11645,5
11647,5
11650,5
11651,5
11654,5
11655,35
11657,5
11658,25
11659,15
11662,10
11663,5
11665,20
11666,15
11669,15
11671,15
11673,5
11676,5
11679,5
11683,10
11688,5
11693,5
11695,5
11697,5
11698,10
11699,5
11700,45
11702,5
11705,5
11709,15
11710,10
11713,5
11716,5
11717,5
11720,10
11722,10
11723,5
11725,5
11728,10
11729,5
11731,10
11732,20
11733,5
11736,5
11737,5
11739,5
11743,5
11745,5
11746,25
11747,5
11749,5
11750,50
11754,30
11755,5
11756,5
11760,50
11761,5
11763,5
11766,5
11767,40
11769,10
11770,5
11771,5
11772,15
11774,15
11777,5
11778,45
11781,10
11782,15
11785,5
11786,5
11787,20
11788,5
11789,10
11793,10
11795,20
11796,15
11799,5
11802,10
11803,40
11807,15
11808,5
11809,5
11810,5
11811,15
11813,5
11817,5
11818,5
11820,5
11822,5
11824,5
11826,5
11827,15
11828,30
11833,5
11834,10
11835,45
11839,5
11840,10
11841,5
11843,5
11845,5
11847,5
11848,25
11849,5
11850,10
11851,5
11852,10
11854,15
11856,5
11857,10
11859,30
11862,10
11863,5
11864,5
11867,5
11869,10
11871,5
11874,10
11877,5
11880,10
11881,5
11888,5
11890,30
11892,5
11893,5
11895,5
11897,5
11899,5
11901,5
11903,5
11907,5
11909,5
11911,5
11913,5
11914,5
11915,5
11916,20
11917,10
11918,5
11919,5
11921,5
11924,25
11925,5
11926,5
11927,5
11929,5
11931,40
11933,20
11935,5
11940,35
11942,5
11945,5
11948,30
11949,35
11952,5
11954,10
11955,40
11957,5
11958,5
11959,5
11963,5
11964,5
11965,25
11967,5
11969,10
11970,5
11972,5
11975,5
11977,5
11979,5
11981,5
11983,5
11984,5
11988,50
11989,10
11992,5
11993,40
11994,20
11997,15
11998,5
11999,10
12004,10
12005,5
12006,20
12007,15
12009,5
12010,5
12012,5
12013,10
12015,5
12017,35
12021,10
12023,5
12024,20
12028,5
12032,5
12033,5
12035,5
12036,5
12039,25
12041,10
12044,45
12045,20
12052,5
12053,20
12054,5
12055,5
12056,5
12057,5
12059,5
12060,5
12061,50
12062,5
12063,20
12064,5
12066,15
12067,10
12068,5
12069,10
12070,5
12071,40
12074,5
12076,20
12077,5
12078,25
12079,5
12081,15
12083,10
12084,10
12088,10
12089,5
12092,20
12095,5
12098,35
12099,5
12103,20
12105,5
12106,15
12108,5
12109,5
12110,5
12111,5
12114,5
12115,20
12116,5
12118,5
12120,10
12125,5
12126,5
12128,10
12135,15
12138,15
12141,5
12145,5
12146,5
12149,15
12150,5
12151,5
12153,25
12155,5
12157,10
12159,30
12160,5
12163,5
12165,5
12167,10
12168,20
12170,20
12171,10
12172,5
12173,40
12174,5
12176,5
12177,40
12178,5
12180,5
12182,5
12183,10
12185,5
12187,30
12191,25
12192,5
12193,30
12194,20
12195,10
12196,10
12198,5
12200,5
12201,5
12203,20
12204,5
12207,5
12208,5
12209,5
12211,5
12214,5
12216,35
12225,5
12227,5
12228,15
12229,10
12231,15
12233,15
12234,5
12235,5
12237,5
12238,10
12240,20
12241,10
12242,10
12243,15
12244,20
12250,5
12251,5
12255,25
12263,35
12265,5
12266,5
12270,5
12273,10
12276,10
12279,10
12281,5
12282,5
12283,5
12284,5
12286,5
12287,15
12288,10
12294,5
12299,50
12300,15
12302,5
12304,5
12305,10
12306,5
12307,5
12308,10
12309,25
12310,40
12312,5
12316,20
12320,10
12321,5
12322,5
12324,5
12325,5
12327,15
12330,5
12331,10
12333,15
12335,10
12338,5
12343,5
12347,5
12349,5
12353,5
12354,15
12355,5
12356,10
12362,5
12363,5
12365,5
12371,5
12372,15
12375,15
12376,5
12378,5
12382,5
12384,45
12385,5
12386,5
12389,5
12390,5
12397,5
12398,50
12399,5
12400,10
12401,5
12402,5
12403,5
12405,5
12406,10
12407,5
12408,5
12409,15
12414,5
12415,50
12416,20
12417,5
12421,15
12422,5
12425,50
12426,5
12435,5
12438,5
12440,5
12443,5
12445,5
12446,40
12448,5
12449,5
12451,10
12452,10
12456,40
12457,5
12458,5
12459,10
12463,5
12464,5
12465,5
12467,5
12470,10
12471,5
12473,5
12476,5
12480,25
12481,5
12482,5
12483,10
12484,5
12485,5
12488,5
12490,5
12492,5
12493,15
12494,5
12496,50
12498,20
12499,5
12500,20
12507,5
12508,5
12512,25
12514,5
12515,5
12517,5
12518,10
12522,15
12527,5
12528,10
12533,10
12534,30
12537,5
12538,5
12541,25
12542,5
12543,45
12546,5
12547,5
12551,25
12553,5
12554,5
12561,25
12562,15
12567,5
12570,5
12571,10
12573,5
12579,5
12583,5
12587,5
12591,5
12593,5
12597,10
12598,15
12599,5
12600,45
12603,50
12604,5
12605,5
12611,10
12612,5
12613,35
12615,10
12619,10
12620,10
12624,25
12629,5
12633,5
12638,5
12640,5
12644,10
12649,5
12650,5
12654,5
12662,10
12663,5
12665,5
12666,5
12667,5
12670,5
12671,5
12677,10
12679,30
12680,5
12685,15
12692,15
12698,5
12699,20
12709,10
12710,5
12712,5
12713,35
12714,5
12717,5
12723,20
12726,5
12727,5
12730,5
12732,10
12735,5
12738,10
12739,5
12740,5
12741,5
12744,5
12745,5
12746,5
12752,5
12754,5
12756,5
12761,5
12762,30
12765,10
12766,5
12769,5
12770,5
12771,25
12772,5
12774,5
12775,5
12780,5
12782,5
12784,5
12790,10
12793,5
12795,5
12799,5
12802,10
12803,10
12806,15
12809,10
12813,5
12814,15
12815,5
12819,25
12822,10
12828,5
12830,20
12832,5
12870,5
12908,10
12913,5
12921,5
12934,5
12935,5
